600687 刚泰控股 日线
      日期	    开盘	    最高	    最低	    收盘	    成交量	    成交额
2007-01-11,4.70,4.98,4.61,4.80,5018441,24494580.000
2007-01-12,4.77,4.80,4.38,4.49,2879190,13509169.000
2007-01-15,4.44,4.64,4.43,4.62,2268352,10497354.000
2007-01-16,4.66,4.76,4.43,4.69,2855590,13413463.000
2007-01-17,4.66,4.75,4.47,4.59,2983451,13985548.000
2007-01-18,4.55,4.76,4.48,4.75,3076261,14481750.000
2007-01-19,4.75,4.93,4.75,4.89,5097953,25120032.000
2007-01-22,5.08,5.11,4.93,5.08,6180040,31429322.000
2007-01-23,5.09,5.37,5.02,5.27,5851790,30870240.000
2007-01-24,5.21,5.31,5.12,5.24,3441971,18194546.000
2007-01-25,5.20,5.20,4.85,4.87,3706551,18725956.000
2007-01-26,4.78,4.87,4.63,4.83,3026331,14586857.000
2007-01-29,4.86,5.23,4.86,5.12,3753951,19285184.000
2007-01-30,5.10,5.37,5.08,5.20,4232208,22307146.000
2007-01-31,5.21,5.37,4.83,4.86,4552997,23827480.000
2007-02-02,4.64,5.18,4.63,4.81,2869200,14512773.000
2007-02-05,4.84,5.01,4.84,4.95,1569546,7879162.000
2007-02-06,4.95,5.11,4.95,5.09,1575080,8056176.000
2007-02-07,5.09,5.14,5.03,5.12,2318984,11929830.000
2007-02-08,5.10,5.37,5.10,5.24,4472837,23831584.000
2007-02-09,5.23,5.48,5.23,5.34,3866947,21071832.000
2007-02-12,5.42,5.53,5.35,5.47,2645135,14608203.000
2007-02-13,5.50,5.53,5.38,5.49,3034443,16738749.000
2007-02-14,5.49,5.61,5.46,5.52,2930913,16401003.000
2007-02-15,5.53,5.63,5.51,5.59,3351854,18888912.000
2007-02-16,5.66,5.87,5.54,5.84,4520172,26071756.000
2007-02-26,5.80,6.09,5.77,6.07,3233708,19451768.000
2007-02-27,6.10,6.18,5.46,5.69,5908961,34661164.000
2007-02-28,5.88,6.27,5.87,6.27,13925547,86316128.000
2007-03-01,6.43,6.90,6.31,6.90,12989232,88163760.000
2007-03-02,6.66,7.01,6.54,6.65,6291996,42637304.000
2007-03-05,6.68,6.68,6.10,6.31,6084911,38923752.000
2007-03-06,6.27,6.43,6.11,6.32,2908261,18435482.000
2007-03-07,6.28,6.51,6.23,6.48,3210271,20595184.000
2007-03-08,6.44,6.57,6.31,6.53,2759036,18028936.000
2007-03-09,6.53,6.59,6.36,6.52,2932158,19206812.000
2007-03-12,6.53,6.89,6.48,6.82,4596011,31317676.000
2007-03-13,6.83,6.91,6.63,6.85,3986562,27402072.000
2007-03-14,6.77,7.41,6.53,7.19,7251492,51144404.000
2007-03-15,7.13,7.32,7.03,7.17,3702032,26731524.000
2007-03-16,7.19,7.20,6.68,6.81,4597625,32132196.000
2007-03-19,6.56,6.81,6.45,6.71,2569235,17340616.000
2007-03-20,6.71,7.00,6.68,6.82,2819368,19526176.000
2007-03-21,6.83,6.99,6.76,6.95,2853015,19859988.000
2007-03-22,6.99,7.65,6.99,7.49,8766606,65347144.000
2007-06-20,8.25,8.25,8.25,8.25,25005,208042.000
2007-06-21,9.08,9.08,9.08,9.08,44580,407907.000
2007-06-22,10.00,10.00,10.00,10.00,281253,2832218.000
2007-06-25,11.01,11.01,11.01,11.01,3291075,36465112.000
2007-06-26,12.12,12.12,9.90,9.94,24333419,249565536.000
2007-06-27,9.54,10.67,9.19,10.16,15562543,156529360.000
2007-06-28,9.93,10.57,9.33,9.47,11924908,121144616.000
2007-06-29,8.75,10.41,8.52,10.13,16148445,154356176.000
2007-07-02,11.15,11.15,11.15,11.15,4602596,51641128.000
2007-07-05,10.03,10.03,10.03,10.03,400900,4049090.000
2007-07-06,9.02,10.01,9.02,9.51,23697183,221637312.000
2007-07-09,8.93,10.01,8.55,9.82,20788782,188753536.000
2007-07-10,9.23,9.63,8.83,8.83,10542272,97187624.000
2007-07-11,8.38,8.58,7.94,8.09,10912053,89992576.000
2007-07-12,8.20,8.31,7.81,7.92,6300084,50832600.000
2007-07-13,7.90,8.03,7.65,7.81,4741613,37107308.000
2007-07-16,7.89,7.89,7.22,7.57,6135882,46608892.000
2007-07-17,7.42,7.79,7.25,7.64,5938329,45570400.000
2007-07-18,7.65,7.74,7.38,7.48,4569763,34684040.000
2007-07-19,7.49,8.24,7.49,8.24,12127068,97746320.000
2007-07-20,8.10,8.53,8.03,8.27,10576348,88389272.000
2007-07-23,8.17,8.69,8.17,8.51,7605935,64867036.000
2007-07-24,8.51,8.82,8.25,8.36,7636784,65404420.000
2007-07-25,8.38,8.47,8.31,8.43,4957020,41895660.000
2007-07-26,8.45,8.78,8.21,8.60,6527762,55828084.000
2007-07-27,8.58,9.39,8.40,9.23,9256542,84211240.000
2007-07-30,9.16,9.91,9.08,9.37,8960644,86213880.000
2007-07-31,9.42,9.63,9.08,9.43,5689916,53763748.000
2007-08-01,9.59,9.63,8.48,8.50,6543149,60089620.000
2007-08-02,8.29,8.82,8.23,8.62,5575176,48032408.000
2007-08-03,8.76,8.77,8.33,8.50,4074210,34798140.000
2007-08-06,8.50,8.77,8.39,8.61,3306715,28571268.000
2007-08-07,8.63,8.63,8.25,8.41,3819435,32245722.000
2007-08-08,8.51,8.72,8.09,8.49,3799644,32644134.000
2007-08-09,8.60,9.24,8.47,9.08,5316103,46967736.000
2007-08-10,8.93,9.38,8.84,9.31,8331902,77050544.000
2007-08-13,9.31,9.85,8.85,8.91,6841808,64637252.000
2007-08-14,8.83,9.08,8.51,9.01,4263197,37828444.000
2007-08-15,8.92,8.92,8.41,8.66,3561216,31037604.000
2007-08-16,8.46,8.80,8.32,8.63,2217553,19124016.000
2007-08-17,8.59,8.73,8.43,8.56,1928111,16717137.000
2007-08-20,8.67,8.88,8.67,8.82,2170571,19248652.000
2007-08-21,8.91,9.28,8.74,9.05,3823972,34968224.000
2007-08-22,8.92,9.38,8.79,9.17,3934344,36583556.000
2007-08-23,9.16,9.32,8.97,9.18,3407898,31345904.000
2007-08-24,9.18,9.90,9.13,9.72,9701637,93620976.000
2007-08-27,9.93,9.94,9.46,9.75,7038755,68818144.000
2007-08-28,9.78,9.78,9.33,9.47,3782926,36238472.000
2007-08-29,9.41,9.85,9.32,9.64,5354974,52210488.000
2007-08-30,9.65,10.41,9.63,10.10,6463054,65582552.000
2007-08-31,10.13,10.37,9.81,9.95,4586342,46244728.000
2007-09-03,10.01,10.36,9.91,10.05,4535522,46189080.000
2007-09-04,10.05,10.43,9.93,10.07,4329989,44543324.000
2007-09-05,10.23,10.23,9.63,9.73,4840791,48033752.000
2007-09-06,9.78,10.16,9.77,9.90,3559973,35702584.000
2007-09-07,9.83,9.83,9.19,9.40,3886136,37430640.000
2007-09-10,9.36,9.52,8.96,9.48,2559060,23851600.000
2007-09-11,9.43,9.70,9.23,9.34,4178762,39949520.000
2007-09-12,9.01,10.06,9.01,10.04,4794539,46435548.000
2007-09-13,10.03,11.05,9.92,11.05,9333013,100954440.000
2007-09-14,11.05,12.16,10.93,12.16,9059451,104442784.000
2007-09-17,12.17,13.38,12.16,13.38,4706167,61969736.000
2007-09-18,14.73,14.73,13.53,14.19,10295388,147350464.000
2007-09-19,14.16,15.45,13.61,14.33,6075461,87910448.000
2007-09-20,13.92,14.58,13.78,14.08,5151206,72830048.000
2007-09-21,13.94,14.11,13.14,13.74,4990880,68223168.000
2007-09-24,13.83,15.12,13.53,15.12,6839951,101576416.000
2007-09-25,14.93,14.93,13.60,13.83,6027438,85939024.000
2007-09-26,13.53,14.29,13.52,13.99,2246534,31272488.000
2007-09-27,13.98,14.49,13.73,13.80,1886660,26348964.000
2007-09-28,13.80,14.63,13.80,14.38,2089937,30089452.000
2007-10-08,14.74,14.74,13.93,14.30,1809720,25717964.000
2007-10-09,14.14,14.22,13.53,13.93,1009918,14116930.000
2007-10-10,13.93,14.22,13.73,13.85,1372923,19245864.000
2007-10-11,13.74,14.06,13.33,13.37,1693690,23186448.000
2007-10-12,13.57,13.68,12.03,12.87,2454333,31282856.000
2007-10-15,13.13,13.91,12.63,13.06,2064472,27758100.000
2007-10-16,13.07,13.91,12.76,13.83,2290555,31258908.000
2007-10-17,13.73,14.32,13.63,14.16,1802321,25381116.000
2007-10-18,14.33,14.38,13.55,13.81,1329099,18535412.000
2007-10-19,13.73,14.17,12.93,13.20,1457126,19661504.000
2007-10-22,13.03,13.42,12.83,12.91,795601,10425699.000
2007-10-23,12.49,13.32,12.42,12.83,865436,11136891.000
2007-10-24,12.83,13.29,12.78,12.86,767645,9995280.000
2007-10-25,12.88,12.98,11.63,11.75,1719163,20841692.000
2007-10-26,11.33,12.02,11.25,11.70,641126,7502779.000
2007-10-29,11.70,12.33,11.70,11.84,481373,5791950.000
2007-10-30,11.84,12.21,11.56,11.93,587917,6999464.000
2007-10-31,11.93,12.53,11.82,12.33,985006,12163551.000
2007-11-01,12.25,13.07,12.25,12.58,1070145,13693068.000
2007-11-02,12.69,12.91,12.28,12.62,678676,8653868.000
2007-11-05,12.11,12.68,12.11,12.52,526987,6587770.000
2007-11-06,12.62,13.78,12.38,13.78,2833019,38031248.000
2007-11-07,13.78,14.73,13.43,13.62,3334210,47615360.000
2007-11-08,13.44,13.85,12.98,13.12,1374928,18478216.000
2007-11-09,13.02,13.41,12.43,12.70,1181706,15117221.000
2007-11-12,12.23,12.82,12.03,12.62,829768,10472420.000
2007-11-13,12.89,13.58,12.53,13.20,1135035,14987350.000
2007-11-14,13.52,13.72,13.10,13.32,1037073,13934224.000
2007-11-15,13.42,13.63,12.83,12.92,844036,11172447.000
2007-11-16,12.63,13.12,12.63,12.86,494259,6341503.000
2007-11-19,12.95,13.52,12.84,13.44,947722,12697348.000
2007-11-20,13.48,13.72,13.08,13.57,1885976,25438912.000
2007-11-21,13.70,14.20,13.33,13.55,1406064,19524840.000
2007-11-22,13.42,13.81,12.93,13.18,903790,12126551.000
2007-11-23,13.09,14.23,13.09,14.00,2437995,33803856.000
2007-11-26,14.26,14.41,13.91,14.23,3007321,42908288.000
2007-11-27,14.30,15.22,14.04,14.93,5197696,77724248.000
2007-11-28,14.82,15.73,14.03,14.15,5515469,82825216.000
2007-11-29,13.94,14.59,13.53,14.25,2927784,41538072.000
2007-11-30,13.93,15.63,13.93,15.42,3927917,58905104.000
2007-12-03,15.42,15.85,14.95,15.51,3521541,54593184.000
2007-12-04,15.59,15.59,14.95,15.18,2358512,35883496.000
2007-12-05,15.18,15.41,14.93,15.10,1792530,27190104.000
2007-12-06,15.13,16.62,15.10,16.62,7252206,117832976.000
2007-12-07,16.52,16.88,15.93,16.49,4755556,78199184.000
2007-12-10,16.13,16.89,16.07,16.69,3900581,64461644.000
2007-12-11,16.73,18.35,16.53,17.53,6580216,116536584.000
2007-12-12,17.53,18.08,17.01,17.88,2898095,51293008.000
2007-12-13,17.88,18.31,16.09,16.14,4952987,84673536.000
2007-12-14,15.91,17.32,15.18,17.09,4704364,77875640.000
2007-12-17,16.83,17.42,16.63,16.75,2507204,42674044.000
2007-12-18,16.69,16.99,15.83,15.93,2057737,33567260.000
2007-12-19,15.14,16.23,15.14,16.15,2217284,35252620.000
2007-12-20,16.15,16.58,15.83,16.46,1517076,24884608.000
2007-12-21,16.24,17.40,16.24,17.28,2245742,38509168.000
2007-12-24,17.73,17.73,17.03,17.17,2177696,38107088.000
2007-12-25,17.23,17.43,16.82,17.34,1671236,28685540.000
2007-12-26,17.32,17.32,15.94,16.48,7465581,123182344.000
2007-12-27,16.15,16.93,16.15,16.92,5508933,91721752.000
2007-12-28,16.93,17.53,16.62,17.10,4529018,77626896.000
2008-01-02,17.53,17.53,16.61,17.10,3776765,64618632.000
2008-01-03,17.10,17.52,16.61,16.66,4494602,76308720.000
2008-01-04,16.73,17.11,16.24,16.90,3668123,61160056.000
2008-01-07,16.87,17.49,16.44,17.38,4551072,78721760.000
2008-01-08,17.38,17.59,16.48,16.60,3110880,53075024.000
2008-01-09,16.65,17.13,16.63,17.06,2399397,40658032.000
2008-01-10,17.25,18.74,16.94,18.01,9217648,165451712.000
2008-01-11,17.63,17.91,16.73,17.11,6579262,113156672.000
2008-01-14,16.93,17.23,16.44,16.92,3365421,56580512.000
2008-01-15,16.75,17.23,16.53,16.67,2811311,47060992.000
2008-01-16,16.72,16.73,15.23,15.57,7109454,112619232.000
2008-01-17,15.53,16.10,14.81,15.12,3662567,56668764.000
2008-01-18,15.15,15.67,15.11,15.36,1762706,27170056.000
2008-01-21,15.38,15.78,13.83,14.11,2363187,35289868.000
2008-01-22,13.93,13.93,12.69,12.69,2561562,33358320.000
2008-01-23,13.23,13.43,11.93,13.13,2457992,31657970.000
2008-01-24,13.33,14.42,13.04,14.20,4121802,56801136.000
2008-01-25,13.98,14.43,13.73,13.78,2184336,30826608.000
2008-01-28,13.73,13.73,12.40,12.40,1921857,24531840.000
2008-01-29,11.93,12.59,11.73,12.40,1614668,19687276.000
2008-01-30,12.45,12.72,11.95,12.30,1227332,15264730.000
2008-01-31,12.30,12.50,12.01,12.02,792585,9730830.000
2008-02-01,12.13,12.23,10.93,11.09,1593231,18176552.000
2008-02-04,11.44,12.21,11.24,12.21,699579,8487315.000
2008-04-25,10.98,12.21,10.98,11.34,8903558,102890728.000
2008-04-28,10.93,10.93,10.20,10.20,3427899,35528792.000
2008-04-29,9.43,10.14,9.28,9.83,4821349,47397180.000
2008-04-30,9.85,10.74,9.85,10.60,5273889,55144532.000
2008-05-05,10.66,11.36,10.65,11.35,3917334,43730240.000
2008-05-06,11.21,11.25,10.73,10.92,3548023,39227716.000
2008-05-07,10.73,11.59,10.71,11.35,4709573,53110472.000
2008-05-08,11.15,11.67,11.11,11.44,4252162,48599232.000
2008-05-09,11.46,11.56,10.43,10.79,4222616,46194584.000
2008-05-12,10.54,10.56,9.93,10.40,2976389,30775676.000
2008-05-13,10.08,11.39,9.85,11.05,3944878,41790552.000
2008-05-15,11.48,11.61,10.61,10.83,3030197,33818004.000
2008-05-16,10.63,11.00,10.52,10.83,1672114,17989098.000
2008-05-19,10.88,11.01,10.63,10.88,1641933,17942356.000
2008-05-20,10.88,10.97,9.87,9.93,1837415,19471538.000
2008-05-21,9.75,10.28,9.55,10.11,1552612,15467547.000
2008-05-22,9.93,10.23,9.88,10.04,1409864,14253915.000
2008-05-23,9.93,10.42,9.55,10.13,1607997,16271286.000
2008-05-26,10.18,10.18,9.48,9.56,1906594,18630884.000
2008-05-27,9.41,9.68,9.02,9.30,1578425,14853925.000
2008-05-28,9.37,9.51,9.08,9.44,1308427,12318798.000
2008-05-29,9.38,9.47,8.94,8.95,2150243,19839248.000
2008-05-30,8.95,9.29,8.83,9.04,1531394,13922912.000
2008-06-02,9.05,9.33,9.03,9.15,1408235,12969838.000
2008-06-03,9.21,9.21,8.88,9.02,1246833,11302558.000
2008-06-04,8.98,9.27,8.93,9.22,1859300,17009118.000
2008-06-05,9.30,9.30,8.84,8.89,1077880,9796858.000
2008-06-06,8.96,9.02,8.53,8.92,1285476,11403342.000
2008-06-10,8.43,8.44,8.02,8.02,1940896,15816921.000
2008-06-11,7.64,8.48,7.28,7.94,1941207,15100835.000
2008-06-12,7.86,8.24,7.61,7.97,1577368,12456764.000
2008-06-13,7.97,8.21,7.63,7.87,1736483,13973865.000
2008-06-16,7.87,8.66,7.83,8.66,8768440,75738968.000
2008-06-17,8.68,9.02,8.43,8.80,8095504,71530040.000
2008-06-18,8.75,9.31,7.99,9.10,6390134,56141348.000
2008-06-19,9.33,9.33,8.63,9.00,6502836,58874368.000
2008-06-20,9.23,9.91,8.38,8.66,12365779,114867960.000
2008-06-23,8.93,8.93,7.79,7.79,7333754,60922496.000
2008-06-24,7.79,7.79,7.00,7.07,7321610,52777544.000
2008-06-25,7.08,7.46,7.08,7.42,4368036,32261856.000
2008-06-26,7.39,7.77,7.18,7.63,5511045,41537168.000
2008-06-27,7.33,7.34,6.86,6.86,4053533,28870484.000
2008-07-01,6.91,7.14,6.17,6.17,3022920,19960704.000
2008-07-02,6.17,6.29,5.81,6.07,2873050,17616558.000
2008-07-03,5.98,6.38,5.72,6.26,3272550,20318956.000
2008-07-04,6.22,6.36,6.03,6.14,2118223,13293301.000
2008-07-07,6.20,6.72,6.14,6.62,3910873,25509100.000
2008-07-08,6.61,6.79,6.43,6.73,3745393,25092746.000
2008-07-09,6.73,7.07,6.70,7.03,4069210,28410324.000
2008-07-10,6.91,7.09,6.74,6.75,3741667,26241830.000
2008-07-11,6.75,6.83,6.33,6.62,3156248,20997732.000
2008-07-14,6.61,6.86,6.50,6.84,2662788,18033198.000
2008-07-15,6.82,7.00,6.51,6.56,2808426,19180960.000
2008-07-16,6.51,6.55,5.90,6.10,2760337,17229040.000
2008-07-17,6.13,6.32,6.05,6.24,2403960,15027529.000
2008-07-18,6.32,6.71,6.15,6.68,2999075,19470156.000
2008-07-21,6.68,7.23,6.63,7.08,7321542,51556164.000
2008-07-22,6.93,7.08,6.83,6.96,4212341,29525760.000
2008-07-23,7.01,7.06,6.79,6.82,2562280,17835900.000
2008-07-24,6.82,7.11,6.82,7.02,2498503,17581106.000
2008-07-25,6.93,6.99,6.81,6.84,1962138,13649937.000
2008-07-28,6.85,7.05,6.85,6.92,1825147,12816986.000
2008-07-29,6.84,6.85,6.56,6.84,1976393,13433863.000
2008-07-30,6.88,7.32,6.88,7.29,6537473,47046592.000
2008-07-31,7.27,7.27,6.74,6.75,3939139,27882044.000
2008-08-01,6.67,6.80,6.36,6.69,2398927,16008760.000
2008-08-04,6.61,6.80,6.45,6.62,1529978,10208968.000
2008-08-05,6.61,6.83,6.54,6.64,1856844,12627330.000
2008-08-06,6.68,7.02,6.65,6.96,3429651,23813824.000
2008-08-07,6.89,7.29,6.89,7.28,5369027,38776256.000
2008-08-08,7.20,7.22,6.55,6.55,3783312,26250688.000
2008-08-11,6.27,6.27,5.89,5.89,2081218,12536643.000
2008-08-12,5.43,5.62,5.29,5.33,2067536,11355053.000
2008-08-13,5.32,5.73,5.06,5.44,1770037,9688083.000
2008-08-14,5.28,5.52,5.24,5.29,1050318,5710393.000
2008-08-15,5.33,5.42,5.05,5.34,1439825,7689321.000
2008-08-18,5.25,5.31,4.80,4.80,1610353,8143708.000
2008-08-19,4.79,4.90,4.59,4.89,881500,4298344.000
2008-08-20,4.62,5.39,4.62,5.38,1865162,9794450.000
2008-08-21,5.24,5.41,5.08,5.24,1524885,8086317.000
2008-08-22,5.23,5.33,5.08,5.11,725456,3812663.000
2008-08-25,5.23,5.24,5.03,5.07,702046,3639024.000
2008-08-26,4.99,5.02,4.61,4.77,1122576,5452807.000
2008-08-27,4.71,4.97,4.71,4.92,1050564,5160979.000
2008-08-28,4.93,5.03,4.79,4.97,829244,4168332.000
2008-08-29,4.97,5.28,4.97,5.21,1307335,6874033.000
2008-09-01,5.74,5.74,5.64,5.74,4521262,26261530.000
2008-09-02,6.12,6.32,5.96,6.32,7685241,47970568.000
2008-09-03,6.32,6.72,5.96,6.19,9804669,61851896.000
2008-09-04,6.11,6.12,5.76,6.06,6839154,41111196.000
2008-09-05,5.83,5.93,5.55,5.73,4763181,27699940.000
2008-09-08,5.73,5.90,5.36,5.63,4803200,27170162.000
2008-09-09,5.70,6.08,5.63,5.86,7711733,45645020.000
2008-09-10,5.58,5.72,5.27,5.44,8874066,48822800.000
2008-09-11,5.23,5.30,4.89,4.89,5377742,27551880.000
2008-09-12,4.39,4.64,4.39,4.52,7301946,33038984.000
2008-09-16,4.14,4.38,4.06,4.09,3707220,15763240.000
2008-09-17,4.00,4.18,3.98,4.14,2862879,11861668.000
2008-09-18,4.14,4.56,4.14,4.56,8341115,37083968.000
2008-09-19,4.91,5.02,4.81,5.02,6462101,32509552.000
2008-09-22,5.31,5.53,4.93,5.45,8311002,44629360.000
2008-09-23,5.20,5.25,4.95,4.97,3961848,20571586.000
2008-09-24,4.89,5.16,4.81,5.04,2697294,13745315.000
2008-09-25,5.09,5.17,4.90,4.98,4109984,21003036.000
2008-09-26,4.98,5.07,4.60,4.79,3360617,16381730.000
2008-10-06,4.56,4.85,4.48,4.74,2707152,12821440.000
2008-10-07,4.53,4.78,4.49,4.66,1267949,6027886.000
2008-10-08,4.63,4.86,4.54,4.69,1776328,8553518.000
2008-10-09,4.79,4.82,4.35,4.40,1514998,7092181.000
2008-10-10,4.30,4.30,3.95,3.95,2915523,11933029.000
2008-10-13,3.83,4.11,3.74,4.10,1806135,7302476.000
2008-10-14,4.21,4.31,3.80,3.82,1462682,6093416.000
2008-10-15,3.78,3.90,3.74,3.83,963170,3737439.000
2008-10-16,3.70,3.73,3.54,3.57,1127606,4199568.000
2008-10-17,3.55,3.93,3.55,3.93,1812034,6886694.000
2008-10-20,3.88,4.12,3.83,3.97,2507940,10123100.000
2008-10-21,3.99,4.27,3.93,3.99,2459442,10266740.000
2008-10-22,3.96,4.07,3.83,3.85,1133057,4550335.000
2008-10-23,3.77,3.96,3.72,3.89,1046259,4112344.000
2008-10-24,3.89,4.01,3.89,3.90,1040920,4170572.000
2008-10-27,3.81,3.96,3.50,3.50,1243349,4646267.000
2008-10-28,3.43,3.63,3.27,3.48,1411375,4981822.000
2008-10-29,3.51,3.84,3.48,3.84,2853119,11005199.000
2008-10-30,3.96,4.03,3.65,3.66,3937262,15216128.000
2008-10-31,3.53,3.73,3.36,3.56,2022422,7301396.000
2008-11-03,3.43,3.53,3.39,3.47,1028959,3617912.000
2008-11-04,3.42,3.50,3.21,3.40,1028068,3541874.000
2008-11-05,3.41,3.56,3.41,3.54,1513453,5402028.000
2008-11-06,3.47,3.51,3.36,3.46,778963,2737500.000
2008-11-07,3.40,3.58,3.37,3.46,1439810,5151979.000
2008-11-10,3.49,3.80,3.49,3.72,2544929,9551097.000
2008-11-11,3.71,3.88,3.65,3.68,2770915,10647978.000
2008-11-12,3.62,4.06,3.62,3.90,4177601,16505105.000
2008-11-13,3.82,4.09,3.74,4.02,4561706,18364000.000
2008-11-14,4.06,4.21,3.99,4.18,4610549,19229978.000
2008-11-17,4.21,4.45,4.08,4.37,5048965,21831140.000
2008-11-18,4.29,4.50,3.93,3.93,4948404,21222540.000
2008-11-19,3.95,4.28,3.95,4.27,3409720,14293148.000
2008-11-20,4.20,4.63,4.11,4.45,5444586,24655288.000
2008-11-21,4.29,4.57,4.04,4.27,3886392,16948430.000
2008-11-24,4.28,4.41,4.16,4.18,2079299,9054764.000
2008-11-25,4.22,4.36,3.98,4.11,1710073,7111341.000
2008-11-26,4.11,4.16,3.98,4.10,1453346,6020767.000
2008-11-27,4.43,4.43,4.08,4.11,3144896,13547525.000
2008-11-28,4.02,4.10,3.93,4.02,1708698,6944490.000
2008-12-01,4.02,4.43,3.98,4.42,4072795,17591838.000
2008-12-02,4.28,4.55,4.23,4.35,4822459,21481768.000
2008-12-03,4.35,4.79,4.35,4.79,7857200,37038080.000
2008-12-04,4.93,5.17,4.63,4.69,9248033,45695500.000
2008-12-05,4.63,5.17,4.58,5.17,3968731,20326892.000
2008-12-08,5.44,5.69,5.38,5.69,16261413,92945888.000
2008-12-09,5.55,5.73,5.37,5.61,10094621,56575936.000
2008-12-10,5.58,6.07,5.44,5.73,11799963,68669952.000
2008-12-11,5.64,5.72,5.32,5.40,7564499,41993240.000
2008-12-12,5.33,5.44,4.85,4.98,6053850,31699352.000
2008-12-16,5.04,5.12,4.78,5.08,5259470,26499280.000
2008-12-17,5.11,5.60,5.09,5.26,13774480,75878872.000
2008-12-18,5.08,5.53,4.93,5.34,11066692,58918616.000
2008-12-19,5.32,5.51,5.18,5.32,7004305,37827264.000
2008-12-22,5.32,5.59,5.25,5.44,7081659,38847872.000
2008-12-23,5.50,5.50,4.89,4.92,6088616,31820816.000
2008-12-24,4.83,4.87,4.42,4.53,5486958,25835088.000
2008-12-25,4.55,4.85,4.51,4.81,4148047,19698642.000
2008-12-26,4.71,4.85,4.47,4.77,4570926,21750314.000
2008-12-29,4.74,5.14,4.64,5.07,7327830,36797540.000
2008-12-30,5.06,5.13,4.83,4.87,6328469,31829370.000
2008-12-31,4.94,4.99,4.54,4.63,3752779,18420560.000
2009-01-05,4.68,4.81,4.61,4.78,4140443,19833896.000
2009-01-06,4.78,4.96,4.69,4.95,3698938,18235858.000
2009-01-07,5.04,5.20,4.84,5.18,6544666,33247252.000
2009-01-08,5.09,5.14,4.88,4.93,4767712,24257424.000
2009-01-09,4.96,5.13,4.96,5.05,2906945,14863811.000
2009-01-12,5.11,5.27,5.04,5.11,4284744,22367362.000
2009-01-13,5.03,5.03,4.82,4.85,3602848,17919728.000
2009-01-14,4.92,5.02,4.75,4.99,2660391,13253138.000
2009-01-16,5.05,5.21,5.02,5.11,5928972,30822556.000
2009-01-19,5.18,5.21,4.92,5.01,3350667,17183572.000
2009-01-20,5.03,5.06,4.96,5.04,1957909,9963199.000
2009-01-21,4.99,5.23,4.98,5.15,4106773,21436118.000
2009-01-22,5.13,5.61,5.13,5.46,9019052,49104204.000
2009-01-23,5.37,5.48,5.11,5.16,6209439,32920934.000
2009-02-02,5.23,5.33,5.11,5.31,3045596,16138486.000
2009-02-03,5.28,5.51,5.23,5.47,6978645,38180268.000
2009-02-04,5.47,5.76,5.41,5.68,9777703,55205680.000
2009-02-05,5.63,5.68,5.39,5.52,6511317,36572164.000
2009-02-06,5.53,5.83,5.50,5.75,6533541,37675956.000
2009-02-09,5.83,6.08,5.71,5.95,10576216,63256612.000
2009-02-10,6.02,6.33,5.94,6.23,9616674,59922248.000
2009-02-11,6.16,6.30,6.01,6.12,9377633,58246344.000
2009-02-12,6.19,6.70,6.11,6.68,11745932,75949792.000
2009-02-13,6.73,6.87,6.44,6.71,14594954,98622624.000
2009-02-16,6.65,6.89,6.43,6.84,12215328,82459200.000
2009-02-17,6.75,6.75,6.33,6.60,9824435,64781480.000
2009-02-18,6.58,6.69,6.17,6.21,9311241,61271280.000
2009-02-19,6.31,6.45,5.94,6.43,7075251,44664052.000
2009-02-20,6.51,6.68,6.33,6.65,7901845,52225460.000
2009-02-23,6.63,6.78,6.51,6.77,8546210,57831696.000
2009-02-24,6.75,6.87,6.13,6.19,11280432,74700304.000
2009-02-25,6.23,6.33,6.00,6.19,5210446,32603256.000
2009-02-26,6.26,6.33,5.65,5.75,5240816,32454284.000
2009-02-27,5.70,5.70,5.17,5.17,5937647,32123828.000
2009-03-02,4.99,5.29,4.91,5.27,3306532,17345900.000
2009-03-03,5.15,5.48,5.01,5.44,5789464,31087238.000
2009-03-04,5.44,5.74,5.43,5.69,8391499,47498904.000
2009-03-05,5.73,5.73,5.41,5.61,6880399,39170908.000
2009-03-06,5.53,5.70,5.38,5.64,5089158,28722392.000
2009-03-09,5.63,5.74,5.28,5.42,4991623,28034238.000
2009-03-10,5.52,5.81,5.52,5.67,7128851,40873884.000
2009-03-11,5.72,6.00,5.58,5.81,9751367,57154616.000
2009-03-12,5.75,5.98,5.69,5.89,9863008,58728016.000
2009-03-13,5.95,6.10,5.83,5.94,11777092,70960512.000
2009-03-16,5.91,5.91,5.58,5.72,6262016,36099720.000
2009-03-17,5.71,6.06,5.66,6.03,6530678,38692416.000
2009-03-18,5.98,6.09,5.91,5.99,8294886,50336760.000
2009-03-19,5.98,6.13,5.95,6.07,6261495,38391280.000
2009-03-20,6.09,6.09,5.79,5.87,5044697,30227452.000
2009-03-23,5.81,5.99,5.81,5.93,5071455,30362580.000
2009-03-24,5.98,6.22,5.87,6.17,9397000,57414524.000
2009-03-25,6.12,6.20,5.91,5.93,7145318,44078292.000
2009-03-26,5.86,6.04,5.75,6.03,5858783,35004564.000
2009-03-27,6.01,6.12,5.98,6.08,6066750,37159176.000
2009-03-30,6.10,6.32,6.05,6.22,8780266,55354464.000
2009-03-31,6.08,6.57,6.05,6.46,12507758,80815936.000
2009-04-01,6.53,6.55,6.33,6.44,8387231,54360436.000
2009-04-02,6.47,6.52,6.26,6.28,8294704,53382680.000
2009-04-03,6.28,6.71,6.20,6.61,11868314,77686248.000
2009-04-07,6.61,6.75,6.45,6.73,9313305,62073324.000
2009-04-08,6.75,7.40,6.72,6.85,20082902,143337216.000
2009-04-09,6.66,7.35,6.53,7.28,15496379,109356672.000
2009-04-10,7.29,8.02,7.15,7.63,20995378,162690224.000
2009-04-13,7.71,7.79,7.45,7.55,11906584,91236824.000
2009-04-14,7.54,7.77,7.31,7.65,12899161,97919992.000
2009-04-15,7.61,8.03,7.47,7.66,11784016,92454048.000
2009-04-16,7.68,7.98,7.36,7.44,10250541,78337784.000
2009-04-17,7.34,7.41,6.94,7.06,8472607,61193144.000
2009-04-20,7.04,7.77,6.99,7.77,11749415,88799232.000
2009-04-21,7.67,7.83,7.43,7.74,10132637,78040816.000
2009-04-22,7.75,7.80,6.96,7.29,11247412,83201768.000
2009-04-23,7.15,7.36,7.01,7.33,6474976,46806792.000
2009-04-24,7.43,7.58,7.09,7.27,5923025,43917592.000
2009-04-27,7.18,7.26,6.73,7.08,6453107,45262392.000
2009-04-28,7.23,7.41,7.10,7.16,9996297,73130488.000
2009-04-29,7.13,7.31,6.88,7.24,7916503,56527268.000
2009-04-30,7.38,7.57,7.23,7.50,9465415,71073264.000
2009-05-04,7.55,7.93,7.43,7.83,10783021,84227736.000
2009-05-05,7.93,8.23,7.84,7.98,14023524,113534272.000
2009-05-06,7.95,8.11,7.75,8.07,10040924,80697384.000
2009-05-07,8.49,8.88,8.49,8.88,17601937,157102256.000
2009-05-08,9.03,9.33,8.58,8.63,24923218,225296720.000
2009-05-11,8.52,8.73,7.85,7.89,12637489,105541408.000
2009-05-12,7.73,8.22,7.67,8.20,7203272,58267164.000
2009-05-13,8.10,8.27,8.06,8.09,5709230,46936896.000
2009-05-14,8.08,8.20,7.99,8.13,3818730,31277060.000
2009-05-15,8.18,8.21,7.94,8.09,4477341,36324832.000
2009-05-18,8.08,8.51,7.98,8.41,7326038,61413452.000
2009-05-19,8.53,8.61,8.31,8.38,5638149,47861588.000
2009-05-20,8.38,8.48,8.16,8.21,4743081,39641444.000
2009-05-21,8.13,8.20,7.86,7.95,5159293,41548144.000
2009-05-22,7.95,8.41,7.95,8.17,5368361,44469432.000
2009-05-25,7.93,8.37,7.73,8.27,4985889,41025784.000
2009-05-26,8.25,8.55,8.23,8.26,4980750,42144700.000
2009-05-27,8.43,9.09,8.43,9.09,13597740,123935432.000
2009-07-02,10.01,10.01,10.01,10.01,222642,2244231.000
2009-07-03,11.02,11.02,11.02,11.02,285731,3168757.000
2009-07-07,12.13,12.13,12.13,12.13,1040172,12690098.000
2009-07-08,12.81,12.81,11.26,11.65,32119061,387913504.000
2009-07-09,11.26,11.64,11.08,11.36,15500729,176863056.000
2009-07-10,11.19,11.55,11.07,11.15,12100855,137705536.000
2009-07-13,11.10,11.36,10.97,11.33,9119565,102670400.000
2009-07-14,11.34,11.93,11.34,11.45,11080491,129480288.000
2009-07-15,11.48,11.64,11.27,11.47,8364880,96252408.000
2009-07-16,11.61,12.17,11.36,11.86,13181283,156536880.000
2009-07-17,11.73,13.05,11.64,13.05,19219763,241785728.000
2009-07-20,13.07,13.08,12.34,12.81,19231591,245107152.000
2009-07-21,13.01,13.18,11.75,11.87,15623049,194151568.000
2009-07-22,11.85,12.23,11.51,11.67,8914813,106154032.000
2009-07-23,11.64,11.73,11.36,11.57,6107612,70973104.000
2009-07-24,11.63,11.83,11.13,11.37,6062454,69765144.000
2009-07-27,11.36,11.80,11.31,11.70,6403164,74556856.000
2009-07-28,11.63,11.73,11.35,11.54,5817214,67147736.000
2009-07-29,11.57,11.57,10.38,10.79,9142123,100859392.000
2009-07-30,10.70,10.92,10.27,10.57,5420948,57277688.000
2009-07-31,10.67,10.93,10.59,10.90,5136642,55843672.000
2009-08-03,10.93,11.00,10.71,10.98,5915186,64336172.000
2009-08-04,11.03,11.03,10.63,10.85,4449519,48365176.000
2009-08-05,10.85,10.90,10.58,10.88,5414841,58516900.000
2009-08-06,10.81,11.11,10.38,10.91,8173635,88147184.000
2009-08-07,10.85,11.32,10.74,10.76,6715685,73902080.000
2009-08-10,11.01,11.03,10.59,10.69,4314215,46459308.000
2009-08-11,10.75,10.82,10.48,10.73,3611873,38872260.000
2009-08-12,10.73,10.73,9.84,9.88,4774349,49071100.000
2009-08-13,9.78,9.91,9.69,9.81,2760901,27225100.000
2009-08-14,9.81,10.08,9.11,9.17,4774061,45999072.000
2009-08-17,9.05,9.28,8.47,8.48,4201886,37568172.000
2009-08-18,8.40,8.86,8.40,8.76,4415821,38769172.000
2009-08-19,8.69,9.03,7.98,8.29,5487672,48209568.000
2009-08-20,8.28,8.68,8.23,8.63,3196614,27279256.000
2009-08-21,8.63,8.88,8.48,8.83,3916430,34331868.000
2009-08-24,8.82,8.96,8.68,8.91,3946086,35146188.000
2009-08-25,8.83,8.83,8.19,8.54,3906294,33661212.000
2009-08-26,8.48,9.40,8.40,9.40,4911072,45636600.000
2009-08-27,9.59,9.74,9.33,9.49,9937731,95485120.000
2009-08-28,9.31,9.34,8.83,9.02,4982120,45307804.000
2009-08-31,8.83,8.85,8.11,8.11,3597464,30403702.000
2009-09-01,8.05,8.93,8.05,8.93,7821824,70109944.000
2009-09-02,8.78,9.38,8.44,9.21,9722263,87670504.000
2009-09-03,8.93,9.51,8.93,9.39,8383900,78616152.000
2009-09-04,9.31,9.64,9.18,9.36,6811872,64375144.000
2009-09-07,9.43,9.73,9.35,9.53,6956955,66899840.000
2009-09-08,9.51,9.53,9.25,9.52,4928135,46668020.000
2009-09-09,9.48,9.54,9.16,9.41,4977239,46875188.000
2009-09-10,9.40,9.72,9.35,9.47,4676802,44861040.000
2009-09-11,9.41,10.37,9.25,10.07,12710858,126790160.000
2009-09-14,9.95,10.27,9.88,10.14,8574098,86837744.000
2009-09-15,10.13,10.26,9.91,10.13,5685935,57742404.000
2009-09-16,10.13,10.58,10.03,10.52,8658797,90408432.000
2009-09-17,10.48,11.01,10.33,10.95,9985196,108322352.000
2009-09-18,10.98,10.98,9.92,10.08,8563115,90018056.000
2009-09-21,9.96,10.18,9.59,9.97,4270757,42275788.000
2009-09-22,9.95,10.19,9.62,9.67,3249077,32458962.000
2009-09-23,9.54,9.78,8.99,9.14,4196536,39427340.000
2009-09-24,9.23,9.26,8.73,9.01,2638377,24066884.000
2009-09-25,8.93,9.32,8.93,9.11,1923007,17804992.000
2009-09-28,9.18,9.25,8.68,8.78,1786659,16107426.000
2009-09-29,8.84,8.92,8.23,8.62,2699409,23076376.000
2009-09-30,8.64,8.81,8.54,8.57,1878990,16457276.000
2009-10-09,8.71,9.07,8.71,9.04,2215709,19871132.000
2009-10-12,8.98,9.31,8.95,9.03,1999476,18353872.000
2009-10-13,9.01,9.28,8.92,9.23,2421347,22156984.000
2009-10-14,9.25,9.58,9.14,9.46,3005123,28456000.000
2009-10-15,9.53,9.62,9.28,9.34,2519318,23809030.000
2009-10-16,9.28,9.42,9.13,9.32,2222237,20823928.000
2009-10-19,9.33,9.68,9.26,9.62,3329885,31973056.000
2009-10-20,9.62,10.32,9.55,10.25,7482950,74136424.000
2009-10-21,10.15,10.38,10.01,10.15,7488577,76861776.000
2009-10-22,10.03,10.16,9.89,10.07,3857525,38836144.000
2009-10-23,10.08,10.43,9.96,10.38,4968629,51062064.000
2009-10-26,10.59,11.12,10.57,10.58,13320179,144480912.000
2009-10-27,10.29,10.30,9.93,10.15,6378745,65051740.000
2009-10-28,10.08,10.18,9.81,10.01,2899734,29165708.000
2009-10-29,9.87,10.00,9.68,9.71,2274868,22458592.000
2009-10-30,9.79,9.98,9.75,9.77,2326515,23140748.000
2009-11-02,9.68,10.08,9.53,10.06,3777387,37592520.000
2009-11-03,10.63,10.91,10.25,10.42,9740839,103588768.000
2009-11-04,10.31,11.47,10.25,11.24,17343063,192423312.000
2009-11-05,10.93,11.13,10.81,11.06,10889868,119912432.000
2009-11-06,11.03,11.13,10.83,10.88,6608558,72843072.000
2009-11-09,10.88,10.95,10.68,10.83,4676644,50804172.000
2009-11-10,10.94,11.02,10.78,10.84,3773043,41326248.000
2009-11-11,10.70,10.82,10.56,10.74,4065033,43673296.000
2009-11-12,10.83,10.98,10.74,10.78,4279961,46820904.000
2009-11-13,10.81,10.90,10.50,10.79,3919879,42290840.000
2009-11-17,11.04,11.11,10.88,10.98,7079939,78385536.000
2009-11-18,11.03,11.14,10.78,10.85,5765386,63555616.000
2009-11-19,10.82,11.13,10.82,11.10,7229502,80130448.000
2009-11-20,11.13,11.38,10.97,11.25,8302222,93673736.000
2009-11-23,11.35,11.38,11.13,11.34,7124889,80798240.000
2009-11-24,11.34,11.48,10.26,10.34,9071034,99954936.000
2009-11-25,10.21,10.66,10.11,10.58,5799975,60660356.000
2009-11-26,10.49,10.68,9.94,10.07,5263093,54604416.000
2009-11-27,9.96,10.16,9.61,9.72,4073295,40561140.000
2009-11-30,9.92,10.17,9.80,10.14,3166649,31968164.000
2009-12-01,10.46,10.58,10.24,10.45,4263118,44668428.000
2009-12-02,10.35,10.91,10.35,10.90,6422000,68990832.000
2009-12-03,10.91,11.28,10.74,11.20,10710386,119874864.000
2009-12-04,11.23,11.24,10.28,10.77,7388643,80630880.000
2009-12-07,10.73,10.91,10.58,10.81,4097683,44197220.000
2009-12-08,10.73,11.01,10.73,10.91,4673546,51149048.000
2009-12-09,10.72,10.97,10.66,10.86,3248984,35403400.000
2009-12-10,10.91,11.01,10.68,10.76,2357160,25552756.000
2009-12-11,10.70,11.26,10.63,11.22,5665355,62484760.000
2009-12-14,11.14,11.38,10.98,11.24,10603103,119609336.000
2009-12-15,11.18,11.23,10.85,11.05,5574496,61941192.000
2009-12-16,10.92,11.15,10.92,10.93,3798970,42150624.000
2009-12-17,11.03,11.08,10.41,10.67,4571704,48852264.000
2009-12-18,10.53,11.15,10.40,10.46,4422681,47645212.000
2009-12-21,10.47,10.55,10.33,10.52,2033687,21381808.000
2009-12-22,10.53,10.62,10.10,10.12,3039129,31470412.000
2009-12-23,10.12,10.53,10.08,10.31,1968983,20371788.000
2009-12-24,10.30,10.53,10.21,10.51,2740732,28755160.000
2009-12-25,10.51,10.66,10.33,10.52,2751658,29157560.000
2009-12-28,10.44,10.81,10.44,10.79,3767832,40541128.000
2009-12-29,10.85,10.91,10.59,10.90,3198541,34714616.000
2009-12-30,10.93,11.01,10.59,10.71,3927086,42443456.000
2009-12-31,10.75,10.75,10.53,10.65,4144095,44422224.000
2010-01-04,10.75,10.95,10.71,10.79,4131187,45065436.000
2010-01-05,10.74,10.82,10.54,10.74,2985304,32062324.000
2010-01-06,10.76,11.09,10.67,10.85,6311726,69382872.000
2010-01-07,10.86,10.89,10.23,10.35,5575746,59374632.000
2010-01-08,10.29,10.34,9.83,10.08,6433726,65059552.000
2010-01-11,10.13,10.31,9.92,10.14,3502245,35701588.000
2010-01-12,10.10,10.29,10.06,10.23,3129079,32050678.000
2010-01-14,10.07,10.29,9.94,10.27,4449424,45360108.000
2010-01-15,10.27,10.34,10.18,10.27,3612803,37357276.000
2010-01-18,10.26,10.46,10.15,10.42,3551164,36895376.000
2010-01-19,10.43,10.51,10.27,10.32,3165939,32932372.000
2010-01-20,10.34,10.41,10.01,10.05,3751716,38346208.000
2010-01-21,10.03,10.63,10.03,10.27,3776526,39116596.000
2010-01-22,10.14,10.21,9.66,9.71,3637269,36197104.000
2010-01-25,9.69,10.31,9.68,9.77,2273907,22746216.000
2010-01-26,9.75,9.85,9.15,9.20,2762480,26176944.000
2010-01-27,9.23,9.33,9.04,9.23,1450576,13440078.000
2010-01-28,9.22,9.80,9.22,9.62,2784777,26742280.000
2010-01-29,9.60,9.76,9.47,9.56,1682546,16243845.000
2010-02-01,9.63,10.12,9.44,9.92,3819096,37589896.000
2010-02-02,9.95,10.06,9.88,9.99,3539012,35491776.000
2010-02-03,10.01,10.41,9.85,9.98,6015257,60727908.000
2010-02-04,10.03,10.06,9.73,9.97,3477870,34498516.000
2010-02-05,9.73,10.41,9.67,10.29,9565465,97994984.000
2010-02-08,10.30,10.30,9.95,9.99,4731671,48202004.000
2010-02-09,9.93,10.16,9.63,9.70,3129383,31041454.000
2010-02-10,9.82,9.82,9.60,9.78,2138885,20895186.000
2010-02-11,9.73,10.05,9.73,9.84,3292493,32916564.000
2010-02-12,9.95,9.98,9.75,9.77,3046111,30176896.000
2010-02-22,9.77,9.85,9.66,9.72,1872842,18399680.000
2010-02-23,9.73,9.73,9.39,9.60,2323743,22362220.000
2010-02-24,9.58,9.76,9.51,9.75,2231747,21766684.000
2010-02-25,9.79,10.05,9.75,9.99,4485894,44811444.000
2010-02-26,9.99,10.12,9.88,9.99,3840017,38770064.000
2010-03-01,9.99,10.13,9.98,10.11,3700482,37563684.000
2010-03-02,10.06,10.21,9.93,10.20,4365692,44323648.000
2010-03-03,10.21,10.43,10.09,10.43,5954383,61584964.000
2010-03-04,10.46,10.59,9.98,10.05,6687059,69491016.000
2010-03-05,10.06,10.29,10.04,10.27,3639365,37364412.000
2010-03-08,10.25,10.48,10.19,10.38,4947019,51529368.000
2010-03-09,10.33,10.54,10.18,10.43,4351626,45595904.000
2010-03-10,10.46,10.51,10.04,10.17,3119316,32131040.000
2010-03-11,10.17,10.23,9.80,10.00,3159196,31731164.000
2010-03-12,10.01,10.04,9.69,9.71,1882389,18673672.000
2010-03-15,9.72,9.74,9.58,9.67,1653400,16076383.000
2010-03-16,9.65,9.87,9.61,9.85,1128416,11087436.000
2010-03-17,9.85,10.09,9.76,10.07,2149566,21644024.000
2010-03-18,9.93,10.37,9.90,10.30,6291963,64110348.000
2010-03-19,10.28,10.40,10.19,10.26,5263730,54523728.000
2010-03-22,10.27,10.45,10.24,10.38,4931009,51473488.000
2010-03-23,10.31,10.42,10.11,10.15,3116493,32011952.000
2010-03-24,10.11,10.31,10.11,10.16,2613114,26853658.000
2010-03-25,10.16,10.17,9.78,9.90,3705898,37022396.000
2010-03-26,9.88,10.03,9.75,9.84,3868630,38519756.000
2010-03-29,10.00,10.10,9.79,9.85,5104658,50918292.000
2010-03-31,9.86,10.10,9.79,10.03,4965570,49838368.000
2010-04-01,9.96,10.10,9.88,10.05,4762181,47928356.000
2010-04-02,10.01,10.27,10.01,10.19,5223122,53206600.000
2010-04-06,10.22,10.33,10.11,10.29,5305381,54591512.000
2010-04-07,10.29,10.32,10.18,10.22,3889318,40137636.000
2010-04-08,10.23,10.30,10.15,10.21,3640638,37446620.000
2010-04-09,10.22,10.47,10.15,10.38,6980891,72631640.000
2010-04-12,10.39,10.43,10.24,10.41,5564473,57923380.000
2010-04-13,10.37,10.48,9.73,10.01,5426387,55698236.000
2010-04-14,10.01,10.30,9.98,10.28,3101695,31750468.000
2010-04-15,10.21,10.36,10.04,10.12,3175861,32576706.000
2010-04-16,10.04,10.44,10.01,10.25,5138511,53260848.000
2010-04-19,10.22,10.51,9.89,9.91,7357141,76182608.000
2010-04-20,9.77,10.03,9.68,9.96,3794474,37707868.000
2010-04-21,9.96,10.45,9.88,10.39,8386712,87090960.000
2010-04-22,10.46,10.73,10.30,10.35,11067525,116997544.000
2010-04-23,10.36,11.24,10.36,10.85,17645398,191824944.000
2010-04-26,10.78,10.93,10.56,10.72,9185012,99237464.000
2010-04-27,10.64,10.89,10.03,10.32,6760822,70376448.000
2010-04-28,9.95,10.27,9.85,10.13,4433829,44967036.000
2010-04-29,10.15,10.28,9.88,9.94,4815023,49004352.000
2010-04-30,9.86,10.30,9.23,9.32,6254452,61170700.000
2010-05-04,8.98,9.61,8.95,9.22,3631686,33500888.000
2010-05-05,9.08,9.52,9.08,9.42,2659909,24922748.000
2010-05-06,9.37,9.55,9.08,9.12,4308146,40658760.000
2010-05-07,8.98,9.35,8.66,9.12,2952282,26946360.000
2010-05-10,9.09,9.73,8.95,9.28,2697264,25100888.000
2010-05-11,9.51,9.78,9.31,9.76,9443600,90938784.000
2010-05-12,9.55,9.60,8.93,9.07,4946919,46431380.000
2010-05-13,9.06,9.34,8.28,8.85,4943435,43590856.000
2010-05-14,8.79,9.08,8.43,8.97,3384493,30578976.000
2010-05-17,8.76,8.96,8.07,8.08,3186122,27347088.000
2010-05-18,7.99,8.16,7.59,7.98,3921070,31072860.000
2010-05-19,7.84,8.06,7.76,7.83,1726461,13785571.000
2010-05-20,7.92,8.01,7.66,7.76,2855566,22565680.000
2010-05-21,7.33,7.77,7.24,7.74,3172080,24116024.000
2010-05-24,7.74,8.10,7.74,8.00,3777198,30365354.000
2010-05-25,7.92,8.04,7.83,7.91,3153430,25184732.000
2010-05-27,7.91,8.18,7.82,8.06,3134573,25426368.000
2010-05-28,8.12,8.17,7.98,8.07,2841666,23120856.000
2010-05-31,8.03,8.14,7.80,7.83,2736757,22084052.000
2010-06-01,7.76,8.29,7.65,8.19,5253016,42442436.000
2010-06-02,8.08,8.40,7.83,8.08,3620736,29342142.000
2010-06-03,8.10,8.15,7.88,7.89,2372497,19207588.000
2010-06-04,7.84,7.84,7.63,7.77,1927097,15032557.000
2010-06-07,7.68,7.70,7.44,7.53,1885538,14394731.000
2010-06-08,7.51,7.72,7.51,7.65,1110122,8548650.000
2010-06-09,7.65,7.91,7.63,7.83,1899831,14861929.000
2010-06-10,7.82,7.91,7.75,7.84,1380115,10922702.000
2010-06-17,7.93,7.93,7.73,7.83,1254720,9902917.000
2010-06-18,7.76,7.97,7.71,7.80,2471901,19605210.000
2010-06-21,7.80,8.09,7.80,8.08,2431633,19610476.000
2010-06-22,8.06,8.35,7.99,8.21,5474505,45344680.000
2010-06-23,8.19,8.36,8.05,8.15,2801018,23065828.000
2010-06-24,8.09,8.73,8.01,8.49,5541605,46551288.000
2010-06-25,8.36,8.75,8.19,8.42,6814489,58108000.000
2010-06-28,8.40,8.43,8.01,8.04,4036668,33225668.000
2010-06-29,8.01,8.20,7.24,7.33,4202981,32344128.000
2010-06-30,7.28,7.33,6.94,7.05,1760108,12559598.000
2010-07-01,7.05,7.12,6.86,6.91,1381493,9710006.000
2010-07-02,6.93,7.13,6.73,7.06,1449237,10164115.000
2010-07-05,6.98,7.01,6.76,6.91,825091,5753473.000
2010-07-06,6.94,7.27,6.42,7.15,1711451,12178746.000
2010-07-07,7.08,7.20,7.08,7.16,1167127,8404104.000
2010-07-08,7.20,7.28,7.09,7.17,1541015,11203939.000
2010-07-09,7.08,7.41,7.08,7.33,1367691,10078207.000
2010-07-12,7.37,7.58,7.37,7.42,2044012,15400930.000
2010-07-13,7.34,7.37,7.19,7.28,1313974,9664131.000
2010-07-14,7.26,7.47,7.26,7.35,1144497,8529251.000
2010-07-15,7.38,7.46,7.13,7.15,1027833,7597717.000
2010-07-16,7.13,7.17,6.92,7.08,1252721,8879234.000
2010-07-19,6.95,7.33,6.95,7.30,964488,7022885.000
2010-07-20,7.30,7.89,7.30,7.78,3937747,30223204.000
2010-07-21,7.77,8.28,7.63,7.78,4162359,32889736.000
2010-07-22,7.73,7.82,7.65,7.82,2132325,16674241.000
2010-07-23,7.81,7.81,7.69,7.76,1533443,11983525.000
2010-07-26,7.76,7.88,7.73,7.80,1838676,14481274.000
2010-07-27,7.80,7.88,7.73,7.75,1233799,9708837.000
2010-07-28,7.75,8.16,7.72,8.14,4465299,35737392.000
2010-07-29,8.08,8.40,8.07,8.27,6115772,50891452.000
2010-07-30,8.28,8.32,8.03,8.22,2590171,21316068.000
2010-08-02,8.17,8.44,8.17,8.40,4851040,40811264.000
2010-08-03,8.44,8.58,8.12,8.13,3513398,29563164.000
2010-08-04,8.08,8.23,8.08,8.22,1560906,12835444.000
2010-08-05,8.21,8.31,8.15,8.25,1204863,10001119.000
2010-08-06,8.29,8.37,8.18,8.34,1749131,14653973.000
2010-08-09,8.31,8.46,8.28,8.44,2985172,25226264.000
2010-08-10,8.47,8.63,8.13,8.15,4649669,39462664.000
2010-08-11,8.04,8.23,8.02,8.22,2166241,17729972.000
2010-08-12,8.13,8.25,8.05,8.08,1508548,12386933.000
2010-08-13,8.08,8.21,7.99,8.19,1630948,13341126.000
2010-08-16,8.19,8.41,8.15,8.39,2676961,22448224.000
2010-08-17,8.45,8.48,8.33,8.42,3636925,30756104.000
2010-08-18,8.36,8.51,8.28,8.50,2871006,24354624.000
2010-08-19,8.50,8.61,8.39,8.56,4816388,41341688.000
2010-08-20,8.74,9.42,8.73,9.41,18586336,171110240.000
2010-08-23,9.10,9.73,9.01,9.37,11032550,103919216.000
2010-08-24,9.18,9.33,9.01,9.12,6276220,57824072.000
2010-08-25,9.00,9.20,8.69,8.73,4517836,40595168.000
2010-08-26,8.66,8.85,8.62,8.80,2318356,20385452.000
2010-08-27,8.91,9.18,8.88,8.97,3226363,29385980.000
2010-08-30,8.99,9.13,8.88,9.04,2829816,25664652.000
2010-08-31,9.03,9.19,8.90,9.05,3644953,33187408.000
2010-09-01,9.12,9.96,8.99,9.96,12868614,124767704.000
2010-09-02,9.96,10.73,9.73,9.98,18997357,193265216.000
2010-09-03,9.77,10.11,9.60,9.91,9993072,98863768.000
2010-09-06,9.83,10.23,9.75,9.93,5866363,58826824.000
2010-09-07,9.93,9.94,9.65,9.86,3139439,30949840.000
2010-09-08,9.83,10.22,9.79,10.11,5134815,51971356.000
2010-09-09,10.07,10.29,9.93,9.97,4625092,46863168.000
2010-09-10,9.93,10.61,9.89,10.36,6583506,68393288.000
2010-09-13,10.36,10.53,10.24,10.33,4007773,41693996.000
2010-09-14,10.41,10.68,10.26,10.62,5328101,56308480.000
2010-09-15,10.60,10.88,10.36,10.36,4293805,45851008.000
2010-09-16,10.33,10.33,9.74,9.77,5127010,51329232.000
2010-09-17,9.79,9.99,9.79,9.89,2112585,21092354.000
2010-09-20,9.83,10.04,9.76,9.92,1872171,18625630.000
2010-09-21,9.92,9.99,9.73,9.81,1242182,12300319.000
2010-09-27,9.93,10.03,9.76,10.02,1719256,17203356.000
2010-09-28,9.99,10.38,9.98,10.21,3210036,33118856.000
2010-09-29,10.25,10.38,9.88,9.92,1867565,18903050.000
2010-09-30,9.93,10.01,9.84,9.97,1517070,15166532.000
2010-10-08,10.18,10.33,9.98,10.02,3731216,38112336.000
2010-10-11,10.01,10.23,9.89,10.14,3844018,38848684.000
2010-10-12,10.06,10.19,9.98,10.09,2992165,30384340.000
2010-10-13,10.08,10.59,10.01,10.58,5150869,53638936.000
2010-10-14,10.49,10.51,10.04,10.08,4251541,43653416.000
2010-10-15,10.06,10.27,9.91,10.15,2585494,26285562.000
2010-10-18,10.04,10.20,9.46,9.54,4072312,40012044.000
2010-10-19,9.68,9.88,9.43,9.78,1739640,17029188.000
2010-10-20,9.53,9.93,9.44,9.76,2347473,23040912.000
2010-10-21,9.63,9.81,9.63,9.71,1429515,14007189.000
2010-10-22,9.71,9.92,9.61,9.77,2283730,22389220.000
2010-10-25,9.78,9.92,9.74,9.83,2407431,23845820.000
2010-10-26,9.83,9.90,9.57,9.80,3148396,30848008.000
2010-10-27,9.83,10.25,9.72,10.14,4181209,42510476.000
2010-10-28,10.24,11.11,10.03,10.89,10614776,112991328.000
2010-10-29,10.64,10.83,10.42,10.63,6205655,66241576.000
2010-11-01,10.63,10.82,10.46,10.76,4927095,53102016.000
2010-11-02,10.68,11.11,10.50,10.95,8313192,90328416.000
2010-11-03,10.83,12.05,10.64,12.05,17264990,203520288.000
2010-11-08,11.33,11.82,10.99,11.57,25379029,290447104.000
2010-11-09,11.29,11.39,10.97,11.05,14055918,157332080.000
2010-11-10,11.01,11.37,10.96,11.20,10248498,115782280.000
2010-11-11,11.13,11.30,10.93,10.94,8244624,92445040.000
2010-11-12,10.83,10.88,9.84,9.87,8897877,92323336.000
2010-11-15,9.85,10.01,9.69,9.98,4262867,42563316.000
2010-11-16,10.01,10.14,9.53,9.53,5244066,52022308.000
2010-11-17,9.53,9.56,9.14,9.21,3123757,29404948.000
2010-11-18,9.30,9.38,9.21,9.31,2244310,21041806.000
2010-11-19,9.32,9.50,9.22,9.45,2520720,23817832.000
2010-11-22,9.45,9.70,9.41,9.56,2828699,27268546.000
2010-11-23,9.53,9.82,9.47,9.78,4395110,42744844.000
2010-11-24,9.68,10.43,9.63,10.26,5783875,59133940.000
2010-11-25,10.32,10.33,10.08,10.18,3347108,34423936.000
2010-11-26,10.18,10.31,10.01,10.23,2698692,27591634.000
2010-11-29,10.22,10.81,10.13,10.46,5049244,53788916.000
2010-11-30,10.43,10.51,9.74,10.05,3553351,36078328.000
2010-12-01,9.86,10.23,9.86,10.14,1913575,19530476.000
2010-12-02,10.25,10.62,10.14,10.41,2952485,30767304.000
2010-12-03,10.41,10.44,10.18,10.29,2253723,23352564.000
2010-12-06,10.32,10.38,10.01,10.05,1948701,19964070.000
2010-12-07,10.16,10.26,9.97,10.15,1647978,16754566.000
2010-12-08,10.13,10.26,9.98,10.06,1413275,14401538.000
2010-12-09,9.98,10.01,9.65,9.72,2042044,20228172.000
2010-12-10,9.58,10.23,9.58,10.14,1695662,17051156.000
2010-12-13,10.14,10.31,10.14,10.27,1975913,20363504.000
2010-12-14,10.29,10.51,10.24,10.39,2913208,30383168.000
2010-12-15,10.32,10.42,10.19,10.27,2015808,20923600.000
2010-12-16,10.25,10.99,10.13,10.69,7775998,84148800.000
2010-12-17,10.56,10.87,10.48,10.79,3110439,33435500.000
2010-12-20,10.79,11.18,10.66,10.96,7268743,80235168.000
2010-12-21,11.09,11.09,10.79,11.02,3621275,39857280.000
2010-12-22,11.07,11.07,10.61,10.78,3541993,38543140.000
2010-12-23,10.79,10.98,10.60,10.63,2436735,26388124.000
2010-12-24,10.69,10.83,10.55,10.65,1565290,16855396.000
2010-12-27,10.73,10.87,10.38,10.39,1837225,19652772.000
2010-12-28,10.33,10.39,9.93,10.02,1568134,16100342.000
2010-12-29,9.93,10.14,9.93,10.14,1191477,12050610.000
2010-12-30,10.09,10.38,10.09,10.33,1267147,13047081.000
2010-12-31,10.41,10.57,10.32,10.51,1115256,11770283.000
2011-01-04,10.51,10.93,10.51,10.70,2508231,27129226.000
2011-01-05,10.66,10.80,10.53,10.77,1507906,16274487.000
2011-01-06,10.80,10.81,10.47,10.57,2057706,21981008.000
2011-01-07,10.54,10.94,10.53,10.70,1968300,21349510.000
2011-01-10,10.83,11.40,10.72,11.19,8399864,94223360.000
2011-01-12,11.16,11.19,10.86,11.04,3357227,37166800.000
2011-01-13,11.04,11.32,10.83,10.86,3182508,35586492.000
2011-01-14,10.88,10.89,10.33,10.46,2947401,31395840.000
2011-01-17,10.43,10.71,10.28,10.37,2242027,23679320.000
2011-01-18,10.46,10.65,10.34,10.56,1981264,20979840.000
2011-01-19,10.59,11.05,10.48,11.04,2904674,31737132.000
2011-01-20,10.93,11.27,10.85,10.93,4228679,47085596.000
2011-01-21,10.85,11.32,10.85,11.22,3989197,44800052.000
2011-01-24,11.33,11.90,11.23,11.45,7562105,88215920.000
2011-01-25,11.36,11.71,10.66,10.87,5320965,59840896.000
2011-01-26,10.84,11.21,10.73,11.20,2527901,28083768.000
2011-01-27,11.16,11.51,10.85,11.23,4791247,54515396.000
2011-01-28,11.13,11.38,10.82,11.38,5201461,58033600.000
2011-01-31,11.43,11.92,11.24,11.91,6417386,75108152.000
2011-02-01,11.91,12.02,11.65,11.93,4831625,57647408.000
2011-02-09,11.79,11.99,11.63,11.88,3801538,45066784.000
2011-02-10,11.88,13.08,11.88,13.08,11220108,145066144.000
2011-02-11,13.32,14.07,12.73,13.69,18614115,249267456.000
2011-02-14,13.73,13.77,13.25,13.57,9144416,123920992.000
2011-02-15,13.44,13.80,13.26,13.57,8489926,115660368.000
2011-02-16,13.51,13.78,13.28,13.67,7525045,102424232.000
2011-02-17,13.75,13.75,13.02,13.22,8308347,110789360.000
2011-02-18,13.01,13.52,12.84,12.87,7058843,93204608.000
2011-02-21,12.74,13.08,12.63,13.06,6075906,78904944.000
2011-02-22,13.06,13.12,12.30,12.31,6451183,81672720.000
2011-02-23,12.33,12.57,12.30,12.56,3829322,47811080.000
2011-02-24,12.55,12.81,12.51,12.74,3582830,45711752.000
2011-02-25,12.75,12.78,12.43,12.75,2713864,34381656.000
2011-02-28,12.59,13.21,12.56,13.07,4336501,56832776.000
2011-03-01,13.08,13.31,12.96,13.01,3491011,45967008.000
2011-03-02,13.06,13.35,12.88,13.20,3975561,52646296.000
2011-03-03,13.12,13.43,13.02,13.03,3428118,45570816.000
2011-03-04,12.95,13.10,12.46,12.76,4468979,57074536.000
2011-03-07,12.73,12.98,12.57,12.74,3482626,44720024.000
2011-03-08,12.73,13.15,12.60,13.13,3347914,43425888.000
2011-03-09,13.16,13.27,13.00,13.10,3120484,41164232.000
2011-03-10,13.10,13.10,12.67,12.81,2759731,35483252.000
2011-03-11,12.72,12.83,12.62,12.63,2479935,31709744.000
2011-03-14,12.41,12.58,11.96,12.08,5253177,64390220.000
2011-03-15,12.07,12.24,11.81,11.91,4627285,55581180.000
2011-03-16,11.89,12.13,11.85,12.02,2884031,34929240.000
2011-03-17,12.11,12.31,11.81,12.26,3401762,41436376.000
2011-03-18,12.28,12.40,12.14,12.21,2233750,27567644.000
2011-03-21,12.16,12.33,12.00,12.09,1978401,24097392.000
2011-03-22,12.11,12.47,11.92,12.45,3999868,48888440.000
2011-03-23,12.36,13.04,12.36,12.88,6193826,79155016.000
2011-03-24,12.88,13.83,12.75,13.51,8894833,118229520.000
2011-03-25,13.33,14.87,13.28,14.38,20968758,298774880.000
2011-03-28,14.23,14.43,13.73,14.07,15045445,211974848.000
2011-03-29,13.88,14.12,13.34,13.38,8369551,115601672.000
2011-03-30,13.26,13.34,12.87,13.01,4645430,61064284.000
2011-03-31,13.00,13.18,12.57,12.65,4103630,52983832.000
2011-04-01,12.75,13.08,12.63,13.04,3150609,40697452.000
2011-04-06,12.96,13.12,12.85,12.97,2991626,39056416.000
2011-04-07,13.18,13.42,12.96,13.34,3285702,43794184.000
2011-04-08,13.28,13.38,13.12,13.23,2346200,31219368.000
2011-04-11,13.23,13.73,13.08,13.19,3662115,49364368.000
2011-04-12,13.53,13.58,13.19,13.28,2312514,31045796.000
2011-04-13,13.29,13.29,12.94,13.18,2491037,32640148.000
2011-04-14,13.12,13.36,13.05,13.08,1960377,26007504.000
2011-04-15,13.12,13.62,13.12,13.51,4224336,57105728.000
2011-04-18,13.52,14.08,13.52,13.94,5444267,75919160.000
2011-04-19,13.94,14.36,13.68,13.83,6898275,97511616.000
2011-04-20,13.73,14.33,13.73,13.90,3575794,50377864.000
2011-04-21,13.94,14.70,13.94,14.50,6674840,96436440.000
2011-04-22,14.53,14.71,14.13,14.33,4382010,62892212.000
2011-04-25,14.24,14.42,13.63,13.69,4925826,69038416.000
2011-04-26,13.71,13.83,12.83,13.28,3779751,50603868.000
2011-04-27,13.41,13.50,13.14,13.35,1779569,23782656.000
2011-04-28,13.63,14.35,13.36,13.59,6604248,92563176.000
2011-04-29,13.53,14.23,12.91,14.08,4675007,64613916.000
2012-06-27,15.49,15.49,15.49,15.49,526678,8189843.000
2012-06-28,17.05,17.05,17.05,17.05,143236,2450768.000
2012-06-29,18.76,18.76,18.76,18.76,803784,15127215.000
2012-07-02,20.44,20.44,17.75,19.32,20574106,393574048.000
2012-07-03,18.74,20.06,18.45,19.63,11944672,231485824.000
2012-07-04,19.72,21.26,19.54,20.29,13187501,270389600.000
2012-07-05,19.76,20.58,19.64,19.67,9141728,184482304.000
2012-07-06,19.82,20.26,18.94,20.23,8464877,167287312.000
2012-07-09,19.84,21.13,19.71,20.21,9366940,191119088.000
2012-07-10,19.96,21.29,19.52,19.72,11059030,228832864.000
2012-07-11,19.04,19.06,17.74,17.74,9594152,173878496.000
2012-07-12,17.14,17.74,16.95,17.58,8618823,149900368.000
2012-07-13,17.49,18.09,17.24,17.73,6901018,122183672.000
2012-07-16,17.64,17.91,16.09,16.36,7573985,128037920.000
2012-07-17,16.20,16.96,16.13,16.92,5204771,87323992.000
2012-07-18,16.96,18.62,16.69,18.62,12020099,218514896.000
2012-07-19,18.44,19.19,18.19,19.02,9669567,181352512.000
2012-07-20,18.78,18.84,18.22,18.26,5478512,101289208.000
2012-07-23,17.74,17.84,16.77,16.80,5632120,97368296.000
2012-07-24,16.44,18.49,16.40,18.49,5199057,93044672.000
2012-07-25,19.05,19.38,18.09,18.13,8041604,151389584.000
2012-07-26,18.33,19.34,18.13,18.64,8149468,153829920.000
2012-07-27,18.45,18.69,17.54,17.84,5254313,95216152.000
2012-07-30,17.84,18.32,17.16,17.39,4308225,76371544.000
2012-07-31,17.07,17.80,16.84,17.67,3601837,62651664.000
2012-08-01,17.63,18.24,17.35,17.52,3583359,64063504.000
2012-08-02,17.19,18.14,16.64,18.04,5008541,86470424.000
2012-08-03,17.91,18.61,17.65,18.42,5099058,93118944.000
2012-08-06,18.17,19.11,18.04,18.90,5801142,108893256.000
2012-08-07,18.91,19.25,18.49,18.58,5957769,112626704.000
2012-08-08,18.49,20.22,18.39,19.68,11680364,229697888.000
2012-08-09,19.34,20.01,19.04,19.69,7928301,155103744.000
2012-08-10,19.44,19.91,18.71,18.73,6531600,125696432.000
2012-08-13,18.74,19.06,18.34,18.45,4241899,79329080.000
2012-08-14,18.47,18.74,17.73,18.68,4705522,86127680.000
2012-08-15,18.95,19.83,17.75,17.85,7744863,146896288.000
2012-08-16,17.26,17.69,17.09,17.29,4632790,80748664.000
2012-08-17,17.29,17.72,17.19,17.55,2351570,41116416.000
2012-08-20,17.41,17.60,17.12,17.35,2105891,36655504.000
2012-08-21,17.81,18.20,17.55,17.61,2915063,52082264.000
2012-08-22,17.42,17.91,17.22,17.37,2111567,37122320.000
2012-08-23,17.57,17.88,17.34,17.57,1998070,35286484.000
2012-08-24,17.54,17.90,17.39,17.68,2232440,39498984.000
2012-08-27,17.62,17.64,16.96,17.27,1360174,23620398.000
2012-08-28,17.24,17.70,17.24,17.54,1467946,25796970.000
2012-08-29,17.52,17.74,17.29,17.38,1994103,35036800.000
2012-08-30,17.30,17.63,15.75,15.84,3615994,60112604.000
2012-08-31,15.94,16.27,15.55,15.62,2893629,45994840.000
2012-09-03,15.65,16.07,15.65,15.98,2290048,36552696.000
2012-09-04,15.95,16.17,15.63,15.66,1696775,27000688.000
2012-09-05,15.76,15.94,15.27,15.93,1876056,29427186.000
2012-09-06,15.94,16.10,15.72,16.04,1235318,19742376.000
2012-09-07,16.11,16.90,16.05,16.60,3449648,57190332.000
2012-09-10,16.82,17.14,16.69,16.88,2439619,41369124.000
2012-09-11,16.70,16.92,16.58,16.79,1843592,30943410.000
2012-09-12,17.14,17.61,17.01,17.19,3759555,65299512.000
2012-09-13,17.10,17.22,16.50,16.54,2038763,34624004.000
2012-09-14,17.52,18.20,17.24,17.38,6884670,122697472.000
2012-09-17,17.38,17.90,17.24,17.28,4506089,79549360.000
2012-09-18,16.57,16.91,16.37,16.44,3470130,58023688.000
2012-09-19,16.49,17.69,16.49,17.41,3170111,54337144.000
2012-09-20,17.12,17.90,16.94,17.07,4666990,81902080.000
2012-09-21,17.07,17.90,16.99,17.63,5095463,89999584.000
2012-09-24,17.31,18.48,17.24,18.45,5842550,105060016.000
2012-09-25,18.15,18.70,17.81,17.92,4599110,83747112.000
2012-09-26,17.73,17.87,16.88,17.06,3797026,65753568.000
2012-09-27,17.12,17.77,16.89,17.63,4000384,69992848.000
2012-09-28,17.69,18.14,17.56,17.97,4292307,77234728.000
2012-10-08,17.84,17.99,17.38,17.62,1770100,31321636.000
2012-10-09,17.54,17.79,17.54,17.73,2168451,38442208.000
2012-10-10,17.54,17.73,17.15,17.66,2124023,37144976.000
2012-10-11,17.56,17.78,17.29,17.32,2160417,38053528.000
2012-10-12,17.59,17.59,17.11,17.18,1388266,24097636.000
2012-10-15,16.95,16.95,16.49,16.67,2402877,40188420.000
2012-10-16,16.51,16.77,16.50,16.64,1306234,21807444.000
2012-10-17,16.69,17.00,16.64,16.99,1233104,20898104.000
2012-10-18,17.01,17.14,16.89,17.05,1166553,19932604.000
2012-10-19,16.98,17.16,16.94,16.96,906554,15452809.000
2012-10-22,16.92,16.92,16.56,16.78,949280,15921236.000
2012-10-23,16.66,16.90,16.66,16.73,904615,15244568.000
2012-10-24,16.64,16.73,16.41,16.41,1552460,25706964.000
2012-10-25,16.51,16.51,16.04,16.14,1532202,24960688.000
2012-10-26,16.07,16.22,14.90,15.21,2748476,42511444.000
2012-10-29,15.19,15.19,14.97,15.09,960302,14511504.000
2012-10-30,15.26,15.82,15.24,15.78,1460047,22769560.000
2012-10-31,15.84,15.88,15.55,15.64,747747,11722037.000
2012-11-01,15.60,16.19,15.60,16.08,1204475,19359532.000
2012-11-02,16.07,16.19,15.98,16.12,970764,15688731.000
2012-11-05,15.97,16.42,15.77,16.36,1057005,17027332.000
2012-11-06,16.34,16.34,15.65,16.07,722203,11594442.000
2012-11-07,16.02,16.59,15.94,16.29,1053909,17244588.000
2012-11-08,16.14,16.14,15.55,15.61,1098770,17552062.000
2012-11-09,15.54,15.89,15.54,15.69,805514,12722037.000
2012-11-12,15.92,15.92,15.66,15.89,858085,13576252.000
2012-11-13,16.07,16.12,15.39,15.43,674038,10622005.000
2012-11-14,15.44,15.60,15.35,15.56,507762,7887681.000
2012-11-15,15.45,15.93,15.44,15.61,761173,11944003.000
2012-11-16,15.44,16.14,15.14,15.60,923381,14374277.000
2012-11-19,15.50,15.61,15.29,15.59,512912,7976564.000
2012-11-20,15.84,16.83,15.59,16.59,2141048,35077708.000
2012-11-21,15.99,16.14,14.93,15.44,4723573,73324448.000
2012-11-22,15.14,15.15,14.77,14.81,1697935,25411604.000
2012-11-23,14.84,14.91,14.35,14.45,1300857,18963094.000
2012-11-26,14.46,14.68,14.37,14.47,906522,13222826.000
2012-11-27,14.44,14.44,13.44,13.54,1466277,20362236.000
2012-11-28,14.01,14.22,13.67,13.81,2049314,28672306.000
2012-11-29,13.58,13.84,13.58,13.80,1096733,15152107.000
2012-11-30,13.84,14.00,13.72,13.96,953487,13278635.000
2012-12-03,13.94,14.06,13.59,13.61,1027088,14275841.000
2012-12-04,13.54,13.69,12.84,13.20,1349812,17956596.000
2012-12-05,13.17,13.89,13.11,13.69,2137381,29228554.000
2012-12-06,13.57,13.81,13.48,13.70,1327520,18212176.000
2012-12-07,13.71,14.28,13.61,14.24,2175579,30818832.000
2012-12-10,14.45,15.04,14.34,14.72,2540475,37442436.000
2012-12-11,14.54,14.59,14.32,14.34,1838420,26625804.000
2012-12-12,14.61,14.95,14.39,14.87,2702560,39980940.000
2012-12-13,14.87,14.87,14.48,14.56,1485896,21784404.000
2012-12-14,14.35,15.11,14.35,15.06,2889807,43162392.000
2012-12-17,15.02,15.26,14.94,14.98,1902991,28753322.000
2012-12-18,15.03,15.10,14.77,14.81,1422745,21385472.000
2012-12-19,15.12,16.12,15.09,15.27,4179923,65716588.000
2012-12-20,15.10,15.45,14.64,15.43,2403921,36261128.000
2012-12-21,15.38,15.42,15.09,15.18,2046280,31260374.000
2012-12-24,15.07,15.34,15.06,15.17,1006272,15338959.000
2012-12-25,15.12,15.67,15.10,15.37,1849987,28692986.000
2012-12-26,15.37,15.90,15.24,15.82,1942603,30583522.000
2012-12-27,15.82,15.89,15.61,15.69,1963487,30992664.000
2012-12-28,15.65,15.78,15.52,15.54,1698005,26661016.000
2012-12-31,15.73,16.70,15.67,16.25,3446339,56070968.000
2013-01-04,16.32,16.69,16.00,16.41,3007012,49583976.000
2013-01-07,16.27,17.81,16.26,17.24,5263550,90107712.000
2013-01-08,17.44,17.68,16.90,17.20,3291787,56784788.000
2013-01-09,17.20,17.94,17.00,17.72,4158272,73357600.000
2013-01-17,19.50,19.50,18.01,18.08,11312613,212677488.000
2013-01-18,17.99,18.19,17.17,17.69,5149797,91231192.000
2013-01-21,17.70,17.81,17.35,17.71,3373830,59457360.000
2013-01-22,17.73,18.42,17.49,18.11,4362277,79232864.000
2013-01-23,18.04,18.32,17.71,17.99,2591586,46764640.000
2013-01-24,17.80,18.07,16.73,16.84,4222967,73436784.000
2013-01-25,16.82,17.03,16.63,16.95,1702806,28783008.000
2013-01-28,16.95,17.23,16.82,17.05,2505431,42874440.000
2013-01-29,17.00,17.34,16.87,17.34,2277609,39166144.000
2013-01-30,17.34,17.34,16.77,16.85,2349471,40061620.000
2013-01-31,16.89,17.32,16.88,17.10,1836563,31536976.000
2013-02-01,17.10,17.28,16.81,17.22,2727752,46838284.000
2013-02-04,17.41,17.47,16.85,16.93,3013415,51518952.000
2013-02-05,16.85,17.12,16.77,16.96,1541012,26253348.000
2013-02-06,16.90,17.03,16.74,16.79,1909154,32289160.000
2013-02-07,16.80,17.08,16.70,16.93,1270869,21633732.000
2013-02-08,16.85,17.01,16.84,16.92,1324661,22487092.000
2013-02-18,16.64,16.71,16.04,16.06,3735800,60792768.000
2013-02-19,16.01,16.16,15.74,15.81,2108226,33709472.000
2013-02-20,15.82,16.01,15.74,15.95,1309877,20941988.000
2013-02-21,15.73,15.73,15.10,15.22,3762791,57808520.000
2013-02-22,15.22,15.42,15.17,15.31,1486230,22782092.000
2013-02-25,15.36,15.48,15.13,15.44,1380788,21245600.000
2013-02-26,15.42,15.52,15.11,15.27,1690764,26113968.000
2013-02-27,15.34,15.51,15.25,15.29,1297196,20013580.000
2013-02-28,15.28,15.66,15.27,15.51,2127011,33072240.000
2013-03-01,15.41,15.45,15.17,15.28,2034753,31210146.000
2013-03-04,15.22,15.22,14.24,14.30,3215209,46831172.000
2013-03-05,14.29,14.60,14.26,14.51,1797735,26079036.000
2013-03-06,14.55,14.65,14.35,14.64,1777156,25894952.000
2013-03-07,14.68,15.07,14.50,14.81,2671413,39740936.000
2013-03-08,14.89,14.89,14.61,14.69,1240930,18312960.000
2013-03-11,14.83,15.07,14.70,14.86,1292978,19345268.000
2013-03-12,14.92,15.07,14.35,14.54,1488900,22072014.000
2013-03-13,14.62,16.00,14.62,16.00,8656888,136371312.000
2013-03-14,16.04,16.71,15.74,15.97,7656289,125100584.000
2013-03-15,15.77,15.92,15.45,15.58,3804660,59778948.000
2013-03-18,15.50,15.71,15.01,15.30,3065147,46941772.000
2013-03-19,15.30,16.76,15.30,16.39,6438745,103967088.000
2013-03-20,16.39,16.46,15.99,16.42,4010705,65399744.000
2013-03-21,16.25,16.79,16.11,16.51,3425146,56582944.000
2013-03-22,16.53,16.54,16.22,16.34,2179954,35784872.000
2013-03-25,16.25,16.54,16.06,16.35,2235921,36547564.000
2013-03-26,16.17,16.24,15.69,15.85,2255063,35902192.000
2013-03-27,15.72,15.93,15.54,15.71,2101371,33166708.000
2013-03-28,15.62,15.73,15.09,15.12,2572446,39480040.000
2013-03-29,15.09,15.28,14.77,15.24,1843134,27746396.000
2013-04-01,15.24,15.31,14.97,15.07,1103594,16711187.000
2013-04-02,15.05,15.44,15.03,15.07,1234320,18875292.000
2013-04-03,14.94,14.94,14.69,14.72,1523046,22627636.000
2013-04-08,14.70,15.12,14.35,15.03,1317895,19545164.000
2013-04-09,14.97,15.34,14.97,15.05,1146162,17419364.000
2013-04-10,15.12,15.29,15.01,15.06,1012870,15365383.000
2013-04-11,14.97,15.13,14.84,14.94,624001,9349035.000
2013-04-12,15.00,15.28,14.86,14.92,655916,9861176.000
2013-04-15,14.47,14.47,13.66,13.67,3311952,46380552.000
2013-04-16,13.00,13.56,12.75,13.52,2540846,33243212.000
2013-04-17,13.42,13.67,13.32,13.52,1455800,19685760.000
2013-04-18,13.41,13.48,13.10,13.35,1007981,13402853.000
2013-04-19,13.34,13.80,13.34,13.70,1203286,16386827.000
2013-04-22,13.59,13.59,13.34,13.46,1239641,16667411.000
2013-04-23,13.60,13.61,13.11,13.16,808206,10757074.000
2013-04-24,13.20,13.38,13.16,13.31,714743,9480213.000
2013-04-25,13.27,13.57,13.26,13.32,1070292,14354796.000
2013-04-26,13.55,13.80,13.00,13.34,1111762,14991046.000
2013-05-02,13.40,13.69,13.20,13.49,1138652,15353036.000
2013-05-03,13.65,13.74,13.51,13.60,1190772,16232155.000
2013-05-06,13.74,13.79,13.51,13.70,1441767,19712842.000
2013-05-07,13.78,14.42,13.61,14.18,2672089,37416512.000
2013-05-08,14.25,14.25,13.90,14.03,1691030,23681876.000
2013-05-09,13.98,14.19,13.61,13.77,1313723,18158228.000
2013-05-10,13.65,13.82,13.52,13.77,1204634,16442666.000
2013-05-13,13.60,13.60,13.35,13.36,1679961,22551612.000
2013-05-14,13.36,13.42,13.17,13.25,1100061,14574313.000
2013-05-15,13.24,13.56,13.21,13.35,953026,12786659.000
2013-05-16,13.30,13.47,13.05,13.47,1504246,19955184.000
2013-05-17,13.47,13.72,13.40,13.70,2229990,30273186.000
2013-05-20,13.70,13.80,13.46,13.77,2748452,37423452.000
2013-05-21,13.82,13.88,13.66,13.77,2189205,30122636.000
2013-05-22,13.75,14.08,13.64,14.04,3055878,42490188.000
2013-05-23,13.87,13.99,13.65,13.67,1750829,24185082.000
2013-05-24,13.66,13.80,13.60,13.68,1285375,17598792.000
2013-05-27,13.70,13.95,13.62,13.84,1862554,25703662.000
2013-05-28,13.86,14.07,13.66,14.04,2901904,40369984.000
2013-05-29,13.99,14.15,13.89,14.09,2653061,37232340.000
2013-05-30,14.05,14.07,13.88,13.90,1965889,27393348.000
2013-05-31,14.00,14.27,13.92,13.93,2280565,32068052.000
2013-06-03,13.89,13.89,13.50,13.54,2109751,28827920.000
2013-06-04,13.56,13.85,13.51,13.58,1648103,22452496.000
2013-06-05,13.58,13.60,13.21,13.40,1360269,18175060.000
2013-06-06,13.30,13.43,13.05,13.14,1283897,16960796.000
2013-06-07,13.14,13.29,12.89,12.96,1273921,16639507.000
2013-06-13,12.78,12.96,12.15,12.22,1813476,22482184.000
2013-06-14,12.23,13.18,12.11,13.14,2282399,28841782.000
2013-06-17,13.30,13.42,13.02,13.32,1801072,23940300.000
2013-06-18,13.34,13.50,13.20,13.43,1154189,15339701.000
2013-06-19,13.33,13.33,12.92,13.16,1080396,14155936.000
2013-06-20,12.73,12.95,12.40,12.46,888554,11272558.000
2013-06-21,12.11,12.61,12.00,12.46,1009971,12402659.000
2013-06-24,12.32,12.51,11.83,12.16,1754624,21209528.000
2013-06-25,12.11,13.30,11.53,12.97,4898850,59724540.000
2013-06-26,12.80,12.80,12.20,12.60,2734082,34079568.000
2013-06-27,12.50,12.60,11.97,12.05,1689156,20697430.000
2013-06-28,12.00,12.45,11.86,12.03,1072438,13019298.000
2013-07-01,12.08,12.18,11.91,12.15,885812,10690570.000
2013-07-02,12.14,12.32,12.03,12.27,1050183,12776523.000
2013-07-03,12.19,12.69,11.99,12.67,2385742,29594206.000
2013-07-04,12.48,13.14,12.45,12.80,3952423,51124416.000
2013-07-05,12.84,12.93,12.46,12.48,1955631,24842656.000
2013-07-08,12.10,12.13,11.80,11.85,1995178,23803712.000
2013-07-09,11.90,12.25,11.83,12.24,1425842,17229538.000
2013-07-10,12.25,12.52,12.00,12.51,2154217,26412080.000
2013-07-11,13.76,13.76,13.76,13.76,3576867,49217688.000
2013-07-12,14.20,14.44,13.72,13.85,11438218,161550608.000
数据来源:通达信
