601012 隆基股份 日线
      日期	    开盘	    最高	    最低	    收盘	    成交量	    成交额
2012-04-11,10.76,11.17,10.67,10.89,14197304,281480512.000
2012-04-12,10.64,10.81,10.56,10.73,8371518,162046464.000
2012-04-13,10.67,10.94,10.65,10.88,6789621,132960264.000
2012-04-16,10.86,10.94,10.68,10.72,4084869,80011656.000
2012-04-17,10.69,10.77,10.41,10.41,4486055,85410864.000
2012-04-18,10.41,10.56,10.36,10.54,3279373,62331896.000
2012-04-19,10.49,10.58,10.41,10.46,2420393,46124276.000
2012-04-20,10.49,10.54,10.42,10.49,2177565,41416320.000
2012-04-23,10.44,10.49,10.09,10.12,3587513,66878504.000
2012-04-24,10.02,10.17,9.78,9.99,2768661,49957200.000
2012-04-25,9.93,10.01,9.84,9.97,1728854,31150446.000
2012-04-26,9.97,10.09,9.95,9.98,1593611,29013252.000
2012-04-27,9.93,10.07,9.89,9.99,1081516,19613356.000
2012-05-02,9.92,10.02,9.79,10.00,3393041,61061256.000
2012-05-03,9.93,9.99,9.86,9.91,1456146,26189636.000
2012-05-04,9.87,9.98,9.87,9.93,1507673,27158432.000
2012-05-07,9.96,10.03,9.89,10.03,1659643,30050680.000
2012-05-08,10.05,10.12,10.01,10.10,1688799,30867064.000
2012-05-09,10.06,10.06,9.91,9.92,1589116,28741112.000
2012-05-10,9.92,9.96,9.87,9.92,937657,16882744.000
2012-05-11,9.92,9.97,9.88,9.91,627898,11311050.000
2012-05-14,9.94,9.96,9.85,9.86,912423,16382687.000
2012-05-15,9.82,9.82,9.62,9.67,1873061,33007672.000
2012-05-16,9.66,9.67,9.48,9.49,1278869,22217658.000
2012-05-17,9.49,9.60,9.47,9.56,1004523,17388304.000
2012-05-18,9.51,9.54,9.45,9.48,1002141,17260292.000
2012-05-21,9.47,9.51,9.30,9.34,1187500,20220372.000
2012-05-22,9.37,9.43,9.36,9.42,651296,11121700.000
2012-05-23,9.43,9.53,9.42,9.49,904767,15567375.000
2012-05-24,9.52,9.74,9.45,9.54,1661646,29021424.000
2012-05-25,9.54,9.58,9.36,9.36,998000,17092432.000
2012-05-28,9.37,9.42,9.26,9.42,715065,12142525.000
2012-05-30,9.52,9.67,9.52,9.56,1420484,24715832.000
2012-05-31,9.52,9.64,9.48,9.55,825675,14355942.000
2012-06-01,9.58,9.61,9.46,9.48,818459,14125859.000
2012-06-04,9.36,9.41,9.31,9.32,784573,13320400.000
2012-06-05,9.33,9.38,9.29,9.31,390337,6611011.000
2012-06-06,9.36,9.39,9.26,9.29,428242,7243588.000
2012-06-07,9.36,9.39,9.25,9.26,514945,8712387.000
2012-06-08,9.37,9.37,9.26,9.33,485995,8219975.000
2012-06-11,9.35,9.42,9.31,9.41,553851,9422734.000
2012-06-12,9.38,9.42,9.33,9.35,532449,9057242.000
2012-06-13,9.33,9.44,9.33,9.44,545980,9315816.000
2012-06-14,9.42,9.52,9.40,9.46,717552,12343126.000
2012-06-15,9.48,9.49,9.35,9.42,526793,9004840.000
2012-06-19,9.52,9.64,9.47,9.54,1774619,30884748.000
2012-06-20,9.54,9.59,9.47,9.48,767580,13262645.000
2012-06-21,9.52,9.59,9.48,9.56,919815,15944883.000
2012-06-25,9.63,9.63,9.33,9.36,1058788,18236390.000
2012-06-26,9.18,9.55,9.18,9.47,654024,6149858.000
2012-06-27,9.44,9.46,9.02,9.05,1827829,16799990.000
2012-06-28,9.09,9.14,8.69,8.70,2014998,17849688.000
2012-06-29,8.69,8.88,8.52,8.79,1286930,11162065.000
2012-07-02,8.86,8.87,8.65,8.73,1262315,11006056.000
2012-07-03,8.65,8.99,8.65,8.94,1885053,16618873.000
2012-07-04,8.90,9.28,8.90,9.20,3208778,29150748.000
2012-07-05,9.10,9.30,9.00,9.25,2020800,18494784.000
2012-07-06,9.24,9.35,9.04,9.21,2064662,18979304.000
2012-07-09,9.15,9.15,8.91,8.99,1297694,11719365.000
2012-07-10,8.98,9.12,8.94,9.01,1394847,12625117.000
2012-07-11,9.04,9.04,8.70,8.76,1235522,10937004.000
2012-07-12,8.78,8.84,8.43,8.52,2423465,20664330.000
2012-07-13,8.50,8.62,8.40,8.42,1102393,9384544.000
2012-07-16,8.42,8.43,7.58,7.58,4841200,37440752.000
2012-07-17,7.51,7.51,7.01,7.12,4650128,33336418.000
2012-07-18,7.12,7.18,7.03,7.15,1890673,13432598.000
2012-07-19,7.15,7.32,7.15,7.24,1585897,11478428.000
2012-07-20,7.24,7.25,7.12,7.13,1217286,8720093.000
2012-07-23,7.05,7.12,7.04,7.08,839462,5937847.000
2012-07-24,7.06,7.16,7.00,7.12,858080,6078568.000
2012-07-25,7.06,7.27,7.02,7.14,1176300,8435701.000
2012-07-26,7.18,7.18,7.04,7.06,905508,6410431.000
2012-07-27,7.10,7.15,7.03,7.08,505647,3580941.000
2012-07-30,7.05,7.11,6.56,6.61,2402580,16216395.000
2012-07-31,6.61,6.61,6.29,6.32,2591847,16504857.000
2012-08-01,6.32,6.43,6.28,6.33,2017461,12818321.000
2012-08-02,6.35,6.42,6.25,6.34,1720079,10886515.000
2012-08-03,6.32,6.66,6.28,6.59,3976690,25564690.000
2012-08-06,6.52,6.63,6.44,6.62,3046916,19913372.000
2012-08-07,6.58,6.98,6.57,6.73,3697994,24825228.000
2012-08-08,6.72,6.80,6.66,6.67,2179339,14594641.000
2012-08-09,6.68,6.76,6.57,6.76,2556781,17123436.000
2012-08-10,6.75,7.18,6.73,7.06,6725163,46808188.000
2012-08-13,7.05,7.37,7.00,7.03,7937288,57089076.000
2012-08-14,6.96,7.02,6.72,6.90,3603035,24622174.000
2012-08-15,6.89,7.08,6.81,7.01,2692867,18779400.000
2012-08-16,7.00,7.03,6.88,6.89,1196830,8323927.000
2012-08-17,6.86,7.00,6.84,6.91,1225598,8476276.000
2012-08-20,6.89,6.96,6.81,6.93,951169,6539928.000
2012-08-21,6.94,7.05,6.89,7.01,2309155,16114243.000
2012-08-22,7.00,7.00,6.82,6.85,1455519,10041568.000
2012-08-23,6.88,6.95,6.77,6.94,1936694,13236368.000
2012-08-24,6.89,6.90,6.69,6.76,1602221,10851327.000
2012-08-27,6.74,6.74,6.45,6.50,1493505,9752931.000
2012-08-28,6.50,6.60,6.47,6.55,764716,5006595.000
2012-08-29,6.54,6.69,6.51,6.59,1002805,6655266.000
2012-08-30,6.59,6.68,6.40,6.55,1219434,7952388.000
2012-08-31,6.58,6.65,6.45,6.52,877010,5746086.000
2012-09-03,6.52,6.60,6.48,6.60,840361,5516073.000
2012-09-04,6.60,6.62,6.36,6.40,1776600,11514765.000
2012-09-05,6.44,6.51,6.34,6.45,1065476,6837861.000
2012-09-06,6.45,6.59,6.44,6.58,1350297,8796887.000
2012-09-07,6.57,6.87,6.53,6.86,4622167,31241528.000
2012-09-10,6.80,7.09,6.75,7.04,4790837,33146240.000
2012-09-11,7.02,7.02,6.90,6.97,2478075,17232994.000
2012-09-12,7.05,7.05,6.91,6.97,1821281,12695115.000
2012-09-13,6.99,7.37,6.95,6.99,6311153,45123440.000
2012-09-14,7.00,7.03,6.80,6.89,3432537,23691112.000
2012-09-17,6.88,6.88,6.55,6.58,2470273,16522805.000
2012-09-18,6.62,6.64,6.54,6.56,1375079,9057997.000
2012-09-19,6.56,6.62,6.50,6.60,833409,5475971.000
2012-09-20,6.60,6.60,6.38,6.39,1425393,9227950.000
2012-09-21,6.39,6.55,6.36,6.51,1159035,7449855.000
2012-09-24,6.45,6.64,6.33,6.60,1126874,7304097.000
2012-09-25,6.53,6.60,6.44,6.49,601141,3914631.000
2012-09-26,6.46,6.51,6.26,6.41,1136248,7215489.000
2012-09-27,6.35,6.65,6.30,6.60,1791241,11663357.000
2012-09-28,6.50,6.63,6.50,6.60,1814141,11900682.000
2012-10-08,6.59,6.60,6.45,6.50,1156703,7514805.000
2012-10-09,6.50,6.67,6.50,6.65,3441624,22714462.000
2012-10-10,6.61,6.73,6.56,6.70,2946161,19602656.000
2012-10-11,6.64,6.64,6.45,6.48,2947789,19320206.000
2012-10-12,6.48,6.54,6.32,6.50,2808948,18034176.000
2012-10-15,6.46,6.46,6.30,6.34,1250909,7956170.000
2012-10-16,6.31,6.50,6.31,6.48,2184784,14006735.000
2012-10-17,6.44,6.55,6.36,6.53,2756411,17748862.000
2012-10-18,6.48,6.59,6.47,6.57,3885038,25452548.000
2012-10-19,6.56,6.61,6.51,6.53,2416184,15830502.000
2012-10-22,6.50,6.68,6.40,6.67,4053443,26481704.000
2012-10-23,6.70,6.90,6.55,6.55,4335899,28973942.000
2012-10-24,6.52,6.82,6.51,6.79,4859927,32569780.000
2012-10-25,6.74,7.09,6.74,7.00,9437010,65390504.000
2012-10-26,7.03,7.03,6.58,6.70,5640605,38381752.000
2012-10-29,6.72,6.90,6.67,6.82,4062748,27575680.000
2012-10-30,6.76,6.79,6.61,6.65,2880172,19231904.000
2012-10-31,6.58,6.60,6.47,6.52,2525042,16478471.000
2012-11-01,6.54,6.64,6.54,6.64,1308076,8642240.000
2012-11-02,6.62,6.66,6.53,6.58,1773704,11662315.000
2012-11-05,6.60,6.61,6.50,6.59,1434321,9398518.000
2012-11-06,6.67,6.69,6.51,6.64,1449427,9556723.000
2012-11-07,6.64,6.82,6.62,6.81,2884382,19411802.000
2012-11-08,6.76,6.76,6.49,6.50,2821456,18578580.000
2012-11-09,6.48,6.53,6.43,6.45,957318,6190240.000
2012-11-12,6.50,6.55,6.32,6.54,1748491,11247488.000
2012-11-13,6.48,6.48,6.35,6.44,1042665,6686284.000
2012-11-14,6.41,6.50,6.33,6.48,837266,5368080.000
2012-11-15,6.45,6.60,6.36,6.54,1362091,8818967.000
2012-11-16,6.48,6.60,6.45,6.56,1595295,10440017.000
2012-11-19,6.55,6.66,6.55,6.64,1556396,10290005.000
2012-11-20,6.66,6.68,6.58,6.59,967412,6404267.000
2012-11-21,6.58,6.65,6.45,6.58,1053891,6876588.000
2012-11-22,6.50,6.53,6.40,6.46,1190509,7683978.000
2012-11-23,6.50,6.51,6.43,6.48,580320,3759892.000
2012-11-26,6.47,6.49,6.39,6.45,668659,4301722.000
2012-11-27,6.41,6.58,6.27,6.51,2051432,13110774.000
2012-11-28,6.42,6.43,6.28,6.28,1101200,6961619.000
2012-11-29,6.29,6.30,6.01,6.01,1393184,8531633.000
2012-11-30,6.03,6.13,6.00,6.02,747579,4519473.000
2012-12-03,6.01,6.06,5.68,5.71,1148668,6700739.000
2012-12-04,5.73,5.95,5.59,5.94,1374830,7903183.000
2012-12-05,5.86,6.21,5.86,6.14,1993862,12156825.000
2012-12-06,6.13,6.19,6.05,6.14,906727,5531191.000
2012-12-07,6.14,6.51,6.09,6.49,2391740,15110688.000
2012-12-10,6.48,6.57,6.36,6.44,3124094,20205194.000
2012-12-11,6.47,6.50,6.36,6.36,1264024,8113127.000
2012-12-12,6.41,6.45,6.26,6.40,1301082,8267832.000
2012-12-13,6.40,6.72,6.33,6.68,6757257,44696620.000
2012-12-14,6.68,6.93,6.62,6.84,8094809,55044160.000
2012-12-17,6.82,7.04,6.70,6.90,6628849,45518536.000
2012-12-18,6.90,7.04,6.75,6.82,5361000,36843108.000
2012-12-19,6.90,6.94,6.76,6.79,3302474,22576676.000
2012-12-20,7.00,7.20,6.78,6.85,10329387,72357248.000
2012-12-21,6.72,6.78,6.58,6.62,5399139,36050392.000
2012-12-24,6.61,6.70,6.57,6.62,3156351,20877220.000
2012-12-25,6.61,6.75,6.54,6.74,3686574,24626724.000
2012-12-26,6.72,6.89,6.70,6.84,3008614,20529672.000
2012-12-27,6.84,6.91,6.68,6.69,2798918,18993724.000
2012-12-28,6.60,6.80,6.59,6.76,3785874,25364492.000
2012-12-31,6.80,6.90,6.76,6.80,2799772,19078184.000
2013-01-04,6.91,7.48,6.91,7.48,8263951,61071732.000
2013-01-07,8.00,8.23,7.88,8.23,24551982,198317120.000
2013-01-08,8.55,8.99,8.38,8.71,38499294,332853728.000
2013-01-09,8.60,8.76,8.28,8.40,19682182,166676656.000
2013-01-10,8.41,9.24,8.41,9.24,14519458,129891704.000
2013-01-11,9.80,10.16,9.46,9.66,54672641,538283840.000
2013-01-14,9.55,9.71,9.10,9.62,34841301,328413344.000
2013-01-15,9.35,10.17,9.24,9.65,35121708,341558496.000
2013-01-16,9.95,10.10,9.39,9.43,25797500,252013696.000
2013-01-17,9.20,9.67,9.10,9.39,16827511,158217408.000
2013-01-18,9.24,9.46,8.81,9.20,16277104,147776288.000
2013-01-21,9.10,9.22,8.87,8.91,13205364,119034464.000
2013-01-22,8.91,9.08,8.48,8.60,16120085,142111008.000
2013-01-23,8.62,8.92,8.52,8.83,13134134,114803072.000
2013-01-24,8.82,8.88,8.33,8.58,14511521,125053536.000
2013-01-25,8.49,8.58,8.32,8.54,7395335,62600224.000
2013-01-28,8.43,8.74,8.42,8.72,9908694,85194480.000
2013-01-29,8.61,8.72,8.43,8.71,10916504,93510392.000
2013-01-30,8.88,8.88,8.50,8.55,8668307,74790432.000
2013-01-31,8.46,8.48,8.18,8.29,7227930,59989924.000
2013-02-01,8.35,8.53,8.27,8.44,7646950,64259688.000
2013-02-04,8.40,8.45,8.01,8.06,7799849,63752188.000
2013-02-05,8.06,8.25,8.02,8.17,3327261,27130248.000
2013-02-06,8.17,8.54,8.13,8.31,7774110,64898344.000
2013-02-07,8.31,8.35,8.18,8.34,4037419,33291564.000
2013-02-08,8.34,8.50,8.29,8.35,4719727,39702320.000
2013-02-18,8.46,8.90,8.46,8.82,13973891,121690824.000
2013-02-19,8.73,8.77,8.48,8.53,8508093,73177400.000
2013-02-20,8.50,8.61,8.37,8.59,5515071,46789116.000
2013-02-21,8.50,8.72,8.22,8.25,7083707,60339568.000
2013-02-22,8.25,8.38,8.18,8.23,5031250,41595152.000
2013-02-25,8.25,8.42,8.20,8.38,6530877,54138220.000
2013-02-26,8.37,8.50,7.95,8.04,6689976,55322516.000
2013-02-27,8.03,8.12,7.90,8.00,5121918,40992864.000
2013-02-28,8.02,8.68,8.02,8.55,13677708,115138272.000
2013-03-01,8.50,8.59,8.36,8.55,8250775,69712304.000
2013-03-04,8.56,8.79,8.35,8.47,11225904,96405192.000
2013-03-05,8.49,8.68,8.35,8.62,6731837,57616200.000
2013-03-06,8.63,9.00,8.55,8.91,12713399,112356520.000
2013-03-07,8.81,9.01,8.55,8.66,9899253,86782328.000
2013-03-08,8.62,8.72,8.43,8.48,4764741,40710044.000
2013-03-11,8.45,8.58,8.27,8.31,3625084,30513260.000
2013-03-12,8.33,8.39,8.00,8.11,4656515,37962844.000
2013-03-13,8.06,8.16,7.91,7.98,2735462,21909972.000
2013-03-14,7.99,8.06,7.94,8.04,2012460,16099607.000
2013-03-15,8.03,8.03,7.54,7.80,5828944,45297888.000
2013-03-18,7.71,7.79,7.50,7.56,4534969,34347688.000
2013-03-19,7.54,7.58,7.30,7.45,4104930,30463444.000
2013-03-20,7.35,7.85,7.33,7.79,6731835,51072616.000
2013-03-21,7.52,7.91,7.45,7.88,8608369,66285520.000
2013-03-22,7.81,7.85,7.63,7.72,5453782,42312016.000
2013-03-25,7.64,7.80,7.54,7.79,3629987,28012720.000
2013-03-26,7.75,7.87,7.70,7.83,3746093,29150988.000
2013-03-27,7.85,7.86,7.52,7.65,4732455,36288764.000
2013-03-28,7.56,7.56,7.31,7.32,2746583,20296882.000
2013-03-29,7.32,7.50,7.18,7.23,1830321,13406815.000
2013-04-01,7.15,7.36,7.07,7.28,2242154,16238531.000
2013-04-02,7.29,7.36,7.03,7.06,2694744,19311784.000
2013-04-03,7.04,7.13,7.04,7.07,1504886,10643243.000
2013-04-08,6.95,6.97,6.76,6.89,2889766,19822412.000
2013-04-09,6.89,7.30,6.89,7.28,6625550,47400432.000
2013-04-10,8.01,8.01,8.01,8.01,16872084,135145392.000
2013-04-11,8.16,8.34,8.00,8.18,23719394,194268800.000
2013-04-12,8.10,8.11,7.71,7.91,11713972,92075160.000
2013-04-15,7.72,7.75,7.49,7.58,8471041,64409256.000
2013-04-16,7.45,7.61,7.40,7.56,5795468,43514128.000
2013-04-17,7.55,7.64,7.54,7.62,5669498,42989272.000
2013-04-18,7.50,7.59,7.33,7.38,5928843,44186392.000
2013-04-19,7.34,7.56,7.34,7.53,3637048,27306056.000
2013-04-22,7.40,7.66,7.39,7.66,4826819,36554064.000
2013-04-23,7.63,7.92,7.55,7.90,9641215,74557896.000
2013-04-24,7.91,7.95,7.73,7.90,5712451,44691992.000
2013-04-25,7.87,7.95,7.73,7.82,6431548,50444360.000
2013-04-26,7.78,7.84,7.33,7.44,6835724,51274344.000
2013-05-02,7.49,7.64,7.00,7.47,2462689,18422492.000
2013-05-03,7.45,7.68,7.45,7.65,3979612,30256270.000
2013-05-06,7.30,7.49,7.25,7.43,6525200,48066124.000
2013-05-07,7.35,7.80,7.33,7.49,6199007,46718404.000
2013-05-08,7.49,7.60,7.39,7.59,4078781,30687916.000
2013-05-09,7.57,7.68,7.20,7.43,7274172,54675352.000
2013-05-10,7.38,7.48,7.29,7.43,4189190,30992352.000
2013-05-13,7.48,7.53,7.35,7.38,3418685,25331272.000
2013-05-14,7.41,7.89,7.39,7.67,13803688,106073456.000
2013-05-15,7.58,8.10,7.51,8.01,14181002,110553008.000
2013-05-16,8.00,8.57,7.98,8.15,18054320,150015776.000
2013-05-17,8.09,8.50,7.94,8.32,11926615,98135944.000
2013-05-20,8.18,9.00,8.13,8.82,16014770,137883456.000
2013-05-21,9.70,9.70,9.56,9.70,19637949,190470048.000
2013-05-22,10.00,10.62,9.81,10.09,36240013,366894944.000
2013-05-23,9.35,9.95,9.28,9.74,18793843,181046832.000
2013-05-24,9.75,10.08,9.56,10.04,15569743,153549792.000
2013-05-27,9.90,10.06,9.47,9.85,21986486,213814320.000
2013-05-28,9.71,10.20,9.50,9.64,15887746,156634016.000
2013-05-29,9.52,9.89,9.41,9.69,9766186,94158096.000
2013-05-30,9.50,9.70,9.36,9.39,9121405,86659624.000
2013-05-31,9.32,9.52,9.10,9.11,8201233,76104888.000
2013-06-03,9.03,9.42,9.03,9.41,9836293,91000064.000
2013-06-04,9.37,9.63,9.03,9.55,13295430,125718008.000
2013-06-05,9.49,9.49,9.09,9.27,5592223,51828852.000
2013-06-06,9.09,9.40,8.96,9.11,7542876,69230384.000
2013-06-07,9.14,9.14,8.21,8.40,13721019,117806376.000
2013-06-13,8.36,8.90,8.25,8.78,12148219,104159536.000
2013-06-14,8.64,9.16,8.63,8.98,8117499,72616992.000
2013-06-17,9.21,9.69,8.99,9.36,18176032,169120304.000
2013-06-18,9.38,9.64,9.13,9.56,9832571,92416024.000
2013-06-19,9.31,9.60,9.24,9.42,5247638,49262984.000
2013-06-20,9.42,9.42,8.60,8.69,10347007,93430576.000
2013-06-21,8.48,9.56,8.40,9.55,18106131,165518352.000
2013-06-24,9.77,9.85,9.12,9.33,16610845,159229360.000
2013-06-25,9.15,9.94,8.63,9.80,18029402,167543424.000
2013-06-26,9.78,10.38,9.57,10.34,25766078,259920640.000
2013-06-27,10.34,10.78,9.57,9.81,23119471,236616464.000
2013-06-28,9.64,10.13,9.32,9.52,16030334,156726144.000
2013-07-01,9.25,9.90,9.12,9.76,9073648,86050800.000
2013-07-02,9.70,10.22,9.61,10.12,9985915,100151840.000
2013-07-03,9.96,10.47,9.74,10.20,13415830,135442608.000
2013-07-04,10.00,10.30,9.86,9.95,9737474,97782640.000
2013-07-05,9.86,9.95,9.39,9.44,11450465,110364560.000
2013-07-08,9.28,9.70,9.18,9.30,7587075,71567920.000
2013-07-09,9.24,9.44,8.87,9.06,9027268,81548624.000
2013-07-10,9.01,9.53,8.91,9.45,6165516,57190900.000
2013-07-11,9.43,9.87,9.40,9.63,7427299,71839544.000
2013-07-12,10.00,10.35,9.75,10.21,16576637,167679056.000
数据来源:通达信
