601111 中国国航 日线
      日期	    开盘	    最高	    最低	    收盘	    成交量	    成交额
2007-01-11,6.14,6.69,6.14,6.45,88440282,610281152.000
2007-01-12,6.43,6.84,6.09,6.37,70984388,489460672.000
2007-01-15,6.68,6.84,6.33,6.65,62747840,438392448.000
2007-01-16,6.67,7.29,6.67,7.19,78381883,580168768.000
2007-01-17,7.28,7.66,7.07,7.23,82497419,639876032.000
2007-01-18,7.09,7.25,6.47,6.99,62583447,454160704.000
2007-01-19,7.04,7.20,6.80,7.00,47104990,347583232.000
2007-01-22,7.03,7.46,7.02,7.38,60373695,462679232.000
2007-01-23,7.40,7.54,7.16,7.31,42866839,331189376.000
2007-01-24,7.19,7.19,6.92,7.05,80080079,593545088.000
2007-01-25,7.05,7.05,6.63,6.67,41333897,301404416.000
2007-01-26,6.60,6.94,6.50,6.89,43124581,310487648.000
2007-01-29,6.89,6.99,6.75,6.94,47090578,343695840.000
2007-01-30,6.98,7.41,6.94,7.25,58295471,442724288.000
2007-01-31,7.01,7.07,6.50,6.65,42046616,303498240.000
2007-02-01,6.51,6.51,6.06,6.35,39341987,263388384.000
2007-02-02,6.20,6.39,5.99,6.02,24671541,161849184.000
2007-02-05,5.90,5.91,5.60,5.64,41460841,254565232.000
2007-02-06,5.66,5.94,5.34,5.92,85324520,511862784.000
2007-02-07,5.94,6.25,5.85,6.13,68977619,446766656.000
2007-02-08,6.16,6.34,6.04,6.28,39973656,262943072.000
2007-02-09,6.16,6.19,6.03,6.10,37799201,245963888.000
2007-02-12,6.14,6.28,6.08,6.27,42046784,276731840.000
2007-02-13,6.34,6.70,6.31,6.69,59104320,412237440.000
2007-02-14,6.73,7.01,6.64,6.90,69600719,500505568.000
2007-02-15,6.94,7.04,6.89,6.99,41189337,303430688.000
2007-02-16,7.00,7.57,6.80,7.31,60634917,454502112.000
2007-02-26,7.21,7.22,6.59,7.13,64726401,480645216.000
2007-02-27,7.13,7.13,6.38,6.38,72969139,518254432.000
2007-02-28,6.17,6.57,6.04,6.49,71285927,473298848.000
2007-03-01,6.46,6.46,6.08,6.13,50179396,329717728.000
2007-03-02,6.12,6.54,6.07,6.39,63162686,424518976.000
2007-03-05,6.31,6.44,6.09,6.28,42617312,283741312.000
2007-03-06,6.28,6.70,6.19,6.69,58757616,403350400.000
2007-03-07,6.64,6.80,6.55,6.72,45038086,319825536.000
2007-03-08,6.69,6.99,6.64,6.87,48238171,348850592.000
2007-03-09,6.87,6.88,6.60,6.86,58283552,417163232.000
2007-03-12,6.95,6.99,6.70,6.89,48893481,356024224.000
2007-03-13,6.90,7.00,6.84,6.94,51586952,378184960.000
2007-03-14,6.84,6.84,6.63,6.69,47020283,335992352.000
2007-03-15,6.69,6.83,6.69,6.74,27048515,193892000.000
2007-03-16,6.81,6.94,6.66,6.84,60911292,441239168.000
2007-03-19,6.64,7.19,6.57,7.15,95888156,708590592.000
2007-03-20,7.27,7.29,7.07,7.16,77665102,588337536.000
2007-03-21,7.16,7.24,6.98,7.04,78345638,585741312.000
2007-03-22,7.13,7.29,7.09,7.13,77025680,585695296.000
2007-03-23,7.10,7.15,6.86,7.08,62101853,460818336.000
2007-03-26,7.08,7.39,7.00,7.38,102688651,784119936.000
2007-03-27,7.47,7.94,7.39,7.84,127516019,1025893952.000
2007-03-28,7.79,7.79,7.27,7.67,104358069,834981440.000
2007-03-29,7.67,7.90,7.59,7.62,97000714,790410368.000
2007-03-30,7.59,7.64,7.44,7.52,59507675,472875392.000
2007-04-02,7.59,7.73,7.59,7.68,41834384,337407776.000
2007-04-03,7.69,7.86,7.59,7.78,69479094,561985856.000
2007-04-04,7.84,7.87,7.69,7.83,67906610,556840640.000
2007-04-05,7.91,8.14,7.84,7.97,89452907,748396672.000
2007-04-06,7.89,7.92,7.81,7.86,51506290,425939552.000
2007-04-09,7.86,8.02,7.75,7.88,59021162,488971328.000
2007-04-10,7.94,7.99,7.67,7.84,60652367,497506400.000
2007-04-11,7.84,8.07,7.70,7.97,74020053,610576128.000
2007-04-12,7.92,7.95,7.80,7.92,55154531,457902240.000
2007-04-13,7.92,8.27,7.83,8.06,105679721,893300096.000
2007-04-16,8.09,8.34,8.02,8.28,80145777,691178624.000
2007-04-17,8.37,8.75,8.37,8.67,108292840,971441280.000
2007-04-18,8.69,8.77,8.44,8.54,66099203,592609792.000
2007-04-19,8.52,8.53,7.65,7.87,76983206,656310656.000
2007-04-20,7.89,8.55,7.89,8.51,76564563,667762496.000
2007-04-23,8.80,9.39,8.79,9.32,107248914,1023370304.000
2007-04-24,9.40,9.49,9.10,9.32,80395598,784993984.000
2007-04-25,9.31,9.39,8.97,9.21,47579060,456706400.000
2007-04-26,9.22,9.44,9.22,9.27,39138114,381016512.000
2007-04-27,9.29,9.35,8.99,9.06,36670536,349084352.000
2007-04-30,9.04,9.59,8.75,9.32,62465245,592224704.000
2007-05-08,9.57,9.67,9.33,9.37,60718122,596463616.000
2007-05-09,9.39,9.59,9.09,9.53,84357359,828590272.000
2007-05-10,9.57,10.09,9.45,9.91,88210990,903470208.000
2007-05-11,9.78,9.81,9.55,9.68,53368143,538674688.000
2007-05-14,9.49,9.83,9.39,9.58,51806874,517558368.000
2007-05-15,9.58,9.82,9.19,9.23,53970452,535940160.000
2007-05-16,9.17,9.49,9.04,9.47,48174444,465648640.000
2007-05-17,9.50,9.69,9.41,9.55,65100599,648530432.000
2007-05-18,9.56,10.15,9.27,9.92,135465657,1374636800.000
2007-05-21,9.59,10.95,9.55,10.87,175892323,1904371456.000
2007-05-22,10.97,11.05,10.70,10.75,111883623,1258688512.000
2007-05-23,10.75,10.96,10.54,10.78,55653451,621689920.000
2007-05-24,10.78,10.78,10.30,10.50,65473509,714323968.000
2007-05-25,10.50,10.50,10.31,10.43,38886270,421509088.000
2007-05-28,10.45,11.09,10.45,10.83,78363136,877711616.000
2007-05-29,10.82,10.97,10.71,10.75,51800153,580310144.000
2007-05-31,9.63,10.57,9.63,10.14,91334636,942107712.000
2007-06-01,10.35,10.91,10.09,10.34,98107045,1080695040.000
2007-06-04,10.34,10.34,9.27,9.27,47737196,471753792.000
2007-06-05,8.59,9.51,8.30,9.49,64058341,582803584.000
2007-06-06,9.59,9.69,9.09,9.38,38988815,384156896.000
2007-06-07,9.39,9.55,9.27,9.52,37126171,364703904.000
2007-06-08,9.53,9.68,9.29,9.48,38487898,380841952.000
2007-06-11,9.48,9.67,9.42,9.59,44175868,439250464.000
2007-06-12,9.59,9.89,9.19,9.88,50884253,509814912.000
2007-06-13,9.95,10.52,9.89,10.38,62331844,664934208.000
2007-06-14,10.29,10.77,10.07,10.48,81432166,895016320.000
2007-06-15,10.42,10.65,10.02,10.19,53618298,574012224.000
2007-06-18,10.39,10.61,10.24,10.34,49439555,534915200.000
2007-06-19,10.34,10.64,10.25,10.58,42789553,466390784.000
2007-06-20,10.57,11.04,10.24,10.33,53476367,592516160.000
2007-06-21,10.29,10.74,10.15,10.57,41514655,454281536.000
2007-06-22,10.64,10.90,9.65,10.01,56336137,608342656.000
2007-06-25,10.14,10.31,9.07,9.33,30130536,301440480.000
2007-06-26,9.14,9.90,8.89,9.88,30908847,299702912.000
2007-06-27,9.89,9.92,9.50,9.83,39956096,403322944.000
2007-06-28,9.83,10.03,9.04,9.32,29395269,291779040.000
2007-06-29,9.32,9.84,9.13,9.43,44431309,438837824.000
2007-07-02,9.40,9.80,9.34,9.68,26633014,264092352.000
2007-07-03,9.80,9.81,9.51,9.62,15738223,157036112.000
2007-07-04,9.64,9.69,9.17,9.29,18352223,179430096.000
2007-07-05,9.07,9.15,8.33,8.37,31980743,287800928.000
2007-07-06,8.34,8.84,8.26,8.81,23104907,206133664.000
2007-07-09,8.76,9.06,8.54,8.85,29812942,272324960.000
2007-07-10,8.80,8.88,8.52,8.64,28591404,257079424.000
2007-07-11,8.52,8.71,8.42,8.54,25714235,229024016.000
2007-07-12,8.69,8.69,8.52,8.63,17610474,157694944.000
2007-07-13,8.63,8.79,8.42,8.71,21539626,193265536.000
2007-07-16,8.73,8.84,8.55,8.67,22659263,204984416.000
2007-07-17,8.66,9.01,8.58,8.84,23325236,213732048.000
2007-07-18,8.80,9.76,8.70,9.37,62297420,607318016.000
2007-07-19,9.19,9.66,9.12,9.33,33142438,324499104.000
2007-07-20,9.34,9.74,9.34,9.63,39694071,395139456.000
2007-07-23,9.63,10.52,9.63,10.35,60788345,645747072.000
2007-07-24,10.41,11.10,10.24,10.88,65127188,716965248.000
2007-07-25,11.44,11.91,11.20,11.66,115458937,1385765376.000
2007-07-26,11.74,11.83,11.45,11.58,52345076,627503488.000
2007-07-27,11.58,11.84,11.29,11.82,46128427,556987456.000
2007-07-30,11.84,12.89,11.84,12.65,55915720,724679744.000
2007-07-31,12.67,12.86,12.16,12.51,37638805,484731168.000
2007-08-01,12.52,12.64,11.52,11.82,52102728,647942144.000
2007-08-02,11.82,12.50,11.82,12.45,46258792,583586240.000
2007-08-03,12.49,13.24,12.46,12.87,50795788,672304832.000
2007-08-06,12.99,13.24,12.77,12.92,35013343,467751328.000
2007-08-07,12.92,13.71,12.44,13.49,59541299,804108480.000
2007-08-08,13.28,13.84,12.99,13.45,42627573,592694272.000
2007-08-09,13.41,13.98,13.19,13.63,33073730,465654784.000
2007-08-10,13.40,14.72,13.34,14.71,61968000,904492096.000
2007-08-13,14.71,15.30,14.24,14.50,50454620,760080128.000
2007-08-14,14.34,14.91,13.76,14.58,35731626,526416832.000
2007-08-15,14.43,15.14,14.15,14.83,36187886,548400128.000
2007-08-16,14.79,15.47,14.44,14.92,37368601,578243328.000
2007-08-17,14.64,15.44,14.49,14.68,31647188,483673184.000
2007-08-20,14.89,15.34,14.89,15.05,28125562,435369152.000
2007-08-21,15.09,15.31,14.59,14.92,52865377,803816832.000
2007-08-22,14.76,15.22,14.66,14.89,33837656,519511296.000
2007-08-23,14.89,14.91,14.39,14.59,41703822,621406912.000
2007-08-24,14.59,15.13,14.42,15.11,42769803,651800064.000
2007-08-27,15.13,15.31,14.49,14.76,26377986,400279616.000
2007-08-28,14.69,16.22,14.59,15.97,57242915,907012288.000
2007-08-29,15.93,17.36,15.49,17.04,57792854,993823936.000
2007-08-30,17.10,17.66,16.70,17.09,31920394,557202688.000
2007-08-31,17.11,18.84,17.11,18.84,45930665,857294848.000
2007-09-03,19.73,20.76,19.44,20.75,66447824,1374022400.000
2007-09-04,21.29,22.44,19.64,19.80,87191959,1857491328.000
2007-09-05,19.76,19.76,18.54,19.54,69302503,1342674944.000
2007-09-06,19.54,20.32,19.04,19.64,36520992,730520000.000
2007-09-07,19.63,21.14,18.94,20.09,57311126,1169800064.000
2007-09-10,19.64,20.67,19.14,20.22,32537280,668571072.000
2007-09-11,20.04,21.29,19.94,20.04,53936252,1137375616.000
2007-09-12,19.64,20.64,19.24,20.33,42387792,867260864.000
2007-09-13,20.74,20.89,19.74,20.73,35989201,746075392.000
2007-09-14,20.76,22.84,20.76,22.84,74896786,1690165632.000
2007-09-17,23.44,25.16,23.04,24.62,62319218,1524112256.000
2007-09-18,24.56,26.12,23.84,25.07,41183733,1040989696.000
2007-09-19,24.99,25.39,24.44,24.63,32644056,824000576.000
2007-09-20,24.92,27.13,24.92,27.13,45454318,1228564224.000
2007-09-21,27.75,29.64,25.90,27.33,79456294,2226809344.000
2007-09-25,24.56,24.56,24.56,24.56,17073500,425471616.000
2007-09-26,22.07,23.64,22.07,22.07,77767364,1777793152.000
2007-09-27,21.74,22.94,21.33,22.04,42156049,947945024.000
2007-09-28,22.34,23.84,21.42,23.23,54271138,1229817728.000
2007-10-08,23.26,23.34,20.87,21.64,54294349,1205621504.000
2007-10-09,21.39,22.24,20.64,21.78,29070748,638264384.000
2007-10-10,21.85,22.80,21.14,21.90,50531915,1128075776.000
2007-10-11,21.84,23.46,21.46,23.42,63789214,1460206976.000
2007-10-12,23.65,25.52,23.54,25.15,89297012,2219508480.000
2007-10-15,25.24,25.94,24.14,24.64,52180871,1318920192.000
2007-10-16,24.89,25.62,23.34,25.18,40191306,985537600.000
2007-10-17,24.54,25.64,23.66,24.95,37880651,961592000.000
2007-10-18,24.84,24.84,22.44,22.46,45292443,1074994816.000
2007-10-19,22.33,23.01,21.18,21.81,32900181,729407680.000
2007-10-22,21.34,21.64,19.67,19.78,27736935,582210816.000
2007-10-23,19.64,20.84,18.44,20.77,35917747,714030656.000
2007-10-24,20.72,21.94,19.89,21.17,44289548,949448832.000
2007-10-25,21.14,21.84,20.34,20.69,27795784,597482496.000
2007-10-26,20.15,20.68,19.24,19.83,21121007,425722112.000
2007-10-29,19.84,20.99,19.28,20.45,21997256,446502944.000
2007-10-31,22.53,22.53,21.35,21.69,62872932,1419082112.000
2007-11-01,21.52,21.52,20.36,20.66,29553855,626915392.000
2007-11-02,19.94,20.33,19.04,19.32,34042341,677296512.000
2007-11-05,19.39,20.62,19.39,19.75,20409536,414958848.000
2007-11-06,19.56,20.42,19.44,19.94,13217240,267546400.000
2007-11-07,20.21,20.24,19.53,19.93,8881786,179027168.000
2007-11-08,19.64,19.74,18.34,18.38,17965385,344925984.000
2007-11-09,17.89,18.64,17.46,17.84,16909547,309769664.000
2007-11-12,17.32,18.09,16.12,17.51,19926740,344807680.000
2007-11-13,17.63,18.84,17.14,17.92,23504932,434980160.000
2007-11-14,18.49,19.75,18.05,19.66,31003935,597810624.000
2007-11-15,19.64,20.87,19.04,20.19,40695542,841487488.000
2007-11-16,19.80,20.40,19.39,20.16,18764622,379161024.000
2007-11-19,20.15,20.94,19.84,20.22,15653572,324104640.000
2007-11-20,20.09,20.64,19.54,20.11,12842556,263083040.000
2007-11-21,20.19,20.92,20.04,20.15,19577016,409048032.000
2007-11-22,19.63,20.19,18.54,18.89,12723777,251488448.000
2007-11-23,18.82,20.62,18.72,20.30,24331951,491985184.000
2007-11-26,20.69,21.83,20.69,20.87,46623019,1006072960.000
2007-11-27,20.64,21.84,20.24,21.63,30726131,670303232.000
2007-11-28,21.64,21.92,21.23,21.60,17490963,383511936.000
2007-11-29,21.84,23.80,21.76,23.80,76825977,1811926656.000
2007-11-30,23.92,25.14,23.05,23.11,83029021,2018396544.000
2007-12-03,22.14,23.02,21.59,21.99,31331615,709741568.000
2007-12-04,21.94,23.09,21.81,22.51,21577518,496432416.000
2007-12-05,22.92,23.53,22.59,23.36,19010255,448492608.000
2007-12-06,23.39,24.14,23.39,23.56,20728643,501394560.000
2007-12-07,23.44,24.12,23.19,23.74,18561477,444812928.000
2007-12-10,23.73,25.77,23.45,25.14,43118623,1093642496.000
2007-12-11,25.41,25.98,25.04,25.92,41542723,1074012928.000
2007-12-12,25.84,26.32,25.15,25.65,37625170,981096768.000
2007-12-13,25.68,27.13,25.29,25.39,42000220,1114822016.000
2007-12-14,24.63,25.04,23.12,24.78,46792395,1151969408.000
2007-12-18,23.82,24.68,23.26,23.50,25932984,627755008.000
2007-12-19,23.65,24.37,23.64,24.24,17604192,429232704.000
2007-12-20,24.29,25.02,23.55,24.70,26742362,661921280.000
2007-12-21,24.87,26.10,24.87,25.63,30724758,799467712.000
2007-12-24,25.87,26.39,25.74,25.90,30364679,800533376.000
2007-12-25,26.08,26.79,26.08,26.34,20496730,548506816.000
2007-12-26,26.34,26.62,25.16,26.16,30964338,812378176.000
2007-12-27,26.16,27.04,25.40,26.78,43671124,1166615040.000
2007-12-28,27.07,28.44,26.94,27.08,74784168,2108123136.000
2008-01-02,27.69,29.49,27.41,29.29,55556018,1614424576.000
2008-01-03,29.29,29.29,28.24,28.73,45251517,1309969280.000
2008-01-04,28.64,29.20,27.54,28.83,37732985,1086919424.000
2008-01-07,28.79,29.01,28.10,28.53,33722199,974090560.000
2008-01-08,28.53,29.14,27.22,27.90,44182221,1256294656.000
2008-01-09,27.52,28.14,26.64,28.10,48408106,1342138368.000
2008-01-10,28.29,28.44,27.44,27.66,42883535,1202199680.000
2008-01-11,27.70,28.95,27.70,28.14,34248815,982920640.000
2008-01-14,28.20,29.09,27.74,28.82,34160133,988470784.000
2008-01-15,29.11,29.49,28.44,28.94,36258415,1065097856.000
2008-01-16,28.99,29.42,28.54,28.79,40054203,1178324224.000
2008-01-17,28.43,28.94,25.88,27.02,64601678,1768633472.000
2008-01-18,27.04,27.88,25.44,27.12,45622626,1232237952.000
2008-01-22,24.64,25.54,24.37,24.37,44521535,1111891968.000
2008-01-23,22.24,24.64,22.24,24.52,71959074,1731245696.000
2008-01-24,24.97,25.24,23.59,24.43,49546169,1237408000.000
2008-01-25,24.40,24.40,23.31,23.78,27322901,660026176.000
2008-01-28,23.52,23.53,21.37,21.37,28231478,632169216.000
2008-01-29,20.94,22.14,20.39,21.11,21948666,472575904.000
2008-01-30,21.26,21.64,19.65,20.35,22741348,480129984.000
2008-01-31,20.36,20.67,19.64,19.92,20089255,413534912.000
2008-02-01,19.97,20.52,18.74,20.05,20731881,419988960.000
2008-02-04,20.74,22.09,20.74,22.09,24505783,539933376.000
2008-02-05,22.84,23.54,22.19,23.13,34390522,806414784.000
2008-02-13,22.74,22.99,22.09,22.43,18913528,432351744.000
2008-02-14,22.64,22.99,21.92,22.38,24022718,543080576.000
2008-02-15,22.06,22.06,20.29,21.38,57804138,1221090560.000
2008-02-18,20.74,21.67,20.64,21.45,69871931,1506480128.000
2008-02-19,21.44,21.82,20.99,21.73,34518084,753878848.000
2008-02-20,21.85,22.26,21.34,21.47,50752132,1126455040.000
2008-02-21,21.14,21.14,20.09,20.65,44859300,940255744.000
2008-02-22,20.47,20.47,18.60,19.14,65810479,1301529088.000
2008-02-25,19.14,19.43,17.19,17.21,63489913,1148518144.000
2008-02-26,17.79,18.09,17.02,17.93,38855263,697933376.000
2008-02-27,18.14,18.84,17.64,18.54,34778552,650055680.000
2008-02-28,18.53,18.53,17.64,17.92,25639072,471627136.000
2008-02-29,18.02,19.10,18.02,19.04,39504121,754371456.000
2008-03-03,18.84,20.51,18.44,20.14,41502402,835921024.000
2008-03-04,20.24,20.43,19.41,19.48,36965030,748308224.000
2008-03-05,19.27,19.82,18.44,19.03,26788022,517073376.000
2008-03-06,19.06,19.83,18.61,19.44,28395657,558102400.000
2008-03-07,19.44,19.44,18.89,19.05,15789794,307846656.000
2008-03-10,18.83,18.83,17.74,18.02,23814572,440956128.000
2008-03-11,17.92,18.09,17.24,18.07,20659553,371229568.000
2008-03-12,18.55,18.74,17.39,17.43,18257500,331217824.000
2008-03-13,17.19,17.19,15.74,16.15,35853678,594755200.000
2008-03-14,16.04,16.13,15.11,15.48,27536225,434449952.000
2008-03-17,15.29,15.29,14.23,14.26,24784754,370881504.000
2008-03-18,14.26,14.44,12.86,13.39,24470093,342821888.000
2008-03-19,13.67,14.49,13.65,14.13,32807140,471991680.000
2008-03-20,14.01,15.58,13.20,15.58,52346234,797511808.000
2008-03-21,16.02,16.84,15.60,16.31,74031025,1236174208.000
2008-03-24,16.70,17.10,15.64,15.91,56481132,947065152.000
2008-03-25,15.34,17.50,14.94,17.47,86583829,1496546944.000
2008-03-26,17.47,17.65,16.66,16.85,54268134,946186304.000
2008-03-27,16.14,16.53,15.24,15.28,38043736,617516288.000
2008-03-28,14.65,16.43,14.52,16.19,40422368,642616128.000
2008-03-31,15.64,16.94,15.34,16.22,37441548,627012096.000
2008-04-01,16.30,16.99,15.46,15.76,39263195,654308352.000
2008-04-02,16.04,16.34,14.54,15.45,43815813,701037504.000
2008-04-03,15.24,16.01,14.59,15.73,26233319,410385696.000
2008-04-07,15.42,16.84,15.08,16.53,34742088,578624192.000
2008-04-08,16.58,18.02,16.25,17.43,69739220,1233139328.000
2008-04-09,17.14,17.62,16.04,16.07,42338839,730569152.000
2008-04-10,15.65,16.79,15.47,16.64,29193831,484715360.000
2008-04-11,16.87,17.42,16.67,16.80,30533657,531128544.000
2008-04-14,16.29,16.54,15.23,15.33,37776193,607095168.000
2008-04-15,15.23,15.63,13.92,15.11,49146872,739359936.000
2008-04-16,14.99,14.99,13.91,13.99,50819723,740059648.000
2008-04-17,13.84,14.24,12.73,13.26,36233513,499649440.000
2008-04-18,13.14,13.14,11.90,11.90,51493777,652146688.000
2008-04-21,12.88,12.95,10.84,11.83,73747286,914011712.000
2008-04-22,11.54,11.93,11.04,11.76,45259347,538781056.000
2008-04-23,11.58,12.34,11.11,12.13,68453875,833739328.000
2008-04-24,12.94,13.38,12.85,13.38,106298692,1441537792.000
2008-04-25,13.79,14.50,13.44,13.90,87268507,1262189696.000
2008-04-28,13.56,14.22,13.34,13.73,48142437,684358144.000
2008-04-29,13.64,13.94,13.49,13.68,39111717,551547008.000
2008-04-30,13.79,14.64,13.79,14.47,69519561,1013565952.000
2008-05-05,14.84,15.95,14.84,15.95,93063138,1478293120.000
2008-05-06,15.61,15.61,15.02,15.10,85865971,1341016192.000
2008-05-07,14.79,15.09,13.88,13.91,58688672,873344256.000
2008-05-08,13.54,14.24,13.34,14.23,44496546,630072192.000
2008-05-09,14.44,14.62,13.58,13.80,41082824,587503360.000
2008-05-12,13.44,14.24,13.24,13.95,33481356,471431488.000
2008-05-13,13.43,13.79,13.14,13.20,47212601,647623104.000
2008-05-14,13.04,13.93,12.94,13.73,34621208,484507936.000
2008-05-15,13.95,14.24,13.54,13.57,32760571,468155328.000
2008-05-16,13.64,13.82,13.21,13.46,24560067,338562912.000
2008-05-19,13.36,13.44,13.14,13.22,18695832,253594752.000
2008-05-20,13.14,14.32,13.12,13.34,49183329,692222784.000
2008-05-21,13.09,13.44,12.13,13.17,43396470,567868032.000
2008-05-22,12.93,12.93,12.47,12.58,32645382,425078368.000
2008-05-23,12.56,12.99,12.34,12.59,21670398,282007040.000
2008-05-26,12.64,12.64,11.97,11.98,20090539,251706320.000
2008-05-27,11.96,12.19,11.67,12.01,15814380,194582928.000
2008-05-28,12.32,12.65,12.29,12.47,21889391,280516128.000
2008-05-29,12.50,12.50,11.92,11.93,23052391,287428224.000
2008-06-02,12.16,12.32,11.89,12.18,17251777,214950416.000
2008-06-03,12.14,12.52,11.94,12.45,28354128,358762240.000
2008-06-04,12.56,12.75,12.28,12.42,25919455,333614944.000
2008-06-05,12.46,12.69,12.14,12.15,17232897,218883824.000
2008-06-06,12.16,12.25,11.77,11.85,16902371,207256352.000
2008-06-10,11.41,11.41,10.63,10.63,23110544,258688832.000
2008-06-11,10.06,10.34,9.76,9.99,22769423,236020960.000
2008-06-12,9.84,10.09,9.52,9.75,22188019,223763360.000
2008-06-13,9.83,10.14,9.42,9.43,25805058,261828864.000
2008-06-16,9.46,9.58,8.62,8.98,26481251,248258624.000
2008-06-17,8.96,9.14,8.05,8.06,29011291,255593184.000
2008-06-18,7.97,8.70,7.39,8.63,46297304,393324416.000
2008-06-19,8.47,8.47,7.73,7.73,25427812,213125360.000
2008-06-20,7.05,8.02,7.05,7.51,46225818,361867712.000
2008-06-23,7.22,7.80,7.20,7.52,22620702,177338320.000
2008-06-24,7.62,7.89,7.50,7.85,24505579,195926720.000
2008-06-25,7.85,8.63,7.75,8.40,38896744,331840000.000
2008-06-26,8.59,8.85,8.30,8.56,48811816,435474080.000
2008-06-27,8.10,8.19,7.70,7.81,28877725,237977232.000
2008-06-30,7.60,8.40,7.47,8.19,30011297,249761728.000
2008-07-01,8.35,8.35,7.71,7.80,24272096,200492016.000
2008-07-02,7.80,8.09,7.73,7.90,15679317,128430768.000
2008-07-03,7.60,8.24,7.49,8.13,38842504,320469184.000
2008-07-04,8.14,8.46,7.94,8.35,40396854,344770976.000
2008-07-07,8.58,9.22,8.58,9.22,48261750,451535968.000
2008-07-08,9.78,10.14,9.48,9.87,130502481,1320621952.000
2008-07-09,10.08,10.48,9.87,10.09,94996366,996142592.000
2008-07-10,9.80,9.97,9.47,9.66,73439944,738938176.000
2008-07-11,9.50,9.56,9.20,9.47,44667564,432225184.000
2008-07-14,9.28,9.67,9.15,9.63,29347469,287661568.000
2008-07-15,9.65,9.88,9.32,9.73,47264813,471319648.000
2008-07-16,9.97,10.10,9.00,9.46,56372974,565339264.000
2008-07-17,9.90,10.00,9.32,9.47,43866397,438945728.000
2008-07-18,9.78,10.20,9.35,10.10,65853059,665383488.000
2008-07-21,10.18,10.63,9.80,10.61,91042856,958002240.000
2008-07-22,10.46,10.81,10.30,10.32,70432432,761199552.000
2008-07-23,10.70,10.85,10.35,10.42,67076868,731917056.000
2008-07-24,10.70,10.75,10.43,10.68,57259538,625081216.000
2008-07-25,10.64,10.64,10.26,10.36,49125258,525162304.000
2008-07-28,10.51,10.66,10.48,10.62,34752450,377812864.000
2008-07-29,10.48,10.48,10.02,10.17,35135054,367387840.000
2008-07-30,10.45,10.70,10.15,10.29,39818302,427879136.000
2008-07-31,10.08,10.10,9.60,9.71,32426812,327602176.000
2008-08-01,9.71,9.98,9.50,9.94,26891562,271089056.000
2008-08-04,9.90,9.97,9.60,9.61,18732737,188579648.000
2008-08-05,9.69,10.00,9.40,9.46,23442186,234330656.000
2008-08-06,9.65,9.79,9.45,9.62,22316882,221242416.000
2008-08-07,9.68,9.69,9.15,9.36,21844303,210880368.000
2008-08-08,9.36,9.36,8.39,8.39,30006684,270828352.000
2008-08-11,8.20,8.20,7.52,7.52,17907012,142694432.000
2008-08-12,7.00,7.20,6.74,6.88,36814497,266605424.000
2008-08-13,6.86,6.86,6.24,6.64,32821334,223895264.000
2008-08-14,6.58,6.76,6.46,6.65,17836550,123891368.000
2008-08-15,6.68,6.74,6.45,6.57,15698822,108685376.000
2008-08-18,6.66,6.68,5.88,5.88,22455262,144752240.000
2008-08-19,5.69,5.98,5.41,5.79,21734112,130772424.000
2008-08-20,5.64,6.35,5.51,6.33,36694141,233651728.000
2008-08-21,6.20,6.33,5.95,5.99,31854288,204602624.000
2008-08-22,5.80,6.36,5.55,6.03,38405099,242494720.000
2008-08-25,6.09,6.09,5.70,5.81,21475011,132905688.000
2008-08-26,5.70,5.70,5.31,5.33,20285592,117086200.000
2008-08-27,5.30,5.43,5.10,5.27,15686491,87485744.000
2008-08-28,5.20,5.35,5.16,5.25,12538873,69546792.000
2008-08-29,5.29,5.53,5.23,5.40,19100119,108379024.000
2008-09-01,5.36,5.36,5.05,5.10,14384521,78772160.000
2008-09-02,5.04,5.31,5.00,5.21,14008049,77060616.000
2008-09-03,5.34,5.47,5.23,5.32,19245969,108939352.000
2008-09-04,5.39,5.45,5.25,5.36,10707329,60328160.000
2008-09-05,5.20,5.24,5.05,5.07,11966841,65140992.000
2008-09-08,5.08,5.14,4.68,4.69,16003324,82376328.000
2008-09-09,4.69,4.90,4.63,4.86,16811035,85531664.000
2008-09-10,4.78,5.03,4.70,4.87,14193574,73598752.000
2008-09-11,4.80,4.91,4.70,4.72,11243846,57003136.000
2008-09-12,4.85,4.95,4.82,4.86,12931291,67045864.000
2008-09-16,4.88,4.99,4.86,4.88,21502949,112297808.000
2008-09-17,4.92,5.05,4.80,4.85,18631448,97608464.000
2008-09-18,4.65,4.80,4.34,4.61,23246396,111150144.000
2008-09-19,5.10,5.10,4.91,5.10,21388909,115104592.000
2008-09-22,5.58,5.64,5.15,5.55,59663158,345012160.000
2008-09-23,5.30,5.45,5.13,5.29,41055460,229649456.000
2008-09-24,5.15,5.31,5.03,5.30,21459612,116979464.000
2008-09-25,5.35,5.67,5.27,5.57,42647335,249771776.000
2008-09-26,5.65,5.85,5.59,5.79,51332234,309524096.000
2008-10-06,5.75,5.88,5.51,5.60,30709085,183952928.000
2008-10-07,5.40,5.90,5.31,5.80,35799239,214504640.000
2008-10-08,5.60,5.70,5.30,5.35,31642319,183086560.000
2008-10-10,5.00,5.25,4.79,4.94,22652462,120284880.000
2008-10-13,5.00,5.29,4.95,5.28,25205231,137456032.000
2008-10-14,5.50,5.60,5.00,5.02,30678250,173431616.000
2008-10-15,5.00,5.08,4.80,4.89,12740133,66412144.000
2008-10-16,4.60,4.69,4.37,4.37,23754440,114193592.000
2008-10-17,4.36,4.52,4.06,4.25,23106306,105402624.000
2008-10-20,4.25,4.33,4.10,4.32,23027612,104343776.000
2008-10-21,4.35,4.46,4.20,4.40,28102025,130205736.000
2008-10-22,4.38,4.50,4.25,4.34,21388250,100325872.000
2008-10-23,4.24,4.52,4.17,4.36,28164689,132366704.000
2008-10-24,4.36,4.38,4.11,4.13,17015261,76839000.000
2008-10-27,3.99,3.99,3.69,3.69,17562405,72016152.000
2008-10-28,3.50,3.79,3.40,3.69,20145678,79562224.000
2008-10-29,3.71,3.77,3.38,3.39,21483940,83325712.000
2008-10-30,3.45,3.47,3.30,3.38,25523253,94169792.000
2008-10-31,3.37,3.42,3.12,3.22,20523919,73282632.000
2008-11-03,3.15,3.19,3.05,3.10,13448395,45841056.000
2008-11-04,3.10,3.17,3.08,3.11,11557732,39563696.000
2008-11-05,3.12,3.25,3.12,3.18,22356236,77715104.000
2008-11-06,3.09,3.10,3.02,3.05,11458050,38400348.000
2008-11-07,2.99,3.14,2.95,3.12,13249131,44852520.000
2008-11-10,3.19,3.46,3.14,3.46,33817739,123170936.000
2008-11-11,3.46,3.51,3.32,3.42,32839698,122641464.000
2008-11-12,3.36,3.51,3.32,3.50,25201455,94411776.000
2008-11-13,3.46,3.78,3.43,3.71,39288988,155342064.000
2008-11-14,3.75,3.96,3.63,3.93,61586919,251840064.000
2008-11-17,4.12,4.35,4.12,4.35,58800648,271010688.000
2008-11-18,4.60,4.66,3.99,4.13,124823747,593022464.000
2008-11-19,4.15,4.39,3.90,4.30,72140438,323737248.000
2008-11-20,4.19,4.41,4.10,4.17,47055976,214126112.000
2008-11-21,4.05,4.20,3.79,4.03,38166445,163350144.000
2008-11-24,3.62,3.85,3.60,3.61,49958422,200597616.000
2008-11-25,3.64,3.67,3.41,3.52,27276739,104855216.000
2008-11-26,3.47,3.76,3.41,3.61,23623847,93132400.000
2008-11-27,4.00,4.00,3.80,3.85,64587267,273831904.000
2008-11-28,3.87,3.87,3.59,3.65,38473877,153395568.000
2008-12-01,3.58,3.66,3.47,3.64,20492320,79527440.000
2008-12-02,3.54,3.69,3.48,3.66,21091223,82545504.000
2008-12-03,3.66,3.90,3.66,3.89,38989121,160077984.000
2008-12-04,3.95,4.19,3.91,3.96,66658115,287555584.000
2008-12-05,3.93,4.22,3.88,4.19,60128615,262923888.000
2008-12-08,4.23,4.51,4.12,4.49,76724653,353195008.000
2008-12-09,4.53,4.69,4.41,4.49,94585015,458933280.000
2008-12-10,4.75,4.81,4.51,4.69,103858272,516578720.000
2008-12-11,4.81,4.90,4.59,4.63,97229522,489980576.000
2008-12-12,4.67,5.11,4.62,4.85,117858075,607760832.000
2008-12-15,4.86,4.90,4.34,4.38,87859064,420924768.000
2008-12-16,4.24,4.24,3.98,4.19,49612315,217538048.000
2008-12-17,4.19,4.35,4.08,4.24,37025803,168739840.000
2008-12-18,4.23,4.29,4.10,4.27,25286571,113613872.000
2008-12-19,4.45,4.53,4.30,4.32,42076236,197650864.000
2008-12-23,4.32,4.35,3.89,3.90,31137203,136025696.000
2008-12-24,3.76,4.20,3.76,3.94,28793245,124053432.000
2008-12-25,3.90,3.98,3.78,3.83,18512926,76451792.000
2008-12-26,3.86,3.89,3.76,3.78,11638080,47733368.000
2008-12-29,3.78,4.10,3.61,4.06,27077474,109645032.000
2008-12-30,4.08,4.09,3.85,3.86,27669379,117992992.000
2008-12-31,3.95,3.95,3.72,3.80,13871647,57045376.000
2009-01-05,3.85,3.91,3.75,3.90,32327315,133090672.000
2009-01-06,3.85,4.09,3.80,4.06,39920444,170052576.000
2009-01-07,4.05,4.13,4.00,4.11,41760132,182297824.000
2009-01-08,4.05,4.18,3.99,4.16,47773822,209272256.000
2009-01-09,4.18,4.22,4.06,4.15,53541359,238145488.000
2009-01-12,4.09,4.21,4.01,4.13,36452685,161597408.000
2009-01-13,4.16,4.17,3.88,3.90,33633707,145380480.000
2009-01-14,3.91,3.99,3.80,3.98,23850028,100186592.000
2009-01-15,3.95,4.15,3.85,4.03,77421478,335062368.000
2009-01-16,4.01,4.22,3.95,4.11,71321742,313027840.000
2009-01-19,4.25,4.30,4.08,4.12,65569241,293330560.000
2009-01-20,4.08,4.08,3.95,4.04,30724339,132116888.000
2009-01-21,3.98,4.06,3.93,3.96,20868955,89606688.000
2009-01-22,3.98,4.04,3.95,4.04,18210348,78304040.000
2009-01-23,4.03,4.06,3.92,3.95,22489823,96737120.000
2009-02-02,4.00,4.03,3.95,4.00,14953733,64121480.000
2009-02-03,4.00,4.23,3.98,4.21,45928804,203402624.000
2009-02-04,4.21,4.35,4.18,4.32,51756625,236540368.000
2009-02-05,4.35,4.78,4.30,4.59,118964585,578905920.000
2009-02-06,4.58,4.78,4.50,4.73,69077859,341804736.000
2009-02-09,4.76,5.06,4.75,4.91,87401625,454614848.000
2009-02-10,4.86,4.94,4.72,4.89,67768360,347194112.000
2009-02-11,4.80,4.95,4.71,4.79,75219346,383535776.000
2009-02-12,4.79,4.98,4.73,4.90,82875647,428091904.000
2009-02-13,4.91,5.13,4.83,5.08,101708294,538436736.000
2009-02-16,5.13,5.46,5.03,5.40,122637039,676925440.000
2009-02-17,5.37,5.37,5.05,5.06,86838608,473656192.000
2009-02-18,4.90,5.22,4.85,4.87,84251451,451726656.000
2009-02-19,4.87,4.97,4.65,4.77,67801942,342830560.000
2009-02-20,4.76,4.83,4.67,4.82,43405812,219600352.000
2009-02-23,4.80,4.92,4.69,4.88,65993112,336637184.000
2009-02-24,4.85,5.03,4.67,4.69,83303442,429187328.000
2009-02-25,4.72,4.77,4.49,4.65,52590284,260936960.000
2009-02-26,4.68,4.93,4.48,4.55,76268945,386723712.000
2009-02-27,4.44,4.48,4.10,4.14,47081064,212665776.000
2009-03-02,4.11,4.23,3.99,4.18,26548465,117513560.000
2009-03-03,4.07,4.17,4.01,4.07,24599910,107707520.000
2009-03-04,4.07,4.38,4.07,4.36,40871072,185838048.000
2009-03-05,4.44,4.52,4.24,4.36,50705598,237738960.000
2009-03-06,4.26,4.39,4.20,4.31,28470105,131308056.000
2009-03-09,4.33,4.48,4.20,4.20,39625605,184178416.000
2009-03-10,4.14,4.33,4.11,4.32,23598553,107152192.000
2009-03-11,4.43,4.50,4.33,4.40,42205154,199057488.000
2009-03-12,4.35,4.53,4.33,4.49,35674376,168337056.000
2009-03-13,4.51,4.62,4.44,4.53,37066702,179826448.000
2009-03-16,4.56,4.72,4.44,4.56,42484312,206982368.000
2009-03-17,4.56,4.73,4.53,4.71,38471902,190124480.000
2009-03-18,4.73,4.90,4.72,4.76,48648170,248432768.000
2009-03-19,4.77,4.88,4.77,4.82,35100861,179552688.000
2009-03-20,4.90,4.96,4.69,4.77,54411425,278280480.000
2009-03-23,4.79,4.92,4.68,4.84,47722050,244375200.000
2009-03-24,4.90,5.09,4.85,5.00,76097932,403791104.000
2009-03-25,4.95,5.29,4.84,5.07,92587832,500395456.000
2009-03-26,5.02,5.61,5.02,5.61,136029485,766810240.000
2009-03-27,5.78,6.00,5.68,5.85,129348049,791155840.000
2009-03-30,5.83,6.25,5.73,5.99,97260790,617441920.000
2009-03-31,5.84,6.20,5.71,6.19,72678127,452720256.000
2009-04-01,6.12,6.55,6.08,6.48,77605919,512319520.000
2009-04-02,6.49,6.82,6.31,6.39,97098320,666180800.000
2009-04-03,6.42,6.51,6.02,6.27,68713162,448451424.000
2009-04-07,6.23,6.33,6.10,6.28,48654082,317019776.000
2009-04-08,6.20,6.25,5.73,5.74,66490515,415470656.000
2009-04-09,5.74,5.95,5.72,5.91,38524120,236539824.000
2009-04-10,5.93,6.41,5.90,6.39,70304712,459230848.000
2009-04-13,6.44,6.75,6.42,6.68,74150805,514147040.000
2009-04-14,6.63,6.80,6.45,6.67,52312599,364165120.000
2009-04-15,6.59,6.64,6.29,6.44,49600606,334614080.000
2009-04-16,6.38,6.40,6.20,6.31,43564535,286944192.000
2009-04-17,6.28,6.55,6.25,6.41,49442311,333076640.000
2009-04-20,6.40,7.08,6.40,6.99,101300092,735930560.000
2009-04-21,6.90,7.02,6.70,6.91,64871097,462788480.000
2009-04-22,6.92,7.07,6.40,6.51,47116635,335404512.000
2009-04-23,6.42,6.64,6.30,6.54,26712981,180525440.000
2009-04-24,6.57,6.63,6.35,6.38,17389009,117402272.000
2009-04-27,6.30,6.35,5.78,5.97,45482206,287864000.000
2009-04-28,5.70,5.95,5.61,5.80,38930495,235909504.000
2009-04-29,5.76,6.37,5.71,6.22,32318479,206632320.000
2009-04-30,6.27,6.72,6.27,6.38,45593636,310073952.000
2009-05-04,6.39,6.62,6.39,6.61,36425871,248593792.000
2009-05-05,6.68,7.00,6.56,6.92,50764355,363934240.000
2009-05-06,6.88,6.97,6.72,6.95,31507135,226446816.000
2009-05-07,6.95,7.00,6.40,6.59,52011286,363084672.000
2009-05-08,6.58,6.69,6.33,6.60,29446219,200919104.000
2009-05-11,6.56,6.56,6.20,6.24,45223999,301446912.000
2009-05-12,6.15,6.45,6.08,6.43,28018042,182519968.000
2009-05-13,6.43,6.43,6.19,6.35,46421043,305577120.000
2009-05-14,6.28,6.55,6.23,6.41,29979991,201154192.000
2009-05-15,6.40,6.43,6.20,6.29,36762527,241859152.000
2009-05-18,6.31,6.36,6.15,6.27,58914457,384207424.000
2009-05-19,6.27,6.30,6.16,6.20,57747178,375741696.000
2009-05-20,6.20,6.28,6.08,6.11,44584748,287953696.000
2009-05-21,6.07,6.16,5.83,5.91,44852641,281057568.000
2009-05-22,5.87,6.13,5.86,6.00,41478337,260587136.000
2009-05-25,5.89,6.04,5.79,5.98,28343653,175164464.000
2009-05-26,5.98,6.12,5.94,6.01,34679550,219157872.000
2009-05-27,6.05,6.12,6.00,6.11,36635504,233416064.000
2009-06-01,6.15,6.27,6.05,6.19,53578732,346271296.000
2009-06-02,6.21,6.23,6.03,6.05,49532846,317263648.000
2009-06-03,6.06,6.16,5.98,6.10,58769155,373762080.000
2009-06-04,6.12,6.19,6.01,6.12,43240455,276060320.000
2009-06-05,6.16,6.16,6.00,6.04,50994933,324816096.000
2009-06-08,6.04,6.15,6.00,6.08,33368621,213033824.000
2009-06-09,6.08,6.59,6.03,6.58,109110101,720478528.000
2009-06-11,6.45,6.51,6.27,6.31,70979023,472990912.000
2009-06-12,6.29,6.29,5.93,6.03,43860885,281623424.000
2009-06-15,6.02,6.08,5.95,6.05,22341479,140763264.000
2009-06-16,6.00,6.07,5.95,6.01,22903959,144652144.000
2009-06-17,6.00,6.06,5.92,6.02,23689853,149000368.000
2009-06-18,6.03,6.35,6.00,6.20,59993574,389033696.000
2009-06-19,6.20,6.45,6.20,6.37,61079040,405958016.000
2009-06-22,6.48,6.64,6.33,6.39,60361948,409081824.000
2009-06-23,6.28,6.59,6.22,6.55,72884603,490119648.000
2009-06-24,6.65,7.05,6.62,6.84,113886860,812223360.000
2009-06-25,6.81,6.94,6.62,6.64,52868337,372461472.000
2009-06-26,6.67,6.69,6.45,6.52,38399731,262133888.000
2009-06-29,6.54,6.89,6.49,6.82,58864268,416451488.000
2009-06-30,6.82,6.85,6.65,6.72,44388826,312035904.000
2009-07-01,6.70,6.81,6.63,6.69,32501933,227767408.000
2009-07-02,6.71,6.90,6.69,6.74,40798342,288027392.000
2009-07-03,6.70,6.80,6.56,6.68,48627498,336887136.000
2009-07-06,6.66,7.15,6.62,7.13,105312247,762570304.000
2009-07-07,7.08,7.46,6.94,7.25,108627051,814333248.000
2009-07-08,7.25,7.74,7.21,7.48,89547675,698600064.000
2009-07-09,7.54,7.99,7.51,7.90,81060686,660054528.000
2009-07-10,7.87,8.05,7.72,7.92,70283137,574970240.000
2009-07-13,7.92,8.08,7.64,7.65,57223602,461259584.000
2009-07-14,7.62,7.78,7.49,7.72,50810190,403348448.000
2009-07-15,7.85,7.94,7.64,7.84,64567259,522307776.000
2009-07-16,7.86,7.88,7.68,7.70,50648575,408544224.000
2009-07-17,7.72,7.79,7.47,7.66,39239818,309388832.000
2009-07-20,7.69,8.45,7.60,8.45,97775741,815870976.000
2009-07-21,8.41,8.41,8.07,8.12,60969504,519802112.000
2009-07-22,8.14,8.34,8.10,8.25,45356336,386561984.000
2009-07-23,8.27,8.42,8.10,8.28,35802665,305872000.000
2009-07-24,8.29,8.38,7.87,8.15,38627771,326674240.000
2009-07-27,8.15,9.00,8.14,8.83,95240403,855905344.000
2009-07-28,8.73,9.39,8.63,8.94,91825525,856873728.000
2009-07-29,9.22,9.28,8.03,8.82,95449470,886258368.000
2009-07-30,8.82,9.20,8.51,9.10,79042847,728265600.000
2009-07-31,9.09,9.35,8.85,9.21,71519978,675180608.000
2009-08-03,9.22,9.87,9.10,9.79,67100532,665220608.000
2009-08-04,9.82,9.85,9.43,9.71,56206971,557555520.000
2009-08-05,9.70,10.16,9.55,9.84,44473875,454285568.000
2009-08-06,9.74,9.74,9.20,9.47,40303306,394401632.000
2009-08-07,9.37,9.59,8.70,8.86,45118071,422943072.000
2009-08-10,8.91,9.09,8.51,8.79,31721414,288239072.000
2009-08-11,8.84,8.92,8.40,8.67,27209833,242712688.000
2009-08-12,8.62,8.62,7.97,8.07,58327545,495578080.000
2009-08-13,8.05,8.14,7.62,7.99,48963197,402242208.000
2009-08-14,7.99,8.05,7.47,7.55,57091992,453969760.000
2009-08-18,6.90,7.38,6.84,7.36,62169262,459238368.000
2009-08-19,7.36,7.36,6.69,6.74,56424381,408834272.000
2009-08-20,6.69,7.10,6.69,7.04,47415134,342658688.000
2009-08-21,7.04,7.23,6.87,7.22,48450236,358740480.000
2009-08-24,7.25,7.32,7.09,7.26,34683951,260744160.000
2009-08-25,7.21,7.22,6.63,6.90,49539585,356243072.000
2009-08-26,7.05,7.62,7.02,7.62,76929799,588449088.000
2009-08-27,7.79,8.25,7.65,8.03,128659443,1063688704.000
2009-08-28,7.90,8.19,7.38,7.92,110057947,888509888.000
2009-08-31,7.65,7.72,7.10,7.28,68520611,529645216.000
2009-09-01,7.16,7.54,6.87,7.50,67663968,508343456.000
2009-09-02,7.20,7.40,7.05,7.26,60377438,454003808.000
2009-09-03,7.21,7.60,7.10,7.51,72995594,561773312.000
2009-09-04,7.49,7.69,7.31,7.68,76692682,598154752.000
2009-09-07,7.75,7.99,7.59,7.70,78789840,636590912.000
2009-09-08,7.57,7.82,7.37,7.80,67364035,535671136.000
2009-09-09,7.88,8.05,7.73,7.95,72583723,596277184.000
2009-09-10,7.90,7.92,7.71,7.74,41366406,335326400.000
2009-09-11,7.70,7.90,7.65,7.89,50024294,406443424.000
2009-09-14,7.95,8.18,7.95,8.04,51351066,428362784.000
2009-09-15,8.06,8.64,8.06,8.36,88273710,765751936.000
2009-09-16,8.29,8.40,8.10,8.16,58672633,499604064.000
2009-09-17,8.16,8.35,8.15,8.28,39928551,342171680.000
2009-09-18,8.33,8.39,7.91,7.93,53290113,450004864.000
2009-09-21,7.80,8.05,7.51,7.99,41966210,338355776.000
2009-09-22,8.04,8.24,7.74,7.76,42474552,352682272.000
2009-09-23,7.72,7.87,7.35,7.39,35202170,277411040.000
2009-09-24,7.39,7.53,7.20,7.42,32499225,249858080.000
2009-09-25,7.45,7.49,7.20,7.33,18592712,142614448.000
2009-09-28,7.33,7.46,7.01,7.07,19054720,144461472.000
2009-09-29,7.08,7.14,6.81,7.00,21841230,158340064.000
2009-09-30,7.15,7.19,6.95,7.03,21734181,159977232.000
2009-10-09,7.21,7.45,7.11,7.41,26739625,202878656.000
2009-10-12,7.56,7.57,7.27,7.29,29476844,227896144.000
2009-10-13,7.23,7.37,7.10,7.36,46324030,347951200.000
2009-10-14,7.35,7.54,7.28,7.48,46633267,360903872.000
2009-10-15,7.56,7.61,7.40,7.47,36642421,285849984.000
2009-10-16,7.47,7.50,7.26,7.43,24382256,186785184.000
2009-10-19,7.38,7.60,7.28,7.59,42714819,332199232.000
2009-10-20,7.66,7.91,7.62,7.82,60317387,488903392.000
2009-10-21,7.85,7.98,7.76,7.80,46670749,381213536.000
2009-10-22,7.75,7.86,7.71,7.74,28371600,229318624.000
2009-10-23,7.76,8.02,7.76,7.94,43533507,357368256.000
2009-10-26,7.95,7.99,7.75,7.96,43616920,357413504.000
2009-10-27,7.92,7.92,7.45,7.46,48837501,388496128.000
2009-10-28,7.45,7.67,7.45,7.58,30940371,243051792.000
2009-10-29,7.45,7.45,7.18,7.24,38718162,294272352.000
2009-10-30,7.36,7.40,7.24,7.29,29084350,221935584.000
2009-11-02,7.05,7.41,7.00,7.40,38635703,291035424.000
2009-11-03,7.41,7.58,7.32,7.54,34160864,265737264.000
2009-11-04,7.53,7.54,7.39,7.51,41226164,320329536.000
2009-11-05,7.51,7.87,7.49,7.82,69128092,553808576.000
2009-11-06,7.84,7.85,7.72,7.76,52386134,423738144.000
2009-11-09,7.82,7.85,7.69,7.80,33649201,271707712.000
2009-11-10,7.81,8.00,7.74,7.88,59686312,489209152.000
2009-11-11,7.90,7.97,7.75,7.82,33505095,272711616.000
2009-11-12,7.85,7.97,7.79,7.82,36977506,302517600.000
2009-11-13,7.89,8.10,7.79,8.09,78224084,646898368.000
2009-11-16,8.20,8.93,8.05,8.66,127486504,1114856320.000
2009-11-17,8.60,8.86,8.51,8.66,73187368,658664512.000
2009-11-18,8.66,8.76,8.41,8.60,57983148,514913120.000
2009-11-19,8.60,8.67,8.45,8.62,43013284,381420352.000
2009-11-20,8.55,8.62,8.34,8.48,39824815,349814496.000
2009-11-23,8.60,8.76,8.51,8.66,45602569,408237632.000
2009-11-24,8.70,8.80,8.16,8.22,68398395,604476032.000
2009-11-25,8.15,8.35,8.00,8.34,42831890,363493312.000
2009-11-26,8.32,8.45,7.96,7.98,49941780,425583072.000
2009-11-27,7.92,7.92,7.49,7.65,47482496,380703584.000
2009-11-30,7.68,8.40,7.68,8.26,62511857,523170080.000
2009-12-01,8.31,8.85,8.09,8.65,102198517,906778816.000
2009-12-02,8.66,8.82,8.51,8.63,61415021,549062720.000
2009-12-03,8.69,8.81,8.55,8.78,82376546,743060928.000
2009-12-04,8.82,8.85,8.37,8.70,59690896,533519840.000
2009-12-07,8.75,8.89,8.60,8.80,43243492,391169600.000
2009-12-08,8.85,8.85,8.46,8.58,38066000,339509312.000
2009-12-09,8.46,8.58,8.24,8.25,31200609,271707040.000
2009-12-10,8.33,8.45,8.30,8.39,29224959,253244720.000
2009-12-11,8.39,8.59,8.35,8.44,28374394,248678592.000
2009-12-14,8.51,9.20,8.51,9.12,106142583,968521536.000
2009-12-15,9.02,9.08,8.85,8.95,57035516,528464832.000
2009-12-16,8.91,9.18,8.86,9.01,48419566,451307392.000
2009-12-17,8.95,9.06,8.58,8.59,38808949,350690688.000
2009-12-18,8.60,8.81,8.43,8.49,48121849,430124992.000
2009-12-21,8.44,8.58,8.30,8.57,24208953,211030368.000
2009-12-23,8.35,8.67,8.33,8.57,26831974,236022336.000
2009-12-24,8.59,9.30,8.50,9.10,68091785,633191808.000
2009-12-25,9.04,9.45,9.03,9.44,75413397,719440384.000
2009-12-28,9.33,9.52,9.26,9.36,51136471,495820960.000
2009-12-29,9.30,9.50,9.21,9.45,51011272,493993824.000
2009-12-30,9.45,9.62,9.35,9.42,63585721,622142080.000
2009-12-31,9.34,9.50,9.32,9.41,35886491,348622688.000
2010-01-04,9.44,9.47,9.18,9.19,40522347,388099680.000
2010-01-05,9.19,9.53,9.15,9.52,44107557,426484576.000
2010-01-06,9.53,9.87,9.50,9.51,84922306,848227648.000
2010-01-07,9.48,9.56,9.16,9.23,48950343,471704992.000
2010-01-08,9.11,9.31,9.00,9.16,42665604,402911232.000
2010-01-11,9.30,9.46,9.12,9.17,34463438,328662176.000
2010-01-12,9.19,9.70,9.15,9.68,53887192,528088832.000
2010-01-13,9.35,9.85,9.30,9.61,55595689,552332416.000
2010-01-14,9.61,10.59,9.61,10.32,92107399,965404608.000
2010-01-15,10.29,10.74,10.20,10.30,65466393,706708416.000
2010-01-18,10.34,11.05,10.34,10.79,71474073,791431040.000
2010-01-19,10.90,10.95,10.60,10.78,37070217,409594848.000
2010-01-20,10.78,11.05,10.55,10.60,59081882,654242368.000
2010-01-21,10.59,10.72,10.33,10.67,45839526,494154816.000
2010-01-22,10.45,11.00,10.27,10.40,66459584,728675712.000
2010-01-25,10.30,10.48,9.95,10.01,22995748,241539504.000
2010-01-26,10.00,10.08,9.30,9.49,38813591,385409600.000
2010-01-27,9.47,9.80,9.20,9.63,36682296,358657248.000
2010-01-28,9.54,10.19,9.50,9.98,39500693,403728128.000
2010-01-29,9.90,10.15,9.79,9.89,26181202,268510080.000
2010-02-01,9.88,10.17,9.75,10.14,22286311,229241744.000
2010-02-02,10.27,10.44,9.85,9.88,25127289,263247424.000
2010-02-03,9.88,10.13,9.45,10.09,38208041,382712544.000
2010-02-04,9.95,10.32,9.84,10.13,29470942,306925952.000
2010-02-05,9.80,10.54,9.80,10.33,42270545,448944800.000
2010-02-08,10.31,10.82,10.31,10.50,40435341,440264768.000
2010-02-09,10.42,10.56,10.30,10.46,15150815,162550448.000
2010-02-10,10.56,10.80,10.48,10.78,30999426,341793600.000
2010-02-11,10.80,10.84,10.54,10.54,22422803,245833856.000
2010-02-12,10.55,10.62,10.37,10.50,21054255,226836416.000
2010-02-22,10.49,10.97,10.38,10.71,28788016,317400832.000
2010-02-23,10.69,10.77,10.35,10.49,22257622,240102560.000
2010-02-24,10.44,11.30,10.38,11.26,55038931,619312064.000
2010-02-25,11.26,11.37,11.10,11.34,29452534,340140512.000
2010-03-12,11.69,11.85,10.70,10.86,67571594,782362112.000
2010-03-15,10.90,10.95,10.39,10.65,21349386,233219584.000
2010-03-16,10.50,11.07,10.50,11.05,21349523,238546528.000
2010-03-17,11.11,11.29,10.86,11.21,27264698,310829344.000
2010-03-18,11.21,11.57,11.19,11.26,33828160,395985248.000
2010-03-19,11.27,12.05,11.27,12.02,46138966,553831872.000
2010-03-22,12.18,12.54,11.97,12.25,41985278,522963008.000
2010-03-23,12.26,12.30,11.91,12.08,23714178,292349152.000
2010-03-24,11.96,12.22,11.88,11.89,19039247,234491872.000
2010-03-25,11.80,12.09,11.58,11.79,18488370,223949584.000
2010-03-26,11.71,12.13,11.70,12.11,19359885,238330400.000
2010-03-29,12.12,12.58,12.04,12.34,28230451,358082944.000
2010-03-30,12.32,12.43,12.10,12.24,18516926,231653024.000
2010-03-31,12.24,12.36,12.04,12.17,18258551,228017216.000
2010-04-01,12.17,12.52,12.08,12.22,23070750,289000288.000
2010-04-02,12.24,12.26,11.85,11.88,43026013,528189184.000
2010-04-06,11.98,12.12,11.84,12.09,27792593,340874624.000
2010-04-07,12.10,12.23,11.96,12.12,25346601,314660032.000
2010-04-08,12.18,12.97,12.18,12.85,60443075,783305600.000
2010-04-09,12.86,13.35,12.80,13.24,47052747,628248576.000
2010-04-12,13.23,14.38,13.21,13.99,55165901,780904832.000
2010-04-13,13.98,13.98,13.07,13.53,44702308,617342528.000
2010-04-14,13.43,13.90,13.12,13.73,28367574,395965440.000
2010-04-15,13.75,13.85,13.40,13.59,23905813,331730944.000
2010-04-16,13.48,13.96,13.45,13.83,26138884,368059232.000
2010-04-19,13.60,13.62,12.42,12.69,52186876,698322048.000
2010-04-20,12.70,13.23,12.31,13.21,40626225,535373088.000
2010-04-21,13.24,13.95,13.08,13.77,40568800,564858880.000
2010-04-22,13.78,14.05,13.60,13.87,35815519,508321696.000
2010-04-23,13.86,14.10,13.49,13.65,42908300,600108800.000
2010-04-26,13.66,13.94,13.48,13.52,30306720,424414368.000
2010-04-27,13.41,13.50,12.24,13.23,61965707,805767744.000
2010-04-28,12.80,13.20,12.57,12.88,21910519,289472832.000
2010-04-30,12.30,12.43,11.80,12.14,40521703,504332096.000
2010-05-04,11.85,12.55,11.79,12.20,22073470,276652192.000
2010-05-05,12.09,13.45,11.85,13.09,74036414,963279296.000
2010-05-06,12.70,13.00,12.40,12.60,50248768,656065408.000
2010-05-07,12.15,12.50,11.90,11.99,34415576,430766528.000
2010-05-10,11.89,12.29,10.76,10.76,49925911,575431744.000
2010-05-11,11.02,11.12,9.75,10.04,79303176,839072896.000
2010-05-12,9.95,10.45,9.76,10.42,46950783,494629856.000
2010-05-13,10.40,11.02,10.31,10.92,51731498,571661440.000
2010-05-14,10.92,11.18,10.50,10.70,48564317,539738176.000
2010-05-17,10.41,10.54,9.88,10.01,48253895,501892768.000
2010-05-18,9.86,10.40,9.83,10.23,38980325,407547776.000
2010-05-19,10.19,10.74,10.04,10.42,29810320,320010944.000
2010-05-20,10.31,10.70,10.04,10.06,23245148,246730256.000
2010-05-21,9.82,10.29,9.53,10.19,40237415,411248416.000
2010-05-24,10.23,11.22,10.20,10.96,41267179,457341696.000
2010-05-25,10.81,10.94,10.56,10.70,28294107,312953408.000
2010-05-26,10.69,10.94,10.55,10.78,23726709,262385600.000
2010-05-27,10.75,11.14,10.39,11.12,39090821,434986208.000
2010-05-28,11.30,11.38,10.93,11.06,32202723,367590944.000
2010-05-31,10.98,11.03,10.50,10.51,34441990,381266368.000
2010-06-01,10.42,10.74,10.09,10.30,32281789,345158656.000
2010-06-02,10.20,10.35,9.95,10.33,31756574,330077056.000
2010-06-03,10.38,10.62,10.15,10.16,27309516,292554816.000
2010-06-04,10.02,10.21,9.90,10.12,23347812,241066832.000
2010-06-07,9.80,10.07,9.70,9.85,29190343,296508896.000
2010-06-08,9.81,10.00,9.78,9.98,20356494,207402688.000
2010-06-09,10.01,10.30,9.81,10.21,34060613,352680192.000
2010-06-10,10.10,10.63,10.05,10.33,32898961,350342272.000
2010-06-11,10.47,10.65,10.35,10.39,31614399,341091744.000
2010-06-17,10.52,10.75,10.46,10.54,23612223,257588736.000
2010-06-18,10.51,11.02,10.50,10.72,42656402,471545856.000
2010-06-21,11.06,11.50,10.88,11.43,74136584,854733504.000
2010-06-22,11.51,11.59,11.20,11.26,45266593,528124032.000
2010-06-23,11.20,11.34,10.81,10.99,30689934,348281280.000
2010-06-24,10.93,11.35,10.91,11.27,25508392,292642976.000
2010-06-25,11.20,11.48,11.15,11.33,26705636,310478656.000
2010-06-28,11.32,11.32,10.79,10.81,21787147,246544720.000
2010-06-29,10.90,10.91,9.97,9.98,32036587,339784160.000
2010-07-01,9.81,10.08,9.57,9.60,30745305,309618400.000
2010-07-02,9.65,9.70,9.10,9.57,30494565,296332640.000
2010-07-05,9.40,9.81,9.26,9.68,34045457,339942976.000
2010-07-06,9.68,10.06,9.60,10.02,26835588,274349760.000
2010-07-07,9.98,10.35,9.98,10.26,22502528,236202688.000
2010-07-08,10.34,10.35,9.98,10.09,16481562,172579648.000
2010-07-09,10.14,10.60,9.85,10.49,30944479,328812832.000
2010-07-12,10.50,10.70,10.40,10.64,26113283,284089120.000
2010-07-13,10.50,10.78,10.41,10.66,19031607,206962784.000
2010-07-14,10.58,11.03,10.58,10.80,26189263,292158496.000
2010-07-15,10.86,10.95,10.51,10.51,18946691,208961872.000
2010-07-16,10.50,10.58,10.19,10.35,19398955,207187360.000
2010-07-19,10.21,11.25,10.15,11.10,37421429,420040960.000
2010-07-20,11.18,11.57,11.08,11.45,39956115,466934176.000
2010-07-21,11.40,12.45,11.30,11.75,52150746,637350848.000
2010-07-22,11.70,12.16,11.61,11.90,27006674,329025024.000
2010-07-23,11.89,12.05,11.64,11.97,27264865,330985728.000
2010-07-26,11.96,12.25,11.71,12.14,27468125,339522432.000
2010-07-27,12.02,12.20,11.96,12.00,15145172,187222368.000
2010-07-28,11.98,12.44,11.75,12.27,29693315,372035328.000
2010-07-29,12.32,12.45,11.70,11.99,44742953,550770112.000
2010-07-30,11.95,12.03,11.73,11.96,25548518,310398848.000
2010-08-02,11.92,12.30,11.77,12.17,34739183,429808448.000
2010-08-03,12.17,12.26,11.76,11.82,45644918,566569856.000
2010-08-04,11.77,11.94,11.41,11.93,42795565,511298912.000
2010-08-05,11.87,12.25,11.67,12.14,48303689,593321792.000
2010-08-06,12.14,12.49,11.88,12.43,47735255,598139264.000
2010-08-09,12.45,12.56,12.07,12.20,51069131,642964864.000
2010-08-10,12.25,12.27,11.75,11.80,46665077,570371264.000
2010-08-11,11.77,11.92,11.65,11.83,27733607,335182848.000
2010-08-12,11.69,11.91,11.48,11.53,31857540,379868416.000
2010-08-13,11.57,11.81,11.46,11.80,24536549,292730752.000
2010-08-16,11.75,11.98,11.48,11.85,53905443,649087488.000
2010-08-17,11.87,12.01,11.65,11.83,44285413,537369792.000
2010-08-18,11.81,11.86,11.54,11.63,26771028,320292448.000
2010-08-19,11.69,11.76,11.45,11.55,53040458,628505024.000
2010-08-20,11.48,11.60,11.20,11.21,43305716,505444288.000
2010-08-23,11.21,11.56,11.09,11.23,29960552,345544384.000
2010-08-24,11.24,11.37,11.11,11.34,22021051,254633488.000
2010-08-25,11.15,11.17,10.81,11.09,53034271,598547648.000
2010-08-26,11.09,11.30,11.03,11.16,24074771,275900384.000
2010-08-27,11.14,11.22,10.88,10.99,25424703,287147872.000
2010-08-30,11.08,11.32,10.97,11.30,47320438,542382592.000
2010-08-31,11.22,11.23,10.88,10.93,54504388,614059968.000
2010-09-01,10.93,11.00,10.36,10.53,47880434,526406496.000
2010-09-02,10.65,10.73,10.48,10.60,38956347,424221760.000
2010-09-03,10.58,11.32,10.30,11.22,101687865,1144538496.000
2010-09-06,11.20,11.44,11.06,11.35,67795037,785156224.000
2010-09-07,11.39,11.45,11.17,11.26,26760498,309722624.000
2010-09-08,11.25,11.35,11.02,11.22,33150543,379129856.000
2010-09-09,11.25,11.55,11.10,11.40,65945151,770176000.000
2010-09-10,11.36,11.43,10.94,11.16,43266208,495568576.000
2010-09-13,11.28,11.70,11.27,11.55,54026449,639833856.000
2010-09-14,11.59,12.08,11.59,11.92,96389110,1176396160.000
2010-09-15,11.97,12.28,11.56,11.71,66900418,818898048.000
2010-09-16,11.73,12.18,11.66,11.84,69557089,848008320.000
2010-09-17,12.00,12.14,11.65,11.75,41548783,503280544.000
2010-09-20,11.92,12.28,11.62,12.10,74670534,919779840.000
2010-09-21,12.15,12.20,11.85,11.93,33250958,408439392.000
2010-09-27,12.20,12.29,11.93,12.08,50980719,630980608.000
2010-09-28,12.07,12.07,11.51,11.60,62635701,749876352.000
2010-09-29,11.57,11.67,11.37,11.49,32571858,384170752.000
2010-09-30,11.50,11.65,11.46,11.59,38721985,458186848.000
2010-10-08,11.70,12.26,11.55,12.13,69603772,854046848.000
2010-10-11,12.21,13.30,12.21,12.69,121608652,1589529984.000
2010-10-12,12.65,13.65,12.57,13.50,98699012,1343358464.000
2010-10-13,13.54,13.68,13.10,13.47,64771722,890926336.000
2010-10-14,13.50,14.14,13.30,13.56,66804275,942150080.000
2010-10-15,13.37,14.95,13.30,14.90,128501192,1890399232.000
2010-10-18,14.80,15.90,14.38,14.50,102195293,1579367808.000
2010-10-19,14.55,15.36,14.25,15.21,51881879,786980992.000
2010-10-20,15.40,16.18,14.80,15.49,68228555,1084942720.000
2010-10-21,15.70,15.70,14.90,15.18,43986021,682709248.000
2010-10-22,15.18,15.30,14.46,14.85,39842720,604085760.000
2010-10-25,14.94,15.95,14.81,15.92,49338575,778029504.000
2010-10-26,15.75,16.87,15.50,16.56,55117472,910810752.000
2010-10-27,16.20,17.01,15.70,15.73,40987414,678440064.000
2010-10-29,15.64,15.80,14.88,15.28,55647304,864442368.000
2010-11-01,15.29,15.77,14.95,15.73,48531398,757872320.000
2010-11-02,15.70,15.79,14.94,15.01,54438966,850980672.000
2010-11-03,15.00,15.01,14.34,14.51,50347533,748348352.000
2010-11-04,14.70,15.08,14.56,14.93,54315505,821327232.000
2010-11-05,15.25,15.40,14.71,14.74,59167875,901662400.000
2010-11-08,14.78,15.04,14.25,15.02,77008625,1140948992.000
2010-11-09,14.80,15.21,14.61,15.03,58629621,894089344.000
2010-11-10,15.04,15.28,14.69,14.80,46265826,702941376.000
2010-11-11,14.75,15.18,14.45,14.72,72102274,1090707712.000
2010-11-12,14.70,14.70,13.22,13.25,89234647,1263510784.000
2010-11-15,13.28,13.50,13.00,13.20,36362072,491052192.000
2010-11-16,13.21,13.23,12.50,12.70,42181078,555623808.000
2010-11-17,12.55,12.96,12.44,12.58,37219886,485627488.000
2010-11-18,12.60,13.01,12.60,12.91,32476830,427691296.000
2010-11-19,13.05,13.10,12.70,13.09,35607458,470133856.000
2010-11-22,12.97,13.10,12.64,12.73,42165747,555601472.000
2010-11-23,12.65,12.72,11.85,12.04,45778590,570348352.000
2010-11-24,11.95,12.37,11.90,12.30,38018849,476193216.000
2010-11-25,12.39,12.86,12.32,12.83,39081694,507454880.000
2010-11-26,12.76,12.99,12.58,12.60,32075281,418453952.000
2010-11-29,12.61,12.82,12.34,12.58,30473412,392534080.000
2010-11-30,12.59,12.69,11.78,12.15,42816250,531726272.000
2010-12-01,12.14,12.28,11.96,12.12,18083989,225096912.000
2010-12-02,12.35,12.55,12.24,12.26,26925454,342599680.000
2010-12-03,12.40,12.61,12.31,12.45,19734024,251630096.000
2010-12-06,12.45,12.90,12.27,12.71,31231611,404960128.000
2010-12-07,12.58,12.85,12.38,12.72,19283857,248575856.000
2010-12-08,12.73,13.03,12.61,12.67,23035750,301822432.000
2010-12-09,12.54,12.58,11.99,12.08,26737731,336225408.000
2010-12-10,12.10,12.20,11.85,12.19,25019984,308577024.000
2010-12-13,12.22,12.78,12.14,12.72,42981369,546311488.000
2010-12-14,12.71,13.10,12.69,12.86,49358729,651202112.000
2010-12-15,12.90,13.00,12.68,12.75,33881269,444929312.000
2010-12-16,12.71,12.73,12.46,12.52,24897032,321235712.000
2010-12-17,12.55,12.88,12.43,12.85,30772230,397616160.000
2010-12-20,12.82,12.90,12.10,12.49,32281909,414545216.000
2010-12-21,12.47,12.97,12.38,12.88,32832701,427811168.000
2010-12-22,12.79,13.45,12.71,13.04,70105805,945904576.000
2010-12-23,13.04,13.12,12.84,12.90,30357803,404083808.000
2010-12-24,12.88,12.88,12.49,12.74,23925565,310004960.000
2010-12-27,12.85,12.96,12.41,12.47,38263250,498250400.000
2010-12-28,12.30,12.58,12.08,12.30,23382674,296039456.000
2010-12-29,12.25,12.83,12.11,12.80,31174955,397684064.000
2010-12-30,12.72,13.18,12.62,13.11,42354393,561583680.000
2010-12-31,13.25,13.40,13.00,13.38,44174750,596337728.000
2011-01-04,13.48,13.78,13.31,13.55,48414537,671219712.000
2011-01-05,13.48,13.48,12.94,13.07,55253596,743147840.000
2011-01-06,13.03,13.13,12.68,12.73,35139066,460902240.000
2011-01-07,12.72,13.12,12.70,12.80,43349618,570872640.000
2011-01-10,12.80,12.80,12.20,12.35,50785080,647402240.000
2011-01-11,12.36,12.36,12.11,12.27,30637167,383347584.000
2011-01-12,12.35,12.60,12.22,12.58,24362987,309071296.000
2011-01-13,12.65,12.95,12.59,12.79,38608564,504375488.000
2011-01-14,12.89,13.03,12.68,12.69,40388307,530638336.000
2011-01-17,12.55,12.78,11.86,12.01,48877919,618118080.000
2011-01-18,11.97,11.97,11.12,11.53,63044363,739894784.000
2011-01-19,11.40,11.77,11.15,11.72,47180608,554331776.000
2011-01-20,11.68,11.68,10.95,10.97,58448221,674290048.000
2011-01-21,10.90,11.14,10.70,11.01,52474703,589421888.000
2011-01-24,11.03,11.11,10.70,10.79,28041487,314184192.000
2011-01-25,10.83,10.96,10.76,10.86,20370567,227147168.000
2011-01-26,10.93,11.27,10.89,11.24,31043247,354827840.000
2011-01-27,11.10,11.58,11.06,11.34,44672885,522032288.000
2011-01-28,11.34,11.41,11.17,11.37,29325815,339556800.000
2011-01-31,11.30,11.49,11.24,11.39,31640735,369252032.000
2011-02-01,11.39,11.40,11.21,11.27,22909089,265280736.000
2011-02-09,11.20,11.35,10.88,10.94,26622745,303371008.000
2011-02-10,10.93,11.46,10.74,11.41,44919277,512050688.000
2011-02-11,11.41,11.69,11.23,11.44,49379863,580664064.000
2011-02-14,11.51,12.02,11.51,11.90,68891533,838014656.000
2011-02-15,11.96,12.55,11.95,11.99,73001084,914943616.000
2011-02-16,11.99,12.38,11.93,12.24,40151556,501071200.000
2011-02-17,12.43,12.59,12.00,12.22,44697727,561262016.000
2011-02-18,12.28,12.35,11.97,12.08,32682027,406498272.000
2011-02-21,11.90,12.14,11.83,12.12,37605777,461765376.000
2011-02-22,12.14,12.24,11.44,11.49,72806142,874951488.000
2011-02-23,11.43,11.43,11.11,11.34,48269336,557359360.000
2011-02-24,11.22,11.49,11.06,11.43,33687445,391373760.000
2011-02-25,11.43,11.49,11.24,11.40,28138253,328226400.000
2011-02-28,11.45,11.62,11.15,11.53,45302605,528717984.000
2011-03-01,11.54,11.81,11.46,11.63,43448374,519299136.000
2011-03-02,11.50,11.51,11.20,11.38,36446665,424589824.000
2011-03-03,11.32,11.37,11.15,11.17,42961285,496283040.000
2011-03-04,11.20,11.49,11.16,11.48,43802712,510398112.000
2011-03-07,11.48,11.86,11.44,11.78,73725271,884623168.000
2011-03-08,11.79,11.95,11.54,11.80,48548987,583464768.000
2011-03-09,11.86,11.97,11.70,11.77,33595742,406406624.000
2011-03-10,11.82,11.82,11.46,11.49,33146662,393464064.000
2011-03-11,11.40,11.58,11.37,11.40,23190841,272758176.000
2011-03-14,11.30,11.38,10.70,11.24,32398325,371338400.000
2011-03-15,11.21,11.23,10.86,11.01,35277464,398512160.000
2011-03-16,11.03,11.18,11.03,11.16,18454948,210753072.000
2011-03-17,11.07,11.07,10.80,10.85,35998229,403638208.000
2011-03-18,10.95,11.01,10.85,10.94,15028203,168574320.000
2011-03-21,10.93,10.95,10.71,10.79,27975723,310324064.000
2011-03-22,10.84,10.91,10.69,10.84,32254123,357277440.000
2011-03-23,10.82,11.04,10.75,11.00,28808107,322485568.000
2011-03-24,11.02,11.02,10.85,10.87,20053558,224715184.000
2011-03-25,10.88,11.17,10.88,11.03,36537594,415747104.000
2011-03-28,11.07,11.12,10.94,10.98,27216072,307983360.000
2011-03-29,10.99,11.07,10.90,10.95,28511587,321295200.000
2011-03-30,10.94,11.04,10.73,10.91,29865055,332995552.000
2011-03-31,10.96,11.00,10.68,10.71,33484474,369940096.000
2011-04-01,10.70,10.77,10.57,10.76,28769439,315787552.000
2011-04-06,10.74,10.74,10.37,10.47,45232197,486938560.000
2011-04-07,10.45,10.54,10.26,10.50,37304950,397652096.000
2011-04-08,10.47,10.54,10.38,10.50,29172323,314098048.000
2011-04-11,10.51,10.54,10.35,10.36,30853826,330566624.000
2011-04-12,10.36,10.94,10.36,10.92,66662654,734106368.000
2011-04-13,10.92,11.08,10.84,10.94,44926337,504867808.000
2011-04-14,10.95,10.98,10.74,10.76,30487673,338741504.000
2011-04-15,10.76,10.83,10.66,10.76,24147456,266930144.000
2011-04-18,10.67,11.01,10.64,10.95,39237467,439300256.000
2011-04-19,10.88,10.94,10.70,10.73,27451423,304464512.000
2011-04-20,10.79,11.03,10.71,10.99,32746316,365267424.000
2011-04-21,10.96,11.20,10.93,11.19,74315556,847893888.000
2011-04-22,11.18,11.69,11.07,11.36,99776537,1177777408.000
2011-04-25,11.40,11.65,11.15,11.17,52002731,608574592.000
2011-04-26,11.15,11.31,11.00,11.29,34732800,398400192.000
2011-04-27,11.32,11.44,11.10,11.23,31279202,363020160.000
2011-04-28,11.25,11.31,10.64,10.65,39684989,445348768.000
2011-04-29,10.53,10.90,10.48,10.80,27361471,302535456.000
2011-05-03,10.82,10.88,10.67,10.77,20085568,222108352.000
2011-05-04,10.78,10.78,10.45,10.47,25030837,271407936.000
2011-05-05,10.49,10.66,10.44,10.51,12435973,134730320.000
2011-05-06,10.68,10.88,10.63,10.68,30909455,341906208.000
2011-05-09,10.76,10.83,10.58,10.63,19127105,209822560.000
2011-05-10,10.55,10.58,10.30,10.56,14188743,152834848.000
2011-05-11,10.53,10.73,10.48,10.58,26494270,288960096.000
2011-05-12,10.57,10.66,10.36,10.37,21033862,227054192.000
2011-05-13,10.40,10.49,10.22,10.43,17126400,181933856.000
2011-05-16,10.42,10.42,10.24,10.27,15413154,163085072.000
2011-05-17,10.30,10.33,10.00,10.16,17928959,187389280.000
2011-05-18,10.18,10.34,10.12,10.33,12526130,131942032.000
2011-05-19,10.29,10.30,10.11,10.14,11214656,117715808.000
2011-05-20,10.16,10.16,10.00,10.04,14379047,148946720.000
2011-05-23,10.00,10.03,9.54,9.57,27606747,275951328.000
2011-05-24,9.57,9.65,9.47,9.59,11940240,117671912.000
2011-05-25,9.59,9.59,9.19,9.21,18024054,174410384.000
2011-05-27,9.31,9.33,9.08,9.10,14575639,137890528.000
2011-05-30,9.09,9.22,8.90,9.00,14151221,132476400.000
2011-05-31,8.98,9.25,8.95,9.21,16624027,157523408.000
2011-06-01,9.20,9.20,9.11,9.17,8991297,84999344.000
2011-06-02,9.10,9.14,8.95,9.01,14528506,135429488.000
2011-06-03,9.03,9.27,9.03,9.17,14313562,135688976.000
2011-06-07,9.15,9.24,9.11,9.21,7251323,68883616.000
2011-06-08,9.21,9.26,9.02,9.23,13163957,123994312.000
2011-06-09,9.18,9.19,8.86,8.91,15836557,147374048.000
2011-06-10,8.96,9.11,8.90,8.98,7865711,71969968.000
2011-06-13,8.93,8.94,8.72,8.79,13621770,122094960.000
2011-06-14,8.78,8.97,8.75,8.89,12144272,110117960.000
2011-06-15,8.90,8.95,8.82,8.82,10944981,99085024.000
2011-06-16,8.82,9.25,8.78,9.12,44915718,417595904.000
2011-06-17,9.00,9.22,9.00,9.12,17975278,167631056.000
2011-06-20,9.17,9.19,8.94,8.98,9674268,88992992.000
2011-06-21,8.96,9.05,8.91,8.96,11369200,103992864.000
2011-06-22,8.97,9.06,8.86,9.04,16271235,148789360.000
2011-06-23,8.96,9.19,8.88,9.11,12132510,111915688.000
2011-06-24,9.27,9.77,9.27,9.70,47237487,458525184.000
2011-06-27,9.83,9.98,9.60,9.67,31755393,316027616.000
2011-06-28,9.62,9.76,9.58,9.65,16047806,158025344.000
2011-06-29,9.62,9.67,9.32,9.33,19770088,190564256.000
2011-06-30,9.32,9.53,9.30,9.41,25035948,239901136.000
2011-07-01,9.41,9.49,9.33,9.40,13358589,128214032.000
2011-07-04,9.50,9.72,9.45,9.69,22366180,219424048.000
2011-07-05,9.70,9.94,9.70,9.79,23691685,236594160.000
2011-07-06,9.74,9.88,9.63,9.81,16691840,165905344.000
2011-07-07,9.75,10.34,9.73,10.04,52475092,538059904.000
2011-07-08,10.04,10.13,9.91,10.02,16243787,165632560.000
2011-07-11,10.07,10.29,10.04,10.19,21889421,227371104.000
2011-07-12,10.10,10.10,9.83,9.84,15779467,159904528.000
2011-07-13,9.86,10.18,9.85,10.15,33253419,338956288.000
2011-07-14,10.15,10.21,9.96,10.15,22227490,228107520.000
2011-07-15,10.12,10.37,10.07,10.23,22266890,232564336.000
2011-07-18,10.26,10.32,10.17,10.24,15370732,160233168.000
2011-07-19,10.18,10.20,9.88,9.97,15044320,152880496.000
2011-07-20,9.99,10.06,9.74,9.79,16577073,166034864.000
2011-07-21,9.86,9.86,9.62,9.64,12748474,126002552.000
2011-07-22,9.65,9.74,9.55,9.63,9832884,96707240.000
2011-07-25,9.94,10.02,9.49,9.52,41451897,413293888.000
2011-07-26,9.52,10.38,9.49,10.19,53108294,541914304.000
2011-07-27,10.09,10.09,9.77,9.89,31061766,312893632.000
2011-07-28,9.80,10.17,9.72,9.97,25754001,262131744.000
2011-07-29,9.97,10.02,9.68,9.77,15473163,154388416.000
2011-08-01,9.75,9.87,9.62,9.67,12297364,121537152.000
2011-08-02,9.64,9.71,9.31,9.40,17839324,170859552.000
2011-08-03,9.27,9.30,9.12,9.22,17456194,163964816.000
2011-08-04,9.22,9.36,9.22,9.33,8762068,82842416.000
2011-08-05,9.10,9.50,8.90,9.20,19337202,183004448.000
2011-08-08,9.02,9.10,8.44,8.64,27776780,249004592.000
2011-08-09,8.44,8.78,8.38,8.73,21154064,185506960.000
2011-08-10,8.87,9.00,8.74,8.80,13941345,126616872.000
2011-08-11,8.72,9.40,8.62,9.24,35499793,330627200.000
2011-08-12,9.29,9.45,9.16,9.23,22148901,210254288.000
2011-08-15,9.27,9.37,9.13,9.32,11807721,111293176.000
2011-08-16,9.41,9.46,9.22,9.25,19114607,182365136.000
2011-08-17,9.26,9.43,9.22,9.32,20606151,196028144.000
2011-08-18,9.29,9.29,9.00,9.01,12652606,117456968.000
2011-08-19,8.92,9.08,8.79,8.89,14572449,132196200.000
2011-08-22,8.85,8.94,8.73,8.80,9726654,87540568.000
2011-08-23,8.83,8.96,8.77,8.89,10584039,95498408.000
2011-08-24,8.95,8.95,8.82,8.84,7516755,68084456.000
2011-08-25,8.82,9.53,8.82,9.44,43860395,413438560.000
2011-08-26,9.32,9.46,9.20,9.36,21995801,209553952.000
2011-08-29,9.22,9.32,9.15,9.20,9844437,92405200.000
2011-08-30,9.27,9.38,9.16,9.18,11742708,111143984.000
2011-08-31,9.12,9.22,9.00,9.05,11404788,105534056.000
2011-09-01,9.20,9.20,8.81,8.84,20008209,182458256.000
2011-09-02,8.85,8.89,8.51,8.54,29196440,257394160.000
2011-09-05,8.48,8.62,8.42,8.54,10901228,94976920.000
2011-09-06,8.60,8.69,8.44,8.56,10678829,93329904.000
2011-09-07,8.65,8.69,8.52,8.68,11590492,102028944.000
2011-09-08,8.70,8.75,8.57,8.60,8450923,74675504.000
2011-09-09,8.70,8.74,8.50,8.60,6572623,57714520.000
2011-09-13,8.49,8.50,8.41,8.47,5544218,47818340.000
2011-09-14,8.52,8.56,8.36,8.51,6057996,52332836.000
2011-09-15,8.52,8.65,8.48,8.56,7664863,67082680.000
2011-09-16,8.62,8.65,8.47,8.51,7918504,68950304.000
2011-09-19,8.47,8.48,8.25,8.27,8351661,71078352.000
2011-09-20,8.27,8.36,8.17,8.27,5781540,48754004.000
2011-09-21,8.29,8.51,8.20,8.47,17105485,146976528.000
2011-09-22,8.38,8.41,8.14,8.16,13636823,115156072.000
2011-09-23,8.02,8.16,7.94,8.00,14152878,116109968.000
2011-09-26,7.97,8.09,7.84,7.87,8949934,72741256.000
2011-09-27,7.97,8.00,7.85,7.93,9732729,78846744.000
2011-09-28,8.01,8.04,7.79,7.81,8042774,64936160.000
2011-09-29,7.80,7.82,7.65,7.67,7809125,61786056.000
2011-09-30,7.67,7.76,7.62,7.68,6417977,50538688.000
2011-10-10,7.77,7.87,7.72,7.73,5700027,45360376.000
2011-10-11,7.94,7.99,7.66,7.76,8821400,70759520.000
2011-10-12,7.77,8.14,7.72,8.08,19980085,163424192.000
2011-10-13,8.07,8.14,8.02,8.10,11488665,94766528.000
2011-10-14,8.08,8.10,7.95,8.01,6537326,53574432.000
2011-10-17,8.04,8.07,7.82,7.88,15975470,129332560.000
2011-10-18,7.85,7.87,7.62,7.64,11153692,88245392.000
2011-10-19,7.70,7.74,7.62,7.64,6808547,53345680.000
2011-10-20,7.62,7.64,7.34,7.39,9177212,69792992.000
2011-10-21,7.42,7.45,7.34,7.36,5396714,40878088.000
2011-10-24,7.42,7.59,7.32,7.56,8340857,63842640.000
2011-10-25,7.52,7.69,7.45,7.67,13055779,101710000.000
2011-10-26,7.62,7.84,7.59,7.74,16531081,130762448.000
2011-10-27,7.80,7.94,7.70,7.79,18163019,144964656.000
2011-10-28,7.89,7.97,7.83,7.87,21509511,173757760.000
2011-10-31,7.88,7.90,7.71,7.80,13977294,111329264.000
2011-11-01,7.80,7.86,7.70,7.76,16605802,132355696.000
2011-11-02,7.63,7.85,7.60,7.82,14944834,118153144.000
2011-11-03,7.86,8.19,7.86,8.08,37789797,309808288.000
2011-11-04,8.07,8.15,8.02,8.07,20621278,170220864.000
2011-11-07,8.04,8.07,7.95,7.97,9299800,76067624.000
2011-11-08,8.02,8.04,7.90,8.00,10414582,84885376.000
2011-11-09,8.06,8.09,7.91,8.02,13917829,113885768.000
2011-11-10,7.95,7.95,7.82,7.82,10307582,82976432.000
2011-11-11,7.87,7.88,7.74,7.76,5822536,46522320.000
2011-11-14,7.83,7.96,7.80,7.93,7340615,59246692.000
2011-11-15,7.95,8.02,7.92,7.99,9654955,78749504.000
2011-11-16,7.99,8.02,7.77,7.79,9906431,79658632.000
2011-11-17,7.82,7.84,7.72,7.76,6663499,53019960.000
2011-11-18,7.72,7.79,7.57,7.58,7872264,61579772.000
2011-11-21,7.62,7.64,7.43,7.48,7234684,55434580.000
2011-11-22,7.45,7.50,6.96,7.06,45707073,334182048.000
2011-11-23,7.08,7.09,6.95,7.01,13463302,96641120.000
2011-11-24,6.96,7.05,6.87,7.00,9936782,70942032.000
2011-11-28,6.92,7.00,6.88,6.92,8059652,57351416.000
2011-11-29,7.01,7.04,6.90,7.02,11172102,80056264.000
2011-11-30,6.98,7.01,6.60,6.66,15582319,108300096.000
2011-12-01,6.92,6.93,6.74,6.78,18214832,127778272.000
2011-12-02,6.79,6.79,6.55,6.62,10223235,69510736.000
2011-12-05,6.65,6.65,6.32,6.40,13356038,88743552.000
2011-12-06,6.37,6.41,6.25,6.29,12184634,79051528.000
2011-12-07,6.30,6.32,6.21,6.27,8821747,56910056.000
2011-12-08,6.27,6.36,6.19,6.33,10997418,71059440.000
2011-12-09,6.27,6.40,6.26,6.35,9190980,59860664.000
2011-12-12,6.32,6.39,6.27,6.28,5152124,33541040.000
2011-12-13,6.27,6.28,6.07,6.08,9126633,57681008.000
2011-12-14,6.08,6.11,5.91,5.94,7100069,43955980.000
2011-12-15,5.92,5.93,5.64,5.66,11493174,68614128.000
2011-12-16,5.67,6.01,5.57,5.93,17197882,101627704.000
2011-12-19,5.84,5.94,5.62,5.83,11431802,67871576.000
2011-12-20,5.82,5.94,5.75,5.77,11957225,71835336.000
2011-12-21,5.82,5.92,5.78,5.91,24730266,149484336.000
2011-12-22,5.86,6.05,5.72,6.04,31742048,193240288.000
2011-12-23,6.02,6.20,5.97,6.15,23085646,145052096.000
2011-12-26,6.12,6.18,6.04,6.16,8853095,55573008.000
2011-12-27,6.15,6.18,6.06,6.10,8151102,51357048.000
2011-12-28,6.07,6.15,6.03,6.14,10076387,63135280.000
2011-12-29,6.11,6.19,6.08,6.14,9743478,61616032.000
2011-12-30,6.17,6.22,6.13,6.19,10699879,68070496.000
2012-01-04,6.25,6.32,6.13,6.16,8716934,55752460.000
2012-01-05,6.15,6.16,6.01,6.10,15076004,94357360.000
2012-01-06,6.05,6.12,6.04,6.11,8694378,54359168.000
2012-01-09,6.15,6.32,6.07,6.31,16719197,107193264.000
2012-01-10,6.32,6.70,6.30,6.66,24699128,165785648.000
2012-01-11,6.66,6.70,6.50,6.65,16708555,113061344.000
2012-01-12,6.60,6.67,6.56,6.60,11186793,75987728.000
2012-01-13,6.60,6.63,6.46,6.49,12103954,81086736.000
2012-01-16,6.42,6.50,6.35,6.38,9615825,63449680.000
2012-01-17,6.38,6.70,6.37,6.68,14763717,99890552.000
2012-01-18,6.62,6.83,6.56,6.59,14630950,100575120.000
2012-01-19,6.62,7.17,6.58,6.82,37598493,266464944.000
2012-01-30,6.73,6.81,6.63,6.65,10967494,75640960.000
2012-01-31,6.70,6.71,6.56,6.62,4824302,32745968.000
2012-02-01,6.62,6.67,6.48,6.50,5762718,38845632.000
2012-02-02,6.50,6.61,6.45,6.59,9515127,63725128.000
2012-02-03,6.54,6.71,6.54,6.65,12335703,83995264.000
2012-02-06,6.67,6.86,6.53,6.60,14849651,101051240.000
2012-02-07,6.53,6.55,6.24,6.32,17242387,112772840.000
2012-02-08,6.32,6.52,6.27,6.47,16198741,106752840.000
2012-02-09,6.44,6.57,6.43,6.53,11515171,77074728.000
2012-02-10,6.53,6.66,6.48,6.52,14566838,98181200.000
2012-02-13,6.48,6.62,6.41,6.52,14502795,97335968.000
2012-02-14,6.52,6.55,6.34,6.39,21403877,140898256.000
2012-02-15,6.37,6.61,6.36,6.52,30745240,206198384.000
2012-02-16,6.50,6.58,6.39,6.45,16809317,111992288.000
2012-02-17,6.50,6.54,6.44,6.51,10961218,73208368.000
2012-02-20,6.57,6.60,6.48,6.49,12802518,86141480.000
2012-02-21,6.51,6.52,6.40,6.51,9256094,61490384.000
2012-02-22,6.52,6.69,6.48,6.68,26132840,177158208.000
2012-02-23,6.67,6.76,6.62,6.68,18602888,127493352.000
2012-02-24,6.69,6.92,6.63,6.88,32774505,227891232.000
2012-02-27,6.89,7.25,6.85,7.08,61233577,445008960.000
2012-02-28,7.07,7.11,6.93,7.00,25275216,181464208.000
2012-02-29,6.95,7.02,6.83,6.83,17171466,121734064.000
2012-03-01,6.83,6.90,6.79,6.82,15888421,111765312.000
2012-03-02,6.83,6.93,6.83,6.92,17281513,122162344.000
2012-03-05,6.96,6.97,6.85,6.87,18255727,129183880.000
2012-03-06,6.87,6.87,6.72,6.73,13138015,91408256.000
2012-03-07,6.65,6.77,6.64,6.70,11005932,75809024.000
2012-03-08,6.66,6.81,6.66,6.76,11601664,80431272.000
2012-03-09,6.77,6.84,6.71,6.83,15206705,105473704.000
2012-03-12,6.82,6.83,6.68,6.74,16848459,116797208.000
2012-03-13,6.74,6.82,6.69,6.82,12821419,89088976.000
2012-03-14,6.88,6.93,6.54,6.59,23913981,166368256.000
2012-03-15,6.58,6.64,6.40,6.45,17527942,117491408.000
2012-03-16,6.49,6.56,6.39,6.55,13963310,92885520.000
2012-03-19,6.53,6.55,6.47,6.54,10424034,69796824.000
2012-03-20,6.46,6.51,6.31,6.36,12750065,83617904.000
2012-03-21,6.41,6.44,6.28,6.35,10442416,68240416.000
2012-03-22,6.35,6.39,6.32,6.36,7453871,48735640.000
2012-03-23,6.35,6.36,6.25,6.27,8632117,55816212.000
2012-03-26,6.27,6.31,6.21,6.22,9037444,58202448.000
2012-03-27,6.27,6.28,6.07,6.09,11968675,76129680.000
2012-03-28,6.04,6.13,5.81,5.82,19548104,119215936.000
2012-03-29,5.82,5.83,5.62,5.66,16418867,96850240.000
2012-03-30,5.62,5.75,5.62,5.70,7988064,47006136.000
2012-04-05,5.72,5.84,5.70,5.81,10464856,62363964.000
2012-04-06,5.81,5.82,5.74,5.78,9528953,56760668.000
2012-04-09,5.78,5.97,5.71,5.86,15511810,93474968.000
2012-04-10,5.80,5.88,5.76,5.88,8748528,52512220.000
2012-04-11,5.83,5.92,5.77,5.86,7225888,43471760.000
2012-04-12,5.87,5.99,5.86,5.98,10910973,66782364.000
2012-04-13,6.00,6.05,5.97,6.01,8587041,53249272.000
2012-04-16,6.01,6.05,5.92,5.99,12833785,79140632.000
2012-04-17,5.97,6.02,5.92,5.95,7541709,46351480.000
2012-04-18,5.93,6.10,5.93,6.08,9284029,57737444.000
2012-04-19,6.08,6.11,6.04,6.07,7971215,49884520.000
2012-04-27,6.15,6.34,6.12,6.17,27369270,175517584.000
2012-05-02,6.32,6.50,6.17,6.40,28906684,189149216.000
2012-05-03,6.44,6.71,6.44,6.53,45099237,304780224.000
2012-05-04,6.53,6.61,6.48,6.53,19725612,132882288.000
2012-05-07,6.55,6.67,6.39,6.51,29402582,196869152.000
2012-05-08,6.45,6.47,6.33,6.39,19113688,125598832.000
2012-05-09,6.32,6.35,6.22,6.27,17338545,111786056.000
2012-05-10,6.32,6.34,6.11,6.16,21215421,135522352.000
2012-05-11,6.17,6.18,6.05,6.10,12785002,80406608.000
2012-05-14,6.14,6.16,5.97,5.97,20239307,125473328.000
2012-05-15,5.92,5.92,5.83,5.90,14287084,86391560.000
2012-05-16,5.91,5.91,5.79,5.83,16980808,102167472.000
2012-05-17,5.83,6.03,5.75,6.01,23659008,144071088.000
2012-05-18,5.93,6.02,5.88,5.93,15992459,98081272.000
2012-05-21,5.94,5.97,5.80,5.86,11547270,69721360.000
2012-05-22,5.90,5.94,5.85,5.93,11773362,71433024.000
2012-05-23,5.90,5.94,5.84,5.89,12626727,76648304.000
2012-05-25,5.92,5.97,5.83,5.85,15857654,96396152.000
2012-05-28,5.84,5.94,5.69,5.90,32674323,194094016.000
2012-05-29,5.89,6.11,5.86,6.09,36229825,224385200.000
2012-05-30,6.06,6.12,6.00,6.05,17992511,112191120.000
2012-05-31,6.05,6.14,6.01,6.07,17568446,110161744.000
2012-06-01,6.11,6.20,6.09,6.13,14862952,93994000.000
2012-06-04,6.06,6.06,5.80,5.82,14922960,91003920.000
2012-06-05,5.81,6.22,5.81,6.04,24030946,149103840.000
2012-06-06,6.02,6.07,5.98,6.06,9856223,61148968.000
2012-06-07,6.10,6.12,5.99,6.03,9523063,59449084.000
2012-06-08,6.09,6.18,6.04,6.11,22027373,138378560.000
2012-06-11,6.09,6.09,5.91,6.03,12644764,78179088.000
2012-06-12,6.00,6.02,5.88,5.89,9328636,57019728.000
2012-06-13,5.91,6.01,5.83,5.97,11898643,73022848.000
2012-06-14,5.94,5.98,5.89,5.91,6699137,40901800.000
2012-06-15,5.93,5.94,5.86,5.87,7276674,44189628.000
2012-06-18,5.92,5.95,5.88,5.93,6403239,39057808.000
2012-06-19,5.92,5.93,5.87,5.92,4956309,30168328.000
2012-06-20,5.92,6.01,5.90,5.99,10923115,67096384.000
2012-06-21,6.00,6.04,5.89,5.92,14847536,91328840.000
2012-06-25,5.91,5.99,5.84,5.84,12525106,76345992.000
2012-06-27,5.86,6.00,5.82,5.82,18109210,110340576.000
2012-06-28,5.82,5.94,5.77,5.82,19462055,116892176.000
2012-06-29,5.82,6.02,5.77,5.97,24298664,147469248.000
2012-07-02,5.94,6.06,5.92,6.01,15596340,96505224.000
2012-07-03,6.02,6.07,5.99,6.02,15343994,95313832.000
2012-07-04,6.02,6.06,6.00,6.05,9886938,61406768.000
2012-07-05,6.01,6.05,5.89,5.93,14457836,88741208.000
2012-07-06,5.94,6.03,5.89,5.97,15936354,98015600.000
2012-07-09,5.95,6.11,5.94,6.02,24555416,152239088.000
2012-07-10,6.07,6.17,6.05,6.17,22778073,143351808.000
2012-07-11,6.16,6.18,6.06,6.15,15259642,96462056.000
2012-07-12,6.13,6.32,6.03,6.28,22178406,141437200.000
2012-07-13,6.24,6.34,6.21,6.25,14365449,92691944.000
2012-07-16,6.26,6.43,6.12,6.23,25809373,167323616.000
2012-07-17,6.27,6.34,6.19,6.29,9713356,61820408.000
2012-07-18,6.23,6.37,6.15,6.30,13839163,87367232.000
2012-07-19,6.31,6.48,6.21,6.44,19846882,128692760.000
2012-07-20,6.42,6.44,6.32,6.38,13971184,89917928.000
2012-07-23,6.27,6.32,6.22,6.27,7403848,46879184.000
2012-07-24,6.22,6.34,6.17,6.18,12509946,78563664.000
2012-07-25,6.19,6.22,5.94,6.01,14420641,88247816.000
2012-07-26,6.02,6.03,5.84,5.86,9967400,59743032.000
2012-07-27,5.88,5.95,5.87,5.94,6845163,40916280.000
2012-07-30,6.00,6.05,5.93,5.98,8082922,49003612.000
2012-07-31,5.94,6.04,5.92,5.99,6593118,39917140.000
2012-08-01,6.00,6.08,5.96,5.99,6338225,38567548.000
2012-08-02,5.99,6.02,5.76,5.88,9182462,54742360.000
2012-08-03,5.88,5.91,5.82,5.88,5013605,29691128.000
2012-08-06,5.88,5.91,5.63,5.80,35391964,205379120.000
2012-08-07,5.74,5.75,5.67,5.74,16906674,97507840.000
2012-08-08,5.74,5.74,5.68,5.71,13366284,77051688.000
2012-08-09,5.71,5.74,5.69,5.73,10220795,59030712.000
2012-08-10,5.72,5.76,5.66,5.71,9805881,56634136.000
2012-08-13,5.69,5.71,5.64,5.65,7238513,41532532.000
2012-08-14,5.66,5.68,5.43,5.53,15877021,88953560.000
2012-08-15,5.50,5.52,5.43,5.45,9161430,50477580.000
2012-08-16,5.46,5.46,5.32,5.36,12638825,68896256.000
2012-08-17,5.36,5.36,5.18,5.26,15778043,83770896.000
2012-08-20,5.20,5.21,5.11,5.14,15157349,78855656.000
2012-08-21,5.14,5.19,5.13,5.18,14356544,75090768.000
2012-08-22,5.18,5.18,5.02,5.03,15640646,80183264.000
2012-08-23,5.04,5.05,4.97,5.04,13817644,70209384.000
2012-08-24,4.99,5.03,4.94,4.96,11444698,57708424.000
2012-08-27,4.96,4.96,4.81,4.82,12602242,61905260.000
2012-08-28,4.81,4.86,4.73,4.83,11070615,53725708.000
2012-08-29,4.81,4.84,4.74,4.74,6110978,29627224.000
2012-08-30,4.76,4.79,4.71,4.77,6886435,33133928.000
2012-08-31,4.76,4.79,4.74,4.78,5044103,24350936.000
2012-09-03,4.76,4.77,4.66,4.74,11719436,56184192.000
2012-09-04,4.74,4.75,4.59,4.60,13378102,63265108.000
2012-09-05,4.61,4.62,4.46,4.47,16247628,74305672.000
2012-09-06,4.47,4.59,4.46,4.59,15210543,69851976.000
2012-09-07,4.61,4.99,4.61,4.91,41678775,203694496.000
2012-09-10,4.91,4.93,4.82,4.92,19037126,93943896.000
2012-09-11,4.87,4.89,4.80,4.89,12727768,62414252.000
2012-09-12,4.93,5.07,4.90,4.97,14987560,75291208.000
2012-09-13,4.96,4.98,4.89,4.93,11439454,57331992.000
2012-09-14,4.97,5.00,4.89,4.93,9732299,48610500.000
2012-09-17,4.94,4.94,4.76,4.77,9124071,44740976.000
2012-09-18,4.74,4.75,4.64,4.67,9893450,46891248.000
2012-09-19,4.66,4.71,4.63,4.65,8446807,39851948.000
2012-09-20,4.65,4.77,4.59,4.59,12514239,59131792.000
2012-09-21,4.58,4.84,4.55,4.76,22627503,109257272.000
2012-09-24,4.73,4.77,4.60,4.74,10251500,48743480.000
2012-09-25,4.75,4.78,4.66,4.68,5419742,25879382.000
2012-09-26,4.67,4.73,4.62,4.63,6324776,29932986.000
2012-09-27,4.64,4.99,4.63,4.86,19654250,96381840.000
2012-09-28,4.80,4.96,4.80,4.92,19358261,95862320.000
2012-10-08,4.95,5.02,4.87,4.91,11276982,56396640.000
2012-10-23,5.02,5.06,4.83,4.86,23357751,116331296.000
2012-10-24,4.84,4.96,4.82,4.94,17239536,85988784.000
2012-10-25,4.92,5.34,4.92,5.04,29823604,153929040.000
2012-10-26,5.03,5.06,4.85,4.98,18525454,92687424.000
2012-10-29,4.96,5.04,4.87,4.95,9586487,48071624.000
2012-10-30,4.95,5.18,4.95,5.00,14272667,72682816.000
2012-10-31,4.99,5.14,4.95,5.00,13471981,68323776.000
2012-11-01,5.03,5.06,4.98,5.05,16310757,83109336.000
2012-11-02,5.06,5.08,4.97,5.04,10438249,53104332.000
2012-11-05,5.04,5.11,5.02,5.07,11716633,60124128.000
2012-11-06,5.06,5.06,4.92,4.95,11979536,60171840.000
2012-11-07,4.94,4.97,4.90,4.91,7912852,39487004.000
2012-11-08,4.91,4.91,4.79,4.80,7675257,37749232.000
2012-11-09,4.77,4.82,4.69,4.76,7311184,35113580.000
2012-11-12,4.77,4.79,4.71,4.79,9911578,47758784.000
2012-11-13,4.80,4.82,4.65,4.68,9811901,46736516.000
2012-11-14,4.69,4.72,4.65,4.71,8788466,41793112.000
2012-11-15,4.67,4.69,4.61,4.63,4785441,22555648.000
2012-11-16,4.64,4.65,4.47,4.56,11879222,54731500.000
2012-11-19,4.55,4.55,4.44,4.51,7673221,34948420.000
2012-11-20,4.52,4.54,4.44,4.49,7547744,34281096.000
2012-11-21,4.50,4.58,4.47,4.57,7551716,34600596.000
2012-11-22,4.54,4.56,4.52,4.56,4570845,21032064.000
2012-11-23,4.57,4.61,4.53,4.59,6518319,30223550.000
2012-11-26,4.59,4.59,4.54,4.56,5907913,27310448.000
2012-11-27,4.54,4.57,4.47,4.48,6858720,31388064.000
2012-11-28,4.45,4.53,4.44,4.49,6231627,28322552.000
2012-11-29,4.50,4.66,4.49,4.63,11058630,51438180.000
2012-11-30,4.61,4.66,4.56,4.60,19672519,92178344.000
2012-12-03,4.60,4.65,4.58,4.59,6099614,28506696.000
2012-12-04,4.60,4.63,4.48,4.60,7415324,34166152.000
2012-12-05,4.61,4.89,4.56,4.85,22286027,107880208.000
2012-12-06,4.85,4.94,4.79,4.90,12634079,62138820.000
2012-12-07,4.88,5.04,4.85,4.97,15953411,80322240.000
2012-12-10,5.01,5.07,4.94,5.01,14259355,72245520.000
2012-12-11,5.01,5.01,4.94,4.96,9448007,47484244.000
2012-12-12,4.96,5.01,4.92,4.98,9038981,45317376.000
2012-12-13,4.98,5.02,4.95,4.97,9999795,50483368.000
2012-12-14,5.02,5.32,4.99,5.29,31316487,164226384.000
2012-12-17,5.29,5.61,5.29,5.55,36988623,205796544.000
2012-12-18,5.55,5.79,5.46,5.55,28987492,164835776.000
2012-12-19,5.55,5.62,5.43,5.51,15530591,86391648.000
2012-12-20,5.46,5.61,5.44,5.59,21957807,122825416.000
2012-12-21,5.59,5.77,5.54,5.55,15382135,88014088.000
2012-12-24,5.55,5.60,5.43,5.46,11970929,66707676.000
2012-12-25,5.46,5.70,5.42,5.65,23291597,131907104.000
2012-12-26,5.64,5.71,5.58,5.65,12253345,69692680.000
2012-12-27,5.67,5.73,5.61,5.71,13548567,77871496.000
2012-12-28,5.71,5.80,5.64,5.79,11992392,69192728.000
2012-12-31,5.79,5.95,5.74,5.94,17654080,104119248.000
2013-01-04,5.98,6.01,5.64,5.75,27060812,158217968.000
2013-01-07,5.75,5.79,5.58,5.67,19769979,112691368.000
2013-01-08,5.64,5.67,5.52,5.63,17292240,97916752.000
2013-01-09,5.60,5.66,5.55,5.62,16472381,93307800.000
2013-01-10,5.63,5.74,5.59,5.72,24046040,138063968.000
2013-01-11,5.71,5.83,5.57,5.61,21295167,123135984.000
2013-01-14,5.62,5.78,5.58,5.73,23653994,136433744.000
2013-01-15,5.74,5.79,5.66,5.73,43429538,251142368.000
2013-01-16,5.69,5.82,5.59,5.68,37849137,218248320.000
2013-01-17,5.62,5.70,5.57,5.61,21707091,123677656.000
2013-01-18,5.64,5.86,5.61,5.84,29272547,170256448.000
2013-01-21,5.85,6.13,5.84,5.99,49407959,299845024.000
2013-01-22,6.06,6.13,5.86,5.93,36552485,220749920.000
2013-01-23,5.86,6.01,5.85,5.98,21970490,132191528.000
2013-01-24,5.99,6.05,5.85,5.90,31196914,188298624.000
2013-01-25,5.87,5.97,5.80,5.87,18990691,112548152.000
2013-01-28,5.87,6.09,5.84,6.06,33613916,202755616.000
2013-01-29,6.08,6.08,5.88,5.94,25547173,153811296.000
2013-01-30,5.94,6.00,5.87,5.96,17247880,103322824.000
2013-01-31,5.96,6.09,5.85,5.90,34703988,208831584.000
2013-02-01,5.86,5.98,5.83,5.84,26835924,159370928.000
2013-02-04,5.86,5.93,5.82,5.92,19285793,114526768.000
2013-02-05,5.92,6.09,5.84,6.02,34357349,206940272.000
2013-02-06,6.02,6.07,5.98,5.99,14539436,88215904.000
2013-02-07,5.96,6.05,5.88,6.03,23496523,141802736.000
2013-02-08,6.03,6.05,5.97,6.00,16877927,102491424.000
2013-02-18,5.96,6.02,5.90,5.97,23587051,142445440.000
2013-02-19,5.96,6.01,5.85,5.88,15009072,90014512.000
2013-02-20,5.87,5.93,5.64,5.72,28166264,163798272.000
2013-02-21,5.67,5.68,5.46,5.49,37445464,209101632.000
2013-02-22,5.48,5.52,5.40,5.41,17037294,93838976.000
2013-02-25,5.41,5.48,5.39,5.45,12296180,67602200.000
2013-02-26,5.44,5.46,5.29,5.35,18418616,100809256.000
2013-02-27,5.33,5.42,5.22,5.30,18302096,97925712.000
2013-02-28,5.30,5.49,5.29,5.49,16011015,87700008.000
2013-03-01,5.49,5.49,5.32,5.45,15997485,87574120.000
2013-03-04,5.33,5.40,5.24,5.27,22239121,119587056.000
2013-03-05,5.29,5.50,5.29,5.47,19953797,109126976.000
2013-03-06,5.51,5.65,5.34,5.63,25612379,142228464.000
2013-03-07,5.57,5.64,5.45,5.55,22195071,124736680.000
2013-03-08,5.53,5.57,5.49,5.54,7702665,43062724.000
2013-03-11,5.52,5.54,5.41,5.45,12172685,67237144.000
2013-03-12,5.44,5.48,5.29,5.37,17003143,92254000.000
2013-03-13,5.37,5.37,5.21,5.24,13845625,73640592.000
2013-03-14,5.21,5.35,5.20,5.27,11360840,60920864.000
2013-03-15,5.37,5.63,5.37,5.61,39199597,219174640.000
2013-03-18,5.57,5.59,5.44,5.48,13069561,72944976.000
2013-03-19,5.55,5.56,5.47,5.51,9884202,55167648.000
2013-03-20,5.52,5.66,5.47,5.62,11830433,67100736.000
2013-03-21,5.65,5.71,5.63,5.70,14114401,81029920.000
2013-03-22,5.70,5.76,5.65,5.74,10712630,61907996.000
2013-03-25,5.77,5.81,5.73,5.78,12309564,71964792.000
2013-03-26,5.74,5.77,5.56,5.65,8371594,47772760.000
2013-03-27,5.67,5.77,5.64,5.73,11653238,67298592.000
2013-03-28,5.56,5.72,5.54,5.64,11145145,63381584.000
2013-03-29,5.68,5.68,5.49,5.50,6585165,37044840.000
2013-04-01,5.44,5.51,5.32,5.34,13570839,74248560.000
2013-04-02,5.34,5.46,5.30,5.40,8165377,44383816.000
2013-04-03,5.43,5.43,5.23,5.27,14837358,79525496.000
2013-04-08,4.94,5.14,4.82,5.09,31213028,156771056.000
2013-04-09,5.09,5.21,5.05,5.13,10694318,55690672.000
2013-04-10,5.12,5.16,5.09,5.10,5801801,30009914.000
2013-04-11,5.16,5.19,5.10,5.11,8110262,42161500.000
2013-04-12,5.11,5.14,5.00,5.06,11111854,56652780.000
2013-04-15,5.03,5.09,4.96,5.07,7748941,39450216.000
2013-04-16,5.07,5.18,4.98,5.15,14713985,75773248.000
2013-04-17,5.14,5.25,5.10,5.25,17262903,90727176.000
2013-04-18,5.22,5.39,5.21,5.38,14300577,77377496.000
2013-04-19,5.36,5.47,5.35,5.45,13584743,74604552.000
2013-04-22,5.38,5.45,5.32,5.41,13726851,74610048.000
2013-04-23,5.41,5.41,5.19,5.22,14406045,76591544.000
2013-04-24,5.22,5.33,5.22,5.33,10735209,57173372.000
2013-04-25,5.36,5.36,5.23,5.25,7487076,39966684.000
2013-04-26,5.27,5.31,5.14,5.17,5166291,27123900.000
2013-05-02,5.14,5.24,5.11,5.20,5911404,30952734.000
2013-05-03,5.24,5.40,5.21,5.34,10537779,56981780.000
2013-05-06,5.33,5.44,5.32,5.42,7001350,38317348.000
2013-05-07,5.36,5.38,5.29,5.37,6263599,33836128.000
2013-05-08,5.44,5.49,5.41,5.45,7839575,43258092.000
2013-05-09,5.49,5.49,5.33,5.37,6219147,33899432.000
2013-05-10,5.34,5.45,5.34,5.41,8340890,45655120.000
2013-05-13,5.41,5.45,5.38,5.42,5561229,30432864.000
2013-05-14,5.41,5.46,5.25,5.28,7204369,38833612.000
2013-05-15,5.31,5.31,5.25,5.28,6404585,34147272.000
2013-05-16,5.24,5.39,5.24,5.32,5752013,30842800.000
2013-05-17,5.32,5.48,5.28,5.46,10040805,54759748.000
2013-05-20,5.47,5.52,5.41,5.47,8095552,44746688.000
2013-05-21,5.46,5.49,5.42,5.48,6354766,35063296.000
2013-05-22,5.48,5.50,5.42,5.45,6106637,33702768.000
2013-05-23,5.41,5.44,5.34,5.35,8528874,46451492.000
2013-05-24,5.39,5.42,5.32,5.37,5463839,29696528.000
2013-05-27,5.38,5.40,5.33,5.37,5679385,30755700.000
2013-05-28,5.38,5.47,5.31,5.45,16179095,88397136.000
2013-05-29,5.47,5.49,5.40,5.42,14499303,79726936.000
2013-05-30,5.42,5.46,5.37,5.40,8670073,47480984.000
2013-05-31,5.42,5.43,5.23,5.25,16510349,88748192.000
2013-06-03,5.27,5.31,5.21,5.25,10523322,56078880.000
2013-06-04,5.27,5.27,5.21,5.25,9656927,51135740.000
2013-06-05,5.24,5.25,5.20,5.21,4681637,24726568.000
2013-06-06,5.20,5.22,5.11,5.16,7936807,41445584.000
2013-06-07,5.16,5.17,4.99,5.05,10750833,55477604.000
2013-06-13,4.99,5.01,4.76,4.82,15101735,74011848.000
2013-06-14,4.81,4.85,4.79,4.82,9676599,47192096.000
2013-06-17,4.83,4.88,4.79,4.79,8291163,40396220.000
2013-06-18,4.80,4.83,4.70,4.75,10188294,48962012.000
2013-06-19,4.74,4.74,4.55,4.69,7435523,35013624.000
2013-06-20,4.65,4.65,4.50,4.53,9750334,45115816.000
2013-06-21,4.47,4.52,4.41,4.47,9586677,43433816.000
2013-06-24,4.46,4.47,4.16,4.17,15895393,69333384.000
2013-06-25,4.17,4.21,3.94,4.14,23045931,95906856.000
2013-06-26,4.14,4.14,4.02,4.10,16855844,69673512.000
2013-06-27,4.12,4.19,4.10,4.13,14964238,63016288.000
2013-06-28,4.12,4.26,4.09,4.18,17359501,73795440.000
2013-07-01,4.19,4.21,4.03,4.09,16332058,67657000.000
2013-07-02,4.09,4.09,3.99,4.04,16572816,67747192.000
2013-07-03,4.02,4.03,3.95,3.98,8268269,33393512.000
2013-07-04,4.00,4.16,3.95,4.07,13192081,54161736.000
2013-07-05,4.09,4.11,4.02,4.03,10596081,43604976.000
2013-07-08,3.98,3.99,3.86,3.87,16119577,63839684.000
2013-07-09,3.85,3.92,3.84,3.88,9405314,37123920.000
2013-07-10,3.92,3.98,3.88,3.97,13005461,51129772.000
2013-07-11,3.98,4.19,3.96,4.13,27007539,110353072.000
2013-07-12,4.13,4.14,4.00,4.04,21308130,86790288.000
数据来源:通达信
