600117 西宁特钢 日线
      日期	    开盘	    最高	    最低	    收盘	    成交量	    成交额
2007-01-11,4.59,4.61,4.41,4.42,18168652,82644872.000
2007-01-12,4.42,4.42,4.04,4.10,17073948,73324368.000
2007-01-15,4.10,4.34,4.08,4.34,12252884,52461632.000
2007-01-16,4.34,4.51,4.23,4.50,18182384,80439016.000
2007-01-17,4.49,4.68,4.32,4.55,25798438,119306528.000
2007-01-18,4.68,4.74,4.50,4.69,41318055,193650368.000
2007-01-19,4.67,4.73,4.59,4.69,19739960,93016680.000
2007-01-22,4.77,4.83,4.69,4.83,22989415,110716784.000
2007-01-23,4.84,5.09,4.76,5.05,32494324,162952400.000
2007-01-24,5.09,5.18,4.96,5.02,22653069,115819376.000
2007-01-25,4.94,4.94,4.69,4.71,17132408,83170272.000
2007-01-26,4.64,4.71,4.34,4.65,14411257,66559840.000
2007-01-29,4.66,5.11,4.66,5.11,22798186,112822088.000
2007-01-30,5.12,5.28,4.94,5.15,31072447,160339744.000
2007-01-31,5.09,5.15,4.77,4.82,21350171,107852704.000
2007-02-01,4.71,4.86,4.54,4.73,13940897,66657356.000
2007-02-02,4.76,4.84,4.66,4.77,13362890,64578104.000
2007-02-05,4.79,5.07,4.79,4.98,25247967,126748008.000
2007-02-06,4.96,5.18,4.79,5.13,24592717,125548912.000
2007-02-07,5.21,5.24,5.02,5.10,22515763,116966704.000
2007-02-08,5.14,5.34,5.11,5.26,19875464,104906088.000
2007-02-09,5.26,5.28,5.12,5.17,11138037,58301072.000
2007-02-12,5.16,5.32,5.06,5.26,16573278,87190368.000
2007-02-13,5.25,5.50,5.20,5.46,21069253,114493888.000
2007-02-14,5.53,5.71,5.46,5.61,27455488,154873696.000
2007-02-15,5.63,5.70,5.55,5.67,16630238,94644672.000
2007-02-16,5.67,5.75,5.60,5.64,13879720,79647888.000
2007-02-26,5.66,6.03,5.66,5.99,16109560,95637120.000
2007-02-27,6.01,6.15,5.39,5.39,23209353,135226976.000
2007-02-28,5.29,5.84,5.25,5.76,18310626,102663232.000
2007-03-01,5.77,5.89,5.41,5.55,15645885,88252448.000
2007-03-02,5.53,5.64,5.50,5.56,10766335,60668484.000
2007-03-05,5.55,5.67,5.32,5.48,10486350,58336612.000
2007-03-06,5.47,5.63,5.37,5.57,9215771,51465640.000
2007-03-07,5.64,5.74,5.58,5.65,11946734,68153384.000
2007-03-08,5.65,5.77,5.60,5.74,13719476,78787976.000
2007-03-09,5.74,5.82,5.67,5.78,16692414,97131096.000
2007-03-12,5.78,5.84,5.59,5.82,15022016,87061792.000
2007-03-13,5.80,6.02,5.80,5.91,18418638,110407160.000
2007-03-14,6.14,6.24,5.84,6.09,32901467,202795248.000
2007-03-15,6.04,6.36,6.02,6.31,24787124,155078640.000
2007-03-16,6.31,6.35,6.04,6.07,19989657,124291736.000
2007-03-20,6.21,6.32,6.12,6.19,14104558,88402456.000
2007-03-21,6.19,6.26,6.07,6.16,13997535,86791776.000
2007-03-22,6.16,6.34,6.15,6.20,20055714,126795920.000
2007-03-23,6.20,6.27,6.07,6.23,13708816,85301600.000
2007-03-26,6.29,6.52,6.24,6.48,21964491,142196144.000
2007-03-27,6.48,6.72,6.37,6.64,21791248,144957360.000
2007-03-29,6.74,6.83,6.39,6.47,26550181,176846432.000
2007-03-30,6.47,6.79,6.47,6.73,25947542,174850032.000
2007-04-02,6.82,7.10,6.82,7.03,20977140,147254080.000
2007-04-03,7.06,7.13,6.94,7.03,18201864,128787512.000
2007-04-04,7.03,7.04,6.83,6.92,18360279,128142144.000
2007-04-05,6.91,7.00,6.82,6.96,11410182,79815984.000
2007-04-06,6.89,7.09,6.84,6.98,11947622,84271888.000
2007-04-09,6.99,7.22,6.99,7.15,18854126,135170544.000
2007-04-10,7.18,7.41,7.08,7.39,20114604,147747888.000
2007-04-11,7.40,7.80,7.34,7.77,28865448,221254064.000
2007-04-12,7.78,7.90,7.64,7.72,15808005,122953248.000
2007-04-13,7.75,7.92,7.54,7.60,15960715,124638352.000
2007-04-16,7.59,7.78,7.54,7.70,12775677,98496016.000
2007-04-17,7.71,8.04,7.61,8.02,20866406,164692176.000
2007-04-18,8.02,8.22,7.84,8.11,16804785,136422512.000
2007-04-19,8.11,8.11,7.29,7.46,20005938,155554736.000
2007-04-20,7.49,7.96,7.49,7.86,16262620,127399296.000
2007-04-23,7.99,8.44,7.99,8.41,21849027,181353520.000
2007-04-24,8.48,9.26,8.48,9.26,33894286,302531136.000
2007-04-25,9.24,9.24,8.71,9.03,25967766,234742464.000
2007-04-26,9.02,9.09,8.74,8.98,14192634,127501592.000
2007-04-27,8.99,9.06,8.72,8.77,12527207,111594304.000
2007-04-30,8.72,8.93,8.46,8.65,16515136,144162288.000
2007-05-08,8.89,8.99,8.78,8.99,21392326,192128288.000
2007-05-09,8.98,9.04,8.56,8.89,17696250,158018816.000
2007-05-10,8.90,9.59,8.89,9.36,26199345,245049952.000
2007-05-11,9.24,9.24,8.94,9.06,16940360,154951008.000
2007-05-14,8.94,9.74,8.75,9.34,27126236,254776560.000
2007-05-15,9.14,9.55,8.95,9.52,30448036,287860384.000
2007-05-16,9.67,10.20,9.52,10.02,61438538,607291968.000
2007-05-17,10.01,10.18,9.74,10.02,33125148,331336160.000
2007-05-18,10.02,10.02,9.74,9.78,21229510,210033808.000
2007-05-21,9.43,10.14,9.24,9.92,20542825,202345328.000
2007-05-22,9.91,10.18,9.72,10.04,30840331,308323232.000
2007-05-23,10.02,10.17,9.74,10.14,34364153,344230176.000
2007-05-24,10.27,10.84,10.27,10.53,47732022,505100512.000
2007-05-25,10.39,10.50,10.24,10.33,23740252,247538320.000
2007-05-28,10.36,10.53,10.29,10.38,26971504,282765568.000
2007-05-29,10.44,10.54,10.18,10.35,23693858,246631728.000
2007-05-30,9.35,10.09,9.31,9.31,27534056,265816608.000
2007-05-31,8.92,9.19,8.37,8.68,26629661,230492752.000
2007-06-01,8.61,8.74,7.81,7.81,24779927,202670656.000
2007-06-04,7.81,7.94,7.02,7.02,21302017,154433888.000
2007-06-05,6.62,7.53,6.31,7.43,32273238,219804592.000
2007-06-06,7.44,7.59,7.04,7.42,23582495,175432864.000
2007-06-07,7.41,7.76,7.30,7.70,20064528,153526400.000
2007-06-08,7.70,7.88,7.54,7.64,22829159,177037776.000
2007-06-11,7.67,7.91,7.64,7.78,23733182,185227760.000
2007-06-12,7.89,8.10,7.49,8.09,27364576,216270560.000
2007-06-13,8.14,8.42,8.11,8.33,24035022,200964256.000
2007-06-14,8.38,8.38,8.00,8.02,17447998,143093696.000
2007-06-15,7.89,8.33,7.69,8.19,23793335,191207728.000
2007-06-18,8.35,8.70,8.19,8.58,31211354,266041616.000
2007-06-19,8.54,8.60,8.24,8.53,21294980,181093856.000
2007-06-20,8.66,8.84,8.40,8.50,34927806,304563744.000
2007-06-21,8.34,8.50,8.00,8.20,21022461,174506048.000
2007-06-22,8.16,8.40,7.37,7.52,18779800,148338192.000
2007-06-25,7.53,7.86,7.27,7.44,21829853,167613488.000
2007-06-26,7.34,7.80,7.24,7.79,13607008,103306808.000
2007-06-27,7.84,7.87,7.49,7.79,11885781,92503768.000
2007-06-28,7.75,8.03,7.52,7.52,17001469,133676272.000
2007-06-29,7.28,7.42,6.76,6.93,13717046,97578320.000
2007-07-02,6.84,7.09,6.79,7.09,8125077,57051748.000
2007-07-03,7.16,7.19,6.98,7.13,6248853,44720984.000
2007-07-04,7.17,7.18,6.92,6.95,5514208,39068248.000
2007-07-05,6.83,6.84,6.25,6.32,10039945,66324904.000
2007-07-06,6.25,6.91,6.25,6.88,8883877,58507376.000
2007-07-09,7.00,7.19,7.00,7.15,11823723,84537048.000
2007-07-10,7.14,7.15,6.82,6.85,8906596,62420528.000
2007-07-11,6.81,6.99,6.76,6.96,4789452,33319292.000
2007-07-12,6.90,7.09,6.82,6.98,4772221,33414868.000
2007-07-13,6.98,7.00,6.76,6.87,3453820,23828640.000
2007-07-16,6.92,6.92,6.50,6.52,3546367,23856940.000
2007-07-17,6.52,6.74,6.50,6.66,3359483,22505062.000
2007-07-18,6.62,6.76,6.52,6.62,3736893,24997270.000
2007-07-19,6.65,6.72,6.50,6.51,4266724,28238692.000
2007-07-20,6.54,6.79,6.54,6.74,9163892,61738124.000
2007-07-23,6.84,7.42,6.80,7.42,23178414,168142624.000
2007-07-24,7.54,7.71,7.31,7.32,21099315,160054096.000
2007-07-25,7.31,7.53,7.26,7.48,8615381,64536412.000
2007-07-26,7.52,8.02,7.50,7.85,17278484,133948720.000
2007-07-27,7.76,8.02,7.64,7.96,15934718,126370112.000
2007-07-30,7.98,8.24,7.94,8.11,15187821,124406776.000
2007-07-31,8.12,8.24,8.02,8.11,14582328,119330056.000
2007-08-01,8.14,8.21,7.45,7.47,16385850,128771752.000
2007-08-02,7.48,7.83,7.45,7.71,11388152,88172848.000
2007-08-03,7.79,7.84,7.57,7.72,10614066,82245296.000
2007-08-06,7.77,8.13,7.77,8.01,14729885,118153296.000
2007-08-07,8.09,8.61,7.94,8.57,35762976,301607584.000
2007-08-08,8.69,8.74,8.12,8.43,29640294,252416352.000
2007-08-09,8.34,9.02,8.25,8.83,35395883,312909184.000
2007-08-10,8.66,8.79,8.25,8.55,15847341,136332224.000
2007-08-13,8.64,8.94,8.49,8.63,16874591,147939632.000
2007-08-14,8.63,8.69,8.41,8.57,11621941,99959536.000
2007-08-15,8.64,9.07,8.43,8.90,24836051,220148032.000
2007-08-16,8.71,8.89,8.55,8.74,12121334,106562832.000
2007-08-17,8.74,9.14,8.63,8.85,21343424,192644080.000
2007-08-20,9.12,9.74,9.04,9.63,33582327,320590880.000
2007-08-21,9.64,9.67,9.37,9.55,16247053,155466880.000
2007-08-22,9.34,9.88,9.25,9.51,19859327,192363488.000
2007-08-23,9.54,9.92,9.44,9.84,24271124,237071952.000
2007-08-24,9.99,10.74,9.99,10.37,40070270,420628096.000
2007-08-27,10.66,11.41,10.66,11.41,54810095,621764608.000
2007-08-28,11.52,12.52,11.04,12.13,52560748,630630400.000
2007-08-29,11.74,12.29,11.26,11.71,31378099,368758976.000
2007-08-30,11.79,12.89,11.44,12.89,33811143,412092640.000
2007-08-31,13.14,14.06,12.96,13.26,33174286,450145824.000
2007-09-03,13.64,14.42,12.95,14.10,34739338,480921312.000
2007-09-04,14.10,14.57,13.59,13.69,25907065,365323328.000
2007-09-05,13.69,14.29,13.59,13.94,17711774,247464544.000
2007-09-06,14.14,14.44,13.94,13.96,20614804,293947456.000
2007-09-07,13.94,13.94,13.34,13.42,21555220,294024576.000
2007-09-10,13.14,13.93,12.64,13.78,23856508,320256832.000
2007-09-11,13.84,14.54,13.10,13.24,22798457,320335712.000
2007-09-12,13.14,13.54,12.72,13.30,18759286,247094176.000
2007-09-13,13.39,14.30,13.06,14.26,28538073,400369280.000
2007-09-14,14.35,15.69,14.25,15.69,44614339,676366528.000
2007-09-17,15.97,17.09,15.91,16.80,34760167,574947072.000
2007-09-18,16.77,17.24,15.94,16.33,29215600,485674784.000
2007-09-19,16.39,16.42,15.44,15.56,22416876,355222656.000
2007-09-20,15.94,17.12,15.75,17.12,20132464,339189856.000
2007-09-21,17.82,18.83,17.45,18.08,36597650,666780224.000
2007-09-24,18.46,19.89,18.09,19.89,29630823,572905728.000
2007-10-12,21.89,21.89,19.02,21.89,23066386,502990880.000
2007-10-15,23.92,24.09,22.95,24.09,6375189,152142080.000
2007-10-16,26.41,26.51,23.09,23.59,35433626,883290752.000
2007-10-17,22.94,23.58,22.48,23.09,16426889,377529728.000
2007-10-18,23.14,23.14,20.84,21.37,21338248,462388256.000
2007-10-19,21.39,23.51,21.36,23.47,27779074,640702080.000
2007-10-22,22.92,22.92,21.30,21.37,17052541,379426912.000
2007-10-23,21.12,21.73,19.23,19.95,17211670,346412800.000
2007-10-24,20.10,20.75,18.95,19.13,15127537,295222048.000
2007-10-25,18.17,18.61,17.21,17.21,13794614,242821952.000
2007-10-26,16.25,18.94,16.25,18.48,22564949,405370816.000
2007-10-29,18.67,20.33,17.75,20.32,21493819,418375808.000
2007-10-30,20.60,21.97,19.92,21.46,23567926,498875680.000
2007-10-31,21.74,21.93,20.92,21.54,17359966,371123744.000
2007-11-01,21.44,21.44,20.14,20.33,18555417,384763296.000
2007-11-02,19.72,19.82,18.82,18.97,15650809,301324096.000
2007-11-05,18.84,20.42,18.42,20.01,13848724,275839040.000
2007-11-06,20.04,21.84,20.01,21.39,16703456,355774048.000
2007-11-07,21.70,21.80,19.74,19.93,13280030,270231296.000
2007-11-08,19.64,21.14,19.29,19.94,13384049,274747456.000
2007-11-09,19.29,20.94,18.95,20.04,15118497,303292000.000
2007-11-12,19.29,19.94,18.03,18.21,19534647,363050528.000
2007-11-13,18.49,19.29,17.12,17.82,16242471,294665312.000
2007-11-14,17.82,19.02,16.95,18.99,18872790,337790080.000
2007-11-15,19.06,19.19,18.44,18.66,11930701,225536784.000
2007-11-16,18.24,18.83,17.74,18.53,6859670,125080352.000
2007-11-19,18.95,19.43,18.54,18.70,8550834,162124880.000
2007-11-20,18.74,19.71,17.94,19.59,15007121,287645216.000
2007-11-21,19.64,20.33,18.96,19.10,12149934,241113136.000
2007-11-22,18.54,19.34,18.29,18.58,6995568,132083040.000
2007-11-23,18.49,19.36,18.36,19.32,5427559,103069528.000
2007-11-26,19.75,19.90,18.74,18.82,6640193,128926592.000
2007-11-27,18.44,19.13,18.31,18.39,4343558,81657536.000
2007-11-28,18.93,18.94,17.24,17.43,9503568,170201520.000
2007-11-29,17.56,17.84,16.44,17.70,13960127,239939184.000
2007-11-30,17.71,17.71,16.54,16.82,8690510,147998288.000
2007-12-03,16.35,17.27,16.24,16.53,6340313,105864568.000
2007-12-04,16.55,17.18,16.55,16.81,5107556,86459384.000
2007-12-05,16.69,18.44,16.63,18.06,12864037,228095728.000
2007-12-06,18.10,18.24,17.47,17.73,7728144,137481312.000
2007-12-07,17.76,19.51,17.76,19.51,21747043,416764704.000
2007-12-10,19.42,20.93,19.13,20.21,27904466,568466240.000
2007-12-11,20.24,20.74,19.84,20.58,15901924,323020576.000
2007-12-12,20.58,21.33,20.14,20.51,16120262,338021632.000
2007-12-13,20.24,20.73,18.84,19.14,13879927,273600224.000
2007-12-14,18.94,19.94,18.74,19.83,9850601,192284000.000
2007-12-17,19.93,20.11,18.94,19.21,8252005,160007136.000
2007-12-18,18.94,20.41,18.87,20.23,10303352,203252000.000
2007-12-19,20.44,20.94,19.76,20.56,16133466,331735680.000
2007-12-20,20.54,21.12,20.44,20.55,11444701,239164336.000
2007-12-21,20.44,22.04,20.34,21.56,16935364,361598880.000
2007-12-24,21.70,22.10,20.94,21.59,18873620,406942464.000
2007-12-25,21.54,22.92,21.37,22.15,16735988,373063936.000
2007-12-26,22.16,22.53,21.72,22.18,10597267,234688048.000
2007-12-27,22.24,22.52,21.84,22.31,10954919,244003088.000
2007-12-28,22.32,22.44,21.34,21.76,13151419,287956800.000
2008-01-02,21.70,22.19,20.74,21.84,13938936,298476704.000
2008-01-03,21.74,22.83,20.92,22.74,20667785,453176192.000
2008-01-04,22.78,22.94,22.25,22.31,11632290,263387568.000
2008-01-07,22.14,22.62,21.74,22.05,12113173,269645376.000
2008-01-08,22.09,22.92,21.38,21.60,14983897,333963296.000
2008-01-09,21.44,22.43,21.24,22.02,10640210,233972320.000
2008-01-10,22.02,22.89,21.79,22.58,16119684,363508896.000
2008-01-11,22.67,23.28,22.44,23.17,18698341,430611488.000
2008-01-14,23.55,24.94,23.55,24.56,21714554,530518528.000
2008-01-15,24.52,24.82,23.79,23.98,13325361,323749056.000
2008-01-16,23.74,23.89,22.74,22.81,12215551,284076960.000
2008-01-17,22.64,23.24,20.82,21.37,14029237,307192032.000
2008-01-18,21.05,22.49,20.95,22.07,8008730,175357248.000
2008-01-21,22.44,22.54,20.34,20.43,8810476,187911536.000
2008-01-22,19.44,20.03,18.38,18.38,12858623,243175248.000
2008-01-23,18.35,19.44,17.79,19.22,8822709,167484496.000
2008-01-24,19.41,19.54,18.46,19.46,9845801,189790176.000
2008-01-25,19.43,20.20,18.84,19.82,8042352,158563072.000
2008-01-28,19.43,19.49,17.83,17.83,7781925,143002128.000
2008-01-29,17.85,18.42,16.95,17.97,4128039,73806040.000
2008-01-30,18.19,18.52,16.99,17.50,5818166,103633344.000
2008-01-31,17.44,18.12,17.41,17.47,4950667,88452768.000
2008-02-01,17.72,17.77,15.72,16.70,6399583,106214784.000
2008-02-04,17.22,18.38,17.22,18.38,5393763,97318608.000
2008-02-05,18.84,19.43,17.94,19.10,6997375,133424560.000
2008-02-13,18.84,19.19,18.52,18.58,4462918,84132696.000
2008-02-14,18.74,19.08,18.54,18.82,3236687,60910752.000
2008-02-15,18.27,18.71,18.04,18.49,2806651,51686784.000
2008-02-18,19.13,20.35,19.12,20.35,12710198,255386592.000
2008-02-19,20.94,21.90,20.50,21.18,16685702,353397088.000
2008-02-20,21.36,21.80,20.34,20.64,11294652,237840560.000
2008-02-21,20.40,21.22,20.14,20.85,7333375,153047600.000
2008-02-22,20.64,21.17,19.55,20.07,6496299,132416120.000
2008-02-25,20.24,20.65,19.72,19.94,6063389,122342776.000
2008-02-26,20.74,21.12,19.24,20.12,8075455,162946544.000
2008-02-27,20.43,21.04,19.94,20.83,8786509,182039120.000
2008-02-28,20.84,21.91,20.55,21.58,13444193,288700256.000
2008-02-29,21.52,21.83,21.14,21.60,8381929,180660976.000
2008-03-03,21.44,21.84,20.84,21.82,9684579,207693584.000
2008-03-04,21.74,22.24,20.42,20.53,11319280,241662000.000
2008-03-05,19.94,20.06,18.47,18.80,19016698,359495488.000
2008-03-06,18.80,19.29,18.72,19.03,10900208,207318784.000
2008-03-07,19.03,19.07,18.24,18.64,6305576,118050232.000
2008-03-10,18.04,18.44,17.84,17.93,5523858,99974472.000
2008-03-11,17.77,18.20,17.31,17.63,5969635,105365464.000
2008-03-12,18.13,18.41,17.58,17.60,4487815,80856224.000
2008-03-13,17.54,17.59,16.85,17.11,4132085,70906104.000
2008-03-14,17.14,17.39,16.56,16.84,3588717,60540332.000
2008-03-17,16.89,16.94,15.83,15.87,4233172,70393024.000
2008-03-18,15.64,16.36,14.28,14.29,6084908,91264672.000
2008-03-19,14.54,15.33,13.74,14.85,5978502,88300336.000
2008-03-20,14.68,15.94,13.79,15.64,7219337,108053024.000
2008-03-21,15.54,17.17,15.15,16.69,16718798,271461408.000
2008-03-24,16.94,17.14,15.34,15.41,10347841,168973760.000
2008-03-26,15.98,16.49,15.60,15.70,5620550,90276384.000
2008-03-27,15.37,15.37,14.44,14.52,5584366,83844080.000
2008-03-28,14.24,15.14,13.94,15.10,4840956,71290544.000
2008-03-31,14.63,14.64,13.90,13.92,5785120,82460272.000
2008-04-01,13.92,14.19,12.52,12.52,7077784,91328080.000
2008-04-02,12.55,12.94,11.41,11.71,8984646,108424160.000
2008-04-03,11.64,12.64,11.47,12.35,5869464,71209168.000
2008-04-07,12.14,13.24,11.92,13.21,9358616,121287968.000
2008-04-08,13.31,13.64,13.00,13.11,10415455,138900480.000
2008-04-09,12.88,14.11,12.79,12.86,12866156,173147872.000
2008-04-10,12.62,13.41,12.44,13.34,6742079,87744416.000
2008-04-11,13.34,13.72,13.24,13.40,4408868,59607672.000
2008-04-14,12.94,13.22,12.05,12.12,6393883,80197480.000
2008-04-15,12.12,12.58,11.55,12.53,6852675,82438368.000
2008-04-16,12.52,12.56,12.04,12.07,3564345,43923848.000
2008-04-17,11.96,12.43,11.36,11.43,4449558,52486248.000
2008-04-18,11.34,11.40,10.45,10.51,5775198,62746628.000
2008-04-21,11.39,11.50,10.54,10.73,6972018,77520664.000
2008-04-22,10.47,10.72,9.75,10.62,5651251,57944228.000
2008-04-23,10.44,11.34,10.27,11.27,8031143,88569424.000
2008-04-24,12.40,12.40,12.05,12.40,10183008,126581912.000
2008-04-25,12.94,13.65,12.65,13.39,19182087,257616064.000
2008-04-28,13.14,13.81,12.94,13.39,12010766,163227168.000
2008-04-29,13.39,13.65,13.00,13.47,8890748,119398016.000
2008-04-30,13.54,14.27,13.52,14.06,14190133,199930928.000
2008-05-05,14.17,14.74,14.09,14.40,11307261,163395072.000
2008-05-06,14.33,14.34,13.77,13.93,10614506,149555536.000
2008-05-07,13.84,14.04,13.04,13.11,10845064,147785312.000
2008-05-08,12.92,14.12,12.74,14.09,10334229,141544272.000
2008-05-09,14.17,14.74,14.04,14.42,13815750,199409824.000
2008-05-12,14.02,15.22,13.95,14.92,13301981,196740368.000
2008-05-13,14.49,16.34,14.45,15.93,26226052,414738304.000
2008-05-14,15.94,16.63,15.48,15.88,17757214,284844800.000
2008-05-15,15.99,16.66,15.99,16.42,16711330,275798048.000
2008-05-16,16.29,16.57,15.47,15.83,12013315,192511392.000
2008-05-19,15.73,15.84,15.16,15.34,10453545,161306976.000
2008-05-20,15.34,15.83,14.42,14.45,11671897,176258608.000
2008-05-21,14.23,15.14,13.59,14.95,13062899,185321136.000
2008-05-22,14.74,15.60,14.20,14.86,16339422,241952800.000
2008-05-23,14.52,14.84,14.20,14.24,6957425,101030312.000
2008-05-26,13.93,13.99,13.20,13.23,7677294,104315480.000
2008-05-27,13.27,13.72,13.24,13.63,4982085,67385720.000
2008-05-28,13.64,14.33,13.37,14.17,5651770,78876112.000
2008-05-29,14.14,14.32,13.53,13.54,5513714,76680736.000
2008-06-02,13.44,13.83,13.42,13.69,3479745,47752216.000
2008-06-03,13.66,14.12,13.66,13.75,3031648,42309300.000
2008-06-04,13.76,13.92,13.10,13.54,3932596,53031096.000
2008-06-05,13.50,13.50,13.05,13.10,2713451,36066540.000
2008-06-06,13.14,13.45,13.04,13.13,1881978,24986288.000
2008-06-10,12.53,12.53,11.81,11.81,4377971,52916024.000
2008-06-11,11.41,11.64,10.97,11.14,4512867,51202680.000
2008-06-12,11.14,11.28,10.55,10.94,5167927,56678796.000
2008-06-13,11.04,11.27,10.49,10.54,4687647,51496200.000
2008-06-16,10.61,10.92,10.17,10.75,4803942,51382280.000
2008-06-17,10.72,11.07,10.24,10.31,5388421,58021320.000
2008-06-18,10.16,11.20,9.84,11.18,8091084,86410904.000
2008-06-19,11.14,11.14,10.06,10.06,6152187,65668968.000
2008-06-20,10.02,10.72,9.16,9.96,8206459,83014064.000
2008-06-23,9.83,10.23,9.64,9.92,3062381,30648056.000
2008-06-24,10.20,10.92,10.20,10.69,11594515,124135888.000
2008-06-25,10.50,11.19,10.44,11.18,8328029,91529976.000
2008-06-26,11.13,11.47,10.94,11.22,7219499,81288928.000
2008-06-27,10.74,10.89,10.09,10.15,7501716,78586856.000
2008-06-30,10.09,10.39,9.95,10.25,3186456,32637856.000
2008-07-01,10.24,10.37,9.85,9.92,3773895,37962016.000
2008-07-02,9.99,10.23,9.82,9.95,2655652,26796596.000
2008-07-03,9.80,10.64,9.61,10.36,6417659,65898424.000
2008-07-04,10.32,10.64,10.14,10.29,5052359,52771496.000
2008-07-07,10.32,11.24,10.29,11.24,8824754,97096616.000
2008-07-08,11.31,11.71,10.99,11.39,9869347,112573688.000
2008-07-09,11.42,11.83,11.39,11.69,9286664,108370768.000
2008-07-10,11.53,11.58,11.19,11.23,7749312,88682848.000
2008-07-11,11.03,11.24,10.39,10.75,11745259,126481624.000
2008-07-14,10.59,11.13,10.58,11.11,6228684,68309432.000
2008-07-15,11.11,11.42,10.66,10.77,8331963,92731208.000
2008-07-16,10.54,10.67,9.97,10.25,5423494,56610984.000
2008-07-17,10.49,10.59,9.99,10.06,5648450,58262340.000
2008-07-18,10.16,10.43,9.89,10.36,4624978,47211480.000
2008-07-21,10.23,10.79,10.09,10.71,6627498,69987616.000
2008-07-22,10.59,10.82,10.50,10.62,4974042,53315692.000
2008-07-23,10.72,10.91,10.34,10.41,5708044,61343368.000
2008-07-24,10.43,10.80,10.34,10.76,7899577,83965728.000
2008-07-25,10.62,10.69,10.39,10.55,5787185,61183036.000
2008-07-28,10.63,10.94,10.62,10.93,8114608,88203848.000
2008-07-29,10.82,11.34,10.76,10.96,16872843,189055312.000
2008-07-30,11.19,11.19,10.48,10.61,7604341,82387384.000
2008-07-31,10.62,10.71,10.19,10.19,4426736,45963496.000
2008-08-01,10.04,10.33,9.69,10.24,7304095,72956336.000
2008-08-04,10.07,10.07,9.56,9.64,4706742,46565748.000
2008-08-05,9.54,9.74,8.74,8.86,7272147,67227232.000
2008-08-06,8.94,9.04,8.58,8.83,4738917,42088884.000
2008-08-07,8.75,8.98,8.75,8.96,3235802,28947534.000
2008-08-08,8.97,9.14,8.15,8.33,5027675,44413860.000
2008-08-11,8.21,8.34,7.52,7.63,6085593,48447748.000
2008-08-12,7.60,7.94,7.59,7.73,8334054,65280448.000
2008-08-13,7.63,7.67,7.00,7.49,8008511,59281752.000
2008-08-14,7.29,7.47,7.22,7.41,4517663,33442896.000
2008-08-15,7.42,7.62,7.31,7.43,3604744,27186264.000
2008-08-18,7.59,7.60,6.68,6.70,5479602,38949944.000
2008-08-19,6.55,6.73,6.44,6.65,5311463,35397644.000
2008-08-20,6.64,7.32,6.41,7.32,11180848,79495040.000
2008-08-21,7.05,7.21,6.79,6.81,6974250,49235468.000
2008-08-22,6.84,6.84,6.33,6.59,3624100,24111780.000
2008-08-26,6.34,6.42,6.15,6.18,3875375,24544092.000
2008-08-27,6.23,6.43,5.97,6.18,3816419,23759336.000
2008-08-28,6.18,6.27,6.08,6.24,2337612,14610365.000
2008-08-29,6.30,6.57,6.17,6.45,4830885,31275432.000
2008-09-01,6.34,6.39,6.15,6.21,3219031,20227302.000
2008-09-02,6.14,6.33,6.04,6.24,2025092,12639458.000
2008-09-03,6.14,6.27,6.03,6.05,2565391,15851223.000
2008-09-04,6.07,6.29,6.07,6.20,2965524,18547036.000
2008-09-05,6.04,6.12,5.94,5.97,3729925,22682454.000
2008-09-08,5.99,6.07,5.69,5.71,3423307,20279556.000
2008-09-09,5.75,5.90,5.55,5.81,2944832,17109388.000
2008-09-10,5.78,5.97,5.65,5.76,4000339,23493236.000
2008-09-11,5.77,5.82,5.57,5.60,3488392,19939412.000
2008-09-12,5.59,5.72,5.44,5.60,2640575,14923912.000
2008-09-16,5.54,5.62,5.42,5.45,3589119,19940696.000
2008-09-17,5.45,5.53,5.20,5.24,3557055,19213516.000
2008-09-18,5.05,5.13,4.71,4.87,7958536,39315500.000
2008-09-19,5.36,5.36,5.26,5.36,11480644,62150828.000
2008-09-22,5.63,5.90,5.34,5.83,21504487,123513704.000
2008-09-23,5.58,6.25,5.44,5.97,22522041,133964120.000
2008-09-24,5.84,6.02,5.64,5.98,11470600,68005264.000
2008-09-25,5.97,6.38,5.85,6.29,16707788,104346584.000
2008-09-26,6.30,6.35,6.06,6.21,12470634,78052464.000
2008-10-06,5.94,5.94,5.58,5.58,10859770,62263436.000
2008-10-07,5.29,5.51,5.16,5.37,6227201,33495776.000
2008-10-08,5.14,5.29,4.98,5.05,6213440,32192174.000
2008-10-09,5.18,5.23,4.99,5.05,5362843,27789932.000
2008-10-10,4.74,5.12,4.65,5.09,9160402,44979988.000
2008-10-13,4.95,5.13,4.82,5.09,8056931,40147640.000
2008-10-14,5.28,5.34,4.89,4.91,12663385,66222024.000
2008-10-15,4.84,4.84,4.47,4.65,8173337,38200684.000
2008-10-16,4.38,4.44,4.29,4.29,6839151,30125180.000
2008-10-17,4.34,4.40,4.26,4.35,3508940,15384400.000
2008-10-20,4.34,4.51,4.20,4.47,5643676,24976984.000
2008-10-21,4.50,4.59,4.36,4.47,6973200,31655480.000
2008-10-22,4.34,4.42,4.27,4.27,3958040,17470432.000
2008-10-23,4.14,4.22,4.01,4.18,4526230,18901956.000
2008-10-24,4.18,4.23,4.02,4.04,4132989,17310564.000
2008-10-27,3.84,3.89,3.63,3.63,6750568,25571162.000
2008-10-28,3.54,3.72,3.44,3.66,6262470,22731542.000
2008-10-29,3.75,3.75,3.47,3.48,4756719,17653608.000
2008-10-30,3.44,3.61,3.41,3.57,4300026,15473346.000
2008-10-31,3.53,3.55,3.36,3.38,4404058,15455502.000
2008-11-03,3.38,3.41,3.29,3.31,2648309,9015848.000
2008-11-04,3.36,3.36,3.23,3.25,1851261,6164911.000
2008-11-05,3.28,3.58,3.28,3.58,13268863,47691400.000
2008-11-06,3.44,3.84,3.37,3.66,16239974,59838336.000
2008-11-07,3.50,3.68,3.49,3.63,7607009,27852516.000
2008-11-10,3.74,4.00,3.74,4.00,14036692,56167272.000
2008-11-11,4.09,4.41,4.08,4.10,23145086,99289904.000
2008-11-12,4.03,4.35,4.00,4.33,11514668,49029768.000
2008-11-13,4.29,4.77,4.23,4.77,16531922,76726488.000
2008-11-14,4.94,5.01,4.74,4.96,24274008,120126272.000
2008-11-17,4.92,5.19,4.74,5.04,23066700,116215952.000
2008-11-18,4.94,5.04,4.53,4.53,20188535,96648184.000
2008-11-19,4.44,4.94,4.39,4.88,14119366,66852824.000
2008-11-20,4.72,4.99,4.62,4.75,15317319,74590480.000
2008-11-21,4.61,4.99,4.34,4.85,22383671,105974592.000
2008-11-24,4.83,4.88,4.54,4.60,11971609,57256160.000
2008-11-25,4.71,4.79,4.47,4.67,9338362,43670412.000
2008-11-26,4.67,5.14,4.64,5.03,35514114,177916464.000
2008-11-27,5.53,5.53,5.13,5.14,37449357,202632032.000
2008-11-28,5.08,5.29,4.89,4.99,21256489,109168840.000
2008-12-01,4.94,5.04,4.66,5.00,14061981,69423768.000
2008-12-02,4.82,5.00,4.77,4.88,13096024,64855408.000
2008-12-03,4.90,5.22,4.90,5.13,20065784,103938000.000
2008-12-04,5.23,5.58,5.21,5.31,29429499,159754224.000
2008-12-05,5.31,5.57,5.25,5.53,22555100,123984416.000
2008-12-08,5.66,5.79,5.47,5.76,21419640,121017904.000
2008-12-09,5.81,6.09,5.59,5.76,27401734,161571488.000
2008-12-10,5.68,5.81,5.35,5.70,22055216,125187072.000
2008-12-11,5.64,5.72,5.35,5.39,13348656,74705544.000
2008-12-12,5.22,5.26,4.89,4.99,22544445,114677504.000
2008-12-15,5.08,5.16,4.88,5.04,10567497,53714688.000
2008-12-16,4.98,5.14,4.83,5.09,9766952,49320788.000
2008-12-17,5.12,5.52,5.09,5.34,22132655,120381352.000
2008-12-18,5.30,5.43,5.14,5.39,12022305,64392252.000
2008-12-19,5.36,5.49,5.30,5.35,10171909,55487760.000
2008-12-22,5.36,5.39,5.04,5.15,9518977,50042320.000
2008-12-23,5.21,5.21,4.84,4.85,10141967,51021572.000
2008-12-24,4.83,4.83,4.59,4.63,5888300,28126636.000
2008-12-25,4.64,4.78,4.62,4.68,5132381,24421144.000
2008-12-26,4.74,4.77,4.59,4.59,3179172,15010893.000
2008-12-30,4.62,4.68,4.36,4.36,4684323,21368972.000
2008-12-31,4.36,4.44,4.04,4.09,8135816,34524340.000
2009-01-05,4.22,4.51,4.20,4.44,16108259,71718656.000
2009-01-06,4.42,4.76,4.35,4.72,20520223,95362184.000
2009-01-07,4.69,4.77,4.62,4.64,13958292,66380148.000
2009-01-08,4.51,4.55,4.37,4.44,8655427,39182684.000
2009-01-09,4.43,4.70,4.42,4.67,9179745,42634160.000
2009-01-12,4.62,4.94,4.62,4.81,14518193,70620992.000
2009-01-13,4.83,5.09,4.74,4.88,19012819,95085672.000
2009-01-14,4.83,5.09,4.78,5.09,17070670,85777208.000
2009-01-15,5.07,5.19,4.96,5.04,16726307,85869448.000
2009-01-16,5.06,5.20,4.99,5.04,16631693,85949728.000
2009-01-19,4.91,4.92,4.73,4.80,38902636,189140272.000
2009-01-20,4.74,4.87,4.69,4.83,13074767,63632140.000
2009-01-21,4.74,4.78,4.69,4.73,12539081,59986220.000
2009-01-22,4.77,4.79,4.68,4.74,9688808,46255032.000
2009-01-23,4.74,4.94,4.68,4.86,17387784,85246256.000
2009-02-02,4.92,5.08,4.83,5.01,14849844,74455152.000
2009-02-03,5.02,5.20,5.02,5.18,21108915,109618744.000
2009-02-04,5.20,5.43,5.17,5.40,26381527,142058256.000
2009-02-05,5.49,5.94,5.37,5.58,56496385,321206496.000
2009-02-06,5.79,6.00,5.60,5.82,56023246,326350880.000
2009-02-09,5.99,6.07,5.92,6.01,49765319,301109440.000
2009-02-10,5.99,6.09,5.76,6.08,32759394,196012480.000
2009-02-11,5.96,6.40,5.89,6.39,45709258,287379872.000
2009-02-12,6.41,6.54,5.99,6.23,34076213,215187920.000
2009-02-13,6.21,6.82,6.05,6.55,42776550,273308768.000
2009-02-16,6.66,7.21,6.66,7.21,58267358,412154496.000
2009-02-17,7.32,7.32,6.77,6.80,51648475,369735136.000
2009-02-18,6.58,6.76,6.11,6.18,32734387,212135424.000
2009-02-19,6.32,6.60,6.28,6.40,29822691,192647328.000
2009-02-20,6.50,6.61,6.34,6.60,21657987,141565824.000
2009-02-23,6.61,6.74,6.34,6.67,23273456,154470640.000
2009-02-24,6.59,6.70,6.10,6.13,26351313,170126272.000
2009-02-25,6.25,6.30,5.75,6.04,20867786,126683128.000
2009-02-26,6.08,6.19,5.50,5.70,16257492,98039296.000
2009-02-27,5.57,5.89,5.39,5.79,16741719,94696432.000
2009-03-02,5.90,5.90,5.65,5.82,17547051,102358640.000
2009-03-03,5.63,6.04,5.51,5.90,17573521,103312880.000
2009-03-04,5.85,6.30,5.83,6.26,25949355,160489392.000
2009-03-05,6.26,6.36,6.05,6.21,23762594,149427744.000
2009-03-06,6.06,6.15,5.98,6.02,11747524,71783488.000
2009-03-09,6.04,6.14,5.60,5.61,13428244,79396624.000
2009-03-10,5.54,5.73,5.49,5.72,9578579,54244368.000
2009-03-11,5.86,6.06,5.75,5.83,13931543,82902896.000
2009-03-12,5.74,5.99,5.59,5.88,12801445,74639136.000
2009-03-13,5.92,6.14,5.81,5.98,20440306,123744664.000
2009-03-16,5.84,6.07,5.84,6.01,11979344,72481776.000
2009-03-17,6.07,6.24,5.97,6.21,22745302,140886576.000
2009-03-18,6.25,6.69,6.19,6.48,34813192,228680544.000
2009-03-19,6.48,6.62,6.26,6.53,26855386,175550064.000
2009-03-20,6.55,7.09,6.55,6.85,43317237,299525792.000
2009-03-23,6.94,7.17,6.74,6.99,34263877,242812464.000
2009-03-24,7.09,7.24,6.95,7.19,29252479,209262848.000
2009-03-25,7.09,7.12,6.68,6.71,22139003,154493216.000
2009-03-26,6.67,7.19,6.67,7.15,23082277,160761424.000
2009-03-27,7.29,7.84,7.16,7.31,43698964,328686016.000
2009-03-30,7.28,7.28,6.94,7.04,21923471,156456528.000
2009-03-31,6.84,6.96,6.65,6.95,13012546,89681872.000
2009-04-01,6.99,7.19,6.98,7.08,14030489,100264400.000
2009-04-02,7.12,7.49,6.99,7.32,29743237,217257968.000
2009-04-03,7.35,7.41,7.11,7.14,16579575,121081504.000
2009-04-07,7.12,7.17,6.88,7.00,14834735,104596176.000
2009-04-08,6.94,6.98,6.65,6.65,13220643,90888528.000
2009-04-09,6.64,6.84,6.57,6.82,10553036,71143176.000
2009-04-10,6.86,7.03,6.76,7.00,12745406,88866992.000
2009-04-13,7.03,7.55,6.94,7.52,43953263,321911296.000
2009-04-14,7.47,7.56,7.24,7.40,19710547,146878672.000
2009-04-15,7.34,7.59,7.25,7.46,21415986,160799424.000
2009-04-16,7.45,8.16,7.42,7.96,43797217,348117664.000
2009-04-17,7.90,7.90,7.36,7.48,22273014,169681056.000
2009-04-20,7.40,7.76,7.32,7.64,13871277,106968328.000
2009-04-21,7.52,7.61,7.29,7.53,11496548,86444168.000
2009-04-22,7.54,7.72,7.12,7.13,12493522,93625928.000
2009-04-23,7.13,7.13,6.81,6.97,14818477,103564376.000
2009-04-24,7.04,7.23,6.89,6.98,9307028,66052272.000
2009-04-27,6.94,6.95,6.45,6.52,10497414,70549096.000
2009-04-28,6.45,6.69,6.42,6.67,5499816,36639352.000
2009-04-29,6.67,6.92,6.63,6.85,6454155,44159284.000
2009-04-30,6.84,6.94,6.69,6.81,14473499,99495360.000
2009-05-04,6.85,7.39,6.85,7.38,19546212,142638080.000
2009-05-05,7.39,7.44,7.17,7.30,17710597,130192784.000
2009-05-06,7.34,7.51,7.22,7.45,15393105,114497288.000
2009-05-07,7.52,7.83,7.27,7.45,22399301,170390896.000
2009-05-08,7.37,7.38,7.11,7.32,14023338,102759552.000
2009-05-11,7.35,7.58,6.99,7.01,23632220,173629360.000
2009-05-12,6.92,7.47,6.84,7.43,22348871,163525952.000
2009-05-13,7.40,7.89,7.30,7.78,46852137,364158784.000
2009-05-14,7.68,7.74,7.44,7.68,19395550,148229328.000
2009-05-18,7.56,7.58,7.24,7.50,19150218,143397344.000
2009-05-19,7.62,7.86,7.53,7.78,23176713,180246096.000
2009-05-20,7.79,7.91,7.62,7.66,17860169,139010864.000
2009-05-21,7.83,8.43,7.72,8.10,65960894,546563520.000
2009-05-22,7.84,8.15,7.77,8.06,24257819,195051392.000
2009-05-25,7.74,8.03,7.54,7.83,25439463,199016528.000
2009-05-26,8.00,8.04,7.64,7.65,18905030,149913824.000
2009-05-27,7.70,7.82,7.49,7.71,15962939,123319424.000
2009-06-01,7.72,7.98,7.72,7.87,25004969,198538368.000
2009-06-02,7.87,8.08,7.83,7.86,19843000,158850880.000
2009-06-03,7.81,8.05,7.64,8.04,27081215,215461200.000
2009-06-04,7.98,8.71,7.92,8.42,45032177,381978208.000
2009-06-05,8.44,8.78,8.25,8.27,33308758,287078400.000
2009-06-08,8.29,8.58,8.15,8.46,21284461,179754480.000
2009-06-09,8.44,8.59,8.19,8.53,16182614,137094208.000
2009-06-10,8.52,8.77,8.38,8.66,19666105,170423360.000
2009-06-11,8.67,8.78,8.19,8.24,25134163,212656736.000
2009-06-12,8.24,8.30,7.73,7.94,22471506,181595824.000
2009-06-15,8.03,8.09,7.87,7.99,12962785,104143224.000
2009-06-16,7.96,8.25,7.89,8.09,14597730,119639808.000
2009-06-17,8.09,8.17,7.86,8.16,13815352,111393168.000
2009-06-18,8.19,8.26,8.09,8.19,12625043,103943984.000
2009-06-19,8.21,8.29,8.04,8.12,12745468,104414696.000
2009-06-22,8.15,8.45,8.00,8.34,30042429,251045664.000
2009-06-23,8.19,8.98,8.12,8.79,44277897,384119936.000
2009-06-24,8.74,9.33,8.60,9.08,43509471,398983040.000
2009-06-25,9.09,9.62,8.84,9.50,31174018,289998240.000
2009-06-26,9.36,10.39,9.33,9.68,33615413,332133088.000
2009-06-29,9.62,10.34,9.53,10.19,26913960,272260640.000
2009-06-30,10.22,10.44,9.84,10.09,18291407,186142960.000
2009-07-01,10.02,10.84,9.92,10.54,20709253,217410016.000
2009-07-02,10.55,10.96,10.54,10.65,23912754,259075056.000
2009-07-03,10.56,10.93,10.44,10.88,14507202,155502384.000
2009-07-06,10.88,11.97,10.74,11.97,23242055,270189088.000
2009-07-07,12.04,12.54,11.55,11.83,26467717,318538880.000
2009-07-08,11.54,12.24,11.44,11.90,14776922,175917024.000
2009-07-09,11.84,12.44,11.84,12.03,14596078,178662368.000
2009-07-10,12.12,12.21,11.74,11.85,9186729,109424080.000
2009-07-13,11.86,11.86,11.37,11.53,13603876,158302096.000
2009-07-14,11.37,12.21,11.37,12.10,15531488,186478208.000
2009-07-15,12.19,12.84,12.04,12.46,15503439,195380720.000
2009-07-16,12.40,12.76,12.12,12.31,14597344,181196208.000
2009-07-17,12.29,12.64,12.22,12.38,9978287,124414904.000
2009-07-20,12.44,12.84,12.36,12.68,16211550,205646272.000
2009-07-21,13.02,13.59,12.71,13.00,27011312,357769312.000
2009-07-22,12.64,14.31,12.64,14.27,25875304,352190272.000
2009-07-23,14.14,14.39,13.54,13.96,23764573,331487232.000
2009-07-24,13.97,14.00,13.04,13.68,21584397,293361088.000
2009-07-27,13.49,14.04,13.42,13.64,31209264,427815776.000
2009-07-28,13.64,14.34,13.44,14.14,25028094,351916896.000
2009-07-29,14.14,14.43,12.72,12.93,26196035,357007008.000
2009-07-30,12.79,13.24,12.06,12.65,20312581,257901056.000
2009-07-31,12.67,12.91,12.37,12.89,25571744,324894144.000
2009-08-03,12.90,13.79,12.90,13.75,27446771,371059936.000
2009-08-04,13.69,13.94,13.36,13.46,16611215,226105296.000
2009-08-05,13.24,13.26,12.74,12.90,18751283,243432080.000
2009-08-06,12.74,12.74,11.95,12.36,14721230,182418096.000
2009-08-10,12.09,12.33,11.62,12.08,11688291,140470656.000
2009-08-11,12.09,12.40,11.92,12.33,9152012,112415392.000
2009-08-12,12.34,12.36,11.54,11.56,8798184,104220080.000
2009-08-13,11.44,11.84,11.05,11.81,9156205,105442760.000
2009-08-14,11.84,11.94,11.34,11.37,9257083,107958704.000
2009-08-17,11.24,11.24,10.23,10.23,10790329,114914472.000
2009-08-18,9.95,10.82,9.93,10.54,11743810,124271976.000
2009-08-19,10.48,10.48,9.48,9.50,12366179,122370120.000
2009-08-20,9.55,9.94,9.28,9.90,16005155,155982672.000
2009-08-21,9.93,10.49,9.65,10.37,20984583,216138272.000
2009-08-24,10.34,10.63,10.15,10.44,12178781,126919384.000
2009-08-25,10.29,10.29,9.41,9.79,18090675,176967040.000
2009-08-26,9.64,10.34,9.55,10.14,11678246,118568432.000
2009-08-27,10.12,10.54,9.96,10.37,12389561,128547632.000
2009-08-28,10.25,10.35,9.59,9.70,17196039,169263024.000
2009-08-31,9.52,9.52,8.72,8.72,10970797,98524024.000
2009-09-01,8.64,8.89,8.34,8.50,9050860,78034008.000
2009-09-02,8.34,8.67,8.28,8.45,8089084,68754312.000
2009-09-03,8.47,9.30,8.47,9.29,16361003,148572256.000
2009-09-04,9.13,9.66,9.12,9.40,14348807,135963808.000
2009-09-07,9.40,9.81,9.26,9.44,11012676,105566000.000
2009-09-08,9.30,9.90,9.02,9.81,15411553,147325184.000
2009-09-09,9.84,10.42,9.67,10.38,21126561,214352592.000
2009-09-10,10.36,10.89,10.19,10.32,20830471,221417792.000
2009-09-11,10.32,10.64,10.19,10.42,12549713,132044560.000
2009-09-14,10.42,10.63,10.39,10.54,9241474,97539448.000
2009-09-15,10.54,11.15,10.42,10.87,16020182,173888064.000
2009-09-16,10.79,10.79,10.28,10.50,16197047,171241136.000
2009-09-17,10.53,10.69,10.50,10.58,9786641,104199088.000
2009-09-18,10.54,10.54,9.83,9.96,13231238,135841488.000
2009-09-21,9.89,9.90,9.44,9.88,8732363,84803232.000
2009-09-22,9.98,9.98,9.45,9.49,7185121,70412088.000
2009-09-23,9.39,9.62,8.88,8.98,9193246,85111112.000
2009-09-24,8.94,9.24,8.63,9.09,9811310,88385184.000
2009-09-25,9.00,9.05,8.79,8.94,5507343,49569500.000
2009-09-28,9.36,9.56,8.70,8.81,8574400,78809200.000
2009-09-29,8.72,8.79,8.34,8.54,6661576,57351880.000
2009-09-30,8.55,8.79,8.53,8.61,5822021,50720568.000
2009-10-09,8.81,9.30,8.75,9.22,8827053,80893968.000
2009-10-12,9.24,9.24,9.04,9.09,8353873,76639352.000
2009-10-13,9.17,9.53,9.07,9.44,9990720,94091600.000
2009-10-14,9.48,10.21,9.35,10.02,20219773,201098128.000
2009-10-15,10.04,10.49,10.02,10.19,13652503,141452736.000
2009-10-16,10.14,10.24,9.80,10.16,11158021,111681256.000
2009-10-19,10.17,10.59,9.94,10.47,14476532,151072752.000
2009-10-20,10.47,10.67,10.36,10.47,14752923,155528224.000
2009-10-21,10.50,10.73,10.27,10.53,23084976,244270240.000
2009-10-22,10.52,10.62,10.23,10.25,12311395,129632000.000
2009-10-23,10.23,10.62,10.22,10.39,10332699,108463960.000
2009-10-26,10.39,10.88,10.39,10.73,13826347,148473728.000
2009-10-27,10.54,11.14,10.53,10.75,24400499,266451840.000
2009-10-28,10.64,10.94,10.19,10.55,12717651,135317632.000
2009-10-29,9.94,10.32,9.84,9.99,8379434,84973664.000
2009-10-30,10.24,10.25,9.94,10.02,6379146,64910240.000
2009-11-02,9.64,10.22,9.46,10.18,8126238,81705520.000
2009-11-03,10.19,10.64,10.14,10.64,10755811,113897520.000
2009-11-04,10.64,11.12,10.49,10.87,13165139,143030400.000
2009-11-05,10.84,11.01,10.70,10.91,11502448,125906224.000
2009-11-06,11.03,11.54,11.03,11.20,16517060,188031888.000
2009-11-09,11.14,11.77,11.14,11.60,20506209,237511248.000
2009-11-10,11.64,11.93,11.44,11.47,14042839,164598848.000
2009-11-11,11.46,11.68,11.33,11.44,7728510,89107400.000
2009-11-12,11.40,11.71,11.33,11.46,9795874,113630280.000
2009-11-13,11.39,11.54,10.89,11.26,13155536,147864656.000
2009-11-16,11.30,11.90,11.19,11.79,16518689,192102880.000
2009-11-17,11.94,11.99,11.62,11.69,12340423,146166784.000
2009-11-18,11.67,11.87,11.57,11.73,8359056,98493608.000
2009-11-19,11.73,12.04,11.60,12.03,17936614,212965792.000
2009-11-20,12.03,12.13,11.67,11.87,15290964,183832208.000
2009-11-23,11.89,11.99,11.67,11.90,16152200,192143760.000
2009-11-24,11.98,12.60,11.57,11.61,25491708,313155168.000
2009-11-25,11.52,12.24,11.34,12.21,19327850,228195824.000
2009-11-26,12.16,12.34,11.38,11.48,18528444,221094320.000
2009-11-27,11.23,11.23,10.52,10.60,13636768,149335584.000
2009-11-30,10.69,11.11,10.69,11.04,8803381,96424072.000
2009-12-01,11.05,11.54,10.86,11.48,12756571,144879184.000
2009-12-02,11.50,11.54,11.23,11.49,11474559,131290120.000
2009-12-03,11.47,11.69,11.29,11.44,10334723,119293808.000
2009-12-04,11.43,11.74,10.89,11.35,15910250,182629792.000
2009-12-07,11.36,11.59,11.25,11.58,13416077,154140880.000
2009-12-08,11.59,11.60,11.13,11.33,10283422,117189616.000
2009-12-09,11.20,11.24,10.94,11.01,8872124,98644416.000
2009-12-10,11.05,11.26,10.86,11.02,7876654,87060928.000
2009-12-11,11.20,11.29,10.99,11.04,5805123,64918964.000
2009-12-14,11.04,11.04,10.57,10.96,13355698,144302256.000
2009-12-15,10.93,10.99,10.75,10.80,6769078,73959760.000
2009-12-16,10.81,10.91,10.59,10.72,5621928,60803720.000
2009-12-17,10.78,10.82,10.24,10.29,10276763,107831696.000
2009-12-18,10.17,10.20,9.94,9.97,6348938,64104900.000
2009-12-21,9.97,10.19,9.94,10.19,4631278,46878664.000
2009-12-22,10.22,10.23,9.69,9.76,5424909,54121376.000
2009-12-23,9.76,9.92,9.72,9.90,3630618,35899264.000
2009-12-24,9.91,10.33,9.84,10.31,8741971,89594024.000
2009-12-25,10.33,10.46,10.16,10.38,7737300,80680456.000
2009-12-28,10.40,10.66,10.32,10.47,10510395,111583856.000
2009-12-29,10.44,10.58,10.26,10.47,5532984,58002800.000
2009-12-30,10.47,10.62,10.40,10.60,8073888,85429104.000
2009-12-31,10.58,10.58,10.35,10.43,8074278,84716624.000
2010-01-04,10.52,10.96,10.47,10.70,15043365,162888928.000
2010-01-05,10.74,10.92,10.56,10.90,9565115,103756072.000
2010-01-06,10.82,11.26,10.74,10.97,11554647,128802928.000
2010-01-07,10.98,11.08,10.33,10.57,9939232,107325328.000
2010-01-08,10.44,10.55,10.17,10.38,11685343,121520560.000
2010-01-11,10.57,10.65,10.13,10.18,7100156,73598336.000
2010-01-12,10.18,10.45,10.11,10.43,6898122,71331528.000
2010-01-13,10.22,10.49,9.93,10.16,11276389,115224648.000
2010-01-14,10.14,10.32,9.94,10.29,15386944,156354656.000
2010-01-15,10.24,10.28,10.05,10.21,7368388,75273232.000
2010-01-18,10.14,10.44,10.04,10.42,9339956,97134040.000
2010-01-19,10.44,10.55,10.34,10.40,7975124,83718160.000
2010-01-20,10.42,10.42,9.92,9.94,12661744,128127984.000
2010-01-21,9.90,10.03,9.58,9.80,8745117,85840520.000
2010-01-22,9.64,9.72,9.19,9.43,8314025,79029784.000
2010-01-25,9.34,9.55,9.19,9.23,5385340,50763012.000
2010-01-26,9.23,9.39,9.00,9.08,5636298,51997784.000
2010-01-27,9.08,9.19,8.97,9.01,3910596,35749672.000
2010-01-28,8.96,9.10,8.96,9.07,4884824,44472336.000
2010-01-29,9.05,9.32,8.96,9.20,11730940,107631032.000
2010-02-01,9.31,9.33,8.98,9.27,13039629,120689272.000
2010-02-02,9.26,9.82,9.20,9.50,16236097,155713152.000
2010-02-03,9.48,9.70,9.22,9.63,14903164,142238336.000
2010-02-04,9.63,9.72,9.40,9.45,10465647,100048568.000
2010-02-05,9.22,9.64,9.12,9.28,9089493,85626440.000
2010-02-08,9.28,9.33,9.04,9.09,5016424,46138484.000
2010-02-09,9.10,9.19,9.05,9.13,3096560,28370696.000
2010-02-10,9.22,9.31,9.17,9.25,4063012,37761016.000
2010-02-11,9.26,9.47,9.23,9.44,6872560,65059072.000
2010-02-12,9.49,9.49,9.34,9.46,5014386,47520208.000
2010-02-22,9.42,9.53,9.35,9.39,4437920,42120988.000
2010-02-23,9.35,9.48,9.04,9.23,4996060,46118464.000
2010-02-24,9.19,9.47,9.07,9.46,5817569,54429600.000
2010-02-25,9.46,9.69,9.39,9.68,9842563,94443816.000
2010-02-26,9.70,9.70,9.45,9.47,6528014,62583072.000
2010-03-01,9.45,9.72,9.45,9.65,7060848,68149544.000
2010-03-02,9.65,9.69,9.43,9.50,6509758,62271256.000
2010-03-03,9.52,9.84,9.50,9.80,12472249,121874400.000
2010-03-04,9.83,9.92,9.49,9.52,11420688,112036400.000
2010-03-05,9.60,10.11,9.53,9.81,13734745,136165520.000
2010-03-08,9.90,9.99,9.71,9.93,9175063,91006944.000
2010-03-09,9.85,10.11,9.69,9.93,10953767,109529344.000
2010-03-10,9.94,10.32,9.89,10.24,21562561,220380864.000
2010-03-11,10.26,10.70,10.14,10.66,29520611,310868064.000
2010-03-12,10.74,10.79,10.28,10.31,27038705,286063616.000
2010-03-15,10.22,10.39,9.94,10.00,11359321,115235512.000
2010-03-16,10.00,10.19,9.87,10.13,8978408,90509736.000
2010-03-17,10.17,10.65,10.12,10.52,16225169,170187856.000
2010-03-18,10.50,10.53,10.30,10.50,9975618,104492152.000
2010-03-19,10.49,11.16,10.40,10.92,25198627,274229504.000
2010-03-22,10.94,11.39,10.84,10.93,29424637,327471616.000
2010-03-23,10.89,11.22,10.74,10.76,18103842,199634064.000
2010-03-24,10.75,10.96,10.56,10.95,13232747,142416000.000
2010-03-25,10.89,11.08,10.66,10.77,13415556,146924608.000
2010-03-26,10.67,10.90,10.59,10.73,12052482,130226112.000
2010-03-29,10.87,11.15,10.79,11.11,16497681,182698832.000
2010-03-30,11.09,11.23,10.74,11.08,13018330,145147136.000
2010-03-31,11.04,11.20,10.96,11.06,11688203,130292888.000
2010-04-01,11.09,11.39,11.09,11.30,15796104,179082384.000
2010-04-02,11.30,11.38,11.14,11.15,11323345,127639584.000
2010-04-06,11.24,11.32,11.02,11.05,13037056,145790944.000
2010-04-07,11.03,11.14,10.77,10.91,13651381,150114240.000
2010-04-08,10.91,11.08,10.79,10.81,9675547,106047200.000
2010-04-09,10.83,10.99,10.76,10.82,11453937,124955296.000
2010-04-12,10.89,10.97,10.49,10.60,14870435,159881504.000
2010-04-13,10.54,10.69,10.20,10.53,15271370,161182352.000
2010-04-14,10.71,11.05,10.71,11.03,34540296,378196800.000
2010-04-15,11.20,11.30,10.67,10.72,23263242,256208112.000
2010-04-16,10.73,10.79,10.44,10.62,10839793,115741672.000
2010-04-19,10.44,10.47,9.84,9.85,17796594,181287600.000
2010-04-20,9.90,10.02,9.55,9.70,11829813,115625024.000
2010-04-21,9.84,10.09,9.74,10.07,16422784,163525344.000
2010-04-22,10.08,10.08,9.74,9.83,14131609,140140768.000
2010-04-23,9.83,9.84,9.57,9.58,11993283,116794552.000
2010-04-26,9.59,9.78,9.34,9.35,11157729,106553056.000
2010-04-27,9.34,9.34,8.96,9.13,9774035,89244536.000
2010-04-28,9.05,9.33,8.96,9.26,7091894,65547968.000
2010-04-29,9.33,9.48,9.20,9.24,7540702,71116800.000
2010-04-30,9.19,9.50,9.11,9.48,9822060,92700720.000
2010-05-05,9.12,9.36,8.74,9.35,9678356,88318352.000
2010-05-06,9.24,9.25,8.76,8.78,7612427,68902224.000
2010-05-07,8.52,8.52,8.10,8.12,11603224,96810960.000
2010-05-10,8.13,8.22,7.86,8.11,6908502,55906244.000
2010-05-11,8.28,8.39,7.78,7.86,12270405,100486640.000
2010-05-12,7.75,7.83,7.30,7.53,10471685,79945936.000
2010-05-13,7.54,7.77,7.35,7.73,8912086,68212208.000
2010-05-14,7.66,7.68,7.51,7.61,7210104,55267224.000
2010-05-17,7.44,7.48,6.84,6.84,9590443,69214752.000
2010-05-18,6.76,7.28,6.68,7.20,9611038,67469208.000
2010-05-19,7.04,7.25,6.97,7.13,6948980,49890992.000
2010-05-20,7.02,7.39,6.94,7.05,8204204,59443992.000
2010-05-21,6.82,7.36,6.74,7.35,11090675,79611280.000
2010-05-24,7.42,7.74,7.33,7.73,12398799,94686560.000
2010-05-25,7.63,7.64,7.40,7.47,8186576,61972736.000
2010-05-26,7.54,7.56,7.39,7.51,5085947,38331504.000
2010-05-27,7.49,7.69,7.26,7.63,7699514,58241488.000
2010-05-28,7.67,7.74,7.44,7.51,7836397,59847704.000
2010-05-31,7.43,7.50,7.12,7.13,6307874,46508240.000
2010-06-01,7.04,7.09,6.80,6.93,6084012,42583256.000
2010-06-02,6.90,7.11,6.86,7.10,4792166,33823048.000
2010-06-03,7.13,7.16,6.92,6.94,4226189,30144224.000
2010-06-04,6.85,6.98,6.80,6.93,4005751,27779340.000
2010-06-07,6.75,6.79,6.57,6.63,8085081,54384456.000
2010-06-08,6.62,6.71,6.56,6.64,5219113,34943044.000
2010-06-09,6.72,6.96,6.61,6.93,9638722,65838156.000
2010-06-10,6.84,6.91,6.76,6.80,6503489,44793448.000
2010-06-11,6.85,7.11,6.77,7.00,9440495,66133864.000
2010-06-17,7.06,7.13,6.89,6.91,5413325,38056456.000
2010-06-18,6.96,6.96,6.65,6.69,5114495,34887864.000
2010-06-21,6.70,6.99,6.63,6.93,6885447,47008336.000
2010-06-22,6.87,7.11,6.81,6.96,6348843,44164768.000
2010-06-23,6.83,6.91,6.76,6.81,4711478,32215610.000
2010-06-24,6.81,6.92,6.73,6.83,3284941,22495634.000
2010-06-25,6.79,6.79,6.61,6.66,3915356,26199224.000
2010-06-28,6.66,6.75,6.64,6.70,2237809,14988193.000
2010-06-29,6.68,6.74,6.20,6.24,5592936,36139892.000
2010-06-30,6.17,6.20,5.98,5.98,4617169,27918116.000
2010-07-01,5.98,6.08,5.81,5.83,3581054,21362424.000
2010-07-02,5.84,5.92,5.64,5.91,3800658,22068592.000
2010-07-06,5.88,6.07,5.84,6.01,4878782,29293006.000
2010-07-07,6.05,6.22,6.01,6.14,4346080,26670074.000
2010-07-08,6.17,6.23,6.01,6.14,3658739,22467428.000
2010-07-09,6.14,6.47,5.99,6.40,10293043,65174044.000
2010-07-12,6.34,6.68,6.30,6.56,10548659,68738952.000
2010-07-13,6.48,6.48,6.27,6.32,5410578,34344744.000
2010-07-14,6.29,6.47,6.25,6.34,4446265,28397268.000
2010-07-15,6.37,6.42,6.17,6.17,3446573,21720528.000
2010-07-16,6.16,6.35,6.11,6.32,4229028,26323064.000
2010-07-19,6.27,6.74,6.21,6.64,12077000,79236528.000
2010-07-20,6.64,6.96,6.60,6.92,13372042,91849520.000
2010-07-21,6.90,7.11,6.81,6.97,13233591,92690608.000
2010-07-22,6.93,7.05,6.86,6.98,7428717,51778068.000
2010-07-23,6.99,7.13,6.95,7.10,11872093,83985096.000
2010-07-26,7.18,7.18,6.87,7.05,10435781,73170208.000
2010-07-27,6.99,7.10,6.88,7.04,8256066,57864560.000
2010-07-28,7.03,7.21,6.95,7.19,10459199,74612400.000
2010-07-29,7.17,7.64,7.17,7.40,20129661,149436272.000
2010-07-30,7.35,7.43,7.21,7.41,9138690,67051352.000
2010-08-02,7.42,7.66,7.32,7.63,11223015,84879160.000
2010-08-03,7.77,7.96,7.59,7.64,16786299,130186952.000
2010-08-04,7.63,7.82,7.51,7.80,10981185,84451816.000
2010-08-05,7.76,7.85,7.59,7.67,8233667,63556792.000
2010-08-06,7.75,7.92,7.64,7.80,11570451,89973752.000
2010-08-09,7.81,8.14,7.75,8.01,11952792,95269528.000
2010-08-10,8.01,8.22,7.80,7.82,12676426,102122504.000
2010-08-11,7.74,7.91,7.46,7.73,10558814,81276504.000
2010-08-12,7.59,7.67,7.38,7.48,7662102,57792512.000
2010-08-13,7.52,7.57,7.22,7.54,10737613,79507896.000
2010-08-16,7.49,7.76,7.45,7.71,8538451,65265680.000
2010-08-17,7.72,7.80,7.64,7.78,8786355,68113040.000
2010-08-18,7.79,7.83,7.54,7.67,8540015,65542128.000
2010-08-19,7.68,7.94,7.57,7.93,13840159,108176016.000
2010-08-20,7.83,7.86,7.60,7.62,7796541,60320472.000
2010-08-23,7.62,7.71,7.48,7.63,6482637,49271072.000
2010-08-24,7.59,8.01,7.40,7.79,16597942,129408960.000
2010-08-25,7.69,7.72,7.49,7.52,9800049,74394496.000
2010-08-26,7.59,7.65,7.43,7.48,5474023,41195200.000
2010-08-27,7.48,7.48,7.29,7.38,5637121,41557648.000
2010-08-30,7.44,7.57,7.40,7.55,5320450,39999656.000
2010-08-31,7.51,7.65,7.45,7.59,7088377,53549216.000
2010-09-01,7.57,7.94,7.57,7.72,15182657,118047696.000
2010-09-02,7.78,8.19,7.77,8.13,28380543,228493120.000
2010-09-03,8.11,8.12,7.87,8.05,11229711,89918896.000
2010-09-06,8.29,8.44,8.16,8.35,19073424,158926592.000
2010-09-07,8.38,8.58,8.22,8.35,13017265,109253224.000
2010-09-08,8.34,8.34,8.09,8.18,10685688,87473568.000
2010-09-09,8.20,8.21,7.86,7.89,9820901,78693968.000
2010-09-10,7.89,8.04,7.79,8.03,6207769,49257912.000
2010-09-13,8.10,8.10,7.92,8.02,5795855,46538380.000
2010-09-14,8.04,8.08,7.90,7.94,4687592,37420864.000
2010-09-15,7.94,8.01,7.79,7.87,6975011,54961824.000
2010-09-16,7.85,7.89,7.50,7.59,7287399,55638416.000
2010-09-17,7.57,7.71,7.49,7.68,5049579,38447184.000
2010-09-20,7.68,7.68,7.45,7.47,6162537,46356900.000
2010-09-21,7.47,7.58,7.42,7.49,2774230,20882374.000
2010-09-27,7.51,7.63,7.50,7.60,5458709,41396768.000
2010-09-28,7.63,7.63,7.38,7.42,3949963,29669584.000
2010-09-29,7.46,7.60,7.38,7.55,7203065,54084976.000
2010-09-30,7.50,7.64,7.44,7.61,5442278,41240840.000
2010-10-08,7.69,8.09,7.67,8.07,14997094,119683416.000
2010-10-11,8.35,8.88,8.35,8.88,37589289,328598848.000
2010-10-12,8.94,9.50,8.72,9.24,35457816,320365760.000
2010-10-13,9.17,9.48,9.02,9.15,22446180,206858048.000
2010-10-14,9.17,9.50,9.08,9.22,28235257,261194464.000
2010-10-15,9.11,9.74,9.06,9.72,39098602,370087264.000
2010-10-18,9.85,10.64,9.60,9.68,44166708,446469600.000
2010-10-19,9.41,9.69,9.11,9.67,25235999,236512064.000
2010-10-20,9.28,9.49,8.96,9.25,24356332,225453728.000
2010-10-21,9.22,10.06,9.12,9.98,25919233,247341392.000
2010-10-22,9.82,10.13,9.60,9.71,23568799,232110240.000
2010-10-25,9.64,10.09,9.40,9.99,22968230,224815952.000
2010-10-26,10.05,10.72,10.05,10.27,32450539,335822144.000
2010-10-27,10.19,10.64,9.89,10.09,24484649,251352736.000
2010-10-28,9.99,10.24,9.83,9.91,15353144,153959120.000
2010-10-29,9.91,10.26,9.79,10.22,15859601,158814352.000
2010-11-01,10.49,10.93,10.33,10.77,33648624,359273504.000
2010-11-02,10.79,11.35,10.49,10.74,38928821,425325024.000
2010-11-03,10.75,11.13,10.45,10.49,30463738,326480864.000
2010-11-04,10.48,10.80,10.29,10.79,21623480,229165632.000
2010-11-05,11.07,11.12,10.62,10.81,20759531,224464080.000
2010-11-08,10.81,10.86,10.48,10.84,22962315,244467456.000
2010-11-09,10.79,10.84,10.41,10.53,19930969,210892192.000
2010-11-10,10.49,10.51,10.14,10.27,17934357,184057248.000
2010-11-11,10.22,10.72,10.19,10.36,19228162,202713760.000
2010-11-12,10.32,10.52,9.32,9.33,26832284,262907232.000
2010-11-15,9.44,9.49,8.96,9.14,22688247,206887296.000
2010-11-16,9.17,9.27,8.67,8.81,19893438,179446096.000
2010-11-17,8.64,8.83,8.40,8.49,12895936,111294480.000
2010-11-18,8.64,8.70,8.46,8.68,9356341,80485984.000
2010-11-19,8.69,8.73,8.24,8.66,16137268,137325248.000
2010-11-22,8.50,8.74,8.43,8.71,12770581,109952064.000
2010-11-23,8.65,8.65,8.09,8.23,14907549,123852768.000
2010-11-24,8.20,8.51,8.19,8.48,9342394,78443352.000
2010-11-25,8.52,8.88,8.52,8.82,15572773,136703360.000
2010-11-26,8.77,8.96,8.64,8.83,12152707,106957808.000
2010-11-29,8.78,9.03,8.68,8.95,11379299,100906232.000
2010-11-30,8.88,9.07,8.34,8.74,13230247,115405920.000
2010-12-01,8.67,8.81,8.59,8.77,6524261,57055128.000
2010-12-02,8.92,9.15,8.83,8.90,20829159,187489440.000
2010-12-03,8.99,9.04,8.72,8.79,16753898,148591632.000
2010-12-06,8.75,8.82,8.42,8.51,11077815,95135888.000
2010-12-07,8.44,8.61,8.24,8.58,9617647,81192440.000
2010-12-08,8.57,8.67,8.34,8.40,9022203,76731552.000
2010-12-09,8.38,8.64,8.26,8.37,10312923,87707760.000
2010-12-10,8.51,9.13,8.51,8.79,13945464,122018704.000
2010-12-13,8.82,9.15,8.82,9.13,18279931,165454080.000
2010-12-14,9.14,9.33,9.05,9.12,13996199,128354184.000
2010-12-15,9.14,9.18,8.99,9.00,11677437,105863960.000
2010-12-16,8.99,9.07,8.87,8.89,7484932,66911216.000
2010-12-17,8.88,9.13,8.86,9.08,7024825,63363688.000
2010-12-20,9.11,9.16,8.65,8.81,10179768,90239864.000
2010-12-21,8.79,9.19,8.74,9.18,14023241,126414424.000
2010-12-22,9.15,9.65,9.09,9.34,24035319,226422080.000
2010-12-23,9.23,9.32,9.02,9.10,10550258,96851592.000
2010-12-24,9.04,9.29,8.99,9.16,9059794,83024072.000
2010-12-27,9.14,9.41,8.87,8.89,11843147,108137672.000
2010-12-28,8.81,8.86,8.49,8.51,8129862,70169432.000
2010-12-29,8.50,8.61,8.44,8.53,5404443,46162516.000
2010-12-30,8.54,8.60,8.35,8.54,5353047,45306128.000
2010-12-31,8.56,8.82,8.51,8.80,5467816,47650408.000
2011-01-04,8.95,9.09,8.78,9.03,11940434,106719112.000
2011-01-05,8.92,9.03,8.83,8.90,7800223,69507328.000
2011-01-06,8.88,9.03,8.78,8.85,5244912,46569632.000
2011-01-07,8.85,9.06,8.65,8.94,11219412,99581008.000
2011-01-10,8.95,8.95,8.62,8.65,7286882,63920136.000
2011-01-11,8.59,8.62,8.29,8.50,8081121,68374768.000
2011-01-12,8.56,8.97,8.53,8.89,13330906,117516624.000
2011-01-13,8.97,8.97,8.55,8.68,9292688,80975184.000
2011-01-14,8.59,8.63,8.40,8.55,5407671,46034784.000
2011-01-17,8.42,8.49,8.15,8.19,6059643,50342848.000
2011-01-18,8.18,8.33,8.14,8.24,2972265,24407860.000
2011-01-19,8.28,8.42,8.22,8.42,4362603,36441440.000
2011-01-20,8.40,8.47,8.09,8.09,5228986,43297184.000
2011-01-21,8.02,8.31,7.99,8.11,4680933,38225372.000
2011-01-24,8.11,8.24,8.00,8.01,4384700,35444112.000
2011-01-25,7.99,8.26,7.99,8.05,4385944,35538332.000
2011-01-26,8.05,8.15,8.02,8.14,3196748,25895320.000
2011-01-27,8.11,8.27,8.00,8.22,6934302,56811920.000
2011-01-28,8.23,8.29,8.18,8.23,4373017,36048576.000
2011-01-31,8.29,8.45,8.29,8.44,6085609,51160316.000
2011-02-01,8.43,8.47,8.36,8.44,3577449,30125584.000
2011-02-09,8.37,8.46,8.23,8.28,4752498,39687664.000
2011-02-10,8.25,8.58,8.22,8.56,7286484,61500584.000
2011-02-11,8.54,8.74,8.50,8.57,6944320,60015096.000
2011-02-14,8.59,9.16,8.56,9.02,18158774,162166736.000
2011-02-15,9.01,9.14,8.94,9.07,13447406,122003608.000
2011-02-16,9.08,9.47,9.08,9.27,19904711,184914784.000
2011-02-17,9.27,9.42,9.11,9.20,13266766,122348656.000
2011-02-18,9.20,9.32,9.00,9.05,9695127,88493680.000
2011-02-21,8.99,9.26,8.92,9.21,9972439,91564432.000
2011-02-22,9.27,9.38,9.01,9.06,15064946,138294608.000
2011-02-23,9.07,9.42,9.03,9.33,16918547,156484752.000
2011-02-24,9.37,9.68,9.26,9.58,28436458,270801664.000
2011-02-25,9.54,9.54,9.34,9.49,11813782,111662552.000
2011-02-28,9.55,9.56,9.39,9.50,9700513,92032224.000
2011-03-01,9.49,9.63,9.33,9.38,13006792,122709976.000
2011-03-02,9.38,9.38,9.07,9.26,11641746,107362016.000
2011-03-03,9.30,9.35,9.08,9.13,7987606,73736624.000
2011-03-04,9.16,9.43,9.16,9.38,9401704,87872480.000
2011-03-07,9.41,9.77,9.38,9.77,20221999,194440656.000
2011-03-08,9.78,9.83,9.59,9.69,12610303,122265840.000
2011-03-09,9.72,9.73,9.56,9.62,7733040,74437512.000
2011-03-10,9.56,9.56,9.32,9.34,8460768,79768736.000
2011-03-11,9.29,9.45,9.25,9.41,9242899,86487400.000
2011-03-14,9.55,9.67,9.39,9.43,13307157,126487952.000
2011-03-15,9.41,9.57,9.01,9.50,15645710,144978448.000
2011-03-16,9.51,9.71,9.27,9.56,18654308,177759152.000
2011-03-17,9.42,9.48,9.19,9.26,10281272,96277848.000
2011-03-18,9.34,9.38,9.23,9.27,5402773,50224112.000
2011-03-21,9.27,9.28,9.08,9.15,6942208,63630088.000
2011-03-22,9.19,9.22,9.02,9.14,7109581,64675332.000
2011-03-23,9.15,9.31,9.09,9.27,8602883,79446752.000
2011-03-24,9.29,9.36,9.21,9.23,7009882,65230908.000
2011-03-25,9.22,9.66,9.20,9.61,23409234,223091568.000
2011-03-28,9.69,10.22,9.65,10.12,38195783,383782176.000
2011-03-29,10.07,10.37,10.00,10.12,25565880,260700144.000
2011-03-30,10.03,10.24,9.84,9.90,15915848,159650784.000
2011-03-31,9.94,10.14,9.72,9.95,13886015,138316016.000
2011-04-01,9.95,10.40,9.82,10.33,19670552,200658672.000
2011-04-06,10.29,10.84,10.23,10.57,26648390,280559296.000
2011-04-07,10.58,10.79,10.37,10.47,19006013,201037904.000
2011-04-08,10.45,11.15,10.34,11.11,30216880,326257824.000
2011-04-11,11.14,11.49,10.87,10.90,43278084,485299168.000
2011-04-12,10.83,11.74,10.80,11.39,43010850,486816992.000
2011-04-14,11.41,11.92,11.14,11.28,30324500,348896608.000
2011-04-15,11.17,11.63,10.75,11.26,25204591,280277792.000
2011-04-18,11.14,11.20,10.89,11.13,15215775,168406944.000
2011-04-19,10.97,11.42,10.81,11.01,19829455,219762432.000
2011-04-20,10.92,11.11,10.60,10.64,15024653,161820224.000
2011-04-21,10.72,11.15,10.60,10.97,18888843,206379152.000
2011-04-22,10.90,11.23,10.74,10.87,14653991,161194496.000
2011-04-25,10.72,10.84,10.19,10.27,14108616,146973632.000
2011-04-26,10.14,10.25,9.90,9.97,8543851,86109608.000
2011-04-27,9.99,10.12,9.69,9.90,9723906,96578808.000
2011-04-28,10.05,10.15,9.87,9.95,12193328,122291944.000
2011-04-29,10.04,10.43,9.92,10.34,9552769,97700056.000
2011-05-03,10.33,10.67,10.30,10.58,11564056,121285320.000
2011-05-04,10.48,10.48,9.80,10.01,11965340,122941080.000
2011-05-05,9.94,10.38,9.89,10.19,16805307,170241488.000
2011-05-06,9.94,10.06,9.76,9.85,20870473,206603568.000
2011-05-09,9.86,9.95,9.80,9.88,7826944,77318720.000
2011-05-10,9.96,10.17,9.84,10.14,9807173,98348104.000
2011-05-11,10.12,10.25,9.97,10.13,10735979,108892304.000
2011-05-12,9.99,10.02,9.77,9.78,11580566,114608112.000
2011-05-13,9.82,9.93,9.48,9.77,8895467,86431200.000
2011-05-16,9.72,9.79,9.29,9.38,13143648,124963152.000
2011-05-17,9.39,9.63,9.19,9.43,12013459,112972512.000
2011-05-18,9.39,9.65,9.33,9.59,6897304,65963640.000
2011-05-19,9.60,9.67,9.44,9.49,6026037,57512404.000
2011-05-20,9.50,9.59,9.41,9.51,4378193,41644188.000
2011-05-23,9.49,9.49,8.85,8.85,12439260,113009728.000
2011-05-24,8.83,9.04,8.77,8.97,7955055,70585944.000
2011-05-25,8.92,9.00,8.75,8.76,5799457,51325360.000
2011-05-26,8.82,8.89,8.66,8.67,5274114,46349588.000
2011-05-27,8.66,8.79,8.57,8.62,6725126,58228580.000
2011-05-30,8.58,8.59,8.30,8.46,6018026,51154072.000
2011-05-31,8.43,8.71,8.43,8.68,5244676,45178320.000
2011-06-01,8.69,8.72,8.56,8.68,6503717,56291856.000
2011-06-02,8.52,8.84,8.43,8.74,10163386,87784320.000
2011-06-03,8.68,8.87,8.68,8.79,10513761,92255776.000
2011-06-07,8.75,8.93,8.68,8.87,7666738,67871416.000
2011-06-08,8.87,8.90,8.67,8.84,5849503,51416816.000
2011-06-09,8.83,8.83,8.56,8.57,5454882,47422888.000
2011-06-10,8.54,8.64,8.33,8.59,5239261,44527216.000
2011-06-13,8.49,8.61,8.32,8.55,3825427,32447456.000
2011-06-14,8.54,9.09,8.50,9.02,12686134,112442808.000
2011-06-15,9.05,9.48,8.79,9.29,20196290,187515968.000
2011-06-16,9.21,9.46,9.09,9.27,13645062,127537104.000
2011-06-17,9.22,9.33,8.95,8.99,6924647,63417180.000
2011-06-20,9.00,9.33,9.00,9.18,5695366,52214520.000
2011-06-21,9.24,9.59,9.19,9.57,13604972,128616344.000
2011-06-22,9.57,9.74,9.39,9.51,10658081,102136704.000
2011-06-23,9.44,9.84,9.40,9.77,11900308,115275968.000
2011-06-24,9.64,10.12,9.62,9.89,17917596,178727056.000
2011-06-27,9.91,10.30,9.91,10.10,14811536,150188976.000
2011-06-28,10.10,10.46,9.98,10.44,18770477,192132896.000
2011-06-29,10.50,10.58,10.23,10.25,21233199,221373184.000
2011-06-30,10.29,10.50,10.12,10.26,12645853,130931296.000
2011-07-01,10.26,10.49,10.17,10.18,11421807,117967816.000
2011-07-04,10.22,10.50,10.19,10.41,15935116,165676224.000
2011-07-05,10.42,10.67,10.29,10.58,19220944,201330368.000
2011-07-06,10.49,10.59,10.38,10.48,9331805,97602008.000
2011-07-07,10.45,10.57,10.14,10.21,13368456,138770384.000
2011-07-08,10.23,10.44,10.01,10.36,11257357,114536904.000
2011-07-11,10.27,10.83,10.20,10.73,20068486,213499472.000
2011-07-12,10.59,11.09,10.49,10.85,24300024,265046592.000
2011-07-13,10.98,11.47,10.89,11.34,23107861,259620736.000
2011-07-14,11.29,11.81,11.24,11.63,26764989,310999648.000
2011-07-15,11.59,11.79,11.42,11.65,19828475,230447024.000
2011-07-18,11.54,11.73,11.29,11.57,16117766,185211968.000
2011-07-19,11.47,11.56,11.12,11.34,15367590,174197744.000
2011-07-20,11.35,11.61,11.14,11.54,13116479,149634192.000
2011-07-21,11.57,11.59,11.31,11.36,7674773,87497680.000
2011-07-22,11.40,11.42,10.97,11.05,12185107,135814080.000
2011-07-25,11.02,11.02,10.49,10.54,15452595,165933136.000
2011-07-26,10.46,10.71,10.37,10.60,8366517,88241536.000
2011-07-27,10.47,10.97,10.44,10.97,10784805,116012304.000
2011-07-28,10.79,11.29,10.75,11.04,14041533,155609760.000
2011-07-29,11.02,11.04,10.67,10.80,9608623,104028848.000
2011-08-01,10.86,11.11,10.75,10.94,7060833,77326400.000
2011-08-02,10.82,10.83,10.49,10.80,7505688,80125136.000
2011-08-03,10.74,11.26,10.67,11.04,11719155,129818944.000
2011-08-04,11.05,11.24,10.96,11.01,6940315,77036040.000
2011-08-05,10.59,10.89,10.45,10.71,7530654,80626752.000
2011-08-08,10.51,10.54,9.86,10.30,11807195,120563464.000
2011-08-09,9.99,10.53,9.90,10.36,9392329,95986688.000
2011-08-10,10.54,10.72,10.43,10.48,9530931,101060200.000
2011-08-11,10.19,10.59,10.11,10.56,7943834,82947224.000
2011-08-12,10.63,10.73,10.43,10.52,8604949,91029736.000
2011-08-15,10.53,10.60,10.32,10.59,9218578,96444736.000
2011-08-16,10.55,10.92,10.40,10.76,12788981,136848160.000
2011-08-17,10.77,10.82,10.60,10.68,5027726,53872544.000
2011-08-18,10.65,10.69,10.34,10.37,5507098,57897876.000
2011-08-19,10.19,10.36,10.07,10.25,5877110,59953932.000
2011-08-22,10.25,10.36,9.93,10.03,5459997,55375544.000
2011-08-23,10.03,10.23,10.00,10.21,3268531,33133538.000
2011-08-24,10.27,10.53,10.26,10.36,7529227,78587256.000
2011-08-25,10.37,10.65,10.29,10.57,9249574,97524360.000
2011-08-26,10.57,10.57,10.34,10.44,7355523,76924224.000
2011-08-29,10.39,10.44,10.14,10.19,6793888,69822272.000
2011-08-30,10.26,10.46,10.09,10.14,4521102,46508276.000
2011-08-31,10.13,10.31,10.11,10.24,4103664,41924384.000
2011-09-01,10.24,10.36,10.14,10.15,4215136,43127768.000
2011-09-02,10.11,10.19,9.97,9.99,4150663,41747800.000
2011-09-05,9.82,10.20,9.81,9.82,6052087,60463684.000
2011-09-06,9.70,9.87,9.57,9.63,6572381,63643264.000
2011-09-07,9.86,10.12,9.85,10.10,9375971,93634528.000
2011-09-08,10.11,10.30,10.00,10.11,7979031,81411360.000
2011-09-09,10.11,10.34,10.02,10.19,5322256,54394604.000
2011-09-13,10.01,10.11,9.86,9.98,6919507,68972176.000
2011-09-14,10.07,10.69,10.02,10.58,14037243,145345536.000
2011-09-15,10.58,10.93,10.49,10.57,13199009,142063088.000
2011-09-16,10.59,10.89,10.47,10.73,10428704,111839056.000
2011-09-19,10.61,11.00,10.59,10.64,14571421,157545200.000
2011-09-20,10.68,10.84,10.38,10.84,8601191,91517744.000
2011-09-21,10.82,11.14,10.69,10.98,15671668,172204224.000
2011-09-22,10.87,11.05,10.49,10.49,12648032,135638000.000
2011-09-23,10.28,10.45,10.08,10.24,10827842,111110432.000
2011-09-26,10.18,10.31,9.92,9.96,8322044,83758608.000
2011-09-27,9.95,10.09,9.94,10.01,6906676,69176368.000
2011-09-28,10.09,10.19,9.59,9.60,10830590,106612504.000
2011-09-29,9.50,9.53,9.14,9.25,8670751,80865216.000
2011-09-30,9.25,9.38,9.11,9.17,3998790,36901076.000
2011-10-10,9.24,9.31,8.86,8.89,6086512,55070188.000
2011-10-11,9.15,9.22,8.79,8.97,4831487,43519628.000
2011-10-12,8.92,9.26,8.79,9.22,7908896,72429656.000
2011-10-13,9.23,9.65,9.14,9.38,11393604,106613256.000
2011-10-14,9.34,9.38,8.99,9.14,6774476,62105504.000
2011-10-17,9.14,9.23,8.84,8.95,10194243,91677336.000
2011-10-18,8.88,9.02,8.62,8.65,7151267,63239220.000
2011-10-19,8.70,8.75,8.49,8.56,4786538,41209472.000
2011-10-20,8.48,8.55,8.00,8.09,9081788,74717072.000
2011-10-21,8.09,8.19,8.00,8.13,5685176,46106120.000
2011-10-24,8.19,8.31,7.97,8.19,8038253,65740096.000
2011-10-25,8.20,8.48,8.07,8.41,10255092,85355328.000
2011-10-26,8.37,8.55,8.29,8.42,9648257,81485632.000
2011-10-27,8.43,8.59,8.37,8.48,8220948,69848152.000
2011-10-28,8.58,8.74,8.49,8.71,12040088,104038736.000
2011-10-31,8.65,8.69,8.52,8.59,7377868,63633080.000
2011-11-01,8.51,8.61,8.39,8.54,5771497,49059612.000
2011-11-02,8.40,8.61,8.28,8.53,7871782,66243288.000
2011-11-03,8.53,8.91,8.53,8.72,15324080,134212904.000
2011-11-07,8.79,9.10,8.79,8.89,13104192,117130064.000
2011-11-08,8.93,8.99,8.69,8.71,8610654,75926056.000
2011-11-09,8.74,8.81,8.52,8.80,7879724,68282848.000
2011-11-10,8.70,8.98,8.63,8.78,11356782,100664064.000
2011-11-11,8.78,8.84,8.58,8.62,5502984,47907472.000
2011-11-14,8.68,8.83,8.60,8.81,5604386,49145552.000
2011-11-15,8.79,9.39,8.78,9.34,21845490,199828864.000
2011-11-16,9.34,9.42,8.98,9.07,12555509,114989728.000
2011-11-17,9.03,9.71,9.03,9.61,19456647,182892592.000
2011-11-18,9.59,9.77,9.41,9.64,22746432,218182944.000
2011-11-21,9.49,9.49,8.86,9.05,16359592,148490992.000
2011-11-22,8.95,8.96,8.49,8.78,10715251,93313968.000
2011-11-23,8.76,8.82,8.55,8.56,5489504,47840968.000
2011-11-24,8.51,8.72,8.29,8.70,6488232,55529632.000
2011-11-25,8.61,8.75,8.43,8.51,4451818,38224268.000
2011-11-28,8.53,8.62,8.34,8.49,4079646,34557320.000
2011-11-29,8.60,8.80,8.50,8.71,5781359,50132744.000
2011-11-30,8.66,8.73,8.09,8.20,7206965,60420124.000
2011-12-01,8.50,8.59,8.36,8.41,7868882,66708260.000
2011-12-02,8.40,8.40,8.09,8.17,4466153,36624908.000
2011-12-05,8.12,8.16,7.99,8.02,3916506,31614678.000
2011-12-06,8.08,8.10,7.72,7.87,5792405,45656512.000
2011-12-07,7.84,7.94,7.75,7.89,3539469,27811754.000
2011-12-08,7.89,8.12,7.80,8.00,3856812,30768844.000
2011-12-09,7.94,7.94,7.73,7.82,3387431,26504840.000
2011-12-12,7.83,7.92,7.67,7.69,3360846,26112584.000
2011-12-13,7.64,7.64,6.92,7.03,11745734,84155376.000
2011-12-14,6.99,7.04,6.67,6.73,6266437,42917888.000
2011-12-15,6.70,6.72,6.43,6.47,7346637,48286576.000
2011-12-16,6.52,6.81,6.50,6.78,5088612,33782320.000
2011-12-19,6.74,6.88,6.65,6.84,5102610,34541296.000
2011-12-20,6.83,6.96,6.79,6.81,3468377,23867416.000
2011-12-21,6.89,6.91,6.52,6.56,3047869,20607244.000
2011-12-22,6.48,6.54,6.09,6.37,6894269,43404424.000
2011-12-23,6.29,6.57,6.27,6.43,3965968,25575046.000
2011-12-26,6.43,6.73,6.40,6.49,4615342,30265078.000
2011-12-27,6.40,6.52,6.22,6.28,2861623,18215460.000
2011-12-28,6.25,6.36,6.15,6.35,4059482,25348360.000
2011-12-29,6.31,6.53,6.26,6.41,4209681,27097852.000
2011-12-30,6.50,6.57,6.46,6.50,3106272,20245968.000
2012-01-04,6.58,6.62,6.24,6.27,3192678,20629268.000
2012-01-05,6.24,6.36,6.16,6.24,3835008,24135388.000
2012-01-06,6.22,6.38,6.08,6.34,3365001,20861236.000
2012-01-09,6.33,6.81,6.25,6.75,6832458,44926228.000
2012-01-10,6.70,7.10,6.68,7.04,9740492,67652840.000
2012-01-11,7.00,7.44,6.93,7.07,9485015,68274352.000
2012-01-12,6.98,7.13,6.90,7.01,6502260,45676840.000
2012-01-13,6.99,7.06,6.65,6.77,7548774,51608744.000
2012-01-16,6.68,6.93,6.62,6.64,4884008,33120946.000
2012-01-17,6.66,7.31,6.64,7.22,10039417,70672848.000
2012-01-18,7.19,7.42,7.03,7.16,8880815,64359340.000
2012-01-19,7.14,7.39,7.06,7.34,10949689,79321976.000
2012-01-20,7.33,7.40,7.26,7.31,6956614,51100360.000
2012-01-30,7.38,7.41,7.10,7.14,5188300,37410980.000
2012-01-31,7.13,7.17,6.91,7.11,4087184,28821852.000
2012-02-01,7.09,7.14,6.87,6.91,4590230,32163960.000
2012-02-02,6.96,7.15,6.87,7.14,4115608,29023040.000
2012-02-03,7.12,7.22,7.06,7.17,5741114,41094556.000
2012-02-06,7.18,7.26,7.14,7.24,6248198,45021936.000
2012-02-07,7.19,7.35,7.09,7.14,7579589,54710036.000
2012-02-08,7.09,7.39,7.08,7.38,9290651,67621192.000
2012-02-09,7.39,7.62,7.35,7.46,11423050,85431416.000
2012-02-10,7.41,7.67,7.37,7.47,10427301,78678000.000
2012-02-13,7.36,7.59,7.26,7.43,7202817,53526488.000
2012-02-14,7.42,7.46,7.31,7.37,6343467,46760776.000
2012-02-15,7.35,7.59,7.34,7.49,6649563,49844824.000
2012-02-16,7.47,7.67,7.44,7.64,12041280,91525624.000
2012-02-17,7.64,7.69,7.49,7.55,5709906,43254668.000
2012-02-20,7.64,7.73,7.52,7.55,8161449,62192692.000
2012-02-21,7.55,7.63,7.41,7.60,5019193,37835104.000
2012-02-22,7.57,7.71,7.56,7.69,7781655,59591004.000
2012-02-23,7.78,7.93,7.69,7.80,11847530,92496992.000
2012-02-24,7.77,7.91,7.71,7.90,10082712,78941440.000
2012-02-27,7.94,8.29,7.90,8.01,16940815,137843136.000
2012-02-28,7.94,8.28,7.78,8.12,11575478,92625384.000
2012-02-29,8.04,8.19,7.90,8.01,9180531,74023344.000
2012-03-01,7.95,8.08,7.89,7.91,6182450,49344228.000
2012-03-02,7.91,8.08,7.91,8.07,4788774,38441416.000
2012-03-05,8.10,8.13,7.94,7.97,6562776,52658140.000
2012-03-06,7.95,7.95,7.70,7.75,7608769,59272796.000
2012-03-07,7.61,8.07,7.60,7.85,9682830,76023432.000
2012-03-08,7.85,7.98,7.79,7.92,7347142,58116524.000
2012-03-09,7.89,7.99,7.83,7.95,7330740,58128188.000
2012-03-12,7.97,7.98,7.78,7.87,6747312,53272456.000
2012-03-13,7.87,8.03,7.83,8.03,8127504,64757040.000
2012-03-14,8.06,8.20,7.54,7.59,17817178,141617536.000
2012-03-15,7.57,7.64,7.31,7.36,8911957,66346076.000
2012-03-16,7.36,7.52,7.27,7.48,7102730,52654720.000
2012-03-19,7.48,7.64,7.34,7.59,11333659,85144520.000
2012-03-20,7.52,7.72,7.38,7.51,13734399,104438672.000
2012-03-21,7.51,7.68,7.39,7.56,8426141,63492816.000
2012-03-22,7.56,7.58,7.43,7.47,5568613,41707716.000
2012-03-23,7.43,7.47,7.21,7.28,6873969,50496304.000
2012-03-26,7.26,7.32,7.10,7.19,4516850,32585058.000
2012-03-27,7.23,7.34,7.15,7.16,5560378,40351936.000
2012-03-28,7.14,7.14,6.63,6.67,8764657,59627312.000
2012-03-29,6.67,6.69,6.47,6.50,6404567,42079216.000
2012-03-30,6.52,6.57,6.33,6.34,5174227,33383258.000
2012-04-05,6.39,6.63,6.35,6.60,7423350,48299164.000
2012-04-06,6.58,6.81,6.55,6.73,6872881,46312732.000
2012-04-09,6.73,6.86,6.60,6.66,5311706,35754056.000
2012-04-10,6.61,6.75,6.44,6.72,5787627,38154424.000
2012-04-11,6.61,6.74,6.54,6.70,5454809,36306324.000
2012-04-12,6.71,6.91,6.64,6.89,10145767,68967216.000
2012-04-16,6.78,7.01,6.72,6.94,9239371,63866860.000
2012-04-17,6.91,7.08,6.81,6.86,7518358,52048752.000
2012-04-18,6.88,7.04,6.84,7.01,8357024,58183824.000
2012-04-19,6.99,7.04,6.91,7.00,6349764,44367624.000
2012-04-20,6.98,7.10,6.95,7.06,7865877,55490320.000
2012-04-23,7.07,7.19,6.92,7.08,8731632,61561328.000
2012-04-24,6.80,6.82,6.46,6.74,15858333,105933264.000
2012-04-25,6.64,6.78,6.64,6.76,7389466,49654872.000
2012-04-26,6.75,6.79,6.66,6.69,5227619,35129400.000
2012-04-27,6.68,6.81,6.66,6.72,4356557,29377794.000
2012-05-02,6.82,6.90,6.65,6.83,6556822,44556912.000
2012-05-03,6.81,6.88,6.77,6.80,4229608,28884252.000
2012-05-04,6.79,6.89,6.79,6.89,5663599,38839132.000
2012-05-07,6.84,6.89,6.72,6.80,5376542,36559400.000
2012-05-08,6.82,6.82,6.66,6.70,5641190,37903320.000
2012-05-09,6.67,6.95,6.56,6.77,11103935,75502928.000
2012-05-10,6.71,6.84,6.63,6.71,7244827,48824648.000
2012-05-11,6.69,6.71,6.54,6.57,5981266,39592064.000
2012-05-14,6.62,6.64,6.46,6.48,5967681,38999676.000
2012-05-15,6.46,6.47,6.24,6.33,5699109,36163916.000
2012-05-16,6.32,6.37,6.26,6.27,2889878,18259484.000
2012-05-17,6.27,6.33,6.22,6.32,4463742,28069090.000
2012-05-18,6.26,6.36,6.23,6.26,3634791,22896584.000
2012-05-21,6.26,6.31,6.19,6.25,2832686,17726456.000
2012-05-22,6.28,6.37,6.27,6.37,3581608,22723170.000
2012-05-23,6.39,6.39,6.25,6.31,2796127,17709168.000
2012-05-24,6.31,6.34,6.24,6.25,3188880,20055720.000
2012-05-25,6.26,6.42,6.20,6.32,4877703,30867848.000
2012-05-28,6.34,6.58,6.33,6.57,10564413,68417312.000
2012-05-29,6.58,6.78,6.56,6.69,10986101,73405872.000
2012-05-30,6.68,6.73,6.59,6.65,5463932,36418264.000
2012-05-31,6.60,6.60,6.47,6.53,4026050,26343974.000
2012-06-01,6.52,6.59,6.42,6.44,3959363,25746956.000
2012-06-04,6.34,6.34,6.17,6.19,4487129,28134730.000
2012-06-05,6.21,6.25,6.13,6.18,2802610,17350404.000
2012-06-06,6.23,6.23,6.12,6.15,1789591,11057086.000
2012-06-07,6.21,6.23,6.09,6.10,2590457,15946855.000
2012-06-08,6.16,6.18,6.10,6.10,2068840,12717178.000
2012-06-11,6.11,6.20,6.10,6.19,1488479,9169700.000
2012-06-12,6.17,6.18,6.11,6.11,1271184,7802459.000
2012-06-13,6.11,6.16,5.98,6.13,5446125,33062388.000
2012-06-14,6.08,6.17,6.04,6.06,3702717,22610010.000
2012-06-15,6.09,6.15,6.02,6.12,3664488,22300808.000
2012-06-18,6.15,6.27,6.14,6.22,3945427,24592296.000
2012-06-19,6.21,6.21,6.14,6.15,1810399,11175626.000
2012-06-20,6.15,6.20,6.14,6.15,1498135,9246652.000
2012-06-21,6.16,6.16,6.01,6.04,2100632,12728771.000
2012-06-25,6.04,6.04,5.78,5.86,3332345,19710024.000
2012-06-26,5.83,5.83,5.72,5.79,2199275,12719404.000
2012-06-27,5.79,5.82,5.69,5.71,1712876,9887599.000
2012-06-28,5.71,5.75,5.49,5.52,3052084,17270964.000
2012-06-29,5.49,5.61,5.37,5.57,2420419,13347800.000
2012-07-02,5.63,5.66,5.54,5.58,1651450,9251112.000
2012-07-03,5.57,5.60,5.52,5.53,2030273,11333718.000
2012-07-04,5.55,5.56,5.41,5.45,2078748,11407273.000
2012-07-05,5.40,5.44,5.21,5.23,3082464,16362108.000
2012-07-06,5.29,5.35,5.18,5.33,2590696,13653932.000
2012-07-09,5.30,5.30,5.08,5.09,2297193,11925017.000
2012-07-10,5.03,5.06,4.96,5.01,2723659,13648340.000
2012-07-11,5.00,5.14,4.98,5.10,2152356,10890885.000
2012-07-12,5.08,5.18,4.94,5.16,3182603,16149643.000
2012-07-13,5.57,5.57,5.20,5.21,3097306,16443397.000
2012-07-16,5.19,5.23,4.99,5.01,2206021,11182168.000
2012-07-17,5.00,5.06,4.97,5.05,2176967,10935164.000
2012-07-18,5.03,5.41,5.00,5.28,5049463,26249384.000
2012-07-19,5.23,5.30,5.15,5.26,3434990,17993892.000
2012-07-20,5.24,5.29,5.18,5.19,1777568,9291029.000
2012-07-24,5.04,5.36,4.99,5.18,2262394,11798317.000
2012-07-25,5.16,5.17,5.08,5.11,1479704,7592466.000
2012-07-26,5.07,5.23,5.06,5.10,2353329,12136739.000
2012-07-27,5.13,5.13,4.98,5.02,2545608,12883250.000
2012-07-30,5.02,5.05,4.97,5.00,1556819,7820288.000
2012-07-31,5.04,5.09,4.98,5.01,2635203,13230925.000
2012-08-01,5.00,5.10,4.99,5.08,1643645,8349340.000
2012-08-02,5.01,5.23,4.99,5.04,2356118,12026874.000
2012-08-03,5.01,5.09,5.00,5.08,1831765,9240895.000
2012-08-06,5.07,5.18,5.04,5.16,2420157,12453474.000
2012-08-07,5.14,5.68,5.12,5.68,17513775,98452368.000
2012-08-08,5.78,5.78,5.51,5.55,14547505,81478976.000
2012-08-09,5.56,5.63,5.48,5.56,8127550,45319840.000
2012-08-10,5.64,5.76,5.50,5.60,7699521,43422248.000
2012-08-13,5.60,5.60,5.35,5.37,5231262,28471672.000
2012-08-14,5.36,5.39,5.22,5.38,4368493,23205210.000
2012-08-15,5.34,5.53,5.28,5.40,4822624,26085944.000
2012-08-16,5.36,5.41,5.29,5.29,2595929,13893159.000
2012-08-17,5.33,5.38,5.26,5.37,2234561,11917925.000
2012-08-20,5.32,5.34,5.02,5.24,2923729,15306897.000
2012-08-21,5.22,5.29,5.17,5.26,2215325,11640336.000
2012-08-22,5.27,5.27,5.10,5.14,2778587,14369173.000
2012-08-23,5.14,5.20,5.10,5.17,2490427,12872300.000
2012-08-24,5.14,5.34,5.05,5.24,5856267,30642516.000
2012-08-27,5.22,5.22,4.99,4.99,3988418,20141376.000
2012-08-28,5.13,5.19,5.00,5.11,3442865,17696376.000
2012-08-29,5.04,5.11,5.02,5.05,2179038,11031805.000
2012-08-30,5.00,5.08,4.79,4.91,3337921,16526722.000
2012-08-31,4.89,4.98,4.87,4.92,1404815,6921292.000
2012-09-03,4.89,5.07,4.88,5.03,1990083,9951599.000
2012-09-04,5.03,5.03,4.85,4.89,2655250,13150558.000
2012-09-05,4.86,4.91,4.80,4.85,2838553,13800069.000
2012-09-06,4.87,4.90,4.80,4.88,3523208,17104424.000
2012-09-07,4.93,5.21,4.93,5.16,9029998,46241104.000
2012-09-10,5.16,5.31,5.10,5.26,8806998,46203984.000
2012-09-11,5.29,5.57,5.22,5.33,13278179,71012352.000
2012-09-12,5.29,5.48,5.28,5.40,11101890,59905752.000
2012-09-13,5.37,5.83,5.30,5.53,22120599,124127048.000
2012-09-14,5.55,5.78,5.44,5.51,16721188,93695736.000
2012-09-17,5.47,5.47,5.26,5.28,8651490,46317300.000
2012-09-18,5.25,5.25,5.09,5.14,5316716,27488252.000
2012-09-19,5.17,5.28,5.14,5.22,3993596,20789724.000
2012-09-20,5.20,5.27,5.01,5.02,4611543,23699998.000
2012-09-21,5.01,5.08,4.90,4.99,4383303,21933884.000
2012-09-24,4.93,5.11,4.91,5.05,2480696,12427322.000
2012-09-25,5.03,5.25,4.99,5.16,6825789,35129952.000
2012-09-26,5.09,5.11,4.94,4.98,4951142,24823740.000
2012-09-27,4.99,5.15,4.95,5.11,5177144,26311144.000
2012-09-28,5.06,5.21,5.05,5.20,4780494,24700340.000
2012-10-08,5.21,5.31,5.13,5.27,4940666,25819240.000
2012-10-09,5.24,5.44,5.20,5.35,6579186,35083008.000
2012-10-10,5.36,5.50,5.28,5.40,9645871,52193336.000
2012-10-11,5.39,5.39,5.20,5.22,5689679,30133088.000
2012-10-12,5.22,5.31,5.14,5.18,4387189,22861070.000
2012-10-15,5.18,5.18,5.05,5.10,3008078,15382688.000
2012-10-16,5.10,5.20,5.10,5.14,3614394,18659368.000
2012-10-17,5.18,5.19,5.05,5.12,3154847,16152956.000
2012-10-18,5.15,5.25,5.12,5.22,7074997,36784400.000
2012-10-19,5.23,5.34,5.21,5.23,7440668,39272048.000
2012-10-22,5.18,5.23,5.11,5.21,4031013,20842828.000
2012-10-23,5.17,5.25,5.15,5.24,5947220,31027820.000
2012-10-24,5.20,5.38,5.19,5.28,8407890,44536712.000
2012-10-25,5.24,5.55,5.23,5.35,15843582,85963448.000
2012-10-26,5.29,5.30,5.05,5.07,9667534,49840700.000
2012-10-29,5.05,5.06,4.90,4.96,5335384,26513680.000
2012-10-30,5.00,5.04,4.94,5.02,3332472,16686631.000
2012-10-31,5.02,5.02,4.95,4.98,2562726,12769499.000
2012-11-01,5.01,5.11,4.98,5.08,3554713,18018900.000
2012-11-02,5.11,5.11,5.05,5.07,2416123,12295031.000
2012-11-05,5.08,5.11,5.06,5.09,1770647,9024787.000
2012-11-06,5.09,5.09,4.95,5.02,2797483,14015174.000
2012-11-07,5.01,5.06,4.98,5.03,2560138,12878074.000
2012-11-08,4.96,4.98,4.80,4.83,4821419,23634008.000
2012-11-09,4.84,4.89,4.82,4.84,1685772,8193597.000
2012-11-12,4.83,4.90,4.83,4.88,1129816,5512581.000
2012-11-13,4.92,4.92,4.81,4.82,1341016,6493059.000
2012-11-14,4.83,4.87,4.83,4.87,1019417,4953611.000
2012-11-15,4.87,4.88,4.73,4.73,1964681,9407641.000
2012-11-16,4.71,4.74,4.59,4.67,1845279,8592626.000
2012-11-19,4.67,4.68,4.61,4.66,1055698,4914399.000
2012-11-20,4.71,4.72,4.64,4.65,796615,3727507.000
2012-11-21,4.65,4.73,4.60,4.73,1376091,6438899.000
2012-11-22,4.71,4.71,4.60,4.61,1459363,6787438.000
2012-11-23,4.65,4.67,4.59,4.60,1678537,7777768.000
2012-11-26,4.63,4.69,4.60,4.62,2442004,11357800.000
2012-11-27,4.59,4.68,4.42,4.43,3667045,16638634.000
2012-11-28,4.41,4.41,4.22,4.25,3381284,14547698.000
2012-11-29,4.25,4.37,4.22,4.26,2711716,11615916.000
2012-11-30,4.26,4.33,4.24,4.31,1988971,8552568.000
2012-12-03,4.30,4.30,4.11,4.12,2057579,8669565.000
2012-12-04,4.11,4.28,4.01,4.22,3358586,13971536.000
2012-12-05,4.19,4.40,4.09,4.35,4534461,19527920.000
2012-12-06,4.31,4.45,4.31,4.34,2856528,12531223.000
2012-12-07,4.35,4.50,4.29,4.45,6569380,29240204.000
2012-12-10,4.45,4.64,4.40,4.58,5230356,23836576.000
2012-12-11,4.58,4.85,4.48,4.56,10732059,50070240.000
2012-12-12,4.51,4.76,4.49,4.60,6941495,32137540.000
2012-12-13,4.58,4.58,4.44,4.44,5040463,22721328.000
2012-12-14,4.43,4.71,4.43,4.66,8130313,37555508.000
2012-12-17,4.65,4.89,4.64,4.75,8121408,38947032.000
2012-12-18,4.71,4.83,4.71,4.75,5602125,26812696.000
2012-12-19,4.75,4.79,4.72,4.74,3075990,14643823.000
2012-12-20,4.73,4.89,4.66,4.84,6934557,33326540.000
2012-12-21,4.82,4.86,4.68,4.72,7308289,34843280.000
2012-12-24,4.70,4.73,4.64,4.67,3184104,14934214.000
2012-12-25,4.66,4.82,4.62,4.78,6706537,31860528.000
2012-12-26,4.78,4.83,4.74,4.80,5913301,28342120.000
2012-12-27,4.82,4.98,4.77,4.82,12565310,61291972.000
2012-12-28,4.81,4.88,4.75,4.87,7296434,35184812.000
2012-12-31,4.91,4.94,4.83,4.92,7772362,38048008.000
2013-01-04,5.04,5.14,4.94,5.01,15109660,76410576.000
2013-01-07,5.04,5.14,4.98,5.12,10909196,55268684.000
2013-01-08,5.10,5.24,5.03,5.18,12100726,62344772.000
2013-01-09,5.13,5.18,4.99,5.06,10261362,52345160.000
2013-01-10,5.05,5.25,5.03,5.16,12424243,64242088.000
2013-01-11,5.15,5.30,5.04,5.06,16527444,85983000.000
2013-01-14,5.02,5.49,5.00,5.37,22844111,120744840.000
2013-01-15,5.39,5.81,5.38,5.51,27096947,151004448.000
2013-01-16,5.49,5.65,5.27,5.58,24293198,132805088.000
2013-01-17,5.47,5.47,5.24,5.26,15001356,80074224.000
2013-01-18,5.29,5.36,5.26,5.33,7378720,39258780.000
2013-01-21,5.34,5.34,5.25,5.32,6611924,35074528.000
2013-01-22,5.28,5.35,5.11,5.15,8266305,43250504.000
2013-01-23,5.17,5.28,5.11,5.21,6068834,31553104.000
2013-01-24,5.20,5.36,5.15,5.20,14692231,77476264.000
2013-01-25,5.17,5.19,5.02,5.04,9266532,46994156.000
2013-01-28,5.05,5.13,5.04,5.13,6477791,33033472.000
2013-01-29,5.13,5.17,5.09,5.15,6187546,31792682.000
2013-01-30,5.15,5.24,5.13,5.18,8295205,43066972.000
2013-01-31,5.12,5.16,5.05,5.11,7126830,36398200.000
2013-02-01,5.08,5.13,5.07,5.12,5449788,27821200.000
2013-02-04,5.15,5.21,5.07,5.17,10603910,54735900.000
2013-02-05,5.13,5.34,5.11,5.33,15914748,84204456.000
2013-02-06,5.34,5.37,5.20,5.28,8599927,45430688.000
2013-02-07,5.25,5.28,5.15,5.23,5405409,28207072.000
2013-02-08,5.22,5.28,5.21,5.24,5762799,30322520.000
2013-02-18,5.25,5.27,5.15,5.19,6089145,31684920.000
2013-02-19,5.17,5.19,5.03,5.04,8250529,41974740.000
2013-02-20,5.04,5.09,5.03,5.08,5064163,25692922.000
2013-02-21,5.06,5.06,4.89,4.98,8733134,43516928.000
2013-02-22,4.94,5.06,4.94,4.97,4589947,23044160.000
2013-02-25,4.99,5.02,4.95,4.98,3221415,16097073.000
2013-02-26,4.96,4.99,4.89,4.91,4297973,21282628.000
2013-02-27,4.91,4.98,4.88,4.93,4456847,22023712.000
2013-02-28,4.96,5.03,4.90,5.02,4940442,24581184.000
2013-03-01,5.02,5.05,4.88,4.96,6733623,33407564.000
2013-03-04,4.87,4.90,4.64,4.68,9297180,44596136.000
2013-03-05,4.70,4.78,4.70,4.76,4908031,23336092.000
2013-03-06,4.78,4.82,4.73,4.79,5112427,24432590.000
2013-03-07,4.79,4.86,4.74,4.81,6693588,32093404.000
2013-03-08,4.82,4.85,4.76,4.78,4488081,21611076.000
2013-03-11,4.75,4.80,4.75,4.77,2992673,14316654.000
2013-03-12,4.79,4.81,4.65,4.68,4513396,21374404.000
2013-03-13,4.70,4.74,4.66,4.72,3080388,14494617.000
2013-03-14,4.72,4.72,4.67,4.69,1972097,9284558.000
2013-03-15,4.70,4.76,4.62,4.68,2826679,13292821.000
2013-03-18,4.65,4.70,4.52,4.53,4093188,18866056.000
2013-03-19,4.53,4.57,4.48,4.55,2075246,9434123.000
2013-03-20,4.56,4.70,4.56,4.69,3510896,16345545.000
2013-03-21,4.72,4.81,4.68,4.79,5204845,24835990.000
2013-03-22,4.79,4.79,4.71,4.76,3167054,15053509.000
2013-03-25,4.76,4.86,4.72,4.81,4892120,23561384.000
2013-03-26,4.79,4.79,4.64,4.71,4648763,21885472.000
2013-03-27,4.74,4.79,4.69,4.71,4629927,21943808.000
2013-03-28,4.67,4.67,4.51,4.52,4454964,20340014.000
2013-03-29,4.54,4.56,4.49,4.49,2725905,12348046.000
2013-04-01,4.50,4.54,4.48,4.49,2250031,10176364.000
2013-04-02,4.51,4.58,4.49,4.51,2207796,10028267.000
2013-04-03,4.52,4.61,4.45,4.52,2680941,12137104.000
2013-04-08,4.49,4.49,4.40,4.45,2754011,12245446.000
2013-04-09,4.45,4.52,4.44,4.49,1936177,8710686.000
2013-04-10,4.51,4.60,4.47,4.58,3344217,15218317.000
2013-04-11,4.57,4.60,4.51,4.53,2169720,9880271.000
2013-04-12,4.52,4.53,4.39,4.42,2518363,11276568.000
2013-04-15,4.40,4.42,4.32,4.34,2020922,8819160.000
2013-04-16,4.31,4.39,4.24,4.39,1697128,7332148.000
2013-04-17,4.38,4.39,4.32,4.37,1250708,5465532.000
2013-04-18,4.35,4.37,4.29,4.34,1535607,6673100.000
2013-04-19,4.34,4.47,4.34,4.44,2550108,11297214.000
2013-04-22,4.43,4.50,4.41,4.46,2479764,11094435.000
2013-04-23,4.45,4.48,4.32,4.36,2289826,10020465.000
2013-04-24,4.38,4.45,4.34,4.42,2830872,12482234.000
2013-04-25,4.42,4.45,4.36,4.36,2355178,10393334.000
2013-04-26,4.37,4.39,4.32,4.34,2124898,9265990.000
2013-05-02,4.34,4.34,4.26,4.29,2082471,8965073.000
2013-05-03,4.32,4.39,4.30,4.37,1874324,8197209.000
2013-05-06,4.36,4.46,4.36,4.45,2477715,11009745.000
2013-05-07,4.46,4.49,4.42,4.49,3184626,14220851.000
2013-05-08,4.48,4.50,4.43,4.47,2448813,10945181.000
2013-05-09,4.45,4.47,4.37,4.40,2190028,9696740.000
2013-05-10,4.40,4.45,4.36,4.44,2254978,9972081.000
2013-05-13,4.43,4.53,4.41,4.52,4293103,19306500.000
2013-05-14,4.51,4.51,4.41,4.42,2654625,11823595.000
2013-05-15,4.44,4.47,4.39,4.47,3122925,13870254.000
2013-05-16,4.45,4.53,4.41,4.50,4387058,19716236.000
2013-05-17,4.49,4.59,4.48,4.57,5096037,23168666.000
2013-05-20,4.57,4.60,4.54,4.59,5304706,24331574.000
2013-05-21,4.59,4.65,4.55,4.65,5797138,26758192.000
2013-05-22,4.64,4.69,4.57,4.60,6528560,30234260.000
2013-05-23,4.59,4.79,4.55,4.71,15290861,72250360.000
2013-05-24,4.70,4.71,4.61,4.66,7023933,32754640.000
2013-05-27,4.66,4.66,4.60,4.64,4241630,19689986.000
2013-05-28,4.64,4.68,4.59,4.68,4693064,21801142.000
2013-05-29,4.69,4.76,4.65,4.72,8810379,41573872.000
2013-05-30,4.72,4.72,4.62,4.65,6601266,30781804.000
2013-05-31,4.63,4.66,4.59,4.60,4997999,23163984.000
2013-06-03,4.58,4.66,4.57,4.61,3116305,14402641.000
2013-06-04,4.62,4.62,4.46,4.49,4145867,18825460.000
2013-06-05,4.47,4.50,4.43,4.48,2884200,12892590.000
2013-06-06,4.48,4.48,4.35,4.36,3800976,16775272.000
2013-06-07,4.36,4.39,4.26,4.29,3113470,13464259.000
2013-06-13,4.29,4.29,4.08,4.11,3353298,13874199.000
2013-06-14,4.14,4.15,4.11,4.14,2164916,8959808.000
2013-06-17,4.15,4.20,4.12,4.17,2754354,11496693.000
2013-06-18,4.17,4.22,4.08,4.18,2831192,11795502.000
2013-06-19,4.15,4.34,4.11,4.30,4868042,20595492.000
2013-06-20,4.22,4.26,4.10,4.11,3312930,13854796.000
2013-06-21,4.04,4.23,4.01,4.16,3361668,13825760.000
2013-06-24,4.13,4.13,3.84,3.87,4550303,18140836.000
2013-06-25,3.86,3.86,3.51,3.70,4466372,16476441.000
2013-06-26,3.72,3.77,3.65,3.70,3335382,12308374.000
2013-06-27,3.71,3.79,3.66,3.72,4290054,16015052.000
2013-06-28,3.69,3.76,3.62,3.71,3110469,11500651.000
2013-07-01,3.69,3.75,3.63,3.74,2122034,7845368.000
2013-07-02,3.70,3.78,3.68,3.77,2205733,8238251.000
2013-07-03,3.80,4.15,3.75,4.03,19435529,79418048.000
2013-07-04,3.95,4.38,3.93,4.10,15090147,62323112.000
2013-07-05,4.08,4.11,4.00,4.03,4685402,18950544.000
2013-07-08,3.99,3.99,3.81,3.82,3761807,14599483.000
2013-07-09,3.81,3.93,3.81,3.88,1888678,7320300.000
2013-07-10,3.87,4.00,3.84,3.98,2835524,11171054.000
2013-07-11,3.96,4.27,3.95,4.14,12084457,50073432.000
2013-07-12,4.14,4.18,4.03,4.05,5410380,22066616.000
数据来源:通达信
