601333 广深铁路 日线
      日期	    开盘	    最高	    最低	    收盘	    成交量	    成交额
2007-01-11,7.14,7.19,6.87,6.89,123968189,931878464.000
2007-01-12,6.88,7.02,6.50,6.59,106603265,776372736.000
2007-01-15,6.59,6.84,6.50,6.81,70084702,505061728.000
2007-01-16,6.84,6.88,6.62,6.75,82206025,594290880.000
2007-01-17,6.75,6.85,6.57,6.69,102892628,745557120.000
2007-01-18,6.76,7.19,6.68,7.08,156828445,1159075712.000
2007-01-19,7.08,7.16,6.95,7.10,117914839,893485184.000
2007-01-22,7.19,7.54,7.09,7.41,159565374,1249933696.000
2007-01-23,7.42,7.57,7.15,7.28,122419521,958500928.000
2007-01-24,7.29,7.92,7.14,7.73,207446190,1674738048.000
2007-01-25,7.78,7.87,7.38,7.39,178082356,1454175744.000
2007-01-26,7.24,7.42,6.69,7.27,99916645,764586624.000
2007-01-29,7.29,7.44,7.21,7.38,72351281,567788480.000
2007-01-30,7.38,7.45,7.14,7.20,71409138,557301120.000
2007-01-31,7.19,7.29,6.79,6.86,77046208,584774464.000
2007-02-01,6.85,7.06,6.79,6.98,73103119,544836352.000
2007-02-02,7.00,7.04,6.69,6.71,47926753,352002240.000
2007-02-05,6.71,6.86,6.71,6.77,34511849,251820976.000
2007-02-06,6.85,6.92,6.69,6.91,45861003,335460864.000
2007-02-07,6.99,7.08,6.90,7.01,49063303,367925440.000
2007-02-08,7.04,7.44,6.96,7.27,79087903,614540032.000
2007-02-09,7.27,7.31,7.09,7.15,47057806,361859456.000
2007-02-12,7.26,7.37,7.21,7.34,53670484,418894144.000
2007-02-13,7.39,7.56,7.34,7.42,60258164,479299840.000
2007-02-14,7.43,7.48,7.34,7.43,57078437,452321312.000
2007-02-15,7.47,7.66,7.42,7.65,88272444,706539392.000
2007-02-16,7.73,7.78,7.59,7.63,91290658,748394816.000
2007-02-26,7.72,7.72,7.44,7.68,75055170,607662592.000
2007-02-27,7.63,7.67,6.86,6.86,106080572,828311488.000
2007-02-28,6.79,7.20,6.74,7.19,65960671,492920320.000
2007-03-01,7.21,7.26,6.88,6.98,62847098,475323296.000
2007-03-02,7.02,7.34,7.02,7.23,76785394,595533376.000
2007-03-05,7.25,7.44,6.99,7.22,53166094,412084544.000
2007-03-06,7.22,7.33,7.07,7.31,44667924,346001856.000
2007-03-07,7.38,7.64,7.33,7.46,105632725,847218624.000
2007-03-08,7.46,7.47,7.32,7.42,53101331,419384864.000
2007-03-09,7.42,7.45,7.17,7.25,55592580,432712352.000
2007-03-12,7.23,7.33,7.12,7.28,39425240,304676416.000
2007-03-13,7.28,7.29,7.17,7.22,44641291,344598304.000
2007-03-14,7.13,7.14,6.99,7.05,53845112,407927648.000
2007-03-15,7.02,7.27,7.00,7.16,41964701,321764384.000
2007-03-16,7.21,7.33,7.09,7.22,65268912,506148480.000
2007-03-19,6.99,7.31,6.90,7.18,39792229,304965472.000
2007-03-20,7.26,7.58,7.25,7.53,117770588,936189120.000
2007-03-21,7.59,7.66,7.45,7.49,110819142,893068224.000
2007-03-22,7.34,7.61,7.32,7.54,203253771,1626828928.000
2007-03-23,7.59,8.35,7.50,8.29,263697600,2208888064.000
2007-03-26,8.32,8.41,8.12,8.34,179058491,1573857408.000
2007-03-27,8.28,8.46,8.17,8.32,111577084,984282432.000
2007-03-28,8.31,8.41,7.80,8.18,154281826,1336733952.000
2007-03-29,8.19,8.35,8.00,8.11,128680573,1120555392.000
2007-03-30,8.11,8.27,8.01,8.13,68783705,595615104.000
2007-04-02,8.24,8.59,8.14,8.46,137152364,1222290432.000
2007-04-03,8.48,8.57,8.29,8.47,99364002,886981376.000
2007-04-04,8.49,8.59,8.36,8.44,96977750,872494144.000
2007-04-05,8.44,8.48,8.27,8.44,77540254,688384064.000
2007-04-06,8.35,8.45,8.29,8.40,79286652,705715904.000
2007-04-09,8.53,8.79,8.52,8.63,105422544,967720768.000
2007-04-10,8.64,8.78,8.45,8.64,88849431,810639808.000
2007-04-11,8.68,8.89,8.59,8.78,95361390,884574848.000
2007-04-12,8.79,8.98,8.64,8.94,111258302,1034553792.000
2007-04-13,8.92,9.08,8.70,8.85,108877739,1027009344.000
2007-04-16,8.88,9.36,8.88,9.21,119236481,1151172864.000
2007-04-17,9.29,9.38,8.85,9.20,99579556,958645952.000
2007-04-18,9.24,9.33,8.94,9.06,111331652,1064460352.000
2007-04-19,9.09,9.33,8.19,8.66,149711331,1415977600.000
2007-04-20,9.04,9.04,8.74,8.99,108743584,1025746688.000
2007-04-23,8.99,9.29,8.90,9.27,177829492,1720033024.000
2007-04-24,9.41,9.46,9.13,9.21,186004665,1816097024.000
2007-04-25,9.17,9.19,8.87,9.03,97492221,928703616.000
2007-04-26,9.03,9.29,8.87,9.20,101959518,976190656.000
2007-04-27,9.20,9.24,8.90,9.12,86009095,824075904.000
2007-04-30,9.12,9.31,9.04,9.23,120653788,1170843264.000
2007-05-08,9.33,9.42,9.23,9.27,128890363,1263046656.000
2007-05-09,9.29,9.29,8.89,9.09,115840593,1112337664.000
2007-05-10,9.10,9.68,9.00,9.49,183254075,1808644224.000
2007-05-11,9.44,9.69,9.24,9.62,152422021,1522487424.000
2007-05-14,9.63,10.09,9.60,9.85,171370535,1781897600.000
2007-05-15,9.85,9.93,9.09,9.33,136079770,1369509376.000
2007-05-16,9.29,9.46,9.09,9.44,96904962,949298688.000
2007-05-17,9.49,9.79,9.36,9.75,136940240,1373751168.000
2007-05-18,9.73,9.73,9.45,9.49,110120440,1108294528.000
2007-05-21,9.13,9.59,9.08,9.42,97320252,961630720.000
2007-05-22,9.43,9.66,9.39,9.44,114360584,1142785024.000
2007-05-23,9.44,9.53,9.34,9.49,121047173,1203984768.000
2007-05-24,9.49,9.53,9.17,9.27,119337128,1173753600.000
2007-05-25,9.24,9.42,9.15,9.35,103960485,1017960448.000
2007-05-28,9.38,9.57,9.34,9.47,144613162,1441997056.000
2007-05-29,9.50,9.83,9.45,9.78,187934627,1903828736.000
2007-05-30,9.19,9.65,8.75,8.79,173281518,1673710208.000
2007-05-31,8.71,8.98,7.86,8.68,128014699,1150270592.000
2007-06-01,8.69,8.93,8.00,8.25,115869141,1054077440.000
2007-06-04,8.31,8.51,7.37,7.39,109560543,908022144.000
2007-06-05,7.29,7.77,6.72,7.75,114019074,895488192.000
2007-06-06,7.79,7.90,7.51,7.68,84718834,699953856.000
2007-06-07,7.68,7.99,7.65,7.96,87726019,727689088.000
2007-06-08,7.91,7.99,7.79,7.82,73155774,612193728.000
2007-06-11,7.87,8.07,7.68,7.87,87862423,736659712.000
2007-06-12,7.87,8.36,7.60,8.33,127384891,1089678336.000
2007-06-13,8.35,8.58,8.19,8.41,109411878,973725248.000
2007-06-14,8.37,8.38,8.09,8.18,70649361,617659200.000
2007-06-15,8.14,8.57,8.09,8.46,81312492,717092992.000
2007-06-18,8.51,8.60,8.39,8.46,75425814,678484992.000
2007-06-19,8.46,8.69,8.19,8.57,78498423,700684928.000
2007-06-20,8.54,8.74,8.25,8.28,87885367,796139840.000
2007-06-21,8.25,8.44,8.07,8.17,55882149,487324256.000
2007-06-22,8.17,8.33,7.55,7.71,62103345,523391424.000
2007-06-25,7.76,7.88,7.10,7.25,54721150,437855808.000
2007-06-26,7.18,7.56,7.09,7.55,43180856,341377536.000
2007-06-27,7.57,7.69,7.31,7.59,50273021,404412448.000
2007-06-29,6.99,7.44,6.90,7.12,49805828,384232640.000
2007-07-02,7.17,7.43,7.12,7.37,30621013,238593696.000
2007-07-03,7.42,7.49,7.24,7.38,19058098,150225504.000
2007-07-04,7.44,7.44,7.07,7.14,18214431,141124880.000
2007-07-05,7.00,7.09,6.56,6.60,29925758,220190080.000
2007-07-06,6.62,6.99,6.50,6.96,37266501,270832160.000
2007-07-09,7.05,7.15,6.93,7.10,34129085,258701760.000
2007-07-10,7.09,7.09,6.82,6.86,24636051,183384464.000
2007-07-11,6.82,7.09,6.78,6.95,17196317,128200360.000
2007-07-12,6.91,7.13,6.88,7.08,21607904,163013712.000
2007-07-13,7.09,7.15,6.99,7.09,17351792,131789600.000
2007-07-16,7.13,7.18,6.85,6.86,14241584,106762224.000
2007-07-17,6.86,7.14,6.81,7.04,15692667,117723648.000
2007-07-18,7.04,7.33,6.97,7.18,35742753,275260064.000
2007-07-19,7.17,7.26,7.08,7.17,11699676,88801184.000
2007-07-20,7.16,7.39,7.13,7.34,31072380,240369472.000
2007-07-23,7.39,7.74,7.39,7.69,53316407,427879072.000
2007-07-24,7.75,7.86,7.61,7.64,44334173,360953920.000
2007-07-25,7.63,8.05,7.61,8.01,58880673,489175840.000
2007-07-26,8.00,8.01,7.83,7.90,40625024,338669920.000
2007-07-27,7.87,7.90,7.73,7.81,40531181,333215808.000
2007-07-30,7.81,8.06,7.79,7.96,50997950,426570016.000
2007-07-31,7.87,8.03,7.83,7.98,41589108,347833664.000
2007-08-01,8.00,8.06,7.45,7.48,54566362,444866368.000
2007-08-02,7.50,7.79,7.42,7.64,41328212,332025696.000
2007-08-03,7.64,7.76,7.53,7.67,45852668,370576224.000
2007-08-06,7.70,7.98,7.65,7.88,57794766,476374176.000
2007-08-07,7.85,7.87,7.68,7.77,51639867,422753792.000
2007-08-08,7.73,7.99,7.52,7.95,81474476,671183488.000
2007-08-09,8.00,8.04,7.88,7.94,58468067,490474560.000
2007-08-10,7.95,8.36,7.90,8.35,128564930,1104286208.000
2007-08-13,8.38,8.53,8.15,8.35,101754241,895072000.000
2007-08-14,8.38,8.57,8.29,8.41,61199948,541593088.000
2007-08-15,8.46,8.52,8.02,8.19,56109789,485598240.000
2007-08-16,8.15,8.36,7.97,8.12,40829114,350388672.000
2007-08-17,8.10,8.19,7.87,7.90,47450572,400682304.000
2007-08-20,8.07,8.29,7.99,8.26,48042887,412544320.000
2007-08-21,8.29,8.34,8.18,8.22,45068827,390853728.000
2007-08-22,8.13,8.34,8.06,8.23,56107683,483333696.000
2007-08-23,8.26,8.45,8.18,8.31,53381486,467682848.000
2007-08-24,8.33,8.50,8.27,8.45,69161198,609445376.000
2007-08-27,8.58,8.73,8.44,8.48,73371118,660032320.000
2007-08-28,8.49,8.66,8.25,8.61,56115805,497270336.000
2007-08-29,8.52,8.55,8.27,8.35,45394009,400924640.000
2007-08-30,8.42,8.62,8.31,8.61,59112339,527692192.000
2007-08-31,8.68,8.84,8.60,8.70,75556831,692540928.000
2007-09-03,8.68,8.91,8.68,8.88,78250809,723011008.000
2007-09-04,8.90,8.92,8.65,8.68,52675244,484579872.000
2007-09-05,8.65,8.91,8.52,8.68,47999594,437298944.000
2007-09-06,8.70,8.85,8.63,8.74,44465458,407064160.000
2007-09-07,8.71,8.72,8.39,8.40,58917578,526742336.000
2007-09-10,8.35,9.28,8.27,9.28,181225857,1714815232.000
2007-09-11,9.46,9.63,8.66,8.70,157869154,1540960000.000
2007-09-12,8.66,9.60,8.66,9.47,158739508,1533682176.000
2007-09-13,9.52,9.65,9.20,9.37,104125246,1027356032.000
2007-09-14,9.37,9.52,9.09,9.35,77390269,756915776.000
2007-09-17,9.19,9.77,9.19,9.62,112369529,1129473024.000
2007-09-18,9.69,10.06,9.50,9.87,100705579,1030408768.000
2007-09-19,9.93,9.99,9.42,9.56,63372793,635558208.000
2007-09-20,9.57,10.46,9.53,10.20,155404027,1623822976.000
2007-09-21,10.07,10.42,9.84,10.07,80697526,849782656.000
2007-09-24,10.09,10.22,9.76,9.87,54653612,564157056.000
2007-09-25,9.87,9.89,9.42,9.49,54345133,545650432.000
2007-09-26,9.43,9.72,9.28,9.33,39481250,392159200.000
2007-09-27,9.33,9.46,9.15,9.35,34706901,338350240.000
2007-09-28,9.47,9.69,9.42,9.50,48916176,488853952.000
2007-10-08,9.67,9.72,9.45,9.48,44764290,446465632.000
2007-10-09,9.45,9.45,9.13,9.41,52436493,509559488.000
2007-10-10,9.41,9.75,9.22,9.47,59472473,590235008.000
2007-10-11,9.47,9.57,9.27,9.51,47334428,465135456.000
2007-10-12,9.66,10.37,9.52,10.15,208382663,2157621760.000
2007-10-15,10.09,10.97,9.97,10.69,175784036,1934560384.000
2007-10-16,10.65,10.65,10.25,10.38,73202168,791607552.000
2007-10-17,10.27,10.67,10.01,10.16,65054406,698264384.000
2007-10-18,10.08,10.27,9.66,10.05,62769437,651132800.000
2007-10-19,10.13,10.20,9.72,9.81,44077277,458325248.000
2007-10-22,9.57,10.01,9.56,9.68,42755695,437797888.000
2007-10-23,9.67,9.80,9.10,9.54,48161003,475679936.000
2007-10-24,9.54,9.59,9.27,9.29,35879012,352255392.000
2007-10-25,9.17,9.23,8.33,8.37,59089844,539247552.000
2007-10-26,8.37,8.75,8.37,8.50,33335403,299075776.000
2007-10-29,8.57,9.02,8.57,8.91,35792805,330086624.000
2007-10-30,8.91,9.02,8.67,9.01,28077743,259861328.000
2007-10-31,9.07,9.24,8.95,9.10,39170852,373612192.000
2007-11-01,9.07,9.36,8.85,8.89,37593947,358593600.000
2007-11-02,8.75,8.76,8.49,8.52,35273825,318996608.000
2007-11-05,8.52,8.76,8.38,8.61,26748053,241170352.000
2007-11-06,8.61,8.85,8.57,8.74,18966528,174255680.000
2007-11-07,8.78,8.91,8.45,8.71,19112905,172961056.000
2007-11-08,8.66,8.66,8.05,8.18,31168417,273305536.000
2007-11-09,8.12,8.27,7.94,8.08,22349069,190701152.000
2007-11-12,7.87,8.52,7.59,8.32,43923092,371742784.000
2007-11-13,8.25,8.41,7.97,8.13,26442591,229105568.000
2007-11-14,8.23,8.47,8.13,8.41,26952528,236192000.000
2007-11-15,8.40,8.52,8.20,8.24,17499975,153455968.000
2007-11-16,8.14,8.15,7.92,8.09,16370334,138445920.000
2007-11-19,8.13,8.32,8.09,8.25,14699517,127156208.000
2007-11-20,8.25,8.65,8.17,8.50,34616315,307614080.000
2007-11-21,8.57,8.57,8.29,8.30,17932939,158242816.000
2007-11-22,8.20,8.20,7.80,7.86,18150319,153137168.000
2007-11-23,7.86,8.04,7.82,8.03,12128884,101213760.000
2007-11-26,8.14,8.26,7.96,7.97,17450221,149251248.000
2007-11-27,7.89,8.04,7.81,7.86,14930142,124347264.000
2007-11-28,7.89,8.00,7.77,7.82,9974842,82807888.000
2007-11-29,7.94,8.14,7.82,8.11,19173093,161569888.000
2007-11-30,8.11,8.21,7.95,7.97,18114732,154029248.000
2007-12-03,7.95,8.06,7.81,7.98,12071323,100859264.000
2007-12-04,8.00,8.13,7.95,8.00,12912456,109245424.000
2007-12-05,8.03,8.27,7.94,8.16,21372926,183515456.000
2007-12-06,8.17,8.17,8.01,8.09,13412659,114030448.000
2007-12-07,8.11,8.31,8.03,8.30,27060011,233132032.000
2007-12-10,8.23,8.50,8.21,8.48,48094134,425442080.000
2007-12-11,8.55,8.75,8.52,8.64,54887368,496899712.000
2007-12-12,8.65,8.67,8.48,8.57,26505373,238484800.000
2007-12-13,8.55,8.62,8.24,8.26,27534055,244171264.000
2007-12-14,8.21,8.41,8.15,8.40,18330453,159313424.000
2007-12-17,8.40,8.52,8.27,8.39,18715526,165363488.000
2007-12-18,8.30,8.45,8.21,8.29,14145483,123818048.000
2007-12-19,8.37,8.63,8.21,8.52,33507979,297318688.000
2007-12-20,8.49,8.73,8.47,8.71,40223215,364891072.000
2007-12-21,8.65,9.01,8.59,8.98,58064209,535226368.000
2007-12-24,9.07,9.32,8.84,9.14,180771357,1713386240.000
2007-12-25,9.04,9.09,8.90,9.07,120007807,1129814016.000
2007-12-26,9.10,9.22,8.87,9.22,123868034,1176119296.000
2007-12-28,9.32,9.37,8.87,8.97,115419295,1099013504.000
2008-01-02,9.03,9.17,8.85,9.07,60415028,571279424.000
2008-01-03,9.05,9.69,8.95,9.61,134194817,1309940608.000
2008-01-04,9.52,9.65,9.41,9.42,76113229,756095808.000
2008-01-07,9.48,9.59,9.32,9.51,101663754,1005416064.000
2008-01-08,9.52,9.61,9.19,9.26,84001112,828257984.000
2008-01-09,9.22,9.40,9.09,9.38,52968460,513391904.000
2008-01-10,9.43,9.49,9.23,9.27,71265722,696860672.000
2008-01-11,9.28,9.36,8.97,9.18,88202446,839499776.000
2008-01-14,9.27,9.57,9.26,9.45,81048540,800195008.000
2008-01-15,9.50,9.61,9.31,9.40,57429083,567881280.000
2008-01-16,9.37,9.37,9.12,9.13,52911379,510051872.000
2008-01-17,9.07,9.22,8.52,8.81,68510109,638478144.000
2008-01-18,8.81,8.93,8.69,8.85,36958490,341855712.000
2008-01-21,8.99,9.06,8.57,8.64,53596938,497424608.000
2008-01-22,8.47,8.55,7.73,7.73,75992720,645923456.000
2008-01-23,7.82,8.13,7.68,8.09,57754694,483956384.000
2008-01-24,8.17,8.22,7.92,8.09,54410098,461935040.000
2008-01-25,8.10,8.19,7.87,8.07,41279041,349322176.000
2008-01-28,8.06,8.06,7.31,7.33,47187112,377364992.000
2008-01-29,7.42,7.55,7.22,7.53,25217693,197920720.000
2008-01-30,7.57,7.74,7.38,7.62,33542535,268701696.000
2008-01-31,7.57,7.71,7.37,7.40,22341156,177641568.000
2008-02-01,7.41,7.67,6.98,7.55,37842700,295430912.000
2008-02-04,7.63,8.18,7.63,8.12,50283074,420242272.000
2008-02-05,8.09,8.16,7.86,7.97,28616860,241380592.000
2008-02-13,7.97,8.12,7.87,7.98,23089925,195453968.000
2008-02-14,8.07,8.13,7.95,8.02,15908773,134264736.000
2008-02-15,7.97,7.97,7.58,7.78,33132302,269965056.000
2008-02-18,7.89,7.96,7.75,7.86,24853503,206052208.000
2008-02-19,7.88,8.03,7.78,7.99,28757194,239763184.000
2008-02-20,8.01,8.09,7.81,7.82,25873800,216541968.000
2008-02-21,7.82,7.82,7.60,7.71,26386014,214403392.000
2008-02-22,7.72,7.72,7.33,7.46,40756612,322651424.000
2008-02-25,7.48,7.52,7.19,7.24,23641461,182438784.000
2008-02-26,7.39,7.52,7.15,7.40,20364664,157661376.000
2008-02-27,7.43,7.55,7.33,7.51,20341314,160912432.000
2008-02-28,7.56,7.56,7.35,7.40,16013242,125875600.000
2008-02-29,7.40,7.51,7.40,7.48,15125272,119399960.000
2008-03-03,7.42,7.62,7.31,7.60,29147010,231505648.000
2008-03-04,7.61,7.64,7.42,7.45,30444819,241879664.000
2008-03-05,7.45,7.50,7.24,7.34,27407380,212754592.000
2008-03-06,7.35,7.67,7.22,7.57,40842462,323054336.000
2008-03-07,7.49,7.61,7.42,7.51,18199598,144484976.000
2008-03-10,7.51,7.51,7.25,7.28,23184258,179925648.000
2008-03-11,7.23,7.37,7.16,7.32,13410867,103025688.000
2008-03-12,7.45,7.52,7.15,7.16,16207463,124908120.000
2008-03-13,7.12,7.17,6.65,6.76,31334135,228706768.000
2008-03-14,6.76,6.82,6.60,6.68,18501646,131643568.000
2008-03-17,6.69,6.75,6.35,6.38,21318867,149081088.000
2008-03-18,6.37,6.49,5.75,5.89,34865448,226188560.000
2008-03-19,6.06,6.18,5.85,6.06,27997193,180877264.000
2008-03-20,5.92,6.34,5.73,6.22,28922689,187462448.000
2008-03-21,6.20,6.32,6.07,6.24,24209298,160786736.000
2008-03-24,6.29,6.37,5.94,5.95,22440044,147770336.000
2008-03-25,5.87,6.12,5.82,6.07,17648288,112863408.000
2008-03-26,6.11,6.24,5.97,6.01,14580454,95131136.000
2008-03-27,5.93,5.95,5.59,5.61,21696016,134343264.000
2008-03-28,5.56,5.88,5.47,5.86,23755358,145854224.000
2008-03-31,5.72,5.82,5.65,5.69,13231989,81262960.000
2008-04-01,5.70,5.75,5.36,5.38,18605885,110513216.000
2008-04-02,5.45,5.60,5.18,5.31,22719535,132266400.000
2008-04-03,5.27,5.65,5.18,5.57,20294826,119533192.000
2008-04-07,5.52,6.00,5.45,5.91,35390287,219158976.000
2008-04-08,5.87,5.99,5.77,5.82,36212804,227238704.000
2008-04-09,5.81,5.91,5.52,5.54,24285918,149523744.000
2008-04-10,5.48,5.63,5.37,5.61,16155609,96125512.000
2008-04-11,5.62,5.73,5.59,5.68,12344145,75244680.000
2008-04-14,5.57,5.59,5.34,5.37,17800782,104539984.000
2008-04-15,5.33,5.47,5.17,5.45,23078971,132189464.000
2008-04-16,5.45,5.48,5.27,5.30,8912896,51760916.000
2008-04-17,5.29,5.42,5.10,5.13,13086673,74029896.000
2008-04-18,5.08,5.08,4.72,4.75,24371446,128519144.000
2008-04-21,5.12,5.15,4.75,4.78,21123766,113417720.000
2008-04-22,4.76,4.81,4.53,4.79,16190370,82273192.000
2008-04-23,4.77,5.03,4.67,4.97,18676787,99745304.000
2008-04-24,5.51,5.51,5.16,5.50,90148415,522611360.000
2008-04-25,5.31,5.72,5.25,5.48,75980172,450479488.000
2008-04-28,5.37,5.48,5.27,5.33,25416674,147793488.000
2008-04-29,5.25,5.31,5.17,5.25,39363904,223246496.000
2008-04-30,5.27,5.47,5.25,5.44,42971140,249711968.000
2008-05-05,5.48,5.60,5.40,5.57,42843482,254086064.000
2008-05-06,5.55,5.66,5.43,5.56,45864154,273500640.000
2008-05-07,5.55,5.68,5.27,5.28,54031405,321132000.000
2008-05-08,5.22,5.37,5.17,5.37,28845989,164859280.000
2008-05-09,5.39,5.44,5.16,5.25,31511357,180149152.000
2008-05-12,5.17,5.31,5.07,5.20,25282647,141482592.000
2008-05-13,5.00,5.14,4.96,5.05,41989225,229635888.000
2008-05-14,5.04,5.40,5.02,5.36,43370153,244894544.000
2008-05-15,5.37,5.50,5.33,5.36,40563900,236646544.000
2008-05-16,5.35,5.46,5.19,5.29,26245803,151129728.000
2008-05-19,5.28,5.28,5.12,5.18,15296585,85789120.000
2008-05-20,5.21,5.26,4.77,4.87,25382821,139261552.000
2008-05-21,4.82,5.02,4.75,4.93,26614787,140325328.000
2008-05-22,4.87,4.99,4.85,4.87,21266270,113511864.000
2008-05-23,4.86,4.91,4.67,4.78,23967731,124828848.000
2008-05-26,4.75,4.77,4.68,4.69,13135511,67517648.000
2008-05-27,4.69,4.75,4.67,4.73,11154299,57313120.000
2008-05-28,4.73,4.86,4.72,4.84,13033763,68109640.000
2008-05-29,4.84,4.85,4.70,4.71,12494065,65175228.000
2008-05-30,4.72,4.79,4.68,4.75,10322094,53289676.000
2008-06-02,4.76,4.89,4.73,4.86,18916453,99908712.000
2008-06-03,4.86,4.92,4.79,4.81,10860375,57242656.000
2008-06-04,4.83,4.83,4.66,4.68,17553335,89916880.000
2008-06-05,4.68,4.71,4.57,4.65,18995556,96241888.000
2008-06-06,4.65,4.69,4.62,4.66,7700517,39138632.000
2008-06-10,4.48,4.51,4.15,4.16,28713440,135125680.000
2008-06-11,4.12,4.17,3.97,4.06,17289421,77653648.000
2008-06-12,4.07,4.10,3.87,3.99,19975096,87751808.000
2008-06-13,3.97,4.03,3.83,3.86,13316526,57907492.000
2008-06-16,3.85,3.93,3.71,3.76,20802943,87448208.000
2008-06-17,3.76,3.83,3.47,3.55,26594690,108696616.000
2008-06-18,3.55,3.83,3.45,3.78,34762355,141345232.000
2008-06-19,3.72,3.72,3.40,3.41,29641288,118415848.000
2008-06-20,3.47,3.77,3.38,3.57,44501880,179842624.000
2008-06-23,3.54,3.69,3.50,3.59,21382542,86066024.000
2008-06-24,3.60,3.69,3.56,3.66,20767611,84413344.000
2008-06-25,3.66,3.93,3.63,3.92,45246882,192526512.000
2008-06-27,3.73,3.81,3.57,3.63,30893343,127826976.000
2008-06-30,3.58,3.77,3.55,3.75,20071883,82620488.000
2008-07-01,3.74,3.78,3.64,3.67,12652019,52114112.000
2008-07-02,3.70,3.84,3.65,3.78,18369017,77068272.000
2008-07-03,3.76,3.94,3.64,3.89,33935007,144479024.000
2008-07-04,3.85,3.93,3.76,3.82,18190385,77512144.000
2008-07-07,3.83,4.03,3.80,3.98,46043022,201859792.000
2008-07-08,3.97,4.02,3.89,3.97,22023657,96407864.000
2008-07-09,3.99,4.08,3.96,4.06,36203908,161632176.000
2008-07-10,3.97,4.10,3.95,3.97,33228459,147571920.000
2008-07-11,3.97,4.00,3.85,3.90,22427409,96963648.000
2008-07-14,3.85,3.98,3.81,3.95,13067655,56930324.000
2008-07-15,3.95,3.99,3.77,3.80,21549022,92473832.000
2008-07-16,3.75,3.80,3.60,3.68,17370044,71750800.000
2008-07-17,3.75,3.78,3.65,3.67,11782379,47813908.000
2008-07-18,3.72,3.86,3.69,3.85,17628268,72476184.000
2008-07-21,3.81,3.98,3.80,3.95,18913753,80542688.000
2008-07-22,3.95,3.98,3.91,3.93,13009840,55839552.000
2008-07-23,3.96,4.02,3.95,3.98,18147242,78681336.000
2008-07-24,3.99,4.04,3.95,4.03,18335775,79846896.000
2008-07-25,3.99,4.00,3.94,3.96,14498228,62539760.000
2008-07-28,3.98,4.02,3.96,4.00,15094214,65645348.000
2008-07-29,3.95,3.96,3.86,3.88,14046998,59802936.000
2008-07-30,3.92,3.95,3.80,3.85,11092148,46955312.000
2008-07-31,3.86,3.87,3.73,3.74,11850594,48783040.000
2008-08-01,3.73,3.81,3.69,3.77,15801502,64779184.000
2008-08-04,3.76,3.76,3.69,3.70,7591214,30858842.000
2008-08-05,3.70,3.72,3.63,3.64,11593271,46566224.000
2008-08-06,3.68,3.75,3.63,3.70,8194630,33074200.000
2008-08-07,3.70,3.74,3.59,3.70,10243371,41164312.000
2008-08-08,3.70,3.71,3.55,3.58,16707365,66518848.000
2008-08-11,3.58,3.60,3.35,3.38,21437902,81750752.000
2008-08-12,3.36,3.42,3.32,3.39,10233457,38095840.000
2008-08-13,3.39,3.56,3.27,3.55,15682864,58961140.000
2008-08-14,3.50,3.65,3.46,3.60,15070856,59243936.000
2008-08-15,3.57,3.61,3.53,3.55,6554052,25675404.000
2008-08-18,3.56,3.59,3.32,3.33,7764595,29273324.000
2008-08-19,3.30,3.48,3.28,3.43,11430242,43153368.000
2008-08-20,3.40,3.70,3.35,3.66,21649199,85421104.000
2008-08-21,3.60,3.63,3.51,3.53,10279976,40236800.000
2008-08-22,3.50,3.56,3.45,3.48,8822837,33921160.000
2008-08-25,3.50,3.58,3.48,3.51,6132060,23861904.000
2008-08-26,3.48,3.56,3.42,3.44,8953049,34285996.000
2008-08-27,3.45,3.49,3.30,3.40,6712582,25123048.000
2008-08-28,3.35,3.45,3.35,3.41,4911419,18437216.000
2008-08-29,3.44,3.52,3.40,3.48,7620741,29130884.000
2008-09-01,3.48,3.48,3.39,3.45,6065258,22978604.000
2008-09-02,3.41,3.56,3.40,3.53,9131562,35083080.000
2008-09-03,3.53,3.61,3.50,3.57,15688101,61439848.000
2008-09-04,3.57,3.66,3.54,3.55,9376104,36990388.000
2008-09-05,3.49,3.53,3.45,3.47,10248668,39311732.000
2008-09-08,3.45,3.53,3.37,3.40,7290836,27454060.000
2008-09-09,3.40,3.45,3.38,3.42,4754350,17890500.000
2008-09-10,3.40,3.53,3.36,3.45,6904510,26275552.000
2008-09-11,3.41,3.45,3.37,3.39,6655893,25009584.000
2008-09-12,3.39,3.50,3.39,3.44,5462467,20787332.000
2008-09-16,3.44,3.51,3.40,3.48,12386814,47172120.000
2008-09-17,3.45,3.50,3.26,3.30,15600775,58150012.000
2008-09-18,3.23,3.25,2.96,3.14,19602487,67820256.000
2008-09-19,3.46,3.49,3.36,3.49,21145762,80814896.000
2008-09-22,3.70,3.85,3.45,3.57,73269192,288647136.000
2008-09-23,3.44,3.53,3.40,3.43,20776100,79242832.000
2008-09-24,3.40,3.49,3.35,3.48,10846771,40877572.000
2008-09-25,3.48,3.73,3.46,3.63,43473417,173291632.000
2008-09-26,3.61,3.68,3.52,3.65,26237963,103986072.000
2008-10-06,3.62,3.62,3.46,3.49,19554695,76113216.000
2008-10-07,3.50,3.53,3.38,3.50,10639615,40553500.000
2008-10-08,3.44,3.45,3.34,3.37,13617271,50827152.000
2008-10-09,3.44,3.46,3.32,3.33,9863452,36801852.000
2008-10-10,3.25,3.27,3.12,3.23,15144119,53804452.000
2008-10-13,3.18,3.39,3.11,3.37,18887216,68073128.000
2008-10-14,3.48,3.50,3.40,3.46,26278400,99819408.000
2008-10-15,3.45,3.45,3.37,3.43,12330017,46440704.000
2008-10-16,3.34,3.45,3.30,3.44,20133755,74973392.000
2008-10-17,3.43,3.51,3.41,3.50,17748447,67870408.000
2008-10-20,3.47,3.60,3.42,3.58,17624505,68484808.000
2008-10-21,3.59,3.61,3.53,3.56,18176052,71011768.000
2008-10-22,3.53,3.57,3.47,3.52,22212290,85678608.000
2008-10-23,3.44,3.58,3.35,3.56,14503666,55976648.000
2008-10-24,3.54,3.63,3.50,3.61,18966273,74455744.000
2008-10-27,3.55,3.60,3.42,3.43,37505120,144934944.000
2008-10-28,3.35,3.63,3.32,3.61,28623276,110971384.000
2008-10-29,3.64,3.70,3.52,3.54,31481484,124911016.000
2008-10-30,3.58,3.61,3.48,3.52,20822212,81149472.000
2008-10-31,3.52,3.59,3.16,3.24,40968086,151084112.000
2008-11-03,3.21,3.27,3.17,3.24,11280858,40422824.000
2008-11-04,3.24,3.26,3.10,3.15,13754321,48429464.000
2008-11-05,3.18,3.30,3.18,3.25,16995162,61235280.000
2008-11-06,3.20,3.29,3.18,3.26,10923710,39261780.000
2008-11-07,3.23,3.29,3.19,3.27,8624931,31078900.000
2008-11-10,3.33,3.53,3.33,3.51,28123956,106801928.000
2008-11-11,3.49,3.54,3.44,3.47,27892070,107346904.000
2008-11-12,3.43,3.51,3.42,3.50,15892945,60859616.000
2008-11-13,3.45,3.72,3.45,3.66,59094059,235545536.000
2008-11-14,3.67,3.75,3.60,3.74,55035287,221530096.000
2008-11-17,3.75,3.82,3.68,3.81,51747247,212208640.000
2008-11-18,3.78,3.82,3.50,3.54,49915864,199660752.000
2008-11-19,3.52,3.77,3.51,3.76,56544611,225622704.000
2008-11-20,3.68,3.72,3.61,3.65,47055453,188817872.000
2008-11-21,3.57,3.72,3.48,3.64,47450279,186872640.000
2008-11-24,3.64,3.67,3.56,3.57,23854385,94663872.000
2008-11-25,3.57,3.64,3.50,3.55,20381759,79490536.000
2008-11-26,3.55,3.63,3.52,3.56,15022367,59113672.000
2008-11-27,3.79,3.79,3.60,3.60,38649301,156173952.000
2008-11-28,3.60,3.79,3.58,3.75,70048764,286342784.000
2008-12-01,3.75,3.98,3.73,3.96,91091665,386919808.000
2008-12-02,3.86,3.97,3.83,3.90,58938209,250667184.000
2008-12-03,3.92,4.03,3.87,3.97,71503538,307485184.000
2008-12-05,3.93,4.02,3.81,3.92,60269903,256091840.000
2008-12-08,3.90,4.04,3.89,4.02,70818498,305964896.000
2008-12-09,4.01,4.10,3.84,3.86,74262051,321921856.000
2008-12-10,3.85,3.95,3.78,3.91,54740863,230752864.000
2008-12-11,3.89,3.90,3.72,3.74,61293127,254170960.000
2008-12-12,3.70,3.78,3.65,3.69,42071943,171187456.000
2008-12-15,3.72,3.75,3.65,3.71,25127554,101713728.000
2008-12-16,3.70,3.79,3.59,3.77,48919811,197690448.000
2008-12-17,3.77,3.83,3.72,3.74,29653016,121998368.000
2008-12-18,3.73,3.78,3.66,3.77,24773506,100831208.000
2008-12-19,3.77,3.86,3.74,3.78,34915895,145109056.000
2008-12-22,3.78,3.78,3.63,3.66,42725370,172334400.000
2008-12-23,3.66,3.68,3.41,3.43,44436651,172331056.000
2008-12-24,3.41,3.45,3.35,3.37,22272780,83535360.000
2008-12-25,3.40,3.41,3.31,3.36,18482432,68629480.000
2008-12-26,3.39,3.39,3.32,3.34,13651516,50515636.000
2008-12-29,3.34,3.45,3.23,3.42,26237864,97342544.000
2008-12-30,3.40,3.46,3.37,3.39,16080002,60610724.000
2008-12-31,3.39,3.45,3.35,3.36,14975399,56294528.000
2009-01-05,3.42,3.46,3.36,3.46,24269851,91500904.000
2009-01-06,3.44,3.56,3.42,3.55,34301783,132112344.000
2009-01-07,3.55,3.61,3.52,3.57,33579561,131526368.000
2009-01-08,3.54,3.55,3.46,3.50,20331032,78294792.000
2009-01-09,3.48,3.55,3.47,3.54,18802254,72561048.000
2009-01-12,3.53,3.54,3.46,3.48,17946690,68930328.000
2009-01-13,3.46,3.46,3.34,3.35,19348621,72228288.000
2009-01-14,3.36,3.45,3.35,3.44,20849369,78037088.000
2009-01-15,3.40,3.44,3.37,3.42,30607139,114947416.000
2009-01-16,3.43,3.51,3.41,3.48,37613524,143585888.000
2009-01-19,3.48,3.62,3.48,3.59,44519265,173525216.000
2009-01-20,3.57,3.58,3.46,3.57,26980413,104288840.000
2009-01-21,3.50,3.55,3.45,3.49,22821562,87748824.000
2009-01-22,3.50,3.52,3.46,3.50,22619551,86654480.000
2009-01-23,3.50,3.51,3.42,3.46,32747497,124783872.000
2009-02-02,3.48,3.49,3.44,3.47,30484053,115985944.000
2009-02-03,3.47,3.59,3.44,3.57,61363388,237219696.000
2009-02-04,3.59,3.64,3.54,3.63,67632127,267079648.000
2009-02-05,3.63,3.69,3.54,3.58,73518455,292796448.000
2009-02-06,3.59,3.77,3.59,3.74,98886069,400252000.000
2009-02-09,3.77,3.91,3.71,3.87,116541775,483713600.000
2009-02-10,3.86,3.91,3.80,3.89,77928566,327557152.000
2009-02-11,3.82,4.01,3.80,3.96,108424622,459196928.000
2009-02-12,3.93,3.98,3.79,3.88,67771869,285846112.000
2009-02-13,3.87,4.04,3.85,4.02,109937895,475734816.000
2009-02-16,4.09,4.20,4.01,4.17,119558116,533136064.000
2009-02-17,4.16,4.24,3.97,3.98,106249739,474128384.000
2009-02-18,3.90,3.95,3.73,3.75,74553443,312263872.000
2009-02-19,3.80,3.89,3.74,3.82,57003927,237233600.000
2009-02-20,3.81,3.90,3.78,3.86,44287070,185741376.000
2009-02-23,3.84,3.93,3.76,3.93,66689891,280908000.000
2009-02-24,3.86,3.89,3.67,3.69,81864381,338435776.000
2009-02-25,3.75,3.77,3.65,3.75,46704114,189881472.000
2009-02-26,3.75,3.81,3.60,3.63,53920667,220045872.000
2009-02-27,3.59,3.62,3.48,3.54,49072299,190983760.000
2009-03-02,3.51,3.58,3.49,3.55,21147966,82423520.000
2009-03-03,3.49,3.52,3.44,3.47,37335695,142948432.000
2009-03-04,3.49,3.68,3.47,3.66,71472360,281284000.000
2009-03-05,3.68,3.73,3.60,3.67,104047506,416779744.000
2009-03-06,3.60,3.62,3.54,3.57,70140239,275291456.000
2009-03-09,3.58,3.68,3.55,3.65,82961321,329359680.000
2009-03-10,3.60,3.67,3.56,3.67,41520873,164745040.000
2009-03-11,3.72,3.72,3.58,3.60,39713250,158892944.000
2009-03-12,3.57,3.60,3.48,3.56,46581628,180981248.000
2009-03-13,3.57,3.59,3.51,3.52,27229144,106187000.000
2009-03-16,3.53,3.55,3.48,3.55,18904664,73104264.000
2009-03-17,3.54,3.64,3.51,3.63,50440550,198319040.000
2009-03-18,3.63,3.68,3.61,3.63,57859308,231186864.000
2009-03-19,3.63,3.68,3.62,3.68,51868087,208017872.000
2009-03-20,3.68,3.69,3.63,3.68,48742335,195548944.000
2009-03-23,3.68,3.74,3.66,3.72,67944996,275762784.000
2009-03-24,3.76,3.77,3.68,3.71,56208890,228312656.000
2009-03-25,3.69,3.70,3.62,3.62,45226539,181200432.000
2009-03-26,3.62,3.75,3.61,3.74,54451165,218927744.000
2009-03-27,3.74,3.91,3.72,3.81,113358096,471465408.000
2009-03-30,3.81,3.86,3.75,3.80,59007683,245847376.000
2009-03-31,3.74,3.80,3.68,3.79,49356754,201780224.000
2009-04-01,3.81,4.20,3.79,4.14,220701082,966974016.000
2009-04-02,4.08,4.37,4.05,4.25,303515694,1399604480.000
2009-04-03,4.30,4.31,4.13,4.22,135593662,620560576.000
2009-04-07,4.22,4.32,4.12,4.21,91699663,418940512.000
2009-04-08,4.20,4.22,4.01,4.02,95613808,424753376.000
2009-04-09,4.04,4.12,3.96,4.04,66589038,292424448.000
2009-04-10,4.06,4.11,4.00,4.10,64003091,282826592.000
2009-04-13,4.11,4.27,4.07,4.16,89248193,403729120.000
2009-04-14,4.16,4.27,4.07,4.22,118969280,537959168.000
2009-04-15,4.18,4.31,4.16,4.28,107459886,494760160.000
2009-04-16,4.28,4.30,4.19,4.20,63770412,291910496.000
2009-04-17,4.20,4.21,4.06,4.08,70280520,313566432.000
2009-04-20,4.08,4.24,4.06,4.21,45401483,204951424.000
2009-04-21,4.15,4.44,4.12,4.40,98243208,455676960.000
2009-04-22,4.40,4.59,4.21,4.28,121801613,582284928.000
2009-04-23,4.24,4.44,4.23,4.43,85519293,402415136.000
2009-04-24,4.42,4.58,4.36,4.39,86764049,421152704.000
2009-04-27,4.37,4.44,4.23,4.30,63500443,296932960.000
2009-04-28,4.25,4.41,4.23,4.33,64734542,303226528.000
2009-04-29,4.30,4.56,4.30,4.51,72707073,347423616.000
2009-04-30,4.49,4.61,4.37,4.42,76242582,367915328.000
2009-05-04,4.46,4.58,4.41,4.53,79560823,384297504.000
2009-05-05,4.55,4.63,4.47,4.61,74838161,367991808.000
2009-05-06,4.57,4.62,4.51,4.59,68689203,336792192.000
2009-05-07,4.60,4.61,4.41,4.45,64586536,312466080.000
2009-05-08,4.47,4.51,4.41,4.45,40706872,195704368.000
2009-05-11,4.50,4.52,4.32,4.33,53003892,253244416.000
2009-05-12,4.30,4.39,4.26,4.38,31496141,147369872.000
2009-05-13,4.37,4.43,4.28,4.39,52146429,244659024.000
2009-05-14,4.35,4.38,4.30,4.35,31989735,149913008.000
2009-05-15,4.35,4.41,4.33,4.36,27135940,128020976.000
2009-05-18,4.33,4.35,4.26,4.33,26842949,124648064.000
2009-05-19,4.37,4.38,4.29,4.33,46093129,215621392.000
2009-05-20,4.35,4.46,4.35,4.39,65755392,312879520.000
2009-05-21,4.38,4.39,4.19,4.21,55617003,256326000.000
2009-05-22,4.17,4.25,4.16,4.20,25798323,117369528.000
2009-05-25,4.13,4.23,4.06,4.20,42665017,190787664.000
2009-05-26,4.18,4.20,4.12,4.13,33463551,150978048.000
2009-05-27,4.17,4.19,4.12,4.17,23883512,107633264.000
2009-06-01,4.21,4.25,4.19,4.24,50340604,230268352.000
2009-06-02,4.26,4.31,4.23,4.25,38060390,175672480.000
2009-06-03,4.25,4.26,4.15,4.25,53034712,241845248.000
2009-06-04,4.23,4.32,4.18,4.29,71968926,331462816.000
2009-06-05,4.31,4.32,4.23,4.24,41254317,190508752.000
2009-06-08,4.25,4.47,4.23,4.45,117121012,553164672.000
2009-06-09,4.44,4.58,4.38,4.52,96589379,466310144.000
2009-06-10,4.52,4.71,4.47,4.64,122981538,607734208.000
2009-06-11,4.64,4.66,4.54,4.54,68302326,337610208.000
2009-06-12,4.54,4.61,4.41,4.44,60632354,294195584.000
2009-06-15,4.44,4.67,4.42,4.66,70802233,348278176.000
2009-06-16,4.63,4.72,4.57,4.59,59388280,296402176.000
2009-06-17,4.59,4.62,4.50,4.58,37134071,181924672.000
2009-06-18,4.58,4.74,4.56,4.73,90670061,455404224.000
2009-06-19,4.78,5.24,4.75,5.07,196988038,1047005632.000
2009-06-22,5.10,5.12,4.93,4.94,94593646,505283072.000
2009-06-23,4.87,5.07,4.83,4.94,66736232,355251488.000
2009-06-24,4.95,5.02,4.85,4.96,61844049,327697632.000
2009-06-26,4.93,4.94,4.78,4.84,51602688,267531520.000
2009-06-29,4.85,4.89,4.79,4.87,58841922,304613344.000
2009-06-30,4.85,4.85,4.75,4.76,44061207,226356688.000
2009-07-01,4.76,4.85,4.73,4.78,49990251,256141216.000
2009-07-02,4.80,4.89,4.78,4.81,47730770,247131568.000
2009-07-03,4.79,4.92,4.76,4.85,50400231,262312000.000
2009-07-06,4.85,4.89,4.77,4.87,63652574,329370912.000
2009-07-07,4.85,4.94,4.84,4.88,82567559,431328928.000
2009-07-08,4.85,4.88,4.78,4.85,45811811,236597152.000
2009-07-09,4.88,4.91,4.84,4.90,32882818,169054304.000
2009-07-10,4.90,4.95,4.88,4.92,36933830,191589312.000
2009-07-13,4.91,5.01,4.89,4.93,48886427,255392416.000
2009-07-14,4.93,5.00,4.92,4.99,47200450,247320944.000
2009-07-15,5.00,5.14,4.98,5.05,67459271,359561504.000
2009-07-16,5.08,5.10,4.91,4.93,85645220,449234304.000
2009-07-17,4.92,4.95,4.84,4.93,55328811,286141056.000
2009-07-20,4.93,5.07,4.93,5.06,94466895,500462784.000
2009-07-21,5.08,5.11,4.94,4.96,73907462,392065664.000
2009-07-22,4.94,5.07,4.94,5.05,68384249,360735360.000
2009-07-23,5.04,5.11,4.98,5.07,51399690,274191968.000
2009-07-24,5.10,5.19,4.99,5.07,81353805,437271104.000
2009-07-27,5.10,5.15,5.05,5.14,90993758,488544032.000
2009-07-28,5.14,5.29,5.10,5.23,103052473,564615936.000
2009-07-29,5.24,5.36,4.74,4.93,123119589,667612032.000
2009-07-30,4.94,5.06,4.80,4.95,61742655,321067616.000
2009-07-31,4.97,5.03,4.90,5.03,71167890,373245440.000
2009-08-03,5.05,5.18,5.01,5.10,92056556,492260800.000
2009-08-04,5.13,5.15,4.95,5.12,95014692,503912352.000
2009-08-05,5.12,5.66,5.07,5.49,288862661,1648283264.000
2009-08-06,5.42,5.53,5.27,5.33,133523577,755001088.000
2009-08-07,5.32,5.41,5.01,5.10,74848794,409757280.000
2009-08-10,5.13,5.18,4.98,5.12,72589425,387901152.000
2009-08-11,5.12,5.14,5.01,5.08,36888684,196763504.000
2009-08-12,5.05,5.06,4.78,4.79,60066675,309858784.000
2009-08-13,4.79,4.85,4.63,4.73,61637154,307317472.000
2009-08-14,4.73,4.73,4.45,4.49,71960551,347816384.000
2009-08-17,4.45,4.53,4.22,4.25,57487068,266361776.000
2009-08-18,4.25,4.36,4.22,4.32,37082508,169354528.000
2009-08-19,4.34,4.34,4.01,4.07,48124803,214680352.000
2009-08-20,4.08,4.25,4.08,4.22,44782301,198458464.000
2009-08-21,4.23,4.34,4.19,4.30,44715023,203683376.000
2009-08-24,4.31,4.35,4.26,4.33,31532145,144428144.000
2009-08-25,4.33,4.33,4.09,4.19,36717983,163666320.000
2009-08-26,4.18,4.33,4.14,4.32,32005188,145307200.000
2009-08-27,4.31,4.41,4.24,4.35,41947569,192869888.000
2009-08-28,4.33,4.36,4.20,4.23,34798896,157359920.000
2009-08-31,4.17,4.17,3.95,3.96,39495819,170666688.000
2009-09-01,3.95,4.03,3.91,3.97,35811821,151578992.000
2009-09-02,3.97,4.01,3.92,3.99,24462320,103602584.000
2009-09-03,3.99,4.16,3.98,4.13,43520468,189409568.000
2009-09-04,4.11,4.15,4.05,4.14,40974996,179659312.000
2009-09-07,4.15,4.20,4.11,4.13,36987074,163958624.000
2009-09-08,4.10,4.18,4.08,4.17,29474558,129764064.000
2009-09-09,4.18,4.24,4.08,4.23,43275388,191877056.000
2009-09-10,4.20,4.26,4.17,4.19,28350172,126994272.000
2009-09-11,4.18,4.25,4.15,4.22,46164623,206808480.000
2009-09-14,4.21,4.30,4.20,4.29,41214593,187023680.000
2009-09-15,4.30,4.31,4.26,4.28,38618606,175985280.000
2009-09-16,4.28,4.29,4.18,4.21,41600457,186601808.000
2009-09-17,4.23,4.31,4.22,4.29,58622071,266408224.000
2009-09-18,4.31,4.37,4.19,4.20,63583648,290306144.000
2009-09-21,4.22,4.23,4.09,4.21,35291955,156152016.000
2009-09-22,4.20,4.24,4.11,4.13,28885559,128427896.000
2009-09-23,4.13,4.16,4.03,4.03,29736667,129451848.000
2009-09-24,4.02,4.23,3.94,4.17,41278621,178158016.000
2009-09-25,4.25,4.30,4.16,4.17,93484017,421788640.000
2009-09-28,4.14,4.17,3.95,3.98,47027974,203615664.000
2009-09-29,3.97,4.01,3.82,3.90,48749078,202469920.000
2009-09-30,3.92,3.95,3.89,3.89,24360632,101986608.000
2009-10-09,3.93,4.05,3.93,4.05,30886076,132038472.000
2009-10-12,4.06,4.06,3.96,3.98,31720129,135454768.000
2009-10-13,3.97,4.02,3.96,4.02,25191441,107331616.000
2009-10-14,4.03,4.14,4.01,4.09,77223084,335781184.000
2009-10-15,4.08,4.11,4.03,4.06,56837742,246555920.000
2009-10-16,4.06,4.11,4.02,4.09,41070797,178340176.000
2009-10-19,4.08,4.14,4.02,4.13,52466737,229182352.000
2009-10-20,4.14,4.19,4.11,4.18,61541121,272566176.000
2009-10-21,4.18,4.18,4.12,4.12,46250165,204220352.000
2009-10-22,4.11,4.14,4.09,4.11,28930989,126806752.000
2009-10-23,4.12,4.21,4.12,4.18,51774518,230250080.000
2009-10-26,4.18,4.20,4.13,4.16,31340063,138829024.000
2009-10-27,4.14,4.16,4.05,4.06,37496201,164056944.000
2009-10-28,4.03,4.07,3.99,4.07,27700157,119304576.000
2009-10-29,4.02,4.03,3.94,3.96,30465024,129523408.000
2009-10-30,4.01,4.04,3.96,3.98,29201730,124823576.000
2009-11-02,3.93,4.06,3.90,4.05,44704203,189750496.000
2009-11-03,4.05,4.12,4.02,4.11,46289042,201568608.000
2009-11-04,4.19,4.31,4.19,4.22,107230609,484295616.000
2009-11-05,4.21,4.48,4.18,4.40,149215974,692764032.000
2009-11-06,4.45,4.64,4.40,4.42,155372446,742331008.000
2009-11-09,4.46,4.49,4.32,4.38,77048903,357046592.000
2009-11-10,4.42,4.69,4.35,4.66,137766235,658551488.000
2009-11-11,4.63,4.63,4.52,4.59,81634864,395637408.000
2009-11-12,4.56,4.61,4.48,4.50,77280729,370477344.000
2009-11-13,4.48,4.51,4.36,4.49,81796246,384341568.000
2009-11-16,4.49,4.59,4.45,4.59,111018900,533308224.000
2009-11-17,4.60,4.61,4.51,4.54,69021761,331978400.000
2009-11-18,4.54,4.57,4.48,4.51,58838629,281581760.000
2009-11-19,4.51,4.67,4.51,4.64,99983670,485228512.000
2009-11-20,4.61,4.69,4.57,4.63,81872839,401290432.000
2009-11-23,4.63,4.67,4.61,4.65,66233905,324780192.000
2009-11-24,4.67,4.78,4.45,4.50,113776271,561670080.000
2009-11-25,4.45,4.62,4.44,4.61,68166162,327144928.000
2009-11-26,4.65,4.76,4.53,4.60,115526081,568154688.000
2009-11-27,4.53,4.58,4.38,4.42,61708069,293193536.000
2009-11-30,4.41,4.61,4.41,4.59,71128924,340839264.000
2009-12-01,4.56,4.70,4.53,4.67,106518475,522998784.000
2009-12-02,4.69,4.78,4.66,4.72,118640822,591941376.000
2009-12-03,4.69,4.71,4.61,4.68,69706016,343234848.000
2009-12-04,4.68,4.89,4.59,4.86,191233440,954459008.000
2009-12-07,4.87,4.88,4.76,4.82,109968033,559950976.000
2009-12-08,4.83,4.86,4.68,4.73,96160800,483275744.000
2009-12-09,4.68,4.69,4.56,4.59,94518047,461967968.000
2009-12-10,4.61,4.64,4.55,4.63,52999917,257933552.000
2009-12-11,4.65,4.69,4.59,4.60,43286742,212616384.000
2009-12-14,4.65,4.72,4.55,4.70,90284750,443842912.000
2009-12-15,4.70,4.78,4.68,4.69,64192102,320745504.000
2009-12-16,4.66,4.68,4.59,4.61,48093014,235642464.000
2009-12-17,4.60,4.62,4.46,4.47,48653399,233139536.000
2009-12-18,4.44,4.49,4.36,4.42,39007658,182975088.000
2009-12-21,4.44,4.46,4.40,4.44,21924214,103016360.000
2009-12-22,4.45,4.47,4.30,4.31,28546552,132931456.000
2009-12-23,4.31,4.37,4.29,4.32,21064393,96862656.000
2009-12-24,4.34,4.44,4.33,4.42,28961909,135035792.000
2009-12-25,4.43,4.43,4.38,4.40,20250631,94655744.000
2009-12-28,4.42,4.48,4.40,4.46,24464833,115415448.000
2009-12-29,4.47,4.48,4.41,4.48,27761123,131152448.000
2009-12-30,4.48,4.53,4.43,4.50,46486655,221373856.000
2009-12-31,4.50,4.56,4.48,4.50,50408151,241603920.000
2010-01-04,4.53,4.57,4.45,4.45,40970086,195724592.000
2010-01-05,4.46,4.49,4.39,4.48,42418955,199711440.000
2010-01-06,4.48,4.51,4.43,4.46,33502908,158745696.000
2010-01-07,4.44,4.46,4.32,4.34,44666078,207710832.000
2010-01-08,4.33,4.41,4.32,4.40,30013375,138920512.000
2010-01-11,4.48,4.50,4.38,4.40,38660274,182013200.000
2010-01-12,4.42,4.57,4.39,4.54,73506105,350536544.000
2010-01-13,4.48,4.63,4.45,4.59,98654006,476318016.000
2010-01-14,4.59,4.65,4.56,4.61,58824841,287035808.000
2010-01-15,4.61,4.63,4.55,4.59,40117302,194836592.000
2010-01-18,4.61,4.68,4.55,4.67,69981888,343692192.000
2010-01-19,4.68,4.68,4.60,4.64,44607292,218522224.000
2010-01-20,4.64,4.64,4.49,4.50,51067186,246730416.000
2010-01-21,4.50,4.56,4.46,4.54,30136259,144149680.000
2010-01-22,4.50,4.54,4.41,4.51,36195091,171993408.000
2010-01-25,4.49,4.52,4.42,4.42,20231214,95623968.000
2010-01-26,4.42,4.44,4.25,4.28,30799179,141967520.000
2010-01-27,4.27,4.36,4.25,4.33,22998145,105051592.000
2010-01-28,4.34,4.35,4.27,4.31,15140600,69375184.000
2010-01-29,4.30,4.33,4.25,4.28,18194971,83133744.000
2010-02-01,4.27,4.28,4.15,4.19,19992656,89254256.000
2010-02-02,4.19,4.26,4.19,4.20,17285993,77751448.000
2010-02-03,4.23,4.27,4.13,4.27,25965564,116470368.000
2010-02-04,4.25,4.30,4.22,4.26,27260545,123381808.000
2010-02-05,4.19,4.30,4.16,4.23,25149286,112934360.000
2010-02-08,4.22,4.25,4.18,4.22,14020394,62966428.000
2010-02-09,4.21,4.36,4.20,4.33,35079835,160462432.000
2010-02-10,4.32,4.40,4.27,4.39,33244391,153618064.000
2010-02-11,4.37,4.38,4.30,4.33,17775733,81964280.000
2010-02-12,4.34,4.36,4.31,4.33,14767381,67985328.000
2010-02-22,4.33,4.36,4.30,4.32,14386870,66176708.000
2010-02-23,4.31,4.32,4.22,4.29,16172567,73222120.000
2010-02-24,4.27,4.41,4.24,4.37,24369601,112476144.000
2010-02-25,4.36,4.42,4.35,4.41,49005718,228207408.000
2010-02-26,4.38,4.40,4.35,4.37,23709294,109981040.000
2010-03-01,4.36,4.40,4.33,4.39,39510454,183234656.000
2010-03-02,4.39,4.39,4.33,4.35,30824105,142431376.000
2010-03-03,4.34,4.42,4.32,4.41,55551290,258318752.000
2010-03-04,4.41,4.41,4.25,4.27,46650979,215233392.000
2010-03-05,4.29,4.30,4.22,4.26,27631261,125409472.000
2010-03-08,4.27,4.29,4.24,4.28,23821967,108020024.000
2010-03-09,4.28,4.30,4.22,4.26,21597047,97755400.000
2010-03-10,4.26,4.28,4.21,4.23,20489739,92365680.000
2010-03-11,4.23,4.25,4.19,4.23,18599669,83559856.000
2010-03-12,4.22,4.24,4.15,4.16,21923289,97828280.000
2010-03-15,4.15,4.18,4.13,4.15,18147403,80106720.000
2010-03-16,4.15,4.20,4.13,4.19,16345677,72485560.000
2010-03-17,4.19,4.24,4.17,4.23,19143916,85721928.000
2010-03-18,4.24,4.25,4.19,4.21,15288516,68532136.000
2010-03-19,4.21,4.23,4.17,4.23,16638368,74353272.000
2010-03-22,4.23,4.26,4.19,4.22,23438867,105337376.000
2010-03-23,4.22,4.22,4.18,4.18,14469680,64646520.000
2010-03-24,4.19,4.23,4.18,4.19,16559691,74013248.000
2010-03-25,4.19,4.19,4.13,4.14,22818468,100721216.000
2010-03-26,4.14,4.18,4.11,4.18,23616805,104486480.000
2010-03-29,4.17,4.28,4.16,4.25,51932308,234210496.000
2010-03-30,4.24,4.25,4.19,4.22,28786313,129190736.000
2010-03-31,4.23,4.25,4.19,4.21,23519639,105594944.000
2010-04-01,4.21,4.25,4.20,4.25,32479738,146204208.000
2010-04-02,4.25,4.26,4.22,4.24,26060433,117395800.000
2010-04-06,4.25,4.26,4.21,4.23,23756858,107098176.000
2010-04-07,4.23,4.27,4.21,4.24,25458629,114696792.000
2010-04-08,4.23,4.24,4.17,4.18,25985156,116045328.000
2010-04-09,4.19,4.20,4.16,4.19,21796695,96982304.000
2010-04-12,4.19,4.20,4.12,4.15,36501409,161317728.000
2010-04-13,4.14,4.22,4.14,4.20,35852877,159695040.000
2010-04-14,4.20,4.20,4.14,4.17,27823681,123357688.000
2010-04-15,4.17,4.18,4.14,4.17,21614458,95708280.000
2010-04-16,4.16,4.16,4.12,4.13,19932069,87807680.000
2010-04-19,4.12,4.12,3.91,3.92,40544839,173440560.000
2010-04-20,3.92,3.98,3.86,3.89,23822118,99192000.000
2010-04-21,3.89,3.95,3.87,3.94,25145034,105079480.000
2010-04-22,3.93,4.00,3.86,3.98,35866260,150711904.000
2010-04-23,3.95,3.99,3.88,3.94,26988691,113758240.000
2010-04-26,3.95,3.95,3.86,3.89,20252573,84794832.000
2010-04-27,3.87,3.89,3.74,3.78,28921302,117744576.000
2010-04-28,3.75,3.79,3.72,3.77,14288088,57616096.000
2010-04-29,3.77,3.80,3.74,3.75,15551037,62890968.000
2010-04-30,3.76,3.78,3.72,3.78,18350763,73698752.000
2010-05-04,3.73,3.76,3.72,3.75,13415740,53859872.000
2010-05-05,3.73,3.78,3.67,3.78,23227794,92781112.000
2010-05-06,3.75,3.76,3.65,3.65,19193669,76270728.000
2010-05-07,3.62,3.65,3.59,3.61,18469697,71804952.000
2010-05-10,3.63,3.68,3.61,3.67,17920021,70258240.000
2010-05-11,3.72,3.74,3.60,3.62,21449415,84629832.000
2010-05-12,3.60,3.68,3.59,3.66,14560754,56768796.000
2010-05-13,3.65,3.69,3.62,3.68,18774953,73876008.000
2010-05-14,3.65,3.67,3.62,3.65,15762190,61675772.000
2010-05-17,3.62,3.62,3.44,3.46,23024628,87635192.000
2010-05-18,3.46,3.55,3.42,3.52,27888665,104948312.000
2010-05-19,3.49,3.59,3.47,3.55,25759842,98226256.000
2010-05-20,3.52,3.56,3.46,3.47,13993051,52934088.000
2010-05-21,3.38,3.50,3.33,3.48,19875370,73434488.000
2010-05-24,3.49,3.60,3.47,3.58,25463123,97375760.000
2010-05-25,3.54,3.56,3.49,3.50,15675951,59428456.000
2010-05-26,3.51,3.57,3.50,3.53,11214462,42683840.000
2010-05-27,3.53,3.58,3.49,3.57,18573975,71043432.000
2010-05-28,3.59,3.60,3.52,3.54,15611942,59842960.000
2010-05-31,3.55,3.56,3.46,3.47,13637245,51619948.000
2010-06-01,3.45,3.47,3.39,3.43,15017118,55507088.000
2010-06-02,3.43,3.45,3.39,3.44,11523222,42474856.000
2010-06-03,3.44,3.46,3.40,3.40,13037257,48276532.000
2010-06-04,3.39,3.42,3.38,3.41,8082701,29647088.000
2010-06-07,3.37,3.52,3.35,3.46,31035591,116055544.000
2010-06-08,3.43,3.45,3.39,3.43,14876791,54946300.000
2010-06-09,3.43,3.51,3.39,3.50,19161607,71483472.000
2010-06-10,3.47,3.48,3.42,3.43,19725893,73404112.000
2010-06-11,3.45,3.46,3.43,3.44,11004869,40899532.000
2010-06-17,3.46,3.47,3.43,3.44,7803565,29004312.000
2010-06-18,3.44,3.46,3.38,3.39,12873257,47487692.000
2010-06-21,3.40,3.47,3.39,3.47,15015416,55750588.000
2010-06-23,3.47,3.54,3.45,3.49,25602357,96521496.000
2010-06-24,3.48,3.50,3.45,3.46,10094215,37733296.000
2010-06-25,3.46,3.46,3.41,3.43,9192490,34023580.000
2010-06-28,3.44,3.44,3.39,3.41,8739333,32192676.000
2010-06-29,3.41,3.43,3.30,3.31,19130766,69219512.000
2010-06-30,3.30,3.30,3.24,3.26,12645937,44658572.000
2010-07-01,3.25,3.29,3.23,3.25,9476324,33412044.000
2010-07-02,3.25,3.31,3.24,3.31,16346148,58033140.000
2010-07-05,3.28,3.32,3.25,3.30,12028431,42739936.000
2010-07-06,3.30,3.34,3.29,3.33,11794153,42307212.000
2010-07-07,3.33,3.34,3.28,3.33,15080316,53982420.000
2010-07-08,3.33,3.35,3.30,3.34,12630867,45456836.000
2010-07-09,3.33,3.41,3.32,3.40,21119419,76928760.000
2010-07-12,3.39,3.43,3.37,3.43,18190765,66936076.000
2010-07-13,3.43,3.43,3.37,3.38,10119642,36232000.000
2010-07-14,3.39,3.45,3.38,3.42,14218194,51373560.000
2010-07-15,3.41,3.43,3.35,3.36,9998378,35797568.000
2010-07-16,3.36,3.38,3.32,3.36,13417534,47409896.000
2010-07-19,3.35,3.42,3.33,3.41,14820182,52923500.000
2010-07-20,3.40,3.48,3.40,3.47,37847246,137770352.000
2010-07-21,3.46,3.50,3.43,3.48,38524971,140864016.000
2010-07-22,3.46,3.52,3.45,3.50,30672774,112920904.000
2010-07-23,3.51,3.51,3.47,3.49,18613271,68408664.000
2010-07-26,3.50,3.55,3.49,3.52,27173205,100774816.000
2010-07-27,3.52,3.52,3.49,3.50,14800192,54594400.000
2010-07-28,3.50,3.57,3.48,3.56,40222009,150051904.000
2010-07-29,3.56,3.59,3.54,3.58,28304558,106339520.000
2010-07-30,3.57,3.57,3.53,3.56,19455133,72803208.000
2010-08-02,3.56,3.60,3.55,3.59,32033953,120694704.000
2010-08-03,3.59,3.60,3.53,3.54,29141637,109603576.000
2010-08-04,3.54,3.55,3.49,3.53,23879403,88589480.000
2010-08-05,3.53,3.54,3.50,3.51,17701074,65573692.000
2010-08-06,3.51,3.56,3.49,3.56,21638945,80272976.000
2010-08-09,3.55,3.57,3.53,3.56,20562286,77003904.000
2010-08-10,3.56,3.56,3.48,3.48,20976065,77715256.000
2010-08-11,3.48,3.50,3.47,3.49,13558618,49770396.000
2010-08-12,3.47,3.49,3.43,3.44,15053580,54882680.000
2010-08-13,3.43,3.47,3.42,3.47,10515824,38233024.000
2010-08-16,3.46,3.54,3.43,3.54,24461991,90262720.000
2010-08-17,3.53,3.56,3.51,3.55,20533553,76410528.000
2010-08-18,3.55,3.56,3.51,3.52,15941741,59362668.000
2010-08-19,3.53,3.55,3.49,3.54,22525560,83651104.000
2010-08-20,3.54,3.59,3.51,3.53,35528590,132893832.000
2010-08-23,3.53,3.54,3.48,3.50,17511488,64709620.000
2010-08-24,3.50,3.54,3.47,3.52,18036648,66647036.000
2010-08-25,3.49,3.51,3.44,3.44,17847821,65319496.000
2010-08-26,3.44,3.48,3.44,3.45,12245157,44646644.000
2010-08-27,3.46,3.47,3.42,3.44,9749502,35449008.000
2010-08-30,3.45,3.49,3.45,3.47,14563660,53348716.000
2010-08-31,3.46,3.47,3.42,3.44,14899700,54069716.000
2010-09-01,3.43,3.47,3.38,3.40,20857646,75353832.000
2010-09-02,3.42,3.44,3.40,3.41,16148156,58220248.000
2010-09-03,3.42,3.43,3.37,3.40,20500618,73494000.000
2010-09-06,3.41,3.50,3.40,3.48,31455838,114654680.000
2010-09-07,3.47,3.53,3.46,3.50,33564911,123990088.000
2010-09-08,3.49,3.50,3.45,3.46,21890704,80046080.000
2010-09-09,3.47,3.48,3.40,3.41,21580427,78119280.000
2010-09-10,3.41,3.43,3.38,3.43,15755157,56704204.000
2010-09-13,3.42,3.44,3.40,3.42,14874193,53704228.000
2010-09-14,3.43,3.44,3.38,3.40,23184450,83365608.000
2010-09-15,3.40,3.40,3.37,3.37,15997642,57172104.000
2010-09-16,3.38,3.39,3.31,3.34,21773608,76971072.000
2010-09-17,3.35,3.35,3.32,3.33,13813772,48605436.000
2010-09-20,3.33,3.35,3.32,3.34,11107188,39168040.000
2010-09-21,3.35,3.35,3.33,3.35,8072767,28465016.000
2010-09-27,3.36,3.39,3.33,3.38,16641489,59105652.000
2010-09-28,3.38,3.38,3.33,3.34,10318254,36528976.000
2010-09-29,3.36,3.36,3.33,3.34,10133070,35819600.000
2010-09-30,3.33,3.39,3.32,3.38,14346698,51015080.000
2010-10-08,3.39,3.49,3.37,3.48,36287773,131701088.000
2010-10-11,3.48,3.53,3.44,3.52,43502607,160318928.000
2010-10-12,3.50,3.52,3.48,3.50,26934041,99265648.000
2010-10-13,3.51,3.57,3.49,3.55,43886390,163636480.000
2010-10-14,3.55,3.59,3.53,3.53,48522590,181810688.000
2010-10-15,3.53,3.64,3.51,3.63,67317073,254673824.000
2010-10-18,3.65,3.84,3.65,3.70,101122803,397991808.000
2010-10-19,3.70,3.73,3.64,3.72,46718768,181358752.000
2010-10-20,3.65,3.71,3.61,3.63,51791176,198797632.000
2010-10-21,3.63,3.66,3.59,3.61,29951349,114063168.000
2010-10-22,3.60,3.62,3.57,3.61,22684992,85801744.000
2010-10-25,3.61,3.67,3.60,3.66,31508997,120585712.000
2010-10-26,3.66,3.68,3.61,3.63,25962954,99371032.000
2010-10-27,3.63,3.63,3.57,3.58,27228739,103186056.000
2010-10-28,3.60,3.62,3.56,3.61,21322147,80667504.000
2010-10-29,3.61,3.62,3.55,3.59,22049084,83009656.000
2010-11-01,3.60,3.62,3.58,3.62,31996196,121552992.000
2010-11-02,3.62,3.65,3.58,3.64,41945236,159833552.000
2010-11-03,3.64,3.70,3.62,3.67,46056832,177685904.000
2010-11-04,3.67,3.77,3.67,3.75,57520811,225622848.000
2010-11-05,3.76,3.79,3.73,3.76,51188122,202031376.000
2010-11-08,3.77,3.78,3.74,3.77,36599930,144553344.000
2010-11-09,3.78,3.78,3.67,3.68,53504572,208663680.000
2010-11-10,3.68,3.70,3.63,3.67,31012435,119552912.000
2010-11-11,3.66,3.74,3.65,3.68,40264882,155845856.000
2010-11-12,3.68,3.68,3.47,3.49,45876724,172942480.000
2010-11-15,3.51,3.53,3.48,3.52,26118278,96458624.000
2010-11-16,3.52,3.55,3.41,3.43,29681079,108743264.000
2010-11-17,3.41,3.45,3.39,3.40,20146552,72670088.000
2010-11-18,3.42,3.44,3.40,3.42,17419572,62877324.000
2010-11-19,3.44,3.44,3.37,3.43,23400089,84127928.000
2010-11-22,3.41,3.44,3.40,3.42,17746867,64095200.000
2010-11-23,3.42,3.42,3.34,3.36,22969196,81599344.000
2010-11-24,3.35,3.41,3.33,3.39,16646334,59452920.000
2010-11-25,3.40,3.43,3.37,3.43,20224434,72693768.000
2010-11-26,3.42,3.42,3.36,3.39,25220194,90092880.000
2010-11-29,3.37,3.39,3.35,3.38,17834483,63372516.000
2010-11-30,3.36,3.38,3.26,3.30,36498802,127521040.000
2010-12-01,3.30,3.38,3.28,3.34,22319016,78953984.000
2010-12-02,3.36,3.37,3.33,3.35,17022610,60281168.000
2010-12-03,3.35,3.35,3.31,3.33,11770738,41389704.000
2010-12-06,3.35,3.35,3.29,3.30,19269600,67443496.000
2010-12-07,3.29,3.32,3.25,3.31,22060700,76408784.000
2010-12-08,3.31,3.37,3.31,3.32,19827929,69921336.000
2010-12-09,3.30,3.48,3.27,3.40,52346708,188342880.000
2010-12-10,3.36,3.38,3.32,3.37,22462757,79399104.000
2010-12-13,3.37,3.44,3.35,3.43,28300674,101970112.000
2010-12-14,3.43,3.46,3.39,3.42,17414729,62831264.000
2010-12-15,3.41,3.42,3.37,3.38,15994161,57203440.000
2010-12-16,3.38,3.40,3.35,3.36,11004356,39177668.000
2010-12-17,3.36,3.37,3.34,3.36,9613645,34082192.000
2010-12-20,3.36,3.38,3.28,3.33,20258810,71299304.000
2010-12-22,3.38,3.39,3.33,3.34,16961809,60164084.000
2010-12-23,3.34,3.36,3.31,3.32,13070626,46035344.000
2010-12-24,3.30,3.32,3.29,3.31,10634881,37207476.000
2010-12-27,3.31,3.34,3.27,3.28,15085813,52786960.000
2010-12-28,3.27,3.28,3.23,3.24,19650763,67619344.000
2010-12-29,3.24,3.26,3.22,3.24,13278342,45469652.000
2010-12-30,3.24,3.25,3.21,3.23,10691371,36578920.000
2010-12-31,3.23,3.26,3.22,3.26,10051023,34524672.000
2011-01-04,3.26,3.30,3.24,3.30,16316107,56546600.000
2011-01-05,3.30,3.33,3.27,3.30,15245858,53303264.000
2011-01-06,3.30,3.31,3.28,3.30,11522048,40180036.000
2011-01-07,3.31,3.34,3.28,3.32,17142382,60064872.000
2011-01-10,3.31,3.36,3.30,3.31,15591826,54749052.000
2011-01-11,3.29,3.36,3.28,3.34,16937723,59421808.000
2011-01-12,3.34,3.36,3.31,3.34,15232913,53683236.000
2011-01-13,3.35,3.43,3.34,3.38,36597752,130698880.000
2011-01-14,3.37,3.37,3.31,3.33,17103259,60335472.000
2011-01-17,3.31,3.34,3.24,3.24,17879077,62243016.000
2011-01-18,3.24,3.27,3.23,3.26,13060436,44857184.000
2011-01-19,3.25,3.39,3.24,3.35,28509741,100329776.000
2011-01-20,3.33,3.34,3.24,3.25,18022322,62660612.000
2011-01-21,3.25,3.47,3.24,3.40,62002429,223231008.000
2011-01-24,3.38,3.55,3.37,3.51,90093576,331651072.000
2011-01-25,3.49,3.53,3.44,3.51,40346241,148181488.000
2011-01-26,3.49,3.59,3.44,3.52,41692566,154173344.000
2011-01-27,3.50,3.58,3.47,3.50,42149747,156730640.000
2011-01-28,3.50,3.52,3.46,3.47,25414919,93300896.000
2011-01-31,3.47,3.56,3.46,3.55,28592010,106115568.000
2011-02-01,3.54,3.54,3.48,3.50,16046375,59192056.000
2011-02-09,3.48,3.52,3.45,3.46,18827659,69214024.000
2011-02-10,3.45,3.48,3.43,3.48,20899450,76140104.000
2011-02-11,3.47,3.50,3.44,3.47,22255872,81403408.000
2011-02-14,3.47,3.57,3.46,3.55,45987314,171408432.000
2011-02-15,3.54,3.62,3.53,3.55,45576496,172091072.000
2011-02-16,3.54,3.58,3.52,3.57,23598796,88233112.000
2011-02-17,3.57,3.60,3.50,3.51,32800857,122016888.000
2011-02-18,3.51,3.52,3.47,3.47,17683376,65057564.000
2011-02-21,3.46,3.54,3.46,3.54,25789433,95656304.000
2011-02-22,3.53,3.54,3.42,3.42,25057299,91397680.000
2011-02-23,3.42,3.45,3.41,3.43,13977091,50596732.000
2011-02-24,3.43,3.45,3.40,3.45,15760348,56848952.000
2011-02-25,3.43,3.47,3.40,3.45,14526011,52709240.000
2011-02-28,3.45,3.46,3.41,3.45,13014326,47186376.000
2011-03-01,3.44,3.47,3.44,3.46,14726635,53652316.000
2011-03-02,3.45,3.46,3.41,3.45,15245103,55187912.000
2011-03-03,3.44,3.49,3.43,3.46,22157190,80785512.000
2011-03-04,3.45,3.49,3.44,3.47,31842973,116559976.000
2011-03-07,3.47,3.52,3.46,3.52,34412619,127157312.000
2011-03-08,3.53,3.53,3.49,3.51,19835136,73349144.000
2011-03-09,3.51,3.53,3.49,3.51,16783885,62139908.000
2011-03-10,3.49,3.50,3.44,3.46,19657825,71906112.000
2011-03-11,3.45,3.47,3.43,3.43,12630025,45952736.000
2011-03-14,3.42,3.44,3.41,3.44,15586223,56341984.000
2011-03-15,3.42,3.43,3.33,3.37,24174437,86078928.000
2011-03-16,3.37,3.40,3.36,3.39,19410404,69235912.000
2011-03-17,3.37,3.38,3.34,3.35,22378162,79302880.000
2011-03-18,3.36,3.38,3.35,3.38,10642605,37844320.000
2011-03-21,3.37,3.39,3.33,3.35,15076976,53491512.000
2011-03-22,3.36,3.37,3.33,3.37,14508703,51379264.000
2011-03-23,3.35,3.39,3.34,3.38,20923034,74388384.000
2011-03-24,3.38,3.40,3.36,3.39,16355413,58329272.000
2011-03-25,3.38,3.41,3.37,3.41,22768801,81708288.000
2011-03-28,3.42,3.49,3.39,3.44,40968166,148453200.000
2011-03-29,3.42,3.46,3.41,3.42,29682518,107367984.000
2011-03-30,3.42,3.44,3.41,3.42,24795758,89659688.000
2011-03-31,3.42,3.43,3.37,3.37,19701034,70740664.000
2011-04-01,3.37,3.39,3.36,3.39,17217015,61380328.000
2011-04-06,3.39,3.45,3.38,3.44,40918245,147750960.000
2011-04-07,3.44,3.45,3.42,3.44,32859834,119071768.000
2011-04-08,3.44,3.46,3.42,3.44,30666132,111475416.000
2011-04-11,3.46,3.49,3.45,3.47,36731215,134457344.000
2011-04-12,3.46,3.58,3.45,3.52,72977435,271195040.000
2011-04-13,3.50,3.67,3.49,3.63,133935023,510463488.000
2011-04-14,3.61,3.72,3.59,3.64,99288927,382527104.000
2011-04-15,3.64,3.67,3.59,3.66,42133675,161065840.000
2011-04-18,3.65,3.66,3.59,3.62,55658779,211862752.000
2011-04-19,3.60,3.61,3.56,3.57,34001275,128164040.000
2011-04-20,3.58,3.64,3.58,3.61,31398339,119465848.000
2011-04-21,3.61,3.62,3.58,3.58,24691668,93419976.000
2011-04-22,3.59,3.62,3.55,3.59,22842730,86154408.000
2011-04-25,3.58,3.59,3.54,3.55,22112657,83012248.000
2011-04-26,3.55,3.59,3.54,3.56,23641197,88701976.000
2011-04-27,3.57,3.67,3.56,3.58,48427378,184094816.000
2011-04-28,3.60,3.64,3.51,3.52,36781455,138949296.000
2011-04-29,3.52,3.76,3.51,3.74,86968073,334122752.000
2011-05-03,3.77,3.96,3.77,3.84,191405876,778317120.000
2011-05-04,3.86,4.24,3.83,4.19,396515974,1712049280.000
2011-05-05,4.06,4.22,4.01,4.15,143308132,616351040.000
2011-05-06,4.07,4.14,4.01,4.10,76711230,327878912.000
2011-05-09,4.09,4.20,3.95,3.98,109406509,463983456.000
2011-05-10,3.96,4.14,3.93,4.05,110581919,468433088.000
2011-05-11,4.03,4.18,3.98,4.14,80476671,343634848.000
2011-05-12,4.10,4.12,3.98,3.99,53822152,228610368.000
2011-05-13,3.99,4.08,3.92,4.03,53546197,224656848.000
2011-05-16,4.04,4.10,3.94,4.01,43979956,184291696.000
2011-05-17,3.99,3.99,3.86,3.89,55117786,226151248.000
2011-05-18,3.89,3.95,3.85,3.88,40984353,167669184.000
2011-05-19,3.88,3.92,3.87,3.90,23983359,97903648.000
2011-05-20,3.89,3.96,3.88,3.91,23479512,96620776.000
2011-05-23,3.90,3.95,3.68,3.71,67954026,269273024.000
2011-05-24,3.70,3.76,3.67,3.74,26578233,103697320.000
2011-05-25,3.73,3.76,3.68,3.69,20880972,81387344.000
2011-05-26,3.71,3.73,3.60,3.60,35654385,137092752.000
2011-05-27,3.60,3.66,3.57,3.58,39317133,149229472.000
2011-05-30,3.58,3.70,3.54,3.65,30192136,115976136.000
2011-05-31,3.68,3.80,3.64,3.80,35785578,140236336.000
2011-06-01,3.77,3.84,3.75,3.77,34654871,137905760.000
2011-06-03,3.73,3.82,3.72,3.79,20179640,80255256.000
2011-06-07,3.79,3.87,3.77,3.79,13822070,55321872.000
2011-06-08,3.78,3.79,3.64,3.78,26098941,101832608.000
2011-06-09,3.78,3.85,3.69,3.70,28723511,113974488.000
2011-06-10,3.71,3.83,3.71,3.81,35142143,139575296.000
2011-06-13,3.78,3.93,3.72,3.90,34012347,137231456.000
2011-06-14,3.89,3.94,3.84,3.89,37408531,152853440.000
2011-06-15,3.88,3.90,3.81,3.82,18453485,74546176.000
2011-06-16,3.79,3.79,3.72,3.73,21708442,85579888.000
2011-06-17,3.72,3.77,3.70,3.71,13501105,52915968.000
2011-06-20,3.72,3.75,3.59,3.63,20246152,77915952.000
2011-06-21,3.63,3.68,3.61,3.67,24320215,93376376.000
2011-06-22,3.68,3.81,3.67,3.79,29039980,114271672.000
2011-06-23,3.79,3.84,3.73,3.82,16813545,65406276.000
2011-06-24,3.81,4.00,3.79,3.94,43788530,176234928.000
2011-06-27,3.94,4.01,3.91,3.97,30812055,125328368.000
2011-06-28,3.98,3.98,3.90,3.95,18803663,75748864.000
2011-06-29,3.94,4.01,3.90,3.95,32574677,132485864.000
2011-06-30,3.94,4.02,3.91,4.01,40390425,164742640.000
2011-07-01,4.01,4.12,3.99,4.02,51370647,213649424.000
2011-07-04,4.04,4.20,4.03,4.10,45303945,191619840.000
2011-07-05,4.10,4.15,4.00,4.06,43424748,180501904.000
2011-07-06,4.04,4.08,4.00,4.05,22833570,94406344.000
2011-07-07,4.05,4.11,4.01,4.04,28396575,118068216.000
2011-07-08,4.03,4.05,3.97,4.00,21440484,87869840.000
2011-07-11,4.00,4.06,3.97,4.00,29663929,121874664.000
2011-07-12,3.97,3.99,3.92,3.93,16124896,65204072.000
2011-07-13,3.93,3.99,3.93,3.99,10997868,44745140.000
2011-07-14,3.99,3.99,3.87,3.93,33182093,133617264.000
2011-07-15,3.93,3.97,3.89,3.96,33226954,133533888.000
2011-07-18,3.94,3.96,3.90,3.95,25113789,101067624.000
2011-07-19,3.93,4.03,3.92,4.00,30811961,125736712.000
2011-07-20,4.02,4.02,3.89,3.94,29788571,120633560.000
2011-07-21,3.94,3.94,3.85,3.89,29947447,119502128.000
2011-07-22,3.91,3.92,3.84,3.86,25777330,102203496.000
2011-07-25,3.72,3.80,3.61,3.65,72446322,275306624.000
2011-07-26,3.63,3.67,3.60,3.64,32800269,122183680.000
2011-07-27,3.62,3.63,3.54,3.61,43188534,158695056.000
2011-07-28,3.57,3.57,3.52,3.55,31096711,113209848.000
2011-07-29,3.55,3.56,3.49,3.52,20465787,74143896.000
2011-08-01,3.53,3.61,3.52,3.59,27720858,101806704.000
2011-08-02,3.56,3.57,3.42,3.46,28059352,99987400.000
2011-08-03,3.42,3.47,3.41,3.45,18583473,65959056.000
2011-08-04,3.46,3.51,3.45,3.47,16558301,59101564.000
2011-08-05,3.40,3.43,3.37,3.41,17439403,61080744.000
2011-08-08,3.39,3.40,3.24,3.27,26396096,89842784.000
2011-08-09,3.23,3.36,3.20,3.34,33666632,114671864.000
2011-08-10,3.37,3.39,3.29,3.29,25099603,86114392.000
2011-08-11,3.25,3.31,3.22,3.30,36067603,121062440.000
2011-08-12,3.32,3.37,3.28,3.34,27347643,93925888.000
2011-08-15,3.35,3.42,3.35,3.41,35061111,122529200.000
2011-08-16,3.43,3.43,3.37,3.38,14810206,51738228.000
2011-08-17,3.36,3.39,3.34,3.36,12187291,42223292.000
2011-08-18,3.36,3.40,3.32,3.37,15563649,53720584.000
2011-08-19,3.33,3.38,3.30,3.37,13762995,47523752.000
2011-08-22,3.36,3.40,3.33,3.35,10845765,37533096.000
2011-08-23,3.36,3.40,3.35,3.39,7696043,26752580.000
2011-08-24,3.39,3.42,3.33,3.40,23678020,82069320.000
2011-08-25,3.40,3.46,3.37,3.45,28614431,100985616.000
2011-08-26,3.43,3.45,3.40,3.42,12806327,45127324.000
2011-08-29,3.40,3.41,3.33,3.34,14347812,49598992.000
2011-08-30,3.36,3.40,3.34,3.36,14755987,51186632.000
2011-08-31,3.35,3.41,3.32,3.36,23660146,81791056.000
2011-09-01,3.36,3.41,3.35,3.35,11861771,41183152.000
2011-09-02,3.35,3.36,3.31,3.32,9023806,30954724.000
2011-09-05,3.30,3.33,3.26,3.27,10509899,35624412.000
2011-09-06,3.26,3.32,3.25,3.30,10667819,36201176.000
2011-09-07,3.31,3.34,3.28,3.33,10690415,36489664.000
2011-09-08,3.35,3.35,3.32,3.32,8651153,29747884.000
2011-09-09,3.33,3.36,3.28,3.30,7598983,25999226.000
2011-09-13,3.27,3.33,3.25,3.32,8550739,29039944.000
2011-09-14,3.32,3.35,3.29,3.34,7754422,26547604.000
2011-09-15,3.34,3.36,3.31,3.32,9178386,31446392.000
2011-09-16,3.33,3.35,3.30,3.30,5871773,20094700.000
2011-09-19,3.29,3.30,3.25,3.27,9500163,32124210.000
2011-09-20,3.26,3.30,3.25,3.29,5452289,18415424.000
2011-09-21,3.30,3.37,3.27,3.35,23431350,80586864.000
2011-09-22,3.32,3.34,3.27,3.27,16084879,54774084.000
2011-09-23,3.23,3.28,3.21,3.27,12352444,41286588.000
2011-09-26,3.26,3.29,3.19,3.21,19703144,65657400.000
2011-09-27,3.23,3.24,3.21,3.23,8642853,28769834.000
2011-09-28,3.23,3.24,3.17,3.17,14434052,47569160.000
2011-09-29,3.17,3.19,3.14,3.14,15096930,49359192.000
2011-09-30,3.14,3.16,3.09,3.11,16436480,52892884.000
2011-10-10,3.11,3.15,3.08,3.10,7686840,24658206.000
2011-10-11,3.15,3.18,3.09,3.11,12133024,39185696.000
2011-10-12,3.09,3.19,3.09,3.19,17205705,56054924.000
2011-10-13,3.18,3.24,3.15,3.21,29157909,96344160.000
2011-10-14,3.20,3.23,3.17,3.21,13746761,45279696.000
2011-10-17,3.21,3.28,3.20,3.23,14594707,48818704.000
2011-10-18,3.21,3.22,3.15,3.17,8206281,26985452.000
2011-10-19,3.18,3.22,3.16,3.18,7295584,23975866.000
2011-10-20,3.19,3.19,3.09,3.13,7850768,25389608.000
2011-10-21,3.13,3.16,3.12,3.13,4991144,16151674.000
2011-10-24,3.15,3.21,3.12,3.20,10579015,34598576.000
2011-10-25,3.19,3.26,3.19,3.25,15599973,52012680.000
2011-10-26,3.25,3.38,3.24,3.29,32125721,110222320.000
2011-10-27,3.31,3.39,3.27,3.30,14571887,49941564.000
2011-10-28,3.34,3.37,3.29,3.34,15732349,53982768.000
2011-10-31,3.34,3.41,3.31,3.35,20433980,70792864.000
2011-11-01,3.33,3.39,3.31,3.35,19638656,67815776.000
2011-11-02,3.32,3.38,3.30,3.38,20306147,69720704.000
2011-11-03,3.36,3.40,3.35,3.36,17907130,62267656.000
2011-11-04,3.37,3.41,3.36,3.39,17697850,61724008.000
2011-11-07,3.37,3.40,3.35,3.37,9539416,33149252.000
2011-11-08,3.38,3.42,3.37,3.39,16597866,58032920.000
2011-11-09,3.40,3.41,3.35,3.39,13260240,46089424.000
2011-11-11,3.36,3.37,3.33,3.35,10328949,35597648.000
2011-11-14,3.38,3.38,3.35,3.38,10689261,37074928.000
2011-11-15,3.38,3.38,3.34,3.37,10793872,37329716.000
2011-11-16,3.36,3.37,3.23,3.27,17608639,59690504.000
2011-11-17,3.28,3.29,3.22,3.24,11546461,38703176.000
2011-11-18,3.22,3.24,3.19,3.19,8682855,28732360.000
2011-11-21,3.20,3.22,3.17,3.21,4855495,16040617.000
2011-11-22,3.21,3.22,3.19,3.21,5830774,19274232.000
2011-11-23,3.22,3.23,3.17,3.21,5629563,18569156.000
2011-11-24,3.19,3.26,3.19,3.25,10752423,35786660.000
2011-11-25,3.25,3.27,3.22,3.23,8285420,27729098.000
2011-11-28,3.23,3.26,3.23,3.24,5893057,19732698.000
2011-11-29,3.25,3.27,3.24,3.27,5571499,18695094.000
2011-11-30,3.26,3.26,3.19,3.20,17295288,57152000.000
2011-12-01,3.24,3.27,3.20,3.22,12000580,40086776.000
2011-12-02,3.20,3.22,3.19,3.20,7412554,24467956.000
2011-12-05,3.20,3.22,3.19,3.20,8614695,28442320.000
2011-12-06,3.20,3.21,3.17,3.19,7889302,25989908.000
2011-12-07,3.19,3.32,3.18,3.31,26769575,90602232.000
2011-12-08,3.32,3.34,3.28,3.31,11235005,38337028.000
2011-12-09,3.32,3.35,3.29,3.34,6630130,22657844.000
2011-12-12,3.31,3.40,3.31,3.37,12827841,44395292.000
2011-12-13,3.36,3.38,3.33,3.34,15294533,52745788.000
2011-12-14,3.33,3.41,3.32,3.38,26449234,92315064.000
2011-12-15,3.37,3.38,3.32,3.35,12652085,43660404.000
2011-12-16,3.34,3.36,3.25,3.30,20299088,68967248.000
2011-12-19,3.28,3.36,3.23,3.35,11279149,38294656.000
2011-12-20,3.35,3.39,3.31,3.36,10162589,35182656.000
2011-12-21,3.36,3.39,3.36,3.38,10451940,36346336.000
2011-12-22,3.37,3.39,3.30,3.38,10588779,36571288.000
2011-12-23,3.37,3.44,3.36,3.41,19509366,68403624.000
2011-12-26,3.40,3.41,3.32,3.39,10213625,35397680.000
2011-12-27,3.38,3.38,3.30,3.34,9745983,33482708.000
2011-12-28,3.33,3.35,3.24,3.34,13389354,45575272.000
2011-12-29,3.33,3.36,3.30,3.33,5585732,19172244.000
2011-12-30,3.33,3.44,3.33,3.42,18783669,65614976.000
2012-01-04,3.43,3.45,3.33,3.33,11511501,39982216.000
2012-01-05,3.32,3.40,3.28,3.37,16936505,58373460.000
2012-01-06,3.35,3.38,3.29,3.36,17774506,60930292.000
2012-01-09,3.34,3.44,3.33,3.43,18485167,64745888.000
2012-01-10,3.43,3.52,3.39,3.51,41127171,146005344.000
2012-01-11,3.48,3.51,3.46,3.49,19011193,68075880.000
2012-01-12,3.46,3.50,3.44,3.45,13560452,48253816.000
2012-01-13,3.46,3.47,3.42,3.43,11231654,39754600.000
2012-01-16,3.41,3.48,3.40,3.45,9840001,34868016.000
2012-01-17,3.45,3.53,3.39,3.49,56070165,199001216.000
2012-01-18,3.48,3.49,3.42,3.44,25553895,90674640.000
2012-01-19,3.45,3.48,3.42,3.45,15204376,54026080.000
2012-01-20,3.46,3.48,3.42,3.44,13798043,49004648.000
2012-01-30,3.44,3.45,3.37,3.38,10810065,37949896.000
2012-01-31,3.38,3.39,3.35,3.38,5668596,19678216.000
2012-02-01,3.37,3.40,3.36,3.37,8116545,28264940.000
2012-02-02,3.37,3.41,3.36,3.40,8282438,28852088.000
2012-02-03,3.39,3.41,3.36,3.40,11249302,39192416.000
2012-02-06,3.40,3.41,3.37,3.38,10848263,37821032.000
2012-02-07,3.38,3.41,3.32,3.33,13887311,48254936.000
2012-02-08,3.33,3.41,3.33,3.40,15170580,52880224.000
2012-02-09,3.40,3.41,3.35,3.36,17811073,61967204.000
2012-02-10,3.36,3.39,3.34,3.35,19000746,65747192.000
2012-02-13,3.34,3.38,3.32,3.35,20389328,70268072.000
2012-02-14,3.35,3.35,3.31,3.32,18551788,63551916.000
2012-02-15,3.31,3.35,3.30,3.35,19195334,65816156.000
2012-02-16,3.33,3.36,3.30,3.33,18833220,64598496.000
2012-02-17,3.34,3.37,3.32,3.36,18160191,62674480.000
2012-02-20,3.38,3.40,3.35,3.36,16656724,57858044.000
2012-02-21,3.37,3.37,3.33,3.36,9306547,32104492.000
2012-02-22,3.36,3.39,3.35,3.38,21690847,75243376.000
2012-02-23,3.38,3.40,3.35,3.38,27578751,95728800.000
2012-02-24,3.38,3.43,3.37,3.43,62487678,218678320.000
2012-02-27,3.44,3.47,3.42,3.43,60694752,215359984.000
2012-02-28,3.43,3.45,3.41,3.44,26129533,92346960.000
2012-02-29,3.44,3.44,3.39,3.39,30824804,108162072.000
2012-03-01,3.38,3.43,3.38,3.42,27142841,95196864.000
2012-03-02,3.42,3.46,3.40,3.45,32943704,116358272.000
2012-03-05,3.45,3.47,3.42,3.43,19607190,69445120.000
2012-03-06,3.43,3.44,3.38,3.39,23027319,80643432.000
2012-03-07,3.38,3.40,3.35,3.37,19824415,69062736.000
2012-03-08,3.38,3.40,3.37,3.39,18394318,64118248.000
2012-03-09,3.39,3.40,3.37,3.39,16221107,56504488.000
2012-03-12,3.38,3.39,3.36,3.37,14206993,49359040.000
2012-03-13,3.38,3.39,3.36,3.39,17916878,62335048.000
2012-03-14,3.40,3.43,3.33,3.34,36204433,126121056.000
2012-03-15,3.33,3.35,3.28,3.31,23412881,79970528.000
2012-03-16,3.30,3.33,3.28,3.32,15389568,52385024.000
2012-03-19,3.31,3.33,3.28,3.33,14137249,48141440.000
2012-03-20,3.31,3.32,3.26,3.27,14625903,49512316.000
2012-03-21,3.29,3.30,3.26,3.29,11166676,37757232.000
2012-03-22,3.29,3.32,3.27,3.30,11024030,37454292.000
2012-03-23,3.29,3.47,3.28,3.40,48183604,168063264.000
2012-03-26,3.40,3.40,3.37,3.39,9930429,34608216.000
2012-03-27,3.39,3.40,3.36,3.38,9871041,34312880.000
2012-03-28,3.39,3.47,3.36,3.38,47669630,167169632.000
2012-03-29,3.38,3.43,3.36,3.41,25122979,87832512.000
2012-03-30,3.42,3.45,3.41,3.43,23590599,83297960.000
2012-04-05,3.42,3.45,3.39,3.44,18329666,64476312.000
2012-04-06,3.44,3.45,3.39,3.41,14571652,51148148.000
2012-04-09,3.40,3.41,3.31,3.31,14163571,48958320.000
2012-04-10,3.30,3.38,3.29,3.37,10974576,37632160.000
2012-04-11,3.33,3.38,3.32,3.35,9984338,34454712.000
2012-04-12,3.34,3.37,3.31,3.37,25418589,87442488.000
2012-04-13,3.37,3.41,3.35,3.38,15300681,53207784.000
2012-04-16,3.37,3.38,3.34,3.37,7977090,27622824.000
2012-04-17,3.36,3.38,3.35,3.36,6820147,23619612.000
2012-04-18,3.37,3.43,3.36,3.42,18590939,65030328.000
2012-04-19,3.41,3.42,3.38,3.40,20478740,71682944.000
2012-04-20,3.39,3.43,3.39,3.41,16626755,58401944.000
2012-04-23,3.42,3.47,3.41,3.45,24443898,86706088.000
2012-04-24,3.44,3.48,3.35,3.41,30518887,107232152.000
2012-04-25,3.39,3.46,3.37,3.44,22610150,79382832.000
2012-04-26,3.44,3.45,3.39,3.40,13739740,48191628.000
2012-04-27,3.39,3.40,3.33,3.33,21552627,74468584.000
2012-05-02,3.35,3.38,3.35,3.37,14850586,51402500.000
2012-05-03,3.36,3.37,3.35,3.36,6996440,24211364.000
2012-05-04,3.37,3.39,3.36,3.38,12589049,43724176.000
2012-05-07,3.37,3.39,3.36,3.38,17110546,59485060.000
2012-05-08,3.38,3.42,3.37,3.40,15379728,53802836.000
2012-05-09,3.38,3.40,3.33,3.35,12000951,41476212.000
2012-05-10,3.36,3.36,3.32,3.32,10588643,36413432.000
2012-05-11,3.32,3.33,3.26,3.27,31325897,106141736.000
2012-05-14,3.29,3.29,3.23,3.24,21925325,73487080.000
2012-05-15,3.22,3.26,3.20,3.25,10526248,35027192.000
2012-05-16,3.25,3.25,3.19,3.20,18434521,61016944.000
2012-05-17,3.21,3.26,3.19,3.20,19041310,63250024.000
2012-05-18,3.20,3.30,3.19,3.26,47395867,158696080.000
2012-05-21,3.30,3.38,3.25,3.26,62019100,211892496.000
2012-05-23,3.24,3.25,3.18,3.21,32873335,108849040.000
2012-05-24,3.21,3.24,3.19,3.20,15283259,50536696.000
2012-05-25,3.20,3.27,3.17,3.19,41109778,136383680.000
2012-05-28,3.18,3.22,3.13,3.21,35374408,116085768.000
2012-05-29,3.20,3.25,3.17,3.21,62337176,206440400.000
2012-05-30,3.21,3.22,3.16,3.18,30843490,101247824.000
2012-05-31,3.17,3.17,3.13,3.15,39339931,127612984.000
2012-06-01,3.14,3.16,3.13,3.14,14545725,47201948.000
2012-06-04,3.12,3.12,3.05,3.06,29767009,94924752.000
2012-06-05,3.06,3.09,3.06,3.07,12200343,38672968.000
2012-06-06,3.08,3.08,3.04,3.05,15394311,48596392.000
2012-06-07,3.07,3.07,3.01,3.02,16198112,50882152.000
2012-06-08,3.03,3.04,2.98,2.99,19582760,60883764.000
2012-06-11,3.00,3.04,2.98,3.02,16764208,52092912.000
2012-06-12,3.01,3.02,2.97,2.99,14257331,44071456.000
2012-06-13,2.99,3.02,2.99,3.02,16850852,52275436.000
2012-06-14,3.00,3.01,2.97,2.99,17986220,55573676.000
2012-06-15,3.00,3.00,2.98,3.00,15597631,48191320.000
2012-06-18,3.00,3.02,2.99,3.01,13300908,41309836.000
2012-06-19,3.01,3.01,2.98,3.00,12680646,39311776.000
2012-06-20,3.01,3.02,2.99,3.00,15915409,49370096.000
2012-06-21,3.00,3.00,2.94,2.94,23739605,72653040.000
2012-06-25,2.94,2.96,2.90,2.90,12826501,38929944.000
2012-06-26,2.89,2.92,2.89,2.91,9764657,29316000.000
2012-06-27,2.91,2.91,2.87,2.88,11069585,33120844.000
2012-06-28,2.89,2.89,2.81,2.82,14853132,43944824.000
2012-06-29,2.82,2.85,2.81,2.84,12493249,36569272.000
2012-07-02,2.85,2.87,2.83,2.84,11104029,32755864.000
2012-07-03,2.84,2.86,2.83,2.86,11366188,33497800.000
2012-07-04,2.85,2.88,2.85,2.87,8156472,24170530.000
2012-07-05,2.86,2.87,2.82,2.82,9391851,27540260.000
2012-07-06,2.84,2.89,2.82,2.88,11070203,32657192.000
2012-07-09,2.87,2.89,2.82,2.83,13997090,41396088.000
2012-07-10,2.82,2.87,2.82,2.87,9525993,28100378.000
2012-07-11,2.87,2.92,2.86,2.91,19046597,57113192.000
2012-07-12,2.92,2.92,2.80,2.86,21558822,61330168.000
2012-07-13,2.85,2.87,2.81,2.86,13205754,37513948.000
2012-07-16,2.86,2.86,2.78,2.79,17114670,47951628.000
2012-07-17,2.80,2.82,2.78,2.81,9532721,26716220.000
2012-07-18,2.82,2.83,2.79,2.82,8230977,23066808.000
2012-07-19,2.82,2.85,2.80,2.82,10098293,28573804.000
2012-07-20,2.83,2.84,2.80,2.81,9129840,25738432.000
2012-07-23,2.80,2.81,2.74,2.77,13471038,37392560.000
2012-07-24,2.76,2.79,2.75,2.77,7492611,20746128.000
2012-07-25,2.77,2.79,2.75,2.77,5731340,15874164.000
2012-07-26,2.77,2.78,2.73,2.75,10311701,28384208.000
2012-07-27,2.76,2.76,2.73,2.74,15024988,41258200.000
2012-07-30,2.75,2.76,2.69,2.71,16733065,45397244.000
2012-07-31,2.71,2.74,2.69,2.70,12416077,33718784.000
2012-08-01,2.70,2.76,2.69,2.72,13544883,36918240.000
2012-08-02,2.73,2.81,2.71,2.76,30086139,83181392.000
2012-08-03,2.77,2.79,2.75,2.78,9795043,27125990.000
2012-08-06,2.76,2.80,2.76,2.79,11642325,32390004.000
2012-08-07,2.79,2.79,2.76,2.77,9495024,26321720.000
2012-08-08,2.78,2.79,2.77,2.78,7882457,21892706.000
2012-08-09,2.78,2.78,2.75,2.77,11985849,33126226.000
2012-08-10,2.77,2.78,2.76,2.77,6837143,18939228.000
2012-08-13,2.78,2.78,2.74,2.74,9207620,25406572.000
2012-08-14,2.74,2.75,2.71,2.73,12625337,34454012.000
2012-08-15,2.72,2.73,2.71,2.71,6276210,17064076.000
2012-08-16,2.71,2.73,2.70,2.72,9019817,24439300.000
2012-08-17,2.71,2.72,2.69,2.71,8622622,23290776.000
2012-08-20,2.70,2.70,2.67,2.68,8121815,21772664.000
2012-08-21,2.68,2.71,2.67,2.71,8064811,21760492.000
2012-08-22,2.70,2.71,2.67,2.68,6281710,16868416.000
2012-08-23,2.68,2.71,2.68,2.70,6272896,16903180.000
2012-08-24,2.70,2.70,2.65,2.66,8467635,22605164.000
2012-08-27,2.65,2.66,2.57,2.60,13898048,36182700.000
2012-08-28,2.60,2.64,2.59,2.63,16287727,42514300.000
2012-08-29,2.62,2.62,2.60,2.60,6601544,17215460.000
2012-08-30,2.61,2.65,2.60,2.64,19863720,52219712.000
2012-08-31,2.64,2.64,2.60,2.62,6521134,17045796.000
2012-09-03,2.62,2.64,2.60,2.63,9430034,24743070.000
2012-09-04,2.63,2.63,2.58,2.59,7785500,20218912.000
2012-09-05,2.59,2.59,2.56,2.58,7144091,18373632.000
2012-09-06,2.58,2.61,2.58,2.61,7245792,18819096.000
2012-09-07,2.61,2.72,2.61,2.70,26632357,71246208.000
2012-09-10,2.70,2.71,2.66,2.68,18989373,50814032.000
2012-09-11,2.67,2.68,2.63,2.66,12628483,33440406.000
2012-09-12,2.67,2.69,2.64,2.67,11796298,31439120.000
2012-09-13,2.66,2.67,2.64,2.64,8226600,21838552.000
2012-09-14,2.65,2.68,2.64,2.66,9836725,26146586.000
2012-09-17,2.66,2.66,2.61,2.62,10235616,26990672.000
2012-09-18,2.62,2.62,2.58,2.58,7129345,18497844.000
2012-09-19,2.58,2.61,2.56,2.58,7236134,18711740.000
2012-09-20,2.58,2.58,2.50,2.50,13619300,34483808.000
2012-09-21,2.50,2.52,2.48,2.50,9886335,24702388.000
2012-09-24,2.49,2.49,2.44,2.48,11838790,29154060.000
2012-09-25,2.47,2.47,2.44,2.46,7348329,18041244.000
2012-09-26,2.45,2.46,2.42,2.42,8107335,19732554.000
2012-09-27,2.43,2.49,2.42,2.47,13427055,33013628.000
2012-09-28,2.45,2.50,2.45,2.49,13877659,34359880.000
2012-10-08,2.50,2.50,2.45,2.46,8980684,22220600.000
2012-10-09,2.47,2.53,2.46,2.52,15214113,38169384.000
2012-10-10,2.51,2.58,2.50,2.55,16109800,40992312.000
2012-10-11,2.55,2.56,2.50,2.50,19316737,48761896.000
2012-10-12,2.52,2.55,2.50,2.53,12077696,30496332.000
2012-10-15,2.52,2.52,2.48,2.51,9723623,24274034.000
2012-10-16,2.50,2.52,2.49,2.50,6941212,17404116.000
2012-10-17,2.51,2.56,2.50,2.53,21957487,55643360.000
2012-10-18,2.55,2.61,2.52,2.58,29952822,77127752.000
2012-10-19,2.58,2.60,2.56,2.57,12285932,31631988.000
2012-10-22,2.57,2.58,2.54,2.57,8193962,20960042.000
2012-10-23,2.57,2.59,2.55,2.56,10630660,27320284.000
2012-10-24,2.54,2.64,2.53,2.62,23844451,61843172.000
2012-10-25,2.61,2.68,2.59,2.60,32295307,85185848.000
2012-10-26,2.60,2.61,2.53,2.55,15966338,40853628.000
2012-10-29,2.55,2.56,2.51,2.53,11625208,29434696.000
2012-10-30,2.53,2.55,2.51,2.52,8824374,22276436.000
2012-10-31,2.52,2.55,2.51,2.55,9421619,23936038.000
2012-11-01,2.55,2.58,2.54,2.57,14315142,36761224.000
2012-11-02,2.58,2.59,2.55,2.58,13739355,35335644.000
2012-11-05,2.58,2.63,2.57,2.62,14850071,38549228.000
2012-11-06,2.62,2.62,2.57,2.61,14396977,37377344.000
2012-11-07,2.61,2.66,2.58,2.65,19938594,52544296.000
2012-11-08,2.62,2.63,2.58,2.58,14512560,37810000.000
2012-11-09,2.58,2.61,2.53,2.57,15914648,41027400.000
2012-11-12,2.57,2.60,2.56,2.60,9148054,23609384.000
2012-11-13,2.60,2.60,2.54,2.55,11040515,28205440.000
2012-11-14,2.55,2.57,2.54,2.55,5546266,14165524.000
2012-11-15,2.55,2.56,2.52,2.53,7048296,17909516.000
2012-11-16,2.52,2.53,2.46,2.47,10771326,26835492.000
2012-11-19,2.47,2.48,2.45,2.48,7308643,18006156.000
2012-11-20,2.48,2.49,2.45,2.48,7046275,17382508.000
2012-11-21,2.47,2.51,2.46,2.51,9846950,24425788.000
2012-11-22,2.49,2.50,2.47,2.47,4963893,12309000.000
2012-11-23,2.48,2.52,2.47,2.50,14824719,37097872.000
2012-11-26,2.49,2.51,2.48,2.50,6482168,16171897.000
2012-11-27,2.50,2.51,2.46,2.48,8166139,20302440.000
2012-11-28,2.48,2.48,2.45,2.47,7464865,18397368.000
2012-11-29,2.47,2.49,2.46,2.47,6898286,17091292.000
2012-11-30,2.48,2.50,2.47,2.49,9363022,23293504.000
2012-12-03,2.50,2.53,2.47,2.50,11983930,29931042.000
2012-12-04,2.51,2.54,2.49,2.53,10629699,26763984.000
2012-12-05,2.53,2.60,2.51,2.58,26732628,68483432.000
2012-12-06,2.56,2.58,2.55,2.57,10069358,25845322.000
2012-12-07,2.56,2.61,2.56,2.60,19783568,51264192.000
2012-12-10,2.61,2.63,2.59,2.61,24088757,63029260.000
2012-12-11,2.61,2.63,2.58,2.61,15570628,40569312.000
2012-12-12,2.61,2.63,2.60,2.63,14174916,37099756.000
2012-12-13,2.62,2.63,2.58,2.59,10924575,28459776.000
2012-12-14,2.59,2.68,2.59,2.67,39007843,103232696.000
2012-12-17,2.67,2.71,2.66,2.69,28072164,75558392.000
2012-12-18,2.70,2.72,2.67,2.68,20058643,53912632.000
2012-12-19,2.68,2.70,2.66,2.68,13979098,37527476.000
2012-12-20,2.67,2.69,2.65,2.69,15923219,42513060.000
2012-12-21,2.70,2.71,2.66,2.67,18599308,49969556.000
2012-12-24,2.67,2.76,2.66,2.75,39169952,107096944.000
2012-12-25,2.75,2.93,2.73,2.87,62951653,179074208.000
2012-12-26,2.86,2.88,2.83,2.85,22391109,63849436.000
2012-12-27,2.86,2.94,2.86,2.87,23744653,68620928.000
2012-12-28,2.87,2.89,2.86,2.88,13452128,38739456.000
2012-12-31,2.89,2.95,2.87,2.92,17128616,49576660.000
2013-01-04,2.93,3.04,2.88,3.01,51086340,152293600.000
2013-01-07,3.01,3.08,2.99,3.04,25505555,77368800.000
2013-01-08,3.03,3.06,2.97,2.99,32159388,96300288.000
2013-01-09,2.99,3.01,2.93,2.95,18910568,55874348.000
2013-01-10,2.94,3.03,2.94,2.98,24906731,74602224.000
2013-01-11,2.98,3.00,2.91,2.92,19023948,56120452.000
2013-01-14,2.91,2.99,2.90,2.98,21206824,62705552.000
2013-01-15,2.98,2.98,2.92,2.96,42590886,125272104.000
2013-01-16,2.95,2.95,2.85,2.90,40094578,116293584.000
2013-01-17,2.89,2.90,2.86,2.88,23281916,66971956.000
2013-01-18,2.90,2.94,2.89,2.93,25463541,74182672.000
2013-01-21,2.94,2.95,2.90,2.93,29156159,85249464.000
2013-01-22,2.93,2.96,2.91,2.93,31194473,91725256.000
2013-01-23,2.93,2.97,2.92,2.97,25520405,75460352.000
2013-01-24,2.97,2.99,2.92,2.93,22917658,67812752.000
2013-01-25,2.94,2.94,2.88,2.89,17173455,49833960.000
2013-01-28,2.89,2.94,2.89,2.94,16917704,49420712.000
2013-01-29,2.93,2.95,2.92,2.94,16732507,49073132.000
2013-01-30,2.94,2.96,2.89,2.95,26209855,76609904.000
2013-01-31,2.96,2.97,2.94,2.97,17195452,50836720.000
2013-02-01,2.96,2.97,2.93,2.96,19218330,56729188.000
2013-02-04,2.97,3.02,2.95,3.01,32930313,98410712.000
2013-02-05,3.00,3.06,2.96,3.05,38198071,115461280.000
2013-02-06,3.05,3.11,3.03,3.04,26054989,79867480.000
2013-02-07,3.05,3.06,3.00,3.01,21480360,64870256.000
2013-02-08,3.02,3.05,3.01,3.04,14423512,43749496.000
2013-02-18,3.05,3.26,3.04,3.18,97442973,308425568.000
2013-02-19,3.20,3.45,3.20,3.36,161424934,540585536.000
2013-02-20,3.36,3.36,3.24,3.29,59629470,196014464.000
2013-02-21,3.27,3.28,3.08,3.09,86979215,272043936.000
2013-02-22,3.09,3.13,3.05,3.09,31158438,96635728.000
2013-02-25,3.11,3.16,3.10,3.13,24308062,76097440.000
2013-02-26,3.11,3.11,3.01,3.01,30223980,92369288.000
2013-02-27,3.01,3.04,2.95,2.98,28094140,83980568.000
2013-02-28,3.00,3.08,2.98,3.06,24567361,74602872.000
2013-03-01,3.06,3.08,3.01,3.08,16010125,48772160.000
2013-03-04,3.07,3.15,3.02,3.03,40091278,123566872.000
2013-03-05,3.05,3.07,2.98,3.03,32476964,97707624.000
2013-03-06,3.04,3.12,3.00,3.11,35353529,107994480.000
2013-03-07,3.12,3.28,3.11,3.20,93091982,297936320.000
2013-03-08,3.20,3.23,3.15,3.20,31349186,99945312.000
2013-03-11,3.32,3.43,3.22,3.26,91875634,303279168.000
2013-03-12,3.23,3.24,3.01,3.05,72824498,225436832.000
2013-03-13,3.03,3.05,2.94,2.97,41199676,122748000.000
2013-03-14,2.95,3.01,2.95,2.98,28673207,85705224.000
2013-03-15,3.01,3.08,2.99,3.06,52773915,160416368.000
2013-03-18,3.04,3.06,2.96,2.97,19672185,58976968.000
2013-03-19,2.98,3.08,2.97,3.07,38398845,116319496.000
2013-03-20,3.07,3.13,3.04,3.10,27818620,85934768.000
2013-03-21,3.11,3.12,3.07,3.12,19315479,59784092.000
2013-03-22,3.14,3.30,3.14,3.25,78826321,255510688.000
2013-03-25,3.18,3.22,3.15,3.18,34846773,110510304.000
2013-03-26,3.16,3.16,3.09,3.13,25131081,78551088.000
2013-03-27,3.12,3.16,3.07,3.10,21842444,67805000.000
2013-03-28,3.10,3.10,3.01,3.02,19567758,59424536.000
2013-03-29,3.04,3.05,3.03,3.04,7252315,22031638.000
2013-04-01,3.03,3.05,3.02,3.04,9242692,28047792.000
2013-04-02,3.04,3.05,2.97,2.98,20182378,60713144.000
2013-04-03,3.00,3.01,2.96,2.96,12745584,37983304.000
2013-04-08,2.91,2.93,2.89,2.90,22121590,64267416.000
2013-04-09,2.92,2.93,2.88,2.90,26570809,77052384.000
2013-04-10,2.90,2.91,2.86,2.88,15557018,44703528.000
2013-04-11,2.90,2.91,2.81,2.83,32789508,93500144.000
2013-04-12,2.82,2.83,2.75,2.77,34595227,96103296.000
2013-04-15,2.76,2.77,2.63,2.65,70718531,188144944.000
2013-04-16,2.63,2.68,2.59,2.68,44220161,116247256.000
2013-04-17,2.67,2.67,2.61,2.65,40611998,107221576.000
2013-04-18,2.63,2.67,2.62,2.66,21079734,55955780.000
2013-04-19,2.66,2.79,2.66,2.77,65283287,178959536.000
2013-04-22,2.75,2.81,2.75,2.80,42211710,117663864.000
2013-04-23,2.79,2.80,2.69,2.73,31921591,87308336.000
2013-04-24,2.73,2.79,2.70,2.78,40058035,109824720.000
2013-04-25,2.76,2.78,2.72,2.75,20815116,57358868.000
2013-04-26,2.77,2.77,2.72,2.74,12772160,35052764.000
2013-05-02,2.73,2.78,2.72,2.73,12668867,34853016.000
2013-05-03,2.73,2.77,2.73,2.74,17264319,47502076.000
2013-05-06,2.74,2.77,2.73,2.76,26448731,72642760.000
2013-05-07,2.75,2.77,2.73,2.76,15219151,41855928.000
2013-05-08,2.76,2.79,2.76,2.78,16340091,45381248.000
2013-05-09,2.78,2.79,2.70,2.73,27445880,75070640.000
2013-05-10,2.72,2.73,2.68,2.73,33428705,90322144.000
2013-05-13,2.72,2.73,2.69,2.70,13796075,37257096.000
2013-05-14,2.70,2.75,2.68,2.68,23495996,63640864.000
2013-05-15,2.70,2.71,2.68,2.71,11451604,30841740.000
2013-05-16,2.70,2.73,2.68,2.72,24571893,66495300.000
2013-05-17,2.71,2.78,2.69,2.78,56505368,154937920.000
2013-05-20,2.76,2.81,2.75,2.79,26887610,74866552.000
2013-05-21,2.78,2.83,2.78,2.80,23798042,66752612.000
2013-05-22,2.80,2.81,2.76,2.78,20174139,56275340.000
2013-05-23,2.77,2.79,2.74,2.75,23846412,65917376.000
2013-05-24,2.75,2.77,2.74,2.76,12871857,35454544.000
2013-05-27,2.75,2.77,2.74,2.75,16606969,45651852.000
2013-05-28,2.75,2.79,2.74,2.78,24221208,66870644.000
2013-05-29,2.79,2.81,2.77,2.80,24373181,68093184.000
2013-05-30,2.79,2.80,2.77,2.78,18784956,52183352.000
2013-05-31,2.78,2.79,2.73,2.73,23281015,64173760.000
2013-06-03,2.74,2.75,2.71,2.72,17350381,47347240.000
2013-06-04,2.71,2.72,2.67,2.68,26302783,70791968.000
2013-06-05,2.68,2.70,2.65,2.67,19816584,52972828.000
2013-06-06,2.66,2.67,2.63,2.64,16739091,44325872.000
2013-06-07,2.66,2.67,2.62,2.65,21964096,58071164.000
2013-06-13,2.64,2.65,2.54,2.55,25744175,66320780.000
2013-06-14,2.56,2.57,2.55,2.56,13916090,35622048.000
2013-06-17,2.58,2.59,2.56,2.57,11616277,29929208.000
2013-06-18,2.58,2.60,2.56,2.60,11464251,29616286.000
2013-06-19,2.59,2.60,2.53,2.58,13309888,34073208.000
2013-06-20,2.57,2.58,2.51,2.52,15583222,39552960.000
2013-06-21,2.50,2.52,2.46,2.50,13574051,33867312.000
2013-06-24,2.49,2.49,2.33,2.36,27371296,66036224.000
2013-06-25,2.35,2.36,2.16,2.31,47459996,107503792.000
2013-06-26,2.29,2.31,2.26,2.29,18442502,42026992.000
2013-06-27,2.29,2.32,2.27,2.29,31456085,72187912.000
2013-06-28,2.28,2.32,2.25,2.30,16521963,37916092.000
2013-07-01,2.30,2.31,2.28,2.31,13597162,31247360.000
2013-07-02,2.31,2.32,2.28,2.32,12981536,29878672.000
2013-07-03,2.31,2.31,2.26,2.29,13164699,30008638.000
2013-07-04,2.27,2.33,2.26,2.31,24174063,55431504.000
2013-07-05,2.30,2.33,2.29,2.33,18129213,41876908.000
2013-07-08,2.31,2.31,2.25,2.26,17758729,40401512.000
2013-07-09,2.26,2.31,2.24,2.28,19000536,43235784.000
2013-07-10,2.27,2.35,2.27,2.34,20782999,48086920.000
2013-07-11,2.34,2.46,2.33,2.43,41383130,99539432.000
2013-07-12,2.43,2.43,2.38,2.38,20741641,49950600.000
数据来源:通达信
