600796 钱江生化 日线
      日期	    开盘	    最高	    最低	    收盘	    成交量	    成交额
2007-01-11,3.82,4.02,3.76,3.90,11346445,49655268.000
2007-01-12,3.87,3.99,3.70,3.86,8599283,37172760.000
2007-01-15,3.93,4.25,3.88,4.25,23082524,105052784.000
2007-01-16,4.25,4.44,4.07,4.36,11244982,53182920.000
2007-01-17,4.35,4.53,4.22,4.30,11781944,57719868.000
2007-01-18,4.29,4.48,4.22,4.45,7920622,38572320.000
2007-01-19,4.45,4.60,4.45,4.48,8337572,42014532.000
2007-01-22,4.50,4.54,4.38,4.53,11563581,57564116.000
2007-01-23,4.55,4.59,4.35,4.46,5319062,26436508.000
2007-01-24,4.46,4.61,4.37,4.60,8651830,43424800.000
2007-01-25,4.59,4.60,4.28,4.30,6492988,32424336.000
2007-01-26,4.25,4.25,3.94,4.17,5466694,25037584.000
2007-01-29,4.17,4.32,4.14,4.30,4353633,20671272.000
2007-01-30,4.35,4.45,4.26,4.35,5676319,27552396.000
2007-01-31,4.35,4.35,4.02,4.15,6879344,32005516.000
2007-02-01,4.09,4.44,4.05,4.39,8822909,42087912.000
2007-02-02,4.41,4.51,4.30,4.48,9625497,47621896.000
2007-02-05,4.50,4.55,4.30,4.45,12666557,62458528.000
2007-02-06,4.45,4.55,4.34,4.52,6525766,32481068.000
2007-02-07,4.54,4.79,4.49,4.71,13949657,72805976.000
2007-02-08,4.66,4.89,4.57,4.87,10646039,56730892.000
2007-02-09,4.89,4.95,4.71,4.75,10296518,55129228.000
2007-02-12,4.75,4.80,4.65,4.76,7514514,39552452.000
2007-02-13,4.80,4.80,4.65,4.71,5089613,26687632.000
2007-02-14,4.71,5.03,4.71,4.95,10670870,58745096.000
2007-02-15,5.00,5.45,5.00,5.44,19062914,113706192.000
2007-02-16,5.38,5.99,5.30,5.85,16499262,105916816.000
2007-02-26,5.88,6.02,5.54,5.96,12761690,82003232.000
2007-02-27,5.94,5.98,5.36,5.36,12636225,79426752.000
2007-02-28,5.25,5.59,5.03,5.57,11965902,71453472.000
2007-03-01,5.56,5.56,5.22,5.32,8368222,49691088.000
2007-03-02,5.35,5.63,5.34,5.53,7203995,44283048.000
2007-03-05,5.55,5.85,5.39,5.64,8234612,51674176.000
2007-03-06,5.61,5.66,5.48,5.57,4024479,24926048.000
2007-03-07,5.53,5.88,5.53,5.80,8795306,56452576.000
2007-03-08,5.81,5.83,5.66,5.80,5348330,34223172.000
2007-03-09,5.75,5.80,5.55,5.63,5391972,33978264.000
2007-03-12,5.63,5.71,5.46,5.68,6879932,42713824.000
2007-03-13,5.67,5.99,5.66,5.84,9089054,59187608.000
2007-03-14,5.75,5.75,5.39,5.55,12610561,77864024.000
2007-03-15,5.55,5.65,5.50,5.58,7860519,48820768.000
2007-03-16,5.59,5.77,5.48,5.56,9037227,56799172.000
2007-03-19,5.37,5.64,5.26,5.54,5713716,34956680.000
2007-03-20,5.61,5.74,5.55,5.72,8106744,50975380.000
2007-03-21,5.75,5.94,5.72,5.93,10896115,70636120.000
2007-03-22,5.93,6.05,5.83,5.86,11071818,73259216.000
2007-03-23,5.83,5.88,5.65,5.84,7864883,50639476.000
2007-03-26,5.97,6.28,5.87,6.25,15658281,107088952.000
2007-03-27,6.25,6.53,6.21,6.27,13018172,91999208.000
2007-03-28,6.25,6.38,5.85,6.14,13008000,88433144.000
2007-03-29,6.15,6.24,5.74,5.78,9217232,61461144.000
2007-03-30,5.78,5.88,5.66,5.84,4840647,31164002.000
2007-04-02,5.89,6.02,5.78,5.95,5813030,38032864.000
2007-04-03,5.96,6.42,5.92,6.35,15154110,104817408.000
2007-04-04,6.35,6.81,6.25,6.59,18462420,135417712.000
2007-04-05,6.56,6.71,6.42,6.59,10012442,73146944.000
2007-04-06,6.54,6.71,6.45,6.63,11808366,86306960.000
2007-04-09,6.67,7.25,6.67,6.73,17848455,136430032.000
2007-04-10,6.72,6.89,6.45,6.71,12088351,89423680.000
2007-04-11,6.71,6.71,6.44,6.65,10400000,75720832.000
2007-04-12,6.65,6.98,6.58,6.87,11821202,89514008.000
2007-04-13,6.87,7.03,6.65,6.70,11925609,90157168.000
2007-04-16,6.70,7.21,6.70,7.17,15468769,120494784.000
2007-04-17,7.20,7.25,6.86,7.19,14127840,111173088.000
2007-04-18,7.21,7.56,7.21,7.41,12716367,104402032.000
2007-04-19,7.39,7.39,6.66,6.80,14947039,116412888.000
2007-04-20,6.80,7.15,6.80,7.11,9139385,71439488.000
2007-04-23,7.21,7.65,7.21,7.56,11778768,98260936.000
2007-04-24,7.57,7.69,7.42,7.60,14012464,117606248.000
2007-04-25,7.60,7.60,7.23,7.47,9468010,78243456.000
2007-04-26,7.49,7.84,7.49,7.65,11415857,97172640.000
2007-04-27,7.65,8.25,7.59,8.04,13969416,123511624.000
2007-04-30,8.03,8.68,7.91,8.60,18110113,168204512.000
2007-05-08,8.93,9.46,8.75,9.46,17210935,177310848.000
2007-05-09,9.51,9.62,8.72,9.29,20653475,210769536.000
2007-05-10,9.25,9.25,8.90,9.12,10321895,104062408.000
2007-05-11,9.07,10.04,8.92,10.02,21204432,226402304.000
2007-05-14,9.81,11.02,9.57,10.65,19496757,223641888.000
2007-05-15,10.63,11.21,9.98,10.04,16644155,194420880.000
2007-05-16,9.99,10.35,9.39,10.08,12701429,140432928.000
2007-05-17,10.23,10.48,10.06,10.22,10014497,113488208.000
2007-05-18,10.03,10.89,9.88,10.75,19204902,223528576.000
2007-05-21,10.48,11.12,10.33,10.86,24541763,292520128.000
2007-05-23,11.30,11.30,10.66,10.89,14980889,180109168.000
2007-05-24,10.92,11.03,10.30,10.46,14742684,172796944.000
2007-05-25,10.21,10.57,9.75,10.23,17965082,202251664.000
2007-05-28,10.19,10.66,10.10,10.28,20156371,231633600.000
2007-05-29,10.34,10.39,10.10,10.32,16672627,189457984.000
2007-05-30,9.65,10.14,9.28,9.28,11105240,119902216.000
2007-05-31,8.89,8.95,8.35,8.35,12985382,121931536.000
2007-06-01,8.45,8.55,7.51,7.51,13902649,120718216.000
2007-06-04,7.24,7.40,6.75,6.75,5980100,45758252.000
2007-06-05,6.07,6.66,6.07,6.62,17361386,119068344.000
2007-06-06,6.80,7.05,6.48,6.98,19751722,150641840.000
2007-06-07,6.98,7.46,6.77,7.35,16286241,128736960.000
2007-06-08,7.35,7.44,7.16,7.23,12803688,103239504.000
2007-06-11,7.20,7.39,7.04,7.10,12187884,97221424.000
2007-06-12,7.09,7.25,6.38,6.98,11845911,89830096.000
2007-06-13,7.05,7.69,7.05,7.69,20135962,165416224.000
2007-06-14,7.75,8.11,7.48,7.53,20283821,175794000.000
2007-06-15,7.38,7.66,7.25,7.32,10069913,82715352.000
2007-06-18,7.55,7.66,7.43,7.54,9498151,79103624.000
2007-06-19,8.07,8.07,7.66,7.88,16108824,141032128.000
2007-06-20,7.94,8.27,7.57,7.71,15228855,135271376.000
2007-06-21,7.62,7.86,7.45,7.65,8113186,68690528.000
2007-06-22,7.62,7.62,6.87,6.94,8976301,71369760.000
2007-06-25,6.94,7.12,6.24,6.24,6053380,43727804.000
2007-06-26,6.02,6.13,5.62,6.12,8095200,52936552.000
2007-06-27,6.14,6.28,5.99,6.23,5505715,37779440.000
2007-06-28,6.25,6.39,5.60,5.63,6882178,45924932.000
2007-06-29,5.44,5.72,5.22,5.34,6964644,42031088.000
2007-07-02,5.44,5.71,5.35,5.68,5584019,34170296.000
2007-07-03,5.70,5.89,5.52,5.75,6376525,40353104.000
2007-07-04,5.69,5.69,5.45,5.51,3765327,23103724.000
2007-07-05,5.42,5.45,5.13,5.15,3332120,19394324.000
2007-07-06,5.13,5.59,5.07,5.55,5672469,33591064.000
2007-07-09,5.55,5.75,5.53,5.67,6338508,39565784.000
2007-07-10,5.71,5.73,5.35,5.47,4203402,25599236.000
2007-07-11,5.47,5.62,5.44,5.60,3955271,24211116.000
2007-07-12,5.62,5.74,5.57,5.71,5683754,35510928.000
2007-07-13,5.79,5.80,5.55,5.62,2988128,18575548.000
2007-07-16,5.62,5.68,5.41,5.46,3038794,18533768.000
2007-07-17,5.53,5.66,5.43,5.61,3018696,18595128.000
2007-07-18,5.55,5.66,5.51,5.61,4711289,29130118.000
2007-07-19,5.60,5.74,5.48,5.73,4928376,30778862.000
2007-07-20,5.87,6.30,5.87,6.30,14507197,98442824.000
2007-07-23,6.62,6.79,6.45,6.67,23677611,172990128.000
2007-07-24,6.70,6.96,6.49,6.64,13053929,96277256.000
2007-07-25,6.75,6.89,6.57,6.81,8923848,66310624.000
2007-07-26,6.81,7.14,6.81,6.98,9440032,72617048.000
2007-07-27,7.05,7.05,6.80,6.93,9056207,68888152.000
2007-07-30,7.03,7.24,7.03,7.09,9226260,72586424.000
2007-07-31,7.12,7.25,6.89,7.25,9166803,71440816.000
2007-08-01,7.28,7.35,6.58,6.61,9480068,73159768.000
2007-08-02,6.71,6.89,6.55,6.88,6876028,51370908.000
2007-08-03,7.08,7.14,6.74,6.86,7773729,59161572.000
2007-08-06,6.87,7.00,6.65,6.99,8378550,63257540.000
2007-08-07,6.97,6.97,6.75,6.80,5851661,44067504.000
2007-08-08,6.75,6.78,6.45,6.59,5460089,39772088.000
2007-08-09,6.60,6.75,6.56,6.61,3956744,28939272.000
2007-08-10,6.62,6.63,6.21,6.38,6623245,46587080.000
2007-08-13,6.43,6.45,6.21,6.44,5175376,36078972.000
2007-08-14,6.45,6.70,6.35,6.67,4962782,36057056.000
2007-08-15,6.71,6.75,6.27,6.50,4878693,35012580.000
2007-08-16,6.47,6.71,6.38,6.65,4354872,31720718.000
2007-08-17,6.65,6.77,6.62,6.70,6584221,48619544.000
2007-08-20,6.90,6.94,6.80,6.89,7305578,55338288.000
2007-08-21,6.95,6.97,6.81,6.88,6541595,49647008.000
2007-08-22,6.75,7.23,6.73,7.10,10248999,79824336.000
2007-08-23,7.18,7.23,7.03,7.12,6866122,53859280.000
2007-08-24,7.17,7.24,7.02,7.15,7947690,62429080.000
2007-08-27,7.25,7.25,7.03,7.15,7948704,62713064.000
2007-08-28,7.07,7.54,7.07,7.53,16505103,134303616.000
2007-08-29,7.40,7.57,7.17,7.24,8629275,69715920.000
2007-08-30,7.35,7.70,7.25,7.61,10539473,87368592.000
2007-08-31,7.70,7.85,7.46,7.63,11011559,93023144.000
2007-09-03,7.80,7.87,7.66,7.74,9250427,79206160.000
2007-09-04,7.78,7.80,7.42,7.46,9823155,82042520.000
2007-09-05,7.43,7.73,7.38,7.72,9646842,80650280.000
2007-09-06,7.72,7.75,7.52,7.55,8261282,69461064.000
2007-09-07,7.55,7.61,7.27,7.28,8337212,67738184.000
2007-09-10,7.16,7.45,7.04,7.44,7814959,62380152.000
2007-09-11,7.44,7.71,7.15,7.30,14260201,118407776.000
2007-09-12,7.26,7.55,7.07,7.53,14672086,118992328.000
2007-09-13,7.54,7.77,7.43,7.75,14455720,121643168.000
2007-09-14,7.75,8.38,7.72,8.10,31653763,283393280.000
2007-09-17,8.07,8.71,8.01,8.45,17730058,165492176.000
2007-09-18,8.53,8.62,8.15,8.32,10394248,94875832.000
2007-09-19,8.31,8.37,7.95,8.12,7960068,71329856.000
2007-09-20,8.12,8.57,8.07,8.36,10623175,97952760.000
2007-09-21,8.39,9.20,8.28,9.06,23068610,224937392.000
2007-09-24,9.12,9.45,8.91,9.04,15815256,160505952.000
2007-09-25,8.89,9.38,8.81,9.13,9528125,96113224.000
2007-09-26,9.10,9.53,8.95,9.22,9507853,97387808.000
2007-09-27,9.14,9.35,8.94,8.98,6346922,63636988.000
2007-09-28,8.94,9.35,8.84,9.11,9618264,96162280.000
2007-10-08,9.22,9.57,9.21,9.25,8252484,85292128.000
2007-10-09,9.12,9.15,8.89,9.02,5438178,53966972.000
2007-10-10,8.98,9.14,8.52,8.64,8882634,85091200.000
2007-10-11,8.64,8.88,8.35,8.39,4128029,38942400.000
2007-10-12,8.37,8.39,7.55,7.99,6941689,60672980.000
2007-10-15,7.82,8.21,7.82,7.95,3599946,31842082.000
2007-10-16,7.95,8.14,7.75,7.98,2884474,25257414.000
2007-10-17,7.97,8.05,7.75,7.76,3942611,34144524.000
2007-10-18,7.82,7.85,7.26,7.38,5367090,44318300.000
2007-10-19,7.39,7.69,7.37,7.61,2829030,23476668.000
2007-10-22,7.58,7.58,7.16,7.27,3249678,26223572.000
2007-10-23,7.25,7.42,7.03,7.29,2023789,16079521.000
2007-10-24,7.38,7.38,6.65,6.68,4462053,34255384.000
2007-10-25,6.62,6.68,6.05,6.05,4360333,30254544.000
2007-10-26,6.05,6.30,5.94,6.19,2372307,16074112.000
2007-10-29,6.25,6.30,5.95,6.27,1996836,13513507.000
2007-10-30,6.27,6.59,6.11,6.53,3043794,21498528.000
2007-10-31,6.53,6.78,6.45,6.72,2593149,19092112.000
2007-11-01,6.72,6.75,6.39,6.46,1859400,13351883.000
2007-11-02,6.16,6.25,5.95,6.14,6424467,43107528.000
2007-11-05,6.06,6.37,5.98,6.34,4507657,30991320.000
2007-11-06,6.33,6.59,6.24,6.37,3220078,22917172.000
2007-11-07,6.44,6.49,6.21,6.36,1599786,11130212.000
2007-11-08,6.25,6.39,6.08,6.28,2678343,18483646.000
2007-11-09,6.21,6.27,6.03,6.18,1475915,10015569.000
2007-11-12,6.16,6.40,6.12,6.39,2630781,18186384.000
2007-11-13,6.39,6.48,6.27,6.41,2353284,16601759.000
2007-11-14,6.48,6.69,6.45,6.60,3853835,28012172.000
2007-11-15,6.60,6.60,6.42,6.45,1660693,11869546.000
2007-11-16,6.36,6.62,6.30,6.60,1838840,13113967.000
2007-11-19,6.60,6.77,6.54,6.72,2875482,21230700.000
2007-11-20,6.66,6.84,6.65,6.69,2819791,20945402.000
2007-11-21,6.71,6.78,6.49,6.52,2140676,15642900.000
2007-11-22,6.45,6.50,6.24,6.27,1789200,12544177.000
2007-11-23,6.15,6.33,6.06,6.30,2164202,14741769.000
2007-11-26,6.35,6.50,6.17,6.19,1883400,13219364.000
2007-11-27,6.15,6.43,6.11,6.25,1123105,7753893.000
2007-11-28,6.28,6.47,6.23,6.33,2027368,14151291.000
2007-11-29,6.36,6.57,6.36,6.51,2551399,18262016.000
2007-11-30,6.51,6.89,6.33,6.81,7158046,52638404.000
2007-12-03,6.77,7.02,6.71,6.96,9858920,75136136.000
2007-12-04,6.96,6.96,6.65,6.70,5560399,41300544.000
2007-12-05,6.70,6.80,6.55,6.75,5670043,41627648.000
2007-12-06,6.70,6.78,6.62,6.73,2647955,19581112.000
2007-12-07,6.77,6.86,6.60,6.84,4148417,30737288.000
2007-12-10,6.72,7.02,6.66,6.99,6989572,53009576.000
2007-12-11,6.98,7.09,6.87,7.05,5293998,40781528.000
2007-12-12,6.98,7.16,6.95,7.11,4031853,31498568.000
2007-12-13,7.08,7.25,6.78,6.80,5292072,41157320.000
2007-12-14,6.73,6.93,6.58,6.92,3293539,24595084.000
2007-12-17,6.91,7.21,6.80,7.14,6001448,46943320.000
2007-12-18,7.01,7.18,6.93,6.99,2421118,18788370.000
2007-12-19,7.04,7.20,6.99,7.15,3995637,31249692.000
2007-12-20,7.15,7.31,7.10,7.25,5008819,39954264.000
2007-12-21,7.24,7.45,7.16,7.45,6376893,51423600.000
2007-12-24,7.46,7.61,7.38,7.46,7040038,58022404.000
2007-12-25,7.59,8.12,7.59,7.93,18571358,160871696.000
2007-12-26,7.85,7.95,7.76,7.95,6946846,60264556.000
2007-12-27,8.00,8.02,7.83,7.84,7091065,61818656.000
2007-12-28,7.87,7.87,7.57,7.60,7601340,64208236.000
2008-01-02,7.63,7.88,7.59,7.78,5289031,45239564.000
2008-01-03,7.80,8.25,7.72,8.19,8101501,71826192.000
2008-01-04,8.19,8.19,7.95,8.04,4590273,40685584.000
2008-01-07,8.02,8.39,7.94,8.28,6730867,60717720.000
2008-01-08,8.28,8.38,7.75,7.88,5966381,53099652.000
2008-01-09,7.83,8.32,7.75,8.29,7891428,70377736.000
2008-01-10,8.33,8.49,8.07,8.15,7448415,68306944.000
2008-01-11,8.15,8.15,7.85,8.05,4638128,40798200.000
2008-01-14,8.05,8.25,7.89,8.11,4536309,40511776.000
2008-01-15,8.08,8.45,8.08,8.40,7458775,67999552.000
2008-01-16,8.27,8.78,8.25,8.62,14131210,133361792.000
2008-01-17,8.57,8.85,8.05,8.43,11298655,106253360.000
2008-01-18,8.49,8.78,8.35,8.56,8157794,77379016.000
2008-01-21,8.64,8.98,8.35,8.52,9666829,92757416.000
2008-01-22,8.34,8.34,7.66,7.66,6957314,59933752.000
2008-01-23,7.66,8.27,7.38,8.11,10322566,88071816.000
2008-01-24,8.05,8.92,7.91,8.81,15745774,148687024.000
2008-01-25,8.79,8.97,8.48,8.54,10559137,101176968.000
2008-01-28,8.53,8.53,7.68,7.68,6580900,57365200.000
2008-01-29,7.64,7.95,7.53,7.80,4224467,36044600.000
2008-01-30,7.94,8.03,7.35,7.56,5832445,49317632.000
2008-01-31,7.57,7.64,7.05,7.08,5464660,44246860.000
2008-02-01,7.08,7.23,6.37,6.57,6096499,44569464.000
2008-02-04,6.85,7.24,6.68,7.24,4780303,36929368.000
2008-02-05,7.25,7.89,7.07,7.81,8300402,69403584.000
2008-02-13,7.75,7.75,7.44,7.70,7479881,62868328.000
2008-02-14,7.89,8.03,7.75,7.84,6988779,60620292.000
2008-02-15,7.76,7.76,7.53,7.72,3263543,27546708.000
2008-02-18,7.84,8.21,7.72,8.04,6469485,57011628.000
2008-02-19,8.07,8.12,7.89,8.06,5002486,44195612.000
2008-02-20,8.12,8.33,7.98,8.09,7519450,67745656.000
2008-02-21,7.98,8.37,7.94,8.35,8339211,75555552.000
2008-02-22,8.35,8.42,7.81,7.97,7356711,65937868.000
2008-02-25,7.92,8.07,7.58,7.65,4861893,41944652.000
2008-02-26,7.89,7.98,7.35,7.67,3658841,30981060.000
2008-02-28,7.94,8.45,7.94,8.45,8144011,75380536.000
2008-02-29,8.60,9.29,8.53,9.29,48122869,479627520.000
2008-03-03,9.53,10.22,9.53,10.22,49541585,546037504.000
2008-03-04,10.36,11.25,10.36,11.25,47146131,568912768.000
2008-03-05,11.42,12.37,10.75,12.37,58961314,741187776.000
2008-03-07,11.80,12.06,11.14,11.14,41550283,522226208.000
2008-03-10,10.75,11.74,10.40,11.05,34848112,422706624.000
2008-03-11,10.62,11.69,10.45,11.51,32852291,401016480.000
2008-03-12,11.51,12.05,10.94,11.05,28498376,363116416.000
2008-03-13,10.64,10.89,9.94,10.03,23457614,265639152.000
2008-03-14,9.79,10.54,9.73,10.19,19673296,221203120.000
2008-03-17,9.98,10.44,9.17,9.35,23417538,253430336.000
2008-03-18,9.16,9.98,8.95,9.95,34235067,358333952.000
2008-03-19,9.98,10.95,9.89,10.95,47780087,560834816.000
2008-03-20,10.85,12.05,10.51,11.88,51897493,649195968.000
2008-03-21,12.06,12.34,11.16,11.33,40175801,519158656.000
2008-03-24,11.60,12.21,11.33,11.56,31844491,412116032.000
2008-03-25,11.25,11.52,10.58,11.15,24157763,294599040.000
2008-03-26,11.15,11.36,10.44,10.65,18737149,222279168.000
2008-03-27,10.71,10.90,9.76,9.80,20949986,236558368.000
2008-03-28,9.43,10.24,8.82,10.22,28048697,294719520.000
2008-03-31,9.53,10.10,9.19,9.19,19028369,200692064.000
2008-04-01,9.22,9.60,8.27,8.38,18601661,178359280.000
2008-04-02,8.40,8.66,7.55,7.77,20752942,182716192.000
2008-04-03,7.41,8.34,7.09,8.07,21402473,183163264.000
2008-04-07,7.80,8.71,7.62,8.50,22401309,204039712.000
2008-04-08,8.16,8.95,8.05,8.65,34711424,323097216.000
2008-04-09,8.37,8.66,7.79,7.79,18186112,165842864.000
2008-04-10,7.34,7.86,7.26,7.71,20337618,170615104.000
2008-04-11,7.69,8.30,7.58,8.02,21770728,191292304.000
2008-04-14,7.66,7.82,7.22,7.22,13405110,109857512.000
2008-04-15,7.07,7.95,7.07,7.95,18040416,150778032.000
2008-04-16,8.00,8.15,7.61,7.65,17881873,155778928.000
2008-04-17,7.70,7.85,7.15,7.44,9950094,82304024.000
2008-04-18,7.25,7.44,6.69,6.71,10971890,84547232.000
2008-04-21,7.22,7.23,6.05,6.19,13674366,99916632.000
2008-04-22,5.98,5.98,5.57,5.71,12135038,76148192.000
2008-04-23,5.14,6.04,5.14,5.84,16007504,101299912.000
2008-04-25,6.41,6.42,6.12,6.42,27871460,194403440.000
2008-04-28,6.43,7.06,6.28,7.05,30107078,223686576.000
2008-04-29,6.98,7.11,6.35,6.82,21025510,158637984.000
2008-04-30,6.80,7.08,6.66,6.95,20248538,153542416.000
2008-05-05,6.95,7.44,6.85,7.27,17987796,142901280.000
2008-05-06,7.25,7.98,6.90,7.65,25505816,210723808.000
2008-05-07,7.47,7.67,6.98,7.00,20722157,169622272.000
2008-05-08,6.80,7.25,6.66,7.24,13262372,102726704.000
2008-05-09,7.25,7.35,6.71,7.15,14998923,117401824.000
2008-05-12,7.14,7.51,6.85,7.35,19013038,152800544.000
2008-05-13,7.03,8.05,6.89,7.88,34961097,298959424.000
2008-05-14,7.89,8.06,7.45,7.77,22772773,194318544.000
2008-05-15,7.72,7.93,7.55,7.58,14727533,125668040.000
2008-05-16,7.75,7.93,7.49,7.72,12420319,105945856.000
2008-05-19,7.62,7.68,7.26,7.51,7649550,63259256.000
2008-05-20,7.44,7.82,6.75,6.86,11553919,93859072.000
2008-05-21,6.64,7.07,6.26,6.95,12999864,94595120.000
2008-05-22,6.74,7.12,6.54,6.72,9876946,74395800.000
2008-05-23,6.62,6.82,6.33,6.62,8850066,63917192.000
2008-05-26,6.62,6.62,6.16,6.22,7803652,54551092.000
2008-05-27,6.20,6.40,6.17,6.38,5482476,38155892.000
2008-05-28,6.45,6.89,6.30,6.74,13114688,95004992.000
2008-05-29,6.62,6.64,6.39,6.42,8133268,58477712.000
2008-05-30,6.42,6.57,6.34,6.52,6120772,43516284.000
2008-06-02,6.48,6.51,6.25,6.43,5089461,35876880.000
2008-06-03,6.45,6.48,6.29,6.37,4298718,30214798.000
2008-06-04,6.40,6.44,6.07,6.16,4981414,34026608.000
2008-06-05,6.15,6.21,5.98,5.99,3410658,22772872.000
2008-06-06,5.98,6.07,5.85,5.97,2947609,19359596.000
2008-06-10,5.71,5.72,5.37,5.37,3875991,23314156.000
2008-06-11,5.16,5.37,4.98,5.27,5784779,32884296.000
2008-06-12,5.23,5.43,5.10,5.30,4821629,28057580.000
2008-06-13,5.32,5.39,4.77,4.79,4819220,26554700.000
2008-06-16,4.74,4.87,4.39,4.53,4640697,23363602.000
2008-06-17,4.53,4.59,4.24,4.43,6917946,33319804.000
2008-06-18,4.44,4.87,4.39,4.87,11589931,59369564.000
2008-06-19,4.96,5.36,4.88,5.05,28753986,164266000.000
2008-06-20,5.05,5.53,4.56,5.21,23205009,132885688.000
2008-06-23,5.33,5.41,4.94,5.06,10877582,61764660.000
2008-06-24,5.05,5.25,4.78,5.17,10500461,58789100.000
2008-06-25,5.06,5.52,5.03,5.38,14154280,83614840.000
2008-06-26,5.35,5.55,5.25,5.37,14637533,87611528.000
2008-06-27,5.21,5.30,4.84,4.84,12416913,68137808.000
2008-06-30,4.75,4.96,4.50,4.65,7175537,37000964.000
2008-07-01,4.62,4.70,4.38,4.50,5321423,26492796.000
2008-07-02,4.51,4.73,4.45,4.57,5598448,28390360.000
2008-07-03,4.50,5.04,4.39,5.04,12669016,67350520.000
2008-07-04,5.17,5.35,5.06,5.16,19292970,111241200.000
2008-07-07,5.23,5.58,5.05,5.52,17704794,104486296.000
2008-07-08,5.50,5.56,5.25,5.47,16293888,97054480.000
2008-07-09,5.46,5.70,5.40,5.56,15231581,93369488.000
2008-07-10,5.56,5.82,5.25,5.26,14794633,91486752.000
2008-07-11,5.21,5.79,5.20,5.66,24182940,149981632.000
2008-07-14,5.44,5.64,5.38,5.56,18970710,115468320.000
2008-07-15,5.61,6.07,5.45,5.75,26113489,166563872.000
2008-07-16,5.62,5.73,5.17,5.18,19816287,117369088.000
2008-07-17,5.25,5.40,4.99,5.05,11316530,64769416.000
2008-07-18,5.05,5.20,4.71,5.15,10066237,54962320.000
2008-07-21,5.04,5.35,4.98,5.30,9965760,57379504.000
2008-07-22,5.31,5.62,5.24,5.51,12989367,78135216.000
2008-07-23,5.53,5.72,5.40,5.43,13500693,82927048.000
2008-07-24,5.44,5.89,5.44,5.70,17965415,112151232.000
2008-07-25,5.60,5.75,5.54,5.60,13770894,85427056.000
2008-07-28,5.71,5.85,5.58,5.78,20402083,128727664.000
2008-07-29,5.67,5.71,5.51,5.60,9525777,58930792.000
2008-07-30,5.65,5.76,5.43,5.55,7611191,46868568.000
2008-07-31,5.59,5.59,5.19,5.21,6272576,36877960.000
2008-08-01,5.16,5.35,5.00,5.32,5878332,33662564.000
2008-08-04,5.25,5.33,5.03,5.04,4234099,24174506.000
2008-08-06,4.98,5.07,4.75,4.88,5101354,27454202.000
2008-08-07,4.89,4.95,4.81,4.87,2803813,15085708.000
2008-08-08,4.89,4.93,4.38,4.38,6039842,30585860.000
2008-08-11,4.39,4.48,3.97,4.05,5522027,25499114.000
2008-08-12,3.98,4.10,3.87,4.01,4046839,17796300.000
2008-08-13,3.91,4.05,3.71,3.94,4282292,18319116.000
2008-08-14,3.89,3.98,3.84,3.91,3340325,14458199.000
2008-08-15,3.94,3.96,3.78,3.85,2690568,11530918.000
2008-08-18,3.89,3.89,3.46,3.46,3329160,13362773.000
2008-08-19,3.39,3.57,3.28,3.47,2967431,11299874.000
2008-08-20,3.47,3.79,3.38,3.78,6022214,24441188.000
2008-08-21,3.71,3.80,3.51,3.54,5037465,20304232.000
2008-08-25,3.44,3.89,3.40,3.89,13546516,56717044.000
2008-08-26,3.85,3.85,3.50,3.50,10571689,42604772.000
2008-08-27,3.44,3.85,3.35,3.75,10734596,43862772.000
2008-08-28,3.81,3.84,3.63,3.67,6366974,26196620.000
2008-08-29,3.67,3.85,3.65,3.75,5876039,24320036.000
2008-09-01,3.69,3.75,3.52,3.57,4591766,18255332.000
2008-09-02,3.52,3.71,3.50,3.62,3094281,12429027.000
2008-09-03,3.57,3.98,3.56,3.78,12915280,54705772.000
2008-09-04,3.69,3.87,3.66,3.75,5551074,23178014.000
2008-09-05,3.66,3.75,3.38,3.45,8800438,34668800.000
2008-09-08,3.45,3.51,3.11,3.18,6437390,23143132.000
2008-09-09,3.21,3.30,3.12,3.27,3753699,13369162.000
2008-09-10,3.23,3.36,3.17,3.25,3846381,13940607.000
2008-09-11,3.22,3.30,3.08,3.16,3154868,11073066.000
2008-09-12,3.16,3.24,3.15,3.16,2343515,8282499.000
2008-09-16,3.22,3.22,2.96,2.99,3653324,12356883.000
2008-09-17,3.03,3.07,2.89,3.02,3489738,11455362.000
2008-09-18,2.91,2.98,2.74,2.89,3721186,11887737.000
2008-09-19,3.14,3.18,3.08,3.18,5731060,20015168.000
2008-09-22,3.35,3.49,3.06,3.28,11558352,42217176.000
2008-09-23,3.17,3.20,2.99,3.05,5400220,18461248.000
2008-09-24,2.96,3.07,2.92,3.06,3634867,12074904.000
2008-09-25,3.07,3.22,3.03,3.14,7600056,26436940.000
2008-09-26,3.15,3.19,3.00,3.07,5186878,17663616.000
2008-10-06,3.05,3.12,2.94,3.02,4191208,14076338.000
2008-10-07,2.95,3.07,2.85,3.02,3167564,10389626.000
2008-10-08,2.94,3.00,2.86,2.90,2763705,8964855.000
2008-10-09,2.98,3.00,2.88,2.90,2616046,8493929.000
2008-10-10,2.74,2.82,2.61,2.61,4246021,12647400.000
2008-10-13,2.59,2.60,2.35,2.59,4681009,12761879.000
2008-10-14,2.65,2.66,2.43,2.45,4797950,13772782.000
2008-10-15,2.43,2.48,2.35,2.40,2862144,7642298.000
2008-10-16,2.32,2.32,2.17,2.18,3627790,9033771.000
2008-10-17,2.19,2.24,2.14,2.20,2516916,6130566.000
2008-10-20,2.17,2.34,2.16,2.32,3218064,8093022.000
2008-10-21,2.33,2.38,2.26,2.29,3377657,8723513.000
2008-10-22,2.21,2.36,2.21,2.26,2546450,6465317.000
2008-10-23,2.21,2.45,2.21,2.39,7001001,18467084.000
2008-10-24,2.37,2.45,2.32,2.34,5432015,14340356.000
2008-10-27,2.27,2.33,2.10,2.10,3890661,9373280.000
2008-10-28,2.01,2.19,1.99,2.16,4271138,9906552.000
2008-10-29,2.16,2.16,1.98,1.99,3570181,8228473.000
2008-10-30,2.01,2.11,1.97,2.04,2749623,6238315.000
2008-10-31,2.00,2.05,1.95,1.97,2065453,4574121.000
2008-11-03,1.98,2.02,1.95,1.97,1988431,4370266.000
2008-11-04,1.95,1.97,1.84,1.90,3393143,7124663.000
2008-11-05,1.86,2.02,1.86,1.99,4192523,9139602.000
2008-11-06,1.94,1.98,1.90,1.94,2166746,4634407.000
2008-11-07,1.89,2.06,1.88,2.03,5604386,12472537.000
2008-11-10,2.05,2.18,2.03,2.16,6931752,16355748.000
2008-11-11,2.15,2.30,2.10,2.21,10489474,25338630.000
2008-11-12,2.15,2.30,2.13,2.27,6770424,16666860.000
2008-11-13,2.25,2.46,2.22,2.41,12063001,31709180.000
2008-11-14,2.42,2.52,2.34,2.47,11440771,30777076.000
2008-11-18,2.62,2.72,2.59,2.72,34365131,103119912.000
2008-11-19,2.68,2.98,2.53,2.90,35263537,105807832.000
2008-11-20,2.80,2.96,2.70,2.80,20745040,64831844.000
2008-11-21,2.70,2.76,2.53,2.65,12756144,37502452.000
2008-11-24,2.62,2.75,2.44,2.45,9545697,27800260.000
2008-11-25,2.53,2.56,2.32,2.43,6815201,18311578.000
2008-11-26,2.43,2.47,2.37,2.44,4108725,11082395.000
2008-11-27,2.60,2.65,2.44,2.45,7626029,21444214.000
2008-11-28,2.38,2.51,2.37,2.46,5134071,13955829.000
2008-12-01,2.42,2.63,2.40,2.62,9555189,27075104.000
2008-12-02,2.57,2.88,2.51,2.88,30087154,94296368.000
2008-12-03,2.88,3.01,2.72,2.95,29132141,93127936.000
2008-12-04,2.91,3.05,2.85,2.86,21486419,70226592.000
2008-12-05,2.83,2.96,2.78,2.91,13048514,41488324.000
2008-12-08,2.95,3.15,2.88,3.11,18494820,61708352.000
2008-12-09,3.06,3.20,2.94,2.95,16284821,55239352.000
2008-12-10,2.88,3.03,2.86,3.02,9387756,30771860.000
2008-12-11,3.02,3.14,2.92,2.93,10120063,34021592.000
2008-12-12,2.90,2.95,2.66,2.70,8747406,26967378.000
2008-12-15,2.85,2.97,2.75,2.85,9827090,31334104.000
2008-12-16,2.85,3.15,2.80,3.15,17654483,58335848.000
2008-12-17,3.25,3.29,3.05,3.11,22018801,77308224.000
2008-12-18,3.03,3.11,2.99,3.10,10382161,35119848.000
2008-12-19,3.10,3.21,2.99,3.08,10242447,35465344.000
2008-12-22,3.04,3.09,2.94,3.02,7579376,25268436.000
2008-12-23,3.02,3.15,2.98,3.00,11380142,38468840.000
2008-12-24,2.93,2.93,2.73,2.80,8279639,25741312.000
2008-12-25,2.82,2.84,2.68,2.79,5298688,16185402.000
2008-12-26,2.75,2.93,2.75,2.80,5528686,17410068.000
2008-12-29,2.89,2.98,2.79,2.85,5423303,17174748.000
2008-12-30,2.84,3.05,2.80,2.93,11244869,36732796.000
2008-12-31,2.93,2.93,2.75,2.76,5609596,17402392.000
2009-01-05,2.78,2.85,2.76,2.84,4285943,13337998.000
2009-01-06,2.85,2.98,2.80,2.95,8133415,26154284.000
2009-01-07,2.97,3.05,2.95,3.02,12938702,42966276.000
2009-01-08,2.94,2.95,2.83,2.85,6893846,22005888.000
2009-01-09,2.83,2.95,2.83,2.94,5611923,17931912.000
2009-01-12,2.95,3.03,2.93,2.95,7411441,24366612.000
2009-01-13,2.93,3.02,2.85,2.95,7923559,25740984.000
2009-01-14,2.94,3.05,2.89,3.04,11731403,39079016.000
2009-01-15,3.00,3.20,2.99,3.05,14690018,50304300.000
2009-01-16,3.05,3.15,3.03,3.05,10822104,37074760.000
2009-01-19,3.05,3.10,2.95,3.00,8280474,27557944.000
2009-01-20,2.95,3.05,2.92,3.02,5729397,18839256.000
2009-01-21,2.97,3.02,2.95,2.95,4309405,14221461.000
2009-01-22,2.98,3.06,2.98,3.00,5378522,17931376.000
2009-01-23,3.03,3.24,2.95,3.16,15399432,52876104.000
2009-02-02,3.24,3.48,3.18,3.48,24906543,92594080.000
2009-02-03,3.55,3.84,3.46,3.79,37480748,154330992.000
2009-02-04,3.41,3.84,3.41,3.75,22278923,91169256.000
2009-02-05,3.71,3.73,3.55,3.60,23473062,94013728.000
2009-02-06,3.61,3.74,3.60,3.70,17981236,73058512.000
2009-02-09,3.72,3.88,3.63,3.82,23337181,97099304.000
2009-02-10,3.82,3.85,3.68,3.84,18791410,78001712.000
2009-02-11,3.76,4.03,3.71,3.99,26040405,112538816.000
2009-02-12,3.95,4.35,3.95,4.10,25585888,117340352.000
2009-02-13,4.07,4.18,3.97,4.15,19217435,86859952.000
2009-02-16,4.15,4.20,4.02,4.19,17358845,78811568.000
2009-02-17,4.22,4.42,4.22,4.24,26175776,124849400.000
2009-02-18,4.19,4.19,3.81,3.86,15710804,70004472.000
2009-02-19,3.84,4.11,3.83,4.00,13205751,58260896.000
2009-02-20,4.01,4.08,3.94,4.07,10364482,45929840.000
2009-02-23,4.13,4.27,4.05,4.23,13634850,62974508.000
2009-02-24,4.18,4.22,3.94,3.95,13957277,62565448.000
2009-02-25,3.95,4.03,3.80,3.95,9016889,39092476.000
2009-02-26,3.97,3.97,3.55,3.62,9105582,38070968.000
2009-02-27,3.60,3.60,3.26,3.27,7877077,29342476.000
2009-03-02,3.33,3.60,3.31,3.60,10725330,41641988.000
2009-03-03,3.56,3.78,3.44,3.64,13610235,55221796.000
2009-03-04,3.66,3.85,3.66,3.83,12342438,51239548.000
2009-03-05,3.87,3.91,3.69,3.83,12799330,53910272.000
2009-03-06,3.80,3.94,3.73,3.86,10731995,45979640.000
2009-03-09,3.82,3.91,3.62,3.63,7649304,31666090.000
2009-03-10,3.54,3.71,3.48,3.71,4395481,17519848.000
2009-03-11,3.76,3.80,3.63,3.67,4755590,19446692.000
2009-03-12,3.69,3.77,3.55,3.70,4590342,18559096.000
2009-03-13,3.71,3.75,3.62,3.63,4122446,16686209.000
2009-03-16,3.66,3.67,3.53,3.65,2924243,11648710.000
2009-03-17,3.65,3.80,3.57,3.79,7474296,30715944.000
2009-03-18,3.82,3.92,3.79,3.85,9720553,41486720.000
2009-03-19,3.85,3.95,3.81,3.95,10395805,44581392.000
2009-03-20,3.95,3.96,3.79,3.85,7964191,33991000.000
2009-03-23,3.86,4.00,3.86,3.95,10113949,44207096.000
2009-03-24,4.04,4.05,3.90,3.96,9530274,41769108.000
2009-03-25,3.95,4.00,3.80,3.81,7920765,34386216.000
2009-03-26,3.81,3.88,3.75,3.87,6750053,28529396.000
2009-03-27,3.89,4.06,3.83,3.98,12744397,55726456.000
2009-03-30,4.10,4.38,3.96,4.35,26002131,120255336.000
2009-03-31,4.30,4.76,4.21,4.46,42010896,209866512.000
2009-04-01,4.45,4.65,4.27,4.50,24546792,121610800.000
2009-04-02,4.51,4.68,4.39,4.40,17984366,89289096.000
2009-04-03,4.40,4.45,4.17,4.23,13927892,65609928.000
2009-04-07,4.29,4.37,4.24,4.33,8333762,39481120.000
2009-04-08,4.31,4.31,4.03,4.06,9379555,43163280.000
2009-04-09,4.03,4.15,3.98,4.15,6821033,30587016.000
2009-04-10,4.15,4.24,4.08,4.23,7944054,36780028.000
2009-04-13,4.25,4.30,4.18,4.28,10910811,50846888.000
2009-04-14,4.25,4.68,4.19,4.67,30658183,151520624.000
2009-04-15,4.64,4.65,4.39,4.60,28381549,142081632.000
2009-04-16,4.61,4.61,4.39,4.47,14356353,70997280.000
2009-04-17,4.46,4.46,4.32,4.36,8719874,42187340.000
2009-04-21,4.50,4.80,4.44,4.80,23180765,120932664.000
2009-04-22,4.98,5.05,4.40,4.55,38904170,208178000.000
2009-04-23,4.35,4.56,4.25,4.49,14154436,68742840.000
2009-04-24,4.45,4.69,4.35,4.62,15005391,74771568.000
2009-04-27,4.77,4.96,4.66,4.88,36556801,194634512.000
2009-04-28,4.94,5.32,4.66,5.28,47687087,265424848.000
2009-04-29,5.15,5.34,4.90,5.08,31447239,176990576.000
2009-04-30,5.11,5.25,4.98,5.12,23653130,133394888.000
2009-05-04,5.15,5.22,5.05,5.18,21346477,121270832.000
2009-05-05,5.15,5.18,4.98,5.05,20602687,115094720.000
2009-05-06,4.99,5.15,4.98,5.10,17522990,98178992.000
2009-05-07,5.11,5.51,5.03,5.41,38263704,224942864.000
2009-05-08,5.29,5.53,5.23,5.33,26300712,155760320.000
2009-05-11,5.35,5.42,5.07,5.11,18834262,109083120.000
2009-05-12,4.99,5.28,4.99,5.25,11586012,65758092.000
2009-05-13,5.25,5.25,5.08,5.14,13257655,75391808.000
2009-05-14,5.19,5.65,5.19,5.65,39992431,243699488.000
2009-05-15,5.71,6.22,5.62,6.22,64215654,430068896.000
2009-05-18,5.90,6.21,5.73,6.02,34665019,229965792.000
2009-05-19,6.01,6.55,5.85,6.21,38856225,269794912.000
2009-05-20,6.11,6.22,5.96,6.06,19622756,131647872.000
2009-05-21,5.98,6.05,5.71,5.82,18594655,119835168.000
2009-05-22,5.72,5.93,5.72,5.84,9773129,62964688.000
2009-05-25,5.62,5.96,5.53,5.92,12298519,77708472.000
2009-05-26,5.87,5.92,5.79,5.80,10537908,67980176.000
2009-05-27,5.85,5.86,5.69,5.72,7969146,50471288.000
2009-06-01,5.74,5.80,5.67,5.79,8629270,54769316.000
2009-06-02,5.82,6.30,5.73,6.05,23118296,154258064.000
2009-06-03,6.05,6.05,5.90,6.01,10008252,66000604.000
2009-06-04,5.99,6.25,5.90,6.07,14745194,98847312.000
2009-06-05,6.05,6.06,5.89,5.90,10372599,68068608.000
2009-06-08,5.87,5.99,5.80,5.84,6850201,44544796.000
2009-06-09,5.80,5.87,5.59,5.82,8918515,56349636.000
2009-06-10,5.85,5.89,5.72,5.85,6335804,40538336.000
2009-06-11,5.83,6.01,5.75,5.93,11819345,77141112.000
2009-06-12,5.89,6.21,5.85,6.07,23713994,158316736.000
2009-06-15,6.10,6.16,5.95,6.15,14136003,94465184.000
2009-06-16,6.13,6.13,5.94,5.98,10875221,72285512.000
2009-06-17,5.94,6.29,5.94,6.15,18591491,126536352.000
2009-06-18,6.12,6.46,6.03,6.41,28496709,198740320.000
2009-06-19,6.42,6.62,6.19,6.24,26161196,184875696.000
2009-06-22,6.16,6.16,5.93,5.98,17079652,113100144.000
2009-06-23,5.91,5.93,5.79,5.92,10265682,66510512.000
2009-06-24,5.94,6.01,5.89,5.95,7514756,49187888.000
2009-06-25,5.95,5.95,5.83,5.85,8339028,53901496.000
2009-06-26,5.85,5.91,5.78,5.84,6782990,43538608.000
2009-06-29,5.84,5.90,5.82,5.89,6272161,40578336.000
2009-06-30,5.91,6.24,5.85,6.16,22125307,148795904.000
2009-07-01,6.16,6.16,6.01,6.13,11112879,74270176.000
2009-07-02,6.14,6.21,5.98,6.06,11358613,75617744.000
2009-07-03,6.03,6.03,5.89,5.96,9564466,62748184.000
2009-07-06,5.94,6.01,5.85,5.96,8438929,55103784.000
2009-07-07,5.97,6.04,5.88,5.95,8653968,56930008.000
2009-07-08,5.91,5.95,5.84,5.92,7645128,49735476.000
2009-07-09,5.95,6.21,5.94,6.13,17063401,114494344.000
2009-07-10,6.13,6.21,6.02,6.11,13315637,89693888.000
2009-07-13,6.11,6.31,6.09,6.19,15498353,106272680.000
2009-07-14,6.22,6.29,6.21,6.24,12808668,88156352.000
2009-07-15,6.28,6.30,6.18,6.25,12795859,87991336.000
2009-07-16,6.30,6.30,6.12,6.19,11604509,79450816.000
2009-07-17,6.16,6.46,6.15,6.42,24710641,173914720.000
2009-07-20,6.39,6.59,6.39,6.47,18158168,129842168.000
2009-07-21,6.48,6.80,6.34,6.35,22729997,164875632.000
2009-07-22,6.26,6.40,6.24,6.39,12801018,89254424.000
2009-07-23,6.40,6.42,6.25,6.34,9009398,62715104.000
2009-07-24,6.35,6.70,6.34,6.66,30442788,220408336.000
2009-07-27,6.71,7.19,6.66,6.95,34582203,261790064.000
2009-07-28,6.84,7.15,6.73,7.11,21110919,161865328.000
2009-07-29,7.11,7.17,6.41,6.80,26862299,204927568.000
2009-07-30,7.03,7.48,6.95,7.42,42544004,340539072.000
2009-07-31,7.28,7.60,7.19,7.51,26728219,218650720.000
2009-08-03,7.57,7.86,7.55,7.70,24890916,211571968.000
2009-08-04,7.62,7.85,7.45,7.78,20909557,176479648.000
2009-08-05,7.78,7.93,7.59,7.91,19892801,170668368.000
2009-08-06,7.75,7.90,7.43,7.71,15178757,128845232.000
2009-08-07,7.64,7.82,7.07,7.13,15336902,126281768.000
2009-08-10,7.25,7.36,7.09,7.23,9782913,77978448.000
2009-08-11,7.23,7.34,7.02,7.28,7081419,56117208.000
2009-08-12,7.25,7.25,6.63,6.88,8322656,64011424.000
2009-08-13,6.98,7.55,6.98,7.40,23721694,190317424.000
2009-08-14,7.25,7.25,6.79,6.81,11503432,89107872.000
2009-08-17,6.53,6.79,6.44,6.51,8365168,60737732.000
2009-08-18,6.53,6.68,6.35,6.63,5257767,37948192.000
2009-08-19,6.62,6.70,6.06,6.31,7535046,53332460.000
2009-08-20,6.34,6.55,6.22,6.54,6359852,45075360.000
2009-08-21,6.51,6.80,6.41,6.72,8016627,58212196.000
2009-08-24,6.63,6.85,6.63,6.78,7584894,56383364.000
2009-08-25,6.69,7.13,6.35,6.91,13548161,99721920.000
2009-08-26,6.79,7.20,6.70,7.07,12454660,96821272.000
2009-08-27,7.11,7.49,6.98,7.13,13849042,110681752.000
2009-08-28,7.07,7.14,6.63,6.65,9038451,67758128.000
2009-08-31,6.59,6.59,6.17,6.25,7808144,55234928.000
2009-09-01,6.14,6.43,6.14,6.25,5010848,34946360.000
2009-09-02,6.26,6.41,6.21,6.32,2670528,18575028.000
2009-09-03,6.33,6.61,6.27,6.55,5641509,40444436.000
2009-09-04,6.55,6.80,6.50,6.65,9370413,69027360.000
2009-09-07,6.72,7.05,6.63,6.90,17891827,136554128.000
2009-09-08,6.78,6.86,6.67,6.85,8906817,66427116.000
2009-09-09,6.85,7.17,6.75,6.97,15769316,122018576.000
2009-09-10,6.93,7.01,6.66,6.75,7499376,56349952.000
2009-09-11,6.75,7.14,6.71,7.05,16960243,131433240.000
2009-09-14,7.05,7.44,6.99,7.18,18910278,150469520.000
2009-09-15,7.12,7.19,7.00,7.15,12796213,100297608.000
2009-09-16,7.09,7.49,6.90,7.34,18967160,151782592.000
2009-09-17,7.28,7.44,7.22,7.37,20362058,165215712.000
2009-09-18,7.32,7.65,7.13,7.60,27977854,228604912.000
2009-09-21,7.65,7.80,7.48,7.77,37264566,314348960.000
2009-09-22,7.76,7.76,7.28,7.39,21222600,175546128.000
2009-09-23,7.29,7.43,6.88,6.92,13013083,101481096.000
2009-09-24,6.92,7.07,6.57,6.74,9524749,71688784.000
2009-09-25,6.78,6.84,6.50,6.56,8425043,61705800.000
2009-09-28,6.56,6.84,6.56,6.63,9051517,67058756.000
2009-09-29,6.62,6.69,6.22,6.35,6729993,47495748.000
2009-09-30,6.44,6.55,6.35,6.35,4054938,28724074.000
2009-10-09,6.37,6.68,6.37,6.66,5142319,37359472.000
2009-10-12,6.65,7.02,6.59,6.84,9416577,71058288.000
2009-10-13,6.75,6.94,6.72,6.88,9793575,73881208.000
2009-10-14,6.85,6.94,6.80,6.85,9995197,75786424.000
2009-10-15,6.85,7.11,6.85,7.03,14338713,110505536.000
2009-10-16,6.99,7.06,6.75,7.04,11053579,84327768.000
2009-10-19,6.98,7.14,6.95,7.11,10618496,82734392.000
2009-10-20,7.09,7.15,6.98,7.12,13033515,101441856.000
2009-10-21,7.10,7.10,6.89,6.92,9809132,75888808.000
2009-10-22,6.90,6.90,6.72,6.79,9895565,74176528.000
2009-10-23,6.85,6.97,6.80,6.92,11914893,90339360.000
2009-10-26,6.93,7.23,6.91,7.19,21318093,166545472.000
2009-10-27,7.12,7.15,6.76,6.77,13666305,105357048.000
2009-10-28,6.70,6.80,6.53,6.79,10480900,77153152.000
2009-10-29,6.71,6.96,6.57,6.77,10062019,75800120.000
2009-10-30,6.80,6.92,6.70,6.77,8389580,63114392.000
2009-11-02,6.64,7.07,6.56,7.05,18105857,138739936.000
2009-11-03,7.05,7.23,7.03,7.09,16513312,129161600.000
2009-11-04,7.09,7.40,7.03,7.33,22337782,177198848.000
2009-11-05,7.25,7.32,7.15,7.27,14751698,117877880.000
2009-11-06,7.28,7.39,7.21,7.25,13780576,110577912.000
2009-11-09,7.24,7.25,7.08,7.18,10281509,81067008.000
2009-11-10,7.21,7.39,7.14,7.28,17018811,137199488.000
2009-11-11,7.25,7.35,7.10,7.33,11275644,89410112.000
2009-11-12,7.35,7.46,7.28,7.29,17057945,138800448.000
2009-11-13,7.28,7.51,7.10,7.49,18956140,153293008.000
2009-11-16,7.50,7.77,7.44,7.70,25645208,216103888.000
2009-11-17,7.80,7.85,7.54,7.63,27313533,231132128.000
2009-11-18,7.58,7.98,7.55,7.84,24833773,212366224.000
2009-11-19,7.78,7.96,7.67,7.88,20035705,172847376.000
2009-11-20,7.87,8.06,7.71,8.04,23765442,207281248.000
2009-11-23,8.04,8.23,7.95,8.12,23885855,212749888.000
2009-11-24,8.14,8.18,7.44,7.55,26911337,233322880.000
2009-11-25,7.48,8.04,7.48,7.97,18307585,155779888.000
2009-11-26,8.11,8.62,8.04,8.13,51753408,472519040.000
2009-11-27,7.98,8.04,7.57,7.60,16586982,141690000.000
2009-11-30,7.62,7.94,7.54,7.89,11913686,101663192.000
2009-12-01,7.83,8.25,7.80,8.25,19315454,171762688.000
2009-12-02,8.18,8.35,8.11,8.32,18376747,167001952.000
2009-12-03,8.30,8.33,8.07,8.25,12548263,113439152.000
2009-12-04,8.25,8.47,7.80,7.94,21770890,196189568.000
2009-12-07,7.94,8.04,7.82,7.98,9992825,87602448.000
2009-12-08,7.99,8.15,7.85,7.97,8995757,78952176.000
2009-12-09,7.85,7.90,7.64,7.67,10046215,85783240.000
2009-12-10,7.70,7.80,7.65,7.76,5336353,45419236.000
2009-12-11,7.77,7.81,7.57,7.62,6831357,57919332.000
2009-12-14,7.65,7.66,7.42,7.62,5881192,48840324.000
2009-12-15,7.62,7.75,7.61,7.67,4689820,39799844.000
2009-12-16,7.67,7.75,7.62,7.65,5376750,45580956.000
2009-12-17,7.65,7.71,7.26,7.27,6869975,56221792.000
2009-12-18,7.25,7.25,6.89,6.95,7178413,55854652.000
2009-12-21,6.99,7.14,6.71,7.13,4356594,33725924.000
2009-12-22,7.14,7.14,6.76,6.85,4365320,33339116.000
2009-12-23,6.80,6.98,6.80,6.97,3322959,25323396.000
2009-12-24,6.98,7.15,6.85,7.14,4780773,37305712.000
2009-12-25,7.14,7.23,7.12,7.17,4454436,35195224.000
2009-12-28,7.16,7.26,7.13,7.23,4837157,38421220.000
2009-12-29,7.25,7.27,7.15,7.25,4363626,34695676.000
2009-12-30,7.26,7.27,7.08,7.16,5847252,46088008.000
2009-12-31,7.16,7.34,7.11,7.29,6141195,48959456.000
2010-01-04,7.31,7.41,7.25,7.28,5474950,44250300.000
2010-01-05,7.25,7.34,7.13,7.34,6237327,49734172.000
2010-01-06,7.34,7.43,7.28,7.32,6374758,51830440.000
2010-01-07,7.28,7.31,6.99,7.05,7815975,61637456.000
2010-01-08,7.05,7.05,6.88,7.00,6174226,47378060.000
2010-01-11,7.03,7.11,6.92,6.96,5085599,39317952.000
2010-01-12,6.98,7.18,6.91,7.18,5978475,46816312.000
2010-01-13,6.88,7.15,6.88,7.06,5418978,42159828.000
2010-01-14,7.05,7.30,7.05,7.28,7047037,55947416.000
2010-01-15,7.28,7.35,7.23,7.34,7692526,61802200.000
2010-01-18,7.35,7.42,7.28,7.41,7222203,58653244.000
2010-01-19,7.42,7.42,7.28,7.37,6099616,49465344.000
2010-01-20,7.39,7.39,6.98,7.05,7455344,59223436.000
2010-01-21,7.03,7.19,7.03,7.11,3569565,27999992.000
2010-01-22,7.07,7.07,6.81,6.95,5251584,40218080.000
2010-01-25,6.94,7.12,6.85,7.09,4403625,34112232.000
2010-01-26,7.06,7.37,6.95,7.28,19197805,153472304.000
2010-01-27,7.20,7.71,7.18,7.51,31351154,259202864.000
2010-01-28,7.47,7.66,7.27,7.64,14256226,116401432.000
2010-01-29,7.51,7.69,7.48,7.51,17241693,144417392.000
2010-02-01,7.49,7.49,6.82,6.92,14458669,114038280.000
2010-02-02,6.89,7.21,6.89,7.06,9745898,75695464.000
2010-02-03,7.06,7.11,6.54,6.98,8315074,62686748.000
2010-02-04,7.01,7.08,6.85,6.97,6608263,50953908.000
2010-02-05,6.80,6.89,6.66,6.75,6676515,49809472.000
2010-02-08,6.69,6.83,6.68,6.75,3269225,24403628.000
2010-02-09,6.75,7.12,6.70,7.06,7385258,56133672.000
2010-02-10,7.05,7.39,7.01,7.37,10131016,80377920.000
2010-02-11,7.30,7.98,7.18,7.78,24845842,207704864.000
2010-02-12,7.69,8.43,7.53,7.55,29057231,248448384.000
2010-02-22,7.45,7.59,7.28,7.40,12558585,102670968.000
2010-02-23,7.39,7.52,7.31,7.51,9101087,74503176.000
2010-02-24,7.47,7.75,7.41,7.69,11605014,97048488.000
2010-02-25,7.68,7.75,7.58,7.65,11667171,98630800.000
2010-02-26,7.62,7.84,7.60,7.77,13272285,113661744.000
2010-03-01,7.80,7.94,7.73,7.76,12927392,111553952.000
2010-03-02,7.80,7.87,7.63,7.75,10661460,90632128.000
2010-03-03,7.78,8.05,7.63,7.95,18499895,160771200.000
2010-03-04,7.92,7.97,7.44,7.50,12631509,107490336.000
2010-03-05,7.54,7.65,7.45,7.51,5978873,49721096.000
2010-03-08,7.52,7.60,7.48,7.59,4079647,33960688.000
2010-03-09,7.59,7.59,7.45,7.50,5191888,42953708.000
2010-03-10,7.48,7.55,7.35,7.40,5226438,42802228.000
2010-03-11,7.40,7.53,7.36,7.48,4720195,38806232.000
2010-03-12,7.40,7.50,7.21,7.23,4342856,35287516.000
2010-03-15,7.23,7.27,7.03,7.10,4015421,31419288.000
2010-03-16,7.10,7.18,7.07,7.17,2853416,22416814.000
2010-03-17,7.21,7.48,7.17,7.45,5034786,40833768.000
2010-03-18,7.45,7.50,7.35,7.40,3626930,29672216.000
2010-03-19,7.38,7.51,7.36,7.50,4314183,35427884.000
2010-03-22,7.47,7.53,7.38,7.51,4983106,40927576.000
2010-03-23,7.49,7.73,7.46,7.60,10883570,91371968.000
2010-03-24,7.57,7.62,7.50,7.51,5265394,43814264.000
2010-03-25,7.51,7.52,7.25,7.27,5682696,46116176.000
2010-03-26,7.30,7.45,7.28,7.41,3062817,24929380.000
2010-03-29,7.43,7.51,7.38,7.46,3479233,28560300.000
2010-03-30,7.47,7.57,7.45,7.55,5173586,42941132.000
2010-03-31,7.53,7.62,7.47,7.53,4829691,40239272.000
2010-04-01,7.54,7.68,7.53,7.65,7177460,60409664.000
2010-04-02,7.69,7.75,7.57,7.69,7047789,59570596.000
2010-04-06,7.70,7.74,7.54,7.65,6817589,57320164.000
2010-04-07,7.65,7.66,7.56,7.61,4914622,41166108.000
2010-04-08,7.61,7.75,7.55,7.75,10203500,86248104.000
2010-04-09,7.71,7.84,7.66,7.76,8978045,76772696.000
2010-04-12,7.75,7.88,7.68,7.80,8564397,73473456.000
2010-04-14,7.71,8.04,7.66,7.98,15041125,131116592.000
2010-04-15,7.95,7.97,7.58,7.70,13682814,117451984.000
2010-04-16,7.71,7.78,7.57,7.65,6538227,55382344.000
2010-04-19,7.62,7.69,7.19,7.21,7473991,61661680.000
2010-04-20,7.17,7.33,7.11,7.22,6415525,50956696.000
2010-04-21,7.22,7.46,7.21,7.43,6964343,56482928.000
2010-04-22,7.45,7.61,7.35,7.47,6763533,55842400.000
2010-04-23,7.48,7.69,7.42,7.55,7580726,63568684.000
2010-04-26,7.55,7.75,7.54,7.66,4958353,41874256.000
2010-04-27,7.69,7.69,7.18,7.38,6092262,49509020.000
2010-04-28,7.32,7.45,7.22,7.41,4955222,40124120.000
2010-04-29,7.42,7.55,7.27,7.34,5557642,45632164.000
2010-04-30,7.30,7.31,6.63,6.74,6592818,49802592.000
2010-05-04,6.62,6.86,6.56,6.75,2309810,17217568.000
2010-05-05,6.74,6.96,6.67,6.94,3387906,25554286.000
2010-05-06,6.95,6.98,6.58,6.64,3808394,28618206.000
2010-05-07,6.37,6.65,6.36,6.39,3492856,25025108.000
2010-05-10,6.36,6.46,6.09,6.28,3615299,25147456.000
2010-05-11,6.36,6.47,6.12,6.17,4414096,30832522.000
2010-05-12,6.16,6.19,5.67,5.92,4562258,29862456.000
2010-05-14,6.02,6.17,5.96,6.02,5681410,38108760.000
2010-05-17,5.98,5.98,5.48,5.50,3839708,24270022.000
2010-05-18,5.48,5.57,5.21,5.56,4453588,26613824.000
2010-05-19,5.52,5.65,5.39,5.51,3514163,21431278.000
2010-05-20,5.46,5.55,5.36,5.41,3096603,18675792.000
2010-05-21,5.15,5.49,5.10,5.49,2881459,16999144.000
2010-05-24,5.50,5.78,5.50,5.77,4124922,25848376.000
2010-05-25,5.75,5.85,5.67,5.72,3902547,24791064.000
2010-05-26,5.70,5.79,5.68,5.77,2043354,12943285.000
2010-05-27,5.77,5.91,5.69,5.90,4084604,26290880.000
2010-05-28,5.92,5.97,5.85,5.89,4080246,26589980.000
2010-05-31,5.85,6.13,5.73,5.80,5989179,39331428.000
2010-06-01,5.73,5.93,5.48,5.91,4649877,29471630.000
2010-06-02,5.95,5.95,5.66,5.91,2537141,16279235.000
2010-06-03,5.94,6.25,5.94,6.02,9235241,62164860.000
2010-06-04,5.95,6.18,5.91,6.07,5769382,38573360.000
2010-06-07,5.90,6.13,5.80,6.01,3723880,24692332.000
2010-06-08,5.95,6.03,5.83,5.90,3866290,25202756.000
2010-06-09,5.94,6.11,5.84,6.09,7021962,46121936.000
2010-06-10,6.05,6.08,5.98,5.99,4153351,27647744.000
2010-06-11,6.04,6.08,5.90,5.91,2673085,17692468.000
2010-06-17,5.94,6.07,5.92,5.95,2302509,15244799.000
2010-06-18,5.90,5.96,5.54,5.55,2958176,18761656.000
2010-06-21,5.53,5.76,5.53,5.71,2100518,13095856.000
2010-06-22,5.66,5.81,5.66,5.76,2194781,13908537.000
2010-06-23,5.70,5.78,5.61,5.73,2400769,15096850.000
2010-06-24,5.73,5.75,5.65,5.67,2599262,16310672.000
2010-06-25,5.65,5.71,5.52,5.57,1503126,9314473.000
2010-06-28,5.60,5.61,5.44,5.46,1785751,10876103.000
2010-06-30,5.05,5.10,4.92,4.93,5151242,28285306.000
2010-07-01,4.93,4.98,4.82,4.84,1855976,10070520.000
2010-07-02,4.84,4.84,4.45,4.81,2682193,13900245.000
2010-07-05,4.77,4.85,4.64,4.78,1581846,8331316.000
2010-07-06,4.79,4.94,4.74,4.94,2990376,16114863.000
2010-07-07,4.94,5.02,4.89,5.01,2686221,14654922.000
2010-07-08,4.98,5.06,4.93,5.01,3011630,16579371.000
2010-07-09,4.99,5.21,4.90,5.17,4844593,27177476.000
2010-07-12,5.12,5.20,5.10,5.19,3267285,18609684.000
2010-07-13,5.15,5.15,4.97,5.04,2443308,13619542.000
2010-07-14,5.04,5.17,5.04,5.11,2685952,15168317.000
2010-07-15,5.10,5.18,4.96,5.02,2577542,14487540.000
2010-07-16,5.03,5.05,4.89,5.04,1467514,8063508.000
2010-07-19,4.98,5.16,4.98,5.15,2020580,11379051.000
2010-07-20,5.15,5.46,5.12,5.45,8926654,52638448.000
2010-07-21,5.46,5.51,5.35,5.43,4970864,29836980.000
2010-07-22,5.43,5.58,5.33,5.53,8346094,50389672.000
2010-07-23,5.53,5.57,5.39,5.54,3960695,23987368.000
2010-07-26,5.58,5.82,5.45,5.65,5664910,34974092.000
2010-07-27,5.62,5.69,5.53,5.54,3810994,23575464.000
2010-07-28,5.53,5.75,5.50,5.68,5951151,37245768.000
2010-07-29,5.74,5.75,5.64,5.74,4790622,30159496.000
2010-07-30,5.74,5.93,5.66,5.81,5433947,34842080.000
2010-08-02,5.86,6.11,5.75,5.92,5759614,37748520.000
2010-08-03,5.98,6.02,5.80,5.82,5320977,34768144.000
2010-08-04,5.80,6.06,5.70,5.99,5940967,38635416.000
2010-08-05,6.00,6.06,5.90,5.96,6298122,41492776.000
2010-08-06,5.89,6.04,5.85,6.03,6137589,40410208.000
2010-08-09,6.04,6.15,5.98,6.08,5413320,36264468.000
2010-08-10,6.08,6.10,5.72,5.75,7621243,49864676.000
2010-08-11,5.70,5.86,5.70,5.80,3855662,24637320.000
2010-08-12,5.73,5.83,5.65,5.69,3162636,20043446.000
2010-08-16,5.78,6.26,5.78,6.26,11808730,80328192.000
2010-08-17,6.53,6.89,6.49,6.89,45795765,342778432.000
2010-08-18,6.65,6.87,6.62,6.76,29522088,219747472.000
2010-08-19,6.69,6.75,6.50,6.57,17822215,129835768.000
2010-08-20,6.52,7.24,6.46,7.24,40106286,307884000.000
2010-08-23,7.40,7.96,7.26,7.69,46673886,397856640.000
2010-08-24,7.53,7.69,7.32,7.67,26521570,217589872.000
2010-08-25,7.53,8.12,7.45,7.62,32363976,277571392.000
2010-08-26,7.47,7.67,7.18,7.46,20313920,166484240.000
2010-08-27,7.35,7.47,7.25,7.35,12040973,97462168.000
2010-08-30,7.45,7.52,7.31,7.46,14105055,115279456.000
2010-08-31,7.45,7.87,7.36,7.70,22210727,189075856.000
2010-09-01,7.63,7.87,7.34,7.82,18595866,156124672.000
2010-09-02,7.87,8.60,7.75,8.60,45001826,407046592.000
2010-09-06,9.46,9.46,8.55,8.75,49288813,492172832.000
2010-09-07,8.50,8.87,8.33,8.63,24436051,231259152.000
2010-09-08,8.63,8.65,8.42,8.53,14875314,139587584.000
2010-09-09,8.75,9.16,8.55,8.71,24117784,234205664.000
2010-09-10,8.63,9.35,8.44,9.01,31318581,306524928.000
2010-09-13,8.95,8.95,8.73,8.93,17572763,171176096.000
2010-09-14,8.93,9.21,8.74,8.90,17919524,176397632.000
2010-09-15,8.91,9.06,8.45,8.51,15826866,153272688.000
2010-09-16,8.44,8.50,7.67,7.94,18558661,165009888.000
2010-09-17,7.94,8.09,7.74,7.75,8448014,73649272.000
2010-09-20,7.75,7.97,7.72,7.82,7551190,65266356.000
2010-09-21,7.85,7.97,7.75,7.79,5898999,51185140.000
2010-09-27,7.84,8.02,7.83,7.97,6616038,58005192.000
2010-09-28,7.98,8.17,7.84,8.01,7739605,68693672.000
2010-09-29,8.03,8.10,7.64,7.65,8202891,71062576.000
2010-09-30,7.65,7.77,7.54,7.70,4961352,41843132.000
2010-10-08,7.83,8.01,7.75,7.91,7219617,63027816.000
2010-10-11,7.92,8.25,7.81,8.20,13955894,123041272.000
2010-10-12,8.07,8.18,8.01,8.07,10178777,90545560.000
2010-10-13,8.08,8.13,7.91,8.01,7571427,66686332.000
2010-10-14,8.03,8.08,7.55,7.56,9342431,80493392.000
2010-10-15,7.54,7.77,7.53,7.60,7240220,60911836.000
2010-10-18,7.55,7.60,7.14,7.39,8295684,67079712.000
2010-10-19,7.43,7.64,7.38,7.62,5686356,47265072.000
2010-10-20,7.51,7.75,7.46,7.62,7853731,66147584.000
2010-10-21,7.66,7.98,7.63,7.97,12357659,106870256.000
2010-10-22,7.91,8.02,7.82,7.87,9298067,81057432.000
2010-10-25,7.87,8.05,7.87,7.98,9702227,85133432.000
2010-10-26,7.98,8.76,7.98,8.63,27719574,256291568.000
2010-10-27,8.91,9.16,8.28,8.38,30895135,298989952.000
2010-10-28,8.21,8.32,8.07,8.22,12446963,112327448.000
2010-10-29,8.18,8.52,8.07,8.36,10278741,94405112.000
2010-11-01,8.33,8.52,8.26,8.49,11151850,103097056.000
2010-11-02,8.45,8.57,8.31,8.32,11829035,109790856.000
2010-11-03,8.28,8.35,8.15,8.15,7806682,70825816.000
2010-11-04,8.10,8.37,8.10,8.35,7834665,71374848.000
2010-11-05,8.35,8.52,8.29,8.38,10043869,93090120.000
2010-11-08,8.39,8.75,8.35,8.71,18773941,177366416.000
2010-11-09,8.69,8.69,8.45,8.64,14068546,132664000.000
2010-11-10,8.65,8.85,8.57,8.75,17413052,168321680.000
2010-11-11,8.75,8.84,8.49,8.52,15649843,149762032.000
2010-11-15,7.82,8.26,7.82,8.25,12113240,107170664.000
2010-11-16,8.31,8.31,7.62,7.73,9200730,81075336.000
2010-11-17,7.58,7.70,7.14,7.17,7072678,57981060.000
2010-11-18,7.16,7.36,7.16,7.31,4080752,32737572.000
2010-11-19,7.35,7.49,7.25,7.48,4994549,40605028.000
2010-11-22,7.51,7.79,7.45,7.65,6690628,56562984.000
2010-11-23,7.65,7.74,7.44,7.65,5029626,42163960.000
2010-11-24,7.58,8.03,7.58,7.98,8561623,74369312.000
2010-11-25,8.07,8.13,7.93,8.00,6988186,61810012.000
2010-11-26,8.03,8.24,7.95,8.14,8507742,76245104.000
2010-11-29,8.15,8.48,8.07,8.38,9868035,90250192.000
2010-11-30,8.35,8.35,7.73,7.96,8014576,70651600.000
2010-12-01,7.96,8.07,7.78,8.02,4138613,36199108.000
2010-12-02,8.14,8.24,8.01,8.15,5588524,50135092.000
2010-12-03,8.18,8.42,8.16,8.35,12211019,112078960.000
2010-12-06,8.39,8.58,8.17,8.18,7958921,73216432.000
2010-12-07,8.06,8.10,7.76,8.02,5864591,51267816.000
2010-12-08,8.05,8.08,7.85,7.87,4218430,37003124.000
2010-12-09,7.85,7.91,7.62,7.63,4052926,34591324.000
2010-12-10,7.62,7.97,7.54,7.88,3580399,30699572.000
2010-12-13,7.85,8.04,7.82,8.01,4472763,39353408.000
2010-12-14,7.99,8.15,7.98,8.09,4589753,40837552.000
2010-12-15,8.07,8.40,8.07,8.12,9230756,83777168.000
2010-12-16,8.09,8.25,8.02,8.05,4794040,43006308.000
2010-12-17,8.03,8.25,8.02,8.19,5819134,52430152.000
2010-12-20,8.24,8.28,7.71,7.98,5609623,49301560.000
2010-12-21,7.94,8.17,7.94,8.15,4199847,37485300.000
2010-12-22,8.12,8.20,7.95,8.00,4436998,39337664.000
2010-12-23,8.00,8.05,7.71,7.72,4972319,42841352.000
2010-12-24,7.75,7.75,7.46,7.54,3345675,27917520.000
2010-12-27,7.58,7.68,7.27,7.38,3135520,25945208.000
2010-12-28,7.38,7.44,7.24,7.33,2737737,22099002.000
2010-12-29,7.30,7.46,7.30,7.45,1666500,13559534.000
2010-12-30,7.50,7.50,7.38,7.43,1355658,11110884.000
2010-12-31,7.44,7.65,7.44,7.63,2361470,19637154.000
2011-01-04,7.74,7.87,7.65,7.86,4607208,39436424.000
2011-01-05,7.80,7.95,7.73,7.85,4652624,40289036.000
2011-01-06,7.84,7.84,7.65,7.68,3941740,33548780.000
2011-01-07,7.69,7.76,7.58,7.63,3003950,25388242.000
2011-01-10,7.62,7.70,7.44,7.46,2030850,16946980.000
2011-01-11,7.46,7.50,7.33,7.41,1503197,12276735.000
2011-01-12,7.52,7.52,7.37,7.49,1330816,10914226.000
2011-01-14,7.47,7.55,7.38,7.40,1891525,15565062.000
2011-01-17,7.40,7.45,7.05,7.06,2257930,17941666.000
2011-01-18,7.06,7.15,7.05,7.07,1219459,9543430.000
2011-01-19,7.10,7.24,7.10,7.22,1155494,9160844.000
2011-01-20,7.20,7.22,6.68,6.70,2385999,18258592.000
2011-01-21,6.71,6.85,6.63,6.77,1911315,14258548.000
2011-01-24,6.76,6.86,6.68,6.69,1596111,11909979.000
2011-01-25,6.69,6.71,6.42,6.47,1672555,12023471.000
2011-01-26,6.44,6.62,6.43,6.57,1319880,9522358.000
2011-01-27,6.54,6.78,6.54,6.70,1737049,12814840.000
2011-01-28,6.71,6.85,6.70,6.79,1438067,10780832.000
2011-01-31,6.80,6.94,6.76,6.87,1360165,10299835.000
2011-02-01,6.87,7.02,6.81,6.94,1566006,12010009.000
2011-02-09,6.85,7.10,6.85,6.95,1897793,14698131.000
2011-02-10,6.95,7.65,6.95,7.65,8074619,67049592.000
2011-02-11,7.93,8.09,7.68,7.88,18329463,158745552.000
2011-02-14,7.80,7.94,7.67,7.84,9588100,82298728.000
2011-02-15,7.80,8.14,7.75,7.87,10992364,96766448.000
2011-02-16,7.89,8.25,7.89,8.05,8566307,76230944.000
2011-02-17,8.06,8.15,7.85,7.97,7558566,66178592.000
2011-02-18,7.96,8.10,7.81,8.06,8294203,73263928.000
2011-02-21,7.97,8.40,7.97,8.32,12576983,114539080.000
2011-02-22,8.34,8.42,7.89,7.97,10046772,90046480.000
2011-02-23,7.95,8.22,7.94,8.06,6271238,55881536.000
2011-02-24,8.05,8.23,7.89,8.22,7446224,66948868.000
2011-02-25,8.26,8.29,8.05,8.10,5114945,45849564.000
2011-02-28,8.15,8.21,7.95,8.18,6378535,56981744.000
2011-03-01,8.19,8.40,8.15,8.37,11618768,106082120.000
2011-03-02,8.35,8.39,8.12,8.33,8324093,75853112.000
2011-03-03,8.32,8.35,8.00,8.02,6218579,55857748.000
2011-03-04,8.01,8.12,7.96,8.12,4035397,35873464.000
2011-03-07,8.16,8.30,8.10,8.27,6344031,57599792.000
2011-03-08,8.30,8.33,8.16,8.27,5136890,46655768.000
2011-03-09,8.26,8.61,8.17,8.55,13428824,124757984.000
2011-03-10,8.48,8.70,8.38,8.54,13047583,122923008.000
2011-03-11,8.45,8.62,8.27,8.29,8769410,81844464.000
2011-03-14,8.29,8.60,8.26,8.55,8421797,78373176.000
2011-03-15,8.52,8.53,8.15,8.37,8280813,75841016.000
2011-03-16,8.35,8.75,8.30,8.71,14124714,134262176.000
2011-03-17,8.61,9.02,8.55,8.70,18196749,177147040.000
2011-03-18,8.71,9.57,8.71,9.55,57239164,595939840.000
2011-03-21,9.15,9.35,8.80,8.96,35622175,355370592.000
2011-03-22,8.89,8.91,8.56,8.77,16080254,154387584.000
2011-03-23,8.75,9.65,8.72,9.65,41158743,426155648.000
2011-03-24,9.73,10.53,9.57,10.20,48468813,538829888.000
2011-03-25,10.08,10.85,9.98,10.33,38879931,445114432.000
2011-03-28,10.25,11.36,10.09,11.34,46875391,555780736.000
2011-03-29,10.99,11.67,10.53,10.68,43613793,530939296.000
2011-03-30,10.62,10.93,10.31,10.62,21485558,251499280.000
2011-03-31,10.53,10.83,9.98,10.15,20902029,237250976.000
2011-04-01,10.35,10.89,10.12,10.38,18318496,209395216.000
2011-04-07,10.35,10.35,9.73,10.13,18346823,202157952.000
2011-04-08,9.95,10.38,9.90,10.19,16994206,191187568.000
2011-04-11,10.19,10.75,9.99,10.65,24094163,276345216.000
2011-04-12,10.48,10.61,10.06,10.11,17814344,202508512.000
2011-04-13,9.98,10.57,9.81,10.35,14158756,160216832.000
2011-04-14,10.25,10.29,10.03,10.06,11291476,126083840.000
2011-04-15,10.07,10.23,9.65,9.77,15501487,168343680.000
2011-04-18,9.77,10.02,9.54,9.90,11817567,127860408.000
2011-04-19,9.80,10.26,9.54,10.09,16922040,184619792.000
2011-04-20,9.98,10.71,9.85,10.47,24805984,282770752.000
2011-04-22,10.32,10.35,9.82,9.87,15449789,170924256.000
2011-04-25,9.89,9.94,9.24,9.26,10987319,115660432.000
2011-04-26,9.16,9.30,8.82,9.16,7440226,74372704.000
2011-04-27,9.13,9.26,8.94,9.07,4806703,48266104.000
2011-04-28,9.16,9.25,8.54,8.55,5380044,53052644.000
2011-04-29,8.53,8.81,8.53,8.77,4977025,47681248.000
2011-05-03,8.77,9.17,8.77,9.12,5901067,58667968.000
2011-05-05,8.85,9.16,8.64,9.05,5406431,53523820.000
2011-05-06,9.03,9.38,8.92,9.22,3586551,33132342.000
2011-05-09,9.15,9.29,8.98,9.07,6008995,54574160.000
2011-05-10,9.07,9.22,8.93,9.19,5943650,54235296.000
2011-05-11,9.20,9.35,9.12,9.20,6663289,61517096.000
2011-05-12,9.14,9.30,8.94,8.98,7471268,68307424.000
2011-05-13,8.94,9.36,8.61,9.33,12829213,114924464.000
2011-05-16,9.24,9.75,9.24,9.53,15942999,151127184.000
2011-05-17,9.48,9.48,9.10,9.24,8204817,76250608.000
2011-05-18,9.16,9.37,9.13,9.30,3982413,36836228.000
2011-05-19,9.24,9.60,9.23,9.46,8013636,75929240.000
2011-05-20,9.57,9.57,9.20,9.38,5492831,51468268.000
2011-05-23,9.30,9.36,8.70,8.80,8101440,72528400.000
2011-05-24,8.75,8.80,8.45,8.66,5115987,44022976.000
2011-05-25,8.66,8.72,8.47,8.56,4061715,34838384.000
2011-05-26,8.79,9.20,8.65,8.65,6241438,55308536.000
2011-05-27,8.42,8.53,7.79,7.99,9276848,75143040.000
2011-05-30,8.00,8.05,7.67,7.71,4959270,38780008.000
2011-05-31,7.77,7.97,7.64,7.93,3974637,31071444.000
2011-06-01,7.95,8.08,7.82,7.98,4811792,38404728.000
2011-06-03,7.84,8.23,7.84,8.15,5285457,42846448.000
2011-06-07,8.06,8.34,8.01,8.25,4472932,36789224.000
2011-06-08,8.20,8.59,8.06,8.49,8459631,70448328.000
2011-06-09,8.38,8.51,8.05,8.05,6295408,52261760.000
2011-06-10,8.07,8.10,7.79,8.08,4578646,36544388.000
2011-06-13,7.94,8.20,7.94,8.15,3578143,29026808.000
2011-06-14,8.11,8.37,8.11,8.30,3983837,33012536.000
2011-06-15,8.28,8.44,8.18,8.28,5064205,42116824.000
2011-06-16,8.18,8.42,8.10,8.39,6881727,56949376.000
2011-06-17,8.26,8.61,8.15,8.19,8464790,71357776.000
2011-06-20,8.08,8.49,7.70,8.46,10456651,84906304.000
2011-06-21,8.47,8.56,8.31,8.54,13216638,111807080.000
2011-06-22,8.50,8.50,8.22,8.25,7267454,60552800.000
2011-06-23,8.23,8.43,7.94,8.30,6659700,54342984.000
2011-06-24,8.24,8.75,8.17,8.57,12910129,109671656.000
2011-06-27,8.56,8.85,8.50,8.82,13405338,116225520.000
2011-06-28,8.75,8.80,8.61,8.72,7523280,65470416.000
2011-06-29,8.68,8.82,8.49,8.50,7792234,67704336.000
2011-06-30,8.52,8.80,8.52,8.78,8483698,73922272.000
2011-07-01,8.88,9.01,8.65,8.70,11528347,101911360.000
2011-07-04,8.79,8.97,8.70,8.92,9559075,84572448.000
2011-07-05,8.90,9.14,8.83,9.06,11520511,103677792.000
2011-07-06,9.06,9.13,8.90,9.12,7977568,71718800.000
2011-07-07,9.15,9.25,8.95,8.96,8517402,77174616.000
2011-07-08,8.91,9.17,8.87,9.13,8989585,81008984.000
2011-07-11,9.08,9.44,9.02,9.38,10738782,99853568.000
2011-07-12,9.30,9.54,9.23,9.37,13328801,125366288.000
2011-07-13,9.33,9.49,9.25,9.45,13829611,129625144.000
2011-07-14,9.45,9.67,9.41,9.66,11785725,112911424.000
2011-07-15,9.67,9.68,9.50,9.63,9090496,87129088.000
2011-07-18,9.63,9.77,9.38,9.48,9275593,88405936.000
2011-07-19,9.46,9.46,9.20,9.24,7922391,73433968.000
2011-07-20,9.30,9.49,9.12,9.34,8417999,78554344.000
2011-07-22,9.22,9.62,9.22,9.60,11880759,112571152.000
2011-07-25,9.60,9.61,9.15,9.54,14069213,132168640.000
2011-07-26,9.50,9.67,9.18,9.29,18248864,170718912.000
2011-07-27,9.16,9.34,8.83,9.21,12342895,111936328.000
2011-07-28,9.05,9.06,8.76,8.86,10111230,89960752.000
2011-07-29,8.86,8.93,8.47,8.52,7367948,63789484.000
2011-08-01,8.50,8.64,8.38,8.56,4501436,38412168.000
2011-08-02,8.50,8.51,8.22,8.49,5467201,45636400.000
2011-08-03,8.61,8.94,8.61,8.68,10476310,91980176.000
2011-08-04,8.60,8.82,8.57,8.61,5277588,45772364.000
2011-08-05,8.29,8.40,8.17,8.29,5021684,41752576.000
2011-08-08,8.20,8.20,7.46,7.60,7250308,56447428.000
2011-08-09,7.10,7.60,7.06,7.49,8310304,60519488.000
2011-08-10,7.62,7.75,7.50,7.54,5968086,45508264.000
2011-08-11,7.30,7.66,7.23,7.64,4981579,37392328.000
2011-08-12,7.71,7.83,7.66,7.73,5582462,43238432.000
2011-08-15,7.77,8.07,7.71,8.07,7673874,60781072.000
2011-08-16,8.08,8.25,7.99,8.17,8519680,69337200.000
2011-08-17,8.09,8.50,8.06,8.46,13342076,111531056.000
2011-08-18,8.48,8.55,8.25,8.44,11293942,94963176.000
2011-08-19,8.35,9.12,8.18,8.78,25282508,219491664.000
2011-08-22,8.65,8.97,8.30,8.69,18966954,163736896.000
2011-08-23,8.60,8.99,8.29,8.49,20358116,174068928.000
2011-08-24,8.45,8.45,8.06,8.09,14672375,120862248.000
2011-08-25,8.05,8.24,8.05,8.20,7661551,62393456.000
2011-08-26,8.15,8.29,8.15,8.25,5556692,45707632.000
2011-08-29,8.21,8.21,7.95,8.10,4169530,33802992.000
2011-08-30,8.14,8.20,7.93,7.94,5526641,44684848.000
2011-08-31,7.95,8.00,7.75,7.94,3744715,29528654.000
2011-09-01,7.91,7.98,7.78,7.82,3429216,27059408.000
2011-09-02,7.83,7.92,7.78,7.84,3228082,25333600.000
2011-09-05,7.64,7.74,7.42,7.43,4503433,33829976.000
2011-09-07,7.44,7.66,7.43,7.65,3720479,28155086.000
2011-09-08,7.68,7.85,7.64,7.65,3687697,28502796.000
2011-09-09,7.69,7.72,7.49,7.53,2186044,16604685.000
2011-09-13,7.44,7.45,7.31,7.38,1881121,13852493.000
2011-09-14,7.47,7.54,7.34,7.53,1982990,14727888.000
2011-09-15,7.56,7.66,7.51,7.52,2742874,20834404.000
2011-09-16,7.57,7.65,7.53,7.56,1981307,15030356.000
2011-09-19,7.52,7.52,7.26,7.26,2660933,19504682.000
2011-09-20,7.19,7.39,7.17,7.33,1943389,14161788.000
2011-09-21,7.35,7.59,7.28,7.57,3294233,24622572.000
2011-09-22,7.51,7.56,7.30,7.32,3474592,25807332.000
2011-09-23,7.18,7.31,7.13,7.28,2258569,16285684.000
2011-09-26,7.28,7.33,7.19,7.23,2118520,15344908.000
2011-09-27,7.34,7.45,7.20,7.29,3059732,22377840.000
2011-09-28,7.34,7.34,7.05,7.09,2545248,18332828.000
2011-09-29,7.07,7.12,6.77,6.79,3067963,21306336.000
2011-09-30,6.79,6.88,6.50,6.71,1930306,12930983.000
2011-10-11,6.92,6.96,6.75,6.90,4490731,30755148.000
2011-10-12,6.87,7.38,6.80,7.33,6467926,46420556.000
2011-10-13,7.27,7.69,7.26,7.65,13297643,100466632.000
2011-10-14,7.63,7.97,7.45,7.92,18157485,138876480.000
2011-10-17,7.80,7.97,7.65,7.88,16997428,132725320.000
2011-10-18,7.83,7.84,7.40,7.66,12162906,93379120.000
2011-10-19,7.67,7.92,7.44,7.51,8619598,65386280.000
2011-10-20,7.52,7.64,6.95,7.01,6314932,45261300.000
2011-10-21,7.01,7.08,6.75,6.82,3401160,23343940.000
2011-10-24,6.81,7.03,6.71,6.99,3101914,21377706.000
2011-10-25,7.01,7.67,6.95,7.59,9896840,72755552.000
2011-10-26,7.49,7.63,7.36,7.46,9444681,70512376.000
2011-10-27,7.47,7.66,7.37,7.46,5729718,43131496.000
2011-10-28,7.58,7.61,7.42,7.53,5705835,42889656.000
2011-10-31,7.46,7.52,7.37,7.49,4943976,36816672.000
2011-11-01,7.38,7.57,7.36,7.44,4756720,35560672.000
2011-11-02,7.32,7.42,7.04,7.39,9244608,66492288.000
2011-11-03,7.38,7.57,7.35,7.44,9358139,70029328.000
2011-11-04,7.45,7.60,7.36,7.54,7236362,54262984.000
2011-11-07,7.55,7.69,7.51,7.68,8335866,63429504.000
2011-11-08,7.68,7.72,7.36,7.39,6895652,51899068.000
2011-11-09,7.40,7.47,7.17,7.40,5595633,40956624.000
2011-11-10,7.29,7.37,7.20,7.21,3539954,25753020.000
2011-11-11,7.27,7.27,7.10,7.15,3090216,22227256.000
2011-11-14,7.21,7.35,7.18,7.33,3345241,24373694.000
2011-11-15,7.29,7.48,7.27,7.43,4473570,33017964.000
2011-11-16,7.46,7.49,7.16,7.20,4525814,33175538.000
2011-11-17,7.22,7.31,7.17,7.21,2374845,17151464.000
2011-11-18,7.18,7.18,7.01,7.08,3797226,26868122.000
2011-11-21,7.08,7.19,7.05,7.18,2462658,17544576.000
2011-11-22,7.18,7.24,6.99,7.10,4020293,28472120.000
2011-11-23,7.09,7.10,6.82,6.87,4069991,28361608.000
2011-11-24,6.79,7.30,6.75,6.95,2801352,19569258.000
2011-11-25,6.81,6.97,6.76,6.79,2970367,20268512.000
2011-11-28,6.80,6.84,6.72,6.79,1499581,10186006.000
2011-11-29,6.82,6.94,6.82,6.93,2164939,14933357.000
2011-11-30,6.93,6.93,6.51,6.54,4000908,26599708.000
2011-12-01,6.74,6.80,6.65,6.73,3836611,25831512.000
2011-12-02,6.68,6.72,6.53,6.66,2961388,19646318.000
2011-12-05,6.67,6.70,6.53,6.62,2822830,18684268.000
2011-12-06,6.57,6.67,6.55,6.64,1438229,9508553.000
2011-12-07,6.66,6.69,6.61,6.68,1346810,8968024.000
2011-12-08,6.66,6.73,6.55,6.64,1519540,10102473.000
2011-12-09,6.63,6.74,6.58,6.64,1310139,8742465.000
2011-12-12,6.65,6.73,6.55,6.60,3278012,21769748.000
2011-12-13,6.52,6.58,6.10,6.11,2913589,18227188.000
2011-12-14,6.11,6.22,6.08,6.11,2018394,12403456.000
2011-12-15,6.06,6.06,5.88,6.05,2825593,16899368.000
2011-12-16,6.01,6.26,5.96,6.24,2364168,14466007.000
2011-12-19,6.19,6.39,6.17,6.31,3910088,24543188.000
2011-12-20,6.31,6.52,6.31,6.45,4321045,27842912.000
2011-12-21,6.49,6.51,6.31,6.40,2651322,17012280.000
2011-12-22,6.33,6.36,6.05,6.33,2663602,16582047.000
2011-12-23,6.32,6.39,6.24,6.32,1567197,9911340.000
2011-12-26,6.32,6.43,6.31,6.32,1559250,9940132.000
2011-12-27,6.28,6.33,6.19,6.27,2376554,14846109.000
2011-12-28,6.27,6.32,6.10,6.25,1800349,11141839.000
2011-12-29,6.23,6.36,6.20,6.33,2052041,12934536.000
2011-12-30,6.40,6.75,6.33,6.64,14435462,95235832.000
2012-01-04,6.61,6.66,6.58,6.66,3816905,25265340.000
2012-01-05,6.60,6.64,6.53,6.60,4272929,28115332.000
2012-01-06,6.55,7.25,6.39,7.13,22334843,150462912.000
2012-01-09,6.90,7.25,6.83,7.13,23803121,169076064.000
2012-01-10,7.03,7.25,6.94,7.19,22983336,162499744.000
2012-01-11,7.08,7.13,6.97,7.00,10821434,76083976.000
2012-01-12,6.92,7.02,6.81,6.83,9224727,63759036.000
2012-01-13,6.80,6.83,6.59,6.64,7606592,50841764.000
2012-01-16,6.56,6.74,6.36,6.37,4632433,30561648.000
2012-01-17,6.35,6.68,6.25,6.66,6204281,40366592.000
2012-01-18,6.66,6.71,6.33,6.34,5558078,36308968.000
2012-01-19,6.35,6.41,6.15,6.26,5368290,33681784.000
2012-01-20,6.30,6.32,6.23,6.29,3459522,21738260.000
2012-01-30,6.34,6.40,6.26,6.32,2542486,16114727.000
2012-01-31,6.33,6.41,6.28,6.40,1908915,12097888.000
2012-02-01,6.42,6.44,6.28,6.30,2638618,16775707.000
2012-02-02,6.35,6.37,6.22,6.37,2900893,18280544.000
2012-02-03,6.38,6.52,6.33,6.48,5061909,32677704.000
2012-02-06,6.50,6.59,6.45,6.58,4747368,30916800.000
2012-02-07,6.53,6.55,6.34,6.39,3696414,23722622.000
2012-02-08,6.35,6.53,6.35,6.51,3919891,25340360.000
2012-02-09,6.55,6.63,6.48,6.59,6568345,43095352.000
2012-02-10,6.58,6.75,6.55,6.67,7647267,50884724.000
2012-02-13,6.60,6.75,6.55,6.70,6702203,44618912.000
2012-02-14,6.71,6.73,6.62,6.66,5007673,33415840.000
2012-02-15,6.61,6.78,6.56,6.76,7926464,52966780.000
2012-02-16,6.72,6.83,6.64,6.71,6533808,44043400.000
2012-02-17,6.71,6.77,6.61,6.64,3369836,22447994.000
2012-02-20,6.71,6.74,6.60,6.61,4490927,29938084.000
2012-02-21,6.65,6.73,6.60,6.73,4804185,32041068.000
2012-02-22,6.75,6.83,6.70,6.82,7612298,51602408.000
2012-02-23,6.84,6.87,6.72,6.75,6434483,43654276.000
2012-02-27,6.85,6.94,6.77,6.79,9506580,65150592.000
2012-02-28,6.75,6.92,6.70,6.90,7328609,49931152.000
2012-02-29,6.86,7.04,6.82,6.96,11235619,78068160.000
2012-03-01,6.92,7.03,6.85,6.86,7634591,52949736.000
2012-03-02,6.87,7.46,6.83,7.43,19735158,140893424.000
2012-03-05,7.40,7.79,7.28,7.53,30262976,226169536.000
2012-03-06,7.49,7.59,7.24,7.28,14652109,107825200.000
2012-03-07,7.23,7.25,7.00,7.02,10909936,77471272.000
2012-03-08,7.08,7.18,7.04,7.09,7431422,52827360.000
2012-03-09,7.12,7.19,7.11,7.15,6496366,46412976.000
2012-03-12,7.15,7.23,7.03,7.12,6562708,46792512.000
2012-03-13,7.11,7.27,7.10,7.23,6394311,45995032.000
2012-03-14,7.24,7.32,6.71,6.80,9743791,68822272.000
2012-03-15,6.77,6.83,6.53,6.59,6872951,45580992.000
2012-03-16,6.57,6.75,6.52,6.74,4569451,30455468.000
2012-03-19,6.74,6.85,6.69,6.85,3917000,26562640.000
2012-03-20,6.81,6.84,6.60,6.62,3667763,24606326.000
2012-03-21,6.63,6.73,6.58,6.73,3473726,23167940.000
2012-03-22,6.70,6.84,6.63,6.74,2919664,19664756.000
2012-03-23,6.70,6.74,6.52,6.58,2908886,19278638.000
2012-03-26,6.58,6.68,6.55,6.59,2176635,14384176.000
2012-03-27,6.65,6.78,6.55,6.74,6967204,46761700.000
2012-03-28,6.68,6.70,6.56,6.60,4539933,30053780.000
2012-03-29,6.60,6.60,6.25,6.26,3397855,21630152.000
2012-03-30,6.25,6.34,6.00,6.13,4019251,24645348.000
2012-04-05,6.12,6.40,6.10,6.37,4661821,29053532.000
2012-04-06,6.33,6.87,6.27,6.76,9234846,60717408.000
2012-04-09,6.65,7.27,6.63,6.93,17285455,118584136.000
2012-04-10,6.80,7.07,6.66,6.95,13857543,94399392.000
2012-04-11,6.78,7.00,6.73,6.80,15192852,103998768.000
2012-04-12,6.80,6.80,6.61,6.75,9494656,63685208.000
2012-04-13,6.71,6.92,6.71,6.77,7200265,49089516.000
2012-04-16,6.74,6.84,6.65,6.76,4729314,31882596.000
2012-04-17,6.72,6.81,6.66,6.66,3933441,26487420.000
2012-04-18,6.67,6.72,6.39,6.66,7371861,48522332.000
2012-04-19,6.62,6.76,6.57,6.74,5277192,35231948.000
2012-04-20,6.71,6.83,6.66,6.76,5305739,35869836.000
2012-04-24,6.70,6.71,6.36,6.55,5824759,38136256.000
2012-04-25,6.56,6.94,6.54,6.89,10037623,68431632.000
2012-04-26,6.88,7.10,6.78,6.78,8413392,58025024.000
2012-04-27,6.79,7.04,6.75,6.90,8284178,57366484.000
2012-05-02,6.97,7.17,6.90,6.93,9659903,68062688.000
2012-05-03,6.91,7.14,6.89,7.06,8354889,58992536.000
2012-05-04,7.06,7.06,6.91,6.98,5732807,40003472.000
2012-05-07,6.91,7.01,6.78,7.00,6538565,44910984.000
2012-05-08,6.95,6.97,6.86,6.90,5050058,34908016.000
2012-05-09,6.85,6.85,6.67,6.70,6000598,40331320.000
2012-05-10,6.69,6.77,6.67,6.70,2658320,17858538.000
2012-05-11,6.70,6.81,6.68,6.71,3289358,22190796.000
2012-05-14,6.76,6.86,6.71,6.73,4687834,31797888.000
2012-05-15,6.67,6.67,6.55,6.66,3001280,19820270.000
2012-05-16,6.62,6.70,6.55,6.56,2429441,16115356.000
2012-05-17,6.59,6.70,6.53,6.68,2734075,18135094.000
2012-05-18,6.64,6.66,6.50,6.51,2921808,19246446.000
2012-05-21,6.48,6.56,6.40,6.47,2218722,14378267.000
2012-05-22,6.50,6.58,6.49,6.56,2248206,14698808.000
2012-05-23,6.55,6.61,6.49,6.57,2903424,19021336.000
2012-05-24,6.57,6.58,6.45,6.47,2649530,17252316.000
2012-05-25,6.45,6.49,6.35,6.38,3129804,20027390.000
2012-05-28,6.38,6.45,6.17,6.44,2317409,14661128.000
2012-05-29,6.42,6.56,6.39,6.55,3558606,23144924.000
2012-05-30,6.56,6.61,6.50,6.56,3047563,19996844.000
2012-05-31,6.52,6.60,6.46,6.55,2710584,17712136.000
2012-06-01,6.51,6.60,6.49,6.52,2543448,16658127.000
2012-06-04,6.40,6.43,6.21,6.23,2893720,18278674.000
2012-06-05,6.23,6.29,6.20,6.25,1505770,9401271.000
2012-06-06,6.26,6.30,6.17,6.21,1594776,9938612.000
2012-06-07,6.28,6.29,6.14,6.16,1393293,8658750.000
2012-06-08,6.21,6.22,6.14,6.16,1512751,9341773.000
2012-06-11,6.18,6.28,6.18,6.25,1745890,10862163.000
2012-06-12,6.22,6.28,6.18,6.22,1330865,8292380.000
2012-06-13,6.22,6.40,6.22,6.36,2624699,16545421.000
2012-06-14,6.38,6.46,6.33,6.34,3134137,20077496.000
2012-06-15,6.39,6.40,6.25,6.33,1957552,12376040.000
2012-06-18,6.36,6.42,6.33,6.39,1823757,11628977.000
2012-06-19,6.41,6.41,6.29,6.30,1235598,7842508.000
2012-06-20,6.30,6.35,6.22,6.23,1986250,12475731.000
2012-06-21,6.24,6.24,6.12,6.16,1814094,11170300.000
2012-06-25,6.16,6.17,6.03,6.04,1290588,7876273.000
2012-06-26,6.04,6.08,5.96,6.07,1138246,6853992.000
2012-06-27,6.07,6.11,5.97,5.99,1376503,8332612.000
2012-06-28,5.98,6.01,5.87,5.87,1703677,10138743.000
2012-06-29,5.85,5.95,5.80,5.94,1507778,8855251.000
2012-07-02,6.00,6.04,5.95,5.97,1360597,8155131.000
2012-07-03,5.99,6.04,5.95,5.99,1627081,9764912.000
2012-07-04,5.99,6.14,5.99,6.10,2863182,17399714.000
2012-07-05,6.08,6.08,5.86,5.95,1982343,11807433.000
2012-07-06,5.96,6.07,5.85,6.06,1510682,9014570.000
2012-07-09,6.04,6.08,5.86,5.87,1439352,8618945.000
2012-07-10,5.84,6.02,5.81,6.01,2523626,14970280.000
2012-07-11,6.02,6.04,5.91,6.02,1851820,11073166.000
2012-07-12,6.00,6.14,5.91,6.06,2945099,17780376.000
2012-07-13,6.04,6.08,5.98,6.00,1521602,9170625.000
2012-07-16,6.05,6.07,5.58,5.62,2767608,16102709.000
2012-07-17,5.62,5.65,5.48,5.62,1874408,10413217.000
2012-07-18,5.61,5.63,5.47,5.62,2199294,12186868.000
2012-07-19,5.63,5.83,5.59,5.75,2726291,15606048.000
2012-07-20,5.70,5.83,5.68,5.75,2251137,12937295.000
2012-07-23,5.70,5.70,5.50,5.69,1478235,8270599.000
2012-07-24,5.61,5.76,5.61,5.71,1244972,7091246.000
2012-07-25,5.67,5.75,5.63,5.65,1194158,6773448.000
2012-07-26,5.67,5.75,5.55,5.56,1367910,7715117.000
2012-07-27,5.56,5.63,5.53,5.56,1038593,5782955.000
2012-07-30,5.52,5.58,5.30,5.31,2277121,12355092.000
2012-07-31,5.29,5.30,5.10,5.19,1653278,8574739.000
2012-08-01,5.20,5.30,5.20,5.25,1081535,5681294.000
2012-08-02,5.23,5.29,5.14,5.16,1158807,6023527.000
2012-08-03,5.16,5.27,5.13,5.27,1821335,9480514.000
2012-08-06,5.24,5.37,5.23,5.36,2316309,12304899.000
2012-08-07,5.36,5.64,5.33,5.60,4738063,26007618.000
2012-08-08,5.55,5.58,5.41,5.50,2790432,15343583.000
2012-08-09,5.50,5.59,5.45,5.55,2001273,11056704.000
2012-08-10,5.57,5.58,5.51,5.55,1617373,8964850.000
2012-08-13,5.55,5.70,5.42,5.46,2809386,15708678.000
2012-08-14,5.53,5.90,5.53,5.73,7814697,44852020.000
2012-08-15,5.69,5.69,5.47,5.51,4280344,23820708.000
2012-08-16,5.49,5.50,5.33,5.37,2129305,11530554.000
2012-08-17,5.40,5.45,5.31,5.38,1271648,6842554.000
2012-08-20,5.35,5.65,5.28,5.51,3407625,18543420.000
2012-08-21,5.50,5.60,5.46,5.54,3058515,16944644.000
2012-08-22,5.54,5.55,5.40,5.45,2089335,11467362.000
2012-08-23,5.40,5.50,5.39,5.47,2129726,11599638.000
2012-08-24,5.43,5.47,5.30,5.31,2210732,11935969.000
2012-08-27,5.29,5.29,5.15,5.17,1528550,7954203.000
2012-08-28,5.18,5.27,5.10,5.20,1437482,7452421.000
2012-08-29,5.19,5.29,5.16,5.18,1159268,6051036.000
2012-08-30,5.16,5.24,5.03,5.20,2044367,10531276.000
2012-08-31,5.19,5.27,5.17,5.24,1561143,8152839.000
2012-09-03,5.20,5.32,5.20,5.29,1834320,9672306.000
2012-09-04,5.31,5.31,5.18,5.22,1540420,8084383.000
2012-09-05,5.19,5.29,5.16,5.24,1091606,5705840.000
2012-09-06,5.24,5.29,5.20,5.29,1661205,8724790.000
2012-09-07,5.30,5.51,5.30,5.50,4312774,23508016.000
2012-09-10,5.49,5.68,5.46,5.64,6321056,35375004.000
2012-09-11,5.68,6.18,5.64,6.12,21500663,126964832.000
2012-09-12,5.98,6.10,5.91,6.07,23632137,142081744.000
2012-09-13,6.01,6.09,5.93,5.99,11146600,67114856.000
2012-09-14,5.99,6.45,5.88,6.32,25770707,158926016.000
2012-09-17,6.17,6.28,6.00,6.11,22005389,134677888.000
2012-09-18,5.97,6.50,5.91,6.26,21346260,131467304.000
2012-09-19,6.13,6.22,5.99,6.14,16430591,100478352.000
2012-09-20,6.05,6.17,5.62,5.66,12363997,72667832.000
2012-09-21,5.50,5.58,5.33,5.34,7973775,43275556.000
2012-09-24,5.30,5.43,5.25,5.36,3990504,21380476.000
2012-09-25,5.36,5.46,5.30,5.37,2888572,15556743.000
2012-09-26,5.39,5.40,5.18,5.20,3062910,16131626.000
2012-09-27,5.20,5.35,5.16,5.32,4606029,24229604.000
2012-09-28,5.27,5.41,5.25,5.39,3864236,20696904.000
2012-10-08,5.39,5.46,5.36,5.41,3521029,19013400.000
2012-10-09,5.41,5.55,5.39,5.54,4812863,26470544.000
2012-10-10,5.52,5.60,5.49,5.58,3752824,20840000.000
2012-10-11,5.57,5.58,5.42,5.42,4268352,23469218.000
2012-10-12,5.47,5.52,5.36,5.44,2801532,15239445.000
2012-10-15,5.52,5.52,5.34,5.38,2019619,10890604.000
2012-10-16,5.38,5.45,5.30,5.38,2351029,12678349.000
2012-10-17,5.38,5.46,5.35,5.43,2279400,12341512.000
2012-10-18,5.41,5.55,5.41,5.51,3379686,18607912.000
2012-10-19,5.51,5.53,5.46,5.48,2639868,14496019.000
2012-10-22,5.41,5.52,5.41,5.50,1972575,10788585.000
2012-10-23,5.51,5.54,5.46,5.47,2251330,12366592.000
2012-10-24,5.43,5.48,5.40,5.46,2045760,11139900.000
2012-10-25,5.43,5.52,5.40,5.41,2289097,12498189.000
2012-10-26,5.39,5.41,5.19,5.20,3069031,16161723.000
2012-10-29,5.26,5.26,5.18,5.21,1328832,6915113.000
2012-10-30,5.23,5.28,5.20,5.22,1170548,6118738.000
2012-10-31,5.25,5.28,5.22,5.27,1532930,8051161.000
2012-11-01,5.27,5.37,5.26,5.34,2058534,10980590.000
2012-11-02,5.32,5.37,5.31,5.37,1319313,7048845.000
2012-11-05,5.37,5.39,5.33,5.36,1413783,7564667.000
2012-11-06,5.36,5.37,5.23,5.29,1660215,8758929.000
2012-11-07,5.30,5.33,5.25,5.28,1266059,6681479.000
2012-11-08,5.25,5.25,5.14,5.15,1733890,9006115.000
2012-11-09,5.13,5.19,5.13,5.18,1007003,5195875.000
2012-11-12,5.18,5.22,5.13,5.20,1142093,5920130.000
2012-11-13,5.28,5.32,5.13,5.15,2169371,11368094.000
2012-11-14,5.10,5.16,5.02,5.15,1571502,8003397.000
2012-11-15,5.13,5.13,5.02,5.04,1240314,6283659.000
2012-11-16,5.04,5.06,4.96,5.03,1254660,6277208.000
2012-11-19,5.04,5.04,4.96,5.04,865673,4333154.000
2012-11-20,5.06,5.08,4.98,5.01,1082474,5447952.000
2012-11-21,5.01,5.06,4.92,5.05,1142302,5716687.000
2012-11-22,5.05,5.25,5.00,5.15,4258437,22017172.000
2012-11-23,5.12,5.14,5.07,5.10,2049986,10463809.000
2012-11-26,5.05,5.09,4.98,4.99,1644498,8260384.000
2012-11-27,5.00,5.00,4.77,4.78,2286822,11115534.000
2012-11-28,4.78,4.80,4.58,4.63,1728475,8011738.000
2012-11-29,4.62,4.67,4.56,4.57,1072210,4953705.000
2012-11-30,4.58,4.64,4.52,4.62,792415,3645960.000
2012-12-03,4.59,4.64,4.46,4.47,922747,4187645.000
2012-12-04,4.47,4.56,4.35,4.54,1316256,5861264.000
2012-12-05,4.50,4.71,4.50,4.67,2262015,10543287.000
2012-12-06,4.68,4.70,4.63,4.65,1231298,5739836.000
2012-12-07,4.67,4.79,4.63,4.78,1921479,9114103.000
2012-12-10,4.79,4.98,4.75,4.91,3304991,16148886.000
2012-12-11,4.91,5.10,4.88,4.90,4085005,20273824.000
2012-12-12,4.93,4.95,4.78,4.84,2298202,11147594.000
2012-12-13,4.82,4.90,4.75,4.89,2358921,11382632.000
2012-12-14,4.86,5.08,4.80,5.06,5660116,28222954.000
2012-12-17,5.06,5.11,5.00,5.07,3783478,19130478.000
2012-12-18,5.06,5.11,4.98,5.02,3024834,15267057.000
2012-12-19,5.00,5.09,5.00,5.05,2387954,12073653.000
2012-12-20,5.02,5.05,4.93,5.03,2176740,10876014.000
2012-12-21,5.00,5.06,4.95,4.98,2208499,11041557.000
2012-12-24,4.99,5.00,4.94,4.95,1326495,6591122.000
2012-12-25,4.95,5.07,4.95,5.05,2985537,15043246.000
2012-12-26,5.03,5.14,5.03,5.12,3744733,19082808.000
2012-12-27,5.14,5.22,5.08,5.18,5540339,28594778.000
2012-12-28,5.18,5.25,5.13,5.24,4370785,22730816.000
2012-12-31,5.25,5.28,5.16,5.24,2998081,15645786.000
2013-01-04,5.25,5.67,5.22,5.59,13973871,76331808.000
2013-01-07,5.62,5.82,5.54,5.69,13897182,79092760.000
2013-01-08,5.73,5.73,5.50,5.59,6722669,37501364.000
2013-01-09,5.61,5.62,5.46,5.53,5563071,30853520.000
2013-01-10,5.50,5.57,5.44,5.52,4944686,27200400.000
2013-01-11,5.52,5.65,5.22,5.29,7754034,42291456.000
2013-01-14,5.28,5.48,5.24,5.45,5960313,32187816.000
2013-01-15,5.45,5.58,5.42,5.55,7174693,39431300.000
2013-01-16,5.54,5.57,5.40,5.51,5377956,29452762.000
2013-01-17,5.49,5.51,5.39,5.40,4475565,24292508.000
2013-01-18,5.40,5.54,5.40,5.51,4287387,23502556.000
2013-01-21,5.51,5.58,5.50,5.55,5246152,29078312.000
2013-01-22,5.56,5.57,5.42,5.45,3811249,20886056.000
2013-01-23,5.43,5.48,5.34,5.43,2885632,15608507.000
2013-01-24,5.43,5.53,5.28,5.33,3757138,20366920.000
2013-01-25,5.33,5.34,5.22,5.27,2127136,11232031.000
2013-01-28,5.27,5.40,5.27,5.38,2116999,11352674.000
2013-01-29,5.38,5.47,5.36,5.47,3073553,16680835.000
2013-01-30,5.45,5.51,5.42,5.46,3372747,18430156.000
2013-01-31,5.46,5.56,5.46,5.51,4417998,24326840.000
2013-02-01,5.55,5.55,5.42,5.51,2980510,16394775.000
2013-02-04,5.51,5.53,5.44,5.49,3436175,18841026.000
2013-02-05,5.46,5.49,5.36,5.48,2213940,12054575.000
2013-02-06,5.46,5.56,5.45,5.53,3484288,19243328.000
2013-02-07,5.53,5.57,5.48,5.56,2952791,16336282.000
2013-02-08,5.56,5.64,5.52,5.61,4463122,24912752.000
2013-02-18,5.60,5.65,5.57,5.62,4102269,23036442.000
2013-02-19,5.61,5.65,5.49,5.52,4196534,23305890.000
2013-02-20,5.50,5.80,5.50,5.78,7851595,44440044.000
2013-02-21,5.72,5.73,5.58,5.65,6824899,38628916.000
2013-02-22,5.61,5.86,5.60,5.76,13150942,75830016.000
2013-02-25,5.76,5.84,5.66,5.84,7507426,43173856.000
2013-02-26,5.81,5.97,5.77,5.87,13569459,80021160.000
2013-02-27,5.89,6.16,5.75,5.91,12630529,74513512.000
2013-02-28,5.89,5.95,5.72,5.89,9967079,58427792.000
2013-03-01,5.82,5.91,5.75,5.87,8400650,48898788.000
2013-03-04,5.81,6.05,5.76,5.93,12284013,72385248.000
2013-03-05,5.99,6.22,5.90,6.16,17939203,109218688.000
2013-03-06,6.17,6.19,6.05,6.17,11810618,72259760.000
2013-03-07,6.18,6.18,5.80,5.92,9553077,57394968.000
2013-03-08,5.90,5.97,5.81,5.83,4278747,25095944.000
2013-03-11,5.84,5.89,5.80,5.86,2775246,16232608.000
2013-03-12,5.85,5.89,5.51,5.61,5278418,29969258.000
2013-03-13,5.57,5.66,5.45,5.53,3281931,18124440.000
2013-03-14,5.52,5.60,5.50,5.55,2108342,11720290.000
2013-03-15,5.59,5.64,5.51,5.55,2248078,12523082.000
2013-03-18,5.55,5.56,5.35,5.38,2692736,14718326.000
2013-03-19,5.38,5.46,5.33,5.42,1899939,10252676.000
2013-03-20,5.44,5.55,5.40,5.55,2759220,15185597.000
2013-03-21,5.55,5.85,5.52,5.83,10081418,57874752.000
2013-03-22,5.76,5.87,5.73,5.82,3509779,20363572.000
2013-03-25,5.80,5.89,5.74,5.82,2950012,17127272.000
2013-03-26,5.81,5.91,5.62,5.77,8443308,48917548.000
2013-03-27,5.81,5.81,5.58,5.59,6545943,37103304.000
2013-03-28,5.57,5.57,5.30,5.31,4733313,25614718.000
2013-03-29,5.33,5.39,5.32,5.36,2093285,11202656.000
2013-04-01,5.42,5.57,5.42,5.47,3010742,16494753.000
2013-04-02,5.46,5.50,5.34,5.39,2253480,12189437.000
2013-04-03,5.42,5.75,5.39,5.59,9059692,50849912.000
2013-04-08,5.56,5.74,5.24,5.68,6649456,36865520.000
2013-04-09,5.62,5.69,5.54,5.59,4226413,23633132.000
2013-04-10,5.55,5.58,5.40,5.45,3073097,16766397.000
2013-04-11,5.45,5.48,5.35,5.37,2530539,13666359.000
2013-04-12,5.37,5.44,5.33,5.36,1514587,8130961.000
2013-04-15,5.33,5.41,5.22,5.25,1918099,10188024.000
2013-04-16,5.21,5.26,5.07,5.20,2720930,14000156.000
2013-04-17,5.20,5.25,5.15,5.24,1651696,8584971.000
2013-04-18,5.20,5.25,5.15,5.20,1366942,7107892.000
2013-04-19,5.21,5.39,5.19,5.34,2677479,14241242.000
2013-04-22,5.28,5.35,5.27,5.34,2385434,12689186.000
2013-04-23,5.35,5.35,5.09,5.12,2684478,13923385.000
2013-04-24,5.13,5.23,5.13,5.21,1851190,9624284.000
2013-04-25,5.20,5.24,5.12,5.15,2053589,10627647.000
2013-04-26,5.14,5.19,5.09,5.11,1575873,8093332.000
2013-05-02,5.12,5.19,5.11,5.16,1314761,6779216.000
2013-05-03,5.19,5.32,5.19,5.25,2525590,13315004.000
2013-05-06,5.25,5.34,5.22,5.31,1976587,10462470.000
2013-05-07,5.27,5.33,5.26,5.30,1534701,8117336.000
2013-05-08,5.30,5.32,5.23,5.28,2771990,14595552.000
2013-05-09,5.25,5.39,5.25,5.35,3929800,20903420.000
2013-05-10,5.35,5.44,5.30,5.41,3546626,19083720.000
2013-05-13,5.40,5.45,5.34,5.41,3118580,16789854.000
2013-05-14,5.41,5.41,5.29,5.31,2143595,11412047.000
2013-05-15,5.30,5.35,5.26,5.34,1667727,8850808.000
2013-05-16,5.32,5.43,5.29,5.40,2688301,14468610.000
2013-05-17,5.40,5.56,5.38,5.53,8218265,45189636.000
2013-05-20,5.50,5.57,5.46,5.55,5874231,32460742.000
2013-05-21,5.55,5.66,5.51,5.63,6482012,36338284.000
2013-05-22,5.65,5.69,5.58,5.63,5238827,29473136.000
2013-05-23,5.60,5.62,5.50,5.51,4808969,26672496.000
2013-05-24,5.51,5.82,5.45,5.67,8413872,47449300.000
2013-05-27,5.66,5.73,5.60,5.67,4974788,28114322.000
2013-05-28,5.67,5.74,5.63,5.72,4779764,27182044.000
2013-05-29,5.71,5.82,5.67,5.77,5748285,33008416.000
2013-05-30,5.69,5.75,5.60,5.69,4668854,26574104.000
2013-05-31,5.70,5.87,5.70,5.72,7448676,43068508.000
2013-06-03,5.69,5.83,5.69,5.71,3752375,21595760.000
2013-06-04,5.67,5.71,5.48,5.56,4399647,24485048.000
2013-06-05,5.58,5.58,5.49,5.55,2181397,12047960.000
2013-06-06,5.55,5.55,5.38,5.39,2479424,13566786.000
2013-06-07,5.42,5.43,5.26,5.29,2271585,12097434.000
2013-06-13,5.28,5.28,5.11,5.18,1815612,9375009.000
2013-06-14,5.20,5.35,5.19,5.28,1639006,8647499.000
2013-06-17,5.31,5.31,5.22,5.28,971885,5122757.000
2013-06-18,5.30,5.31,5.23,5.28,890031,4689855.000
2013-06-19,5.26,5.35,5.14,5.35,1557980,8181737.000
2013-06-20,5.31,5.32,5.16,5.17,1186980,6209665.000
2013-06-21,5.09,5.18,5.04,5.13,983282,5026937.000
2013-06-24,5.10,5.14,4.65,4.71,2389971,11591484.000
2013-06-25,4.70,4.79,4.35,4.71,2383251,10937028.000
2013-06-26,4.76,4.85,4.72,4.78,1581817,7573034.000
2013-06-27,4.76,4.86,4.70,4.72,2443104,11689654.000
2013-06-28,4.69,4.82,4.50,4.70,1452355,6803977.000
2013-07-01,4.71,4.85,4.66,4.84,2169193,10309964.000
2013-07-02,4.85,4.91,4.76,4.89,1385684,6692729.000
2013-07-03,4.85,4.89,4.80,4.88,1224662,5925056.000
2013-07-04,4.81,4.95,4.81,4.90,1359688,6663944.000
2013-07-05,4.90,4.94,4.86,4.86,1591504,7783701.000
2013-07-08,4.85,4.85,4.68,4.72,1314120,6244590.000
2013-07-09,4.75,4.79,4.69,4.72,702936,3317426.000
2013-07-10,4.77,5.19,4.73,5.08,14454385,74198112.000
2013-07-11,5.00,5.15,4.95,5.07,12766940,64199720.000
2013-07-12,5.02,5.11,5.00,5.03,4938298,24983926.000
数据来源:通达信
