600618 氯碱化工 日线
      日期	    开盘	    最高	    最低	    收盘	    成交量	    成交额
2007-01-11,4.47,5.09,4.34,4.90,18867007,88412200.000
2007-01-12,4.99,5.39,4.90,5.39,26572130,139440224.000
2007-01-15,5.40,5.47,5.09,5.36,17161213,91008904.000
2007-01-16,5.39,5.39,5.11,5.21,12082694,63160856.000
2007-01-17,5.24,5.41,5.11,5.39,14147696,74467456.000
2007-01-18,5.39,5.40,5.11,5.20,8966565,46734212.000
2007-01-19,5.20,5.34,5.15,5.23,7845804,41174496.000
2007-01-22,5.25,5.64,5.21,5.59,13882594,75750864.000
2007-01-23,5.64,5.64,5.29,5.43,9923597,53880548.000
2007-01-24,5.43,5.87,5.38,5.67,12135783,68114872.000
2007-01-25,5.67,5.67,5.19,5.25,8288641,44895096.000
2007-01-26,5.17,5.29,5.01,5.20,5257458,27153060.000
2007-01-29,5.18,5.42,5.15,5.36,6243845,33200644.000
2007-01-30,5.36,5.43,5.22,5.26,4553880,24198988.000
2007-01-31,5.26,5.67,5.13,5.49,12246283,66521992.000
2007-02-01,5.40,5.84,5.30,5.65,17253064,98146960.000
2007-02-02,5.69,5.94,5.44,5.70,11830644,67884216.000
2007-02-05,5.64,5.81,5.40,5.42,6871209,38694072.000
2007-02-06,5.50,5.74,5.45,5.62,6631994,37278764.000
2007-02-07,5.71,5.94,5.49,5.84,11051733,63535120.000
2007-02-08,5.83,6.08,5.75,5.91,10302023,61320516.000
2007-02-09,5.88,5.94,5.72,5.79,5875783,34156928.000
2007-02-12,5.84,6.03,5.78,6.03,7383443,43632720.000
2007-02-13,6.13,6.15,5.94,5.99,6872854,41536236.000
2007-02-14,5.99,6.08,5.87,5.99,6765491,40584884.000
2007-02-15,6.02,6.59,6.00,6.59,14011683,89358632.000
2007-02-16,6.70,7.04,6.47,6.57,13160542,88647080.000
2007-02-26,6.67,6.91,6.49,6.87,9076049,61308168.000
2007-02-27,6.91,6.97,6.18,6.18,10515585,68747416.000
2007-02-28,5.92,6.37,5.89,6.30,9544625,58483304.000
2007-03-01,6.29,6.29,5.95,5.98,7584652,46113976.000
2007-03-02,6.02,6.44,6.02,6.22,6841165,42862488.000
2007-03-05,6.17,6.46,5.95,6.20,6316525,39085100.000
2007-03-06,6.24,6.37,6.10,6.28,5235045,32841744.000
2007-03-07,6.25,6.44,6.25,6.41,5498803,35119432.000
2007-03-08,6.41,6.54,6.25,6.48,5551763,35618988.000
2007-03-09,6.47,6.52,6.27,6.38,6514183,41618884.000
2007-03-12,6.38,6.69,6.17,6.66,10585063,69039104.000
2007-03-13,6.64,6.88,6.51,6.74,8957839,60272764.000
2007-03-14,6.60,6.75,6.30,6.50,7687094,50155892.000
2007-03-15,6.54,6.88,6.44,6.78,9735312,65594980.000
2007-03-16,6.75,6.94,6.33,6.48,9410468,62950560.000
2007-03-19,6.27,6.58,6.17,6.46,6130739,39448084.000
2007-03-20,6.40,6.66,6.40,6.57,6417426,41968736.000
2007-03-21,6.57,6.94,6.41,6.79,9107199,61214220.000
2007-03-22,6.78,7.06,6.69,6.85,12714933,87634376.000
2007-03-23,6.82,6.91,6.62,6.86,7599931,51604132.000
2007-03-26,6.86,7.26,6.79,7.22,10152947,72346232.000
2007-03-27,7.31,7.37,7.09,7.26,9977724,72020400.000
2007-03-28,7.22,7.31,6.69,7.06,10433926,73415192.000
2007-03-29,7.06,7.19,6.77,6.78,8113562,56497844.000
2007-03-30,6.67,7.39,6.58,7.19,9441117,66920368.000
2007-04-02,7.18,7.51,7.17,7.30,9784924,72080472.000
2007-04-03,7.36,7.37,7.12,7.25,5604595,40494224.000
2007-04-04,7.26,7.56,7.15,7.50,10673638,78933280.000
2007-04-05,7.45,7.57,7.34,7.48,7071877,52911416.000
2007-04-06,7.41,7.59,7.31,7.37,6940344,51677808.000
2007-04-09,7.36,7.54,7.29,7.52,9896875,73605472.000
2007-04-10,7.49,7.52,7.08,7.39,7507667,55221340.000
2007-04-11,7.39,7.39,7.14,7.32,6892403,50129872.000
2007-04-12,7.30,7.55,7.21,7.49,8850446,65693344.000
2007-04-13,7.47,7.73,7.27,7.30,11133245,83998128.000
2007-04-16,7.30,7.61,7.30,7.58,8686761,65334264.000
2007-04-17,7.58,8.27,7.49,8.06,16348173,128417040.000
2007-04-18,7.99,8.27,7.81,8.13,11665717,94201408.000
2007-04-19,8.09,8.13,7.32,7.48,11183532,86211792.000
2007-04-20,7.55,7.94,7.55,7.87,9078183,70706464.000
2007-04-23,8.24,8.59,8.18,8.38,12773598,107115344.000
2007-04-24,8.44,8.84,8.26,8.55,11560826,98896616.000
2007-04-25,8.47,9.38,8.30,9.24,15644557,141121344.000
2007-04-26,9.16,9.44,8.99,9.17,8428808,77489520.000
2007-04-27,9.17,9.97,9.01,9.67,11669101,111970840.000
2007-04-30,9.69,10.30,9.69,10.09,13733196,137958672.000
2007-05-08,10.19,11.09,10.19,11.09,12617549,135318112.000
2007-05-09,11.30,11.56,10.09,10.63,17189762,186515968.000
2007-05-10,10.67,10.69,9.99,10.41,11236099,115565776.000
2007-05-11,10.39,10.39,9.88,10.27,8317298,84539240.000
2007-05-14,10.09,10.49,9.97,10.22,10466815,107356944.000
2007-05-16,9.59,10.49,9.24,10.46,14532413,142649312.000
2007-05-17,10.56,10.69,10.26,10.43,13598169,142729024.000
2007-05-18,10.39,10.39,10.01,10.09,8818887,89759536.000
2007-05-21,9.55,10.17,9.49,10.09,8132450,81049128.000
2007-05-22,10.09,10.74,10.09,10.49,13684301,143358704.000
2007-05-23,10.51,10.94,10.51,10.69,9752573,104410240.000
2007-05-24,10.69,11.76,10.39,11.76,24175722,268471872.000
2007-05-25,11.94,11.94,11.15,11.44,17920267,207933456.000
2007-05-28,11.50,11.75,11.39,11.44,11732658,135188048.000
2007-05-29,11.44,12.47,11.28,12.28,20353335,243852128.000
2007-05-30,11.64,12.69,11.06,11.43,30657279,369460928.000
2007-05-31,11.40,11.77,10.30,10.30,14210831,150316000.000
2007-06-01,10.18,10.30,9.26,9.26,10063321,96729000.000
2007-06-04,8.39,9.01,8.34,8.34,3950554,33339892.000
2007-06-05,7.50,8.27,7.50,7.77,9796184,75210288.000
2007-06-06,7.87,8.19,7.55,7.93,9160498,72767368.000
2007-06-07,7.96,8.34,7.68,8.34,10376463,83736992.000
2007-06-08,8.34,8.57,8.19,8.42,12083698,101369656.000
2007-06-11,9.26,9.26,9.01,9.26,12476106,115434440.000
2007-06-12,9.66,9.66,8.49,9.13,16291816,149511504.000
2007-06-13,9.05,9.59,8.99,9.39,12472055,116385072.000
2007-06-14,9.39,9.39,8.89,8.90,8981286,82067248.000
2007-06-15,8.80,9.03,8.59,8.72,7175119,62859548.000
2007-06-18,8.76,9.30,8.74,9.22,8467116,75730992.000
2007-06-19,8.99,9.19,8.84,9.09,5849503,52800520.000
2007-06-20,9.06,9.36,8.51,8.65,7619724,69518472.000
2007-06-21,8.55,8.80,8.14,8.38,7145857,59859020.000
2007-06-22,8.39,8.47,7.54,7.56,8467064,66509612.000
2007-06-25,7.64,7.74,6.80,6.80,6566466,46820184.000
2007-06-26,6.69,7.10,6.34,7.08,6557859,44697296.000
2007-06-27,7.08,7.19,6.79,7.11,5440275,38203876.000
2007-06-28,7.04,7.04,6.40,6.40,6981815,46926096.000
2007-06-29,6.14,6.29,5.78,5.98,6863928,41423600.000
2007-07-02,6.04,6.34,6.01,6.33,5420250,33551488.000
2007-07-03,6.38,6.46,6.07,6.32,4628226,29025048.000
2007-07-04,6.28,6.34,5.90,6.07,2857635,17673796.000
2007-07-05,5.89,6.27,5.71,5.96,4985458,29812392.000
2007-07-06,5.96,6.56,5.91,6.42,8034446,50676096.000
2007-07-09,6.44,6.67,6.32,6.53,7816486,50958540.000
2007-07-10,6.56,6.56,6.17,6.29,4861976,30731314.000
2007-07-11,6.33,6.55,6.27,6.47,4413780,28413024.000
2007-07-12,6.49,6.58,6.37,6.49,3390596,21940924.000
2007-07-13,6.58,6.58,6.25,6.49,3531571,22570270.000
2007-07-16,6.59,6.74,6.19,6.21,6793001,44455408.000
2007-07-17,6.03,6.44,6.03,6.33,3267618,20504124.000
2007-07-18,6.34,6.52,6.22,6.40,3645280,23510378.000
2007-07-19,6.41,6.73,6.20,6.63,5949759,38890704.000
2007-07-20,6.54,6.83,6.52,6.79,7732406,51893008.000
2007-07-23,6.74,7.22,6.66,7.10,9575897,67047412.000
2007-07-24,7.13,7.23,6.94,6.94,7875159,55666352.000
2007-07-25,6.90,7.17,6.89,7.12,5551787,39130024.000
2007-07-26,7.16,7.37,7.07,7.24,6734264,48851864.000
2007-07-27,7.20,7.58,7.06,7.46,8504167,62671244.000
2007-07-30,7.49,7.71,7.44,7.56,8474979,64562160.000
2007-07-31,7.87,8.32,7.42,7.82,9694797,76534768.000
2007-08-01,7.74,8.01,7.09,7.15,11224126,85934920.000
2007-08-02,7.14,7.43,6.87,7.25,7417924,53521480.000
2007-08-03,7.27,7.40,7.09,7.30,5295360,38515240.000
2007-08-06,7.47,7.52,7.28,7.49,5700833,42251920.000
2007-08-07,7.52,7.63,7.25,7.45,5512611,40989828.000
2007-08-08,7.29,7.67,7.14,7.57,8865922,66097920.000
2007-08-09,7.71,7.83,7.44,7.50,12303894,94197864.000
2007-08-10,7.50,7.61,6.99,7.20,5549836,40227080.000
2007-08-13,7.18,7.18,6.95,7.08,4472169,31458824.000
2007-08-14,7.11,7.40,7.08,7.31,4252536,30919664.000
2007-08-15,7.34,7.34,7.00,7.20,3528772,25246062.000
2007-08-16,7.09,7.54,6.99,7.48,6634441,48756384.000
2007-08-17,7.50,7.63,7.37,7.41,8170113,61536280.000
2007-08-20,7.49,7.64,7.44,7.63,6790753,51415828.000
2007-08-21,7.59,7.74,7.53,7.67,6257475,47819136.000
2007-08-22,7.57,7.95,7.44,7.81,7991764,62238200.000
2007-08-23,7.92,7.99,7.69,7.84,6370933,50016360.000
2007-08-24,8.01,8.05,7.67,7.77,7121157,55850016.000
2007-08-27,7.79,7.84,7.58,7.66,4845760,37253672.000
2007-08-28,7.59,7.69,7.41,7.68,4830766,36456336.000
2007-08-29,7.55,7.70,7.45,7.51,3210848,24393612.000
2007-08-30,7.55,7.98,7.53,7.89,8869392,69197072.000
2007-08-31,7.97,8.09,7.84,7.99,8045728,64249572.000
2007-09-03,8.05,8.30,8.05,8.15,7903211,64815508.000
2007-09-04,8.19,8.22,7.99,8.05,7216976,58503100.000
2007-09-05,7.99,8.13,7.79,8.09,5440834,43487488.000
2007-09-06,8.13,8.51,8.13,8.36,10527544,87925160.000
2007-09-07,8.27,8.31,7.91,7.97,7075900,57357332.000
2007-09-10,7.79,8.35,7.75,8.31,5957744,48085144.000
2007-09-11,8.34,8.78,7.77,7.83,14073861,119419568.000
2007-09-12,7.69,7.98,7.29,7.96,6846041,52790248.000
2007-09-13,7.85,7.98,7.69,7.91,4253772,33369624.000
2007-09-14,7.87,8.27,7.86,8.24,7720043,62778024.000
2007-09-17,8.20,8.59,8.11,8.41,9437314,79148704.000
2007-09-18,8.44,8.59,8.20,8.38,6856877,57499712.000
2007-09-19,8.41,8.98,8.10,8.77,14891649,128560216.000
2007-09-20,8.64,9.03,8.59,8.88,12181757,107853952.000
2007-09-21,8.99,9.05,8.31,8.60,6858157,58964068.000
2007-09-24,8.57,8.80,8.30,8.47,5291778,45299568.000
2007-09-25,8.43,8.56,8.22,8.30,4335127,36169328.000
2007-09-26,8.19,8.44,8.14,8.17,2985123,24770964.000
2007-09-27,8.18,8.45,8.13,8.36,3459269,28665738.000
2007-09-28,8.43,8.51,8.32,8.38,3975748,33426952.000
2007-10-08,8.48,8.72,8.36,8.51,5354363,45773512.000
2007-10-09,8.51,8.80,8.40,8.74,6113474,53143264.000
2007-10-10,8.80,8.84,8.38,8.39,6047565,51739536.000
2007-10-11,8.47,8.48,7.85,7.93,5800774,47110072.000
2007-10-12,7.94,7.94,7.14,7.48,7039637,52291600.000
2007-10-15,7.51,7.59,7.17,7.36,4078133,29936594.000
2007-10-16,7.37,7.53,7.32,7.51,2665652,19892308.000
2007-10-17,7.51,7.79,7.34,7.69,5113812,38833716.000
2007-10-18,7.64,7.65,7.29,7.29,2787959,20763292.000
2007-10-19,7.29,7.46,7.05,7.09,2637375,19173664.000
2007-10-22,7.09,7.25,6.90,6.92,2265936,15964374.000
2007-10-23,6.97,7.08,6.64,6.98,1915097,13212662.000
2007-10-24,6.89,7.33,6.89,7.07,3980206,28553736.000
2007-10-25,7.08,7.08,6.36,6.36,3272549,21315440.000
2007-10-26,6.36,6.65,6.05,6.25,2261820,14175968.000
2007-10-29,6.31,6.42,5.99,6.20,3241959,19889272.000
2007-10-30,6.21,6.45,6.09,6.44,2280144,14337053.000
2007-10-31,6.42,6.69,6.39,6.62,3363374,22077376.000
2007-11-01,6.66,6.79,6.35,6.61,4364609,28783698.000
2007-11-02,6.55,6.79,6.37,6.69,3585098,23754264.000
2007-11-05,6.70,7.27,6.69,7.18,8631215,60770448.000
2007-11-06,7.18,7.21,6.99,7.09,3537987,25018862.000
2007-11-07,7.09,7.09,6.70,6.86,2566271,17630248.000
2007-11-08,6.74,6.88,6.61,6.63,1872476,12686842.000
2007-11-09,6.58,6.71,6.42,6.64,2053335,13508903.000
2007-11-12,6.55,6.90,6.47,6.78,2036897,13718962.000
2007-11-13,6.84,6.92,6.71,6.84,2020315,13799759.000
2007-11-14,6.89,6.96,6.81,6.96,2114882,14651731.000
2007-11-15,6.90,6.94,6.59,6.71,2468685,16759666.000
2007-11-19,6.69,6.96,6.69,6.92,1555241,10738559.000
2007-11-20,6.91,7.04,6.84,7.01,2499439,17466856.000
2007-11-21,7.01,7.09,6.77,6.79,2427733,16906228.000
2007-11-22,6.79,7.43,6.73,7.06,8510063,60798268.000
2007-11-23,6.84,7.04,6.59,7.00,3659233,24956006.000
2007-11-26,7.05,7.28,6.85,6.87,3065150,21807708.000
2007-11-27,6.73,6.91,6.69,6.77,1471786,10019955.000
2007-11-28,6.77,6.87,6.71,6.79,1354671,9205368.000
2007-11-29,6.81,7.03,6.78,7.00,2061650,14317163.000
2007-11-30,7.01,7.19,6.85,7.01,3702319,26227016.000
2007-12-03,7.10,7.27,7.08,7.13,2189293,15671003.000
2007-12-04,7.18,7.20,7.04,7.10,1766507,12577927.000
2007-12-05,7.00,7.19,6.99,7.13,1838847,13092423.000
2007-12-06,7.13,7.19,6.94,7.06,2117038,14931299.000
2007-12-07,7.06,7.15,6.98,7.15,2306356,16326167.000
2007-12-10,7.05,7.33,7.04,7.24,3613366,26135280.000
2007-12-11,7.34,7.36,7.23,7.34,3657198,26701440.000
2007-12-12,7.34,7.58,7.34,7.39,5077900,37996728.000
2007-12-13,7.41,7.57,7.22,7.23,3233462,24042772.000
2007-12-14,7.12,7.33,7.11,7.31,2195655,15891341.000
2007-12-17,7.32,7.54,7.25,7.39,2445472,18186700.000
2007-12-18,7.42,7.62,7.29,7.39,3091669,23227530.000
2007-12-19,7.51,7.64,7.39,7.55,3657615,27606146.000
2007-12-20,7.53,7.64,7.48,7.59,2863817,21666898.000
2007-12-21,7.49,7.74,7.29,7.65,3912922,29792872.000
2007-12-24,7.72,8.01,7.60,7.77,5858312,45683112.000
2007-12-25,7.81,7.88,7.69,7.82,3743100,29169948.000
2007-12-26,7.81,7.94,7.81,7.90,3963559,31228912.000
2007-12-27,7.95,8.05,7.87,7.91,4246106,33836800.000
2007-12-28,7.94,7.98,7.71,7.72,3465120,27016112.000
2008-01-02,7.71,8.06,7.71,8.05,3877980,30925844.000
2008-01-03,8.05,8.45,7.99,8.24,5674374,46903688.000
2008-01-04,8.26,8.34,8.09,8.28,3948581,32314108.000
2008-01-07,8.30,9.11,8.30,9.11,10700366,94475704.000
2008-01-08,9.48,10.02,9.30,9.80,34663363,335861344.000
2008-01-09,9.61,10.49,9.35,10.34,21367791,214287968.000
2008-01-10,10.19,10.68,9.91,10.01,17275932,176528720.000
2008-01-11,9.99,10.19,9.60,9.85,8593386,84337936.000
2008-01-14,9.69,9.99,9.51,9.88,8782136,85701712.000
2008-01-15,9.89,9.94,9.56,9.72,6943651,67535840.000
2008-01-16,9.72,9.97,9.57,9.85,9302941,91476784.000
2008-01-17,9.70,10.17,9.09,9.44,10165706,99289632.000
2008-01-18,9.34,9.48,8.95,9.23,6331871,58065744.000
2008-01-21,9.30,9.49,8.80,8.81,5163273,47480132.000
2008-01-22,8.69,8.69,7.93,7.93,6495417,52716992.000
2008-01-23,7.83,8.43,7.61,8.28,7255893,58816484.000
2008-01-24,8.44,8.94,8.30,8.67,7051589,60879760.000
2008-01-25,8.67,9.14,8.49,8.63,6665950,59104748.000
2008-01-28,8.44,8.56,7.82,7.82,4900403,39564864.000
2008-01-29,7.81,8.22,7.81,8.11,3032952,24448778.000
2008-01-30,8.19,8.34,7.82,8.13,2924553,23793820.000
2008-01-31,8.13,8.26,7.79,7.82,1833913,14741264.000
2008-02-01,7.92,7.95,7.04,7.10,3389385,24808646.000
2008-02-04,7.39,7.81,7.22,7.81,3006785,22854348.000
2008-02-05,7.80,8.11,7.52,7.99,2686785,21236636.000
2008-02-13,7.89,8.30,7.74,8.06,2684874,21764342.000
2008-02-14,8.06,8.31,8.06,8.20,2447043,20091716.000
2008-02-15,8.09,8.23,7.89,8.13,2026198,16293739.000
2008-02-18,8.18,8.49,8.17,8.38,3663008,30687444.000
2008-02-19,8.49,8.51,8.27,8.49,3326462,28170596.000
2008-02-20,8.68,9.34,8.65,9.34,10610881,96866776.000
2008-02-21,9.36,9.63,9.01,9.47,15940425,149691920.000
2008-02-22,9.30,9.38,8.74,8.97,7090434,64521556.000
2008-02-25,8.92,9.55,8.80,9.11,8975292,83171920.000
2008-02-26,9.23,9.68,9.05,9.59,11867967,111894496.000
2008-02-27,9.56,9.56,9.22,9.48,7703295,72489144.000
2008-02-28,8.53,9.42,8.53,9.10,7209630,65770832.000
2008-02-29,9.05,9.27,8.84,9.13,5641239,51085136.000
2008-03-03,9.01,9.60,8.88,9.49,8451524,78657032.000
2008-03-04,9.49,10.13,9.40,9.73,14759843,144863536.000
2008-03-05,9.72,9.98,9.14,9.46,7392390,70319128.000
2008-03-06,9.38,9.89,9.35,9.38,7107637,68128744.000
2008-03-07,9.30,9.49,8.97,9.11,4614562,42384696.000
2008-03-10,9.02,9.26,8.88,8.97,3517344,31844424.000
2008-03-11,8.97,9.16,8.67,9.10,3127494,27901636.000
2008-03-12,9.23,9.65,9.09,9.16,7051543,66274688.000
2008-03-13,9.01,9.13,8.39,8.76,3921115,34398152.000
2008-03-14,8.49,8.94,8.49,8.73,2626095,23026650.000
2008-03-17,8.65,8.73,7.86,7.86,3136439,25603708.000
2008-03-18,7.79,7.93,7.07,7.16,3919144,28759240.000
2008-03-19,7.34,7.71,7.17,7.58,3196140,23888796.000
2008-03-20,7.36,7.96,7.04,7.82,4103350,31095668.000
2008-03-21,7.74,8.07,7.67,7.83,3106703,24574344.000
2008-03-24,7.92,8.13,7.67,7.69,2547725,20229560.000
2008-03-25,7.57,8.23,7.37,8.19,4262378,33958680.000
2008-03-26,8.22,8.28,7.89,7.98,3263031,26448248.000
2008-03-27,7.80,7.82,7.36,7.38,3029068,22972598.000
2008-03-28,7.38,7.68,7.01,7.65,2533678,18858084.000
2008-03-31,7.46,7.59,7.19,7.23,1853027,13659457.000
2008-04-01,7.09,7.33,6.51,6.51,3018150,20322036.000
2008-04-02,6.65,6.72,5.86,5.96,2785191,17315136.000
2008-04-03,5.92,6.18,5.69,6.09,2067465,12294543.000
2008-04-07,6.03,6.54,5.91,6.50,2454749,15541169.000
2008-04-08,6.49,6.65,6.35,6.57,2910227,19052188.000
2008-04-09,6.62,6.87,6.21,6.22,3857950,25631868.000
2008-04-10,6.11,6.48,6.04,6.45,1999207,12593314.000
2008-04-11,6.51,6.69,6.35,6.61,2071475,13665782.000
2008-04-14,6.15,6.45,5.99,6.03,2041914,12659776.000
2008-04-15,6.01,6.28,5.90,6.27,1687147,10272102.000
2008-04-16,6.27,6.27,5.99,6.04,1290873,7917061.000
2008-04-17,6.09,6.24,5.77,5.83,1648281,9919273.000
2008-04-18,5.74,5.83,5.27,5.32,2010091,11008785.000
2008-04-21,5.69,5.78,5.30,5.34,1928747,10635996.000
2008-04-22,5.32,5.32,4.92,5.26,1733737,8914538.000
2008-04-23,5.25,5.53,5.11,5.47,2088305,11248925.000
2008-04-24,5.97,6.02,5.68,6.02,5804431,34378568.000
2008-04-25,6.06,6.29,5.90,6.10,4574541,28097810.000
2008-04-28,5.97,6.47,5.84,6.28,4716276,29191388.000
2008-04-29,6.21,6.38,6.09,6.21,3261655,20421960.000
2008-04-30,6.29,6.41,6.20,6.38,4613620,29157492.000
2008-05-05,6.39,6.62,6.30,6.56,3868323,25181164.000
2008-05-06,6.47,6.59,6.37,6.44,3844122,24944772.000
2008-05-07,6.36,6.54,6.10,6.14,3480302,22147364.000
2008-05-08,6.09,6.60,6.04,6.59,5957822,38084548.000
2008-05-09,6.74,6.85,6.41,6.60,8151670,54584196.000
2008-05-12,6.39,6.89,6.29,6.74,4417665,29509692.000
2008-05-13,6.44,7.09,6.37,6.99,8134191,55287532.000
2008-05-14,6.94,7.15,6.85,6.96,5629790,39359228.000
2008-05-15,6.94,7.06,6.70,6.73,4289167,29666748.000
2008-05-16,6.69,6.88,6.41,6.59,2676473,17818282.000
2008-05-19,6.51,6.98,6.47,6.79,3399705,23067812.000
2008-05-21,6.38,6.69,6.11,6.61,5797279,36545512.000
2008-05-22,6.41,6.98,6.40,6.69,5450383,36676012.000
2008-05-23,6.59,6.79,6.19,6.36,2909037,18826960.000
2008-05-26,6.30,6.50,6.11,6.12,2116909,13317875.000
2008-05-27,6.13,6.26,6.01,6.15,1722868,10569891.000
2008-05-28,6.15,6.47,6.15,6.39,2860278,18266576.000
2008-05-29,6.37,6.73,6.27,6.44,4632912,30312952.000
2008-05-30,6.35,6.51,6.26,6.38,2459457,15738190.000
2008-06-02,6.37,6.38,6.09,6.31,2258019,14123519.000
2008-06-03,6.31,6.37,6.17,6.23,1657809,10354955.000
2008-06-04,6.22,6.79,6.18,6.60,10236255,67637224.000
2008-06-05,6.49,6.79,6.44,6.75,7951746,52935992.000
2008-06-06,6.67,6.74,6.31,6.40,4674854,30657694.000
2008-06-10,6.11,6.14,5.76,5.76,3108129,18297590.000
2008-06-11,5.41,5.79,5.30,5.62,3140290,17308976.000
2008-06-12,5.50,5.74,5.32,5.71,3080959,17101264.000
2008-06-13,5.73,5.81,5.40,5.41,2765675,15690527.000
2008-06-16,5.38,5.54,5.19,5.47,1649375,8924914.000
2008-06-17,5.54,5.58,5.09,5.13,2383621,12810382.000
2008-06-18,5.15,5.55,4.91,5.43,3649513,19059364.000
2008-06-19,5.39,5.39,4.89,4.89,2560588,13115722.000
2008-06-20,4.80,5.25,4.66,4.91,2434003,12219430.000
2008-06-23,4.79,4.97,4.74,4.79,1243530,6068058.000
2008-06-24,4.84,5.02,4.79,4.94,1475062,7284953.000
2008-06-25,4.97,5.20,4.89,5.19,2269755,11661360.000
2008-06-26,5.20,5.31,5.11,5.27,2779311,14562847.000
2008-06-27,5.13,5.15,4.74,4.76,3080489,15179241.000
2008-06-30,4.63,4.93,4.63,4.88,1246087,6053021.000
2008-07-01,4.88,4.93,4.79,4.85,1019956,4977895.000
2008-07-02,4.90,5.09,4.49,5.06,2690283,13350714.000
2008-07-03,4.88,5.29,4.88,5.17,3478901,17906272.000
2008-07-04,5.07,5.34,5.04,5.14,2460914,12733361.000
2008-07-07,5.19,5.35,5.13,5.32,3370908,17814948.000
2008-07-08,5.38,5.43,5.17,5.34,3077367,16278071.000
2008-07-09,5.36,5.73,5.29,5.71,7162700,39574852.000
2008-07-10,5.63,5.68,5.49,5.65,5647071,31697100.000
2008-07-11,5.65,5.77,5.50,5.66,3931259,22102404.000
2008-07-14,5.62,5.77,5.59,5.74,3833078,21913988.000
2008-07-15,5.75,5.94,5.49,5.52,4723430,27099436.000
2008-07-16,5.47,5.52,5.04,5.16,2457856,12975092.000
2008-07-17,5.29,5.39,5.09,5.14,1622453,8499161.000
2008-07-18,5.22,5.34,5.01,5.31,1651101,8595700.000
2008-07-21,5.33,5.62,5.19,5.57,2667030,14669081.000
2008-07-22,5.50,5.83,5.50,5.78,5484181,31456444.000
2008-07-23,5.95,6.36,5.95,6.36,14248864,88361248.000
2008-07-24,6.46,6.48,6.15,6.38,14901713,94401312.000
2008-07-25,6.22,6.38,6.05,6.19,8150708,50492176.000
2008-07-28,6.20,6.26,6.13,6.25,4752834,29411444.000
2008-07-29,6.14,6.25,5.93,5.99,4308474,26112652.000
2008-07-30,6.08,6.13,5.87,5.94,2845462,17071736.000
2008-07-31,5.94,5.99,5.70,5.70,2425477,14106848.000
2008-08-01,5.64,6.06,5.58,6.03,3550952,20829976.000
2008-08-04,6.07,6.07,5.65,5.72,2334081,13843642.000
2008-08-05,5.78,5.78,5.42,5.43,2352294,13213297.000
2008-08-06,5.46,5.61,5.31,5.55,1992904,10947843.000
2008-08-07,5.55,5.94,5.49,5.89,3802141,22101360.000
2008-08-08,5.89,5.93,5.30,5.30,2926882,16385277.000
2008-08-11,5.29,5.29,4.77,4.81,2788625,13896950.000
2008-08-12,4.80,4.96,4.70,4.88,1979660,9650016.000
2008-08-13,4.88,4.91,4.49,4.78,1951394,9158727.000
2008-08-14,4.77,4.86,4.67,4.83,1398319,6691575.000
2008-08-15,4.83,4.88,4.67,4.79,1540073,7426673.000
2008-08-18,4.80,4.86,4.31,4.31,1725215,7756727.000
2008-08-19,4.14,4.41,4.11,4.38,1313022,5685051.000
2008-08-20,4.30,4.79,4.17,4.77,2783460,12783983.000
2008-08-21,4.68,4.89,4.54,4.81,3523711,16711478.000
2008-08-22,4.74,4.99,4.70,4.83,3447491,16833292.000
2008-08-25,4.83,4.96,4.71,4.75,1970961,9540129.000
2008-08-26,4.69,4.69,4.27,4.33,2258393,9954573.000
2008-08-27,4.29,4.52,4.22,4.46,2113220,9336700.000
2008-08-28,4.44,4.53,4.34,4.39,1120048,4963447.000
2008-08-29,4.39,4.63,4.38,4.52,1948093,8829857.000
2008-09-01,4.53,4.53,4.36,4.41,1200754,5338051.000
2008-09-03,4.45,4.56,4.29,4.43,1632811,7255000.000
2008-09-04,4.45,4.56,4.39,4.49,1470618,6624709.000
2008-09-05,4.39,4.44,4.18,4.22,1393462,6031076.000
2008-09-08,4.17,4.55,4.16,4.46,3240971,14222346.000
2008-09-09,4.44,4.64,4.39,4.61,3861553,17642056.000
2008-09-10,4.49,4.74,4.43,4.63,3812387,17624312.000
2008-09-11,4.58,4.65,4.39,4.39,1954265,8779764.000
2008-09-12,4.39,4.48,4.31,4.34,1442860,6341158.000
2008-09-16,4.38,4.38,4.11,4.13,1759382,7482930.000
2008-09-17,4.16,4.25,4.07,4.17,1287280,5362714.000
2008-09-18,4.11,4.11,3.75,3.95,2405678,9306359.000
2008-09-19,4.33,4.36,4.17,4.36,2560734,11061405.000
2008-09-22,4.69,4.77,4.34,4.48,4239716,19273304.000
2008-09-23,4.27,4.34,4.13,4.20,1819724,7679213.000
2008-09-24,4.11,4.32,4.04,4.31,1316751,5552518.000
2008-09-25,4.31,4.41,4.22,4.36,3426741,14875373.000
2008-09-26,4.36,4.42,4.33,4.38,2958036,12988712.000
2008-10-06,4.38,4.40,4.13,4.30,1587694,6766886.000
2008-10-07,4.24,4.30,4.11,4.27,1227821,5210170.000
2008-10-08,4.19,4.27,4.05,4.06,1216250,5049692.000
2008-10-09,4.15,4.19,3.98,3.99,989227,4035483.000
2008-10-10,3.79,3.90,3.59,3.59,1757500,6434524.000
2008-10-13,3.49,3.63,3.33,3.63,1081378,3759512.000
2008-10-14,3.72,3.79,3.45,3.53,1112511,4059554.000
2008-10-15,3.50,3.53,3.39,3.45,830161,2866533.000
2008-10-16,3.29,3.39,3.11,3.13,1044528,3392258.000
2008-10-17,3.11,3.24,3.11,3.19,937240,2992705.000
2008-10-20,3.21,3.34,3.09,3.30,1080387,3539784.000
2008-10-21,3.30,3.39,3.28,3.30,1386792,4646952.000
2008-10-22,3.20,3.38,3.20,3.28,980052,3260576.000
2008-10-23,3.19,3.42,3.17,3.40,1760723,5917118.000
2008-10-24,3.39,3.44,3.32,3.38,1380470,4678084.000
2008-10-27,3.29,3.37,3.04,3.04,1278520,4016429.000
2008-10-28,3.02,3.14,2.91,3.09,1309059,4010838.000
2008-10-29,3.14,3.18,2.97,2.98,1013991,3122533.000
2008-10-30,3.04,3.04,2.94,2.97,1113378,3329510.000
2008-10-31,2.98,3.01,2.84,2.85,683800,2002862.000
2008-11-03,2.88,2.88,2.74,2.74,681147,1919092.000
2008-11-04,2.73,2.76,2.65,2.70,807718,2195236.000
2008-11-05,2.70,2.82,2.70,2.80,1040203,2892093.000
2008-11-06,2.75,2.75,2.66,2.74,554470,1511723.000
2008-11-07,2.69,2.85,2.68,2.84,960039,2693627.000
2008-11-10,2.84,3.04,2.84,3.04,2279778,6827377.000
2008-11-11,3.05,3.14,2.97,3.07,2278817,6974742.000
2008-11-12,3.09,3.14,3.05,3.13,1855531,5801562.000
2008-11-13,3.19,3.29,3.12,3.25,3521440,11373146.000
2008-11-14,3.25,3.36,3.16,3.36,4175100,13661968.000
2008-11-17,3.29,3.57,3.28,3.50,4803518,16429284.000
2008-11-18,3.44,3.51,3.15,3.15,4231543,14060534.000
2008-11-19,3.12,3.40,3.12,3.39,3684571,12192974.000
2008-11-20,3.31,3.61,3.28,3.57,6558931,22923356.000
2008-11-21,3.48,3.61,3.26,3.44,4611014,15915045.000
2008-11-24,3.59,3.79,3.49,3.58,11434731,41836712.000
2008-11-25,3.48,3.57,3.24,3.41,4827817,16539165.000
2008-11-26,3.34,3.42,3.27,3.33,2311015,7720927.000
2008-11-27,3.53,3.59,3.34,3.35,3984928,13848981.000
2008-11-28,3.31,3.38,3.24,3.35,1729890,5760638.000
2008-12-01,3.33,3.58,3.30,3.55,4097837,14374166.000
2008-12-02,3.42,3.64,3.41,3.61,4942859,17642752.000
2008-12-03,3.61,3.76,3.55,3.72,5182494,19190092.000
2008-12-04,3.73,3.94,3.67,3.71,7741019,29420054.000
2008-12-05,3.65,3.84,3.64,3.77,3759261,14100290.000
2008-12-08,3.80,3.92,3.76,3.91,5765594,22284132.000
2008-12-09,3.94,4.11,3.82,3.85,5832469,23106754.000
2008-12-10,3.70,3.94,3.64,3.93,8079945,30717048.000
2008-12-11,3.85,3.91,3.67,3.68,6310036,23861636.000
2008-12-12,3.66,3.66,3.40,3.44,3550490,12572397.000
2008-12-15,3.51,3.63,3.42,3.58,2999509,10581109.000
2008-12-16,3.54,3.59,3.37,3.56,2439805,8502062.000
2008-12-17,3.56,3.70,3.52,3.59,3249551,11790498.000
2008-12-18,3.54,3.68,3.47,3.67,3025719,10929543.000
2008-12-19,3.65,3.81,3.62,3.70,4560469,17066016.000
2008-12-22,3.70,3.79,3.60,3.68,2682105,9888443.000
2008-12-23,3.69,3.69,3.32,3.34,3768116,13158763.000
2008-12-24,3.32,3.36,3.24,3.29,2151858,7126573.000
2008-12-25,3.30,3.38,3.20,3.27,1245600,4123524.000
2008-12-26,3.27,3.36,3.23,3.25,1521744,5026446.000
2008-12-29,3.23,3.23,3.04,3.15,1402038,4396281.000
2008-12-30,3.17,3.24,3.10,3.13,1056250,3350892.000
2008-12-31,3.15,3.17,3.09,3.13,882233,2769474.000
2009-01-05,3.22,3.30,3.17,3.30,2243636,7301278.000
2009-01-06,3.27,3.42,3.22,3.41,2712233,9046162.000
2009-01-07,3.38,3.41,3.31,3.37,3532331,11909506.000
2009-01-08,3.36,3.44,3.29,3.31,2718278,9173356.000
2009-01-09,3.32,3.42,3.31,3.41,4013578,13646155.000
2009-01-12,3.44,3.45,3.28,3.41,3565393,12104975.000
2009-01-13,3.34,3.35,3.21,3.23,1964171,6479287.000
2009-01-14,3.26,3.34,3.20,3.34,1834637,6051651.000
2009-01-15,3.33,3.44,3.30,3.38,3315856,11242789.000
2009-01-16,3.39,3.50,3.39,3.41,3845888,13276250.000
2009-01-19,3.41,3.66,3.40,3.59,7561159,26899972.000
2009-01-20,3.55,3.56,3.43,3.54,3391427,11932017.000
2009-01-21,3.51,3.55,3.41,3.47,2100972,7315205.000
2009-01-22,3.52,3.54,3.44,3.53,2650883,9311567.000
2009-01-23,3.53,3.54,3.45,3.46,2317051,8114892.000
2009-02-02,3.51,3.58,3.45,3.57,3219438,11428668.000
2009-02-03,3.59,3.75,3.57,3.74,6587599,24327684.000
2009-02-04,3.74,3.87,3.68,3.85,8505300,32109012.000
2009-02-05,3.84,4.11,3.77,3.90,10390316,40705568.000
2009-02-06,3.91,4.11,3.91,4.05,8796766,35600556.000
2009-02-09,4.09,4.18,4.02,4.07,8582910,35119456.000
2009-02-10,4.13,4.27,4.03,4.25,9836623,40615068.000
2009-02-11,4.14,4.29,4.09,4.14,8992357,37674760.000
2009-02-13,4.19,4.34,4.14,4.33,8981468,38184484.000
2009-02-16,4.38,4.56,4.32,4.55,8413975,37102872.000
2009-02-17,4.54,4.54,4.24,4.24,6934647,30296828.000
2009-02-18,4.09,4.19,3.92,3.93,6192995,25159214.000
2009-02-19,3.96,4.09,3.96,4.06,3957863,15975715.000
2009-02-20,4.07,4.47,4.07,4.47,7511147,33085122.000
2009-02-23,4.68,4.92,4.61,4.92,24508883,118361280.000
2009-02-24,4.99,5.41,4.92,5.41,31249990,165847472.000
2009-02-25,5.41,5.60,5.02,5.19,21140555,110864776.000
2009-02-26,5.22,5.35,4.69,4.86,16544591,83728264.000
2009-02-27,4.82,4.82,4.44,4.59,13063736,60060520.000
2009-03-02,4.50,4.70,4.47,4.63,9558170,44279604.000
2009-03-03,4.44,4.78,4.29,4.57,12116902,55640536.000
2009-03-04,4.51,5.03,4.51,5.03,13533082,66366588.000
2009-03-05,5.29,5.38,4.99,5.17,19306592,100777456.000
2009-03-06,5.04,5.11,4.95,5.04,6978001,35201140.000
2009-03-09,5.04,5.18,4.67,4.71,7220392,35275648.000
2009-03-10,4.67,4.85,4.54,4.84,4570151,21464136.000
2009-03-11,4.88,4.97,4.59,4.70,5116343,24625020.000
2009-03-12,4.71,4.74,4.50,4.70,4040682,18640650.000
2009-03-13,4.70,5.04,4.63,4.91,9614126,46850712.000
2009-03-16,4.80,4.89,4.69,4.83,4032368,19341448.000
2009-03-17,4.79,5.04,4.72,5.04,7191028,35646092.000
2009-03-18,5.06,5.29,4.98,5.13,11083101,56740260.000
2009-03-19,5.13,5.31,5.09,5.27,9608438,50126680.000
2009-03-20,5.26,5.26,5.05,5.09,6580839,33813260.000
2009-03-23,5.11,5.24,5.06,5.13,7726805,39728024.000
2009-03-24,5.18,5.21,5.02,5.13,5741665,29316500.000
2009-03-25,5.10,5.23,4.95,4.97,6611420,34074544.000
2009-03-26,4.99,5.15,4.94,5.14,7067468,35907008.000
2009-03-27,5.19,5.20,5.09,5.15,6282986,32329352.000
2009-03-30,5.10,5.20,5.10,5.13,5317864,27415354.000
2009-03-31,5.03,5.10,4.91,5.08,5601862,28116720.000
2009-04-01,5.08,5.29,5.08,5.28,9096910,47101856.000
2009-04-02,5.27,5.27,5.10,5.13,7528602,39137192.000
2009-04-03,5.14,5.24,5.02,5.08,6182429,31882766.000
2009-04-07,5.08,5.13,5.02,5.11,4106322,20852260.000
2009-04-08,5.09,5.26,4.97,4.99,7836067,40515020.000
2009-04-09,4.97,5.06,4.74,4.95,6327975,31001770.000
2009-04-10,4.97,5.08,4.89,5.05,4828591,24191628.000
2009-04-13,5.05,5.14,4.99,5.09,5418947,27553784.000
2009-04-14,5.03,5.24,5.03,5.18,8157655,42181200.000
2009-04-15,5.17,5.29,5.06,5.25,8366457,43637912.000
2009-04-16,5.65,5.78,5.65,5.78,7380797,42683288.000
2009-04-17,6.36,6.36,6.14,6.36,32733197,207665456.000
2009-04-20,6.57,6.85,6.18,6.22,30437292,196373024.000
2009-04-21,5.99,6.14,5.81,5.99,15427504,92049408.000
2009-04-22,5.94,6.04,5.61,5.66,11041173,64408324.000
2009-04-24,5.67,5.89,5.67,5.69,6480977,37451704.000
2009-04-27,5.73,5.77,5.40,5.42,4927098,27249188.000
2009-04-28,5.34,5.55,5.34,5.52,4203401,23071424.000
2009-04-29,5.57,5.75,5.57,5.66,5711775,32449438.000
2009-04-30,5.83,5.83,5.68,5.80,8963302,51593824.000
2009-05-04,5.77,5.99,5.67,5.97,8334578,48835828.000
2009-05-05,5.99,6.17,5.84,6.09,11540042,69065752.000
2009-05-06,5.99,6.13,5.96,6.06,8170100,49469700.000
2009-05-07,6.09,6.12,5.76,5.85,8176576,48278224.000
2009-05-08,5.80,5.91,5.75,5.86,5319905,31119480.000
2009-05-11,5.90,5.93,5.56,5.57,5495174,31513448.000
2009-05-12,5.50,5.75,5.47,5.74,3247219,18290788.000
2009-05-13,5.73,5.92,5.63,5.86,5302625,30961176.000
2009-05-14,5.85,5.85,5.72,5.78,2947165,17018440.000
2009-05-15,6.00,6.21,5.89,5.95,10568912,63866156.000
2009-05-18,5.86,5.93,5.71,5.92,4499439,26184116.000
2009-05-19,5.95,6.06,5.86,6.02,7649931,45721736.000
2009-05-20,6.02,6.05,5.92,5.95,5129964,30729444.000
2009-05-21,6.01,6.50,6.01,6.39,22197601,139683136.000
2009-05-22,6.30,6.33,6.01,6.15,13568016,83420024.000
2009-05-25,6.00,6.00,5.56,5.90,9299554,54060560.000
2009-05-26,5.91,5.99,5.80,5.81,7926462,46766256.000
2009-05-27,5.86,5.90,5.73,5.82,4792484,27732024.000
2009-06-01,5.88,5.90,5.81,5.90,5156723,30253628.000
2009-06-02,5.95,5.98,5.86,5.93,5160115,30613356.000
2009-06-03,5.93,6.13,5.92,6.04,6305551,37962824.000
2009-06-04,6.04,6.04,5.80,5.93,5103672,30058978.000
2009-06-05,5.88,5.94,5.82,5.85,4048714,23737744.000
2009-06-08,5.81,6.10,5.75,5.98,7425429,44238680.000
2009-06-09,6.02,6.03,5.79,5.97,4083369,24192160.000
2009-06-10,5.99,6.30,5.94,6.18,12227048,75310528.000
2009-06-11,6.10,6.27,6.00,6.07,7225297,44458528.000
2009-06-12,6.05,6.20,5.80,5.93,5245744,31504024.000
2009-06-15,5.92,5.97,5.80,5.97,3252485,19128988.000
2009-06-16,5.94,6.10,5.83,6.05,4389705,26176888.000
2009-06-17,6.02,6.16,6.00,6.13,6356997,38750896.000
2009-06-18,6.18,6.20,6.04,6.09,5184629,31583010.000
2009-06-19,6.09,6.15,6.02,6.14,7204469,43976340.000
2009-06-22,6.20,6.25,6.08,6.10,7318853,45067744.000
2009-06-23,6.00,6.18,5.93,6.08,5661031,34573232.000
2009-06-24,6.05,6.18,6.03,6.12,4975913,30422804.000
2009-06-25,6.13,6.40,6.08,6.30,15102575,94754064.000
2009-06-26,6.27,6.33,6.14,6.17,7550408,46838624.000
2009-06-29,6.21,6.28,6.11,6.16,4958372,30632962.000
2009-06-30,6.18,6.18,5.96,5.98,6653448,40222244.000
2009-07-01,6.00,6.08,5.98,6.04,3414857,20580760.000
2009-07-02,6.05,6.15,6.01,6.11,5431619,33013700.000
2009-07-03,6.11,6.11,5.99,6.09,4930206,29818480.000
2009-07-06,6.07,6.25,6.07,6.16,7153290,44099504.000
2009-07-07,6.19,6.25,6.10,6.19,7138615,44176368.000
2009-07-08,6.20,6.37,6.19,6.35,11202711,70477760.000
2009-07-09,6.34,6.34,6.16,6.30,11304103,70526872.000
2009-07-10,6.29,6.44,6.23,6.37,12133183,77243080.000
2009-07-13,6.40,6.61,6.38,6.41,12601452,81842232.000
2009-07-14,6.40,6.49,6.36,6.43,7425887,47626936.000
2009-07-15,6.45,6.57,6.39,6.55,9695031,62900784.000
2009-07-16,6.56,6.59,6.36,6.38,7209190,46542520.000
2009-07-17,6.43,6.84,6.43,6.55,12131839,80536592.000
2009-07-20,6.58,6.71,6.51,6.64,9542481,63228920.000
2009-07-21,6.70,6.70,6.31,6.33,8990926,58142660.000
2009-07-22,6.38,6.60,6.30,6.56,9166793,59589176.000
2009-07-23,6.59,6.86,6.55,6.65,10881779,72770928.000
2009-07-24,6.60,6.64,6.31,6.48,7002069,45382740.000
2009-07-27,6.50,6.57,6.44,6.54,6438337,41858148.000
2009-07-28,6.57,6.62,6.40,6.61,7661639,49944632.000
2009-07-29,6.56,6.60,5.95,6.10,7687075,48581440.000
2009-07-30,6.05,6.20,5.88,6.07,6343410,38210960.000
2009-07-31,6.14,6.37,6.13,6.32,7449405,46913088.000
2009-08-03,6.32,6.59,6.26,6.58,9281369,60294096.000
2009-08-04,6.62,7.24,6.62,7.24,18098074,127227008.000
2009-08-05,7.60,7.78,7.15,7.27,32684148,244252672.000
2009-08-06,7.00,7.12,6.80,6.90,12302827,85484880.000
2009-08-07,6.90,7.45,6.85,6.99,19312067,137940880.000
2009-08-10,6.96,7.18,6.60,6.88,8843075,60722080.000
2009-08-11,6.98,7.20,6.77,7.13,10883206,76472792.000
2009-08-12,7.18,7.33,6.80,6.87,12163896,86739744.000
2009-08-13,6.85,6.85,6.42,6.60,7494722,49626784.000
2009-08-14,6.51,6.62,6.04,6.09,7231298,45376296.000
2009-08-17,6.04,6.04,5.48,5.53,5907922,33907764.000
2009-08-18,5.45,5.77,5.38,5.70,4866934,27246868.000
2009-08-19,5.74,5.88,5.32,5.39,5548098,31318676.000
2009-08-20,5.50,5.63,5.40,5.60,4502118,24908526.000
2009-08-21,5.56,5.74,5.48,5.73,6068226,34104548.000
2009-08-24,5.70,6.16,5.60,6.00,8629955,51092908.000
2009-08-25,5.92,5.92,5.59,5.78,6588301,37786528.000
2009-08-26,5.71,6.36,5.70,6.36,8555194,52494760.000
2009-08-27,6.60,6.83,6.40,6.61,18359196,121900256.000
2009-08-28,6.50,6.60,6.15,6.38,7424659,47178824.000
2009-08-31,6.50,6.60,6.08,6.13,7253411,45582668.000
2009-09-01,6.08,6.28,5.80,5.96,5409258,32897488.000
2009-09-02,5.95,5.95,5.59,5.81,4438777,25558114.000
2009-09-03,5.76,6.20,5.71,6.19,4776572,28560320.000
2009-09-04,6.18,6.50,6.04,6.31,7670803,47960720.000
2009-09-07,6.29,6.50,6.25,6.36,6473851,41190776.000
2009-09-09,6.58,7.00,6.39,7.00,9892239,67635608.000
2009-09-10,7.28,7.70,7.08,7.70,13652203,102771984.000
2009-09-11,8.20,8.47,8.10,8.47,5860316,49576532.000
2009-09-14,9.32,9.32,8.48,8.87,64097878,572208960.000
2009-09-15,8.61,9.76,8.54,9.76,34928070,320525792.000
2009-09-16,10.00,10.74,10.00,10.20,64453996,675070080.000
2009-09-17,9.81,10.17,9.70,9.93,38022149,376036160.000
2009-09-18,9.88,10.60,9.55,9.85,37898944,384413568.000
2009-09-21,9.65,10.45,9.00,10.24,35021749,340629056.000
2009-09-22,9.89,10.15,9.40,9.45,21369239,210178496.000
2009-09-23,9.28,9.92,9.12,9.58,22144167,210404848.000
2009-09-24,9.58,10.51,9.41,10.29,43241479,441799520.000
2009-09-25,10.18,10.18,9.26,9.26,28675747,273251584.000
2009-09-28,8.90,9.04,8.33,8.33,26474736,228017024.000
2009-09-29,8.16,8.53,7.83,8.21,21795311,177458352.000
2009-09-30,8.22,8.37,7.93,8.00,17619162,143452928.000
2009-10-09,8.20,8.70,8.10,8.62,19653563,165181440.000
2009-10-12,8.40,8.87,8.02,8.63,25471730,215505456.000
2009-10-13,8.42,8.75,8.21,8.73,19317884,163778496.000
2009-10-14,8.65,9.60,8.64,9.60,23281987,218244240.000
2009-10-15,9.90,9.90,8.89,9.37,35361474,333900128.000
2009-10-16,9.20,9.71,9.17,9.50,24353001,231500576.000
2009-10-19,9.52,9.55,9.20,9.53,19136125,179811920.000
2009-10-20,9.45,9.73,9.37,9.54,19743864,188411456.000
2009-10-21,9.42,9.42,9.15,9.17,16709112,154856240.000
2009-10-22,9.00,9.25,8.93,9.03,10700446,97405328.000
2009-10-23,9.00,9.24,8.96,9.08,11993979,108911480.000
2009-10-26,9.07,9.15,8.84,8.99,10817946,96725616.000
2009-10-27,8.87,9.50,8.70,9.26,23685443,217050544.000
2009-10-28,9.10,9.20,8.77,8.97,12546425,112092856.000
2009-10-29,8.88,8.88,8.40,8.42,10760123,92499176.000
2009-10-30,8.48,8.79,8.46,8.53,8650992,74260688.000
2009-11-02,8.25,8.69,8.18,8.62,10090869,85598664.000
2009-11-03,8.68,9.48,8.63,9.09,26508372,244240128.000
2009-11-04,9.02,9.19,8.79,9.19,18001154,161705936.000
2009-11-05,9.18,9.45,9.06,9.19,13925738,128749856.000
2009-11-06,9.18,9.30,9.10,9.18,13220568,121692600.000
2009-11-09,9.18,9.39,9.15,9.36,15764412,146361056.000
2009-11-10,9.40,9.44,9.18,9.21,11061084,102340320.000
2009-11-11,9.10,9.80,9.09,9.55,25964788,246356768.000
2009-11-12,9.50,9.65,9.30,9.39,14654275,138596272.000
2009-11-13,9.28,9.51,9.22,9.40,10677928,99900032.000
2009-11-16,9.42,9.58,9.34,9.47,18514703,174723040.000
2009-11-17,9.48,9.69,9.41,9.68,20724806,198594848.000
2009-11-18,9.76,9.89,9.40,9.57,17704520,169993808.000
2009-11-19,9.50,9.70,9.40,9.63,14012999,133375216.000
2009-11-20,9.64,9.69,9.37,9.48,12454434,118159376.000
2009-11-23,9.44,9.70,9.40,9.64,16280016,155780384.000
2009-11-24,9.60,9.68,8.76,8.89,17706765,165709968.000
2009-11-25,8.80,9.14,8.73,9.13,10026976,89980840.000
2009-11-26,9.11,9.15,8.45,8.46,11990551,105919736.000
2009-11-27,8.46,8.97,8.46,8.53,9408512,81475648.000
2009-11-30,8.60,9.00,8.60,8.93,9074420,80241424.000
2009-12-01,8.85,9.26,8.81,9.20,12008924,109108952.000
2009-12-02,9.20,9.52,9.11,9.39,15446783,143512352.000
2009-12-03,9.40,9.46,9.17,9.30,10495407,97581024.000
2009-12-04,9.28,9.43,8.66,8.93,10890827,98855936.000
2009-12-07,8.93,9.08,8.78,9.04,5530515,49544348.000
2009-12-08,9.06,9.31,8.83,9.22,8709657,78903024.000
2009-12-09,9.14,9.80,9.02,9.58,30113268,286434592.000
2009-12-10,9.54,9.74,9.39,9.60,17972613,172167664.000
2009-12-11,9.60,9.66,9.30,9.38,10171344,95946240.000
2009-12-14,9.35,9.35,8.86,9.11,8678670,78270424.000
2009-12-15,9.14,9.24,9.00,9.16,6425953,58620556.000
2009-12-16,9.10,9.19,8.87,8.94,6199705,55742016.000
2009-12-17,8.82,8.95,8.60,8.61,5637557,49345808.000
2009-12-18,8.59,8.59,8.15,8.19,5528121,46027816.000
2009-12-21,8.22,8.42,8.21,8.41,3201414,26624030.000
2009-12-22,8.44,8.47,7.97,8.10,3458463,28329716.000
2009-12-23,8.12,8.17,8.05,8.17,2288413,18606500.000
2009-12-24,8.20,8.50,8.08,8.42,3647852,30480664.000
2009-12-25,8.45,8.95,8.35,8.62,6991193,60894036.000
2009-12-28,8.45,8.75,8.45,8.69,4963829,42897644.000
2009-12-29,8.69,8.72,8.50,8.63,3833271,32959970.000
2009-12-30,8.62,8.74,8.50,8.64,5233746,45006040.000
2010-01-04,8.83,8.83,8.64,8.68,5278081,46035444.000
2010-01-05,8.58,8.75,8.48,8.66,3999680,34414416.000
2010-01-06,8.63,8.78,8.48,8.59,4578013,39551480.000
2010-01-07,8.59,8.66,8.22,8.29,4635480,38993712.000
2010-01-08,8.28,8.34,8.20,8.34,2712781,22457744.000
2010-01-11,8.40,8.47,8.25,8.28,3368935,28083060.000
2010-01-12,8.28,8.56,8.25,8.50,5063498,42582880.000
2010-01-13,8.39,8.70,8.35,8.55,6993522,59780416.000
2010-01-14,8.55,8.69,8.51,8.68,6624872,57063928.000
2010-01-15,8.70,8.83,8.59,8.68,6635097,57768188.000
2010-01-18,8.68,8.93,8.61,8.88,8615243,75803536.000
2010-01-19,8.82,8.85,8.58,8.66,6678499,58189252.000
2010-01-20,8.68,8.90,8.52,8.54,9472680,83088224.000
2010-01-21,8.54,8.86,8.40,8.70,6654070,57558328.000
2010-01-22,8.73,9.36,8.63,9.20,25087202,225990432.000
2010-01-25,9.00,9.11,8.55,8.62,11078842,97574064.000
2010-01-26,8.56,8.68,8.00,8.05,8418300,69034464.000
2010-01-27,8.02,8.10,7.60,7.72,5280553,41248380.000
2010-01-28,7.72,7.83,7.63,7.82,2786200,21613916.000
2010-01-29,7.82,7.91,7.61,7.68,4658026,36096420.000
2010-02-01,7.71,7.78,7.13,7.46,4292542,31697926.000
2010-02-02,7.38,7.65,7.13,7.27,3635803,27171340.000
2010-02-03,7.35,7.52,7.15,7.51,3479351,25598068.000
2010-02-04,7.49,7.65,7.38,7.60,3784568,28571032.000
2010-02-05,7.50,7.61,7.35,7.45,3200940,23875256.000
2010-02-08,7.45,7.63,7.38,7.55,2699185,20337566.000
2010-02-09,7.55,7.80,7.50,7.66,4099540,31302840.000
2010-02-10,7.67,7.70,7.53,7.64,2383246,18141826.000
2010-02-11,7.65,7.65,7.48,7.49,2677238,20222898.000
2010-02-12,7.50,7.60,7.44,7.55,2245799,16849028.000
2010-02-22,7.54,7.62,7.50,7.59,2150665,16287497.000
2010-02-23,7.63,7.64,7.44,7.61,2357279,17818536.000
2010-02-24,7.58,7.80,7.51,7.79,4765735,36755052.000
2010-02-25,7.78,8.07,7.77,7.91,6221396,49175232.000
2010-02-26,7.90,7.98,7.81,7.92,4004599,31632844.000
2010-03-01,7.95,8.21,7.84,8.18,5983761,48024644.000
2010-03-02,8.15,8.23,8.03,8.10,4895319,39730220.000
2010-03-03,8.10,8.28,8.06,8.20,5369387,43914668.000
2010-03-04,8.18,8.23,7.70,7.74,5945104,47479500.000
2010-03-05,7.77,7.94,7.60,7.86,4065928,31719094.000
2010-03-08,7.86,8.06,7.81,7.95,3582289,28495000.000
2010-03-09,8.10,8.75,8.09,8.75,12193957,105858160.000
2010-03-10,9.30,9.30,8.81,9.04,39540950,358703424.000
2010-03-11,8.72,8.86,8.45,8.53,16974665,145591440.000
2010-03-12,8.41,8.51,8.10,8.19,10201360,84722592.000
2010-03-15,8.10,8.18,7.93,8.13,7301261,58712800.000
2010-03-16,8.13,8.18,7.92,8.14,6994268,56241332.000
2010-03-17,8.12,8.33,8.05,8.30,9710296,79711744.000
2010-03-18,8.26,8.58,8.23,8.45,11136878,93609584.000
2010-03-19,8.40,8.48,8.27,8.43,6673417,55996064.000
2010-03-22,8.44,8.82,8.29,8.73,13546865,115509688.000
2010-03-23,8.61,8.67,8.48,8.51,7956399,68114616.000
2010-03-24,8.48,8.67,8.16,8.38,7487336,63567120.000
2010-03-25,8.36,8.51,8.15,8.42,7551097,62801832.000
2010-03-26,8.33,8.55,8.22,8.47,6141406,51795976.000
2010-03-29,8.47,8.57,8.37,8.52,5695432,48320748.000
2010-03-30,8.51,8.52,8.40,8.45,4144779,35022692.000
2010-03-31,8.47,8.49,8.28,8.33,5435512,45306980.000
2010-04-01,8.29,8.43,8.27,8.41,5376382,45078624.000
2010-04-02,8.40,8.50,8.34,8.48,6722752,56799248.000
2010-04-06,8.50,8.59,8.43,8.58,7104995,60499580.000
2010-04-07,8.58,8.58,8.41,8.47,4774160,40443620.000
2010-04-08,8.50,8.56,8.43,8.53,4882397,41455080.000
2010-04-09,8.51,8.61,8.50,8.57,7025273,60151804.000
2010-04-12,8.59,8.59,8.41,8.44,5846339,49481648.000
2010-04-13,8.41,8.42,8.01,8.19,7125796,58716344.000
2010-04-14,8.19,8.29,8.13,8.25,3935094,32334100.000
2010-04-15,8.26,8.26,8.10,8.11,3891928,31800940.000
2010-04-16,8.13,8.19,7.92,8.14,3187141,25725892.000
2010-04-19,8.08,8.09,7.61,7.62,4296874,33835852.000
2010-04-20,7.55,7.71,7.52,7.59,2826749,21490510.000
2010-04-21,7.59,7.89,7.59,7.83,3718897,28919696.000
2010-04-22,7.90,8.03,7.77,7.89,4283652,34015792.000
2010-04-23,7.83,8.02,7.82,7.86,2785826,22049014.000
2010-04-26,7.89,7.89,7.74,7.81,2474153,19301202.000
2010-04-27,7.80,7.80,7.29,7.42,3646513,27214756.000
2010-04-28,7.39,7.58,7.32,7.47,2067193,15443950.000
2010-04-29,7.54,7.58,7.39,7.39,2086131,15626180.000
2010-04-30,7.40,7.62,7.12,7.38,3303549,24400970.000
2010-05-04,7.31,7.38,7.20,7.29,2159754,15702944.000
2010-05-05,7.29,7.50,7.11,7.45,2748504,20095204.000
2010-05-06,7.49,7.49,7.07,7.10,2755427,20054758.000
2010-05-07,6.95,7.14,6.80,6.89,2325925,16192587.000
2010-05-10,6.93,7.07,6.80,6.96,2042532,14166300.000
2010-05-11,7.05,7.11,6.80,6.85,2182465,15166699.000
2010-05-12,6.86,6.95,6.58,6.71,2188469,14802874.000
2010-05-14,6.80,6.96,6.79,6.83,3546401,24415770.000
2010-05-17,6.92,6.92,6.15,6.15,3288861,21269920.000
2010-05-18,6.05,6.22,5.89,6.13,3146442,19127628.000
2010-05-19,6.12,6.18,5.92,6.10,1694948,10333298.000
2010-05-20,6.20,6.20,5.93,5.95,1696509,10315300.000
2010-05-21,5.75,6.10,5.52,6.09,3409335,19902588.000
2010-05-24,6.05,6.36,6.03,6.35,5025810,31398432.000
2010-05-25,6.35,6.43,6.20,6.23,3113264,19590466.000
2010-05-26,6.23,6.29,6.19,6.28,2032606,12683570.000
2010-05-27,6.38,6.91,6.28,6.73,13313997,89873672.000
2010-05-28,6.59,6.75,6.51,6.66,7511350,49857408.000
2010-05-31,6.60,6.60,6.35,6.36,4281757,27641164.000
2010-06-01,6.20,6.33,6.01,6.10,3352694,20644204.000
2010-06-02,6.12,6.24,6.03,6.24,2148432,13175233.000
2010-06-03,6.16,6.46,6.15,6.27,4216864,26575266.000
2010-06-04,6.15,6.31,6.11,6.29,2807118,17428068.000
2010-06-07,6.13,6.23,6.07,6.18,2565687,15778189.000
2010-06-08,6.18,6.37,6.10,6.30,3023537,18968476.000
2010-06-09,6.31,6.53,6.29,6.46,4441365,28460356.000
2010-06-10,6.43,6.48,6.35,6.36,2806433,18001336.000
2010-06-11,6.40,6.58,6.35,6.38,3195361,20588806.000
2010-06-17,6.36,6.43,6.23,6.24,2268903,14390837.000
2010-06-18,6.20,6.24,5.95,6.04,2249853,13707980.000
2010-06-21,6.02,6.38,6.02,6.28,2423445,15033492.000
2010-06-22,6.20,6.36,6.20,6.29,1713452,10793593.000
2010-06-23,6.25,6.34,6.14,6.21,1310046,8139491.000
2010-06-24,6.21,6.28,6.13,6.20,1341991,8305066.000
2010-06-25,6.18,6.48,6.04,6.32,2973819,18571730.000
2010-06-28,6.25,6.34,6.08,6.13,1437746,8897037.000
2010-06-29,6.13,6.17,5.73,5.86,2737360,16110731.000
2010-06-30,6.04,6.28,5.86,5.91,7239827,44021960.000
2010-07-01,5.53,5.74,5.42,5.65,4052147,22758228.000
2010-07-02,5.61,5.61,5.31,5.54,2876115,15708198.000
2010-07-05,5.52,5.63,5.36,5.55,2013297,11111977.000
2010-07-06,5.55,6.11,5.50,6.11,9228778,55233708.000
2010-07-07,6.28,6.34,5.99,6.09,11387363,69940320.000
2010-07-08,6.01,6.59,5.93,6.37,13465626,85206512.000
2010-07-09,6.28,6.65,6.18,6.51,12448469,80757912.000
2010-07-12,6.48,6.67,6.35,6.46,8454162,54865760.000
2010-07-13,6.33,6.38,6.22,6.32,5583213,35075500.000
2010-07-14,6.95,6.95,6.95,6.95,5737251,39873896.000
2010-07-15,7.65,7.65,6.96,7.01,25898332,190583552.000
2010-07-16,6.70,6.90,6.63,6.83,11243324,76128496.000
2010-07-19,6.75,7.09,6.58,6.99,10312280,71474696.000
2010-07-20,7.03,7.28,7.00,7.12,11166175,79371880.000
2010-07-21,7.05,7.08,6.93,6.98,8758599,61164376.000
2010-07-22,6.93,7.68,6.84,7.48,18687256,136822992.000
2010-07-23,7.33,7.64,7.25,7.29,11962972,88243888.000
2010-07-26,7.22,7.43,7.15,7.33,7549155,54898152.000
2010-07-27,7.30,7.35,7.22,7.24,4510909,32804568.000
2010-07-28,7.23,7.40,7.18,7.33,7087292,51948032.000
2010-07-29,7.33,7.46,7.22,7.36,6726632,49418028.000
2010-07-30,7.36,7.37,7.20,7.31,4601169,33548876.000
2010-08-02,7.31,7.49,7.28,7.39,6644275,49115696.000
2010-08-03,7.42,7.75,7.35,7.42,14675241,110910008.000
2010-08-04,7.43,7.58,7.11,7.43,9740664,71870800.000
2010-08-05,7.40,7.58,7.32,7.40,6235254,46347880.000
2010-08-06,7.40,7.49,7.21,7.46,7554553,55526660.000
2010-08-09,7.41,7.56,7.36,7.54,7930797,59352216.000
2010-08-10,7.50,7.64,7.18,7.19,7166015,53160976.000
2010-08-11,7.11,7.28,7.11,7.18,4279252,30728252.000
2010-08-12,7.14,7.21,7.03,7.06,4220797,30022556.000
2010-08-13,7.10,7.46,7.10,7.35,6702343,48991868.000
2010-08-16,7.36,7.44,7.28,7.42,7462377,55102780.000
2010-08-17,7.50,7.66,7.42,7.48,7686886,57841008.000
2010-08-18,7.48,7.60,7.37,7.57,8076022,60648356.000
2010-08-19,7.61,7.61,7.42,7.48,6003866,45013024.000
2010-08-20,7.42,7.51,7.19,7.22,5730854,41807008.000
2010-08-23,7.19,7.34,7.16,7.21,3228106,23375016.000
2010-08-24,7.21,7.49,7.14,7.38,5225090,38194408.000
2010-08-25,7.30,7.45,7.17,7.19,4192228,30673968.000
2010-08-26,7.17,7.26,7.12,7.19,2894379,20777716.000
2010-08-27,7.19,7.25,7.12,7.22,1795966,12915255.000
2010-08-30,7.26,7.43,7.24,7.41,5019633,36943892.000
2010-08-31,7.37,7.43,7.30,7.39,4001924,29453648.000
2010-09-01,7.36,7.48,7.14,7.27,5235843,38341676.000
2010-09-02,7.34,7.49,7.19,7.45,6810719,50498240.000
2010-09-03,7.47,7.55,7.36,7.54,8243413,61478312.000
2010-09-06,7.60,7.98,7.51,7.78,17418071,134986304.000
2010-09-07,7.85,7.87,7.56,7.71,8114952,62230888.000
2010-09-08,7.64,7.68,7.50,7.65,5641575,42807404.000
2010-09-09,7.67,8.08,7.66,7.78,11303764,88238576.000
2010-09-10,7.81,8.29,7.72,8.07,16217618,131068928.000
2010-09-13,8.35,8.56,8.21,8.39,20941130,175853888.000
2010-09-14,8.29,8.38,8.20,8.30,9793198,80959568.000
2010-09-15,8.22,8.40,7.84,7.93,9232005,75124072.000
2010-09-16,8.00,8.07,7.60,7.73,6467672,50030224.000
2010-09-17,7.68,7.80,7.50,7.57,4951314,37829124.000
2010-09-20,7.51,7.64,7.39,7.40,4166575,31230518.000
2010-09-21,7.40,7.48,7.36,7.41,2572655,19070696.000
2010-09-27,7.42,7.60,7.42,7.58,3076455,23216632.000
2010-09-28,7.59,7.59,7.41,7.42,3296471,24687602.000
2010-09-29,7.41,7.48,7.33,7.35,2589345,19145288.000
2010-09-30,7.40,7.51,7.35,7.50,2477909,18462346.000
2010-10-08,7.60,7.68,7.51,7.67,4046133,30867418.000
2010-10-11,7.69,8.00,7.61,7.79,8273048,64601624.000
2010-10-12,7.72,8.00,7.69,7.89,7475408,58494248.000
2010-10-13,7.84,8.11,7.73,8.03,9179289,72895872.000
2010-10-14,8.00,8.03,7.50,7.53,8399889,64844192.000
2010-10-15,7.55,7.66,7.46,7.53,4959263,37382376.000
2010-10-18,7.53,7.63,7.18,7.41,6127617,45055664.000
2010-10-19,7.37,7.70,7.32,7.68,5408822,40996804.000
2010-10-20,7.50,7.62,7.36,7.55,4892121,36642080.000
2010-10-21,7.95,8.31,7.95,8.31,12710141,105310928.000
2010-10-22,8.40,9.08,8.35,8.96,47907306,424289408.000
2010-10-25,8.71,8.98,8.52,8.91,24361669,213155056.000
2010-10-26,8.80,9.38,8.70,8.96,22116857,200538464.000
2010-10-27,8.95,9.29,8.60,8.73,16731566,149131488.000
2010-10-28,8.68,8.73,8.40,8.53,11052627,94362848.000
2010-11-01,8.60,9.26,8.50,9.05,22335924,197202224.000
2010-11-02,8.88,9.09,8.72,8.86,16320225,145257840.000
2010-11-03,8.88,8.93,8.50,8.53,9219819,80334816.000
2010-11-04,8.58,8.89,8.52,8.80,9840040,85546064.000
2010-11-05,8.83,9.10,8.77,8.92,13396763,119583224.000
2010-11-08,9.05,9.39,8.98,9.08,15496449,141577792.000
2010-11-09,9.19,9.34,9.03,9.21,16720106,153260992.000
2010-11-10,9.19,9.36,9.13,9.26,14006188,129664240.000
2010-11-11,9.23,9.23,8.93,8.94,13404871,121656672.000
2010-11-12,8.85,8.90,8.06,8.07,11943623,101270128.000
2010-11-15,8.17,8.25,8.02,8.20,6099073,49591344.000
2010-11-16,8.20,8.20,7.80,7.86,5859726,46807208.000
2010-11-17,7.87,8.16,7.76,7.80,4748156,37780680.000
2010-11-18,7.88,8.00,7.80,7.95,3062665,24219042.000
2010-11-19,8.00,8.12,7.85,8.12,4322120,34603832.000
2010-11-22,8.04,8.17,7.99,8.09,4417220,35713932.000
2010-11-23,8.01,8.07,7.65,7.85,4003618,31534548.000
2010-11-24,7.82,8.08,7.71,8.06,4058074,32341570.000
2010-11-25,8.49,8.87,8.49,8.87,5984838,52898236.000
2010-11-26,9.50,9.68,9.12,9.14,39894215,373362496.000
2010-11-29,8.85,9.80,8.55,9.32,29592057,274121248.000
2010-11-30,9.20,9.20,8.45,8.76,15805374,139548304.000
2010-12-01,8.60,8.82,8.45,8.71,8164552,70494704.000
2010-12-02,8.73,8.95,8.65,8.87,10565895,92991952.000
2010-12-03,8.71,8.81,8.53,8.57,6773158,58303556.000
2010-12-06,8.60,8.61,8.21,8.35,5939998,49798672.000
2010-12-07,8.30,8.42,8.10,8.37,4083687,33643812.000
2010-12-08,8.35,8.52,8.28,8.35,3434310,28829452.000
2010-12-09,8.27,8.40,8.01,8.10,4441728,36478740.000
2010-12-10,8.00,8.69,8.00,8.55,10113627,86089880.000
2010-12-13,8.50,8.74,8.40,8.70,8839484,76306352.000
2010-12-14,8.70,8.89,8.61,8.76,7508143,65745544.000
2010-12-15,8.78,8.85,8.54,8.63,5955906,51531160.000
2010-12-16,8.63,8.73,8.52,8.55,4102198,35409724.000
2010-12-17,8.63,8.65,8.40,8.49,4130767,34985352.000
2010-12-20,8.45,8.58,8.09,8.24,5383261,44609628.000
2010-12-21,8.28,8.41,8.22,8.40,3915670,32658696.000
2010-12-22,8.40,8.75,8.32,8.58,9247085,79484216.000
2010-12-23,8.50,9.00,8.34,8.79,18540564,162894592.000
2010-12-24,8.58,8.77,8.30,8.40,7836992,66392104.000
2010-12-27,8.40,8.58,7.99,8.01,6249202,51858304.000
2010-12-28,7.99,7.99,7.70,7.72,4700056,36709180.000
2010-12-29,7.73,7.93,7.68,7.91,2504358,19574888.000
2010-12-30,7.94,7.94,7.76,7.81,2401847,18812588.000
2010-12-31,7.99,8.28,7.90,8.12,4451405,36078072.000
2011-01-04,8.10,8.26,7.98,8.20,5133675,41752060.000
2011-01-05,8.18,8.36,8.11,8.18,4401789,36309608.000
2011-01-06,8.15,8.27,8.10,8.26,4389706,35949604.000
2011-01-07,8.41,8.78,8.26,8.30,8111952,68766640.000
2011-01-10,8.18,8.20,7.96,8.04,5657529,45567908.000
2011-01-11,8.00,8.02,7.82,7.99,3050591,24157744.000
2011-01-12,7.97,8.07,7.89,8.05,2646113,21116628.000
2011-01-13,8.28,8.30,8.07,8.13,2824039,23017934.000
2011-01-14,8.09,8.10,7.88,7.90,2377209,18897788.000
2011-01-17,7.80,7.84,7.53,7.55,3197109,24425564.000
2011-01-18,7.50,7.69,7.38,7.63,1638081,12336090.000
2011-01-19,7.65,7.76,7.56,7.76,2133164,16425196.000
2011-01-20,7.71,7.73,7.32,7.34,2817839,21157862.000
2011-01-21,7.31,7.55,7.30,7.44,1820592,13500281.000
2011-01-24,7.48,7.50,7.18,7.19,2078819,15182647.000
2011-01-25,7.20,7.25,7.01,7.03,1664488,11796656.000
2011-01-26,7.04,7.18,7.04,7.13,1201664,8559224.000
2011-01-27,7.13,7.27,7.04,7.23,2154494,15540408.000
2011-01-28,7.24,7.31,7.23,7.28,2024476,14722686.000
2011-01-31,7.28,7.55,7.23,7.49,2700886,20023380.000
2011-02-01,7.58,7.68,7.45,7.56,2653302,20091824.000
2011-02-09,7.50,8.30,7.42,7.98,7065822,55323224.000
2011-02-10,7.90,8.29,7.81,8.04,9270572,74366248.000
2011-02-11,8.04,8.57,7.90,8.17,8218921,67924568.000
2011-02-14,8.10,8.23,7.91,8.16,7132001,57746272.000
2011-02-15,8.16,8.24,8.08,8.11,5328279,43467996.000
2011-02-16,8.10,8.44,8.06,8.28,7010379,58156480.000
2011-02-17,8.28,8.61,8.19,8.60,12674032,106523752.000
2011-02-18,8.50,8.50,8.25,8.34,7201359,60278960.000
2011-02-21,8.24,8.50,8.18,8.40,5172797,43338652.000
2011-02-22,8.43,8.43,8.05,8.06,5992540,49153992.000
2011-02-23,8.05,8.27,8.04,8.23,4653438,38068724.000
2011-02-24,8.18,8.38,8.13,8.36,5220488,43121288.000
2011-02-25,8.35,8.39,8.15,8.31,4292243,35616008.000
2011-02-28,8.32,8.70,8.28,8.59,13312344,113458272.000
2011-03-01,8.52,8.69,8.42,8.55,8960239,76398928.000
2011-03-02,8.48,8.50,8.16,8.41,6706958,55934876.000
2011-03-03,8.36,8.42,8.18,8.19,4650273,38445024.000
2011-03-04,8.22,8.53,8.22,8.40,5446038,45748932.000
2011-03-07,8.40,8.74,8.40,8.58,9903570,85160920.000
2011-03-08,8.55,8.84,8.50,8.64,8092645,69958344.000
2011-03-09,8.68,9.10,8.53,8.94,19082333,168781056.000
2011-03-10,8.87,9.42,8.68,9.04,24001544,217969312.000
2011-03-11,8.90,9.19,8.81,8.83,15466315,139172960.000
2011-03-14,8.80,9.00,8.67,8.92,10003529,88165160.000
2011-03-15,8.91,9.31,8.78,9.29,21893789,198732128.000
2011-03-16,9.20,9.39,9.08,9.19,16422489,152040848.000
2011-03-17,9.12,9.34,8.68,8.82,13025086,118427832.000
2011-03-18,8.85,8.95,8.62,8.74,7494518,65589096.000
2011-03-21,8.73,8.79,8.53,8.66,5534477,47929784.000
2011-03-22,8.70,8.94,8.58,8.90,7119575,62640756.000
2011-03-23,8.85,9.08,8.80,8.91,6404396,56977144.000
2011-03-24,8.88,9.29,8.76,9.14,14491724,131498168.000
2011-03-25,9.05,9.17,8.99,9.12,8675632,78708544.000
2011-03-28,9.07,9.75,9.07,9.32,19962680,187553952.000
2011-03-29,9.26,9.47,8.86,8.96,13840070,126767080.000
2011-03-30,8.90,9.05,8.74,8.92,6167797,54852628.000
2011-03-31,8.92,8.95,8.61,8.68,4403587,38600164.000
2011-04-01,8.69,9.45,8.69,9.20,11783865,107130792.000
2011-04-06,9.22,9.33,9.00,9.32,10540787,96813552.000
2011-04-07,9.36,10.25,9.36,10.25,46557168,471025216.000
2011-04-08,10.25,10.44,9.95,10.41,35028150,357692704.000
2011-04-11,10.40,10.70,10.20,10.31,28076665,292313792.000
2011-04-12,10.20,11.26,10.11,11.04,36072416,386040064.000
2011-04-13,10.82,11.32,10.63,11.08,24530474,268538528.000
2011-04-14,11.02,11.63,10.81,11.03,31536519,354399296.000
2011-04-15,10.90,12.13,10.75,12.13,42081633,486860096.000
2011-04-18,12.30,13.34,12.11,13.34,47424919,618173056.000
2011-04-19,13.35,14.67,13.23,14.67,49909224,711802304.000
2011-04-20,14.67,15.45,14.14,14.79,55857951,822049216.000
2011-04-21,14.48,14.68,13.75,14.57,46763482,663847808.000
2011-04-22,14.25,14.48,13.90,14.16,28474185,402698688.000
2011-04-25,14.05,14.76,13.62,13.78,39805545,564745472.000
2011-04-26,13.50,14.21,13.00,14.18,34250048,463522112.000
2011-04-27,13.95,14.08,12.76,12.76,28400249,381396544.000
2011-04-28,12.50,13.00,11.91,12.27,27878086,345653088.000
2011-04-29,12.39,13.35,12.21,12.92,32198321,413646144.000
2011-05-03,12.70,14.21,12.50,14.21,41165435,556410752.000
2011-05-04,14.00,14.58,13.45,13.48,42257001,592718400.000
2011-05-05,13.18,13.58,12.90,13.41,21404944,283855360.000
2011-05-06,13.16,14.75,12.98,14.75,40620233,578894976.000
2011-05-09,15.20,16.23,14.96,16.23,60077115,939769472.000
2011-05-10,17.00,17.85,16.68,17.85,34666190,603376384.000
2011-05-11,18.58,18.79,17.22,18.07,59653577,1073663040.000
2011-05-12,17.72,18.38,16.93,16.99,44002480,773943296.000
2011-05-13,16.87,17.28,16.25,16.94,36423159,610550720.000
2011-05-16,16.64,17.22,16.27,16.91,30434297,512204672.000
2011-05-17,16.52,16.65,15.39,15.52,31238195,496391552.000
2011-05-19,15.80,17.07,15.70,17.07,40305642,672181248.000
2011-05-20,17.00,18.78,16.70,18.78,49354784,888612160.000
2011-05-23,18.78,19.29,16.90,17.46,43563522,780149568.000
2011-05-24,17.20,18.88,17.15,17.71,43004197,775568128.000
2011-05-25,17.40,19.38,16.70,18.75,49119582,880074240.000
2011-05-26,18.38,20.39,18.03,18.77,54160415,1039007680.000
2011-05-27,18.21,19.39,17.30,17.84,32128280,587358016.000
2011-05-30,17.59,17.72,16.30,16.77,23752972,403555136.000
2011-05-31,16.61,18.28,16.61,17.97,30843562,546804224.000
2011-06-01,17.91,18.76,17.60,17.95,30813641,560207424.000
2011-06-02,17.50,18.64,17.21,17.90,23946516,429541824.000
2011-06-03,17.98,18.33,17.58,17.91,19513529,349511488.000
2011-06-07,17.81,19.45,17.63,19.02,38978939,723190144.000
2011-06-08,18.85,19.76,18.30,19.03,37622696,716139200.000
2011-06-09,19.03,19.38,18.11,18.19,24304198,455346048.000
2011-06-10,18.00,18.95,17.96,18.35,22001367,404675392.000
2011-06-13,18.15,18.39,17.51,18.18,20103214,361163808.000
2011-06-14,18.18,18.34,17.68,17.80,20114341,360019392.000
2011-06-15,17.80,18.28,17.00,17.14,22892080,402063776.000
2011-06-16,16.72,16.84,16.00,16.01,20436718,333616768.000
2011-06-17,16.01,16.38,15.63,15.71,12907187,205665648.000
2011-06-20,15.67,16.04,15.53,16.03,11496650,181677136.000
2011-06-21,15.98,16.24,15.05,16.15,18614499,294231616.000
2011-06-22,16.10,16.50,15.76,16.18,14239733,230312160.000
2011-06-23,16.00,16.45,15.70,16.27,14147786,228410256.000
2011-06-24,16.17,16.87,16.02,16.44,22497051,370751136.000
2011-06-27,16.40,16.97,16.28,16.84,28174864,465330656.000
2011-06-28,16.87,16.87,16.40,16.51,15745560,259949600.000
2011-06-29,16.45,16.69,15.90,15.93,15933254,260060640.000
2011-06-30,15.80,16.38,15.72,16.03,12318081,197791760.000
2011-07-01,16.12,16.55,15.94,16.12,14144402,230031504.000
2011-07-04,16.13,16.65,16.05,16.51,20835424,340965792.000
2011-07-05,16.52,18.16,16.45,18.16,33570959,592070848.000
2011-07-06,18.87,18.87,17.77,18.08,51713757,944988416.000
2011-07-07,17.68,18.09,17.46,17.78,23848276,424200480.000
2011-07-08,17.89,18.39,17.70,17.87,20065149,362245728.000
2011-07-11,17.97,17.97,17.28,17.83,15095255,265926736.000
2011-07-12,17.61,17.65,17.25,17.33,13631063,237060080.000
2011-07-13,17.60,17.88,17.43,17.75,15779592,278774016.000
2011-07-14,17.75,17.86,17.31,17.46,14477814,253566848.000
2011-07-15,17.38,17.67,17.21,17.38,10228270,178087184.000
2011-07-18,17.27,17.48,16.92,16.99,12145077,208073136.000
2011-07-19,16.90,17.24,16.68,16.99,9240654,157064384.000
2011-07-20,17.10,17.14,16.30,16.64,9714147,162040896.000
2011-07-21,16.63,16.77,16.10,16.18,7969739,130785504.000
2011-07-22,16.18,16.38,16.10,16.19,5291529,85798920.000
2011-07-25,16.15,16.15,15.01,15.07,10272607,158262080.000
2011-07-26,15.01,15.26,15.00,15.12,5079193,76786632.000
2011-07-27,15.08,15.75,14.82,15.55,9836825,151446752.000
2011-07-28,15.31,15.38,15.03,15.10,5876530,89120872.000
2011-07-29,15.10,15.36,15.00,15.17,5036957,76495144.000
2011-08-01,15.20,15.27,15.07,15.14,3915974,59461568.000
2011-08-02,15.11,15.11,14.21,14.70,7703765,112304696.000
2011-08-03,14.30,14.85,14.30,14.55,4242625,62029624.000
2011-08-04,14.65,15.83,14.65,15.31,13066279,200322832.000
2011-08-05,14.67,15.50,14.50,14.95,9713215,146142112.000
2011-08-08,14.50,14.90,13.46,13.49,9805026,136893968.000
2011-08-09,13.01,13.75,12.30,13.51,10530783,138210048.000
2011-08-10,13.78,14.35,13.77,13.83,11646779,163519872.000
2011-08-11,13.28,14.03,13.28,14.00,8590674,118750736.000
2011-08-12,14.30,14.55,14.03,14.08,9081460,129268560.000
2011-08-15,14.10,14.78,13.96,14.67,12327794,177451488.000
2011-08-16,14.70,14.86,14.30,14.41,9202217,134063360.000
2011-08-17,14.41,14.77,14.30,14.38,6870954,99668720.000
2011-08-18,14.38,14.44,13.80,13.86,6709637,94450368.000
2011-08-19,13.45,13.57,13.22,13.42,5414687,72422912.000
2011-08-22,13.43,14.20,13.42,13.69,7881621,109042104.000
2011-08-23,13.70,13.85,13.38,13.83,5354027,72853224.000
2011-08-24,13.92,13.99,13.60,13.62,4816139,66364456.000
2011-08-25,13.60,13.96,13.52,13.95,6108931,84338296.000
2011-08-26,13.88,14.60,13.76,14.29,12228006,174576704.000
2011-08-29,14.20,14.20,13.76,13.82,6813016,95110928.000
2011-08-30,13.96,13.99,13.49,13.51,6153311,84472296.000
2011-08-31,13.52,13.70,13.34,13.45,3440313,46375396.000
2011-09-01,13.45,13.58,13.20,13.21,3481033,46512940.000
2011-09-02,13.21,13.33,12.76,12.94,4385431,56759416.000
2011-09-05,12.84,12.86,12.40,12.43,4231443,53070892.000
2011-09-06,12.30,12.53,12.20,12.35,3712020,45870816.000
2011-09-07,12.46,13.57,12.46,13.38,11860165,153967648.000
2011-09-08,13.28,14.25,13.11,13.19,13401396,181364144.000
2011-09-09,13.09,13.30,12.82,12.87,6421255,83977920.000
2011-09-13,12.61,12.70,12.42,12.45,4923353,61649296.000
2011-09-14,12.58,12.88,12.43,12.85,4972127,63021968.000
2011-09-16,12.95,13.08,12.67,12.69,4454476,57344928.000
2011-09-19,12.59,13.35,12.38,12.77,9162484,118996872.000
2011-09-20,12.61,13.20,12.22,13.15,8576302,109780672.000
2011-09-21,13.00,13.75,12.90,13.59,13377227,178972320.000
2011-09-22,13.35,13.95,13.14,13.16,14939488,203045360.000
2011-09-23,12.88,13.80,12.65,13.41,10843710,144743616.000
2011-09-26,13.30,13.50,12.88,12.99,7034743,92442408.000
2011-09-27,13.10,13.17,12.60,12.79,5451179,69899192.000
2011-09-28,12.83,12.97,12.31,12.42,4893497,61780920.000
2011-09-29,12.37,12.64,11.88,11.92,4615910,56731088.000
2011-09-30,12.10,12.24,11.62,11.97,3824694,45310548.000
2011-10-10,12.05,12.18,11.92,11.98,2997224,36104984.000
2011-10-11,12.30,12.50,11.95,12.19,4503148,55141260.000
2011-10-12,12.16,12.72,11.92,12.68,7569492,94690120.000
2011-10-13,12.57,12.97,12.55,12.77,8599167,109939216.000
2011-10-14,12.78,13.74,12.70,13.19,14154289,188052480.000
2011-10-17,13.07,13.19,12.88,13.11,8229473,107076328.000
2011-10-18,13.11,13.13,12.48,12.52,7365472,94073456.000
2011-10-19,12.44,12.74,12.34,12.55,4370471,54780840.000
2011-10-20,12.50,12.50,11.90,12.01,4653194,56206640.000
2011-10-21,11.97,12.09,11.72,11.76,2992214,35533624.000
2011-10-24,11.81,12.14,11.28,12.08,5861022,69325752.000
2011-10-25,12.00,12.64,11.90,12.38,7821239,96386360.000
2011-10-26,12.24,12.55,12.20,12.40,7165369,88805112.000
2011-10-27,12.36,12.63,12.33,12.42,5952804,74257432.000
2011-10-28,12.56,12.77,12.42,12.72,7483453,94221128.000
2011-10-31,12.66,12.90,12.54,12.82,10328457,131870992.000
2011-11-01,12.70,12.98,12.61,12.65,7550810,96468056.000
2011-11-02,12.35,12.63,12.02,12.53,9452998,116263904.000
2011-11-03,12.57,12.99,12.45,12.69,12139537,154649088.000
2011-11-04,12.72,12.97,12.63,12.86,7803639,99988048.000
2011-11-07,12.90,13.40,12.86,13.17,18269490,240561408.000
2011-11-08,13.12,13.58,12.90,13.31,18045680,240287520.000
2011-11-09,13.33,13.38,12.91,13.27,9109705,119881856.000
2011-11-10,13.05,13.65,12.98,13.21,13335508,178552624.000
2011-11-11,13.35,13.35,12.86,12.88,7741330,100982504.000
2011-11-14,13.08,13.29,12.90,13.17,7253858,95037968.000
2011-11-15,13.22,13.31,13.05,13.21,6459333,85074128.000
2011-11-16,13.18,13.65,13.00,13.35,19792491,265136224.000
2011-11-17,13.28,13.34,12.91,13.16,10472200,137521552.000
2011-11-18,13.00,13.15,12.33,12.37,7715779,97588904.000
2011-11-21,12.30,12.66,12.18,12.56,5040528,62630432.000
2011-11-22,12.42,12.53,12.00,12.34,4633070,56816180.000
2011-11-23,12.50,12.53,12.00,12.04,3518683,42987904.000
2011-11-24,11.88,11.98,11.60,11.81,3965828,46740348.000
2011-11-25,11.81,11.95,11.50,11.61,3257828,38287516.000
2011-11-28,11.62,11.78,11.54,11.58,1999589,23261920.000
2011-11-29,11.71,12.38,11.71,12.19,6846459,82659672.000
2011-11-30,12.00,12.09,11.20,11.68,6781244,79614216.000
2011-12-01,12.08,12.40,11.80,12.13,8881433,107574280.000
2011-12-02,12.10,12.10,11.64,11.66,4754975,55953076.000
2011-12-05,11.57,11.78,11.32,11.38,3014311,34751140.000
2011-12-06,11.38,11.50,11.15,11.24,2663297,29970680.000
2011-12-07,11.23,11.39,11.16,11.32,1943010,21910720.000
2011-12-08,11.37,11.37,11.00,11.11,3373081,37670152.000
2011-12-09,11.00,11.25,10.91,11.06,2826107,31421808.000
2011-12-12,11.06,11.36,11.02,11.07,3722719,41755744.000
2011-12-13,11.00,11.00,10.21,10.32,4876368,51026304.000
2011-12-14,10.32,10.34,9.70,9.71,4421444,44214980.000
2011-12-15,9.48,9.62,8.81,8.89,4387384,41118484.000
2011-12-16,9.00,9.16,8.67,9.15,4081108,36609864.000
2011-12-19,9.05,9.06,8.63,9.04,3404703,30171304.000
2011-12-20,8.96,9.28,8.85,9.10,4432107,40552648.000
2011-12-21,9.16,9.34,8.75,8.83,3821273,34664132.000
2011-12-22,8.60,8.79,8.30,8.59,4060196,34511352.000
2011-12-23,8.60,8.88,8.42,8.77,3606319,31607416.000
2011-12-26,8.63,9.06,8.57,8.90,5428864,48149908.000
2011-12-27,8.81,8.88,8.39,8.43,3812847,32809266.000
2011-12-28,8.40,8.49,8.15,8.45,2602860,21730716.000
2011-12-29,8.39,8.55,8.34,8.38,1627735,13745792.000
2011-12-30,8.45,8.60,8.38,8.53,3269199,27767148.000
2012-01-04,8.65,8.78,8.27,8.31,4075892,34942032.000
2012-01-05,8.30,8.37,7.88,7.89,3291190,26754584.000
2012-01-06,7.80,7.93,7.27,7.83,3953705,30099504.000
2012-01-09,7.80,8.37,7.71,8.30,5096742,41347116.000
2012-01-10,8.29,8.86,8.17,8.75,7536751,64705708.000
2012-01-11,8.76,8.97,8.60,8.95,7522523,66114432.000
2012-01-12,8.85,9.85,8.79,9.39,16334638,156658336.000
2012-01-13,9.21,9.60,9.01,9.17,11454115,106143472.000
2012-01-16,9.00,9.25,8.60,8.71,5441810,48570792.000
2012-01-17,8.75,9.43,8.70,9.38,8044443,73237776.000
2012-01-18,9.30,9.50,9.05,9.20,7429759,69133552.000
2012-01-19,9.20,9.38,9.06,9.19,4182177,38442432.000
2012-01-20,9.23,9.34,9.13,9.24,3455533,31925940.000
2012-01-30,9.36,9.36,9.07,9.10,2922733,26855120.000
2012-01-31,9.10,9.17,8.93,9.12,2561316,23171322.000
2012-02-01,9.12,9.24,8.97,9.00,2884147,26271864.000
2012-02-02,9.15,9.23,9.02,9.22,2948057,26942620.000
2012-02-03,9.18,10.09,9.15,9.72,12724012,121937704.000
2012-02-06,9.67,10.40,9.54,10.29,18279118,183058784.000
2012-02-07,10.00,10.16,9.81,9.96,9579226,95328120.000
2012-02-08,9.86,10.37,9.86,10.23,10808960,109716808.000
2012-02-09,10.15,10.37,10.08,10.11,10131373,103471112.000
2012-02-10,10.09,10.23,9.98,10.03,6708325,67667096.000
2012-02-13,10.00,10.34,9.80,10.19,6567778,66440160.000
2012-02-14,10.11,10.67,10.10,10.29,10439252,108907744.000
2012-02-15,10.20,10.53,10.20,10.45,8655744,89683968.000
2012-02-16,10.43,10.55,10.19,10.29,6186979,64214068.000
2012-02-17,10.38,10.40,9.99,10.15,4553011,46345768.000
2012-02-20,10.27,10.34,10.10,10.13,4405929,45066708.000
2012-02-21,10.15,10.30,10.00,10.28,4743647,48295504.000
2012-02-22,10.28,10.54,10.26,10.47,8298053,86411928.000
2012-02-23,10.44,10.63,10.35,10.51,8582028,90123400.000
2012-02-24,10.48,10.60,10.40,10.55,6765040,71163168.000
2012-02-27,10.59,10.94,10.56,10.59,10625298,113941048.000
2012-02-28,10.59,10.70,10.23,10.41,6778503,70733776.000
2012-02-29,10.80,11.45,10.60,10.70,18464216,202818224.000
2012-03-01,10.45,10.78,10.39,10.65,7583006,80301304.000
2012-03-02,10.67,10.98,10.57,10.91,8452555,91145968.000
2012-03-05,10.92,10.98,10.76,10.79,6636931,72020944.000
2012-03-06,10.79,10.79,10.47,10.56,5102527,54007364.000
2012-03-07,10.40,10.53,10.25,10.30,5564349,57710752.000
2012-03-08,10.35,10.54,10.35,10.49,3954292,41346300.000
2012-03-09,10.45,11.15,10.45,10.97,12011002,130682896.000
2012-03-12,10.92,11.39,10.76,11.26,16469492,183169248.000
2012-03-13,11.17,12.35,11.02,11.94,22209216,260128560.000
2012-03-14,11.82,12.10,11.05,11.26,19534797,227345760.000
2012-03-15,11.20,11.85,10.98,11.58,16287435,186712512.000
2012-03-16,11.50,11.95,11.29,11.79,12755899,149245104.000
2012-03-19,11.78,11.95,11.46,11.74,10562392,124165864.000
2012-03-20,11.55,11.69,11.30,11.31,7215567,82400848.000
2012-03-21,11.33,11.78,11.05,11.68,10179411,116464360.000
2012-03-22,11.54,11.65,11.30,11.36,5139274,58640872.000
2012-03-23,11.28,11.29,10.62,10.74,7392202,80808088.000
2012-03-26,10.71,10.75,10.31,10.38,4681902,48882588.000
2012-03-27,10.45,10.62,10.35,10.47,3190640,33498900.000
2012-03-28,10.47,10.47,9.82,9.85,4861550,48774776.000
2012-03-29,9.75,9.75,9.18,9.31,4364871,41328044.000
2012-03-30,9.33,9.56,9.19,9.31,3161323,29644212.000
2012-04-05,9.31,9.62,9.31,9.58,3746880,35680008.000
2012-04-06,9.64,9.96,9.55,9.79,4039403,39546476.000
2012-04-09,9.83,9.83,9.41,9.46,2657090,25546512.000
2012-04-10,9.45,9.75,9.30,9.74,4381739,41785952.000
2012-04-11,9.65,10.25,9.53,10.20,8767347,87365312.000
2012-04-12,10.03,10.33,10.03,10.23,6972522,70920208.000
2012-04-13,10.30,10.84,10.08,10.48,9165127,95387312.000
2012-04-16,10.32,10.50,10.24,10.31,4547444,47010416.000
2012-04-17,10.32,10.45,10.01,10.05,4159612,42539928.000
2012-04-18,10.10,10.39,10.08,10.34,3870448,39767464.000
2012-04-19,10.34,10.48,10.28,10.32,3452802,35795580.000
2012-04-20,10.33,10.55,10.25,10.42,4421100,46045832.000
2012-04-23,10.40,10.88,10.35,10.41,6382636,67377088.000
2012-04-24,10.30,10.40,9.80,10.05,5443446,54847984.000
2012-04-25,9.88,10.27,9.84,10.15,4210615,42544592.000
2012-04-26,10.13,10.43,10.12,10.14,3641513,37297268.000
2012-04-27,10.15,10.29,9.96,10.00,2246547,22561478.000
2012-05-02,10.11,10.29,9.94,10.13,3944608,39964724.000
2012-05-03,10.20,10.33,10.14,10.26,3621683,37092152.000
2012-05-04,10.33,10.44,10.15,10.42,5636230,58328028.000
2012-05-07,10.38,10.38,10.15,10.29,3893109,39880160.000
2012-05-08,10.28,11.10,10.22,10.70,12337406,131991040.000
2012-05-09,10.66,10.66,10.32,10.37,6559080,68760240.000
2012-05-10,10.37,10.60,10.28,10.42,3429702,35801136.000
2012-05-11,10.42,10.53,10.29,10.30,3125597,32459232.000
2012-05-14,10.40,10.44,10.25,10.30,2677957,27679360.000
2012-05-15,10.21,10.35,10.03,10.22,2663737,27120412.000
2012-05-16,10.22,10.66,10.15,10.35,7349685,77033680.000
2012-05-17,10.35,10.60,10.10,10.51,6718279,69669584.000
2012-05-18,10.30,10.79,10.28,10.44,7443366,78579736.000
2012-05-21,10.36,10.50,9.98,10.12,5389149,54960852.000
2012-05-22,10.15,10.58,10.15,10.56,7415183,77416824.000
2012-05-23,10.58,10.78,10.31,10.75,10591229,112232424.000
2012-05-24,10.62,10.87,10.45,10.52,8013432,85532184.000
2012-05-25,10.47,10.75,10.43,10.62,6884914,72972696.000
2012-05-28,10.62,10.99,10.60,10.98,12405626,134409984.000
2012-05-29,10.92,11.40,10.80,11.26,15128700,167247488.000
2012-05-30,11.16,11.24,10.96,11.00,8389688,92686552.000
2012-05-31,10.90,11.14,10.75,10.96,6140899,67207648.000
2012-06-01,10.95,11.32,10.81,11.05,9453856,105140512.000
2012-06-04,10.76,10.88,10.30,10.32,7729363,81945432.000
2012-06-05,10.40,10.49,10.20,10.32,4203934,43440488.000
2012-06-06,10.38,10.38,9.97,10.06,5117689,52007568.000
2012-06-07,10.15,10.27,9.90,9.92,3584443,36158432.000
2012-06-08,10.01,10.12,9.91,10.00,2701082,26980272.000
2012-06-11,10.02,10.20,10.00,10.19,2497019,25252876.000
2012-06-12,10.15,10.15,9.94,9.96,2469148,24737588.000
2012-06-13,9.95,10.15,9.92,10.14,2567219,25825290.000
2012-06-14,10.12,10.29,10.00,10.04,2813810,28558908.000
2012-06-15,10.10,10.10,9.80,9.92,2919594,29070576.000
2012-06-18,9.91,10.06,9.91,10.00,1756165,17560684.000
2012-06-19,10.00,10.00,9.78,9.80,2741586,27067942.000
2012-06-20,9.87,9.91,9.61,9.62,2804571,27203040.000
2012-06-21,9.62,9.68,9.31,9.35,2412858,22714852.000
2012-06-25,9.35,9.50,9.17,9.19,1772986,16560992.000
2012-06-26,9.17,9.23,8.87,9.16,2037608,18442768.000
2012-06-27,9.17,9.25,9.05,9.06,1606909,14721524.000
2012-06-29,8.99,9.01,8.67,9.00,2462796,21742830.000
2012-07-02,9.10,9.18,9.03,9.12,1732446,15790513.000
2012-07-03,9.12,9.28,9.06,9.12,1747891,16009405.000
2012-07-04,9.13,9.19,8.99,9.02,1522302,13783370.000
2012-07-05,9.03,9.03,8.64,8.65,1851610,16229752.000
2012-07-06,8.70,8.79,8.40,8.75,2135453,18374128.000
2012-07-09,8.70,8.75,8.35,8.37,1713184,14609475.000
2012-07-10,8.30,8.35,8.08,8.11,2001464,16377116.000
2012-07-11,8.07,8.87,8.07,8.64,3935248,33599640.000
2012-07-12,8.53,8.68,8.39,8.61,2850694,24386274.000
2012-07-13,8.43,8.68,8.42,8.54,1769396,15182827.000
2012-07-16,8.62,8.63,8.11,8.16,1922486,15991021.000
2012-07-17,8.10,8.49,8.10,8.40,1893421,15828288.000
2012-07-18,8.36,8.60,8.22,8.55,2757901,23360120.000
2012-07-19,8.55,8.92,8.50,8.82,5240525,45881996.000
2012-07-20,8.82,8.85,8.55,8.64,3281567,28525484.000
2012-07-23,8.62,8.62,8.33,8.44,1715187,14458570.000
2012-07-24,8.36,8.63,8.35,8.56,1611142,13699038.000
2012-07-25,8.56,8.61,8.36,8.39,1298266,11029036.000
2012-07-26,8.44,8.55,8.24,8.31,1451138,12158765.000
2012-07-27,8.40,8.40,8.15,8.28,913042,7567723.000
2012-07-30,8.29,8.34,8.06,8.11,1225463,9978516.000
2012-07-31,8.10,8.10,7.70,7.81,1615719,12695973.000
2012-08-01,7.82,8.02,7.82,7.91,988472,7823213.000
2012-08-02,7.90,7.98,7.70,7.75,1076428,8389806.000
2012-08-03,7.72,8.31,7.72,8.09,3150531,25399520.000
2012-08-06,7.95,8.22,7.94,8.20,2278918,18519840.000
2012-08-07,8.17,8.83,8.14,8.51,5190778,44050800.000
2012-08-08,8.40,9.12,8.38,8.90,12403228,109760608.000
2012-08-09,8.70,9.51,8.50,9.28,14745300,132787744.000
2012-08-10,9.12,9.24,8.88,8.96,8354120,75570040.000
2012-08-13,8.86,8.98,8.68,8.71,3944779,34763208.000
2012-08-14,8.62,8.93,8.60,8.86,3641707,31980740.000
2012-08-15,8.80,8.86,8.66,8.68,1964143,17193204.000
2012-08-16,8.68,8.75,8.51,8.53,1784580,15359747.000
2012-08-17,8.54,8.73,8.54,8.67,2496595,21596760.000
2012-08-20,8.60,9.10,8.46,8.99,6380124,56621724.000
2012-08-21,8.89,9.44,8.77,9.03,8430566,76808648.000
2012-08-22,9.03,9.09,8.57,8.66,6031500,52820000.000
2012-08-23,8.61,8.88,8.55,8.71,3133575,27300488.000
2012-08-24,8.66,8.70,8.26,8.34,2900607,24661462.000
2012-08-27,8.27,8.27,8.03,8.07,2089808,16955644.000
2012-08-28,7.99,8.24,7.99,8.17,1336369,10914187.000
2012-08-29,8.20,8.25,8.11,8.15,1513247,12376463.000
2012-08-30,8.14,8.24,7.86,8.02,1558433,12565179.000
2012-08-31,8.00,8.13,7.97,8.04,863021,6954282.000
2012-09-03,8.10,8.30,8.00,8.26,2056668,16904200.000
2012-09-04,8.30,8.30,8.09,8.10,1283105,10516077.000
2012-09-05,8.10,8.19,8.02,8.10,1105272,8946066.000
2012-09-06,8.10,8.25,8.05,8.22,1394422,11388071.000
2012-09-07,8.28,8.61,8.25,8.50,4395262,37161144.000
2012-09-10,8.50,8.75,8.44,8.62,3415450,29297152.000
2012-09-11,8.56,8.76,8.47,8.75,4280078,36943104.000
2012-09-12,8.76,8.87,8.66,8.79,4282098,37464772.000
2012-09-13,8.71,8.79,8.42,8.46,3084844,26692752.000
2012-09-14,8.60,8.66,8.43,8.57,2326571,19881836.000
2012-09-17,8.53,9.27,8.37,8.97,13009723,115504160.000
2012-09-18,8.75,8.90,8.60,8.71,5708495,49857896.000
2012-09-19,8.69,8.69,8.41,8.52,4026067,34334872.000
2012-09-20,8.51,8.51,8.09,8.10,4371363,35969528.000
2012-09-21,8.00,8.30,7.96,8.10,2382892,19489670.000
2012-09-24,8.00,8.18,8.00,8.17,1645436,13351622.000
2012-09-25,8.19,8.53,8.15,8.25,3004844,25108750.000
2012-09-26,8.18,8.22,7.99,8.00,2621039,21116588.000
2012-09-27,8.45,8.75,8.25,8.31,5176845,43364612.000
2012-09-28,8.23,9.10,8.20,8.82,12455259,108529872.000
2012-10-08,8.67,8.80,8.56,8.63,6077308,52681208.000
2012-10-09,8.63,9.15,8.60,9.04,10758278,95223640.000
2012-10-10,8.90,9.40,8.86,9.33,16316365,149496688.000
2012-10-11,9.28,10.26,9.13,10.26,33172701,327543552.000
2012-10-12,10.18,10.39,9.93,9.97,19954827,203070816.000
2012-10-15,9.81,10.21,9.65,9.98,19400591,192163184.000
2012-10-16,9.83,10.04,9.70,9.88,13725334,135942176.000
2012-10-17,9.85,9.94,9.63,9.73,15027238,147164992.000
2012-10-18,9.61,9.73,9.50,9.63,14260748,136873056.000
2012-10-19,9.65,9.78,9.30,9.41,11232557,107164736.000
2012-10-22,9.31,9.55,9.22,9.44,6749782,63574552.000
2012-10-23,9.42,9.55,9.36,9.40,5784144,54663168.000
2012-10-24,9.33,9.48,9.28,9.45,4568506,42895380.000
2012-10-25,9.47,9.53,8.75,8.80,10868765,98653248.000
2012-10-26,8.80,8.89,8.62,8.82,5477115,48108516.000
2012-10-29,8.75,8.75,8.51,8.54,4010187,34441408.000
2012-10-30,8.52,8.64,8.44,8.61,3196851,27365164.000
2012-10-31,8.62,8.70,8.52,8.66,2274089,19565208.000
2012-11-01,8.71,8.94,8.67,8.88,6707548,59041440.000
2012-11-02,8.82,9.08,8.82,8.89,5034189,45064116.000
2012-11-05,8.89,8.98,8.70,8.74,3661165,32185900.000
2012-11-06,8.75,8.75,8.36,8.55,4147723,35228472.000
2012-11-07,8.56,8.61,8.41,8.56,2320215,19754180.000
2012-11-08,8.48,8.48,8.20,8.20,3347410,27836692.000
2012-11-09,8.20,8.25,8.15,8.23,2650487,21737306.000
2012-11-12,8.20,8.34,8.20,8.31,1785908,14776377.000
2012-11-13,8.28,8.37,8.10,8.13,1694666,13892623.000
2012-11-14,8.13,8.20,7.97,8.18,2146972,17339608.000
2012-11-15,8.15,8.24,8.05,8.07,1608995,13104535.000
2012-11-16,8.06,8.06,7.91,7.99,1835363,14646949.000
2012-11-19,7.95,8.16,7.95,8.15,1445393,11673661.000
2012-11-20,8.18,8.22,8.01,8.03,1456835,11842446.000
2012-11-21,8.03,8.29,8.03,8.28,3197848,26252644.000
2012-11-22,8.28,8.28,8.15,8.19,1694414,13893193.000
2012-11-23,8.16,8.25,8.16,8.17,1180498,9686744.000
2012-11-26,8.17,8.22,8.01,8.02,1394158,11290560.000
2012-11-27,8.01,8.01,7.70,7.70,2145397,16674789.000
2012-11-28,7.74,7.75,7.19,7.28,2201052,16157678.000
2012-11-29,7.31,7.39,7.20,7.24,1640653,11971538.000
2012-11-30,7.29,7.37,7.23,7.33,1663663,12175395.000
2012-12-03,7.36,7.36,6.95,6.96,1846031,13197480.000
2012-12-04,6.91,7.09,6.73,7.05,2017585,13885757.000
2012-12-05,6.98,7.38,6.98,7.32,2951178,21507234.000
2012-12-06,7.29,7.43,7.25,7.29,1696791,12420405.000
2012-12-07,7.29,7.86,7.27,7.73,6595180,50021840.000
2012-12-10,7.63,7.88,7.57,7.79,4600988,35586104.000
2012-12-11,7.72,7.76,7.60,7.65,3150286,24186302.000
2012-12-12,7.62,7.69,7.47,7.55,2210481,16727305.000
2012-12-13,7.54,7.75,7.45,7.47,2683546,20397686.000
2012-12-14,7.42,7.77,7.38,7.75,4496700,34542592.000
2012-12-17,7.73,7.92,7.72,7.83,3795144,29746808.000
2012-12-18,7.82,8.10,7.78,7.87,5382494,42774544.000
2012-12-19,7.82,7.94,7.77,7.88,2797044,21955644.000
2012-12-20,7.82,8.16,7.76,8.04,4618871,36790216.000
2012-12-21,8.00,8.10,7.86,7.87,3840966,30593256.000
2012-12-24,7.88,7.93,7.81,7.85,1923501,15130076.000
2012-12-25,7.84,8.06,7.81,8.00,4533814,36120120.000
2012-12-26,8.04,8.25,8.00,8.19,5831136,47512180.000
2012-12-27,8.32,8.41,8.06,8.08,8064963,66251200.000
2012-12-28,8.03,8.14,7.98,8.11,3849473,31066302.000
2012-12-31,8.11,8.26,8.08,8.14,3667714,29883624.000
2013-01-04,8.24,8.26,8.00,8.09,3247566,26317436.000
2013-01-07,8.08,8.13,7.98,8.12,3385815,27301356.000
2013-01-08,8.15,8.35,8.07,8.22,5478025,44961624.000
2013-01-09,8.17,8.37,8.12,8.26,6222356,51531040.000
2013-01-10,8.27,8.43,8.20,8.29,4979686,41379440.000
2013-01-11,8.27,8.27,7.86,7.86,6454012,52006444.000
2013-01-14,7.77,8.36,7.66,8.28,10734740,87392488.000
2013-01-15,8.24,8.45,8.20,8.41,8741357,73049184.000
2013-01-16,8.39,8.44,8.18,8.34,5366045,44586344.000
2013-01-17,8.35,8.49,8.24,8.37,5429256,45562684.000
2013-01-18,8.37,8.75,8.28,8.61,9388054,79998408.000
2013-01-21,8.60,8.62,8.46,8.57,4635057,39642864.000
2013-01-22,8.54,8.88,8.51,8.62,9196923,79804920.000
2013-01-23,8.62,8.68,8.31,8.46,5589580,47241752.000
2013-01-24,8.42,8.54,8.08,8.17,5369790,44566536.000
2013-01-25,8.15,8.20,8.05,8.11,2268512,18439440.000
2013-01-28,8.12,8.27,8.12,8.27,2728591,22420800.000
2013-01-29,8.27,8.58,8.22,8.44,5175985,43531924.000
2013-01-30,8.43,8.56,8.31,8.39,5474699,46253900.000
2013-01-31,8.36,8.68,8.36,8.55,6421434,54819240.000
2013-02-01,8.50,8.60,8.46,8.51,4113197,35051384.000
2013-02-04,8.54,8.64,8.28,8.36,4019367,33854720.000
2013-02-05,8.32,8.43,8.21,8.34,3601086,29965592.000
2013-02-06,8.31,8.58,8.31,8.47,4310489,36563240.000
2013-02-07,8.50,8.64,8.44,8.58,4546275,38874480.000
2013-02-08,8.53,8.66,8.53,8.57,3747075,32172580.000
2013-02-18,8.57,8.74,8.54,8.65,5037692,43481432.000
2013-02-19,8.65,8.72,8.44,8.52,4557905,39175928.000
2013-02-20,8.51,8.78,8.46,8.77,6143480,53266040.000
2013-02-21,8.70,8.70,8.47,8.56,4492493,38513208.000
2013-02-22,8.55,8.65,8.44,8.49,3498580,29838480.000
2013-02-25,8.53,8.61,8.47,8.60,2988524,25587488.000
2013-02-26,8.56,8.83,8.45,8.63,7095228,61573560.000
2013-02-27,8.59,8.69,8.45,8.55,3893409,33305724.000
2013-02-28,8.58,8.84,8.47,8.80,9754220,85057416.000
2013-03-01,9.31,9.68,9.15,9.30,29032864,272660640.000
2013-03-04,8.99,9.35,8.85,9.00,14807044,134895152.000
2013-03-05,9.02,9.58,9.01,9.35,14947850,139411424.000
2013-03-06,9.33,9.54,9.16,9.36,12031973,112556040.000
2013-03-07,9.30,9.34,8.88,9.05,9127200,83135248.000
2013-03-08,9.08,9.10,8.75,8.76,5811936,51480816.000
2013-03-11,8.67,8.84,8.66,8.74,2878079,25223620.000
2013-03-12,8.71,8.83,8.23,8.36,5855198,49557600.000
2013-03-13,8.40,8.40,8.00,8.17,3623389,29559050.000
2013-03-14,8.12,8.24,8.12,8.19,2355711,19264230.000
2013-03-15,8.23,8.34,8.03,8.15,3076735,25221438.000
2013-03-18,8.14,8.17,7.96,7.97,2634557,21214136.000
2013-03-19,7.97,8.07,7.85,8.02,2353103,18799474.000
2013-03-20,8.02,8.20,8.00,8.20,2673602,21737256.000
2013-03-21,8.19,8.35,8.17,8.32,3648386,30145500.000
2013-03-22,8.29,8.39,8.14,8.24,3779165,31221464.000
2013-03-25,8.21,8.30,8.19,8.28,2648120,21812548.000
2013-03-26,8.24,8.26,7.90,8.03,3548161,28505636.000
2013-03-27,8.06,8.12,7.98,8.01,2302299,18505708.000
2013-03-28,8.01,8.01,7.67,7.68,3225331,25053160.000
2013-03-29,7.70,7.78,7.66,7.68,1883968,14550976.000
2013-04-01,7.68,7.81,7.68,7.77,1433721,11139357.000
2013-04-02,7.82,7.97,7.75,7.84,2571962,20289284.000
2013-04-03,7.84,7.84,7.66,7.71,1933832,14939217.000
2013-04-08,7.73,7.73,7.49,7.71,1573480,11951040.000
2013-04-09,7.71,7.81,7.67,7.78,3020604,23390926.000
2013-04-10,7.73,7.78,7.64,7.73,1638854,12617214.000
2013-04-11,7.69,7.79,7.69,7.70,1974176,15289961.000
2013-04-12,7.70,7.78,7.66,7.66,1462827,11280971.000
2013-04-15,7.67,7.74,7.45,7.56,1381348,10403597.000
2013-04-16,7.45,7.61,7.42,7.60,1116088,8390621.000
2013-04-17,7.60,7.64,7.49,7.57,1072520,8101504.000
2013-04-18,7.51,7.61,7.46,7.57,930613,7040711.000
2013-04-19,7.55,7.77,7.55,7.74,2335155,18004132.000
2013-04-22,7.67,7.80,7.63,7.76,1767599,13677458.000
2013-04-23,7.77,7.78,7.48,7.49,1796954,13680521.000
2013-04-24,7.50,7.62,7.45,7.58,1232807,9296923.000
2013-04-25,7.55,7.67,7.45,7.48,1661730,12526978.000
2013-04-26,7.48,7.62,7.45,7.46,1602699,12065871.000
2013-05-02,7.58,7.59,7.39,7.43,1235595,9221646.000
2013-05-03,7.40,7.63,7.38,7.56,1981491,14937813.000
2013-05-06,7.68,7.95,7.67,7.87,5852088,45741364.000
2013-05-07,7.88,7.95,7.75,7.81,3656017,28657398.000
2013-05-08,7.79,7.84,7.67,7.75,2618400,20247128.000
2013-05-09,7.75,7.79,7.61,7.78,2919657,22455682.000
2013-05-10,7.71,7.85,7.66,7.84,3482774,27147008.000
2013-05-13,7.80,7.83,7.69,7.73,2412800,18650912.000
2013-05-14,7.70,7.72,7.54,7.56,2504514,19030022.000
2013-05-15,7.56,7.72,7.54,7.72,2090365,15966490.000
2013-05-16,8.00,8.15,7.90,7.90,9296370,74373744.000
2013-05-17,7.81,7.99,7.75,7.91,5035597,39567248.000
2013-05-20,7.86,7.97,7.82,7.92,4434177,35035232.000
2013-05-21,7.96,8.06,7.91,7.99,4775145,38100564.000
2013-05-22,7.95,8.03,7.87,7.92,3484484,27657270.000
2013-05-23,7.92,7.98,7.80,7.81,3178630,25083876.000
2013-05-24,7.84,7.88,7.74,7.83,2690743,20993052.000
2013-05-27,7.77,8.01,7.77,8.00,4384921,34739332.000
2013-05-28,8.00,8.07,7.90,8.05,4987274,39869660.000
2013-05-29,8.05,8.15,7.97,8.02,4337370,34888776.000
2013-05-30,7.98,8.00,7.90,7.92,2949266,23408784.000
2013-05-31,8.00,8.05,7.90,7.94,3083483,24593240.000
2013-06-03,7.94,7.99,7.85,7.94,2202724,17471864.000
2013-06-04,7.88,7.96,7.77,7.79,2353731,18489180.000
2013-06-05,7.80,7.96,7.71,7.92,2595502,20287292.000
2013-06-06,7.83,7.93,7.71,7.72,2139285,16649095.000
2013-06-07,7.68,7.75,7.45,7.47,2756525,20855822.000
2013-06-13,7.44,7.44,7.06,7.25,2342746,16790158.000
2013-06-14,7.25,7.28,7.14,7.23,1729678,12483499.000
2013-06-17,7.23,7.27,7.08,7.14,1329172,9522958.000
2013-06-18,7.15,7.24,7.09,7.12,1274095,9104394.000
2013-06-19,7.12,7.12,6.98,7.05,1670469,11750779.000
2013-06-20,7.03,7.61,6.93,7.38,8995734,66107128.000
2013-06-21,7.15,7.26,7.00,7.09,3964033,28244752.000
2013-06-24,7.10,7.14,6.38,6.39,4192344,27907740.000
2013-06-25,6.35,6.37,5.75,6.16,3301076,20074350.000
2013-06-26,6.17,6.28,6.08,6.19,1715184,10548505.000
2013-06-27,6.18,6.27,6.00,6.02,2236846,13775291.000
2013-06-28,6.00,6.14,5.81,5.95,1660788,9973852.000
2013-07-01,5.91,6.05,5.90,6.04,1090343,6531555.000
2013-07-02,6.04,6.10,5.96,6.10,1467902,8906687.000
2013-07-03,6.11,6.13,5.93,5.98,1476623,8867243.000
2013-07-04,5.95,6.24,5.91,6.10,2719088,16712783.000
2013-07-05,6.11,6.22,6.01,6.13,1876855,11570782.000
2013-07-08,6.10,6.10,5.86,5.87,1977254,11717542.000
2013-07-09,5.87,5.94,5.80,5.92,849074,5012613.000
2013-07-10,5.93,6.08,5.85,6.08,1628274,9783503.000
2013-07-11,6.09,6.30,6.07,6.26,2860636,17804980.000
2013-07-12,6.26,6.32,6.11,6.14,2016861,12533951.000
数据来源:通达信
