601899 紫金矿业 日线
      日期	    开盘	    最高	    最低	    收盘	    成交量	    成交额
2008-04-25,6.19,14.21,5.95,8.82,971534170,10346790912.000
2008-04-28,7.89,7.89,7.89,7.89,9192800,115185784.000
2008-04-29,7.06,7.06,7.06,7.06,7794300,87919704.000
2008-04-30,6.41,7.01,6.31,6.55,592765501,6251440640.000
2008-05-05,6.74,7.25,6.55,7.25,370013739,4129913600.000
2008-05-06,7.23,7.64,7.11,7.17,391083955,4591564800.000
2008-05-07,7.03,7.13,6.71,6.89,196600686,2172779264.000
2008-05-08,6.81,7.11,6.61,7.07,154438117,1701251200.000
2008-05-09,7.07,7.07,6.41,6.70,154082204,1664663296.000
2008-05-12,6.44,6.91,6.23,6.69,129083972,1359626624.000
2008-05-13,6.35,6.64,6.35,6.44,106678474,1105896192.000
2008-05-14,6.35,6.77,6.35,6.62,116870457,1243837696.000
2008-05-15,6.61,6.78,6.45,6.47,88626289,937747648.000
2008-05-16,6.47,6.57,6.35,6.44,58337528,602078208.000
2008-05-19,6.57,6.65,6.44,6.52,54139687,570482752.000
2008-05-20,6.54,6.64,6.12,6.13,64148836,655744256.000
2008-05-21,6.07,6.22,5.75,6.08,83386803,803971072.000
2008-05-22,6.14,6.27,6.01,6.25,71685550,712827520.000
2008-05-23,6.13,6.18,5.82,5.93,52704624,507346208.000
2008-05-26,5.90,5.90,5.57,5.59,49058069,451854464.000
2008-05-27,5.55,5.76,5.55,5.67,37720257,346679872.000
2008-05-28,5.61,5.72,5.49,5.65,63064546,573899136.000
2008-05-29,5.61,5.64,5.37,5.39,56792382,508495904.000
2008-05-30,5.31,5.33,5.15,5.31,61315346,522894848.000
2008-06-02,5.31,5.89,5.25,5.89,98566456,902573504.000
2008-06-03,5.96,6.20,5.75,5.83,178418368,1733892864.000
2008-06-04,5.67,5.85,5.54,5.63,54529811,500209760.000
2008-06-05,5.56,5.87,5.51,5.71,52422013,486263072.000
2008-06-06,5.67,5.79,5.61,5.66,28315379,261547344.000
2008-06-10,5.45,5.49,5.05,5.05,54706252,464216512.000
2008-06-11,4.97,5.03,4.81,4.91,38404324,309646048.000
2008-06-12,4.91,5.09,4.78,5.07,50883559,412759712.000
2008-06-13,5.01,5.04,4.74,4.76,31425734,251856608.000
2008-06-16,4.77,4.86,4.52,4.59,29941928,229114016.000
2008-06-17,4.58,5.03,4.49,4.72,55797982,434202016.000
2008-06-18,4.62,5.07,4.55,5.00,71591727,573810112.000
2008-06-19,4.91,4.93,4.45,4.45,56694826,439046208.000
2008-06-23,4.51,4.84,4.47,4.64,53056376,406176864.000
2008-06-24,4.51,4.77,4.47,4.71,41538644,319004160.000
2008-06-25,4.66,5.07,4.64,4.94,62818461,505408288.000
2008-06-26,4.90,5.18,4.85,5.01,66903537,546831552.000
2008-06-27,4.83,5.34,4.81,4.87,86551540,713975936.000
2008-06-30,4.91,4.97,4.61,4.74,35694790,280714464.000
2008-07-01,4.77,4.84,4.58,4.63,21840914,167542912.000
2008-07-02,4.71,4.90,4.64,4.79,36262453,285625952.000
2008-07-03,4.81,5.14,4.74,5.05,75097467,614418048.000
2008-07-04,4.91,5.00,4.79,4.87,47182069,378714016.000
2008-07-07,4.85,5.11,4.77,5.06,58962179,482388192.000
2008-07-08,5.07,5.19,4.99,5.10,58064688,485352448.000
2008-07-09,5.10,5.65,5.01,5.51,120181425,1044341696.000
2008-07-10,5.34,5.59,5.28,5.29,89252375,785129472.000
2008-07-11,5.37,5.54,5.28,5.41,60290602,529974752.000
2008-07-14,5.49,5.66,5.49,5.59,65260227,590752192.000
2008-07-15,5.68,5.73,5.29,5.32,61598254,547917824.000
2008-07-16,5.15,5.26,4.85,5.03,46316303,383966944.000
2008-07-17,5.07,5.13,4.89,4.93,30368503,249025232.000
2008-07-18,4.99,5.10,4.86,5.07,29447677,238005072.000
2008-07-21,5.05,5.19,4.84,5.15,53345923,435211808.000
2008-07-22,5.12,5.33,5.05,5.16,41239349,346771552.000
2008-07-23,5.08,5.15,4.96,5.02,42343375,345355584.000
2008-07-24,4.93,5.09,4.90,5.03,41864075,339893760.000
2008-07-25,4.92,4.97,4.64,4.85,209528280,1634435200.000
2008-07-28,4.83,4.89,4.79,4.83,77085306,605526784.000
2008-07-29,4.85,4.89,4.71,4.76,66235342,516973760.000
2008-07-30,4.79,4.81,4.67,4.73,58670094,450182176.000
2008-07-31,4.74,4.75,4.59,4.61,41070455,310681344.000
2008-08-01,4.58,4.69,4.51,4.60,53166080,396472608.000
2008-08-04,4.57,4.57,4.39,4.40,41838159,305925664.000
2008-08-05,4.37,4.40,3.99,4.07,65229483,447394432.000
2008-08-06,4.01,4.09,3.85,3.95,50944329,330554016.000
2008-08-07,3.95,3.95,3.78,3.91,39148560,249975568.000
2008-08-08,3.90,3.90,3.60,3.61,42316721,263605536.000
2008-08-11,3.59,3.59,3.21,3.22,53986427,302428704.000
2008-08-12,3.10,3.25,3.05,3.13,35309251,187191360.000
2008-08-13,3.10,3.29,3.01,3.25,55608595,296529344.000
2008-08-14,3.25,3.27,3.16,3.21,31146252,169030304.000
2008-08-15,3.16,3.33,3.03,3.16,42276140,228023360.000
2008-08-18,3.12,3.12,2.85,2.85,38493767,194534288.000
2008-08-19,2.81,2.95,2.76,2.91,26110949,128256864.000
2008-08-20,2.90,3.23,2.85,3.19,65591122,343730976.000
2008-08-21,3.11,3.19,2.99,3.01,45902515,239799536.000
2008-08-22,3.06,3.10,2.94,3.03,29932226,153692976.000
2008-08-25,3.01,3.01,2.87,2.93,26470564,132361984.000
2008-08-26,2.89,2.93,2.78,2.81,22758326,110756408.000
2008-08-27,2.79,2.87,2.75,2.81,20836864,100347392.000
2008-08-28,2.83,2.88,2.80,2.85,20584411,100137736.000
2008-08-29,2.87,2.98,2.85,2.94,32974868,163989264.000
2008-09-01,2.91,2.91,2.81,2.82,17410419,84658184.000
2008-09-02,2.79,2.87,2.75,2.81,14296975,68722840.000
2008-09-03,2.79,2.80,2.65,2.69,33891932,157613888.000
2008-09-04,2.68,2.74,2.63,2.69,26767873,123317328.000
2008-09-05,2.60,2.61,2.49,2.49,26058758,115406656.000
2008-09-08,2.49,2.53,2.32,2.32,24025234,101628136.000
2008-09-09,2.33,2.39,2.29,2.35,21667656,89055984.000
2008-09-10,2.28,2.35,2.19,2.27,38038241,152383616.000
2008-09-11,2.21,2.26,2.13,2.15,26301018,102123904.000
2008-09-12,2.15,2.22,2.11,2.17,21806360,84292672.000
2008-09-16,2.19,2.25,2.14,2.20,41708444,163305872.000
2008-09-17,2.17,2.21,2.13,2.13,22135043,85055192.000
2008-09-18,2.37,2.39,2.22,2.31,100257024,407312192.000
2008-09-19,2.53,2.59,2.45,2.59,56610494,251579824.000
2008-09-22,2.81,2.89,2.59,2.81,162303620,770900672.000
2008-09-23,2.72,2.92,2.68,2.70,109239232,524314624.000
2008-09-24,2.59,2.60,2.47,2.59,59066796,260149984.000
2008-09-25,2.59,2.77,2.55,2.66,65347981,301394624.000
2008-09-26,2.65,2.66,2.57,2.61,45637873,205564960.000
2008-10-06,2.50,2.50,2.36,2.37,34765551,147910032.000
2008-10-07,2.33,2.50,2.33,2.45,30739418,131036000.000
2008-10-08,2.44,2.53,2.41,2.52,44929300,193767920.000
2008-10-09,2.59,2.59,2.36,2.37,36483998,156136432.000
2008-10-10,2.32,2.37,2.24,2.26,34950805,141223920.000
2008-10-13,2.16,2.27,2.07,2.27,31486802,119969600.000
2008-10-14,2.33,2.35,2.20,2.21,34460844,138608960.000
2008-10-15,2.17,2.18,2.12,2.17,15572767,59579604.000
2008-10-16,2.07,2.12,1.97,1.97,24826469,91350400.000
2008-10-17,1.96,2.02,1.89,1.95,29705152,103835776.000
2008-10-20,1.93,2.04,1.86,1.99,36538646,126817352.000
2008-10-21,1.99,2.07,1.97,2.01,39066778,141113792.000
2008-10-22,1.93,1.97,1.89,1.90,20545471,71538496.000
2008-10-23,1.83,1.89,1.80,1.87,21430103,71771272.000
2008-10-24,1.85,1.87,1.79,1.81,18571757,62237560.000
2008-10-27,1.79,1.85,1.64,1.65,29815859,97039592.000
2008-10-28,1.60,1.72,1.58,1.70,28850891,89073936.000
2008-10-29,1.73,1.73,1.61,1.61,22850844,70996256.000
2008-10-30,1.65,1.72,1.62,1.68,24500449,76005024.000
2008-10-31,1.66,1.71,1.62,1.66,23690773,73408568.000
2008-11-03,1.63,1.68,1.62,1.65,12578597,38773896.000
2008-11-04,1.65,1.66,1.59,1.63,16002335,48505676.000
2008-11-05,1.65,1.73,1.65,1.69,33243595,104128904.000
2008-11-06,1.64,1.66,1.63,1.65,14114950,43253772.000
2008-11-07,1.62,1.68,1.60,1.67,15296239,47057860.000
2008-11-10,1.69,1.85,1.69,1.83,56443463,184809936.000
2008-11-11,1.85,1.96,1.79,1.84,63247611,214627392.000
2008-11-12,1.80,1.90,1.79,1.86,35168678,118240936.000
2008-11-13,1.83,1.99,1.80,1.95,73945491,256675008.000
2008-11-14,1.98,2.18,1.94,2.18,146812266,552260288.000
2008-11-17,2.19,2.37,2.18,2.35,154558145,622056448.000
2008-11-18,2.31,2.31,2.08,2.08,107574083,417849312.000
2008-11-19,2.03,2.27,2.01,2.24,80182943,306822496.000
2008-11-20,2.17,2.51,2.14,2.51,230938176,986461824.000
2008-11-21,2.47,2.53,2.28,2.44,157798246,671234560.000
2008-11-24,2.59,2.67,2.42,2.45,107764390,472838144.000
2008-11-25,2.54,2.59,2.32,2.45,84879767,365848896.000
2008-11-26,2.37,2.43,2.33,2.38,46747192,194642592.000
2008-11-27,2.56,2.58,2.41,2.42,89769419,388714528.000
2008-11-28,2.39,2.42,2.27,2.31,50715739,208424448.000
2008-12-01,2.34,2.43,2.25,2.42,58598913,241900848.000
2008-12-02,2.30,2.44,2.28,2.38,66394050,275748960.000
2008-12-03,2.39,2.53,2.37,2.50,85547141,366265056.000
2008-12-04,2.53,2.67,2.49,2.51,154322334,691489024.000
2008-12-05,2.47,2.54,2.44,2.53,69175632,300608832.000
2008-12-08,2.59,2.77,2.53,2.75,128528669,582798848.000
2008-12-09,2.75,2.85,2.67,2.67,133047897,629949248.000
2008-12-10,2.61,2.79,2.61,2.75,79669406,371641664.000
2008-12-11,2.86,2.94,2.77,2.80,136455705,669262912.000
2008-12-12,2.85,2.89,2.56,2.65,101695991,479920032.000
2008-12-15,2.79,2.79,2.61,2.72,60967766,282700256.000
2008-12-16,2.67,2.80,2.62,2.75,66207301,309855936.000
2008-12-17,2.79,2.91,2.77,2.81,86470423,420668224.000
2008-12-18,2.88,3.07,2.83,3.03,151084304,761330560.000
2008-12-19,2.95,3.04,2.93,2.97,88810367,451836192.000
2008-12-22,2.93,3.02,2.87,2.93,63758853,319183232.000
2008-12-23,2.94,2.97,2.67,2.69,68514713,332357856.000
2008-12-24,2.65,2.72,2.59,2.63,45583982,207766224.000
2008-12-25,2.65,2.71,2.61,2.68,36642739,168029408.000
2008-12-26,2.68,2.70,2.61,2.63,20705479,94842232.000
2008-12-29,2.72,2.87,2.67,2.83,65558818,312378976.000
2008-12-30,2.81,2.89,2.77,2.78,44703019,216340560.000
2008-12-31,2.79,2.87,2.75,2.80,36205992,175228096.000
2009-01-05,2.86,2.97,2.83,2.93,40235365,199991072.000
2009-01-06,2.87,3.07,2.83,3.05,96125797,479797920.000
2009-01-07,3.02,3.05,2.96,2.97,61143544,311965472.000
2009-01-08,2.89,2.89,2.80,2.83,37115275,180380256.000
2009-01-09,2.85,2.93,2.84,2.87,35072439,172522000.000
2009-01-12,2.86,3.01,2.83,2.93,44086634,221331392.000
2009-01-13,2.83,2.85,2.72,2.75,64577112,308588096.000
2009-01-14,2.75,2.86,2.74,2.85,41402728,198639440.000
2009-01-15,2.81,2.85,2.77,2.81,39795656,191708400.000
2009-01-16,2.81,2.93,2.80,2.89,60428849,295753664.000
2009-01-19,2.97,2.99,2.83,2.85,45678395,225953744.000
2009-01-20,2.84,2.86,2.78,2.83,25667985,123546976.000
2009-01-21,2.83,2.90,2.81,2.85,34382362,168315632.000
2009-01-22,2.87,2.96,2.85,2.94,55449113,275339680.000
2009-01-23,2.93,3.01,2.91,2.95,66211797,334967360.000
2009-02-02,3.17,3.29,3.13,3.29,93001887,508127776.000
2009-02-03,3.37,3.61,3.27,3.46,179433649,1024081792.000
2009-02-04,3.41,3.55,3.37,3.51,86062495,496592000.000
2009-02-05,3.51,3.67,3.43,3.48,96743613,576006912.000
2009-02-06,3.53,3.87,3.53,3.81,117540660,731996736.000
2009-02-09,3.93,4.23,3.93,4.23,136489637,926343552.000
2009-02-10,4.24,4.70,4.10,4.69,173295297,1260160896.000
2009-02-11,4.73,5.13,4.61,4.79,187727719,1473459712.000
2009-02-12,5.00,5.03,4.73,4.90,152686200,1210507648.000
2009-02-13,4.90,4.95,4.80,4.91,129410434,1025324992.000
2009-02-16,4.93,4.93,4.70,4.83,120570333,942373184.000
2009-02-17,4.83,5.34,4.59,5.12,208928349,1683646720.000
2009-02-18,5.11,5.33,5.00,5.01,150064821,1249739264.000
2009-02-19,5.10,5.22,4.74,4.91,120670283,966027392.000
2009-02-20,4.85,5.09,4.77,5.03,98808913,789165760.000
2009-02-23,5.13,5.58,5.04,5.58,203910012,1766860032.000
2009-02-24,5.56,6.16,5.42,5.96,251574857,2387082496.000
2009-02-25,5.86,6.11,5.61,5.91,201042766,1906711552.000
2009-02-26,5.90,5.90,5.28,5.34,174251137,1549400064.000
2009-02-27,5.01,5.33,4.77,5.07,183555609,1470740224.000
2009-03-02,4.93,5.43,4.85,5.39,136676430,1134426624.000
2009-03-03,5.07,5.29,4.99,5.09,102962945,855226816.000
2009-03-04,4.93,5.47,4.93,5.32,167229156,1415380736.000
2009-03-05,5.35,5.70,5.35,5.51,165314012,1466918656.000
2009-03-06,5.67,5.72,5.48,5.54,118757961,1068344320.000
2009-03-10,4.95,5.39,4.95,5.31,115057508,962668992.000
2009-03-11,5.31,5.45,5.13,5.27,101225359,858079936.000
2009-03-12,5.27,5.30,4.99,5.11,71485945,591757568.000
2009-03-13,5.17,5.23,5.01,5.03,57194625,471954784.000
2009-03-16,5.03,5.08,4.91,5.05,64400841,521483008.000
2009-03-17,4.99,5.35,4.95,5.27,113874499,954636672.000
2009-03-18,5.26,5.50,5.19,5.35,137665959,1185496576.000
2009-03-19,5.47,5.66,5.33,5.62,177492994,1576344448.000
2009-03-20,5.83,6.22,5.83,6.22,285894079,2783526656.000
2009-03-23,6.47,6.88,6.35,6.88,276302581,2911507968.000
2009-03-24,6.80,6.87,6.49,6.53,239907038,2534263040.000
2009-03-25,6.34,7.12,6.27,6.70,281639190,3024733440.000
2009-03-26,6.69,7.17,6.41,7.15,266847108,2890409984.000
2009-03-27,7.13,7.30,6.99,7.07,216637345,2444856064.000
2009-03-30,6.90,7.12,6.66,6.93,154306670,1676320640.000
2009-03-31,6.69,7.05,6.67,6.85,123487531,1345884928.000
2009-04-01,6.85,7.15,6.85,6.93,149231425,1650939520.000
2009-04-02,6.93,7.00,6.75,6.82,120753543,1312201088.000
2009-04-03,6.67,6.72,6.47,6.51,164918465,1721853568.000
2009-04-07,6.16,6.69,6.16,6.61,123652977,1273040000.000
2009-04-08,6.53,6.69,6.27,6.36,84979406,878368832.000
2009-04-09,6.35,6.48,6.27,6.43,64180742,650210944.000
2009-04-10,6.44,6.92,6.39,6.79,149229069,1579616512.000
2009-04-13,6.79,6.91,6.65,6.75,137656891,1476869888.000
2009-04-14,6.80,6.93,6.67,6.77,102941838,1111067136.000
2009-04-15,6.73,6.87,6.59,6.72,99275373,1057897984.000
2009-04-16,6.73,6.81,6.54,6.79,125590861,1330737536.000
2009-04-17,6.75,6.75,6.40,6.44,102712987,1064941312.000
2009-04-20,6.37,6.52,6.27,6.46,91111129,931205504.000
2009-04-21,6.53,6.73,6.46,6.55,97399587,1019530304.000
2009-04-22,6.51,6.51,6.07,6.13,118187865,1188306176.000
2009-04-23,6.06,6.13,5.75,5.93,115935765,1093967232.000
2009-04-24,5.93,6.27,5.70,6.02,173639806,1657358720.000
2009-04-27,5.85,6.11,5.72,5.89,157622113,1502531968.000
2009-04-28,5.72,5.75,5.27,5.43,151373111,1345890816.000
2009-04-29,5.37,5.59,5.12,5.45,220880624,1903409536.000
2009-04-30,5.47,5.49,5.32,5.39,169211146,1466976768.000
2009-05-04,5.36,5.60,5.27,5.51,606957307,5341835776.000
2009-05-05,5.61,5.65,5.48,5.59,659250506,5882887680.000
2009-05-06,5.53,5.57,5.47,5.53,318520830,2824342016.000
2009-05-07,5.57,5.69,5.49,5.55,353051961,3174539264.000
2009-05-08,5.53,5.53,5.33,5.43,253465957,2204260864.000
2009-05-11,5.43,5.45,5.17,5.17,241610271,2057701120.000
2009-05-12,5.13,5.29,5.02,5.28,186775164,1562159872.000
2009-05-13,5.31,5.50,5.31,5.47,322047926,2814910464.000
2009-05-14,5.41,5.57,5.35,5.47,210906369,1861311744.000
2009-05-18,5.48,5.49,5.27,5.43,124177014,1074408960.000
2009-05-19,5.40,5.49,5.32,5.46,234604116,2046418048.000
2009-05-20,5.47,5.62,5.43,5.52,377539700,3369622528.000
2009-05-21,5.53,5.70,5.46,5.69,493956918,4452730880.000
2009-05-22,5.77,5.78,5.47,5.49,283949773,2559738368.000
2009-05-25,5.39,5.48,5.26,5.38,187273443,1623265024.000
2009-05-26,5.39,5.45,5.31,5.32,174338724,1507567360.000
2009-05-27,5.32,5.38,5.24,5.31,167314747,1431938688.000
2009-06-01,5.42,5.89,5.42,5.89,573483930,5319683072.000
2009-06-02,6.08,6.41,6.08,6.21,588055499,5871327232.000
2009-06-03,6.33,6.53,6.20,6.49,407094679,4083300096.000
2009-06-04,6.35,6.43,6.19,6.33,394783469,3938713600.000
2009-06-05,6.47,6.67,6.40,6.45,539321437,5565904384.000
2009-06-08,6.23,6.38,6.07,6.19,350579290,3450334464.000
2009-06-09,6.19,6.24,5.95,6.14,218876439,2099576576.000
2009-06-10,6.21,6.25,6.08,6.20,188770249,1842068480.000
2009-06-11,6.14,6.17,6.01,6.03,150363937,1446319616.000
2009-06-12,6.03,6.11,5.80,5.89,156620563,1474603648.000
2009-06-15,5.75,5.81,5.65,5.78,214110157,1943504128.000
2009-06-16,5.69,6.03,5.67,5.95,224997886,2104623360.000
2009-06-17,5.91,6.13,5.77,5.97,287388431,2730659328.000
2009-06-18,5.99,6.03,5.88,5.95,213177666,2000908288.000
2009-06-19,5.93,5.93,5.82,5.88,137831952,1281672448.000
2009-06-22,5.93,6.05,5.91,6.00,221073743,2098590208.000
2009-06-23,5.87,5.99,5.83,5.91,165436320,1543879168.000
2009-06-24,5.92,6.38,5.92,6.36,516869401,5078698496.000
2009-06-25,6.41,6.41,6.17,6.31,394888932,3913801728.000
2009-06-26,6.35,6.38,6.21,6.30,236700176,2349576704.000
2009-06-29,6.30,6.37,6.13,6.29,272553693,2706891520.000
2009-06-30,6.30,6.65,6.20,6.47,438979762,4459852288.000
2009-07-01,6.34,6.47,6.30,6.37,300501121,3021075968.000
2009-07-02,6.43,7.04,6.43,6.86,665037904,7069155328.000
2009-07-03,6.67,6.83,6.67,6.76,336874198,3570802176.000
2009-07-06,6.79,6.83,6.56,6.76,307538635,3245941248.000
2009-07-07,6.68,7.03,6.61,6.85,410920824,4423816192.000
2009-07-08,6.73,7.05,6.71,6.93,390260643,4246571776.000
2009-07-09,6.86,7.05,6.79,7.04,403172768,4413535232.000
2009-07-10,7.12,7.64,7.04,7.07,678724929,7752919040.000
2009-07-13,6.80,6.89,6.66,6.68,467574900,4951822336.000
2009-07-14,6.71,6.78,6.61,6.73,235062812,2480534016.000
2009-07-15,6.76,6.85,6.66,6.85,364394833,3869249024.000
2009-07-16,6.95,7.05,6.77,6.79,325913683,3548377600.000
2009-07-17,6.73,6.93,6.70,6.87,261342689,2798991104.000
2009-07-20,6.98,7.37,6.91,7.35,523846447,5894104576.000
2009-07-21,7.43,7.54,7.07,7.15,374029376,4272419840.000
2009-07-22,7.09,7.30,7.02,7.19,254117585,2875147520.000
2009-07-23,7.23,7.47,7.17,7.25,225349372,2576461312.000
2009-07-24,7.24,7.30,6.87,7.13,315561542,3517829888.000
2009-07-27,7.17,7.86,7.00,7.67,745409648,8684199936.000
2009-07-28,7.59,7.78,7.43,7.57,461721534,5495027200.000
2009-07-29,7.39,7.50,6.78,6.91,404424864,4550560768.000
2009-07-30,6.87,7.00,6.49,6.82,284013709,3013625344.000
2009-07-31,6.89,7.12,6.80,7.07,257457210,2816521216.000
2009-08-03,7.23,7.30,7.11,7.15,271282100,3061539328.000
2009-08-04,7.19,7.30,7.02,7.19,239590942,2690269440.000
2009-08-05,7.27,7.42,7.13,7.25,259048121,2957655552.000
2009-08-06,7.04,7.11,6.77,6.94,217791761,2380900864.000
2009-08-07,6.90,6.94,6.57,6.62,229629005,2436804096.000
2009-08-10,6.70,6.74,6.47,6.60,156935863,1630776448.000
2009-08-11,6.60,6.62,6.46,6.61,107996027,1114097536.000
2009-08-12,6.60,6.61,6.24,6.27,150659878,1521592064.000
2009-08-13,6.27,6.43,6.07,6.40,155192698,1538187264.000
2009-08-14,6.42,6.42,6.13,6.15,131304215,1296633088.000
2009-08-17,5.94,5.94,5.50,5.51,211317520,1906241792.000
2009-08-18,5.40,5.80,5.31,5.68,167803830,1474304896.000
2009-08-19,5.65,5.67,5.17,5.24,165393208,1425219200.000
2009-08-20,5.30,5.48,5.20,5.43,161959782,1384225024.000
2009-08-21,5.37,5.67,5.31,5.61,168878014,1472190720.000
2009-08-24,5.72,5.76,5.61,5.70,167661610,1518203136.000
2009-08-25,5.60,5.60,5.27,5.43,138778593,1200436480.000
2009-08-26,5.40,5.57,5.33,5.52,95684720,838011648.000
2009-08-27,5.46,5.59,5.40,5.52,92990107,814764800.000
2009-08-28,5.55,5.77,5.52,5.59,182690235,1638239616.000
2009-08-31,5.60,5.66,5.13,5.17,168459073,1456807296.000
2009-09-01,5.07,5.19,4.88,5.07,105422824,850156288.000
2009-09-02,5.05,5.10,4.93,5.03,115510233,927887808.000
2009-09-03,5.29,5.56,5.29,5.53,243020302,2108576512.000
2009-09-04,5.70,5.91,5.67,5.67,298229879,2732500480.000
2009-09-07,5.75,5.93,5.63,5.83,247843605,2273244160.000
2009-09-08,5.83,6.11,5.67,6.07,321952135,3005976320.000
2009-09-09,6.12,6.25,5.97,6.07,317250447,3069284096.000
2009-09-10,5.92,6.04,5.85,5.90,137316830,1292187520.000
2009-09-11,5.87,6.18,5.85,5.99,180070878,1720718592.000
2009-09-14,6.07,6.09,5.93,6.03,198547766,1892267264.000
2009-09-15,6.03,6.15,5.90,6.06,218022630,2078713472.000
2009-09-16,6.16,6.57,6.01,6.39,402991295,3989058304.000
2009-09-17,6.43,6.53,6.32,6.43,297811408,3007880448.000
2009-09-18,6.33,6.35,6.00,6.09,216092063,2120054016.000
2009-09-21,5.89,5.97,5.77,5.97,144597620,1344009984.000
2009-09-22,5.92,6.19,5.84,5.96,134954488,1283900800.000
2009-09-23,6.04,6.05,5.67,5.73,118573576,1102999680.000
2009-09-24,5.65,5.71,5.40,5.61,110317402,977503744.000
2009-09-25,5.40,5.52,5.35,5.45,93835223,813068032.000
2009-09-28,5.45,5.52,5.17,5.22,75232786,643216896.000
2009-09-29,5.16,5.29,5.09,5.19,74416907,616326720.000
2009-09-30,5.25,5.44,5.23,5.33,76380735,648647872.000
2009-10-09,5.89,5.89,5.89,5.89,45724648,427068224.000
2009-10-12,6.20,6.20,5.89,5.95,237579737,2267711488.000
2009-10-13,5.95,6.06,5.91,6.05,118857374,1127174016.000
2009-10-14,6.15,6.20,6.01,6.05,142003787,1371599488.000
2009-10-15,6.05,6.09,5.90,5.94,105822658,1002273792.000
2009-10-16,5.89,6.00,5.85,5.95,103484016,971466688.000
2009-10-19,5.95,6.10,5.83,6.07,141573195,1345681792.000
2009-10-20,6.15,6.33,6.04,6.27,251370838,2458637312.000
2009-10-21,6.15,6.25,6.13,6.14,140946302,1376083968.000
2009-10-22,6.17,6.29,6.13,6.17,113775585,1115268864.000
2009-10-23,6.17,6.27,6.15,6.21,146972442,1444511872.000
2009-10-26,6.16,6.20,6.08,6.14,99836370,968568512.000
2009-10-27,6.00,6.01,5.85,5.86,157634054,1480102656.000
2009-10-28,5.81,5.89,5.67,5.85,119846477,1100049664.000
2009-10-29,5.73,5.73,5.64,5.66,103670981,934401152.000
2009-10-30,5.79,5.86,5.71,5.73,81717757,747965312.000
2009-11-02,5.60,5.81,5.55,5.81,99285002,898827456.000
2009-11-03,5.93,5.99,5.87,5.90,121208962,1137938688.000
2009-11-04,6.07,6.16,5.94,5.99,152600610,1457901184.000
2009-11-06,6.05,6.10,5.97,6.06,160558870,1534894720.000
2009-11-09,6.11,6.39,6.03,6.27,317024378,3117463552.000
2009-11-10,6.33,6.33,6.15,6.17,196667608,1931447680.000
2009-11-11,6.19,6.27,6.11,6.15,111192471,1084666240.000
2009-11-12,6.23,6.27,6.11,6.15,107155454,1046737920.000
2009-11-13,6.06,6.11,5.95,6.10,138272958,1320874112.000
2009-11-16,6.17,6.30,6.13,6.25,209341643,2060840704.000
2009-11-17,6.34,6.42,6.23,6.26,180081186,1792944896.000
2009-11-18,6.26,6.29,6.21,6.23,118073722,1163284992.000
2009-11-19,6.26,6.40,6.24,6.35,212564533,2122082176.000
2009-11-20,6.35,6.35,6.24,6.29,131849271,1309606144.000
2009-11-23,6.35,6.45,6.32,6.43,219394236,2220178432.000
2009-11-24,6.50,6.97,6.43,6.54,537388033,5655303168.000
2009-11-25,6.60,7.05,6.59,6.99,581849724,6258080256.000
2009-11-26,7.14,7.30,6.83,6.89,475162798,5271049216.000
2009-11-27,6.64,6.71,6.25,6.33,304923053,3117267456.000
2009-12-01,6.87,6.99,6.64,6.81,305482535,3279274752.000
2009-12-02,7.03,7.33,6.87,7.21,404937402,4490838016.000
2009-12-03,7.23,7.23,6.91,7.01,265037894,2937935104.000
2009-12-04,6.88,6.97,6.61,6.83,237431451,2544769024.000
2009-12-07,6.55,6.79,6.43,6.75,177633180,1854761088.000
2009-12-08,6.69,6.77,6.55,6.68,133826670,1404688128.000
2009-12-09,6.53,6.63,6.49,6.53,107973972,1114602880.000
2009-12-10,6.54,6.62,6.49,6.59,85280274,879883136.000
2009-12-11,6.60,6.62,6.50,6.53,74524697,769802432.000
2009-12-14,6.50,6.63,6.35,6.63,123762985,1266298112.000
2009-12-15,6.59,6.72,6.53,6.58,98386637,1026757440.000
2009-12-16,6.55,6.61,6.45,6.51,86476168,888605184.000
2009-12-17,6.57,6.59,6.35,6.37,83805906,850475264.000
2009-12-18,6.25,6.27,6.00,6.09,113366133,1098129280.000
2009-12-21,6.10,6.16,5.97,6.10,67436426,646585024.000
2009-12-22,6.00,6.05,5.79,5.82,103588459,966735296.000
2009-12-23,5.77,5.89,5.72,5.81,79049957,725277312.000
2009-12-24,5.86,6.18,5.83,6.10,115866672,1103659008.000
2009-12-25,6.07,6.09,5.95,5.98,77530035,736006080.000
2009-12-28,6.01,6.13,5.99,6.05,89381703,856084224.000
2009-12-29,6.01,6.01,5.89,5.98,81528789,767046400.000
2009-12-30,5.90,6.05,5.85,6.03,129545352,1218132608.000
2009-12-31,6.00,6.12,5.93,6.09,96611650,926531328.000
2010-01-04,6.13,6.16,6.07,6.08,81810249,790334272.000
2010-01-05,6.17,6.26,6.09,6.21,123519569,1208108288.000
2010-01-06,6.18,6.23,6.10,6.12,86071637,839737920.000
2010-01-07,6.17,6.25,5.96,6.01,93359858,904254272.000
2010-01-08,5.95,5.96,5.85,5.95,80191436,749542464.000
2010-01-11,6.09,6.15,5.95,6.01,74590305,711563008.000
2010-01-12,6.03,6.10,5.94,6.07,73262994,698556544.000
2010-01-13,5.91,5.97,5.87,5.91,97938751,917915456.000
2010-01-14,5.93,5.96,5.86,5.93,76579938,716238528.000
2010-01-15,5.93,5.97,5.88,5.93,66666641,624631232.000
2010-01-18,5.89,5.93,5.86,5.93,63952716,596562880.000
2010-01-19,5.93,6.01,5.90,6.00,92772661,877167232.000
2010-01-20,6.01,6.04,5.80,5.82,83561357,779459392.000
2010-01-21,5.79,5.83,5.69,5.73,77177283,702435328.000
2010-01-22,5.66,5.66,5.47,5.56,101306270,894275840.000
2010-01-25,5.55,5.66,5.47,5.60,56331008,499219200.000
2010-01-26,5.59,5.62,5.40,5.41,54536352,474205152.000
2010-01-27,5.41,5.47,5.27,5.28,52306714,444015968.000
2010-01-28,5.26,5.29,5.13,5.24,50391891,418370080.000
2010-01-29,5.20,5.27,5.14,5.20,45171259,376123456.000
2010-02-01,5.17,5.19,5.00,5.03,57337676,463892128.000
2010-02-02,5.11,5.56,5.11,5.34,163835363,1409646208.000
2010-02-03,5.37,5.51,5.25,5.44,89467426,766254400.000
2010-02-04,5.37,5.39,5.28,5.33,55939217,474849664.000
2010-02-05,5.11,5.19,5.05,5.19,55881133,458391456.000
2010-02-08,5.20,5.24,5.16,5.19,28124428,232917872.000
2010-02-09,5.19,5.31,5.17,5.25,29757446,248741360.000
2010-02-10,5.32,5.35,5.23,5.28,30467029,256086112.000
2010-02-11,5.30,5.33,5.25,5.29,29766205,251337776.000
2010-02-12,5.35,5.42,5.30,5.40,50847870,435252704.000
2010-02-22,5.45,5.47,5.37,5.38,41146483,355008672.000
2010-02-23,5.34,5.35,5.24,5.29,31188936,262458560.000
2010-02-24,5.21,5.33,5.21,5.33,34010578,286304192.000
2010-02-25,5.31,5.41,5.29,5.40,66667478,568921024.000
2010-02-26,5.39,5.39,5.33,5.35,55892640,476410592.000
2010-03-01,5.47,5.56,5.44,5.49,111038106,969522880.000
2010-03-02,5.50,5.50,5.35,5.39,63611197,547035328.000
2010-03-03,5.43,5.47,5.36,5.41,56147263,483162944.000
2010-03-04,5.43,5.43,5.25,5.26,70972481,602062208.000
2010-03-05,5.26,5.30,5.23,5.27,36586688,307163520.000
2010-03-08,5.27,5.31,5.24,5.30,31513481,265147760.000
2010-03-09,5.26,5.30,5.22,5.29,35083110,294321536.000
2010-03-10,5.27,5.37,5.24,5.31,52917786,448523296.000
2010-03-11,5.28,5.29,5.23,5.26,34333831,287971296.000
2010-03-12,5.25,5.28,5.21,5.22,31167327,260393200.000
2010-03-15,5.20,5.21,5.01,5.09,55655484,453329280.000
2010-03-16,5.09,5.15,5.07,5.12,29597592,241646272.000
2010-03-17,5.17,5.23,5.15,5.21,43705459,361962592.000
2010-03-18,5.23,5.24,5.10,5.13,54136073,446939040.000
2010-03-19,5.14,5.27,5.09,5.22,68416698,565602304.000
2010-03-22,5.17,5.19,5.15,5.19,41104632,339332864.000
2010-03-23,5.19,5.19,5.14,5.16,32587779,268437216.000
2010-03-24,5.17,5.19,5.12,5.13,38621283,316975648.000
2010-03-25,5.08,5.10,5.07,5.09,42937006,349032640.000
2010-03-26,5.09,5.11,5.03,5.10,63657385,516916640.000
2010-03-29,5.13,5.23,5.11,5.23,84974429,703467136.000
2010-03-30,5.20,5.21,5.16,5.17,63524156,525184640.000
2010-03-31,5.15,5.15,5.11,5.13,59445269,486568960.000
2010-04-01,5.13,5.20,5.13,5.19,63860932,527424064.000
2010-04-02,5.21,5.40,5.21,5.29,127400219,1079988480.000
2010-04-06,5.33,5.36,5.26,5.30,75875472,641623104.000
2010-04-07,5.33,5.35,5.27,5.31,55120891,466133216.000
2010-04-08,5.33,5.36,5.25,5.26,55603823,469218016.000
2010-04-09,5.27,5.31,5.22,5.27,46490087,389918464.000
2010-04-12,5.31,5.45,5.27,5.44,160357909,1369446528.000
2010-04-13,5.40,5.45,5.29,5.40,100473614,859688640.000
2010-04-14,5.40,5.65,5.35,5.57,204930012,1805500032.000
2010-04-15,5.53,5.61,5.47,5.54,96690348,851069056.000
2010-04-16,5.55,5.57,5.40,5.44,56583468,492282304.000
2010-04-19,5.33,5.37,5.19,5.21,89219501,750495360.000
2010-04-20,5.19,5.31,5.11,5.31,65917791,551215104.000
2010-04-21,5.31,5.37,5.21,5.36,80579150,678999808.000
2010-04-22,5.32,5.45,5.24,5.33,80781575,689000320.000
2010-04-23,5.27,5.33,5.17,5.19,88769714,740635072.000
2010-04-26,5.23,5.27,5.14,5.15,53052332,441098048.000
2010-04-27,5.15,5.18,5.01,5.07,63748807,515591424.000
2010-04-28,5.07,5.17,5.03,5.13,55033385,449376064.000
2010-04-29,5.15,5.15,5.03,5.04,42414453,345162176.000
2010-04-30,5.06,5.11,4.93,5.01,63539022,508714816.000
2010-05-04,4.99,5.15,4.94,5.09,59590307,482560128.000
2010-05-05,5.00,5.09,4.97,5.08,53917485,433149536.000
2010-05-06,5.04,5.09,4.91,4.91,57557561,460242880.000
2010-05-07,4.97,5.19,4.97,5.11,125702178,1027888320.000
2010-05-10,5.17,5.21,5.00,5.06,73046481,593397568.000
2010-05-11,5.10,5.25,5.05,5.15,118505908,974829248.000
2010-05-12,5.21,5.28,5.11,5.17,103404411,858571776.000
2010-05-13,5.22,5.25,5.10,5.19,74934169,617367872.000
2010-05-14,5.15,5.22,5.10,5.11,52541720,431607264.000
2010-05-17,5.07,5.24,4.95,4.97,90083625,736596544.000
2010-05-18,4.90,4.90,4.44,4.72,119062897,890779392.000
2010-05-19,4.65,4.69,4.53,4.60,51164562,380443168.000
2010-05-20,4.49,4.58,4.42,4.42,59047477,427225568.000
2010-05-21,4.28,4.48,4.21,4.45,57969332,406994848.000
2010-05-24,4.45,4.62,4.45,4.60,60207915,442171744.000
2010-05-26,4.57,4.60,4.49,4.55,37490153,274312704.000
2010-05-27,4.53,4.67,4.51,4.63,57468662,426232928.000
2010-05-28,4.63,4.65,4.53,4.57,60565062,446207136.000
2010-05-31,4.53,4.55,4.39,4.40,51164249,366320896.000
2010-06-01,4.34,4.47,4.33,4.40,36973935,262232640.000
2010-06-02,4.42,4.43,4.33,4.39,30477429,214833568.000
2010-06-03,4.39,4.42,4.33,4.34,33090990,233200832.000
2010-06-04,4.29,4.31,4.24,4.29,33833300,233607696.000
2010-06-07,4.22,4.27,4.20,4.23,27042997,185388112.000
2010-06-08,4.27,4.35,4.27,4.32,33931014,236599424.000
2010-06-09,4.35,4.43,4.30,4.43,46600864,328806624.000
2010-06-10,4.43,4.50,4.39,4.42,35398750,249138496.000
2010-06-11,4.42,4.43,4.37,4.41,28349175,198144288.000
2010-06-17,4.43,4.46,4.37,4.38,22910592,160720224.000
2010-06-18,4.41,4.43,4.31,4.33,28942624,201083472.000
2010-06-21,4.35,4.41,4.30,4.41,32545212,226345216.000
2010-06-22,4.39,4.40,4.36,4.37,27105162,188668016.000
2010-06-23,4.34,4.36,4.28,4.32,28031073,192798992.000
2010-06-24,4.31,4.31,4.27,4.29,21336166,145746048.000
2010-06-25,4.27,4.32,4.27,4.29,24069913,164394064.000
2010-06-28,4.31,4.32,4.21,4.22,23721621,160645456.000
2010-06-29,4.20,4.23,3.91,3.93,46187810,299659648.000
2010-06-30,3.91,3.91,3.74,3.78,30691419,186466880.000
2010-07-01,3.78,3.79,3.69,3.69,26023684,156136192.000
2010-07-02,3.59,3.67,3.52,3.64,38920014,224018528.000
2010-07-05,3.60,3.60,3.49,3.55,25687252,146439840.000
2010-07-06,3.53,3.63,3.50,3.61,25745089,149007360.000
2010-07-07,3.61,3.63,3.55,3.62,22736565,131357976.000
2010-07-08,3.63,3.67,3.60,3.65,29421398,172423008.000
2010-07-09,3.64,3.73,3.58,3.72,43018228,254383968.000
2010-07-13,3.53,3.62,3.40,3.57,94488127,538089792.000
2010-07-14,3.49,3.61,3.47,3.57,93412763,535244384.000
2010-07-15,3.49,3.53,3.41,3.41,87993416,492066464.000
2010-07-16,3.34,3.34,3.12,3.21,130309035,675227712.000
2010-07-19,3.07,3.22,3.05,3.21,115607938,593709184.000
2010-07-20,3.20,3.55,3.18,3.55,259335554,1452466176.000
2010-07-21,3.56,3.67,3.51,3.54,218975678,1261869056.000
2010-07-22,3.47,3.56,3.43,3.56,131000157,740312832.000
2010-07-23,3.57,3.59,3.50,3.55,98963157,566613952.000
2010-07-28,3.49,3.69,3.43,3.64,215558707,1259745664.000
2010-07-29,3.63,3.98,3.61,3.85,211812389,1296178432.000
2010-07-30,3.83,3.91,3.77,3.86,117639294,726197888.000
2010-08-02,3.86,3.96,3.85,3.91,106445395,666651712.000
2010-08-03,3.92,3.95,3.83,3.84,110728461,688314304.000
2010-08-04,3.85,3.89,3.76,3.85,83495587,514250016.000
2010-08-05,3.87,3.89,3.77,3.80,75841401,465530720.000
2010-08-06,3.78,3.85,3.69,3.84,93905815,570163776.000
2010-08-09,3.83,4.07,3.80,4.04,180412305,1138282880.000
2010-08-10,4.04,4.04,3.84,3.85,130232148,818841792.000
2010-08-11,3.83,3.91,3.81,3.87,55611773,344259584.000
2010-08-12,3.81,3.91,3.80,3.83,58011491,359124256.000
2010-08-13,3.88,4.01,3.86,3.97,118815693,752717184.000
2010-08-16,3.97,4.05,3.95,4.01,106630257,683661312.000
2010-08-17,4.02,4.11,3.98,4.07,106083865,689103552.000
2010-08-18,4.07,4.15,4.04,4.13,100423884,658719296.000
2010-08-19,4.15,4.20,4.07,4.13,112246935,742332736.000
2010-08-20,4.09,4.16,3.97,3.98,91292532,589316288.000
2010-08-23,3.93,4.03,3.93,3.95,46000232,292483008.000
2010-08-24,3.95,4.01,3.85,3.94,56476591,354518752.000
2010-08-25,3.94,4.01,3.89,3.90,54038312,341683744.000
2010-08-26,3.92,3.98,3.85,3.90,44146075,275529088.000
2010-08-27,3.89,3.91,3.84,3.88,33661879,208852960.000
2010-08-30,3.89,4.03,3.89,4.02,70981867,451833696.000
2010-08-31,4.01,4.13,3.97,4.07,92409468,600240704.000
2010-09-01,4.15,4.18,4.01,4.09,92239828,604652032.000
2010-09-02,4.07,4.09,4.03,4.06,80029686,518730368.000
2010-09-03,4.08,4.10,3.96,4.01,65546528,419205792.000
2010-09-06,4.01,4.06,3.95,4.04,74407927,478322016.000
2010-09-07,4.03,4.11,3.99,4.05,69201113,448288512.000
2010-09-08,4.05,4.27,4.02,4.21,176024245,1171990400.000
2010-09-09,4.19,4.19,4.03,4.07,104198447,680804352.000
2010-09-10,4.05,4.05,3.97,4.03,57864402,371061536.000
2010-09-13,4.03,4.05,3.98,4.04,53878488,345913728.000
2010-09-14,4.04,4.05,3.99,4.00,53507833,342933472.000
2010-09-15,4.12,4.14,3.95,3.98,67141575,433903456.000
2010-09-16,3.96,3.98,3.83,3.85,65182462,405993440.000
2010-09-17,3.87,4.04,3.86,3.97,70740311,448407488.000
2010-09-20,3.96,4.02,3.87,3.93,53309001,337087584.000
2010-09-21,3.95,3.97,3.87,3.91,30774805,192805520.000
2010-09-27,3.87,4.09,3.87,4.01,103114161,662230080.000
2010-09-28,3.95,4.29,3.92,4.15,247098326,1635165184.000
2010-09-29,4.16,4.33,4.12,4.19,200694203,1355273984.000
2010-09-30,4.15,4.63,4.12,4.58,310617960,2193265664.000
2010-10-08,4.84,5.07,4.83,5.07,167731892,1322356736.000
2010-10-11,5.59,5.60,5.30,5.47,695915550,6046235136.000
2010-10-12,5.40,6.05,5.34,6.05,534763244,4916452352.000
2010-10-13,6.05,6.29,5.89,6.01,466631576,4462541312.000
2010-10-14,6.29,6.57,6.19,6.53,545772593,5460573696.000
2010-10-15,6.43,6.95,6.28,6.58,524548873,5396043264.000
2010-10-18,6.35,6.61,5.99,6.05,434529569,4261651200.000
2010-10-19,6.07,6.47,6.07,6.35,325512079,3210460928.000
2010-10-20,5.95,6.41,5.88,6.25,362326420,3488522752.000
2010-10-21,6.33,6.41,6.09,6.29,260268621,2553361664.000
2010-10-22,6.14,6.56,6.08,6.41,360791088,3599080960.000
2010-10-25,6.39,6.86,6.22,6.80,439856649,4503424000.000
2010-10-26,6.79,6.95,6.53,6.60,332572939,3484471296.000
2010-10-27,6.53,6.53,6.27,6.29,252188789,2523543808.000
2010-10-28,6.33,6.39,6.13,6.14,202703248,1971533312.000
2010-10-29,6.23,6.27,6.05,6.16,196793579,1898852096.000
2010-11-01,6.33,6.60,6.26,6.57,330761939,3339961600.000
2010-11-02,6.50,6.86,6.39,6.53,411924224,4232550912.000
2010-11-03,6.50,6.59,6.19,6.23,237228955,2346602752.000
2010-11-04,6.22,6.37,6.13,6.31,175081160,1720474240.000
2010-11-05,6.97,6.97,6.57,6.61,523654707,5538988544.000
2010-11-08,6.64,6.65,6.43,6.56,242666292,2470647552.000
2010-11-09,6.64,6.78,6.57,6.72,317508006,3316457472.000
2010-11-10,6.60,6.63,6.48,6.60,201377981,2060609152.000
2010-11-11,6.54,6.85,6.45,6.61,380254545,3967159552.000
2010-11-12,6.47,6.58,6.05,6.08,383458331,3778343424.000
2010-11-15,6.09,6.12,5.61,5.81,259400024,2355305472.000
2010-11-16,5.75,5.75,5.33,5.35,241815149,2098314368.000
2010-11-17,5.08,5.33,5.03,5.24,158464046,1298415232.000
2010-11-18,5.33,5.62,5.27,5.57,214420996,1835051264.000
2010-11-19,5.59,5.60,5.31,5.54,186389965,1599488512.000
2010-11-22,5.41,5.55,5.34,5.49,148898069,1284271872.000
2010-11-23,5.43,5.43,5.13,5.26,141240042,1165435008.000
2010-11-24,5.34,5.46,5.29,5.40,130757248,1107199232.000
2010-11-25,5.40,5.45,5.29,5.43,135824643,1145985920.000
2010-11-26,5.37,5.39,5.27,5.32,91027889,763327232.000
2010-11-29,5.22,5.25,5.10,5.19,109227299,889407232.000
2010-11-30,5.20,5.26,4.99,5.19,127813031,1035276736.000
2010-12-01,5.25,5.36,5.20,5.31,121159346,1007090368.000
2010-12-02,5.42,5.47,5.30,5.33,116252738,985650304.000
2010-12-03,5.32,5.32,5.17,5.25,66903506,552075328.000
2010-12-06,5.37,5.45,5.30,5.35,123819000,1047138880.000
2010-12-07,5.35,5.73,5.28,5.63,242534287,2103553152.000
2010-12-08,5.50,5.59,5.42,5.45,164798289,1426011136.000
2010-12-09,5.33,5.37,5.27,5.27,96636688,807152256.000
2010-12-10,5.23,5.37,5.19,5.31,94572841,785408768.000
2010-12-13,5.32,5.52,5.29,5.49,163534674,1394408448.000
2010-12-14,5.55,5.62,5.47,5.51,138677863,1203904384.000
2010-12-16,5.31,5.41,5.27,5.37,99816703,841871744.000
2010-12-17,5.30,5.38,5.29,5.34,66018393,554277568.000
2010-12-20,5.35,5.47,5.15,5.40,122384054,1029919744.000
2010-12-21,5.37,5.40,5.27,5.39,79477094,669258688.000
2010-12-22,5.33,5.43,5.27,5.31,85714259,721362176.000
2010-12-23,5.27,5.28,5.17,5.20,88509848,727460608.000
2010-12-24,5.14,5.18,5.05,5.13,82580892,664968704.000
2010-12-27,5.09,5.21,4.89,4.94,91350317,733083904.000
2010-12-28,4.93,5.03,4.79,4.92,80903543,624423360.000
2010-12-29,4.98,5.01,4.87,4.95,58306893,454471200.000
2010-12-30,4.99,5.05,4.93,5.02,72826430,575355776.000
2010-12-31,5.01,5.23,4.96,5.21,120029894,970448832.000
2011-01-04,5.24,5.40,5.17,5.30,155935951,1305827840.000
2011-01-05,5.12,5.16,5.09,5.14,112367567,909728000.000
2011-01-06,5.10,5.15,5.03,5.06,74141034,594925888.000
2011-01-07,5.03,5.06,4.93,4.99,81836464,644294912.000
2011-01-10,4.97,4.99,4.91,4.92,55368016,432595968.000
2011-01-11,4.92,4.95,4.87,4.93,41467240,321843872.000
2011-01-12,4.97,4.98,4.89,4.93,33777926,263538192.000
2011-01-13,4.96,4.97,4.90,4.91,43916593,342423104.000
2011-01-14,4.87,4.88,4.71,4.74,74346468,561761536.000
2011-01-17,4.66,4.70,4.51,4.55,66203560,483541696.000
2011-01-18,4.55,4.57,4.45,4.54,46911241,335320736.000
2011-01-19,4.53,4.65,4.48,4.63,53631871,389961984.000
2011-01-20,4.60,4.60,4.42,4.43,65298540,466403456.000
2011-01-21,4.37,4.50,4.32,4.41,68121241,476500768.000
2011-01-24,4.41,4.43,4.32,4.33,50049262,347181888.000
2011-01-25,4.30,4.30,4.11,4.19,91404381,609323840.000
2011-01-26,4.18,4.27,4.17,4.23,50236072,338775776.000
2011-01-27,4.24,4.37,4.21,4.34,74962802,515486208.000
2011-01-28,4.27,4.39,4.25,4.37,63276294,435467200.000
2011-01-31,4.44,4.57,4.40,4.55,79989686,573595648.000
2011-02-01,4.59,4.60,4.49,4.53,57025959,411452640.000
2011-02-09,4.55,4.70,4.50,4.52,73775495,536720896.000
2011-02-10,4.47,4.58,4.43,4.57,55587833,398035904.000
2011-02-11,4.55,4.61,4.53,4.57,50404598,365849888.000
2011-02-14,4.57,4.73,4.57,4.71,119576118,885178880.000
2011-02-15,4.71,4.92,4.67,4.79,141355030,1075691136.000
2011-02-16,4.79,4.83,4.71,4.81,87419688,660275648.000
2011-02-17,4.84,4.86,4.71,4.76,86699359,654550656.000
2011-02-18,4.79,4.90,4.75,4.79,98742411,754826176.000
2011-02-21,4.78,4.86,4.75,4.83,75110860,572002752.000
2011-02-22,4.93,5.12,4.87,4.94,226351544,1786225664.000
2011-02-23,4.93,5.46,4.91,5.41,367732235,3061394944.000
2011-02-24,5.46,5.50,5.19,5.31,209838165,1760819712.000
2011-02-25,5.29,5.29,5.07,5.19,134431762,1095429376.000
2011-02-28,5.21,5.28,5.14,5.27,109049080,897205184.000
2011-03-01,5.24,5.26,5.13,5.24,144671836,1182347776.000
2011-03-02,5.33,5.43,5.17,5.33,228726663,1919306368.000
2011-03-03,5.34,5.34,5.17,5.19,125726744,1040527552.000
2011-03-04,5.11,5.19,5.07,5.17,85290196,690590656.000
2011-03-07,5.25,5.33,5.18,5.28,160126584,1332750592.000
2011-03-08,5.28,5.29,5.16,5.22,107239033,883543296.000
2011-03-09,5.20,5.21,5.14,5.17,84026010,685494592.000
2011-03-10,5.17,5.17,5.11,5.11,78581512,635424320.000
2011-03-11,5.07,5.17,5.04,5.12,81344181,654880192.000
2011-03-14,5.12,5.19,5.09,5.13,61161464,494985856.000
2011-03-15,5.10,5.11,4.79,4.93,128356758,999514112.000
2011-03-16,4.89,5.00,4.83,4.98,97647024,759224640.000
2011-03-17,4.87,4.89,4.79,4.82,86137856,658185728.000
2011-03-18,4.87,4.90,4.82,4.84,55555158,426505376.000
2011-03-21,4.93,4.95,4.88,4.91,68031621,528619584.000
2011-03-22,4.95,5.10,4.88,5.03,104390017,825285376.000
2011-03-23,4.99,5.02,4.94,4.98,76183577,598737600.000
2011-03-24,5.03,5.09,4.97,4.97,70749118,560636480.000
2011-03-25,4.94,5.17,4.93,5.10,171040569,1373092736.000
2011-03-28,5.07,5.08,5.00,5.01,117372558,933505536.000
2011-03-29,4.99,4.99,4.87,4.88,111758778,866911616.000
2011-03-30,4.87,4.95,4.85,4.92,66345771,514989056.000
2011-03-31,4.92,4.93,4.77,4.81,71486421,546946816.000
2011-04-01,4.86,4.89,4.81,4.88,55171867,423252960.000
2011-04-06,4.93,5.02,4.89,4.98,98356809,770191424.000
2011-04-07,4.98,5.19,4.97,5.13,208873534,1682498944.000
2011-04-08,5.12,5.17,5.07,5.15,145124278,1175425152.000
2011-04-11,5.20,5.25,5.09,5.11,158369239,1295021056.000
2011-04-12,5.06,5.06,4.97,5.01,100254102,793604736.000
2011-04-13,4.93,5.03,4.92,5.02,62496066,491633088.000
2011-04-14,5.01,5.05,4.94,5.01,62116092,489985216.000
2011-04-15,5.06,5.10,5.01,5.05,75725968,604410944.000
2011-04-18,5.05,5.12,4.98,5.02,75886582,603319424.000
2011-04-19,5.02,5.13,5.01,5.03,102380653,817377856.000
2011-04-20,5.05,5.25,4.95,5.18,231974037,1880014336.000
2011-04-21,5.23,5.23,5.09,5.13,142412618,1154382976.000
2011-04-22,5.13,5.23,5.09,5.19,188401565,1537647488.000
2011-04-25,5.19,5.19,4.99,5.04,138611636,1107887104.000
2011-04-26,4.95,4.99,4.87,4.88,87238589,678023488.000
2011-04-27,4.91,4.94,4.80,4.84,67678662,519727072.000
2011-04-28,4.95,4.97,4.81,4.81,56580365,436827584.000
2011-04-29,4.83,4.89,4.82,4.88,39657692,304879904.000
2011-05-03,4.87,4.87,4.55,4.77,81120150,606277504.000
2011-05-04,4.67,4.69,4.55,4.57,72384718,530168512.000
2011-05-05,4.49,4.58,4.47,4.55,43037176,309782816.000
2011-05-06,4.45,4.53,4.41,4.52,51892820,370136320.000
2011-05-09,4.60,4.66,4.59,4.61,50764099,372193312.000
2011-05-10,4.61,4.66,4.60,4.63,33536162,246349424.000
2011-05-11,4.65,4.66,4.59,4.61,30525150,223420688.000
2011-05-12,4.53,4.60,4.48,4.49,45473942,327616576.000
2011-05-13,4.50,4.57,4.49,4.56,33435800,240137792.000
2011-05-16,4.53,4.55,4.49,4.50,28684073,205695792.000
2011-05-17,4.49,4.59,4.45,4.54,35449797,254730288.000
2011-05-18,4.51,4.55,4.48,4.53,24213333,174059888.000
2011-05-19,4.55,4.57,4.50,4.51,27298034,196325984.000
2011-05-20,4.51,4.53,4.48,4.52,22153500,158413520.000
2011-05-23,4.53,4.53,4.40,4.40,44079697,311621792.000
2011-05-24,4.41,4.47,4.40,4.46,28384505,199957936.000
2011-05-25,4.47,4.50,4.41,4.43,24528399,173702448.000
2011-05-26,4.47,4.50,4.43,4.43,21674020,153449168.000
2011-05-27,4.44,4.46,4.37,4.38,32120774,224816752.000
2011-05-31,4.41,4.49,4.41,4.49,35843318,254535952.000
2011-06-01,4.47,4.49,4.45,4.47,25431654,180544816.000
2011-06-02,4.46,4.52,4.43,4.48,44819772,318704544.000
2011-06-03,4.45,4.49,4.43,4.48,29944747,212613440.000
2011-06-07,4.48,4.55,4.46,4.55,43632424,312729888.000
2011-06-08,4.53,4.53,4.47,4.51,30176579,215748416.000
2011-06-09,4.50,4.65,4.49,4.53,67417617,490613440.000
2011-06-10,4.51,4.53,4.43,4.49,40110969,285593152.000
2011-06-13,4.44,4.53,4.40,4.51,34959310,248046544.000
2011-06-14,4.48,4.53,4.46,4.51,40327816,288307168.000
2011-06-15,4.50,4.53,4.45,4.46,29324876,209539952.000
2011-06-16,4.43,4.44,4.31,4.32,64099093,445172352.000
2011-06-17,4.32,4.35,4.25,4.25,30455006,208847600.000
2011-06-20,4.25,4.29,4.20,4.22,22582091,152539872.000
2011-06-21,4.27,4.27,4.20,4.26,22166246,149758304.000
2011-06-22,4.27,4.28,4.22,4.23,18942741,128072520.000
2011-06-23,4.21,4.30,4.20,4.29,25963060,176246400.000
2011-06-24,4.25,4.42,4.23,4.41,62717378,435373504.000
2011-06-27,4.42,4.45,4.39,4.43,47104334,331362688.000
2011-06-28,4.43,4.55,4.42,4.49,50250742,359267328.000
2011-06-29,4.51,4.51,4.45,4.45,31596104,224801472.000
2011-06-30,4.48,4.57,4.47,4.56,64333592,463549440.000
2011-07-01,4.58,4.62,4.54,4.60,69581016,506624896.000
2011-07-04,4.70,5.08,4.66,5.08,106911646,555051648.000
2011-07-05,5.32,5.37,5.09,5.16,501974223,2716201472.000
2011-07-06,5.15,5.15,5.01,5.11,183627551,970707520.000
2011-07-07,5.10,5.23,5.09,5.12,175380050,939200192.000
2011-07-08,5.15,5.16,5.05,5.08,105462316,558078208.000
2011-07-11,5.09,5.13,5.05,5.10,97181938,514673440.000
2011-07-12,5.08,5.12,5.02,5.02,112498033,590644800.000
2011-07-13,5.08,5.29,5.08,5.24,332469281,1798746496.000
2011-07-14,5.31,5.77,5.31,5.58,465288114,2682959616.000
2011-07-15,5.54,5.63,5.46,5.55,206863706,1188532992.000
2011-07-18,5.57,5.65,5.52,5.57,196671553,1134771072.000
2011-07-19,5.59,5.74,5.59,5.63,239320791,1399669120.000
2011-07-20,5.58,5.59,5.40,5.45,201269792,1141579648.000
2011-07-21,5.45,5.49,5.30,5.33,131618986,732160064.000
2011-07-22,5.31,5.38,5.25,5.34,94061845,518579776.000
2011-07-25,5.42,5.44,5.21,5.27,149190801,824510208.000
2011-07-26,5.27,5.33,5.23,5.30,86178215,472700416.000
2011-07-27,5.32,5.55,5.31,5.50,210653504,1196005760.000
2011-07-28,5.40,5.45,5.31,5.40,111923984,624059392.000
2011-07-29,5.38,5.45,5.28,5.31,93402422,517454144.000
2011-08-01,5.32,5.39,5.28,5.30,71814623,396348800.000
2011-08-02,5.30,5.32,5.13,5.31,95933131,519905376.000
2011-08-03,5.41,5.45,5.33,5.43,153868534,860567744.000
2011-08-04,5.42,5.53,5.39,5.41,119046281,672065472.000
2011-08-05,5.18,5.39,5.13,5.30,116042154,634982528.000
2011-08-08,5.25,5.70,5.08,5.53,458759563,2585354240.000
2011-08-09,5.52,5.63,5.40,5.47,364375396,2078502656.000
2011-08-10,5.52,5.58,5.43,5.52,199194530,1135700224.000
2011-08-11,5.63,5.68,5.51,5.52,229674766,1325287040.000
2011-08-12,5.44,5.48,5.40,5.46,147419321,832133184.000
2011-08-15,5.42,5.43,5.35,5.40,117021335,652682304.000
2011-08-16,5.42,5.50,5.34,5.48,149833932,842031360.000
2011-08-17,5.49,5.53,5.39,5.42,92756595,523385152.000
2011-08-18,5.40,5.45,5.35,5.36,80820699,451898272.000
2011-08-19,5.42,5.52,5.38,5.50,227150195,1284969856.000
2011-08-22,5.52,5.54,5.42,5.51,152503230,866920704.000
2011-08-23,5.52,5.53,5.43,5.46,122973545,695322304.000
2011-08-24,5.40,5.41,5.28,5.30,168856045,934556224.000
2011-08-25,5.15,5.32,5.09,5.31,163124819,884353216.000
2011-08-26,5.29,5.34,5.25,5.29,87414755,479857536.000
2011-08-29,5.29,5.31,5.19,5.20,83760230,455034496.000
2011-08-30,5.22,5.25,5.16,5.17,73165685,395332032.000
2011-08-31,5.20,5.22,5.13,5.16,51507942,276170080.000
2011-09-01,5.16,5.19,5.10,5.11,53453011,285192832.000
2011-09-02,5.11,5.13,4.98,5.00,92719780,484212128.000
2011-09-05,5.04,5.09,4.98,5.00,73281105,382992640.000
2011-09-06,5.00,5.15,5.00,5.14,126497713,669347840.000
2011-09-07,5.08,5.13,5.04,5.11,72768529,383822304.000
2011-09-08,5.08,5.08,5.02,5.07,53760507,282004608.000
2011-09-09,5.10,5.11,5.02,5.03,46183410,242373168.000
2011-09-13,4.96,4.96,4.83,4.87,74009869,375197056.000
2011-09-14,4.90,4.92,4.78,4.86,50519862,254558400.000
2011-09-15,4.87,4.87,4.81,4.83,46967077,236788176.000
2011-09-16,4.82,4.86,4.79,4.82,50832948,255182480.000
2011-09-19,4.83,4.85,4.76,4.77,40031250,199816752.000
2011-09-20,4.73,4.75,4.66,4.71,47094794,230851872.000
2011-09-21,4.72,4.83,4.68,4.81,83933813,417492288.000
2011-09-22,4.76,4.79,4.63,4.65,85759016,420180032.000
2011-09-23,4.55,4.55,4.44,4.51,99398024,466310752.000
2011-09-26,4.41,4.47,4.27,4.30,107047975,487219712.000
2011-09-27,4.32,4.35,4.26,4.32,82622878,371575968.000
2011-09-28,4.34,4.34,4.25,4.27,68249923,306970336.000
2011-09-29,4.20,4.20,4.05,4.09,80650688,347547200.000
2011-09-30,4.11,4.14,4.06,4.14,52742480,226888016.000
2011-10-10,4.16,4.19,4.10,4.13,40917179,177274736.000
2011-10-11,4.22,4.27,4.13,4.16,53166344,233630288.000
2011-10-12,4.14,4.32,4.11,4.30,88527008,392243968.000
2011-10-13,4.28,4.43,4.25,4.37,91684549,417424832.000
2011-10-14,4.36,4.36,4.26,4.32,54280115,244345920.000
2011-10-17,4.33,4.38,4.30,4.33,49807067,226488768.000
2011-10-18,4.30,4.31,4.15,4.16,56820621,250977232.000
2011-10-19,4.17,4.20,4.09,4.11,45431427,196835824.000
2011-10-20,4.09,4.09,3.93,3.97,69036546,289351584.000
2011-10-21,3.96,3.96,3.85,3.90,56491654,230731824.000
2011-10-24,3.91,3.99,3.85,3.99,52421309,216496944.000
2011-10-25,3.99,4.16,3.96,4.11,89119412,380907936.000
2011-10-26,4.14,4.54,4.14,4.38,233822985,1065518720.000
2011-10-27,4.37,4.37,4.26,4.33,111054205,501873024.000
2011-10-28,4.44,4.49,4.36,4.41,139246895,643976448.000
2011-10-31,4.40,4.41,4.28,4.33,103098202,467680256.000
2011-11-01,4.26,4.35,4.25,4.31,63459943,285851392.000
2011-11-02,4.24,4.37,4.21,4.36,104267800,469090400.000
2011-11-03,4.37,4.48,4.36,4.40,150545862,695390464.000
2011-11-04,4.48,4.59,4.46,4.50,162445715,766748608.000
2011-11-07,4.48,4.58,4.42,4.56,137369777,647137856.000
2011-11-08,4.71,4.74,4.57,4.58,166618185,804656832.000
2011-11-09,4.59,4.62,4.50,4.58,80570066,383401728.000
2011-11-10,4.51,4.51,4.44,4.45,87062986,406973824.000
2011-11-11,4.43,4.48,4.42,4.44,42013684,195028256.000
2011-11-14,4.50,4.58,4.48,4.55,85297669,404746208.000
2011-11-15,4.52,4.53,4.48,4.51,55555145,261245504.000
2011-11-16,4.51,4.54,4.37,4.41,70409451,327077024.000
2011-11-17,4.40,4.43,4.34,4.37,47470134,217416192.000
2011-11-18,4.28,4.30,4.23,4.25,53333554,237854000.000
2011-11-21,4.25,4.27,4.18,4.23,36542981,161115760.000
2011-11-22,4.17,4.23,4.13,4.22,39339905,172011712.000
2011-11-23,4.23,4.26,4.17,4.18,33987480,149987888.000
2011-11-24,4.10,4.18,4.06,4.13,46993893,202609232.000
2011-11-25,4.13,4.19,4.09,4.13,35797166,155529936.000
2011-11-28,4.15,4.18,4.11,4.14,29947814,129984408.000
2011-11-29,4.19,4.25,4.16,4.24,48228845,212487200.000
2011-11-30,4.24,4.26,4.05,4.07,69737575,302622976.000
2011-12-01,4.25,4.31,4.20,4.23,118366590,528377984.000
2011-12-02,4.20,4.23,4.13,4.21,47182165,206372768.000
2011-12-05,4.21,4.21,4.11,4.13,43444055,188545504.000
2011-12-06,4.08,4.10,3.99,4.06,47531748,201594768.000
2011-12-07,4.04,4.07,4.02,4.07,24624820,104660704.000
2011-12-08,4.07,4.10,4.01,4.06,28920172,123021544.000
2011-12-09,4.00,4.03,3.99,4.02,26173655,110139328.000
2011-12-12,4.02,4.03,3.95,3.96,27069466,113458816.000
2011-12-13,3.91,3.92,3.84,3.85,52376281,213017328.000
2011-12-14,3.82,3.86,3.80,3.81,39682079,159647568.000
2011-12-15,3.73,3.73,3.59,3.61,64089922,245565232.000
2011-12-16,3.61,3.73,3.60,3.72,44706488,172498256.000
2011-12-19,3.70,3.70,3.56,3.65,52864704,201776832.000
2011-12-20,3.62,3.68,3.60,3.64,37385000,143853488.000
2011-12-21,3.70,3.72,3.62,3.63,31083253,120309328.000
2011-12-22,3.60,3.65,3.52,3.60,44898231,169457008.000
2011-12-23,3.56,3.68,3.56,3.64,33012502,126496000.000
2011-12-26,3.61,3.65,3.57,3.62,27773965,105925584.000
2011-12-27,3.60,3.64,3.56,3.57,29235282,110757616.000
2011-12-28,3.55,3.59,3.53,3.58,25827987,97153856.000
2011-12-29,3.55,3.59,3.54,3.57,23368208,88179536.000
2011-12-30,3.58,3.64,3.58,3.62,30273953,115544416.000
2012-01-04,3.68,3.70,3.60,3.61,31264868,120237648.000
2012-01-05,3.59,3.62,3.56,3.58,29575140,112165128.000
2012-01-06,3.57,3.60,3.52,3.60,32262218,121057944.000
2012-01-09,3.59,3.74,3.55,3.73,95963214,372118144.000
2012-01-10,3.71,3.94,3.69,3.92,122474839,493433792.000
2012-01-11,3.95,4.05,3.87,3.96,101194767,419521600.000
2012-01-12,3.91,3.98,3.89,3.95,70783526,292804928.000
2012-01-13,3.95,3.98,3.82,3.86,60766036,248762736.000
2012-01-16,3.80,3.83,3.75,3.76,40686276,162250752.000
2012-01-17,3.78,4.16,3.76,4.16,168959865,714800640.000
2012-01-18,4.25,4.35,4.07,4.09,195219532,864496192.000
2012-01-19,4.08,4.49,4.07,4.28,187809026,842404736.000
2012-01-20,4.29,4.30,4.16,4.27,94722912,420628000.000
2012-01-30,4.36,4.46,4.28,4.29,169178199,769495296.000
2012-01-31,4.24,4.27,4.19,4.24,75016797,332255776.000
2012-02-01,4.23,4.30,4.16,4.17,95833411,424191072.000
2012-02-02,4.22,4.27,4.17,4.26,61993709,274378240.000
2012-02-03,4.27,4.33,4.26,4.30,76130503,342176448.000
2012-02-06,4.27,4.29,4.22,4.25,62084750,276496928.000
2012-02-07,4.21,4.21,4.10,4.15,73128852,317693056.000
2012-02-08,4.18,4.39,4.16,4.33,142939462,641976512.000
2012-02-09,4.28,4.33,4.27,4.30,91963696,413431392.000
2012-02-10,4.30,4.38,4.27,4.30,98099988,444289216.000
2012-02-13,4.25,4.36,4.21,4.33,90109116,407019232.000
2012-02-14,4.35,4.35,4.25,4.28,59978772,268822656.000
2012-02-15,4.31,4.36,4.26,4.32,92893215,419563904.000
2012-02-16,4.30,4.32,4.24,4.28,71877351,322181664.000
2012-02-17,4.28,4.32,4.25,4.28,40812266,182907392.000
2012-02-20,4.32,4.38,4.29,4.35,142679797,646754112.000
2012-02-21,4.34,4.35,4.26,4.34,67706470,305117600.000
2012-02-22,4.37,4.41,4.35,4.38,106989234,489878656.000
2012-02-23,4.39,4.56,4.39,4.51,220089490,1033091328.000
2012-02-24,4.51,4.54,4.46,4.52,124253442,584271104.000
2012-02-27,4.53,4.61,4.51,4.53,134017051,638514304.000
2012-02-28,4.52,4.52,4.42,4.49,95571377,446153088.000
2012-02-29,4.51,4.65,4.46,4.55,132731679,633737152.000
2012-03-01,4.38,4.47,4.33,4.45,110186320,509786848.000
2012-03-02,4.45,4.50,4.45,4.48,83988043,392044640.000
2012-03-05,4.47,4.50,4.41,4.44,81140396,376758816.000
2012-03-06,4.42,4.43,4.32,4.33,89419484,407673472.000
2012-03-07,4.26,4.30,4.22,4.26,77703745,346441344.000
2012-03-08,4.28,4.32,4.27,4.30,65953397,296820832.000
2012-03-09,4.32,4.38,4.30,4.36,73911210,335484448.000
2012-03-12,4.38,4.38,4.30,4.35,74681582,338580160.000
2012-03-13,4.38,4.38,4.31,4.35,55622656,252549152.000
2012-03-14,4.35,4.38,4.18,4.22,160944510,725806400.000
2012-03-15,4.14,4.19,4.08,4.12,120638630,522239712.000
2012-03-16,4.19,4.19,4.08,4.16,74132197,321809984.000
2012-03-19,4.16,4.20,4.12,4.20,60169759,262200512.000
2012-03-20,4.18,4.19,4.11,4.13,49292330,214077168.000
2012-03-21,4.15,4.33,4.10,4.23,105672836,466821056.000
2012-03-23,4.15,4.17,4.10,4.12,64684629,280032736.000
2012-03-26,4.14,4.15,4.09,4.11,29189341,125968704.000
2012-03-27,4.16,4.21,4.14,4.16,44069939,192785712.000
2012-03-28,4.14,4.14,4.00,4.01,57055196,243251264.000
2012-03-29,3.97,3.98,3.88,3.90,51809457,213236064.000
2012-03-30,3.90,3.93,3.88,3.91,36403642,149447008.000
2012-04-05,3.88,3.97,3.84,3.96,73383781,301166528.000
2012-04-06,3.95,3.97,3.91,3.95,38720478,160239664.000
2012-04-09,3.95,4.01,3.87,3.96,43353751,179638384.000
2012-04-10,3.95,3.98,3.89,3.97,39349087,162725488.000
2012-04-11,3.94,4.05,3.92,4.03,79803959,335692192.000
2012-04-12,4.02,4.09,3.99,4.08,73108993,310493152.000
2012-04-13,4.10,4.17,4.10,4.12,68183700,295059392.000
2012-04-16,4.08,4.12,4.04,4.06,47194410,201465952.000
2012-04-17,4.05,4.06,4.00,4.02,34571305,146361104.000
2012-04-18,4.04,4.17,4.02,4.15,90278974,390662240.000
2012-04-19,4.11,4.13,4.09,4.11,37243760,160538560.000
2012-04-20,4.11,4.15,4.08,4.14,50839609,219349808.000
2012-04-23,4.12,4.13,4.08,4.09,38542898,165699760.000
2012-04-24,4.06,4.16,4.00,4.07,70733952,302097504.000
2012-04-25,4.08,4.21,4.06,4.20,132146157,577930624.000
2012-04-26,4.18,4.21,4.14,4.18,54521862,238645760.000
2012-04-27,4.15,4.18,4.08,4.10,72342168,312997056.000
2012-05-02,4.15,4.24,4.11,4.20,103994416,456560992.000
2012-05-03,4.18,4.20,4.15,4.17,57981481,253265040.000
2012-05-04,4.13,4.18,4.11,4.18,58086301,252402400.000
2012-05-07,4.14,4.20,4.12,4.19,64803775,283670912.000
2012-05-08,4.18,4.19,4.14,4.18,62989115,274541952.000
2012-05-09,4.12,4.13,4.07,4.08,59025299,253534096.000
2012-05-10,4.06,4.09,4.05,4.06,41687651,177868272.000
2012-05-11,4.06,4.08,3.99,4.00,50435360,212726320.000
2012-05-14,4.02,4.05,3.95,3.95,52395788,219246272.000
2012-05-15,3.91,3.95,3.90,3.94,41390168,170496800.000
2012-05-16,3.92,3.92,3.87,3.88,58878836,240740896.000
2012-05-17,3.88,3.94,3.86,3.93,48563454,198873184.000
2012-05-18,3.92,3.99,3.90,3.92,60903424,252227712.000
2012-05-21,3.92,3.96,3.91,3.93,37168755,153523200.000
2012-05-22,3.94,3.96,3.91,3.94,37777504,155990144.000
2012-05-23,3.91,3.92,3.83,3.88,62863269,256051552.000
2012-05-24,3.84,3.88,3.83,3.85,33413002,135464224.000
2012-05-25,3.86,3.87,3.82,3.85,32041069,129458824.000
2012-05-29,3.86,3.96,3.85,3.94,72752895,299812672.000
2012-05-30,3.92,3.93,3.89,3.91,41278337,169490400.000
2012-06-01,4.00,4.05,3.92,3.94,72862276,304320224.000
2012-06-04,4.02,4.07,3.94,3.95,98333488,411993632.000
2012-06-05,3.95,3.96,3.85,3.90,46346377,189821568.000
2012-06-06,3.92,4.07,3.88,3.99,126134795,530177856.000
2012-06-07,4.00,4.00,3.92,3.94,63246092,263228192.000
2012-06-08,3.90,3.92,3.86,3.87,51331974,209384848.000
2012-06-11,3.88,3.92,3.86,3.91,31397542,128549008.000
2012-06-12,3.88,3.88,3.85,3.87,28606234,116217128.000
2012-06-13,3.89,3.90,3.85,3.89,30171417,122940256.000
2012-06-14,3.88,3.90,3.86,3.87,25046302,102158288.000
2012-06-15,3.86,3.89,3.85,3.88,35977337,146511392.000
2012-06-18,3.90,3.91,3.87,3.88,23526012,96194976.000
2012-06-19,3.88,3.89,3.85,3.86,23041391,93551936.000
2012-06-20,3.86,3.88,3.85,3.86,24175947,98123888.000
2012-06-21,3.84,3.85,3.77,3.79,47041673,187788512.000
2012-06-25,3.76,3.76,3.68,3.69,45353212,177844688.000
2012-06-26,3.69,3.72,3.63,3.70,43808121,169763568.000
2012-06-27,3.69,3.71,3.66,3.67,30097700,116881520.000
2012-06-28,3.68,3.69,3.63,3.63,22247056,85802000.000
2012-06-29,3.60,3.68,3.59,3.68,28728615,110205120.000
2012-07-02,3.72,3.74,3.69,3.70,25282561,98965528.000
2012-07-03,3.70,3.72,3.68,3.69,21654444,84532192.000
2012-07-04,3.72,3.74,3.70,3.71,22483305,88058496.000
2012-07-05,3.70,3.71,3.66,3.68,28857803,112121064.000
2012-07-06,3.73,3.74,3.66,3.74,28558123,108481560.000
2012-07-09,3.69,3.70,3.65,3.66,28370467,107023904.000
2012-07-10,3.66,3.67,3.60,3.61,32412116,120673744.000
2012-07-11,3.60,3.62,3.57,3.62,27571415,101880368.000
2012-07-12,3.60,3.69,3.57,3.63,53622714,199593056.000
2012-07-13,3.61,3.68,3.61,3.64,25266233,94569688.000
2012-07-16,3.67,3.68,3.59,3.60,35346261,131542992.000
2012-07-17,3.61,3.66,3.59,3.66,27123643,101030128.000
2012-07-18,3.63,3.65,3.60,3.64,21171927,78834600.000
2012-07-19,3.64,3.69,3.61,3.66,31262387,117631552.000
2012-07-20,3.64,3.66,3.62,3.64,26612930,99335200.000
2012-07-23,3.63,3.64,3.59,3.60,21191247,78442040.000
2012-07-24,3.58,3.62,3.57,3.59,23876159,88135136.000
2012-07-25,3.58,3.61,3.57,3.59,16041330,59182648.000
2012-07-26,3.61,3.67,3.60,3.63,35634128,133067040.000
2012-07-27,3.65,3.65,3.62,3.64,25997644,97099728.000
2012-07-30,3.62,3.65,3.56,3.56,27133460,100518104.000
2012-07-31,3.56,3.60,3.55,3.57,25259182,92848912.000
2012-08-01,3.56,3.62,3.55,3.60,21044437,77743704.000
2012-08-02,3.59,3.59,3.56,3.56,18581206,68236144.000
2012-08-03,3.56,3.60,3.56,3.60,22443861,82858576.000
2012-08-06,3.60,3.67,3.60,3.66,45621951,170701984.000
2012-08-07,3.71,4.01,3.71,3.89,151114515,604992640.000
2012-08-08,3.87,3.92,3.80,3.87,83374451,330208960.000
2012-08-09,3.86,3.88,3.82,3.86,47335661,186921936.000
2012-08-10,3.86,3.94,3.84,3.85,43712845,174023392.000
2012-08-13,3.83,3.84,3.76,3.78,45967454,179426704.000
2012-08-14,3.78,3.80,3.71,3.75,34955286,134612240.000
2012-08-15,3.75,3.75,3.69,3.70,26386500,100668104.000
2012-08-16,3.68,3.74,3.68,3.69,26618093,101160256.000
2012-08-17,3.72,3.74,3.67,3.73,29389568,111912600.000
2012-08-20,3.71,3.72,3.67,3.70,31688525,120047864.000
2012-08-21,3.69,3.78,3.68,3.73,38905754,149252976.000
2012-08-22,3.78,3.80,3.71,3.73,36961465,141933536.000
2012-08-23,3.76,3.85,3.75,3.82,80057799,313227456.000
2012-08-24,3.82,3.82,3.73,3.74,51328079,198852160.000
2012-08-27,3.75,3.80,3.71,3.71,62838989,242595056.000
2012-08-28,3.68,3.69,3.63,3.68,39883345,149993376.000
2012-08-29,3.67,3.68,3.62,3.64,21295607,79842856.000
2012-08-30,3.61,3.64,3.57,3.62,36976672,136959888.000
2012-08-31,3.60,3.62,3.57,3.58,29506883,108988248.000
2012-09-03,3.62,3.71,3.62,3.66,64904914,244972848.000
2012-09-04,3.67,3.69,3.60,3.62,30275750,113070416.000
2012-09-05,3.61,3.68,3.59,3.64,30821217,115315944.000
2012-09-06,3.63,3.70,3.63,3.70,37928892,142597584.000
2012-09-07,3.70,3.86,3.68,3.81,124843965,485360256.000
2012-09-10,3.91,3.94,3.83,3.87,128057735,510702240.000
2012-09-11,3.83,3.91,3.81,3.85,71994028,285194624.000
2012-09-12,3.89,3.93,3.85,3.89,72109193,287752256.000
2012-09-13,3.87,3.87,3.80,3.80,61656325,242207696.000
2012-09-14,4.00,4.05,3.89,3.93,190207001,770956032.000
2012-09-17,3.94,3.99,3.87,3.88,122004464,491338272.000
2012-09-18,3.82,3.83,3.76,3.79,64982009,253233120.000
2012-09-19,3.79,4.00,3.78,3.98,155535922,622631488.000
2012-09-20,3.92,4.00,3.84,3.86,148678583,599327552.000
2012-09-21,3.86,4.08,3.86,4.00,250146759,1024882496.000
2012-09-24,3.90,3.94,3.86,3.93,145430837,581589696.000
2012-09-25,3.89,3.90,3.78,3.81,128618142,503973344.000
2012-09-26,3.78,3.79,3.68,3.70,82056039,314143296.000
2012-09-27,3.66,3.86,3.65,3.76,110211991,425232800.000
2012-09-28,3.80,3.96,3.77,3.91,182024615,724535808.000
2012-10-08,3.89,3.89,3.80,3.83,96049618,378001824.000
2012-10-09,3.84,3.91,3.83,3.89,83342884,331789728.000
2012-10-10,3.85,3.90,3.82,3.89,73166862,289440768.000
2012-10-11,3.86,3.92,3.83,3.86,65784519,261231984.000
2012-10-12,3.87,3.90,3.82,3.84,51917132,204967760.000
2012-10-15,3.79,3.80,3.76,3.79,49770088,192902880.000
2012-10-16,3.76,3.81,3.75,3.79,34252308,133132168.000
2012-10-17,3.80,3.82,3.76,3.78,40305854,156739776.000
2012-10-18,3.80,3.84,3.78,3.83,51239642,200568016.000
2012-10-19,3.81,3.83,3.79,3.80,37955676,148191136.000
2012-10-22,3.76,3.82,3.75,3.80,37340426,145054864.000
2012-10-23,3.80,3.83,3.79,3.80,29480676,115122736.000
2012-10-24,3.77,3.81,3.76,3.78,26420016,102581416.000
2012-10-25,3.78,3.81,3.77,3.80,37832610,147175104.000
2012-10-26,3.82,3.82,3.71,3.72,50084610,192567008.000
2012-10-29,3.71,3.76,3.70,3.73,26738991,102495752.000
2012-10-30,3.72,3.75,3.70,3.71,25322191,96619504.000
2012-10-31,3.72,3.73,3.69,3.71,21858679,83155152.000
2012-11-01,3.71,3.81,3.71,3.78,43984501,170242912.000
2012-11-02,3.78,3.79,3.74,3.77,27633471,106808776.000
2012-11-05,3.74,3.76,3.72,3.74,29125733,111880304.000
2012-11-06,3.74,3.77,3.70,3.77,37776481,144972944.000
2012-11-07,3.78,3.86,3.77,3.82,71620251,280356096.000
2012-11-08,3.78,3.79,3.72,3.73,43740829,168239552.000
2012-11-09,3.74,3.77,3.73,3.74,29236852,112534456.000
2012-11-12,3.75,3.76,3.72,3.74,28563496,109502920.000
2012-11-13,3.72,3.73,3.67,3.68,29768258,112985776.000
2012-11-14,3.68,3.71,3.67,3.70,17489848,66340344.000
2012-11-15,3.70,3.70,3.62,3.63,25849538,97611104.000
2012-11-16,3.63,3.64,3.57,3.59,31122352,114895976.000
2012-11-19,3.60,3.61,3.58,3.61,20706545,76525368.000
2012-11-20,3.63,3.65,3.60,3.62,20416107,75959120.000
2012-11-21,3.61,3.64,3.57,3.64,21943190,81373296.000
2012-11-22,3.63,3.63,3.59,3.60,13255387,49135816.000
2012-11-23,3.62,3.63,3.60,3.61,24579006,91190304.000
2012-11-26,3.63,3.65,3.61,3.64,27528633,102727312.000
2012-11-27,3.64,3.65,3.59,3.60,24101847,89591696.000
2012-11-28,3.58,3.58,3.50,3.52,35617644,128981992.000
2012-11-29,3.50,3.53,3.47,3.48,27056709,97088912.000
2012-11-30,3.48,3.51,3.48,3.50,24417651,87812448.000
2012-12-03,3.49,3.49,3.45,3.46,21951610,78405648.000
2012-12-04,3.46,3.47,3.39,3.43,31039945,109281928.000
2012-12-05,3.41,3.55,3.40,3.52,51388521,184765888.000
2012-12-06,3.50,3.53,3.48,3.50,30260243,108949904.000
2012-12-07,3.50,3.55,3.48,3.55,65708379,238515808.000
2012-12-10,3.55,3.59,3.53,3.58,63438945,232303536.000
2012-12-11,3.57,3.59,3.54,3.57,32616389,119405312.000
2012-12-12,3.57,3.63,3.54,3.62,63737354,235652656.000
2012-12-13,3.59,3.60,3.54,3.55,43702862,160042288.000
2012-12-14,3.54,3.68,3.51,3.67,104808723,390859936.000
2012-12-17,3.67,3.74,3.63,3.69,90543745,343691552.000
2012-12-18,3.69,3.73,3.67,3.68,54108905,205260720.000
2012-12-19,3.64,3.67,3.63,3.64,55322858,207245472.000
2012-12-20,3.63,3.67,3.60,3.66,40365878,150585312.000
2012-12-21,3.62,3.67,3.61,3.61,47524538,177113472.000
2012-12-24,3.61,3.63,3.59,3.62,35742392,132554376.000
2012-12-25,3.61,3.70,3.59,3.66,86692324,325422368.000
2012-12-26,3.66,3.75,3.65,3.71,121747314,462032032.000
2012-12-27,3.70,3.71,3.66,3.68,73142641,276780384.000
2012-12-28,3.68,3.71,3.67,3.70,59438861,225409728.000
2012-12-31,3.70,3.76,3.70,3.73,80494853,308566400.000
2013-01-04,3.77,3.77,3.69,3.71,79824294,304967264.000
2013-01-07,3.70,3.71,3.66,3.70,66805535,252918544.000
2013-01-08,3.70,3.71,3.66,3.69,56235573,212720784.000
2013-01-09,3.69,3.71,3.67,3.70,52526112,199058928.000
2013-01-10,3.69,3.75,3.67,3.73,84772185,323277824.000
2013-01-11,3.75,3.75,3.66,3.68,61564004,233964224.000
2013-01-14,3.66,3.75,3.65,3.74,88888227,338654560.000
2013-01-15,3.74,3.78,3.72,3.77,114981890,442957504.000
2013-01-16,3.78,3.84,3.75,3.81,132369752,515384000.000
2013-01-17,3.80,3.80,3.73,3.74,62731331,241627008.000
2013-01-18,3.77,3.79,3.73,3.77,63869692,246651040.000
2013-01-21,3.77,3.78,3.74,3.76,60983194,235000304.000
2013-01-22,3.76,3.77,3.70,3.71,65044348,248767184.000
2013-01-23,3.71,3.73,3.68,3.71,44447384,169271680.000
2013-01-24,3.70,3.73,3.66,3.67,75207900,285860416.000
2013-01-25,3.66,3.70,3.65,3.67,39265304,148228640.000
2013-01-28,3.69,3.71,3.67,3.70,62751360,237531392.000
2013-01-29,3.70,3.74,3.68,3.72,78491524,298540448.000
2013-01-30,3.72,3.72,3.68,3.71,56301703,214083808.000
2013-01-31,3.73,3.80,3.72,3.77,126606133,490255456.000
2013-02-01,3.74,3.76,3.71,3.75,68564332,262727568.000
2013-02-04,3.78,3.80,3.71,3.77,115398200,446409216.000
2013-02-05,3.75,3.83,3.75,3.81,110076544,429322304.000
2013-02-06,3.80,3.82,3.77,3.77,60568482,235787424.000
2013-02-07,3.78,3.81,3.75,3.80,70190859,272944544.000
2013-02-08,3.79,3.81,3.77,3.81,59003344,229810640.000
2013-02-18,3.76,3.76,3.70,3.71,131177514,501520512.000
2013-02-19,3.71,3.72,3.66,3.68,77869335,294791648.000
2013-02-20,3.66,3.70,3.66,3.69,47457695,179715936.000
2013-02-21,3.65,3.66,3.57,3.58,96146978,356178560.000
2013-02-22,3.59,3.61,3.58,3.59,44907973,165813312.000
2013-02-25,3.60,3.61,3.57,3.58,37353140,137651696.000
2013-02-26,3.59,3.61,3.53,3.54,57069718,209698368.000
2013-02-27,3.57,3.59,3.54,3.57,38691948,141785408.000
2013-02-28,3.56,3.62,3.53,3.60,60915010,223931024.000
2013-03-01,3.59,3.59,3.55,3.59,46937938,172146336.000
2013-03-04,3.55,3.60,3.52,3.53,61691572,225713168.000
2013-03-05,3.53,3.55,3.49,3.54,71696743,259768208.000
2013-03-06,3.54,3.56,3.51,3.56,67108977,243462720.000
2013-03-07,3.54,3.58,3.51,3.55,63613550,231728848.000
2013-03-08,3.54,3.54,3.51,3.52,57507412,208150416.000
2013-03-11,3.52,3.52,3.48,3.50,48369796,174067392.000
2013-03-12,3.50,3.52,3.44,3.47,69133582,247091792.000
2013-03-13,3.47,3.49,3.44,3.45,54734066,194960576.000
2013-03-14,3.44,3.46,3.41,3.43,50191701,176995232.000
2013-03-15,3.43,3.44,3.36,3.38,157278991,549973504.000
2013-03-18,3.39,3.39,3.35,3.36,49702364,172457952.000
2013-03-19,3.37,3.39,3.36,3.39,57145468,198744528.000
2013-03-20,3.39,3.43,3.39,3.42,89159118,312922656.000
2013-03-21,3.44,3.44,3.39,3.41,64760368,227584864.000
2013-03-22,3.41,3.43,3.39,3.42,58193074,204491504.000
2013-03-25,3.42,3.42,3.39,3.42,41938812,147041232.000
2013-03-26,3.40,3.41,3.36,3.38,49883973,173507408.000
2013-03-27,3.37,3.39,3.36,3.37,35672283,123926672.000
2013-03-28,3.37,3.41,3.36,3.40,86218124,301080672.000
2013-03-29,3.38,3.39,3.36,3.37,40538114,140665952.000
2013-04-01,3.35,3.36,3.30,3.32,53468655,182849840.000
2013-04-02,3.32,3.34,3.30,3.32,33881743,115827016.000
2013-04-03,3.30,3.31,3.29,3.30,36541275,124187024.000
2013-04-08,3.29,3.35,3.26,3.34,61735813,210982528.000
2013-04-09,3.33,3.33,3.30,3.32,38306106,130887120.000
2013-04-10,3.32,3.36,3.32,3.34,39689904,136391264.000
2013-04-11,3.32,3.33,3.29,3.30,37025976,126079016.000
2013-04-12,3.29,3.30,3.28,3.29,18609306,63061160.000
2013-04-15,3.20,3.20,3.09,3.10,115542392,371858304.000
2013-04-16,2.94,3.07,2.90,3.06,82860563,255908928.000
2013-04-17,3.03,3.08,3.02,3.05,42278163,133214704.000
2013-04-18,3.03,3.06,3.00,3.03,36676334,114849200.000
2013-04-19,3.03,3.10,3.03,3.09,58023072,184216992.000
2013-04-22,3.07,3.09,3.05,3.08,36733481,116468608.000
2013-04-23,3.08,3.08,2.99,3.00,42581187,133103736.000
2013-04-24,3.01,3.05,2.99,3.03,39400312,122787408.000
2013-04-25,3.03,3.05,3.00,3.02,36958829,115623496.000
2013-04-26,3.06,3.10,3.02,3.03,35605034,112262736.000
2013-05-02,3.01,3.01,2.95,2.97,39967556,122706000.000
2013-05-03,2.98,3.04,2.97,3.00,36540310,113698208.000
2013-05-06,3.03,3.05,3.02,3.04,38044741,119290848.000
2013-05-07,3.04,3.06,3.00,3.04,34176851,107120608.000
2013-05-08,3.04,3.06,3.02,3.03,37125095,116562976.000
2013-05-09,3.03,3.05,3.00,3.01,30463640,95125832.000
2013-05-10,3.01,3.03,3.00,3.02,30246214,94307336.000
2013-05-13,3.00,3.01,2.98,2.99,34198658,105692016.000
2013-05-14,2.98,2.99,2.93,2.95,45442664,138598704.000
2013-05-15,2.95,2.96,2.93,2.94,26267031,79853648.000
2013-05-16,2.92,2.96,2.90,2.93,46266246,140498576.000
2013-05-17,2.94,2.98,2.92,2.97,49884079,152280992.000
2013-05-20,2.95,3.02,2.94,3.00,77558564,238443136.000
2013-05-21,3.00,3.01,2.98,3.00,41438489,128133224.000
2013-05-22,2.99,3.00,2.97,2.99,41955592,129337400.000
2013-05-23,2.97,2.98,2.95,2.96,38024699,116402528.000
2013-05-24,2.97,2.98,2.96,2.98,34613171,106310680.000
2013-05-27,2.97,2.98,2.95,2.96,36463145,111569976.000
2013-05-28,2.96,3.02,2.93,3.02,97266200,300373440.000
2013-05-29,3.00,3.02,2.99,3.01,60081347,186624000.000
2013-05-30,3.01,3.01,2.98,3.00,47209453,146096896.000
2013-05-31,3.02,3.02,2.97,2.98,45947648,142311328.000
2013-06-03,2.96,2.99,2.96,2.99,46036094,141534032.000
2013-06-04,2.99,2.99,2.95,2.96,37417025,114566504.000
2013-06-05,2.96,2.96,2.94,2.96,27696167,84386960.000
2013-06-06,2.95,2.95,2.93,2.93,23667452,71940352.000
2013-06-07,2.93,2.95,2.91,2.92,35265181,106655440.000
2013-06-13,2.90,2.91,2.81,2.83,60074002,176384368.000
2013-06-14,2.83,2.85,2.81,2.85,39117285,114490824.000
2013-06-17,2.85,2.85,2.80,2.81,33479413,97556920.000
2013-06-18,2.81,2.81,2.79,2.80,29504409,85508416.000
2013-06-19,2.79,2.79,2.71,2.74,36753360,104068808.000
2013-06-20,2.70,2.70,2.62,2.63,48028971,132936352.000
2013-06-21,2.54,2.66,2.48,2.58,57774453,152998624.000
2013-06-24,2.56,2.56,2.40,2.41,61350366,158301152.000
2013-06-25,2.40,2.40,2.17,2.36,80169652,193580720.000
2013-06-26,2.33,2.35,2.26,2.29,64530798,154505216.000
2013-06-27,2.26,2.30,2.25,2.29,55968623,133019624.000
2013-06-28,2.25,2.31,2.21,2.28,57172861,135683360.000
2013-07-01,2.30,2.31,2.28,2.31,40066585,95995856.000
2013-07-02,2.32,2.36,2.32,2.35,39821157,97193576.000
2013-07-03,2.34,2.40,2.31,2.38,51534390,126652336.000
2013-07-04,2.37,2.44,2.34,2.43,55452102,138515600.000
2013-07-05,2.49,2.67,2.43,2.67,144365884,375450432.000
2013-07-08,2.60,2.65,2.55,2.56,88106005,228973504.000
2013-07-09,2.56,2.61,2.52,2.54,50543220,129157344.000
2013-07-10,2.53,2.58,2.47,2.57,55651310,140904352.000
2013-07-11,2.62,2.68,2.59,2.64,129697286,341566080.000
2013-07-12,2.62,2.63,2.55,2.56,68539227,177841600.000
数据来源:通达信
