600169 太原重工 日线
      日期	    开盘	    最高	    最低	    收盘	    成交量	    成交额
2007-01-11,1.89,1.93,1.86,1.90,8458584,78068264.000
2007-01-12,1.89,1.91,1.71,1.72,7874063,69555936.000
2007-01-15,1.69,1.86,1.69,1.85,6957163,60699880.000
2007-01-16,1.85,1.88,1.77,1.87,10620416,94484640.000
2007-01-17,1.87,2.06,1.85,2.01,24836119,242186016.000
2007-01-18,1.97,2.07,1.91,2.07,10795324,105455520.000
2007-01-19,2.10,2.13,2.06,2.09,7358134,74828744.000
2007-01-22,2.09,2.30,2.09,2.29,10086762,109409160.000
2007-01-23,2.39,2.44,2.20,2.40,10087719,114602072.000
2007-01-24,2.37,2.39,2.31,2.33,6596663,75252160.000
2007-01-25,2.31,2.31,2.16,2.22,7405631,80168176.000
2007-01-26,2.16,2.25,2.10,2.21,6106402,64139688.000
2007-01-29,2.25,2.37,2.19,2.30,4405016,49183356.000
2007-01-30,2.31,2.38,2.26,2.28,4904411,55269784.000
2007-01-31,2.24,2.34,2.05,2.07,4951737,52761784.000
2007-02-01,2.06,2.10,1.94,2.02,5020585,49173036.000
2007-02-02,2.02,2.12,1.99,2.01,3790580,38021748.000
2007-02-05,2.01,2.08,1.99,2.06,3660117,36398704.000
2007-02-06,2.08,2.13,2.05,2.13,2898848,29386816.000
2007-02-07,2.13,2.20,2.12,2.18,4359090,45690628.000
2007-02-09,2.33,2.40,2.31,2.40,8791048,102013848.000
2007-02-12,2.40,2.42,2.33,2.41,9669897,111266896.000
2007-02-13,2.39,2.40,2.28,2.37,7857122,89449280.000
2007-02-14,2.30,2.44,2.30,2.39,6953399,80622152.000
2007-02-15,2.41,2.56,2.41,2.44,12950422,154655632.000
2007-02-16,2.44,2.54,2.32,2.47,15326805,178968864.000
2007-02-26,2.45,2.72,2.43,2.68,11815589,150250624.000
2007-02-27,2.73,2.79,2.41,2.41,13624683,170955936.000
2007-02-28,2.41,2.58,2.40,2.57,8951357,108848184.000
2007-03-01,2.57,2.57,2.31,2.37,6694933,78926800.000
2007-03-02,2.36,2.47,2.33,2.41,4414390,51509972.000
2007-03-05,2.42,2.48,2.33,2.42,5314250,62263680.000
2007-03-06,2.42,2.47,2.37,2.45,3353489,39748552.000
2007-03-07,2.47,2.54,2.45,2.52,4541626,55003420.000
2007-03-08,2.53,2.66,2.53,2.62,6508577,81981536.000
2007-03-09,2.63,2.66,2.53,2.56,5941533,73952208.000
2007-03-12,2.57,2.60,2.49,2.53,3584188,43735984.000
2007-03-13,2.52,2.54,2.45,2.48,7705089,92741912.000
2007-03-14,2.48,2.48,2.37,2.42,6295060,73978328.000
2007-03-15,2.39,2.47,2.37,2.47,5154858,60798368.000
2007-03-16,2.47,2.56,2.40,2.45,7065428,85782264.000
2007-03-19,2.37,2.44,2.33,2.39,7494275,86944232.000
2007-03-20,2.47,2.50,2.39,2.45,5205354,62054544.000
2007-03-21,2.45,2.55,2.45,2.54,7532320,92190512.000
2007-03-22,2.57,2.61,2.53,2.56,8156852,101580016.000
2007-03-23,2.59,2.60,2.47,2.52,7525666,92212904.000
2007-03-26,2.55,2.61,2.51,2.61,10046126,124674952.000
2007-03-27,2.64,2.68,2.61,2.67,12722926,162334368.000
2007-03-28,2.68,2.69,2.50,2.61,9776037,123482096.000
2007-03-29,2.60,2.60,2.49,2.49,8567205,104639768.000
2007-03-30,2.47,2.52,2.43,2.51,3413364,41164128.000
2007-04-02,2.51,2.54,2.48,2.52,3491178,42507128.000
2007-04-03,2.52,2.62,2.52,2.62,7656393,95862536.000
2007-04-04,2.61,2.68,2.57,2.60,7288408,92999744.000
2007-04-05,2.60,2.68,2.58,2.67,8256283,105331296.000
2007-04-06,2.67,2.74,2.64,2.73,9958805,130700856.000
2007-04-09,2.75,2.78,2.66,2.69,11181521,147460736.000
2007-04-10,2.69,2.89,2.67,2.87,12175623,162688256.000
2007-04-11,2.83,2.95,2.80,2.86,9362957,130200528.000
2007-04-12,2.86,2.92,2.83,2.89,8940803,124765608.000
2007-04-13,2.98,3.18,2.98,3.04,16077625,239943664.000
2007-04-16,3.04,3.16,3.01,3.13,9182087,137204096.000
2007-04-17,3.14,3.14,2.99,3.10,8430195,125025256.000
2007-04-18,3.11,3.32,3.06,3.19,9963492,155813232.000
2007-04-19,3.16,3.17,2.86,2.96,8456233,124194864.000
2007-04-20,3.01,3.16,2.98,3.14,6196100,93153904.000
2007-04-23,3.22,3.31,3.22,3.26,7575255,119655808.000
2007-04-24,3.26,3.41,3.18,3.37,9414727,151242192.000
2007-04-25,3.36,3.47,3.22,3.39,6092259,99469776.000
2007-04-26,3.39,3.43,3.32,3.35,4023941,65345468.000
2007-04-27,3.33,3.37,3.26,3.33,4266125,68218680.000
2007-04-30,3.41,3.67,3.41,3.67,12635127,221012400.000
2007-05-08,3.76,4.02,3.61,3.85,9990645,184634208.000
2007-05-09,3.82,4.11,3.62,4.10,11962886,225676496.000
2007-05-10,4.10,4.33,3.97,4.09,11617737,234486320.000
2007-05-11,3.95,4.17,3.87,4.00,7472861,144003648.000
2007-05-14,3.91,4.00,3.83,3.96,8669582,163820448.000
2007-05-15,3.92,3.99,3.78,3.83,6524307,122434528.000
2007-05-16,3.83,4.21,3.83,4.21,11038182,216203424.000
2007-05-17,4.28,4.61,4.28,4.46,9896134,213979904.000
2007-05-18,4.42,4.67,4.35,4.62,8823735,195247696.000
2007-05-21,4.40,5.07,4.40,4.99,8123988,189160656.000
2007-05-22,5.01,5.07,4.86,5.05,6100141,145943792.000
2007-05-23,4.95,5.06,4.89,4.94,4648940,110993896.000
2007-05-24,4.97,4.98,4.60,4.75,6285485,144069088.000
2007-05-25,4.71,4.97,4.56,4.92,5406358,125100368.000
2007-05-28,4.97,5.40,4.97,5.14,7282117,184178384.000
2007-05-29,5.14,5.40,5.10,5.29,5481101,139424736.000
2007-05-30,4.87,5.28,4.76,4.76,7789677,184149008.000
2007-05-31,4.35,4.98,4.33,4.72,11251152,248015488.000
2007-06-01,4.63,4.92,4.25,4.25,5854467,129356816.000
2007-06-04,4.28,4.47,3.85,3.95,10687403,211146016.000
2007-06-05,3.85,4.35,3.64,4.35,7854471,153612320.000
2007-06-06,4.45,4.72,4.35,4.62,8007604,176014016.000
2007-06-07,4.57,4.92,4.55,4.76,6238200,142972144.000
2007-06-08,4.82,4.85,4.70,4.78,5430191,124910560.000
2007-06-11,4.81,5.13,4.74,5.11,5996552,143477072.000
2007-06-12,5.09,5.28,4.87,5.21,5710906,140825712.000
2007-06-13,5.22,5.51,5.22,5.31,7978249,208715680.000
2007-06-14,5.39,5.39,5.08,5.11,3966504,99509312.000
2007-06-15,4.99,5.17,4.92,5.02,4476495,108402816.000
2007-06-18,5.07,5.28,5.03,5.07,4520999,112386328.000
2007-06-19,5.05,5.13,4.93,5.00,4628153,111596736.000
2007-06-20,4.99,5.09,4.74,4.76,4114921,98315600.000
2007-06-21,4.76,5.00,4.76,4.96,3293368,77414720.000
2007-06-22,4.99,5.02,4.60,4.93,3034116,70559504.000
2007-06-25,4.96,5.18,4.72,4.87,9813929,236692176.000
2007-06-26,4.69,4.82,4.45,4.81,7998932,178517344.000
2007-06-27,4.81,4.93,4.72,4.92,4017926,94127600.000
2007-06-28,4.93,5.07,4.66,4.74,4604176,109651528.000
2007-07-02,4.52,4.72,4.26,4.30,6571287,138684480.000
2007-07-03,4.36,4.45,4.26,4.38,2674105,56449968.000
2007-07-04,4.39,4.39,4.19,4.19,2450865,50236372.000
2007-07-05,4.13,4.13,3.77,3.92,6165770,115628640.000
2007-07-06,3.96,4.22,3.96,4.20,4889030,96170848.000
2007-07-09,4.29,4.43,4.20,4.31,3987090,82437088.000
2007-07-10,4.34,4.34,3.99,4.03,4452278,88596792.000
2007-07-11,4.00,4.13,3.99,4.10,2058666,40432120.000
2007-07-12,4.10,4.16,4.05,4.15,1846054,36784944.000
2007-07-13,4.15,4.20,4.07,4.10,1107726,21953696.000
2007-07-16,4.10,4.14,3.83,3.83,2001090,38184268.000
2007-07-17,3.83,3.97,3.79,3.91,1439324,26957504.000
2007-07-18,3.89,3.95,3.86,3.88,1631234,30817246.000
2007-07-19,3.92,4.16,3.92,4.11,3249649,63769024.000
2007-07-20,4.12,4.45,4.12,4.39,4614179,96861664.000
2007-07-23,4.54,4.81,4.46,4.68,4621952,104731912.000
2007-07-24,4.75,4.89,4.65,4.66,2865401,65821660.000
2007-07-25,4.60,4.88,4.59,4.85,2800262,65069068.000
2007-07-26,4.89,5.10,4.89,5.06,3634271,88001216.000
2007-07-27,5.01,5.08,4.91,4.99,2749335,66348316.000
2007-07-30,5.00,5.07,4.93,5.06,4846903,116485648.000
2007-07-31,5.04,5.12,4.91,5.00,2336010,56490172.000
2007-08-01,5.01,5.07,4.60,4.63,3430151,79805584.000
2007-08-02,4.64,4.97,4.63,4.80,2437655,56015792.000
2007-08-03,4.80,5.28,4.80,5.28,7790168,194377760.000
2007-08-06,5.43,5.68,5.43,5.56,8701542,233018672.000
2007-08-07,5.59,6.01,5.36,5.67,7322888,200678528.000
2007-08-08,5.57,6.00,5.45,5.80,7226644,201812384.000
2007-08-09,5.70,6.09,5.68,6.02,6766578,193761808.000
2007-08-10,6.02,6.25,5.93,6.00,8461944,249465504.000
2007-08-13,5.99,6.22,5.64,5.76,7071204,200421376.000
2007-08-14,5.70,5.79,5.56,5.65,6840314,185398592.000
2007-08-15,5.63,5.77,5.39,5.57,5215383,139311456.000
2007-08-17,5.37,5.49,5.01,5.31,6487545,165068512.000
2007-08-20,5.39,5.51,5.32,5.48,7077051,184435840.000
2007-08-21,5.51,5.65,5.37,5.61,5884617,155652288.000
2007-08-22,5.45,5.78,5.41,5.66,4502532,123420984.000
2007-08-23,5.66,5.83,5.56,5.80,4476404,123584920.000
2007-08-24,5.79,5.99,5.75,5.93,4430262,125709248.000
2007-08-27,6.22,6.22,5.81,5.93,5554492,160746960.000
2007-08-28,5.93,5.93,5.51,5.61,5321778,145970624.000
2007-08-29,5.58,5.71,5.51,5.58,3533539,95725968.000
2007-08-30,5.59,5.85,5.59,5.80,3140393,87420176.000
2007-08-31,5.81,5.81,5.70,5.77,2498263,69483560.000
2007-09-03,5.85,6.33,5.74,6.19,6982415,205298176.000
2007-09-04,6.07,6.72,6.07,6.64,8609557,271493280.000
2007-09-05,6.60,6.68,6.38,6.63,4808614,152030592.000
2007-09-06,6.58,7.03,6.47,6.63,5138217,168920560.000
2007-09-07,6.55,6.98,6.43,6.56,6487664,210741024.000
2007-09-10,6.43,6.84,6.28,6.83,4166943,132576488.000
2007-09-11,6.85,6.90,6.26,6.45,2993783,95070616.000
2007-09-12,6.39,6.74,6.20,6.65,4059812,127760800.000
2007-09-13,6.68,7.25,6.68,6.93,3619195,121506592.000
2007-09-14,7.03,7.16,6.70,6.85,3681822,122735800.000
2007-09-17,6.95,7.04,6.64,6.72,5657790,183444288.000
2007-09-18,6.72,7.01,6.47,7.00,4396576,143785888.000
2007-09-19,7.01,7.17,6.64,6.69,2848850,94384160.000
2007-09-20,6.70,6.89,6.51,6.71,2719211,87444320.000
2007-09-21,6.64,6.69,6.46,6.59,2010113,63456072.000
2007-09-24,6.60,7.26,6.60,7.26,5882207,199348976.000
2007-09-25,7.58,7.99,7.33,7.89,8837170,331674976.000
2007-09-26,7.37,8.31,7.37,8.03,8111357,309274496.000
2007-09-27,8.03,8.33,7.68,8.02,3572251,138685216.000
2007-09-28,7.91,8.20,7.85,7.94,4482271,172229920.000
2007-10-08,7.95,8.09,7.66,7.71,3332861,125003520.000
2007-10-09,7.89,8.23,7.84,8.10,3114931,120215824.000
2007-10-10,8.20,8.78,8.00,8.61,5187075,211611792.000
2007-10-11,8.72,8.99,8.41,8.57,4059840,169808656.000
2007-10-12,8.47,9.07,8.31,8.94,4478012,189935552.000
2007-10-15,9.01,9.35,8.78,9.14,4347449,190022928.000
2007-10-16,9.08,9.24,8.89,9.01,2893961,125103592.000
2007-10-17,9.01,9.01,8.65,8.66,3205935,135387056.000
2007-10-18,8.67,8.91,8.56,8.72,1747335,73525840.000
2007-10-19,8.76,8.84,8.31,8.31,2032601,83141344.000
2007-10-22,8.26,8.76,7.99,8.37,2084283,84827144.000
2007-10-23,8.37,8.72,8.10,8.54,2475166,101162544.000
2007-10-24,8.57,8.85,8.56,8.56,1235117,51805848.000
2007-10-25,8.31,8.72,8.04,8.06,2219943,89523968.000
2007-10-26,7.97,7.97,7.27,7.87,3125987,115572224.000
2007-10-29,7.93,8.09,7.49,7.98,951883,36014476.000
2007-10-30,7.98,8.78,7.98,8.74,2150318,87700552.000
2007-10-31,8.91,8.91,8.51,8.79,1767070,74827272.000
2007-11-01,8.79,8.79,8.54,8.65,850133,35325540.000
2007-11-02,8.64,8.64,8.18,8.19,924150,37252892.000
2007-11-05,8.19,8.21,7.86,7.87,1014069,39024076.000
2007-11-06,7.79,8.07,7.51,7.51,1205821,44609256.000
2007-11-07,7.58,7.81,7.20,7.80,1670385,59668036.000
2007-11-08,7.76,7.76,7.02,7.07,1954887,69132392.000
2007-11-09,7.04,7.16,6.62,6.79,2031136,66853164.000
2007-11-12,6.60,6.99,6.12,6.88,4044263,128069128.000
2007-11-13,6.85,7.37,6.77,6.84,1761844,60293328.000
2007-11-14,6.89,7.17,6.84,7.13,1549591,51909020.000
2007-11-15,7.12,7.25,6.84,6.85,880133,29731362.000
2007-11-16,6.87,7.11,6.64,6.92,635683,21314194.000
2007-11-19,6.99,7.22,6.99,7.08,757234,25917596.000
2007-11-20,7.06,7.33,6.99,7.26,1348113,46873104.000
2007-11-21,7.28,7.36,7.14,7.25,834450,29226380.000
2007-11-22,7.16,7.29,6.85,6.93,932312,32063998.000
2007-11-23,6.79,7.07,6.67,7.03,458795,15365241.000
2007-11-26,7.14,7.30,7.04,7.06,1192581,41393560.000
2007-11-27,6.87,7.16,6.87,6.88,659877,22247398.000
2007-11-28,6.85,7.03,6.79,6.81,733064,24446068.000
2007-11-29,6.84,7.02,6.68,6.99,659313,21893520.000
2007-11-30,7.05,7.15,6.81,6.85,607505,20378180.000
2007-12-03,6.66,6.97,6.66,6.96,300994,9937312.000
2007-12-04,7.00,7.16,6.99,7.02,568986,19404868.000
2007-12-05,7.10,7.21,7.01,7.20,682719,23413864.000
2007-12-06,7.20,7.41,7.08,7.39,1209991,42635636.000
2007-12-07,7.45,7.51,7.26,7.49,889984,31944428.000
2008-01-03,8.24,8.24,8.24,8.24,421598,16724793.000
2008-01-04,9.06,9.06,8.52,8.61,4417292,188288688.000
2008-01-07,8.71,9.02,8.35,8.72,1890315,79222264.000
2008-01-08,8.76,8.93,8.41,8.47,1494852,62031152.000
2008-01-09,8.72,9.04,8.49,8.72,1615320,67079960.000
2008-01-10,8.74,8.85,8.47,8.48,2322183,96029064.000
2008-01-11,8.47,8.81,8.41,8.72,1893839,79044888.000
2008-01-14,8.84,9.36,8.76,9.23,2267467,99178000.000
2008-01-15,9.14,9.22,8.92,9.00,1214711,52979312.000
2008-01-16,8.99,8.99,8.47,8.49,2499517,103535504.000
2008-01-17,8.45,8.64,7.76,8.35,2474686,97135280.000
2008-01-18,8.30,8.58,8.01,8.41,1564268,62833076.000
2008-01-21,8.40,8.58,7.79,7.89,920119,36087320.000
2008-01-22,7.89,7.89,7.16,7.35,2713148,97881976.000
2008-01-24,7.89,8.09,7.88,8.09,2405904,93464520.000
2008-01-25,8.37,8.56,8.14,8.51,3537323,143701600.000
2008-01-28,8.51,8.70,7.95,8.10,1524370,60369700.000
2008-01-29,8.08,8.42,8.04,8.24,679499,26985714.000
2008-01-30,8.41,8.63,8.24,8.54,1727027,70557016.000
2008-01-31,8.58,8.58,7.89,8.05,865671,35011200.000
2008-02-01,8.08,8.41,7.31,8.28,1486689,57356688.000
2008-02-04,8.54,8.83,8.36,8.76,4659499,193789280.000
2008-02-05,8.69,8.69,8.29,8.41,1376529,56385964.000
2008-02-14,8.26,8.47,8.20,8.46,672960,27015740.000
2008-02-15,8.37,8.45,8.01,8.19,603854,23776980.000
2008-02-18,8.20,8.46,8.16,8.31,817759,32654396.000
2008-02-19,8.26,8.35,8.01,8.27,1956281,77217200.000
2008-02-20,8.27,8.49,8.24,8.38,3103585,125228680.000
2008-02-21,8.20,8.37,7.89,8.16,929970,36582832.000
2008-02-22,8.16,8.16,7.99,8.05,966515,37479096.000
2008-02-25,7.79,8.13,7.79,8.00,942736,36575252.000
2008-02-26,8.07,8.28,7.41,7.59,1140970,42156768.000
2008-02-27,7.47,7.74,7.47,7.71,390216,14437170.000
2008-02-28,7.54,7.84,7.54,7.70,526665,19512804.000
2008-02-29,7.68,7.96,7.62,7.88,1071913,40652712.000
2008-03-03,7.68,7.93,7.68,7.89,1000049,37857372.000
2008-03-04,7.90,8.16,7.77,7.90,1018255,38708288.000
2008-03-05,7.88,7.97,7.61,7.76,372616,13897894.000
2008-03-06,7.68,7.91,7.55,7.69,973970,36134784.000
2008-03-07,7.69,7.69,7.27,7.35,2015555,72418824.000
2008-03-11,7.06,7.18,6.89,7.01,3588555,121182648.000
2008-03-12,7.20,7.20,6.64,6.76,2641716,86861168.000
2008-03-13,6.75,6.83,6.51,6.63,2151139,68494584.000
2008-03-14,6.53,6.95,6.28,6.88,1549829,48619032.000
2008-03-17,6.76,6.84,6.45,6.56,2200780,70723136.000
2008-03-18,6.22,6.74,6.22,6.36,3316140,103125936.000
2008-03-19,6.53,6.66,6.36,6.64,1477094,46597888.000
2008-03-20,6.64,6.71,6.22,6.62,1004629,31492972.000
2008-03-21,6.56,6.64,6.44,6.47,468644,14799638.000
2008-03-24,6.61,6.62,5.98,6.03,699324,21484948.000
2008-03-25,5.85,5.99,5.72,5.83,1647350,46471340.000
2008-03-26,5.78,6.14,5.78,6.05,1132755,32973928.000
2008-03-27,6.07,6.08,5.81,5.89,432733,12397597.000
2008-03-28,5.81,6.16,5.79,6.10,515522,14962511.000
2008-03-31,6.01,6.01,5.81,5.87,512250,14585167.000
2008-04-01,5.81,5.97,5.31,5.40,1344854,36243800.000
2008-04-02,5.60,5.82,5.18,5.32,2162341,58351480.000
2008-04-03,5.28,5.64,5.09,5.60,803311,21195860.000
2008-04-07,5.55,6.16,5.41,6.16,902588,26056256.000
2008-04-08,6.22,6.37,5.95,6.20,1024870,30821272.000
2008-04-09,6.22,6.22,5.65,5.98,1121071,31953308.000
2008-04-10,5.97,6.11,5.86,6.05,318523,9210509.000
2008-04-11,6.05,6.25,6.02,6.17,601760,17821966.000
2008-04-14,6.09,6.09,5.87,5.87,647657,18462358.000
2008-04-15,5.95,6.18,5.87,6.01,1470956,42778360.000
2008-04-16,6.05,6.16,5.97,6.01,418369,12262768.000
2008-04-17,6.05,6.14,5.84,5.85,646193,18606836.000
2008-04-18,5.60,5.78,5.49,5.54,414462,11331039.000
2008-04-21,5.93,5.94,5.33,5.35,903072,24240924.000
2008-04-22,5.20,5.55,4.93,5.48,745625,18661366.000
2008-04-23,5.37,5.84,5.37,5.79,478715,13142682.000
2008-04-24,6.36,6.37,6.10,6.36,3726594,112996848.000
2008-04-25,6.18,6.62,6.18,6.43,2009899,62287632.000
2008-04-28,6.23,6.50,6.16,6.31,788414,24022432.000
2008-04-29,6.37,6.37,6.16,6.26,519339,15610740.000
2008-04-30,6.33,6.66,6.26,6.64,1337433,41963792.000
2008-05-05,6.62,6.74,6.58,6.71,761139,24418012.000
2008-05-06,6.64,6.85,6.21,6.41,2143642,66478820.000
2008-05-07,6.43,6.51,6.22,6.22,1179552,36146516.000
2008-05-08,6.10,6.34,6.02,6.31,537115,16109187.000
2008-05-09,6.23,6.37,6.00,6.11,724418,21490034.000
2008-05-12,6.02,6.30,6.01,6.14,881961,26090952.000
2008-05-13,6.01,6.43,6.01,6.40,1079870,32652388.000
2008-05-14,6.43,6.60,6.43,6.49,877527,27458268.000
2008-05-15,6.51,6.83,6.50,6.64,1574094,50885048.000
2008-05-16,6.66,6.72,6.44,6.51,459220,14502330.000
2008-05-19,6.43,6.71,6.43,6.67,743376,23802876.000
2008-05-20,6.67,6.68,6.22,6.29,1247708,38364820.000
2008-05-22,6.39,6.60,6.08,6.12,1021979,31042392.000
2008-05-23,6.11,6.22,5.85,5.87,501132,14435859.000
2008-05-26,5.87,5.99,5.78,5.80,790590,22500946.000
2008-05-27,5.83,5.95,5.67,5.71,1204566,33162768.000
2008-05-28,5.71,5.91,5.70,5.87,708309,19840044.000
2008-05-29,5.87,5.91,5.69,5.71,809057,22683872.000
2008-05-30,5.75,5.76,5.53,5.58,920356,24788712.000
2008-06-02,5.51,5.68,5.36,5.64,1885440,49735076.000
2008-06-03,5.64,5.72,5.63,5.68,3358667,92147192.000
2008-06-04,5.70,5.75,5.49,5.53,778963,21071348.000
2008-06-05,5.49,5.55,5.33,5.34,1169086,30391720.000
2008-06-06,5.37,5.37,5.18,5.24,884009,22305396.000
2008-06-10,5.12,5.12,4.71,4.82,1368699,32831884.000
2008-06-11,4.72,4.80,4.66,4.79,1309254,29834840.000
2008-06-12,4.76,4.97,4.56,4.76,1020448,23546164.000
2008-06-13,4.86,4.93,4.60,4.65,501830,11390414.000
2008-06-16,4.59,4.76,4.46,4.71,566160,12492087.000
2008-06-17,4.64,4.73,4.35,4.52,1228208,26831160.000
2008-06-18,4.38,4.89,4.21,4.70,1329641,29354172.000
2008-06-19,4.66,4.66,4.37,4.42,1001356,21460138.000
2008-06-20,4.35,4.67,4.22,4.62,880243,19359504.000
2008-06-24,4.49,4.66,4.35,4.56,903897,19847362.000
2008-06-25,4.56,4.80,4.49,4.76,1972270,44991512.000
2008-06-26,4.75,4.88,4.68,4.82,1033261,23877988.000
2008-06-27,4.68,4.72,4.37,4.45,794087,17699108.000
2008-06-30,4.40,4.71,4.40,4.64,1167562,25977936.000
2008-07-01,4.60,4.81,4.53,4.61,514229,11712266.000
2008-07-02,4.72,4.79,4.57,4.73,480305,10954257.000
2008-07-03,4.67,4.95,4.66,4.85,695845,16121535.000
2008-07-04,4.77,4.83,4.66,4.81,956010,21939992.000
2008-07-07,4.84,5.00,4.77,4.97,801025,19065654.000
2008-07-08,4.93,5.09,4.85,4.96,1104159,26405472.000
2008-07-09,4.96,5.16,4.95,5.13,1089265,26531062.000
2008-07-10,5.07,5.36,5.01,5.10,1369540,34425760.000
2008-07-11,5.11,5.24,4.91,4.96,943870,22878222.000
2008-07-14,4.97,5.17,4.97,5.06,729480,17932416.000
2008-07-15,5.14,5.20,4.92,4.94,810401,19447136.000
2008-07-16,4.87,4.93,4.62,4.71,634190,14642167.000
2008-07-17,4.76,4.87,4.56,4.60,644000,14652793.000
2008-07-18,4.66,4.76,4.41,4.76,511273,11299127.000
2008-07-21,4.72,4.93,4.62,4.87,710166,16642015.000
2008-07-22,4.87,5.25,4.87,5.11,2161692,53589068.000
2008-07-23,5.21,5.30,5.08,5.15,1419826,35594764.000
2008-07-24,5.15,5.30,5.10,5.16,663711,16594005.000
2008-07-25,5.01,5.16,4.97,5.06,594856,14540615.000
2008-07-28,5.09,5.19,5.09,5.17,1222189,30454430.000
2008-07-29,5.15,5.26,5.08,5.21,1271519,31815440.000
2008-07-30,5.28,5.28,5.03,5.04,666016,16483892.000
2008-07-31,5.16,5.16,4.85,4.89,416650,9955394.000
2008-08-01,4.89,5.04,4.83,4.95,405181,9615011.000
2008-08-04,4.83,4.93,4.83,4.83,229377,5406501.000
2008-08-05,4.87,4.87,4.60,4.63,457850,10312064.000
2008-08-06,4.76,4.76,4.53,4.57,325833,7252154.000
2008-08-07,4.59,4.69,4.58,4.68,922639,20601116.000
2008-08-08,4.58,4.68,4.41,4.44,313000,6918561.000
2008-08-11,4.45,4.45,4.14,4.25,524794,10764820.000
2008-08-12,4.14,4.29,4.11,4.14,746970,15102257.000
2008-08-13,4.07,4.19,3.95,4.14,243407,4770634.000
2008-08-14,4.14,4.18,4.07,4.11,176785,3532080.000
2008-08-15,4.14,4.14,4.04,4.11,233885,4634461.000
2008-08-18,4.12,4.15,3.89,3.93,237005,4548755.000
2008-08-19,3.83,3.97,3.83,3.95,171133,3260169.000
2008-08-20,3.93,4.34,3.87,4.32,706524,14273754.000
2008-08-21,4.26,4.32,4.06,4.08,320413,6444685.000
2008-08-22,4.05,4.21,3.89,3.99,172680,3341669.000
2008-08-25,4.14,4.14,4.01,4.04,141300,2769724.000
2008-08-26,3.90,3.99,3.70,3.76,294706,5403991.000
2008-08-27,3.76,3.85,3.56,3.63,283160,5024037.000
2008-08-28,3.58,3.66,3.57,3.59,144359,2529511.000
2008-08-29,3.58,3.74,3.58,3.66,649042,11642796.000
2008-09-01,3.62,3.69,3.57,3.57,676064,11895045.000
2008-09-02,3.57,3.66,3.42,3.63,581664,10019833.000
2008-09-03,3.49,3.72,3.31,3.68,827204,14507658.000
2008-09-04,3.64,3.70,3.56,3.61,610410,10718285.000
2008-09-05,3.54,3.54,3.41,3.41,363846,6073348.000
2008-09-08,3.39,3.39,3.14,3.14,336280,5305473.000
2008-09-09,3.17,3.20,3.07,3.20,246222,3735586.000
2008-09-10,3.17,3.24,3.09,3.21,262414,4043037.000
2008-09-11,3.12,3.19,3.06,3.06,549268,8232347.000
2008-09-12,3.10,3.17,3.00,3.13,478374,7187122.000
2008-09-16,3.16,3.20,3.10,3.17,348674,5332247.000
2008-09-17,3.20,3.22,3.08,3.16,368460,5671469.000
2008-09-18,3.16,3.16,2.84,3.11,439396,6377900.000
2008-09-19,3.43,3.43,3.32,3.43,1818676,30150972.000
2008-09-22,3.62,3.77,3.47,3.77,3281125,57886704.000
2008-09-23,3.62,3.75,3.58,3.67,1031456,18391208.000
2008-09-24,3.59,3.71,3.53,3.71,413364,7213360.000
2008-09-25,3.71,3.91,3.65,3.90,1523420,28099468.000
2008-09-26,3.93,4.04,3.83,3.93,1090566,20896500.000
2008-10-06,3.84,3.98,3.76,3.83,1143275,21614372.000
2008-10-07,3.69,3.93,3.68,3.89,625210,11604627.000
2008-10-08,3.85,3.96,3.83,3.91,1059977,19992062.000
2008-10-09,3.97,4.04,3.72,3.80,500266,9554524.000
2008-10-10,3.62,3.73,3.52,3.52,618785,10811186.000
2008-10-13,3.51,3.62,3.27,3.49,471318,7813671.000
2008-10-14,3.63,3.66,3.55,3.56,2132128,36976496.000
2008-10-15,3.49,3.51,3.31,3.34,870648,14299619.000
2008-10-16,3.22,3.30,3.11,3.13,195568,3010957.000
2008-10-17,3.24,3.26,3.14,3.18,2238218,34704028.000
2008-10-20,3.18,3.30,3.11,3.30,265023,4133265.000
2008-10-21,3.30,3.39,3.27,3.34,502100,8103214.000
2008-10-22,3.31,3.33,3.21,3.26,352951,5567530.000
2008-10-23,3.20,3.26,3.13,3.25,318260,4929009.000
2008-10-24,3.22,3.29,3.08,3.12,191081,2920376.000
2008-10-27,3.12,3.12,2.89,2.96,313750,4550661.000
2008-10-28,2.89,3.10,2.86,3.09,290570,4233780.000
2008-10-29,3.10,3.28,3.04,3.06,682976,10379560.000
2008-10-30,3.08,3.12,3.02,3.05,356752,5319249.000
2008-10-31,3.06,3.12,2.90,2.95,406382,5888539.000
2008-11-03,2.89,2.99,2.77,2.78,1011577,13830884.000
2008-11-04,2.78,2.78,2.66,2.70,1336221,17469518.000
2008-11-05,2.74,2.81,2.67,2.68,2370460,31515130.000
2008-11-06,2.66,2.66,2.41,2.47,3130642,37505376.000
2008-11-07,2.41,2.52,2.32,2.51,3059904,35735256.000
2008-11-10,2.55,2.77,2.55,2.74,8962390,118191000.000
2008-11-11,2.75,2.92,2.70,2.74,13704490,187208704.000
2008-11-12,2.69,2.91,2.66,2.90,9828272,133876528.000
2008-11-13,2.85,3.11,2.83,3.03,12910797,189543824.000
2008-11-14,3.07,3.19,2.97,3.11,15844508,235535968.000
2008-11-17,3.09,3.20,3.01,3.17,11521615,173529264.000
2008-11-18,3.10,3.10,2.85,2.98,15119225,217138096.000
2008-11-19,2.91,3.28,2.91,3.22,10189319,152824944.000
2008-11-20,3.10,3.21,3.03,3.05,6433180,96455888.000
2008-11-21,2.91,3.10,2.85,2.98,5130838,73570976.000
2008-11-24,2.95,3.10,2.85,2.93,5983763,86736216.000
2008-11-25,2.97,3.00,2.79,2.84,3666078,51141160.000
2008-11-26,2.79,2.90,2.79,2.83,2410703,33346050.000
2008-11-27,3.06,3.07,2.88,2.90,4654600,67212464.000
2008-11-28,2.87,2.96,2.80,2.83,2388650,33179382.000
2008-12-01,2.85,2.91,2.76,2.89,1962830,27054980.000
2008-12-02,2.84,2.96,2.80,2.89,2629545,36868716.000
2008-12-04,3.16,3.18,3.10,3.18,15164886,233070896.000
2008-12-05,3.19,3.25,3.12,3.25,9350113,144112624.000
2008-12-08,3.31,3.34,3.19,3.32,11132592,175823568.000
2008-12-09,3.30,3.31,3.15,3.15,6513335,101897120.000
2008-12-10,3.13,3.20,3.01,3.20,6530904,98723440.000
2008-12-11,3.19,3.30,3.12,3.13,5986891,92966056.000
2008-12-12,3.07,3.12,2.95,2.96,4082608,59456604.000
2008-12-15,3.02,3.02,2.90,2.97,2691735,38799576.000
2008-12-16,2.95,3.04,2.92,3.03,2446511,35257128.000
2008-12-17,3.07,3.17,3.06,3.13,5448807,82652992.000
2008-12-18,3.10,3.18,3.10,3.17,3888212,59231132.000
2008-12-19,3.20,3.34,3.18,3.30,7211164,114312088.000
2008-12-22,3.30,3.33,3.19,3.26,3958390,62587824.000
2008-12-23,3.26,3.28,2.96,2.98,3865780,58056384.000
2008-12-24,2.93,2.96,2.89,2.92,2323733,32922888.000
2008-12-25,2.94,2.95,2.79,2.87,3410230,47455032.000
2008-12-26,2.86,2.95,2.86,2.91,1903859,26814700.000
2008-12-29,2.91,2.94,2.84,2.91,1873504,26011640.000
2008-12-30,2.91,2.99,2.89,2.95,2413721,34428968.000
2008-12-31,2.93,3.05,2.93,2.93,2621988,38199232.000
2009-01-05,2.98,3.12,2.95,3.12,2748341,40665580.000
2009-01-06,3.06,3.32,3.06,3.29,7372629,116857680.000
2009-01-07,3.26,3.60,3.22,3.50,10556153,174215088.000
2009-01-08,3.39,3.57,3.37,3.39,9040901,151859600.000
2009-01-09,3.40,3.65,3.40,3.63,6033251,103781504.000
2009-01-12,3.64,3.73,3.56,3.58,3023317,52950124.000
2009-01-13,3.54,3.62,3.49,3.49,2614039,44791616.000
2009-01-14,3.49,3.85,3.49,3.85,5665115,103002224.000
2009-01-16,3.93,4.09,3.74,3.77,7095143,135394656.000
2009-01-19,3.81,3.90,3.79,3.83,2841008,52731208.000
2009-01-20,3.85,3.99,3.81,3.96,3139733,59205440.000
2009-01-21,3.88,3.95,3.86,3.93,2399624,45404280.000
2009-01-22,3.94,3.97,3.89,3.92,2677309,50661016.000
2009-01-23,3.92,3.92,3.80,3.85,3040449,56626504.000
2009-02-02,3.87,4.08,3.85,3.93,2276567,43668968.000
2009-02-03,3.87,4.04,3.87,4.02,2497323,47981976.000
2009-02-04,4.02,4.06,3.95,3.99,3616811,69591336.000
2009-02-05,4.10,4.31,3.91,3.91,8420006,165997824.000
2009-02-06,3.91,4.03,3.91,4.02,4294852,82504656.000
2009-02-09,4.04,4.23,3.96,4.20,5769359,114010880.000
2009-02-10,4.26,4.47,4.25,4.46,6714722,140793536.000
2009-02-11,4.37,4.72,4.35,4.60,7806809,171807264.000
2009-02-12,4.57,4.72,4.41,4.52,3250733,70702704.000
2009-02-13,4.54,4.78,4.51,4.71,4364092,98192616.000
2009-02-16,4.72,5.00,4.62,4.97,8428771,196068688.000
2009-02-17,4.93,4.99,4.67,4.69,3360993,78242880.000
2009-02-18,4.55,4.89,4.48,4.48,5088994,114735456.000
2009-02-19,4.62,4.76,4.49,4.75,3759199,84420720.000
2009-02-20,4.79,5.11,4.74,5.07,4702780,112403392.000
2009-02-23,4.99,5.15,4.91,5.09,4720530,114742656.000
2009-02-24,4.99,5.21,4.81,5.03,5962745,145655296.000
2009-02-25,5.14,5.18,4.72,4.89,7532263,181978736.000
2009-02-26,4.89,5.04,4.40,4.45,6022432,137804128.000
2009-02-27,4.41,4.41,4.14,4.37,4044145,83278640.000
2009-03-02,4.37,4.72,4.14,4.57,5536858,121999024.000
2009-03-03,4.43,4.79,4.43,4.68,3659572,82320864.000
2009-03-04,4.72,5.04,4.69,5.01,2728435,64786320.000
2009-03-05,5.08,5.14,4.77,4.92,2082017,49435572.000
2009-03-06,4.77,4.92,4.71,4.85,5488574,126577184.000
2009-03-09,4.84,4.91,4.39,4.47,7478182,165427728.000
2009-03-10,4.51,4.56,4.39,4.47,3651736,78434472.000
2009-03-11,4.54,4.66,4.50,4.52,2602473,57608672.000
2009-03-12,4.49,4.59,4.35,4.58,2459753,52924632.000
2009-03-13,4.58,4.71,4.54,4.54,3559843,79284960.000
2009-03-16,4.66,4.94,4.56,4.76,5752434,130875832.000
2009-03-17,4.73,4.89,4.71,4.88,4463848,103781680.000
2009-03-18,4.89,4.91,4.81,4.82,4173833,98017800.000
2009-03-19,4.83,4.87,4.70,4.84,4745425,109461072.000
2009-03-20,4.84,4.85,4.67,4.77,3615488,82789216.000
2009-03-23,4.79,5.07,4.74,5.05,4726267,112718784.000
2009-03-24,5.14,5.36,5.06,5.24,8264900,209353392.000
2009-03-25,5.22,5.22,5.02,5.03,4890507,120811368.000
2009-03-26,5.05,5.29,4.93,5.26,2944966,72185440.000
2009-03-27,5.23,5.49,5.18,5.48,4525358,116634744.000
2009-03-30,5.43,5.47,5.32,5.35,2673154,69577864.000
2009-03-31,5.20,5.38,5.08,5.34,3154301,79349088.000
2009-04-01,5.30,5.43,5.27,5.31,2614298,67815584.000
2009-04-02,5.33,5.39,5.21,5.27,2844988,72515856.000
2009-04-03,5.28,5.31,5.10,5.15,3704397,92334376.000
2009-04-07,5.13,5.21,5.10,5.19,3071592,76215992.000
2009-04-08,5.17,5.17,4.97,5.01,2510300,61048480.000
2009-04-09,4.99,5.06,4.90,5.01,1470531,35290976.000
2009-04-10,5.05,5.35,5.05,5.28,3860078,97315232.000
2009-04-13,5.30,5.34,5.15,5.27,4453978,112552928.000
2009-04-14,5.28,5.50,5.23,5.36,5682923,148071680.000
2009-04-15,5.35,5.47,5.22,5.37,3854833,99194208.000
2009-04-16,5.41,5.49,5.26,5.32,3384553,87677216.000
2009-04-17,5.26,5.29,5.10,5.15,3070513,76850856.000
2009-04-20,5.14,5.29,5.14,5.22,1558807,39114100.000
2009-04-21,5.17,5.18,4.97,5.10,2357957,57972276.000
2009-04-22,5.16,5.19,4.92,4.93,2424668,59005140.000
2009-04-23,4.91,5.08,4.85,5.02,2353105,56612000.000
2009-04-24,5.06,5.07,4.95,5.01,1807642,43652560.000
2009-04-27,5.00,5.03,4.87,4.95,1081793,25967144.000
2009-04-28,4.95,5.04,4.91,5.03,1013001,24416334.000
2009-04-29,5.05,5.18,5.01,5.13,3641747,89643392.000
2009-04-30,5.19,5.32,5.14,5.20,4800621,121438720.000
2009-05-04,5.24,5.39,5.15,5.36,5625255,143820352.000
2009-05-05,5.37,5.55,5.34,5.38,7191171,189438112.000
2009-05-06,5.39,5.46,5.31,5.39,2369200,61597456.000
2009-05-07,5.46,5.54,5.24,5.32,4480369,116486768.000
2009-05-08,5.26,5.34,5.16,5.18,4173044,105113936.000
2009-05-12,4.99,5.18,4.95,5.04,7697934,186177872.000
2009-05-13,5.07,5.08,4.85,4.91,12938236,307567296.000
2009-05-14,4.93,4.99,4.90,4.97,7622609,181674112.000
2009-05-15,4.98,5.00,4.87,4.91,5598803,132978304.000
2009-05-18,4.91,4.96,4.81,4.95,6326802,148488720.000
2009-05-19,5.02,5.17,5.01,5.08,12357176,303640160.000
2009-05-20,5.10,5.24,5.10,5.14,8600780,214307344.000
2009-05-21,5.15,5.16,4.91,4.95,7456031,179357808.000
2009-05-22,4.92,5.00,4.89,4.93,4233409,100730256.000
2009-05-25,4.69,4.85,4.68,4.79,2680811,38585092.000
2009-05-26,4.75,4.91,4.75,4.77,3931223,57057920.000
2009-05-27,4.78,4.84,4.64,4.69,4578216,64792356.000
2009-06-01,4.75,4.84,4.69,4.81,5108376,73243600.000
2009-06-02,4.83,4.87,4.73,4.82,7289750,105123344.000
2009-06-03,4.82,4.82,4.72,4.74,6992661,100056272.000
2009-06-04,4.72,4.80,4.53,4.62,13778373,192242576.000
2009-06-05,4.62,4.72,4.55,4.57,12602195,175085408.000
2009-06-08,4.58,4.60,4.43,4.54,11950193,162150848.000
2009-06-09,4.53,4.57,4.39,4.51,7092687,95381712.000
2009-06-10,4.57,4.67,4.49,4.63,16139840,223610752.000
2009-06-11,4.63,4.63,4.47,4.48,13029557,177127520.000
2009-06-12,4.49,4.49,4.33,4.35,11652590,154347248.000
2009-06-15,4.33,4.44,4.33,4.42,6235229,82288448.000
2009-06-16,4.39,4.52,4.34,4.51,12833193,171767408.000
2009-06-17,4.51,4.61,4.47,4.55,12290384,168996288.000
2009-06-18,4.55,4.75,4.55,4.69,16456259,232077104.000
2009-06-19,4.68,4.68,4.59,4.64,8927158,124530824.000
2009-06-22,4.69,4.70,4.55,4.56,8292377,114830256.000
2009-06-23,4.48,4.54,4.46,4.48,5636185,76243392.000
2009-06-24,4.46,4.80,4.46,4.72,19436172,276065536.000
2009-06-25,4.75,4.79,4.68,4.71,11163724,158876704.000
2009-06-26,4.72,4.80,4.65,4.68,8415543,119568208.000
2009-06-29,4.65,4.68,4.59,4.64,10150671,141419952.000
2009-06-30,4.67,4.68,4.54,4.56,6679672,92111016.000
2009-07-01,4.55,4.63,4.54,4.58,5195955,71753168.000
2009-07-02,4.61,4.63,4.50,4.56,11557497,157908784.000
2009-07-03,4.52,4.99,4.51,4.97,32575159,469096864.000
2009-07-06,4.98,5.16,4.92,5.08,36599461,558623936.000
2009-07-07,5.11,5.12,4.98,5.02,17299132,263092000.000
2009-07-08,4.98,5.02,4.89,5.00,14041508,209227008.000
2009-07-09,4.98,5.21,4.95,5.19,18004566,277651232.000
2009-07-10,5.20,5.39,5.18,5.21,18295966,291126144.000
2009-07-13,5.18,5.38,5.09,5.25,14530380,230090848.000
2009-07-14,5.28,5.54,5.28,5.47,21004370,343231968.000
2009-07-15,5.48,5.74,5.42,5.63,21214785,358204224.000
2009-07-16,5.65,5.72,5.48,5.53,14337018,240779200.000
2009-07-17,5.53,5.58,5.35,5.44,12153328,198948784.000
2009-07-20,5.47,5.54,5.38,5.52,11205410,184077936.000
2009-07-21,5.52,5.72,5.48,5.49,18592410,314465120.000
2009-07-22,5.49,5.74,5.46,5.61,13139439,222212528.000
2009-07-23,5.65,5.66,5.48,5.52,9103860,151700128.000
2009-07-24,5.54,5.64,5.35,5.43,9625367,158807552.000
2009-07-27,5.43,5.51,5.36,5.42,14410776,234770480.000
2009-07-28,5.46,5.53,5.36,5.51,10790453,177128544.000
2009-07-29,5.53,5.57,4.97,5.11,13841578,221849488.000
2009-07-30,5.12,5.24,4.97,5.14,10049215,153679744.000
2009-07-31,5.18,5.38,5.16,5.32,8973164,141781856.000
2009-08-03,5.32,5.50,5.32,5.42,9252577,150845952.000
2009-08-04,5.44,5.71,5.43,5.70,16956863,283971424.000
2009-08-05,5.72,5.74,5.45,5.52,13233233,221177440.000
2009-08-06,5.48,5.65,5.28,5.55,13362487,220184656.000
2009-08-07,5.55,5.62,5.31,5.33,10182971,167478960.000
2009-08-10,5.38,5.43,5.18,5.34,6147439,98876096.000
2009-08-11,5.33,5.40,5.24,5.31,4508185,72028760.000
2009-08-12,5.28,5.31,5.00,5.00,6759002,104341992.000
2009-08-13,5.02,5.07,4.88,4.96,5664226,84248992.000
2009-08-14,4.97,5.00,4.70,4.71,6587812,95403480.000
2009-08-17,4.65,4.65,4.47,4.49,6081433,83204184.000
2009-08-18,4.49,4.75,4.45,4.71,5557029,76702368.000
2009-08-19,4.72,4.92,4.65,4.66,9992177,143808288.000
2009-08-20,4.67,4.92,4.67,4.90,7502154,109227584.000
2009-08-21,4.89,4.96,4.82,4.92,7334171,108051152.000
2009-08-24,4.93,5.13,4.83,5.08,10113305,151974256.000
2009-08-25,5.06,5.06,4.70,4.91,8927902,130979440.000
2009-08-26,4.90,5.11,4.78,5.03,8285520,125034088.000
2009-08-27,4.98,5.18,4.94,5.10,9034504,138297728.000
2009-08-28,5.20,5.32,5.09,5.12,15587643,243266672.000
2009-08-31,4.98,4.98,4.60,4.60,11602220,163616528.000
2009-09-01,4.57,4.65,4.40,4.51,5469441,74773408.000
2009-09-02,4.50,4.68,4.48,4.67,6727041,93394352.000
2009-09-03,4.65,4.86,4.62,4.85,7242627,104422040.000
2009-09-04,4.85,4.94,4.72,4.91,8889657,129562984.000
2009-09-07,4.91,5.11,4.90,4.97,10185443,153618640.000
2009-09-08,4.97,5.14,4.89,5.06,8774115,133369424.000
2009-09-09,5.09,5.31,5.01,5.25,17022596,265550752.000
2009-09-10,5.25,5.30,5.18,5.24,11256844,177520960.000
2009-09-11,5.22,5.32,5.16,5.28,8228666,130083184.000
2009-09-14,5.30,5.41,5.28,5.38,8250455,132819672.000
2009-09-15,5.38,5.45,5.31,5.34,8021158,129171376.000
2009-09-16,5.34,5.34,5.15,5.24,7022856,110421256.000
2009-09-17,5.21,5.34,5.21,5.27,10831358,172111872.000
2009-09-18,5.27,5.33,4.96,5.02,11939344,184247760.000
2009-09-21,4.98,5.12,4.88,5.12,6100486,91432928.000
2009-09-22,5.12,5.29,5.07,5.07,9085939,142207792.000
2009-09-23,5.05,5.15,4.96,5.13,9055259,138142512.000
2009-09-24,5.17,5.28,4.97,5.09,11960590,185595488.000
2009-09-25,5.03,5.13,4.85,4.87,6762163,101648192.000
2009-09-28,4.87,4.93,4.75,4.77,4354281,63635432.000
2009-09-29,4.75,4.81,4.62,4.71,2374303,33785456.000
2009-09-30,4.75,4.83,4.73,4.78,2299225,33069296.000
2009-10-09,4.87,5.00,4.82,4.98,3071880,45713976.000
2009-10-12,4.99,5.15,4.95,5.05,5509883,83944776.000
2009-10-13,5.05,5.12,5.02,5.07,2859539,43525116.000
2009-10-14,5.07,5.13,4.99,5.00,5700081,86981896.000
2009-10-15,5.04,5.18,5.02,5.18,8178229,125860472.000
2009-10-16,5.20,5.23,5.00,5.09,6918215,106420656.000
2009-10-19,5.09,5.21,5.06,5.20,6286696,97882400.000
2009-10-20,5.21,5.37,5.21,5.35,10743108,170748304.000
2009-10-21,5.37,5.37,5.22,5.24,8248732,131517984.000
2009-10-22,5.24,5.24,5.08,5.14,9513703,147174272.000
2009-10-23,5.15,5.23,5.13,5.21,7401390,115763112.000
2009-10-26,5.22,5.35,5.16,5.34,8468182,134366560.000
2009-10-27,5.28,5.33,5.07,5.14,8172321,128575248.000
2009-10-28,5.14,5.27,5.12,5.27,4797007,75120344.000
2009-10-29,5.18,5.38,5.12,5.25,8568433,135186304.000
2009-10-30,5.32,5.58,5.31,5.42,18120649,296489184.000
2009-11-02,5.33,5.71,5.29,5.70,18317224,306314080.000
2009-11-03,5.70,5.81,5.61,5.75,21712276,372602048.000
2009-11-04,5.73,5.78,5.66,5.72,8811668,151788528.000
2009-11-05,5.72,5.80,5.68,5.73,8229937,141878688.000
2009-11-06,5.74,5.87,5.67,5.68,10348778,179632880.000
2009-11-09,5.68,5.68,5.54,5.58,9069622,152264320.000
2009-11-10,5.62,5.70,5.60,5.65,7677543,130419888.000
2009-11-11,5.61,5.67,5.50,5.58,7317387,123359920.000
2009-11-12,5.63,5.85,5.63,5.80,14707839,254889712.000
2009-11-13,5.78,5.78,5.61,5.76,9622760,165162352.000
2009-11-16,5.80,6.07,5.80,5.99,15362441,273891104.000
2009-11-17,6.05,6.08,5.94,6.04,11766064,213139296.000
2009-11-18,6.04,6.04,5.92,5.98,8797637,157915488.000
2009-11-19,5.98,6.15,5.98,6.04,5929485,107789648.000
2009-11-23,6.05,6.21,5.99,6.20,10428443,191730032.000
2009-11-24,6.22,6.33,5.74,5.84,12458287,226968816.000
2009-11-25,5.81,5.98,5.75,5.98,8231520,145736384.000
2009-11-26,5.99,6.02,5.59,5.59,12864620,225352464.000
2009-11-27,5.56,5.72,5.45,5.47,9046883,151373472.000
2009-11-30,5.54,5.78,5.54,5.74,5916469,101311520.000
2009-12-01,5.74,5.89,5.70,5.84,5234310,91537920.000
2009-12-02,5.84,5.90,5.72,5.85,6084596,106772104.000
2009-12-03,5.85,5.88,5.75,5.85,4777946,83635024.000
2009-12-04,5.87,5.97,5.66,5.78,7801800,137175088.000
2009-12-07,5.78,5.94,5.76,5.89,5931566,104544848.000
2009-12-08,5.90,5.98,5.85,5.97,8056697,143637488.000
2009-12-09,5.91,5.97,5.71,5.78,4955501,87275816.000
2009-12-10,5.79,5.86,5.72,5.76,3738728,65169524.000
2009-12-11,5.81,5.82,5.72,5.74,2632296,45638392.000
2009-12-14,5.77,5.78,5.48,5.77,5091166,86532336.000
2009-12-15,5.77,5.86,5.69,5.81,4661456,81530184.000
2009-12-16,5.81,5.81,5.66,5.68,2740479,47133672.000
2009-12-17,5.69,5.70,5.52,5.52,3636876,60988460.000
2009-12-18,5.54,5.58,5.41,5.49,3385669,56036508.000
2009-12-21,5.38,5.52,5.38,5.48,1647824,27101856.000
2009-12-22,5.47,5.51,5.18,5.19,2510776,40289156.000
2009-12-23,5.19,5.31,5.18,5.27,2624475,41315080.000
2009-12-24,5.28,5.63,5.28,5.59,4626056,75791056.000
2009-12-25,5.54,5.60,5.46,5.51,2446892,40523776.000
2009-12-28,5.49,5.58,5.45,5.48,2825830,46874436.000
2009-12-29,5.49,5.64,5.42,5.58,10392881,172986832.000
2009-12-30,5.58,5.63,5.51,5.60,4817016,80848960.000
2009-12-31,5.59,5.82,5.54,5.78,10361521,178108416.000
2010-01-04,5.80,5.85,5.69,5.71,7752840,134884608.000
2010-01-05,5.72,5.82,5.71,5.81,4603010,80042760.000
2010-01-06,5.79,5.93,5.72,5.82,6260052,110567424.000
2010-01-07,5.80,5.81,5.47,5.53,9310415,157285824.000
2010-01-08,5.51,5.58,5.37,5.46,8042818,131560320.000
2010-01-11,5.55,5.58,5.32,5.39,5593166,91373048.000
2010-01-12,5.37,5.51,5.25,5.51,15517854,250485808.000
2010-01-13,5.38,5.44,5.31,5.35,10212928,165096016.000
2010-01-14,5.35,5.51,5.32,5.48,6702753,109579360.000
2010-01-15,5.51,5.63,5.45,5.62,9582216,159190608.000
2010-01-18,5.60,5.77,5.59,5.73,9669653,166162000.000
2010-01-19,5.77,5.78,5.63,5.68,8288564,141581952.000
2010-01-20,5.70,5.76,5.40,5.43,11746065,197420480.000
2010-01-21,5.43,5.48,5.25,5.30,14164076,226950160.000
2010-01-22,5.25,5.25,4.98,5.06,10492178,161349824.000
2010-01-25,5.06,5.16,5.02,5.04,4988692,76298952.000
2010-01-26,5.05,5.10,4.77,4.82,6375036,94159776.000
2010-01-27,4.87,4.93,4.81,4.83,4745944,69464120.000
2010-01-28,4.84,4.93,4.82,4.86,3993277,58485520.000
2010-01-29,4.86,4.97,4.83,4.89,4519054,66709088.000
2010-02-02,4.85,4.95,4.72,4.74,5829204,85302736.000
2010-02-03,4.75,4.84,4.54,4.83,7485561,105914440.000
2010-02-04,4.81,4.87,4.76,4.82,4573379,66376852.000
2010-02-05,4.71,4.76,4.56,4.64,5815205,81332784.000
2010-02-08,4.64,4.66,4.57,4.61,2179874,30325358.000
2010-02-09,4.60,4.69,4.59,4.68,2041266,28509760.000
2010-02-10,4.71,4.77,4.69,4.77,3164240,45165456.000
2010-02-11,4.77,4.84,4.73,4.78,2431616,35029336.000
2010-02-12,4.78,4.84,4.78,4.83,2171163,31474168.000
2010-02-22,4.82,4.84,4.74,4.75,3634905,52231756.000
2010-02-23,4.76,4.76,4.61,4.69,3708464,52057952.000
2010-02-24,4.67,4.82,4.62,4.81,5718799,81457296.000
2010-02-25,4.82,4.96,4.79,4.92,7736492,113874456.000
2010-02-26,4.92,4.98,4.86,4.95,6060859,89907792.000
2010-03-01,4.92,5.03,4.90,5.00,5436238,81511200.000
2010-03-02,4.99,5.01,4.92,4.95,4968466,74062936.000
2010-03-03,4.94,5.07,4.91,5.06,5809158,87470176.000
2010-03-04,5.07,5.09,4.85,4.88,6002639,90020256.000
2010-03-05,4.85,4.93,4.85,4.86,3182388,46830740.000
2010-03-08,4.91,4.97,4.86,4.96,4415296,65303788.000
2010-03-09,4.95,4.96,4.88,4.95,2417896,35871040.000
2010-03-10,4.92,4.97,4.83,4.88,3263355,48046100.000
2010-03-11,4.87,4.90,4.72,4.79,3696432,53290072.000
2010-03-12,4.78,4.82,4.71,4.74,3894030,55698848.000
2010-03-15,4.73,4.74,4.61,4.66,4417114,61850176.000
2010-03-16,4.70,4.70,4.58,4.68,3581437,50039172.000
2010-03-17,4.70,4.85,4.66,4.83,7320392,104746544.000
2010-03-18,4.85,4.85,4.75,4.77,7181217,103299232.000
2010-03-19,4.77,4.84,4.76,4.82,8570650,123870440.000
2010-03-22,4.92,4.92,4.81,4.88,9773365,143430352.000
2010-03-23,4.88,4.91,4.78,4.81,7576996,110271080.000
2010-03-24,4.80,4.86,4.75,4.78,6573550,94578928.000
2010-03-25,4.78,4.78,4.66,4.68,5150067,72707160.000
2010-03-26,4.69,4.76,4.69,4.75,3873498,55219728.000
2010-03-29,4.78,4.87,4.76,4.86,5219923,75789992.000
2010-03-30,4.87,4.87,4.77,4.84,7733991,111937000.000
2010-03-31,4.82,4.92,4.82,4.90,12219774,179365056.000
2010-04-01,4.92,5.01,4.87,4.98,12169865,180949632.000
2010-04-02,4.98,5.35,4.98,5.28,30999656,485820800.000
2010-04-06,5.29,5.52,5.22,5.46,31803755,516062432.000
2010-04-07,5.41,5.57,5.28,5.37,27229228,443410848.000
2010-04-08,5.34,5.42,5.30,5.35,17973869,289015584.000
2010-04-09,5.38,5.41,5.24,5.33,14632332,233124416.000
2010-04-12,5.35,5.40,5.27,5.36,16987629,272363808.000
2010-04-13,5.35,5.49,5.29,5.48,21738380,353971744.000
2010-04-14,5.50,5.58,5.42,5.49,14173529,234434592.000
2010-04-15,5.47,5.50,5.31,5.37,10811204,175497264.000
2010-04-16,5.34,5.41,5.32,5.33,6243185,100727384.000
2010-04-19,5.27,5.30,4.92,4.93,19630047,301820224.000
2010-04-20,4.94,5.04,4.85,4.96,9776923,145772464.000
2010-04-21,4.96,5.08,4.91,5.05,11934905,179509744.000
2010-04-22,5.02,5.05,4.92,4.99,9100650,136354560.000
2010-04-23,4.98,5.11,4.96,5.01,7640233,115991768.000
2010-04-26,5.02,5.08,4.94,5.07,7333185,110663288.000
2010-04-27,5.05,5.06,4.78,4.92,8218080,121214648.000
2010-04-28,4.87,4.92,4.78,4.81,6336160,92231832.000
2010-04-29,4.85,4.92,4.79,4.81,6426063,93932488.000
2010-04-30,4.85,4.94,4.79,4.93,7229451,106368608.000
2010-05-04,4.83,4.96,4.79,4.87,5303020,78005096.000
2010-05-05,4.82,5.00,4.78,4.98,6403787,94560008.000
2010-05-07,4.65,4.72,4.48,4.48,15587097,215177200.000
2010-05-10,4.43,4.51,4.07,4.28,14888676,191301984.000
2010-05-11,4.36,4.40,4.08,4.13,7944245,101636120.000
2010-05-12,4.12,4.20,3.97,4.09,5818557,71267416.000
2010-05-13,4.11,4.26,4.08,4.26,6860213,86023672.000
2010-05-14,4.26,4.30,4.19,4.24,6384412,81889208.000
2010-05-17,4.18,4.18,3.82,3.82,9406472,112698656.000
2010-05-18,3.83,4.00,3.80,3.92,7628847,89545976.000
2010-05-19,3.88,3.97,3.83,3.89,6077050,71549536.000
2010-05-20,3.85,4.03,3.80,3.94,11689455,139236064.000
2010-05-21,3.80,4.11,3.75,4.09,7755319,92750304.000
2010-05-24,4.11,4.28,4.07,4.23,8766141,111365352.000
2010-05-25,4.19,4.29,4.14,4.20,7624697,96765176.000
2010-05-26,4.18,4.28,4.17,4.19,4956871,62942508.000
2010-05-27,4.18,4.27,4.11,4.22,6472779,81848576.000
2010-05-28,4.26,4.28,4.15,4.17,5302631,67134504.000
2010-05-31,4.12,4.18,3.92,3.95,5324048,65238920.000
2010-06-01,3.92,3.96,3.78,3.86,6493088,75653328.000
2010-06-02,3.85,3.96,3.82,3.95,4055216,47350828.000
2010-06-03,3.98,3.99,3.90,3.93,5308966,63131236.000
2010-06-04,3.89,3.97,3.83,3.93,4526394,53089484.000
2010-06-07,3.84,3.96,3.83,3.88,5746544,67554720.000
2010-06-08,3.88,3.96,3.84,3.95,8990639,105540952.000
2010-06-09,3.95,4.06,3.89,4.05,12583347,151016064.000
2010-06-10,4.00,4.08,3.98,4.04,9520104,115726456.000
2010-06-11,4.08,4.11,4.03,4.08,8499533,104045504.000
2010-06-17,4.11,4.12,4.03,4.03,3879445,47523864.000
2010-06-21,3.94,4.08,3.82,4.06,7240356,86843464.000
2010-06-22,4.05,4.16,4.02,4.14,8541010,105537800.000
2010-06-23,4.09,4.12,4.02,4.05,7003215,85803736.000
2010-06-24,4.03,4.08,4.03,4.06,3825216,46648960.000
2010-06-25,4.03,4.03,3.91,3.93,5092925,60817116.000
2010-06-28,3.95,3.96,3.83,3.84,3634685,42482200.000
2010-06-29,3.88,3.90,3.63,3.63,7089748,79701912.000
2010-06-30,3.62,3.71,3.57,3.65,4286354,46910044.000
2010-07-01,3.63,3.71,3.59,3.59,3376383,37040600.000
2010-07-02,3.66,3.66,3.35,3.62,7756251,82048744.000
2010-07-05,3.53,3.60,3.48,3.56,3113188,33236684.000
2010-07-06,3.58,3.70,3.57,3.67,5183121,57116400.000
2010-07-07,3.69,3.79,3.68,3.74,6389758,71717320.000
2010-07-08,3.78,3.78,3.67,3.70,3578902,40154576.000
2010-07-09,3.70,3.90,3.66,3.83,7766187,88818552.000
2010-07-12,3.82,4.01,3.79,3.94,9819832,115207032.000
2010-07-13,3.88,3.99,3.80,3.91,5928721,69430616.000
2010-07-14,3.91,4.05,3.89,3.92,6927650,82675984.000
2010-07-15,3.96,3.97,3.83,3.86,4810401,56471028.000
2010-07-16,3.84,3.90,3.79,3.89,4458405,51703488.000
2010-07-19,3.84,4.10,3.84,4.05,10115063,122105400.000
2010-07-20,4.06,4.15,4.03,4.11,11839725,146157104.000
2010-07-21,4.11,4.19,4.07,4.15,9783024,122150480.000
2010-07-22,4.13,4.20,4.07,4.20,9720847,121571344.000
2010-07-23,4.18,4.21,4.11,4.16,7693228,96394480.000
2010-07-26,4.17,4.24,4.12,4.22,7303193,92120848.000
2010-07-27,4.22,4.22,4.13,4.15,6159906,77180616.000
2010-07-28,4.15,4.28,4.11,4.26,9725892,123510976.000
2010-07-29,4.25,4.35,4.24,4.29,13624351,176024320.000
2010-07-30,4.28,4.28,4.20,4.24,6845069,87403752.000
2010-08-02,4.24,4.38,4.21,4.37,12970464,167893248.000
2010-08-03,4.37,4.40,4.27,4.27,9972649,129973256.000
2010-08-04,4.24,4.28,4.10,4.27,14664442,184888816.000
2010-08-05,4.27,4.30,4.23,4.26,9292472,119395816.000
2010-08-06,4.28,4.42,4.18,4.41,12817635,166814096.000
2010-08-09,4.43,4.50,4.41,4.46,11997645,160756528.000
2010-08-10,4.47,4.47,4.23,4.25,10249309,134662928.000
2010-08-11,4.27,4.39,4.27,4.37,11563976,150845936.000
2010-08-12,4.28,4.52,4.28,4.44,15669410,208673568.000
2010-08-13,4.48,4.58,4.37,4.57,15734316,212064960.000
2010-08-16,4.58,4.73,4.55,4.68,15050622,211346016.000
2010-08-17,4.68,4.74,4.59,4.68,13236842,185777856.000
2010-08-18,4.68,4.68,4.55,4.59,10749282,148897296.000
2010-08-19,4.59,4.73,4.54,4.70,14355363,201311104.000
2010-08-20,4.68,4.68,4.48,4.50,12982022,178759280.000
2010-08-23,4.49,4.56,4.44,4.50,7773970,105351712.000
2010-08-24,4.48,4.56,4.43,4.52,7509410,101717672.000
2010-08-25,4.48,4.53,4.38,4.39,7578964,101563432.000
2010-08-26,4.40,4.46,4.38,4.42,4884694,64865064.000
2010-08-27,4.41,4.49,4.37,4.43,9608790,128259248.000
2010-08-30,4.46,4.58,4.44,4.56,10819247,147519504.000
2010-08-31,4.55,4.63,4.49,4.61,14155252,194777600.000
2010-09-01,4.62,4.62,4.43,4.47,12110478,165294160.000
2010-09-02,4.52,4.63,4.46,4.58,11567802,158732512.000
2010-09-03,4.60,4.77,4.60,4.74,19912882,282780832.000
2010-09-06,4.75,4.88,4.73,4.76,19665796,284250560.000
2010-09-07,4.74,4.93,4.72,4.90,18330902,267123392.000
2010-09-08,4.86,5.03,4.84,4.99,17001868,253655888.000
2010-09-09,4.98,4.98,4.80,4.81,12633445,185528544.000
2010-09-10,4.80,4.86,4.67,4.75,12732724,181608624.000
2010-09-13,4.74,4.97,4.74,4.87,12176804,179128160.000
2010-09-14,4.87,4.91,4.77,4.85,11167184,162717856.000
2010-09-15,4.84,4.88,4.62,4.68,9172449,130477600.000
2010-09-16,4.67,4.76,4.47,4.53,10492558,145159520.000
2010-09-17,4.55,4.58,4.48,4.49,5763206,78360032.000
2010-09-20,4.50,4.56,4.42,4.52,6479983,87974416.000
2010-09-21,4.56,4.63,4.53,4.61,7038281,97250392.000
2010-09-27,4.62,4.73,4.60,4.68,5817609,81796888.000
2010-09-28,4.68,4.70,4.52,4.57,6963638,96281392.000
2010-09-29,4.58,4.61,4.49,4.52,6572137,89427056.000
2010-09-30,4.49,4.66,4.47,4.63,6322395,87459824.000
2010-10-08,4.66,4.80,4.66,4.75,7862962,112448928.000
2010-10-11,4.77,4.99,4.74,4.90,17776894,261858128.000
2010-10-12,4.88,5.02,4.82,4.98,15696313,233298400.000
2010-10-13,4.94,5.02,4.85,4.98,16240988,242040752.000
2010-10-14,5.06,5.43,5.06,5.14,40086120,632406656.000
2010-10-15,5.11,5.41,5.08,5.33,34481691,550615040.000
2010-10-18,5.39,5.61,5.24,5.24,37358556,610746752.000
2010-10-19,5.22,5.44,5.16,5.44,16827186,267502192.000
2010-10-20,5.31,5.74,5.25,5.73,30672588,510119552.000
2010-10-21,5.73,5.88,5.58,5.62,22984108,394852320.000
2010-10-22,5.58,5.71,5.50,5.53,17637309,296787200.000
2010-10-25,5.56,5.67,5.46,5.60,18272922,305558080.000
2010-10-26,5.62,5.64,5.41,5.49,19068058,315571072.000
2010-10-27,5.46,5.46,5.25,5.26,28412874,456446592.000
2010-10-28,5.33,5.54,5.32,5.42,25319421,413638112.000
2010-10-29,5.45,5.64,5.45,5.51,25601797,427737088.000
2010-11-01,5.52,5.79,5.48,5.74,33341232,564792384.000
2010-11-02,5.74,5.99,5.65,5.76,34309562,603147520.000
2010-11-03,5.72,5.73,5.48,5.50,18075430,305403808.000
2010-11-04,5.53,5.60,5.42,5.58,14412098,239834480.000
2010-11-05,5.65,6.01,5.59,5.96,36911766,647188160.000
2010-11-08,5.99,6.13,5.85,5.98,27907380,503944928.000
2010-11-09,5.97,5.97,5.81,5.91,26911981,476337024.000
2010-11-10,5.88,6.21,5.82,6.16,30225353,543844224.000
2010-11-11,6.10,6.25,5.92,5.97,25122134,464057824.000
2010-11-12,5.92,6.04,5.39,5.48,31948591,546069184.000
2010-11-15,5.52,5.64,5.47,5.60,14699499,245264384.000
2010-11-16,5.59,5.68,5.20,5.27,17621408,289530912.000
2010-11-17,5.25,5.30,5.05,5.14,11678757,181875200.000
2010-11-18,5.22,5.27,5.09,5.22,8394732,130936400.000
2010-11-19,5.24,5.42,5.20,5.41,16014560,255639744.000
2010-11-22,5.37,5.51,5.32,5.40,15480729,253011088.000
2010-11-23,5.37,5.37,5.17,5.26,10300959,162423728.000
2010-11-24,5.24,5.70,5.19,5.63,18100967,299239200.000
2010-11-25,5.72,5.95,5.71,5.78,24782095,433600928.000
2010-11-26,5.72,5.93,5.67,5.88,20586219,360549280.000
2010-11-29,5.90,6.14,5.84,6.05,29626672,539372160.000
2010-11-30,6.05,6.31,5.68,6.21,45723784,831172864.000
2010-12-01,6.12,6.25,6.00,6.04,15685923,287870432.000
2010-12-02,6.28,6.32,5.97,5.98,22288650,411122432.000
2010-12-03,6.01,6.34,5.92,6.31,30147627,560458368.000
2010-12-06,6.41,6.41,6.10,6.14,19682871,368742848.000
2010-12-07,6.06,6.22,5.82,6.09,18418335,332623968.000
2010-12-08,6.09,6.53,6.08,6.17,37193383,707516672.000
2010-12-09,6.14,6.64,6.09,6.50,48161984,932506624.000
2010-12-10,6.51,6.59,6.33,6.56,24090654,465713088.000
2010-12-13,6.75,7.22,6.75,7.22,54689615,1177742848.000
2010-12-14,7.27,7.72,7.19,7.37,78476303,1739867392.000
2010-12-15,7.25,7.29,7.06,7.15,42334443,912820608.000
2010-12-16,7.09,7.28,7.07,7.10,25045071,540927232.000
2010-12-17,7.05,7.24,7.04,7.16,20401260,437690592.000
2010-12-20,7.24,7.49,7.08,7.22,47580446,1040873728.000
2010-12-21,7.25,7.32,7.05,7.28,27772590,600243712.000
2010-12-22,7.25,7.31,7.15,7.16,18114969,393192928.000
2010-12-23,7.09,7.15,6.77,6.79,25719523,534012736.000
2010-12-24,6.68,6.87,6.62,6.64,17344854,350211232.000
2010-12-27,6.68,6.93,6.48,6.51,21562221,437186496.000
2010-12-28,6.47,6.62,6.26,6.48,20994386,405006944.000
2010-12-29,6.48,6.73,6.45,6.73,16159816,320281184.000
2010-12-30,6.80,7.13,6.80,6.94,31049516,649784064.000
2010-12-31,7.01,7.12,6.93,7.09,22659589,478920576.000
2011-01-04,7.20,7.32,7.02,7.32,31306246,675995072.000
2011-01-05,7.27,7.57,7.21,7.26,32424966,722163136.000
2011-01-06,7.21,7.34,7.04,7.10,21516301,462655584.000
2011-01-07,7.06,7.27,7.02,7.22,20492089,441243840.000
2011-01-10,7.19,7.58,7.15,7.43,41761892,936707264.000
2011-01-11,7.35,7.38,7.07,7.17,24389928,528807072.000
2011-01-12,7.16,7.24,6.92,7.01,16915859,359711200.000
2011-01-13,7.07,7.25,6.95,7.24,16976433,364667584.000
2011-01-14,7.17,7.38,7.02,7.24,24557280,535368576.000
2011-01-17,7.10,7.18,6.62,6.62,26654681,548758208.000
2011-01-18,6.52,6.75,6.47,6.63,13355770,265427712.000
2011-01-19,6.60,7.30,6.60,7.30,47592094,1024407936.000
2011-01-20,7.25,7.47,7.10,7.13,41157925,899846464.000
2011-01-21,7.07,7.80,7.02,7.41,44672697,1001579392.000
2011-01-24,7.42,8.15,7.32,7.98,60754948,1428227200.000
2011-01-25,7.85,7.92,7.35,7.63,40648796,931734912.000
2011-01-26,7.57,8.38,7.56,8.36,55734137,1345628288.000
2011-01-27,8.18,9.01,8.12,8.26,76024143,1940276736.000
2011-01-28,8.15,8.71,8.04,8.41,47992185,1213586176.000
2011-01-31,8.48,9.25,8.46,9.25,67895544,1838764800.000
2011-02-01,9.12,9.25,8.92,9.06,46856559,1272769792.000
2011-02-09,8.89,9.31,8.72,8.81,48618207,1314309632.000
2011-02-10,8.65,8.72,8.42,8.68,42049106,1080476800.000
2011-02-11,8.61,8.91,8.56,8.77,32637555,860221888.000
2011-02-14,8.67,8.67,8.28,8.49,51432985,1306253440.000
2011-02-15,8.49,9.34,8.43,9.19,75106928,2038147712.000
2011-02-16,9.07,9.26,8.93,9.09,42003605,1144714752.000
2011-02-17,9.05,9.66,8.98,9.33,57169922,1602489472.000
2011-02-18,9.25,9.41,8.99,9.05,37264565,1025892672.000
2011-02-21,9.07,9.40,8.93,9.15,33773317,928925056.000
2011-02-22,9.12,9.12,8.42,8.45,49813921,1304210560.000
2011-02-23,8.40,8.60,8.25,8.52,28710806,728097280.000
2011-02-24,8.47,8.75,8.37,8.62,23608584,609520064.000
2011-02-25,8.53,8.55,8.31,8.48,23045333,582316160.000
2011-02-28,8.47,8.88,8.42,8.80,29199120,762389440.000
2011-03-01,8.87,8.91,8.65,8.70,19950789,523546336.000
2011-03-02,8.58,8.58,8.28,8.39,28544789,720171584.000
2011-03-03,8.35,8.53,8.09,8.15,27300438,680732608.000
2011-03-04,8.15,8.37,8.13,8.35,17465956,435405600.000
2011-03-07,8.39,8.65,8.27,8.57,27568551,704204480.000
2011-03-08,8.51,8.78,8.48,8.59,19957907,517486176.000
2011-03-09,8.59,9.02,8.58,8.84,37316755,987871232.000
2011-03-10,8.77,8.82,8.45,8.46,29194139,756327232.000
2011-03-11,8.38,8.50,8.25,8.29,23401938,587139840.000
2011-03-14,8.25,8.30,8.07,8.16,20243580,495936704.000
2011-03-15,8.13,8.24,7.65,8.05,20987506,504028000.000
2011-03-16,7.98,8.14,7.95,8.06,16949139,409724032.000
2011-03-17,7.94,8.04,7.76,7.86,18657041,442911520.000
2011-03-18,7.98,8.05,7.91,8.02,15599925,374616320.000
2011-03-21,7.99,8.27,7.98,8.19,21052400,517424672.000
2011-03-22,8.23,8.27,7.98,8.12,14736582,359660800.000
2011-03-23,8.15,8.28,8.15,8.22,12897636,318600032.000
2011-03-24,8.21,8.26,8.01,8.02,16787875,408527392.000
2011-03-25,8.02,8.08,7.98,8.03,13748053,331769792.000
2011-03-28,8.05,8.08,7.75,8.01,27665596,659219584.000
2011-03-29,8.15,8.65,8.14,8.37,45519929,1156522880.000
2011-03-30,8.41,8.53,8.28,8.37,24632987,623281536.000
2011-03-31,8.38,8.47,8.10,8.12,18918624,470181760.000
2011-04-01,8.14,8.20,7.98,8.18,14579403,353970784.000
2011-04-06,8.08,8.08,7.89,7.98,15945174,382363072.000
2011-04-07,7.95,8.17,7.89,8.09,14506542,350869920.000
2011-04-08,8.07,8.09,7.95,8.06,13844503,333731680.000
2011-04-11,8.03,8.37,8.03,8.21,21564156,535529152.000
2011-04-12,8.19,8.48,8.16,8.44,27037473,681023552.000
2011-04-13,8.40,8.60,8.33,8.55,21918603,559468160.000
2011-04-14,8.58,8.58,8.31,8.34,15953583,403152128.000
2011-04-15,8.29,8.29,8.05,8.10,18559312,454695744.000
2011-04-18,8.08,8.08,7.95,8.02,11298115,271706624.000
2011-04-19,7.97,7.97,7.75,7.85,14277438,336726912.000
2011-04-20,7.93,8.01,7.85,7.90,9049601,215877696.000
2011-04-21,7.97,8.11,7.91,8.01,10196441,245934704.000
2011-04-22,7.98,8.00,7.88,7.92,8409117,200468480.000
2011-04-25,7.93,8.12,7.81,7.92,11618681,279051648.000
2011-04-26,7.85,7.91,7.65,7.68,9874616,229638528.000
2011-04-27,7.73,7.83,7.58,7.62,8355626,193070224.000
2011-04-28,7.62,7.67,7.29,7.29,10223062,228529248.000
2011-04-29,7.32,7.38,7.28,7.37,5156075,113739272.000
2011-05-03,6.98,7.05,6.72,6.93,20963544,431554784.000
2011-05-04,6.84,6.93,6.65,6.66,13139143,267788272.000
2011-05-05,6.60,6.60,6.42,6.43,12675416,247533648.000
2011-05-06,6.43,6.55,6.33,6.51,9569569,186293136.000
2011-05-09,6.55,6.95,6.55,6.77,15124364,309406464.000
2011-05-10,6.80,6.80,6.66,6.75,6709524,135324128.000
2011-05-11,6.80,6.86,6.67,6.70,6596366,133946864.000
2011-05-12,6.65,6.65,6.44,6.45,8505336,167149936.000
2011-05-13,6.45,6.61,6.45,6.59,6775265,132957904.000
2011-05-16,6.59,6.69,6.55,6.59,5957944,118854488.000
2011-05-17,6.55,6.77,6.55,6.69,7219200,145249216.000
2011-05-19,6.79,6.83,6.68,6.68,5373713,108684296.000
2011-05-20,6.69,6.70,6.52,6.55,4765663,94219368.000
2011-05-23,6.59,6.69,6.28,6.29,7291599,141672128.000
2011-05-24,6.25,6.27,5.99,6.17,6283471,115637280.000
2011-05-25,6.17,6.59,6.12,6.31,10014015,191310080.000
2011-05-26,6.34,6.35,6.14,6.14,6026940,113278536.000
2011-05-27,6.13,6.18,6.03,6.06,4119398,75521680.000
2011-05-30,5.98,6.00,5.84,5.88,6204312,110356168.000
2011-05-31,5.94,6.18,5.93,6.15,7743633,140874368.000
2011-06-01,6.15,6.20,6.11,6.17,5682928,105139504.000
2011-06-02,6.10,6.21,6.02,6.18,6862107,126298056.000
2011-06-03,6.19,6.35,6.13,6.29,8457069,159364720.000
2011-06-07,6.33,6.65,6.33,6.39,12020779,117195256.000
2011-06-08,6.28,6.64,6.07,6.53,27415434,262167664.000
2011-06-09,6.43,6.49,6.20,6.20,16701838,158926560.000
2011-06-10,6.15,6.71,6.14,6.67,35119811,339520000.000
2011-06-13,6.57,6.80,6.48,6.69,39667587,396509408.000
2011-06-14,6.64,6.79,6.57,6.74,25391261,255935552.000
2011-06-15,6.71,6.79,6.57,6.57,19833061,198038384.000
2011-06-16,6.46,6.61,6.43,6.47,13015084,127141416.000
2011-06-17,6.47,6.53,6.25,6.29,12674014,121903040.000
2011-06-20,6.24,6.28,6.10,6.17,10378163,96258344.000
2011-06-21,6.20,6.37,6.20,6.29,9685701,91172440.000
2011-06-22,6.31,6.40,6.21,6.23,8721258,82337208.000
2011-06-23,6.23,6.39,6.13,6.37,14428979,135982656.000
2011-06-24,6.35,6.88,6.31,6.75,43922045,438683360.000
2011-06-27,6.77,6.91,6.72,6.79,33640689,343238880.000
2011-06-28,6.80,7.02,6.67,6.87,37194051,383476160.000
2011-06-29,6.83,6.90,6.71,6.72,24186448,246321072.000
2011-06-30,6.73,6.89,6.69,6.77,22593903,230610032.000
2011-07-01,6.82,6.82,6.71,6.73,16764735,169694224.000
2011-07-04,6.75,6.97,6.75,6.91,28383887,292342272.000
2011-07-05,6.92,6.96,6.83,6.91,21124199,218297168.000
2011-07-06,6.87,6.90,6.79,6.85,17301560,177329248.000
2011-07-07,6.85,7.06,6.79,7.05,45548885,473994528.000
2011-07-08,7.11,7.17,6.88,6.94,28562840,299910176.000
2011-07-11,6.87,6.93,6.77,6.87,18109822,186278768.000
2011-07-12,6.83,6.83,6.71,6.72,17947723,181736512.000
2011-07-13,6.73,6.89,6.73,6.83,15822553,161618512.000
2011-07-14,6.83,6.87,6.73,6.81,16549530,168774608.000
2011-07-15,6.80,6.87,6.75,6.82,16391098,167629584.000
2011-07-18,6.83,7.03,6.83,6.99,34339842,357294016.000
2011-07-19,6.99,6.99,6.79,6.81,19499488,200318720.000
2011-07-20,6.85,6.95,6.79,6.83,14930828,153690416.000
2011-07-21,6.83,6.87,6.69,6.69,15238691,154242256.000
2011-07-22,6.71,6.74,6.60,6.62,15789761,157437472.000
2011-07-25,6.35,6.40,5.99,6.03,44999068,416813568.000
2011-07-26,5.99,6.00,5.71,5.87,19546740,170816576.000
2011-07-27,5.85,5.93,5.73,5.91,13422491,118477448.000
2011-07-28,5.87,5.87,5.75,5.81,13288142,115322536.000
2011-07-29,5.81,5.83,5.55,5.61,18485125,157044768.000
2011-08-01,5.64,5.70,5.60,5.65,9825837,83137528.000
2011-08-02,5.62,5.65,5.45,5.53,9705815,80416800.000
2011-08-03,5.42,5.53,5.41,5.47,9396462,77048864.000
2011-08-04,5.50,5.67,5.49,5.61,11873197,99783488.000
2011-08-05,5.41,5.51,5.35,5.47,10006537,81841024.000
2011-08-08,5.39,5.44,4.93,5.01,19150738,148605648.000
2011-08-09,4.83,4.99,4.67,4.88,19478987,140416224.000
2011-08-10,4.97,5.05,4.91,5.00,19688091,147047616.000
2011-08-11,4.84,5.03,4.80,4.99,18193274,135140128.000
2011-08-12,5.02,5.49,5.01,5.49,59351529,481563328.000
2011-08-15,5.48,5.61,5.34,5.56,45292964,374335200.000
2011-08-16,5.56,5.61,5.41,5.44,23070245,190216336.000
2011-08-17,5.43,5.45,5.34,5.40,13072714,105692296.000
2011-08-18,5.41,5.45,5.27,5.27,12563145,101074528.000
2011-08-19,5.13,5.43,5.07,5.34,15485708,122998656.000
2011-08-22,5.34,5.41,5.21,5.23,9542462,76019720.000
2011-08-23,5.22,5.44,5.22,5.39,11766505,94472704.000
2011-08-24,5.41,5.43,5.29,5.31,11139886,89539656.000
2011-08-25,5.31,5.45,5.30,5.42,13513721,109296152.000
2011-08-26,5.41,5.45,5.36,5.39,8728278,70676424.000
2011-08-29,5.35,5.35,5.25,5.27,8526753,67762448.000
2011-08-30,5.31,5.39,5.19,5.20,8799712,69670192.000
2011-08-31,5.20,5.25,5.13,5.18,6830929,53039332.000
2011-09-01,5.19,5.25,5.11,5.13,5403858,41861720.000
2011-09-02,5.11,5.15,5.00,5.03,8482749,64070136.000
2011-09-05,4.97,4.97,4.87,4.89,6359543,46725260.000
2011-09-06,4.81,4.89,4.81,4.85,5516351,40072424.000
2011-09-07,4.87,4.98,4.85,4.96,5847567,43070640.000
2011-09-08,4.97,4.99,4.80,4.83,5796915,42557936.000
2011-09-09,4.90,4.95,4.83,4.85,4519575,33012356.000
2011-09-13,4.78,4.81,4.71,4.77,5329080,37963336.000
2011-09-14,4.79,4.82,4.70,4.81,5112168,36524488.000
2011-09-15,4.81,4.95,4.79,4.85,8837789,64296936.000
2011-09-16,4.87,4.89,4.79,4.81,5036516,36558552.000
2011-09-19,4.79,4.79,4.70,4.71,4931781,34961224.000
2011-09-20,4.67,4.77,4.67,4.75,4039587,28620448.000
2011-09-21,4.75,5.13,4.70,4.99,15899812,118269072.000
2011-09-22,4.93,4.96,4.77,4.77,12409737,90528520.000
2011-09-23,4.69,4.79,4.67,4.77,8771887,62164992.000
2011-09-26,4.70,4.85,4.70,4.75,7368745,52829012.000
2011-09-27,4.79,4.85,4.74,4.81,6396401,46041868.000
2011-09-28,4.77,4.87,4.75,4.77,10192415,73423288.000
2011-09-30,4.72,4.74,4.47,4.55,11875121,81531360.000
2011-10-10,4.56,4.62,4.54,4.55,3715501,25458488.000
2011-10-11,4.68,4.73,4.53,4.58,4795395,33273800.000
2011-10-12,4.56,4.83,4.51,4.79,12693808,90145720.000
2011-10-13,4.77,4.91,4.76,4.83,10766104,78166904.000
2011-10-14,4.77,4.89,4.77,4.82,7625535,55247944.000
2011-10-17,4.82,4.90,4.77,4.81,10134793,73597016.000
2011-10-18,4.79,4.79,4.61,4.61,8690476,60930688.000
2011-10-19,4.64,4.89,4.58,4.75,11644771,83200424.000
2011-10-20,4.68,4.69,4.47,4.51,12504945,85288808.000
2011-10-21,4.51,4.56,4.32,4.38,9974385,66083432.000
2011-10-24,4.39,4.47,4.18,4.43,8191427,53293712.000
2011-10-25,4.44,4.61,4.39,4.57,12274378,83316040.000
2011-10-26,4.57,4.80,4.51,4.65,18682515,131128976.000
2011-10-27,4.64,4.67,4.52,4.55,11270951,77490816.000
2011-10-28,4.67,4.69,4.57,4.65,11266815,78238128.000
2011-10-31,4.66,4.66,4.59,4.63,7633398,52953332.000
2011-11-01,4.59,4.67,4.55,4.61,7628828,52733672.000
2011-11-02,4.52,4.73,4.47,4.73,17758470,123823952.000
2011-11-03,4.77,4.89,4.72,4.78,27533920,199292624.000
2011-11-04,4.82,4.88,4.75,4.84,16372388,118174208.000
2011-11-07,4.84,4.93,4.80,4.80,14458300,105325520.000
2011-11-08,4.79,4.83,4.70,4.71,11051235,78665376.000
2011-11-09,4.71,4.82,4.70,4.80,12702633,90779016.000
2011-11-10,4.75,4.79,4.68,4.69,10131501,71821184.000
2011-11-11,4.71,4.73,4.63,4.63,8467915,59368052.000
2011-11-14,4.69,4.74,4.65,4.74,9105776,64336112.000
2011-11-15,4.75,4.79,4.68,4.77,11965907,85017488.000
2011-11-16,4.77,4.77,4.57,4.58,13311807,92946408.000
2011-11-17,4.57,4.62,4.53,4.54,7845918,53722640.000
2011-11-18,4.53,4.53,4.37,4.41,8852080,59018416.000
2011-11-21,4.50,4.52,4.42,4.50,5562942,37360736.000
2011-11-22,4.45,4.47,4.35,4.41,5599671,37126412.000
2011-11-23,4.42,4.46,4.37,4.37,4661650,30722640.000
2011-11-24,4.27,4.39,4.27,4.33,4768839,30986940.000
2011-11-25,4.34,4.36,4.27,4.27,4720882,30468696.000
2011-11-28,4.30,4.31,4.20,4.23,4165528,26556380.000
2011-11-29,4.25,4.31,4.25,4.31,5131832,32998756.000
2011-11-30,4.29,4.31,4.07,4.09,8189570,51261736.000
2011-12-01,4.19,4.25,4.17,4.17,8384668,52915288.000
2011-12-02,4.13,4.17,4.08,4.09,4928591,30443356.000
2011-12-05,4.08,4.13,4.02,4.03,4393218,26786980.000
2011-12-06,4.04,4.07,3.91,3.98,6780831,40342080.000
2011-12-07,3.98,3.99,3.92,3.95,5544331,32839174.000
2011-12-08,3.94,3.97,3.83,3.92,6585333,38407288.000
2011-12-09,3.88,3.91,3.85,3.86,4975317,28942824.000
2011-12-12,3.85,3.88,3.73,3.75,5948381,34048104.000
2011-12-13,3.75,3.78,3.68,3.69,7356175,41215744.000
2011-12-14,3.67,3.70,3.51,3.55,6866838,37025936.000
2011-12-15,3.52,3.52,3.41,3.49,6839341,35509576.000
2011-12-16,3.49,3.57,3.41,3.56,6835843,35729432.000
2011-12-19,3.50,3.54,3.41,3.53,6250739,32536982.000
2011-12-20,3.53,3.57,3.48,3.49,4615697,24357092.000
2011-12-21,3.53,3.55,3.41,3.41,4149314,21626580.000
2011-12-22,3.37,3.44,3.23,3.35,6974157,34750508.000
2011-12-23,3.32,3.65,3.32,3.49,11718568,61696432.000
2011-12-26,3.48,3.52,3.41,3.43,5625220,29178478.000
2011-12-27,3.41,3.43,3.30,3.40,6023277,30449936.000
2011-12-28,3.39,3.51,3.33,3.51,9183784,47473128.000
2011-12-29,3.58,3.86,3.53,3.79,28445756,160554784.000
2011-12-30,3.76,3.87,3.70,3.79,20063671,113729680.000
2012-01-04,3.80,3.81,3.57,3.57,14819981,81729232.000
2012-01-05,3.53,3.60,3.40,3.43,14068443,73609920.000
2012-01-06,3.37,3.52,3.37,3.49,10324516,53271024.000
2012-01-09,3.54,3.72,3.46,3.71,17500456,95307128.000
2012-01-10,3.71,3.91,3.65,3.83,23462623,132820072.000
2012-01-11,3.83,3.83,3.73,3.78,17274231,97915264.000
2012-01-12,3.75,3.85,3.74,3.79,13723436,77955952.000
2012-01-13,3.78,3.79,3.55,3.58,19823425,108080816.000
2012-01-16,3.52,3.59,3.42,3.43,11932046,62569032.000
2012-01-17,3.43,3.68,3.43,3.67,17622527,94254656.000
2012-01-18,3.69,3.83,3.60,3.63,21798805,122003360.000
2012-01-19,3.63,3.73,3.57,3.73,14107868,77908480.000
2012-01-20,3.72,3.79,3.67,3.76,16678823,93657096.000
2012-01-30,3.77,3.79,3.69,3.69,10076641,56295664.000
2012-01-31,3.69,3.73,3.66,3.71,6598831,36540904.000
2012-02-01,3.69,3.74,3.58,3.60,10685780,58518712.000
2012-02-02,3.58,3.68,3.58,3.67,9077402,49293024.000
2012-02-03,3.65,3.83,3.63,3.75,16758207,94064352.000
2012-02-06,3.76,3.80,3.71,3.79,15209199,85668240.000
2012-02-07,3.77,3.77,3.62,3.67,11117500,61283044.000
2012-02-08,3.67,3.78,3.65,3.77,14107701,78817392.000
2012-02-09,3.77,3.86,3.75,3.79,22783242,130328344.000
2012-02-10,3.78,4.17,3.77,4.05,50188643,300902912.000
2012-02-13,3.97,4.39,3.94,4.28,65557509,413658944.000
2012-02-14,4.23,4.28,4.15,4.21,26962142,169797584.000
2012-02-15,4.19,4.29,4.15,4.21,26471162,167172176.000
2012-02-16,4.21,4.25,4.08,4.14,23089258,143998848.000
2012-02-17,4.15,4.19,4.10,4.13,13488147,83754944.000
2012-02-20,4.19,4.23,4.12,4.15,16584375,103629104.000
2012-02-21,4.14,4.15,4.04,4.13,22667354,139084704.000
2012-02-22,4.13,4.32,4.10,4.24,35986396,228177008.000
2012-02-23,4.23,4.27,4.14,4.18,24357696,153282304.000
2012-02-24,4.19,4.28,4.13,4.22,29903802,188414432.000
2012-02-27,4.23,4.36,4.22,4.23,38216071,245644112.000
2012-02-28,4.21,4.48,4.20,4.45,61385806,402165472.000
2012-02-29,4.44,4.44,4.31,4.32,28185004,184052592.000
2012-03-01,4.30,4.37,4.28,4.33,16702793,108492248.000
2012-03-02,4.35,4.51,4.35,4.44,33552667,223841696.000
2012-03-05,4.44,4.55,4.40,4.41,27225954,182560400.000
2012-03-06,4.39,4.39,4.25,4.29,24337691,156999344.000
2012-03-07,4.27,4.29,4.21,4.21,19966967,126999112.000
2012-03-08,4.24,4.28,4.21,4.28,14503806,92552720.000
2012-03-09,4.30,4.31,4.22,4.31,17775057,113905232.000
2012-03-12,4.33,4.37,4.27,4.33,15296628,99037288.000
2012-03-13,4.33,4.43,4.31,4.41,20965828,138052464.000
2012-03-14,4.43,4.46,4.10,4.15,35083774,226196736.000
2012-03-15,4.16,4.20,3.95,3.99,25823116,156487216.000
2012-03-16,4.01,4.06,3.95,4.06,14481511,87376888.000
2012-03-19,4.06,4.09,3.97,4.08,16580776,100194408.000
2012-03-20,4.07,4.07,3.99,3.99,10414334,62615276.000
2012-03-21,4.01,4.08,3.99,4.01,13442626,81173664.000
2012-03-22,4.07,4.11,4.01,4.02,12175172,73980224.000
2012-03-23,4.00,4.02,3.83,3.87,15387021,90580728.000
2012-03-26,3.87,3.90,3.79,3.83,8299502,47776404.000
2012-03-27,3.85,3.87,3.80,3.81,7896320,45405256.000
2012-03-28,3.81,3.84,3.63,3.64,13554961,75569352.000
2012-03-29,3.62,3.63,3.43,3.50,14128916,75122424.000
2012-03-30,3.51,3.56,3.47,3.49,9246476,48656564.000
2012-04-05,3.49,3.67,3.49,3.63,19935376,107597344.000
2012-04-06,3.67,3.67,3.56,3.60,14472775,78191408.000
2012-04-09,3.58,3.61,3.56,3.57,7282420,39120392.000
2012-04-10,3.59,3.72,3.59,3.71,22432101,123090072.000
2012-04-11,3.66,3.74,3.61,3.69,13597235,75055504.000
2012-04-12,3.70,3.79,3.69,3.76,16221310,91056336.000
2012-04-13,3.78,3.79,3.73,3.77,14269631,80614560.000
2012-04-16,3.74,3.79,3.73,3.78,10358346,58466360.000
2012-04-17,3.77,3.82,3.72,3.73,9260954,52083512.000
2012-04-18,3.75,3.99,3.73,3.97,40055956,234917920.000
2012-04-19,3.99,4.10,3.97,4.01,30892451,187107376.000
2012-04-20,4.03,4.29,4.01,4.15,34181631,213804464.000
2012-04-23,4.14,4.32,4.12,4.20,30643355,193688336.000
2012-04-24,4.15,4.31,4.01,4.30,47147846,293771264.000
2012-04-25,4.21,4.43,4.13,4.25,60794728,389098112.000
2012-04-26,4.22,4.25,4.09,4.11,31027576,193512448.000
2012-04-27,4.10,4.17,4.07,4.09,14731941,90898872.000
2012-05-02,4.17,4.23,4.12,4.17,17365671,108677376.000
2012-05-03,4.18,4.23,4.17,4.19,14556284,91621056.000
2012-05-04,4.20,4.20,4.09,4.14,14166319,88003712.000
2012-05-07,4.12,4.14,4.07,4.13,12898860,79285424.000
2012-05-08,4.13,4.25,4.11,4.21,22605137,142226624.000
2012-05-09,4.19,4.19,4.07,4.07,18859657,116244768.000
2012-05-10,4.07,4.11,4.01,4.03,13446915,81556432.000
2012-05-11,4.05,4.09,4.01,4.01,9189810,55794580.000
2012-05-14,4.07,4.09,4.00,4.01,8981856,54454720.000
2012-05-15,3.97,3.97,3.87,3.91,12991790,76119064.000
2012-05-16,3.90,3.93,3.85,3.86,10025392,58450960.000
2012-05-17,3.85,3.94,3.83,3.92,7571646,44303344.000
2012-05-18,3.89,3.91,3.78,3.81,8915682,51270364.000
2012-05-21,3.88,4.10,3.87,3.93,15420765,92018616.000
2012-05-23,3.95,4.01,3.90,3.95,11033169,65566416.000
2012-05-24,4.00,4.31,4.00,4.19,50821962,318455584.000
2012-05-25,4.15,4.30,4.12,4.22,51886397,329534304.000
2012-05-28,4.18,4.42,4.15,4.36,60704029,393168032.000
2012-05-29,4.32,4.44,4.26,4.29,51984549,338536704.000
2012-05-30,4.27,4.29,4.19,4.22,23120167,146591408.000
2012-05-31,4.18,4.25,4.17,4.21,17035335,107571328.000
2012-06-01,4.24,4.29,4.17,4.23,16855298,107232464.000
2012-06-04,4.14,4.17,4.01,4.02,20469201,126316712.000
2012-06-05,4.02,4.08,3.99,4.01,11501123,69355552.000
2012-06-06,4.03,4.05,3.97,3.99,9779443,58780032.000
2012-06-07,4.05,4.09,3.99,4.00,10412142,42092356.000
2012-06-08,4.06,4.06,3.78,3.81,22682006,88682288.000
2012-06-11,3.82,3.85,3.71,3.81,21798190,82413480.000
2012-06-12,3.78,3.79,3.72,3.76,14135036,52915240.000
2012-06-13,3.75,3.81,3.72,3.80,16936892,63861492.000
2012-06-14,3.80,3.84,3.73,3.75,13913201,52671776.000
2012-06-15,3.75,3.79,3.65,3.71,14837953,55085680.000
2012-06-18,3.74,3.76,3.69,3.71,13260406,49387148.000
2012-06-19,3.71,3.80,3.65,3.77,20213278,75448944.000
2012-06-20,3.75,3.78,3.72,3.73,10922869,40927120.000
2012-06-21,3.73,3.73,3.65,3.67,10447902,38346648.000
2012-06-25,3.63,3.66,3.50,3.51,11048393,39526004.000
2012-06-26,3.50,3.52,3.41,3.49,9324976,32355852.000
2012-06-27,3.49,3.53,3.43,3.45,7499649,26076864.000
2012-06-28,3.47,3.49,3.42,3.43,8174956,28249228.000
2012-06-29,3.43,3.52,3.38,3.51,10104322,34974728.000
2012-07-02,3.53,3.56,3.48,3.51,8189589,28830118.000
2012-07-03,3.52,3.54,3.45,3.46,8359283,29239726.000
2012-07-04,3.40,3.40,3.16,3.18,39390266,126650744.000
2012-07-05,3.14,3.14,3.03,3.08,24948739,76842744.000
2012-07-06,3.08,3.14,3.05,3.14,12277776,38016928.000
2012-07-09,3.09,3.14,3.04,3.05,11370358,35017712.000
2012-07-10,3.05,3.06,3.02,3.04,7392566,22458608.000
2012-07-11,3.05,3.17,3.05,3.12,11795541,36834800.000
2012-07-12,3.09,3.15,3.05,3.14,13296250,41365456.000
2012-07-13,3.12,3.17,3.10,3.13,8853164,27851442.000
2012-07-16,3.12,3.12,3.03,3.04,10787370,33166736.000
2012-07-17,3.03,3.09,3.03,3.06,7228141,22162590.000
2012-07-18,3.06,3.16,3.06,3.15,12133280,37925552.000
2012-07-19,3.15,3.21,3.12,3.15,14604688,46207984.000
2012-07-20,3.15,3.16,3.10,3.12,7630585,23821942.000
2012-07-23,3.10,3.10,3.05,3.07,8292159,25413364.000
2012-07-24,3.05,3.11,3.04,3.08,7043346,21658598.000
2012-07-25,3.06,3.10,3.05,3.06,7455151,22888532.000
2012-07-26,3.06,3.07,3.02,3.03,6996550,21293328.000
2012-07-27,3.04,3.06,3.01,3.02,6357546,19260768.000
2012-07-30,3.03,3.05,3.00,3.01,6423940,19399208.000
2012-07-31,3.01,3.04,3.00,3.00,7081856,21368458.000
2012-08-01,2.99,3.09,2.95,3.04,11787720,35665008.000
2012-08-02,3.02,3.04,2.96,2.98,9092445,27182026.000
2012-08-03,3.00,3.02,2.96,3.00,5684496,16985948.000
2012-08-06,3.00,3.03,2.97,3.03,10425838,31354418.000
2012-08-07,3.03,3.15,3.00,3.09,19464311,59929440.000
2012-08-08,3.09,3.15,3.07,3.11,14499132,45027300.000
2012-08-09,3.10,3.13,3.08,3.13,12418733,38578780.000
2012-08-10,3.13,3.14,3.08,3.09,10138290,31364360.000
2012-08-13,3.09,3.09,3.00,3.01,11292595,34360808.000
2012-08-14,3.02,3.03,2.96,3.03,11414745,34147360.000
2012-08-15,3.00,3.01,2.98,2.99,5783414,17300470.000
2012-08-16,2.98,3.00,2.96,2.97,4373485,13021751.000
2012-08-17,2.97,2.99,2.96,2.98,5415845,16094134.000
2012-08-20,2.96,2.98,2.91,2.94,6887104,20207526.000
2012-08-21,2.94,2.98,2.94,2.96,5946185,17607778.000
2012-08-22,2.96,2.97,2.87,2.90,9863586,28775872.000
2012-08-23,2.90,2.92,2.87,2.87,9985017,28829528.000
2012-08-24,2.87,2.88,2.79,2.80,11579932,32779392.000
2012-08-27,2.79,2.79,2.69,2.69,10014749,27310800.000
2012-08-28,2.70,2.76,2.68,2.74,6893090,18775372.000
2012-08-29,2.74,2.74,2.68,2.68,5342606,14443395.000
2012-08-30,2.67,2.70,2.65,2.68,5759276,15414339.000
2012-08-31,2.67,2.69,2.63,2.65,6103591,16228410.000
2012-09-03,2.64,2.70,2.62,2.67,8170498,21753060.000
2012-09-04,2.67,2.67,2.60,2.61,9622217,25356172.000
2012-09-05,2.58,2.60,2.54,2.58,9702990,24857668.000
2012-09-06,2.63,2.84,2.63,2.84,49544288,138366080.000
2012-09-07,2.89,3.12,2.86,3.12,56317384,171269168.000
2012-09-10,3.43,3.43,3.39,3.43,44813628,153670208.000
2012-09-11,3.43,3.68,3.40,3.43,149079484,518510528.000
2012-09-12,3.55,3.59,3.33,3.50,105637525,365056000.000
2012-09-13,3.45,3.45,3.28,3.28,67121099,226689408.000
2012-09-14,3.30,3.42,3.27,3.30,73858245,246840288.000
2012-09-17,3.25,3.30,3.16,3.19,43812433,140367856.000
2012-09-18,3.19,3.26,3.15,3.23,32401949,104042672.000
2012-09-19,3.23,3.26,3.15,3.18,26446812,84501664.000
2012-09-20,3.17,3.20,3.10,3.11,32586580,102523984.000
2012-09-21,3.10,3.14,3.01,3.04,31166102,95600688.000
2012-09-24,3.00,3.34,2.90,3.34,63410942,202835616.000
2012-09-25,3.34,3.43,3.21,3.27,64015623,213027136.000
2012-09-26,3.21,3.25,3.13,3.23,29573298,94305760.000
2012-09-27,3.23,3.36,3.15,3.22,55446863,181702464.000
2012-09-28,3.19,3.31,3.15,3.29,46541737,151027856.000
2012-10-08,3.27,3.33,3.16,3.23,30170680,97757296.000
2012-10-09,3.23,3.55,3.20,3.44,76701407,263280464.000
2012-10-10,3.38,3.51,3.36,3.47,52557381,180820192.000
2012-10-11,3.45,3.50,3.37,3.38,39071041,134278608.000
2012-10-12,3.38,3.45,3.28,3.34,28544914,95528832.000
2012-10-15,3.33,3.36,3.26,3.35,16915385,55968900.000
2012-10-16,3.36,3.40,3.31,3.32,17991651,60331240.000
2012-10-17,3.32,3.35,3.22,3.30,18361056,60348272.000
2012-10-18,3.32,3.46,3.31,3.38,34572405,117410152.000
2012-10-19,3.37,3.48,3.36,3.39,23250056,79582344.000
2012-10-22,3.38,3.44,3.34,3.41,17685302,60062108.000
2012-10-23,3.43,3.49,3.38,3.39,22313652,76494904.000
2012-10-24,3.35,3.48,3.33,3.46,36271840,124400904.000
2012-10-25,3.47,3.49,3.33,3.34,30569973,103660192.000
2012-10-26,3.34,3.35,3.15,3.22,22813284,73666168.000
2012-10-29,3.20,3.20,3.15,3.18,10358413,32847726.000
2012-10-30,3.19,3.24,3.16,3.21,11258958,36095504.000
2012-10-31,3.15,3.36,3.13,3.29,26893027,87964056.000
2012-11-01,3.25,3.33,3.24,3.27,26409666,86642040.000
2012-11-02,3.28,3.31,3.24,3.29,15013812,49207348.000
2012-11-05,3.32,3.33,3.26,3.27,10872943,35647648.000
2012-11-06,3.26,3.26,3.16,3.20,21190045,67656384.000
2012-11-07,3.21,3.23,3.10,3.20,15502472,49325956.000
2012-11-08,3.18,3.25,3.14,3.14,13882308,44361656.000
2012-11-09,3.14,3.27,3.10,3.19,20098435,64177740.000
2012-11-12,3.16,3.23,3.16,3.20,12647151,40390648.000
2012-11-13,3.18,3.20,3.10,3.10,14492603,45477044.000
2012-11-14,3.07,3.13,3.06,3.08,8917592,27479928.000
2012-11-15,3.08,3.09,2.96,2.97,10809088,32702122.000
2012-11-16,2.95,3.01,2.92,3.00,12043576,35721920.000
2012-11-19,3.00,3.04,2.95,3.03,9393316,28028720.000
2012-11-20,3.04,3.06,2.98,3.01,7890730,23672736.000
2012-11-21,3.03,3.03,2.94,3.02,9563171,28594876.000
2012-11-22,3.01,3.02,2.95,2.97,6211970,18463644.000
2012-11-23,2.97,3.01,2.96,2.97,6496789,19401968.000
2012-11-26,2.97,3.00,2.96,2.97,5131268,15246727.000
2012-11-27,2.99,2.99,2.89,2.98,12305865,36128768.000
2012-11-28,2.95,2.95,2.87,2.91,7198485,20982270.000
2012-11-29,2.91,3.20,2.87,3.20,29838584,93719808.000
2012-11-30,3.20,3.49,3.10,3.34,82537590,273797824.000
2012-12-03,3.28,3.31,3.17,3.18,37974632,122772736.000
2012-12-04,3.15,3.36,3.13,3.33,53269913,174150624.000
2012-12-05,3.28,3.49,3.26,3.38,82245941,278649824.000
2012-12-06,3.34,3.39,3.31,3.38,36395131,121729696.000
2012-12-07,3.38,3.48,3.35,3.46,56236047,192979776.000
2012-12-10,3.45,3.54,3.40,3.46,50590604,175406816.000
2012-12-11,3.43,3.44,3.35,3.36,36391181,122965968.000
2012-12-12,3.36,3.42,3.33,3.38,20338063,68558592.000
2012-12-13,3.35,3.37,3.30,3.30,17053674,56806708.000
2012-12-14,3.30,3.53,3.29,3.48,63843179,220738960.000
2012-12-17,3.49,3.51,3.41,3.46,38947726,134965328.000
2012-12-18,3.46,3.52,3.41,3.43,35459576,122891144.000
2012-12-19,3.42,3.49,3.37,3.43,27987925,95960776.000
2012-12-20,3.41,3.42,3.32,3.38,27742822,93533472.000
2012-12-21,3.40,3.45,3.36,3.38,24320820,82723376.000
2012-12-24,3.38,3.40,3.34,3.37,14191781,47781056.000
2012-12-25,3.37,3.48,3.35,3.46,45523090,156821072.000
2012-12-26,3.44,3.46,3.38,3.45,34715404,118902952.000
2012-12-27,3.49,3.80,3.48,3.64,117087792,434603744.000
2012-12-28,3.56,3.69,3.54,3.63,50082638,180464464.000
2012-12-31,3.63,3.66,3.57,3.63,34870963,126004104.000
2013-01-04,3.70,3.79,3.62,3.69,57182322,212052208.000
2013-01-07,3.75,3.99,3.71,3.89,75684586,294341472.000
2013-01-08,3.82,3.88,3.75,3.79,60416123,229761648.000
2013-01-09,3.76,3.83,3.69,3.70,35470997,132878416.000
2013-01-10,3.69,3.80,3.64,3.72,34952590,130413560.000
2013-01-11,3.78,3.78,3.61,3.62,31965436,118146016.000
2013-01-14,3.61,3.74,3.59,3.74,34693834,128128328.000
2013-01-15,3.74,4.07,3.72,3.92,78957381,308254624.000
2013-01-16,3.90,3.92,3.78,3.85,48768454,187339984.000
2013-01-17,3.81,3.85,3.76,3.79,22990793,87092128.000
2013-01-18,3.82,3.89,3.80,3.84,25932550,99633208.000
2013-01-21,3.84,3.88,3.79,3.86,27765291,106366248.000
2013-01-22,3.86,3.87,3.70,3.74,29185795,110288064.000
2013-01-23,3.74,3.80,3.60,3.71,24186431,89707800.000
2013-01-24,3.71,3.78,3.59,3.64,32097992,118444800.000
2013-01-25,3.64,3.68,3.60,3.62,13240946,48195844.000
2013-01-28,3.63,3.72,3.62,3.70,19905747,73110456.000
2013-01-29,3.71,3.75,3.67,3.73,20909109,77620728.000
2013-01-30,3.73,3.74,3.66,3.70,19974943,73850048.000
2013-01-31,3.68,3.78,3.66,3.71,18476896,68700104.000
2013-02-01,3.71,3.76,3.68,3.73,18392787,68513296.000
2013-02-04,3.73,3.83,3.73,3.77,33473492,126665336.000
2013-02-05,3.76,3.90,3.73,3.86,42531618,163015680.000
2013-02-06,3.83,3.85,3.76,3.80,21555395,81788536.000
2013-02-07,3.80,3.81,3.75,3.77,13258241,50029172.000
2013-02-08,3.78,3.83,3.75,3.76,18680274,70782608.000
2013-02-18,3.77,3.79,3.68,3.70,25217305,93726992.000
2013-02-19,3.69,3.73,3.65,3.69,18595146,68629736.000
2013-02-20,3.68,3.71,3.66,3.71,12573535,46427572.000
2013-02-21,3.67,3.68,3.50,3.52,30737501,109765840.000
2013-02-22,3.53,3.56,3.50,3.51,14069834,49500784.000
2013-02-25,3.53,3.58,3.50,3.51,12275555,43304808.000
2013-02-26,3.50,3.52,3.37,3.48,27729055,95327720.000
2013-02-27,3.47,3.49,3.41,3.46,12525894,43204524.000
2013-02-28,3.46,3.53,3.46,3.53,16705639,58398556.000
2013-03-01,3.53,3.53,3.44,3.50,12827553,44715496.000
2013-03-04,3.48,3.48,3.31,3.38,22060839,74738256.000
2013-03-05,3.38,3.41,3.33,3.40,15110788,50838764.000
2013-03-06,3.41,3.45,3.35,3.43,16129066,54928440.000
2013-03-07,3.42,3.47,3.37,3.40,17228790,59002220.000
2013-03-08,3.41,3.48,3.38,3.45,17020196,58548320.000
2013-03-11,3.43,3.52,3.43,3.46,17318225,60252108.000
2013-03-12,3.48,3.48,3.32,3.35,16997403,57599428.000
2013-03-13,3.36,3.37,3.23,3.27,11467481,37526648.000
2013-03-14,3.23,3.30,3.23,3.23,10165835,33126832.000
2013-03-15,3.24,3.30,3.21,3.22,10069008,32790740.000
2013-03-18,3.23,3.25,3.15,3.16,11294504,36039584.000
2013-03-19,3.16,3.19,3.13,3.19,8460573,26835380.000
2013-03-20,3.22,3.26,3.19,3.26,11529254,37409440.000
2013-03-21,3.25,3.32,3.24,3.28,13107578,43031388.000
2013-03-22,3.28,3.29,3.23,3.27,8445732,27503022.000
2013-03-25,3.29,3.29,3.23,3.26,7888456,25673686.000
2013-03-26,3.25,3.25,3.16,3.18,10574907,33655312.000
2013-03-27,3.18,3.22,3.15,3.18,6965003,22189046.000
2013-03-28,3.17,3.17,3.06,3.09,15281764,47298856.000
2013-03-29,3.11,3.12,3.06,3.10,8005244,24704036.000
2013-04-01,3.12,3.14,3.07,3.11,6753502,20914556.000
2013-04-02,3.11,3.13,3.07,3.09,8224235,25422574.000
2013-04-03,3.11,3.12,3.05,3.10,8132104,25075368.000
2013-04-08,3.07,3.12,3.03,3.11,10129486,30969224.000
2013-04-09,3.11,3.16,3.08,3.14,11801825,36928932.000
2013-04-10,3.14,3.15,3.09,3.15,9113980,28480768.000
2013-04-11,3.15,3.18,3.07,3.09,9625820,29968782.000
2013-04-12,3.13,3.16,3.07,3.13,10941633,34227400.000
2013-04-15,3.12,3.13,3.05,3.09,7733238,23750312.000
2013-04-16,3.08,3.14,3.04,3.14,7793891,24035496.000
2013-04-17,3.13,3.14,3.08,3.13,8590340,26659700.000
2013-04-18,3.10,3.14,3.08,3.10,7231838,22460086.000
2013-04-19,3.10,3.16,3.09,3.14,14094887,44172496.000
2013-04-22,3.14,3.24,3.11,3.19,18983140,60558020.000
2013-04-23,3.20,3.20,3.08,3.12,13595523,42396308.000
2013-04-24,3.11,3.13,3.05,3.11,9288066,28740610.000
2013-04-25,3.12,3.12,3.01,3.05,16578681,50606348.000
2013-04-26,3.06,3.07,2.95,2.98,13168501,39397260.000
2013-05-02,2.98,2.99,2.94,2.96,8055151,23863244.000
2013-05-03,2.96,3.01,2.96,2.98,8767382,26178704.000
2013-05-06,2.99,3.01,2.95,3.01,13056039,38989080.000
2013-05-07,3.01,3.02,2.98,3.00,8721947,26152576.000
2013-05-08,3.02,3.03,2.95,2.99,16222003,48490016.000
2013-05-09,2.98,2.98,2.91,2.93,16230352,47736176.000
2013-05-10,2.92,2.99,2.91,2.98,10762382,31646492.000
2013-05-13,2.98,3.04,2.95,3.03,19845370,59642976.000
2013-05-14,3.02,3.02,2.96,3.00,9447479,28157076.000
2013-05-15,2.98,3.01,2.95,2.98,9578281,28412936.000
2013-05-16,2.96,3.00,2.94,2.99,13518048,40156420.000
2013-05-17,2.98,3.06,2.96,3.05,23366698,70251416.000
2013-05-20,3.14,3.18,3.07,3.09,27265116,84560960.000
2013-05-21,3.07,3.14,3.06,3.09,15908513,49268808.000
2013-05-22,3.09,3.13,3.09,3.12,15914263,49464644.000
2013-05-23,3.12,3.13,3.08,3.10,14656318,45486124.000
2013-05-24,3.10,3.14,3.09,3.12,12692177,39525616.000
2013-05-27,3.11,3.12,3.04,3.06,17506984,53776960.000
2013-05-28,3.06,3.09,3.02,3.09,16354573,49891228.000
2013-05-29,3.09,3.11,3.07,3.08,15779643,48719124.000
2013-05-30,3.08,3.13,3.04,3.09,19787827,61181256.000
2013-05-31,3.09,3.10,3.05,3.08,12625395,38777312.000
2013-06-03,3.07,3.10,3.05,3.08,14463898,44460120.000
2013-06-04,3.07,3.08,3.00,3.02,13457281,40741008.000
2013-06-05,3.00,3.03,2.98,3.00,9450868,28357232.000
2013-06-06,2.98,3.00,2.96,2.97,9027414,26893276.000
2013-06-07,2.97,2.99,2.90,2.94,12676545,37248212.000
2013-06-13,2.91,2.92,2.80,2.89,13528541,38520824.000
2013-06-14,2.87,2.94,2.86,2.90,9850442,28473460.000
2013-06-17,2.89,2.95,2.85,2.86,9746739,28178734.000
2013-06-18,2.86,2.89,2.81,2.86,12431663,35307416.000
2013-06-19,2.85,2.85,2.78,2.83,10040794,28154788.000
2013-06-20,2.83,2.83,2.74,2.74,8154029,22586720.000
2013-06-21,2.70,2.73,2.66,2.71,10634491,28715532.000
2013-06-24,2.70,2.73,2.53,2.54,15567568,40853440.000
2013-06-25,2.52,2.57,2.29,2.47,20356100,49569352.000
2013-06-26,2.50,2.52,2.41,2.44,11613611,28486916.000
2013-06-27,2.45,2.47,2.35,2.36,13743859,33225924.000
2013-06-28,2.36,2.39,2.30,2.33,17298453,40407380.000
2013-07-01,2.33,2.37,2.30,2.34,10546366,24632454.000
2013-07-02,2.34,2.36,2.32,2.35,7966993,18652536.000
2013-07-03,2.34,2.35,2.29,2.33,9093696,21083988.000
2013-07-04,2.32,2.48,2.30,2.41,18880905,45152296.000
2013-07-05,2.41,2.42,2.37,2.37,9160103,21891012.000
2013-07-08,2.34,2.34,2.25,2.26,10817658,24831188.000
2013-07-09,2.25,2.27,2.22,2.27,6803105,15342693.000
2013-07-10,2.25,2.34,2.25,2.33,11155673,25695364.000
2013-07-11,2.34,2.48,2.32,2.42,23015985,55479004.000
2013-07-12,2.40,2.47,2.38,2.40,19097434,46179896.000
数据来源:通达信
