600998 九州通 日线
      日期	    开盘	    最高	    最低	    收盘	    成交量	    成交额
2010-11-02,18.15,19.78,17.40,18.88,99943532,1828731648.000
2010-11-03,18.21,19.40,17.20,17.40,51969789,958598528.000
2010-11-04,17.90,19.15,17.70,19.15,42996090,809533184.000
2010-11-05,19.64,19.70,18.41,18.68,52615161,1007459904.000
2010-11-08,18.40,18.65,17.96,18.44,24378771,448301408.000
2010-11-09,18.40,18.88,17.92,18.35,22118920,410119168.000
2010-11-10,18.38,19.18,18.16,18.56,22216889,418458432.000
2010-11-11,18.42,18.75,18.19,18.20,17943991,333351456.000
2010-11-12,18.19,18.35,16.70,16.91,19332049,339675776.000
2010-11-15,16.98,17.39,16.98,17.36,8027617,138708928.000
2010-11-16,17.30,17.96,17.20,17.56,12177245,215824496.000
2010-11-17,17.20,17.70,17.16,17.42,5490159,96198384.000
2010-11-18,17.42,17.64,17.31,17.55,4585038,80574416.000
2010-11-19,17.60,17.64,16.96,17.58,6155231,107105360.000
2010-11-22,17.30,17.75,17.22,17.51,5251981,92611776.000
2010-11-23,17.37,17.56,16.91,17.14,4025201,69478584.000
2010-11-24,17.09,17.56,16.98,17.55,4952931,86642752.000
2010-11-25,17.59,17.70,17.38,17.44,5211696,91887960.000
2010-11-26,17.44,17.57,17.20,17.34,3610345,62884280.000
2010-11-29,17.40,17.82,17.26,17.46,5029600,88948424.000
2010-11-30,17.40,17.57,16.55,16.95,6080687,103951312.000
2010-12-01,16.90,17.04,16.67,16.80,2487709,41970456.000
2010-12-02,16.98,17.04,16.60,16.63,3468658,58489072.000
2010-12-03,16.57,16.77,15.89,15.99,6006864,97634464.000
2010-12-06,16.06,16.19,15.38,15.51,6070634,95505696.000
2010-12-07,15.51,16.17,15.42,16.00,4765438,76231528.000
2010-12-08,16.00,16.14,15.78,15.79,3343256,53823672.000
2010-12-09,15.77,15.78,15.45,15.57,2207027,34652828.000
2010-12-10,15.80,15.80,15.57,15.75,2117854,33462850.000
2010-12-13,15.70,16.05,15.70,15.99,5231546,83668720.000
2010-12-14,16.02,16.08,15.85,16.00,4444800,71337952.000
2010-12-15,16.02,16.37,15.90,16.28,6185181,100636928.000
2010-12-16,16.31,16.40,16.18,16.28,2717642,44544000.000
2010-12-17,16.28,16.36,16.08,16.16,2353956,38282344.000
2010-12-20,16.09,16.19,15.40,15.60,6163015,97217832.000
2010-12-21,15.51,15.72,15.49,15.60,5186936,81383144.000
2010-12-23,15.58,15.64,15.38,15.50,2974048,46301772.000
2010-12-24,15.45,15.45,14.95,14.98,3658388,55746184.000
2010-12-27,14.99,15.28,14.71,14.78,2372054,35881960.000
2010-12-28,14.68,14.76,14.11,14.17,3770631,54448104.000
2010-12-29,14.17,14.40,14.11,14.36,1828214,26180278.000
2010-12-30,14.35,14.48,14.08,14.10,2868906,41033472.000
2010-12-31,14.10,14.47,14.10,14.45,2759563,39921780.000
2011-01-04,14.55,14.68,14.28,14.61,2653861,38848080.000
2011-01-05,14.58,14.80,14.42,14.71,2294343,33894768.000
2011-01-06,14.71,15.07,14.70,15.04,3436825,51396888.000
2011-01-07,15.00,15.10,14.80,14.87,2440307,36650024.000
2011-01-10,14.73,14.80,14.15,14.21,2736967,39771720.000
2011-01-11,14.19,14.50,14.19,14.33,1688729,24397080.000
2011-01-12,14.33,14.38,14.16,14.32,1360360,19554244.000
2011-01-13,14.32,14.35,14.13,14.27,1120620,16028405.000
2011-01-14,14.20,14.21,13.89,13.96,1790673,25182772.000
2011-01-17,13.75,13.95,13.42,13.50,1604323,22007396.000
2011-01-18,13.41,13.70,13.41,13.68,1406385,19222134.000
2011-01-19,13.70,13.97,13.31,13.92,2369428,32625644.000
2011-01-20,13.83,14.00,13.41,13.44,1821673,25292912.000
2011-01-21,13.42,14.14,13.41,14.01,2615484,36670968.000
2011-01-24,14.01,14.09,13.70,13.79,1488727,20765344.000
2011-01-25,13.81,13.87,13.42,13.73,958059,13125701.000
2011-01-27,13.81,14.14,13.75,13.97,1812075,25474910.000
2011-01-28,13.88,13.98,13.65,13.88,1644551,22876464.000
2011-01-31,13.87,13.96,13.73,13.94,1121760,15631929.000
2011-02-01,13.92,14.01,13.80,13.83,1513059,21227580.000
2011-02-09,13.58,13.58,12.84,13.05,11891629,156232640.000
2011-02-10,12.97,14.37,12.84,14.37,12841001,174831488.000
2011-02-11,14.48,14.89,14.21,14.65,16339062,239973408.000
2011-02-14,14.64,14.84,14.48,14.74,9769802,144000576.000
2011-02-15,14.75,14.97,14.56,14.60,9254672,136960208.000
2011-02-16,14.60,14.71,14.27,14.71,9582895,140109424.000
2011-02-17,14.71,14.75,14.30,14.53,6491158,94832456.000
2011-02-18,14.80,15.87,14.80,15.14,18088092,279893952.000
2011-02-21,15.04,15.70,14.91,15.50,10842664,168434080.000
2011-02-22,15.49,15.50,14.77,14.85,8423963,128087984.000
2011-02-23,14.78,15.19,14.74,15.05,5755908,86751936.000
2011-02-24,15.00,15.19,14.88,15.09,4122430,62486600.000
2011-02-25,15.09,15.10,14.66,14.91,4621629,69035304.000
2011-02-28,14.86,14.96,14.65,14.95,3907475,58286720.000
2011-03-01,15.05,15.20,14.90,15.03,4496574,68186904.000
2011-03-02,14.95,15.15,14.78,15.05,3527519,53056280.000
2011-03-03,15.10,15.16,14.71,14.72,4042421,60839648.000
2011-03-04,14.70,14.85,14.48,14.65,5825683,85514048.000
2011-03-07,14.66,14.80,14.60,14.73,4661701,68901176.000
2011-03-08,14.74,14.75,14.54,14.63,3737322,54950492.000
2011-03-09,14.65,14.69,14.49,14.56,3679123,53862724.000
2011-03-10,14.56,14.79,14.51,14.73,4294015,63531244.000
2011-03-11,14.83,15.87,14.83,15.60,20899840,325267520.000
2011-03-14,15.53,15.99,15.28,15.83,14655881,230870800.000
2011-03-15,15.80,15.80,15.06,15.42,8911724,137679632.000
2011-03-16,15.43,15.54,15.18,15.37,5071271,78121328.000
2011-03-17,15.40,15.40,14.96,15.02,4975077,75956456.000
2011-03-18,15.06,15.22,14.95,15.02,3062085,46438536.000
2011-03-21,14.96,15.10,14.78,14.91,3608449,54068500.000
2011-03-22,14.99,15.09,14.90,14.98,2957894,44657628.000
2011-03-23,15.20,15.63,15.20,15.39,6645867,103101824.000
2011-03-24,15.30,15.39,15.11,15.13,4423249,67728976.000
2011-03-25,15.09,15.29,14.95,15.08,4124006,62542708.000
2011-03-28,15.08,15.20,15.03,15.14,3680293,55979648.000
2011-03-29,15.13,15.13,14.55,14.56,5755817,85508120.000
2011-03-30,14.53,14.54,13.95,14.01,5249742,74843984.000
2011-03-31,14.05,14.26,13.82,14.00,2854698,40239520.000
2011-04-01,13.92,14.16,13.92,14.12,1644379,23297912.000
2011-04-06,14.08,14.25,13.95,14.20,2287552,32409288.000
2011-04-07,14.20,14.38,14.07,14.23,1845247,26459938.000
2011-04-08,14.24,14.35,14.15,14.22,1889314,27116960.000
2011-04-11,14.30,14.38,14.00,14.01,3199368,45492572.000
2011-04-12,13.71,14.08,13.71,13.92,2325806,32597610.000
2011-04-13,13.95,14.02,13.70,14.01,2178346,30441256.000
2011-04-14,13.98,14.07,13.92,13.98,2107580,29664116.000
2011-04-15,14.06,14.07,13.79,13.87,2364960,33039412.000
2011-04-18,13.93,14.00,13.74,13.82,2468575,34439508.000
2011-04-19,13.74,13.74,13.48,13.52,3297578,45028100.000
2011-04-20,13.50,13.75,13.48,13.73,2253892,30932608.000
2011-04-22,13.74,14.03,13.73,13.89,2633876,36822272.000
2011-04-25,13.95,13.95,13.61,13.76,2037841,28166846.000
2011-04-26,13.80,13.80,13.05,13.32,3065096,41142576.000
2011-04-27,13.22,13.43,12.81,13.09,2511476,33261004.000
2011-04-28,13.20,13.21,12.80,12.83,2045210,26643112.000
2011-04-29,12.82,12.97,12.63,12.93,1506983,19454872.000
2011-05-03,12.93,13.52,12.77,13.44,3267498,43840984.000
2011-05-04,13.35,13.35,13.04,13.23,2565730,34121712.000
2011-05-05,13.78,14.43,13.78,14.07,12461352,176566992.000
2011-05-06,13.75,14.19,13.61,13.78,5724399,80094088.000
2011-05-09,13.78,14.05,13.70,13.94,3680844,51494284.000
2011-05-10,13.94,13.96,13.77,13.86,2311446,32177732.000
2011-05-11,13.78,13.88,13.54,13.64,2833337,39076968.000
2011-05-12,13.57,13.59,13.23,13.49,3081267,41660892.000
2011-05-13,13.39,13.56,13.26,13.50,2320471,31374616.000
2011-05-16,13.51,13.52,13.32,13.34,1505930,20332698.000
2011-05-17,13.40,13.45,13.21,13.35,1629444,21904444.000
2011-05-18,13.33,13.40,13.26,13.37,1574638,21130340.000
2011-05-19,13.42,13.42,13.06,13.08,1879152,25031902.000
2011-05-23,13.05,13.08,12.71,12.71,2684539,34685056.000
2011-05-24,12.35,12.65,12.30,12.58,1897547,23886896.000
2011-05-25,12.45,12.67,12.38,12.40,1386016,17503494.000
2011-05-26,12.54,12.55,12.21,12.26,1204626,15076444.000
2011-05-27,12.40,12.40,11.98,12.05,1207623,14744889.000
2011-05-30,12.05,12.05,11.76,11.78,1304640,15594386.000
2011-05-31,11.76,11.98,11.70,11.97,1331362,15935528.000
2011-06-01,11.97,12.02,11.81,12.02,1494290,17994540.000
2011-06-02,11.90,11.90,11.52,11.54,2133395,24848994.000
2011-06-03,11.55,11.76,11.53,11.72,1506807,17572384.000
2011-06-07,11.68,11.96,11.65,11.87,1670282,19830616.000
2011-06-08,11.87,11.89,11.62,11.85,1065201,12538528.000
2011-06-09,11.91,11.92,11.65,11.66,1329170,15642224.000
2011-06-10,11.58,11.74,11.50,11.65,931082,10790639.000
2011-06-13,11.55,11.74,11.48,11.73,1247488,14475481.000
2011-06-14,11.73,11.95,11.71,11.82,1680441,19944692.000
2011-06-15,11.88,11.88,11.63,11.64,985100,11578577.000
2011-06-16,11.56,11.59,11.30,11.34,1124060,12912074.000
2011-06-17,11.30,11.44,11.30,11.38,839872,9550662.000
2011-06-20,11.38,11.50,11.32,11.40,1025753,11696658.000
2011-06-21,11.40,11.59,11.38,11.56,904981,10412369.000
2011-06-22,11.59,11.59,11.39,11.55,1006188,11559609.000
2011-06-23,11.54,11.98,11.41,11.86,2880568,34038480.000
2011-06-24,11.71,12.15,11.71,12.02,3350448,40104328.000
2011-06-27,12.02,12.28,11.95,12.23,3144259,38233916.000
2011-06-28,12.22,12.56,12.09,12.47,3848490,47749552.000
2011-06-29,12.50,12.53,12.10,12.11,2697877,33213414.000
2011-06-30,12.11,12.44,12.11,12.35,2153590,26580590.000
2011-07-01,12.44,12.55,12.36,12.43,2025777,25262576.000
2011-07-04,12.45,12.70,12.45,12.68,2718968,34368904.000
2011-07-05,12.69,12.74,12.55,12.69,2003994,25347036.000
2011-07-06,12.80,12.83,12.33,12.45,3812913,47500712.000
2011-07-07,12.59,12.71,12.39,12.44,3556151,44436116.000
2011-07-08,12.45,12.49,12.25,12.29,2400599,29558672.000
2011-07-11,12.22,12.39,12.15,12.34,1696389,20843028.000
2011-07-12,12.30,12.35,12.10,12.15,1658224,20209522.000
2011-07-13,12.20,12.33,12.16,12.32,1465670,17981428.000
2011-07-14,12.32,12.55,12.32,12.54,3009273,37455776.000
2011-07-15,12.54,12.99,12.52,12.98,7364191,94577928.000
2011-07-18,12.98,13.12,12.85,12.85,4130611,53468536.000
2011-07-19,12.85,12.85,12.58,12.60,2514414,31942988.000
2011-07-20,12.74,12.79,12.50,12.61,2090558,26344776.000
2011-07-21,12.69,12.69,12.46,12.49,1545680,19419900.000
2011-07-22,12.51,12.64,12.45,12.56,1077683,13508130.000
2011-07-25,12.49,12.67,11.93,11.99,2550760,31399364.000
2011-07-26,12.00,12.10,11.80,12.08,1659319,19904860.000
2011-07-27,11.97,12.15,11.86,12.10,2077355,24953992.000
2011-07-28,12.00,12.09,11.85,11.92,1411186,16838216.000
2011-07-29,11.92,11.98,11.52,11.73,1652397,19442912.000
2011-08-01,11.75,11.88,11.70,11.79,633689,7473124.000
2011-08-02,11.70,11.75,11.58,11.72,1719093,20018988.000
2011-08-03,11.70,11.87,11.60,11.85,1741979,20506828.000
2011-08-04,11.89,11.93,11.79,11.88,992016,11765660.000
2011-08-05,11.50,11.72,11.32,11.54,1299225,15065391.000
2011-08-08,11.40,11.54,10.39,10.76,3043094,33248084.000
2011-08-09,10.44,10.71,10.15,10.66,3327750,34738028.000
2011-08-10,10.81,11.17,10.68,10.94,4324606,47418320.000
2011-08-11,10.69,11.25,10.59,11.21,2949914,32465832.000
2011-08-12,11.30,11.38,11.13,11.28,1846684,20817184.000
2011-08-15,11.25,11.50,11.20,11.39,2313204,26341650.000
2011-08-16,11.37,11.39,10.99,11.03,2906692,32363096.000
2011-08-17,11.08,11.15,10.89,10.96,1406521,15451562.000
2011-08-18,10.96,11.05,10.83,10.85,1283932,14032885.000
2011-08-19,10.80,10.80,10.50,10.73,920783,9860315.000
2011-08-22,10.79,10.85,10.40,10.45,2018760,21430152.000
2011-08-23,10.59,10.74,10.52,10.72,1302310,13857581.000
2011-08-24,10.75,10.93,10.69,10.70,1402773,15187875.000
2011-08-25,10.78,11.05,10.70,11.04,1798851,19661436.000
2011-08-26,11.04,11.28,10.91,11.20,2287597,25425814.000
2011-08-29,11.18,11.18,10.93,10.96,1833677,20211486.000
2011-08-30,11.12,11.13,10.82,10.84,1298000,14272027.000
2011-09-01,10.88,10.93,10.65,10.66,1234815,13288739.000
2011-09-02,10.77,10.77,10.53,10.67,1045825,11165542.000
2011-09-05,10.64,11.10,10.45,11.02,2576064,27810028.000
2011-09-06,11.08,11.08,10.70,10.93,1952633,21321112.000
2011-09-07,11.10,11.53,11.03,11.17,4294673,48095568.000
2011-09-08,11.10,11.24,11.07,11.12,2037841,22735054.000
2011-09-09,11.18,11.26,10.98,11.10,2111461,23464498.000
2011-09-13,10.99,10.99,10.55,10.67,1390344,14861929.000
2011-09-14,10.70,10.76,10.30,10.56,4058733,42336740.000
2011-09-15,10.52,10.58,10.46,10.48,1793505,18847032.000
2011-09-16,10.54,10.66,10.49,10.63,2055587,21774848.000
2011-09-19,10.55,10.55,10.31,10.32,898095,9340200.000
2011-09-20,10.34,10.63,10.22,10.57,1541517,16135484.000
2011-09-21,10.55,11.60,10.53,11.37,8041949,89905984.000
2011-09-22,11.00,11.37,10.96,10.98,3196454,35379152.000
2011-09-23,10.73,11.06,10.70,10.98,1499781,16306287.000
2011-09-26,10.96,11.14,10.76,10.80,1514972,16603103.000
2011-09-27,10.84,11.23,10.65,11.15,3768012,41612160.000
2011-09-28,11.44,11.44,11.01,11.20,8572179,96182008.000
2011-09-29,11.19,11.53,10.85,11.27,9756716,109825208.000
2011-09-30,11.39,11.46,11.21,11.27,4512487,51178536.000
2011-10-10,11.27,11.78,11.07,11.62,9133346,104973072.000
2011-10-11,11.98,12.28,11.57,11.87,12278569,144951840.000
2011-10-12,11.70,12.78,11.60,12.54,15285170,185859488.000
2011-10-13,12.51,12.94,12.20,12.46,16636253,208258608.000
2011-10-14,12.43,12.63,12.04,12.24,10378885,127162456.000
2011-10-17,12.37,12.55,11.90,12.26,11602243,141973248.000
2011-10-18,12.20,12.46,11.52,11.57,9618480,115880224.000
2011-10-19,11.63,11.70,11.33,11.51,4345933,49887364.000
2011-10-20,11.59,11.59,10.86,10.89,4006113,44519476.000
2011-10-21,10.76,10.95,10.25,10.38,3028980,32037644.000
2011-10-24,10.66,10.66,10.39,10.63,2228147,23519148.000
2011-10-25,10.54,10.98,10.41,10.90,4173907,44643448.000
2011-10-26,10.75,10.94,10.71,10.82,4139280,44835952.000
2011-10-27,10.80,11.08,10.77,10.85,3049122,33280000.000
2011-10-28,10.97,11.07,10.76,10.91,3373247,36704848.000
2011-10-31,10.91,11.06,10.90,10.95,3186312,34916396.000
2011-11-01,10.88,10.99,10.77,10.88,2610431,28372924.000
2011-11-02,10.72,11.85,10.67,11.83,12237967,140259568.000
2011-11-03,11.80,11.96,11.62,11.65,8075937,95105712.000
2011-11-04,11.64,11.89,11.62,11.69,3198585,37472484.000
2011-11-07,11.75,12.07,11.69,12.04,4255291,50757296.000
2011-11-08,12.08,12.08,11.70,11.75,2973148,35253004.000
2011-11-09,11.82,11.86,11.65,11.85,2065775,24244724.000
2011-11-10,11.71,12.20,11.68,11.98,4103187,49164348.000
2011-11-11,11.89,12.12,11.80,11.82,1865873,22369028.000
2011-11-14,11.82,12.25,11.82,12.10,2878638,34906392.000
2011-11-15,12.10,12.52,12.00,12.44,6174742,75767896.000
2011-11-17,12.08,12.50,12.03,12.50,5572485,68720672.000
2011-11-18,12.40,12.41,11.73,11.80,3542494,42666108.000
2011-11-21,11.80,11.99,11.75,11.93,1279365,15204931.000
2011-11-22,11.98,12.41,11.96,12.25,2844403,34907748.000
2011-11-23,12.30,12.42,11.90,11.95,1651562,19884688.000
2011-11-24,11.51,11.88,11.51,11.61,1494378,17388382.000
2011-11-25,11.52,11.77,11.33,11.37,1335631,15405438.000
2011-11-28,11.43,11.58,11.25,11.42,980990,11149487.000
2011-11-29,11.56,11.60,11.41,11.56,1119550,12885397.000
2011-11-30,11.51,11.66,10.98,11.12,1612211,18174168.000
2011-12-01,11.36,11.65,11.35,11.41,1593072,18338916.000
2011-12-02,11.24,11.50,11.21,11.22,649599,7334281.000
2011-12-05,11.36,11.36,10.88,10.91,834152,9228033.000
2011-12-06,10.88,11.08,10.88,11.02,667429,7357339.000
2011-12-07,11.01,11.10,10.95,11.06,628782,6943911.000
2011-12-08,11.09,11.18,10.92,11.12,697299,7713819.000
2011-12-09,11.10,11.23,11.05,11.19,534792,5946096.000
2011-12-12,11.13,11.25,11.05,11.08,971793,10815627.000
2011-12-13,11.00,11.05,10.55,10.71,1183840,12928903.000
2011-12-14,10.65,10.92,10.64,10.72,800306,8624563.000
2011-12-15,10.72,10.72,10.20,10.33,1097479,11521397.000
2011-12-16,10.25,10.95,10.25,10.93,1204046,12742274.000
2011-12-19,10.78,10.95,10.50,10.89,1310977,14093997.000
2011-12-20,10.89,11.04,10.82,10.92,1044369,11432523.000
2011-12-21,11.07,11.12,10.75,10.75,1209489,13118847.000
2011-12-22,10.58,10.85,10.53,10.77,1604562,17182360.000
2011-12-23,10.77,11.04,10.53,11.00,1202413,13096812.000
2011-12-26,10.80,11.02,10.71,10.71,723982,7872410.000
2011-12-27,10.70,10.85,10.50,10.50,861355,9124178.000
2011-12-28,10.51,10.66,10.36,10.62,985236,10356695.000
2011-12-29,10.61,10.71,10.50,10.57,1191030,12597676.000
2011-12-30,10.50,10.62,10.36,10.39,1447115,15120553.000
2012-01-04,10.45,10.55,9.56,9.60,1772781,17958116.000
2012-01-05,9.53,9.53,8.64,8.65,3715468,32513480.000
2012-01-06,8.48,8.90,8.36,8.82,1974590,17158214.000
2012-01-09,8.81,9.01,8.72,9.00,1240272,11064190.000
2012-01-10,9.00,9.32,8.95,9.27,1564664,14313545.000
2012-01-11,9.17,9.34,9.10,9.18,1269201,11714300.000
2012-01-12,9.16,9.28,9.08,9.10,873208,7990041.000
2012-01-13,9.08,9.17,8.66,8.74,822616,7320706.000
2012-01-17,8.63,9.05,8.43,9.02,1396132,12260729.000
2012-01-18,9.02,9.17,8.73,8.73,928140,8335184.000
2012-01-19,8.73,9.02,8.73,8.91,1133340,10114760.000
2012-01-20,8.95,9.07,8.95,9.00,900638,8118935.000
2012-01-30,9.02,9.12,8.94,9.07,921141,8331552.000
2012-01-31,9.08,9.12,8.95,9.11,362466,3280085.000
2012-02-01,9.18,9.18,8.85,8.89,585964,5267157.000
2012-02-02,8.89,8.99,8.78,8.94,1358810,12014593.000
2012-02-03,8.89,9.00,8.80,8.96,1750850,15642376.000
2012-02-06,8.96,9.05,8.92,9.05,1995623,17943452.000
2012-02-07,9.00,9.20,8.96,9.20,2966375,26995306.000
2012-02-08,9.20,9.30,9.06,9.29,2195665,20201300.000
2012-02-09,9.25,9.32,9.14,9.28,2794622,25848388.000
2012-02-10,9.28,9.33,9.16,9.26,2336674,21621660.000
2012-02-13,9.23,9.34,9.15,9.28,1870053,17304380.000
2012-02-14,9.28,9.28,9.15,9.24,1908129,17587184.000
2012-02-15,9.23,9.47,9.17,9.45,2766986,25862172.000
2012-02-16,9.41,9.53,9.23,9.36,1948623,18295730.000
2012-02-17,9.44,9.48,9.27,9.36,1440381,13466615.000
2012-02-20,9.52,9.53,9.34,9.36,2142497,20161156.000
2012-02-21,9.36,9.46,9.19,9.46,1641586,15351372.000
2012-02-22,9.47,9.68,9.40,9.65,3142568,30147238.000
2012-02-23,9.75,9.78,9.54,9.64,1866021,17982630.000
2012-02-24,9.65,9.72,9.59,9.68,1829868,17688516.000
2012-02-27,9.66,9.99,9.66,9.76,3205135,31694014.000
2012-02-28,9.68,9.81,9.56,9.68,1408718,13627216.000
2012-02-29,9.68,9.96,9.61,9.81,2324804,22762936.000
2012-03-01,9.80,9.88,9.75,9.85,1621102,15954181.000
2012-03-02,9.85,10.11,9.85,10.05,2738719,27444528.000
2012-03-05,10.05,10.35,10.00,10.24,2164905,21973028.000
2012-03-06,10.24,10.26,9.86,10.21,3099098,31264334.000
2012-03-07,10.11,10.63,10.00,10.46,4362891,45580416.000
2012-03-08,10.45,11.02,10.42,10.98,4966475,53989700.000
2012-03-09,11.08,11.10,10.85,11.01,2526590,27718112.000
2012-03-12,10.99,11.65,10.90,11.63,4673256,53667600.000
2012-03-13,11.63,11.93,11.40,11.69,4227566,49464860.000
2012-03-14,11.63,11.80,11.15,11.33,5390254,62083160.000
2012-03-15,11.31,11.72,11.08,11.68,4774061,54290344.000
2012-03-16,11.62,11.75,11.29,11.64,3803641,44108304.000
2012-03-19,11.68,11.93,11.53,11.65,2205206,25924466.000
2012-03-20,11.64,11.77,11.38,11.48,1958503,22584744.000
2012-03-21,11.38,11.63,11.08,11.53,2315039,26339432.000
2012-03-22,11.53,11.53,11.24,11.37,1258233,14308916.000
2012-03-23,11.36,11.44,11.10,11.16,1128325,12658894.000
2012-03-26,11.17,11.38,11.11,11.27,916144,10309320.000
2012-03-27,11.29,11.49,11.29,11.48,1061835,12136999.000
2012-03-28,11.45,11.45,11.16,11.39,1502072,16914584.000
2012-03-29,11.32,11.60,11.17,11.29,1394048,15823616.000
2012-03-30,11.20,11.38,11.14,11.23,701212,7865554.000
2012-04-05,11.22,11.32,10.79,11.30,2056214,22823412.000
2012-04-06,11.25,11.42,11.12,11.26,697134,7873351.000
2012-04-09,11.26,11.30,11.03,11.08,360494,4007565.000
2012-04-10,11.08,11.08,10.81,10.98,828677,9029614.000
2012-04-11,10.95,11.04,10.81,11.02,467116,5119584.000
2012-04-12,10.97,11.27,10.97,11.17,637045,7117978.000
2012-04-13,11.20,11.40,11.20,11.23,635910,7157041.000
2012-04-16,11.24,11.32,11.03,11.17,648991,7264644.000
2012-04-17,11.20,11.61,11.20,11.46,2224918,25489752.000
2012-04-18,11.40,12.61,11.35,12.37,6075031,74538392.000
2012-04-19,12.13,12.63,12.10,12.21,3898163,48218688.000
2012-04-20,12.20,12.34,11.90,12.20,2241425,27107448.000
2012-04-23,12.18,12.38,11.78,11.96,2199870,26696542.000
2012-04-24,11.83,12.22,11.73,12.00,1684594,20262376.000
2012-04-25,12.15,12.15,11.90,12.06,1468294,17620804.000
2012-04-26,12.06,12.25,11.86,12.23,1998929,24215702.000
2012-04-27,12.26,12.52,12.15,12.32,2168104,26780304.000
2012-05-02,12.35,12.52,12.22,12.38,1514725,18703716.000
2012-05-03,12.38,12.38,12.01,12.13,1525959,18497408.000
2012-05-04,12.11,12.49,12.11,12.20,1715392,21152126.000
2012-05-07,12.20,12.88,11.98,12.65,3694010,46443340.000
2012-05-08,12.66,12.97,12.65,12.80,2598612,33345948.000
2012-05-09,12.58,12.80,12.49,12.55,2957535,37286872.000
2012-05-10,12.53,13.08,12.53,12.79,2454838,31562214.000
2012-05-11,12.67,12.96,12.62,12.68,1392029,17750480.000
2012-05-14,12.72,12.89,12.61,12.66,1523231,19339680.000
2012-05-16,12.58,12.75,12.45,12.52,1496477,18819184.000
2012-05-17,12.52,12.64,12.38,12.58,1236175,15446621.000
2012-05-21,12.38,12.60,11.97,12.34,2099890,25924426.000
2012-05-22,12.30,12.57,12.30,12.41,1044785,13003061.000
2012-05-23,12.54,12.54,12.04,12.26,1735539,21125892.000
2012-05-24,12.20,12.29,11.88,12.11,1502150,18079932.000
2012-05-25,12.25,12.25,11.59,11.68,2384350,28121616.000
2012-05-28,11.70,12.00,11.51,11.92,917266,10799604.000
2012-05-29,11.95,12.05,11.82,11.96,1071595,12839839.000
2012-05-30,11.71,11.97,11.71,11.91,576441,6836791.000
2012-05-31,11.94,12.20,11.88,12.08,852405,10287295.000
2012-06-01,12.15,12.50,12.03,12.32,1606056,19761684.000
2012-06-04,12.14,12.30,12.01,12.16,705889,8573406.000
2012-06-05,12.09,12.20,11.90,11.97,449805,5415545.000
2012-06-06,11.95,12.10,11.88,11.97,255804,3055409.000
2012-06-07,12.08,12.30,11.97,11.98,430871,5244398.000
2012-06-08,12.19,12.20,11.84,12.06,305199,3659613.000
2012-06-11,12.03,12.45,11.90,12.19,611354,7485791.000
2012-06-12,12.26,12.47,12.13,12.41,1032793,12748764.000
2012-06-13,12.49,12.86,12.28,12.79,1775589,22464008.000
2012-06-14,12.79,12.90,12.65,12.79,1432698,18272756.000
2012-06-15,12.74,12.96,12.74,12.78,1047150,13462964.000
2012-06-18,12.76,13.02,12.76,12.97,1231341,15943612.000
2012-06-19,12.90,13.21,12.90,12.91,2083447,27270674.000
2012-06-20,12.92,13.00,12.70,12.88,1193437,15335686.000
2012-06-21,12.82,13.00,12.62,12.89,977090,12549740.000
2012-06-25,12.93,12.94,12.65,12.78,741060,9491943.000
2012-06-26,12.73,12.80,12.57,12.77,937939,11911127.000
2012-06-27,12.77,12.77,12.58,12.75,670353,8502295.000
2012-06-28,12.73,13.08,12.53,13.04,1824655,23471226.000
2012-06-29,13.06,13.40,12.90,13.38,2374547,31180764.000
2012-07-02,13.40,13.45,13.15,13.35,1959033,26144432.000
2012-07-03,13.36,13.48,13.06,13.32,1798105,23928060.000
2012-07-04,13.32,13.60,13.13,13.55,1468873,19604764.000
2012-07-05,13.47,13.59,13.28,13.41,3061362,41230064.000
2012-07-06,13.31,13.67,13.31,13.59,3934809,53037312.000
2012-07-09,13.59,13.59,13.26,13.43,2129796,28704208.000
2012-07-10,13.30,13.44,12.77,12.77,1962511,25493016.000
2012-07-11,12.72,12.84,12.61,12.80,1136239,14445882.000
2012-07-12,13.15,13.60,13.00,13.28,3379330,44927876.000
2012-07-13,12.99,13.19,12.86,13.07,851166,11062855.000
2012-07-16,13.01,13.01,12.60,12.85,1610987,20613880.000
2012-07-17,12.68,12.85,12.45,12.79,962053,12215437.000
2012-07-18,12.74,13.07,12.57,13.04,1007576,12855566.000
2012-07-19,12.99,13.17,12.78,13.07,1499686,19483540.000
2012-07-20,13.05,13.09,12.90,12.97,523921,6793695.000
2012-07-23,12.88,13.06,12.75,12.92,941600,12174342.000
2012-07-24,12.90,12.90,12.64,12.85,708474,9032218.000
2012-07-25,12.80,12.86,12.64,12.84,692561,8834537.000
2012-07-26,12.79,12.95,12.59,12.72,1103593,14069552.000
2012-07-27,12.79,12.87,12.60,12.81,1033000,13176057.000
2012-07-30,12.80,12.87,12.32,12.81,674825,8543920.000
2012-07-31,12.79,12.79,12.50,12.56,721980,9118300.000
2012-08-01,12.56,12.88,12.45,12.84,1252421,15934272.000
2012-08-02,12.84,13.04,12.79,12.90,846198,10931140.000
2012-08-03,12.92,13.18,12.81,13.07,684135,8931470.000
2012-08-06,13.08,13.68,13.07,13.64,2712544,36566476.000
2012-08-07,13.52,13.94,13.52,13.92,2699939,37407696.000
2012-08-08,13.90,14.20,13.81,14.03,3722549,52231656.000
2012-08-09,13.88,14.30,13.88,13.96,1832542,25711010.000
2012-08-10,13.96,14.15,13.76,13.81,842417,11668519.000
2012-08-13,13.90,14.08,13.70,13.94,648694,9001699.000
2012-08-14,13.90,13.98,13.70,13.96,608985,8444204.000
2012-08-15,13.91,14.18,13.81,13.99,1057900,14798294.000
2012-08-16,13.92,14.00,13.85,13.97,881628,12307976.000
2012-08-17,13.90,13.98,13.60,13.69,698898,9618659.000
2012-08-20,13.45,13.76,13.40,13.67,707980,9584640.000
2012-08-21,13.67,14.30,13.58,14.15,2821299,39606360.000
2012-08-22,14.15,14.49,14.08,14.15,1204217,17084736.000
2012-08-23,14.29,14.29,14.05,14.17,579472,8212938.000
2012-08-24,14.28,14.28,13.61,13.97,868531,12063236.000
2012-08-27,13.95,13.99,13.50,13.85,892659,12247977.000
2012-08-28,13.85,13.92,13.66,13.89,914354,12627607.000
2012-08-29,13.69,13.88,13.62,13.70,347663,4773969.000
2012-08-30,13.70,13.86,13.27,13.63,547791,7424874.000
2012-08-31,13.70,13.83,13.47,13.70,369353,5032849.000
2012-09-03,13.63,13.97,13.63,13.97,653640,9058188.000
2012-09-04,14.00,14.20,13.88,13.98,1085101,15287865.000
2012-09-05,14.00,14.07,13.80,13.91,443713,6169918.000
2012-09-06,13.92,14.05,13.78,13.88,315400,4369180.000
2012-09-07,13.88,14.44,13.82,14.39,2612094,37165816.000
2012-09-10,14.29,14.50,14.05,14.29,1093398,15514865.000
2012-09-11,14.31,14.31,14.09,14.14,783101,11107311.000
2012-09-12,14.25,14.28,14.02,14.11,379956,5366775.000
2012-09-13,14.08,14.08,13.80,13.99,848610,11819371.000
2012-09-14,13.98,14.37,13.75,13.80,697556,9744812.000
2012-09-17,13.87,13.87,13.53,13.76,570020,7822766.000
2012-09-18,13.65,13.80,13.61,13.75,377883,5184310.000
2012-09-19,13.70,13.90,13.35,13.71,836238,11344039.000
2012-09-20,13.71,13.71,13.00,13.33,853497,11373106.000
2012-09-21,13.20,13.29,12.82,13.01,687055,8963028.000
2012-09-24,12.81,13.08,12.47,13.05,1045154,13331119.000
2012-09-25,12.90,13.12,12.88,12.98,393731,5107532.000
2012-09-26,13.07,13.07,12.80,12.98,343127,4437704.000
2012-09-27,12.88,13.06,12.80,13.02,389229,5052084.000
2012-09-28,13.05,13.20,12.80,13.17,1068472,13872347.000
2012-10-08,13.15,13.15,12.78,12.93,626683,8077509.000
2012-10-09,12.98,13.09,12.85,12.98,915682,11868832.000
2012-10-10,12.98,13.09,12.91,12.98,1217450,15837247.000
2012-10-11,13.00,13.04,12.70,12.99,1123752,14486471.000
2012-10-12,12.89,13.03,12.62,12.81,829708,10574491.000
2012-10-15,12.95,12.97,12.20,12.75,1103804,13832470.000
2012-10-16,12.75,12.78,12.51,12.52,487599,6138545.000
2012-10-17,12.53,12.59,12.30,12.38,673242,8360797.000
2012-10-18,12.37,12.75,12.32,12.62,892049,11202851.000
2012-10-19,12.79,12.79,12.52,12.68,661039,8333120.000
2012-10-22,12.73,12.77,12.60,12.66,219535,2776238.000
2012-10-23,12.70,12.80,12.60,12.70,244199,3091893.000
2012-10-24,12.70,12.73,12.20,12.70,517250,6484178.000
2012-10-25,12.70,12.70,12.36,12.53,305201,3815125.000
2012-10-26,12.57,12.63,12.11,12.37,376950,4617855.000
2012-10-29,12.33,12.48,12.20,12.21,362699,4475256.000
2012-10-30,12.27,12.33,12.10,12.20,331499,4026499.000
2012-10-31,12.29,12.29,12.10,12.14,217149,2639094.000
2012-11-01,12.20,12.45,12.20,12.26,400014,4910630.000
2012-11-02,12.27,12.37,12.15,12.36,370404,4535181.000
2012-11-05,12.45,12.45,12.21,12.27,220707,2712901.000
2012-11-06,12.37,12.38,12.11,12.25,377612,4611223.000
2012-11-07,12.28,12.28,12.08,12.22,341200,4155805.000
2012-11-08,12.20,12.20,11.95,11.98,239700,2881055.000
2012-11-09,12.05,12.14,11.54,12.08,945652,11184029.000
2012-11-12,11.97,12.09,11.91,12.06,573538,6877124.000
2012-11-13,11.96,12.10,11.82,12.03,405315,4844481.000
2012-11-14,12.05,12.05,11.81,12.00,183867,2199669.000
2012-11-15,11.94,11.94,11.65,11.77,347200,4085977.000
2012-11-16,11.90,11.93,11.60,11.90,648948,7625525.000
2012-11-19,11.85,11.93,11.64,11.83,481100,5657179.000
2012-11-20,11.69,11.73,11.45,11.56,352462,4086598.000
2012-11-21,11.51,11.51,10.55,11.40,1239007,13823325.000
2012-11-22,11.24,11.34,10.96,11.10,345913,3839156.000
2012-11-23,11.10,11.33,10.99,11.28,401506,4493490.000
2012-11-26,11.20,11.25,11.01,11.14,194800,2157942.000
2012-11-27,11.10,11.24,10.85,11.00,834500,9192519.000
2012-11-28,11.03,11.05,10.62,10.85,390571,4218473.000
2012-11-29,10.73,10.90,10.65,10.84,373109,4031641.000
2012-11-30,10.71,10.87,10.61,10.83,429900,4633172.000
2012-12-03,10.83,10.97,10.58,10.69,268049,2878450.000
2012-12-04,10.50,10.75,10.38,10.68,270790,2860171.000
2012-12-05,10.55,11.15,10.55,10.89,642050,6999001.000
2012-12-06,10.90,11.10,10.83,11.03,930911,10190740.000
2012-12-07,10.95,11.27,10.90,11.25,1011362,11279955.000
2012-12-10,11.25,11.83,11.25,11.52,1267103,14496947.000
2012-12-11,11.47,11.58,11.30,11.48,584606,6686551.000
2012-12-12,11.45,11.54,11.37,11.48,1359845,15590751.000
2012-12-13,11.46,11.80,11.20,11.36,723868,8296208.000
2012-12-14,11.23,11.61,11.23,11.60,3334243,38259208.000
2012-12-17,11.55,12.13,11.33,11.41,1233690,14169922.000
2012-12-18,11.41,11.41,11.10,11.11,698782,7874225.000
2012-12-19,11.10,11.26,11.05,11.20,1121898,12523787.000
2012-12-20,11.20,11.20,10.87,11.03,982557,10817899.000
2012-12-21,10.99,11.10,10.79,11.03,1441205,15780338.000
2012-12-24,10.85,11.09,10.80,10.96,822037,8968106.000
2012-12-25,10.98,11.35,10.85,11.29,2506139,27811616.000
2012-12-26,11.32,11.62,11.16,11.28,1641450,18478226.000
2012-12-27,11.28,11.35,11.01,11.01,1708302,19006418.000
2012-12-28,11.01,11.14,11.00,11.07,1002473,11095934.000
2012-12-31,11.10,11.11,10.88,11.03,1324378,14520818.000
2013-01-04,11.08,11.16,10.89,10.96,964687,10610687.000
2013-01-07,10.91,11.06,10.90,11.00,1164352,12796412.000
2013-01-08,11.00,11.35,11.00,11.29,2741746,30715676.000
2013-01-09,11.35,11.45,11.18,11.26,1955777,22124608.000
2013-01-10,11.30,11.33,11.15,11.28,2044292,22985428.000
2013-01-11,11.27,11.38,11.16,11.21,1948724,21979548.000
2013-01-14,11.16,11.50,11.16,11.48,3421847,38915524.000
2013-01-15,11.48,11.70,11.42,11.60,3747351,43428312.000
2013-01-16,11.60,11.71,11.41,11.63,3391409,39267820.000
2013-01-17,11.66,11.87,11.61,11.65,2246016,26325148.000
2013-01-18,11.65,11.75,11.51,11.66,2030382,23527068.000
2013-01-21,11.70,11.79,11.56,11.62,1236034,14379110.000
2013-01-22,11.59,11.59,11.39,11.47,1695594,19455140.000
2013-01-23,11.40,11.57,11.31,11.53,1340155,15315532.000
2013-01-24,11.48,11.57,10.96,11.03,1982792,22356964.000
2013-01-25,11.08,11.08,10.87,10.90,989881,10849845.000
2013-01-28,10.97,11.25,10.89,11.18,2118336,23337172.000
2013-01-29,11.33,11.33,11.03,11.09,1343390,14918988.000
2013-01-30,11.09,11.09,10.77,10.87,2707860,29443214.000
2013-01-31,10.85,10.97,10.85,10.90,1447813,15763357.000
2013-02-01,10.90,11.04,10.87,10.98,1484659,16305468.000
2013-02-04,11.02,11.05,10.83,10.86,1244978,13568716.000
2013-02-05,10.83,10.98,10.74,10.82,1850668,19960080.000
2013-02-06,10.92,11.20,10.81,11.13,2949575,32381324.000
2013-02-07,11.09,11.14,10.87,11.03,2056215,22635572.000
2013-02-08,11.01,11.19,10.94,11.17,1736674,19275512.000
2013-02-18,11.17,11.32,11.11,11.26,2409244,27067034.000
2013-02-19,11.28,11.40,11.11,11.16,2007392,22468822.000
2013-02-20,11.19,11.99,11.09,11.79,5502152,63270064.000
2013-02-21,11.82,11.95,11.56,11.75,5505181,64720608.000
2013-02-22,11.67,11.68,11.35,11.39,2628630,30303352.000
2013-02-25,11.35,11.45,11.34,11.40,1941612,22089184.000
2013-02-26,11.39,11.53,11.20,11.27,2643867,30066548.000
2013-02-27,11.29,11.32,11.02,11.09,1651395,18425430.000
2013-02-28,11.15,11.25,11.02,11.20,1677938,18699464.000
2013-03-01,11.14,11.34,11.14,11.32,2054985,23117148.000
2013-03-04,11.25,11.25,10.73,10.77,2806009,30752316.000
2013-03-05,10.84,10.93,10.76,10.89,1733332,18818372.000
2013-03-06,10.98,11.18,10.88,11.10,2809096,31105862.000
2013-03-07,11.10,11.18,10.85,11.00,2522663,27823012.000
2013-03-08,11.01,11.01,10.75,10.80,2183421,23702564.000
2013-03-11,10.85,10.92,10.75,10.87,1274477,13833312.000
2013-03-12,10.90,10.94,10.58,10.70,1646243,17703416.000
2013-03-13,10.66,10.70,10.47,10.50,1077156,11346039.000
2013-03-14,10.46,10.60,10.39,10.54,1380195,14478309.000
2013-03-15,10.48,10.52,10.04,10.14,2732823,28083314.000
2013-03-18,10.31,10.70,10.15,10.59,3247996,33885176.000
2013-03-19,10.52,10.79,10.31,10.55,1831250,19172788.000
2013-03-20,10.50,10.68,10.38,10.67,2089389,22028968.000
2013-03-21,10.67,10.67,10.50,10.58,1652962,17494744.000
2013-03-22,10.80,10.88,10.62,10.69,2554671,27385802.000
2013-03-25,10.70,10.74,10.51,10.62,2108964,22304836.000
2013-03-26,10.62,10.62,10.35,10.41,1995720,20821300.000
2013-03-27,10.47,10.54,10.42,10.45,1192277,12477138.000
2013-03-28,10.37,10.50,10.07,10.14,1409497,14360444.000
2013-03-29,10.15,10.25,10.09,10.14,1239095,12577853.000
2013-04-01,10.17,10.39,10.15,10.23,921527,9430396.000
2013-04-02,10.28,10.32,10.10,10.19,1063662,10829497.000
2013-04-03,10.18,10.33,10.10,10.32,1562275,16038444.000
2013-04-08,10.25,10.60,10.25,10.52,3337843,34957176.000
2013-04-09,10.54,10.56,10.40,10.49,1562192,16325975.000
2013-04-10,10.54,10.73,10.45,10.53,1807148,19135828.000
2013-04-11,10.49,10.53,10.18,10.24,1771947,18232530.000
2013-04-12,10.22,10.28,10.15,10.23,1363569,13921367.000
2013-04-15,10.21,10.27,10.06,10.17,1573718,15944600.000
2013-04-16,10.01,10.20,10.01,10.18,1131842,11441119.000
2013-04-17,10.17,10.30,10.15,10.29,986940,10097512.000
2013-04-18,10.26,10.33,10.21,10.25,485250,4987943.000
2013-04-19,10.23,10.43,10.23,10.38,1307546,13528097.000
2013-04-22,10.36,10.47,10.35,10.41,1138011,11839142.000
2013-04-23,10.40,10.58,10.09,10.17,1218108,12413891.000
2013-04-24,10.20,10.28,10.06,10.27,1241110,12646603.000
2013-04-25,10.27,10.27,10.09,10.18,1158945,11763430.000
2013-04-26,10.26,10.26,10.05,10.14,758453,7673781.000
2013-05-02,10.15,10.17,10.02,10.14,504446,5103739.000
2013-05-03,10.10,10.28,10.08,10.27,962276,9857708.000
2013-05-06,10.27,10.34,10.21,10.31,1367493,14056135.000
2013-05-07,10.33,10.33,10.22,10.31,795195,8171584.000
2013-05-08,10.30,10.34,10.14,10.25,1538793,15757367.000
2013-05-09,10.20,10.63,10.20,10.58,5888736,61843076.000
2013-05-10,10.58,10.77,10.48,10.73,4146025,44104208.000
2013-05-13,10.70,10.83,10.55,10.77,2508410,26966352.000
2013-05-14,10.80,10.80,10.60,10.75,1817686,19415052.000
2013-05-15,10.75,10.95,10.65,10.77,1414143,15240840.000
2013-05-16,10.78,10.90,10.67,10.76,1884698,20400916.000
2013-05-17,10.69,10.88,10.67,10.86,2155349,23290592.000
2013-05-20,10.85,11.20,10.76,11.02,2315639,25613098.000
2013-05-21,11.20,11.20,10.95,11.06,2486921,27405808.000
2013-05-22,11.06,11.06,10.67,11.01,3450204,37542992.000
2013-05-23,10.95,11.15,10.83,11.06,2168523,23969806.000
2013-05-24,11.06,11.48,11.06,11.33,3266771,37007048.000
2013-05-27,11.29,11.88,11.28,11.79,4780056,55856088.000
2013-05-28,11.78,11.97,11.63,11.79,2804316,32979444.000
2013-05-29,11.73,11.90,11.63,11.68,2558453,30107160.000
2013-05-30,11.77,11.95,11.68,11.81,2602582,30693396.000
2013-05-31,11.88,12.16,11.78,12.13,4630810,55756464.000
2013-06-03,12.20,12.50,11.95,11.99,4835059,58898096.000
2013-06-04,11.98,11.99,11.51,11.66,3249823,38095772.000
2013-06-05,11.60,11.93,11.59,11.74,1228932,14413418.000
2013-06-06,11.75,11.79,11.51,11.67,1504651,17546164.000
2013-06-07,11.54,11.89,11.53,11.83,2459859,28847230.000
2013-06-13,11.78,11.79,11.01,11.77,2428273,27939926.000
2013-06-14,11.78,11.90,11.60,11.83,1614590,18953940.000
2013-06-17,11.84,12.00,11.60,11.99,1818958,21514916.000
2013-06-18,12.00,12.28,11.88,12.08,2878575,34816464.000
2013-06-19,12.00,12.09,11.80,12.00,2314920,27691732.000
2013-06-20,11.89,12.00,11.59,11.66,2118856,24942712.000
2013-06-21,11.66,11.76,11.31,11.67,2441585,28070836.000
2013-06-24,11.66,11.77,11.28,11.35,2413737,27395204.000
2013-06-25,11.32,11.60,10.70,11.48,2779460,30970364.000
2013-06-26,11.46,11.68,11.24,11.60,2121210,24449126.000
2013-06-27,11.63,11.95,11.31,11.43,1052098,12143902.000
2013-06-28,11.35,11.67,11.35,11.59,2248544,25966580.000
2013-07-01,11.72,11.72,11.46,11.71,1083866,12630036.000
2013-07-02,11.75,11.80,11.57,11.72,1509559,17627884.000
2013-07-03,11.72,11.98,11.50,11.73,1083982,12603358.000
2013-07-04,11.73,11.74,11.13,11.68,1774637,20618244.000
2013-07-05,11.68,11.75,11.41,11.57,1064000,12293328.000
2013-07-08,11.50,11.51,11.15,11.29,1653308,18736874.000
2013-07-09,11.30,11.49,11.21,11.48,1048011,11884154.000
2013-07-10,11.30,11.75,11.30,11.72,1465777,16886006.000
2013-07-11,11.69,11.95,11.64,11.88,1860165,21972740.000
2013-07-12,11.80,11.92,11.68,11.89,1379289,16279478.000
数据来源:通达信
