600966 博汇纸业 日线
      日期	    开盘	    最高	    最低	    收盘	    成交量	    成交额
2007-01-11,3.95,4.14,3.88,3.96,9735797,66233080.000
2007-01-12,3.96,4.05,3.74,3.76,9718796,64148304.000
2007-01-15,3.76,3.99,3.74,3.98,7210420,47307192.000
2007-01-16,4.00,4.03,3.90,4.01,7906031,53060392.000
2007-01-17,4.02,4.18,3.92,3.98,10937676,75157248.000
2007-01-18,3.97,4.15,3.93,4.13,9399772,64251628.000
2007-01-19,4.16,4.46,4.16,4.41,14836397,108221272.000
2007-01-22,4.52,4.63,4.41,4.53,14979486,113439232.000
2007-01-23,4.55,4.61,4.35,4.59,13358109,100271984.000
2007-01-24,4.56,4.70,4.49,4.63,8967558,69059472.000
2007-01-25,4.52,4.55,4.31,4.32,10603771,78924096.000
2007-01-26,4.24,4.38,4.11,4.32,8565893,61200800.000
2007-01-29,4.34,4.58,4.34,4.56,10213101,76759680.000
2007-01-30,4.58,4.62,4.46,4.48,8384123,63662468.000
2007-01-31,4.45,4.47,4.20,4.21,9035829,65970048.000
2007-02-01,4.18,4.38,4.13,4.31,7764886,55674504.000
2007-02-02,4.32,4.45,4.20,4.21,6869687,49943088.000
2007-02-05,4.19,4.30,4.18,4.25,4604134,32907160.000
2007-02-06,4.27,4.44,4.27,4.43,6564011,48439124.000
2007-02-07,4.46,4.49,4.38,4.44,6057707,45107824.000
2007-02-08,4.46,4.60,4.44,4.55,7921929,60366612.000
2007-02-09,4.55,4.57,4.43,4.53,7576064,57361624.000
2007-02-13,4.70,4.75,4.65,4.74,9834634,77724720.000
2007-02-14,4.76,5.03,4.76,4.96,9891752,81555512.000
2007-02-15,4.90,5.47,4.88,5.05,15937485,133830208.000
2007-02-16,5.11,5.18,4.95,5.05,16170711,136664064.000
2007-02-26,5.10,5.46,5.06,5.43,14767785,130656008.000
2007-02-27,5.46,5.49,4.86,4.86,16992626,147294944.000
2007-02-28,4.71,5.15,4.71,5.11,10988897,91242272.000
2007-03-01,5.08,5.08,4.76,4.85,10163469,83284520.000
2007-03-02,4.83,4.97,4.80,4.89,6788761,55718632.000
2007-03-05,4.90,5.01,4.71,4.88,7824824,63640000.000
2007-03-06,4.86,4.91,4.77,4.86,5025276,40813164.000
2007-03-08,5.01,5.25,4.96,5.19,12263037,103782200.000
2007-03-09,5.21,5.23,5.08,5.16,10423141,89912232.000
2007-03-12,5.19,5.20,5.04,5.19,9593602,82427480.000
2007-03-13,5.19,5.46,5.16,5.40,15597699,138903808.000
2007-03-14,5.33,5.33,5.02,5.21,10379171,90462712.000
2007-03-15,5.21,5.31,5.20,5.30,8850096,77879872.000
2007-03-16,5.30,5.33,5.08,5.12,8437739,73109616.000
2007-03-19,4.91,5.23,4.87,5.20,8761860,75060008.000
2007-03-20,5.20,5.37,5.16,5.33,10084922,89120960.000
2007-03-21,5.33,5.48,5.32,5.38,8649256,77878552.000
2007-03-22,5.43,5.45,5.33,5.34,10387747,93294656.000
2007-03-23,5.36,5.38,5.18,5.35,8624987,76160488.000
2007-03-26,5.36,5.61,5.36,5.57,11414017,105215672.000
2007-03-27,5.58,5.76,5.53,5.73,12059965,114060248.000
2007-03-28,5.71,5.80,5.37,5.61,14518467,135547296.000
2007-03-29,5.60,5.67,5.40,5.40,10526163,96652424.000
2007-03-30,5.39,5.49,5.32,5.47,5140365,46584760.000
2007-04-02,5.48,5.55,5.45,5.53,5063058,46175172.000
2007-04-03,5.57,5.64,5.53,5.60,7014327,64837592.000
2007-04-04,5.61,5.73,5.58,5.66,8948659,83840288.000
2007-04-05,5.65,5.72,5.55,5.70,7533125,70412672.000
2007-04-06,5.64,5.86,5.55,5.80,9659919,92533416.000
2007-04-09,5.84,6.06,5.84,5.95,12955782,128019888.000
2007-04-10,5.99,6.11,5.83,6.06,12013245,119242208.000
2007-04-11,6.06,6.13,5.91,6.05,11584364,115395648.000
2007-04-12,6.10,6.36,6.00,6.35,14916464,152851808.000
2007-04-13,6.36,6.43,6.11,6.20,11973394,124818192.000
2007-04-16,6.20,6.30,6.12,6.26,10296748,105803376.000
2007-04-17,6.33,6.58,6.18,6.57,16223236,170864928.000
2007-04-18,6.46,6.61,6.30,6.61,16000758,170440672.000
2007-04-19,6.75,6.75,5.93,6.11,16989497,176755536.000
2007-04-20,6.13,6.40,6.13,6.36,10754177,111846984.000
2007-04-23,6.96,6.96,6.56,6.72,14035605,154949856.000
2007-04-24,6.72,6.81,6.61,6.67,15537366,171230032.000
2007-04-25,6.68,6.68,6.34,6.61,14606481,156890592.000
2007-04-26,6.61,6.77,6.58,6.69,10106421,111255824.000
2007-04-27,6.70,6.71,6.44,6.55,8544540,92556368.000
2007-04-30,6.48,6.71,6.36,6.61,13045936,140175488.000
2007-05-08,6.75,7.09,6.70,6.97,18432374,208530208.000
2007-05-09,6.95,6.95,6.55,6.86,14862093,166093680.000
2007-05-10,6.85,7.04,6.69,6.91,12130305,137148768.000
2007-05-11,6.83,6.85,6.58,6.76,10796052,119818416.000
2007-05-14,6.60,6.83,6.54,6.75,11322004,125515112.000
2007-05-15,6.74,6.93,6.63,6.65,15041035,168476720.000
2007-05-16,6.62,6.91,6.57,6.88,11780762,130986024.000
2007-05-17,6.91,7.22,6.86,7.17,19348709,223872672.000
2007-05-18,7.10,7.27,7.06,7.10,15768543,186057024.000
2007-05-21,6.82,7.41,6.79,7.38,18463927,218869984.000
2007-05-22,7.43,8.05,7.43,7.60,22340189,283547872.000
2007-05-23,7.68,8.00,7.61,7.75,12886431,163424736.000
2007-05-24,7.77,7.80,7.31,7.55,17123668,210492112.000
2007-05-25,7.54,7.88,7.43,7.81,16870141,213122512.000
2007-05-28,7.86,8.10,7.81,8.05,20394562,266793872.000
2007-05-29,8.20,8.23,7.88,8.11,23670326,314525536.000
2007-05-30,7.35,7.91,7.28,7.28,21062319,260717968.000
2007-05-31,7.15,7.31,6.53,6.91,15981716,180518640.000
2007-06-01,6.90,7.05,6.20,6.20,15980032,172183360.000
2007-06-04,6.31,6.43,5.56,5.56,14398193,139325872.000
2007-06-05,5.43,5.93,5.03,5.91,16746510,151908464.000
2007-06-06,5.94,6.10,5.74,6.00,13685940,134618544.000
2007-06-07,6.03,6.36,5.92,6.35,14028196,143851840.000
2007-06-08,6.40,6.82,6.25,6.63,18428134,199245808.000
2007-06-11,6.77,6.90,6.68,6.71,19659381,219649776.000
2007-06-12,6.74,6.82,6.34,6.80,13733596,150985856.000
2007-06-13,6.86,7.44,6.86,7.43,20042238,237686528.000
2007-06-14,7.53,7.78,7.19,7.48,34024699,419568544.000
2007-06-15,7.43,7.48,7.16,7.33,14219726,171512704.000
2007-06-18,7.43,7.66,7.36,7.48,10814671,132447088.000
2007-06-19,7.45,7.46,7.15,7.38,8572404,103047920.000
2007-06-20,7.36,7.43,6.99,7.05,8938346,106322992.000
2007-06-21,7.04,7.21,6.73,6.88,8767922,99891936.000
2007-06-22,6.89,6.95,6.18,6.31,10157814,109491528.000
2007-06-25,6.31,6.46,5.68,5.71,9180625,92104624.000
2007-06-26,5.55,6.21,5.54,6.18,7606950,73816616.000
2007-06-27,6.15,6.35,5.99,6.29,7025471,71585400.000
2007-06-28,6.24,6.27,5.73,5.74,6446873,63689604.000
2007-06-29,5.61,5.82,5.46,5.60,5458599,50954104.000
2007-07-02,5.59,5.80,5.55,5.79,4140576,38943816.000
2007-07-03,5.83,5.93,5.74,5.92,3575925,34413412.000
2007-07-04,5.93,5.94,5.61,5.65,3129367,29721312.000
2007-07-05,5.58,5.58,5.23,5.23,4833283,43350924.000
2007-07-06,5.23,5.60,5.21,5.60,4536684,40840740.000
2007-07-09,5.61,5.79,5.55,5.72,4598055,43194408.000
2007-07-10,5.72,5.73,5.43,5.44,3813225,34879064.000
2007-07-11,5.44,5.53,5.40,5.49,2012907,18248772.000
2007-07-12,5.48,5.60,5.46,5.53,2171091,19848272.000
2007-07-13,5.55,5.56,5.41,5.48,1285851,11655067.000
2007-07-16,5.50,5.57,5.35,5.36,2034621,18415788.000
2007-07-17,5.31,5.53,5.31,5.46,2199941,19820024.000
2007-07-18,5.46,5.58,5.43,5.51,2392605,21883654.000
2007-07-19,5.50,5.63,5.49,5.56,2190015,20224752.000
2007-07-20,5.43,5.77,5.43,5.72,4242148,39798024.000
2007-07-23,5.73,6.02,5.73,5.96,6268731,61164268.000
2007-07-24,6.01,6.05,5.90,5.93,5315274,52468740.000
2007-07-25,5.93,6.26,5.92,6.25,6412615,64471448.000
2007-07-26,6.52,6.77,6.52,6.65,16267305,178397616.000
2007-07-27,6.55,6.73,6.34,6.64,5740811,62232320.000
2007-07-30,6.69,6.74,6.58,6.68,9062214,99644584.000
2007-07-31,6.69,6.71,6.44,6.65,6360955,69127592.000
2007-08-01,6.67,6.86,6.26,6.28,8049407,87223312.000
2007-08-02,6.36,6.54,6.20,6.43,5863153,61677716.000
2007-08-03,6.46,6.54,6.26,6.39,5895817,62049632.000
2007-08-06,6.45,6.60,6.40,6.60,6615625,71137752.000
2007-08-07,6.75,6.75,6.55,6.56,7886797,86290416.000
2007-08-08,6.48,6.61,6.25,6.41,5162611,54749440.000
2007-08-09,6.43,6.50,6.38,6.43,4037623,42836120.000
2007-08-10,6.43,6.46,6.11,6.22,5274448,54415864.000
2007-08-13,6.18,6.39,6.18,6.31,4689285,48739336.000
2007-08-14,6.32,6.55,6.29,6.51,5679289,60554496.000
2007-08-15,6.50,6.51,6.22,6.37,4896735,51369636.000
2007-08-16,6.34,6.54,6.27,6.48,4752185,50320284.000
2007-08-17,6.46,6.60,6.38,6.39,4838756,51736184.000
2007-08-20,6.55,6.73,6.49,6.71,9299397,101761072.000
2007-08-21,6.80,7.30,6.74,7.21,21411781,250758208.000
2007-08-22,7.25,7.95,7.25,7.95,34851848,447338848.000
2007-08-23,8.66,8.76,8.43,8.76,20063490,285020224.000
2007-08-24,9.49,9.66,9.01,9.20,45351406,685052096.000
2007-08-27,9.49,10.14,9.49,10.14,35594278,583503232.000
2007-08-28,10.18,11.04,10.12,10.51,35059566,600044544.000
2007-08-29,10.30,11.28,10.13,10.98,27114165,471782848.000
2007-08-30,10.79,11.21,10.61,10.86,14183104,250223488.000
2007-08-31,10.95,11.80,10.70,11.58,17265476,319343360.000
2007-09-03,11.65,12.24,11.32,11.48,16644161,316458304.000
2007-09-04,11.54,11.99,11.40,11.58,11282839,213775424.000
2007-09-05,11.69,11.80,10.87,11.29,14961196,271565664.000
2007-09-06,11.32,11.76,11.08,11.40,10232868,191571328.000
2007-09-07,11.30,12.56,11.18,12.29,28047605,556864768.000
2007-09-10,12.24,12.66,11.66,12.61,16805252,333102816.000
2007-09-11,12.49,12.83,11.33,11.38,13876980,275253344.000
2007-09-12,11.37,11.68,11.05,11.53,11335537,210117904.000
2007-09-13,11.43,12.30,11.12,11.93,9553474,180639936.000
2007-09-14,11.93,12.61,11.56,12.29,12540727,246370288.000
2007-09-17,12.27,12.73,11.98,12.21,9120401,182686896.000
2007-09-18,12.40,13.29,12.16,13.03,15051435,312817216.000
2007-09-19,13.01,13.23,12.47,12.56,8791050,182731216.000
2007-09-20,12.52,12.66,12.27,12.56,7326813,147896112.000
2007-09-21,12.49,12.49,11.79,11.90,7554201,146870336.000
2007-09-24,11.79,11.98,11.33,11.63,6376848,119469072.000
2007-09-25,11.63,11.95,11.16,11.53,6059660,112833080.000
2007-09-26,11.52,11.64,11.19,11.45,4129438,76535448.000
2007-09-27,11.32,11.55,11.18,11.31,4084765,75058976.000
2007-09-28,11.47,12.25,11.33,11.98,8019522,155123872.000
2007-10-08,12.23,12.27,11.41,11.47,6503809,123644080.000
2007-10-09,11.48,11.66,11.31,11.59,3945092,73408080.000
2007-10-10,11.61,12.02,11.53,11.87,7106246,135713776.000
2007-10-11,11.99,12.48,11.99,12.20,12312565,244904384.000
2007-10-12,12.43,12.86,11.24,12.30,13815550,275532000.000
2007-10-15,12.82,12.82,11.90,12.28,16637681,331047424.000
2007-10-22,11.79,11.99,11.45,11.55,3931786,74746768.000
2007-10-23,11.68,11.85,10.98,11.40,4709967,86424968.000
2007-10-24,11.36,11.40,10.48,10.61,6616620,116430200.000
2007-10-25,10.52,11.16,10.18,10.75,7679019,133312584.000
2007-10-26,10.56,10.68,9.91,10.06,4767644,79387944.000
2007-10-29,10.36,11.05,10.16,10.90,5491231,94760088.000
2007-10-30,11.05,11.16,10.59,10.72,4712083,83256432.000
2007-10-31,10.85,11.35,10.66,11.31,7094331,126995800.000
2007-11-01,11.18,11.21,10.86,10.90,3126766,55982464.000
2007-11-02,10.61,10.78,10.16,10.32,4040580,68477592.000
2007-11-05,10.34,10.65,9.95,10.45,2235907,37951200.000
2007-11-06,10.50,10.68,10.40,10.48,1759591,30133538.000
2007-11-07,10.50,10.74,10.40,10.66,2105892,36313420.000
2007-11-08,10.66,10.66,9.99,10.13,2714770,45624456.000
2007-11-09,9.90,10.30,9.68,9.72,3181560,51974936.000
2007-11-12,9.38,9.55,8.99,9.18,4219648,63721908.000
2007-11-13,9.31,9.55,9.12,9.28,2434777,37249440.000
2007-11-14,9.40,9.99,9.40,9.86,4786626,76663768.000
2007-11-15,9.85,9.90,9.55,9.59,3032557,47938568.000
2007-11-16,9.45,9.86,9.36,9.80,1989842,31493362.000
2007-11-20,9.99,10.51,9.91,10.35,5719890,95697104.000
2007-11-21,10.35,10.53,10.15,10.17,2736754,46270156.000
2007-11-22,10.05,10.10,9.55,9.61,3041590,48668736.000
2007-11-23,9.59,10.30,9.59,10.25,2734073,44273604.000
2007-11-26,10.36,10.78,10.21,10.38,5421944,93098008.000
2007-11-27,10.29,10.85,10.13,10.60,4917332,85567920.000
2007-11-28,10.60,10.77,10.39,10.63,3557469,61780756.000
2007-11-29,10.74,11.02,10.34,10.86,4316413,75227944.000
2007-11-30,10.76,10.88,10.38,10.41,2594303,44927608.000
2007-12-03,10.33,10.88,10.30,10.65,1889146,32632428.000
2007-12-04,10.63,10.94,10.55,10.80,1953005,34493256.000
2007-12-05,10.79,11.41,10.76,11.24,5084992,92533472.000
2007-12-06,11.27,11.36,11.11,11.23,1915373,34896472.000
2007-12-07,11.33,11.60,11.29,11.35,3415718,63705604.000
2007-12-10,11.16,11.73,11.06,11.66,3323806,62401024.000
2007-12-11,11.68,12.03,11.55,12.01,4358505,83802064.000
2007-12-12,12.01,12.33,11.70,11.91,4568471,89599208.000
2007-12-13,11.76,11.98,11.29,11.30,4383468,82547696.000
2007-12-14,11.15,11.81,11.07,11.80,3259758,60347824.000
2007-12-17,11.76,12.00,11.55,11.66,2879408,55357944.000
2007-12-18,11.60,12.46,11.55,12.25,7164052,142039216.000
2007-12-19,12.30,12.89,12.15,12.80,8692102,178230832.000
2007-12-20,12.91,13.13,12.54,12.75,5543069,115180048.000
2007-12-21,12.80,14.03,12.80,13.86,10743411,235145616.000
2007-12-24,14.02,14.48,13.68,13.95,8707849,198811632.000
2007-12-25,13.95,14.41,13.77,14.26,4772051,109689976.000
2007-12-26,14.26,14.52,14.06,14.36,4706531,109106112.000
2007-12-27,14.46,14.61,13.74,13.83,9921727,225011056.000
2007-12-28,13.71,14.15,13.71,13.82,4746473,107295136.000
2008-01-02,13.49,14.46,13.40,14.46,6658552,152344624.000
2008-01-03,14.49,15.49,14.49,15.21,10319843,252111328.000
2008-01-04,15.08,15.27,14.74,14.94,4308954,104802432.000
2008-01-07,14.80,15.86,14.74,15.30,5983908,147736576.000
2008-01-08,15.43,15.67,14.55,14.76,6079038,149466416.000
2008-01-09,14.75,15.04,14.58,15.03,3807144,91550576.000
2008-01-10,15.05,15.78,14.95,15.35,5318032,133306304.000
2008-01-11,15.34,15.55,14.68,14.97,3803587,92127344.000
2008-01-14,14.89,15.16,14.24,14.71,4802744,114466064.000
2008-01-15,14.75,15.30,14.60,15.18,5146638,125453608.000
2008-01-16,15.20,15.38,14.73,14.80,4443785,107837928.000
2008-01-17,14.71,14.99,13.73,14.31,6549466,152397632.000
2008-01-18,14.18,14.48,13.88,14.33,3350613,77081944.000
2008-01-21,14.35,14.64,13.99,14.19,5055629,116872672.000
2008-01-22,13.61,14.08,12.87,13.60,6834256,148131968.000
2008-01-23,13.61,14.93,13.61,14.83,7475596,173169312.000
2008-01-24,14.80,15.58,14.68,15.24,5926295,147138320.000
2008-01-25,15.18,15.78,15.17,15.19,4795069,120406288.000
2008-01-28,15.13,15.49,14.10,14.13,4170697,98996368.000
2008-01-29,14.26,14.65,14.08,14.48,2512325,58544840.000
2008-01-30,14.58,15.55,14.43,15.30,9197802,225314656.000
2008-01-31,15.15,15.53,13.75,13.80,5238777,122706768.000
2008-02-01,13.83,14.30,12.68,13.49,5434604,121174416.000
2008-02-04,14.04,14.86,13.80,14.86,4519132,106096040.000
2008-02-05,14.60,15.16,14.49,14.83,2618336,63224976.000
2008-02-13,14.79,14.80,14.20,14.50,2036587,47896928.000
2008-02-14,14.50,15.51,14.50,15.17,3287316,80872040.000
2008-02-15,15.00,15.87,14.99,15.70,7137280,179684640.000
2008-02-18,16.04,16.79,16.02,16.45,9136804,243653840.000
2008-02-20,16.82,17.01,15.85,15.89,6862042,180528272.000
2008-02-21,15.86,16.18,15.24,15.48,7091092,179228432.000
2008-02-22,15.49,15.73,14.68,14.87,6419355,156861968.000
2008-02-25,14.91,14.91,13.73,13.91,10485216,239511952.000
2008-02-26,14.36,14.49,12.68,13.74,11098041,250885792.000
2008-02-27,13.75,14.90,13.75,14.75,7120634,167342064.000
2008-02-28,15.00,15.06,13.25,14.52,6837161,162926656.000
2008-02-29,14.52,14.67,14.02,14.20,4293932,99637680.000
2008-03-03,14.21,15.04,14.08,15.01,3789051,90389024.000
2008-03-04,15.15,15.56,14.80,15.49,6705507,165801696.000
2008-03-05,15.49,15.86,15.12,15.62,5861183,147737520.000
2008-03-06,15.55,17.02,15.55,16.80,15859960,425661952.000
2008-03-07,16.62,16.65,15.80,15.81,7436662,194673024.000
2008-03-10,15.31,15.81,14.86,14.88,4002249,99269992.000
2008-03-11,14.73,15.74,14.50,15.58,3362298,81835968.000
2008-03-12,16.06,16.06,15.15,15.18,3232768,80810864.000
2008-03-13,14.80,15.16,14.11,14.39,3129505,74417728.000
2008-03-14,14.18,14.79,13.93,14.28,2513629,58295308.000
2008-03-17,14.36,14.36,12.90,12.91,3554911,77646440.000
2008-03-18,12.80,12.80,11.60,11.71,5880886,113331048.000
2008-03-20,11.98,12.90,11.61,12.90,5570612,111433592.000
2008-03-21,13.05,13.65,12.79,13.36,5446465,118671936.000
2008-03-24,13.49,14.18,13.11,13.12,3054247,67319784.000
2008-03-25,12.80,13.55,12.52,13.00,7872843,167093312.000
2008-03-26,13.20,13.60,12.93,13.22,2480539,53561652.000
2008-03-27,12.93,13.48,12.49,12.91,3260736,69123656.000
2008-03-28,12.43,13.60,12.43,13.58,3616682,77198120.000
2008-03-31,13.18,13.41,12.86,12.93,2607508,55347788.000
2008-04-01,12.80,13.11,11.61,11.77,4327910,84756952.000
2008-04-02,12.12,12.28,11.38,11.61,3437748,65964420.000
2008-04-03,11.61,12.27,11.36,12.11,2697636,52102256.000
2008-04-07,12.10,13.23,11.75,13.09,3761231,78595648.000
2008-04-08,13.09,13.61,12.93,13.54,3055632,66228108.000
2008-04-09,13.40,14.12,12.86,12.92,4324537,95705248.000
2008-04-10,12.81,13.67,12.73,13.56,3516265,75987488.000
2008-04-11,13.93,14.16,13.70,13.76,3965803,89628248.000
2008-04-14,13.36,13.92,13.05,13.31,3168964,69073888.000
2008-04-15,13.41,14.05,13.00,14.04,3001097,65792812.000
2008-04-16,13.96,14.05,13.42,13.46,3061945,67977464.000
2008-04-17,13.50,13.78,12.68,12.76,2273789,48453900.000
2008-04-18,12.71,13.05,12.27,12.34,2335514,47599748.000
2008-04-21,13.59,13.59,12.36,12.62,4232552,88857824.000
2008-04-22,12.40,12.66,11.66,12.53,2610721,51682164.000
2008-04-23,12.40,13.42,12.18,13.30,3552806,74744592.000
2008-04-24,14.49,14.65,13.85,14.65,9908642,231483360.000
2008-04-25,14.55,15.15,14.18,14.49,8726286,209163008.000
2008-04-29,14.36,15.34,14.25,14.65,6469870,96683728.000
2008-04-30,14.65,15.39,14.34,14.98,14571879,219941456.000
2008-05-05,15.12,15.24,14.54,15.13,18388250,274750048.000
2008-05-06,15.15,15.84,14.91,15.57,20037657,314249600.000
2008-05-07,15.36,15.84,14.41,14.45,14322357,217955792.000
2008-05-08,14.27,14.83,14.15,14.81,11326388,165146208.000
2008-05-09,14.95,15.01,14.16,14.52,8830378,129787784.000
2008-05-12,14.34,15.08,13.87,14.93,11498570,169552400.000
2008-05-13,14.36,15.51,14.23,15.27,14327964,218818880.000
2008-05-14,15.38,15.65,15.06,15.35,10983404,169040992.000
2008-05-15,15.36,15.63,14.76,14.80,10921671,167478368.000
2008-05-16,14.76,14.96,14.26,14.56,6887296,100797152.000
2008-05-19,14.51,15.06,14.16,14.96,6178059,91965328.000
2008-05-20,15.00,15.10,13.52,13.71,7930253,114976792.000
2008-05-21,13.55,13.96,12.60,13.71,9613844,128017896.000
2008-05-22,13.36,13.54,12.94,12.97,5670302,75978352.000
2008-05-23,12.97,13.41,12.84,13.01,4568825,60299752.000
2008-05-26,13.02,13.02,12.01,12.03,5770091,71558160.000
2008-05-27,11.96,12.39,11.87,12.34,4315470,53168828.000
2008-05-28,12.36,12.84,12.21,12.71,4568021,57951124.000
2008-05-29,12.76,12.83,12.30,12.31,4534334,57850896.000
2008-05-30,12.31,12.56,12.05,12.39,3474944,43267164.000
2008-06-02,12.40,12.52,12.26,12.39,2849753,35713328.000
2008-06-03,12.50,12.51,12.04,12.17,2339877,28886708.000
2008-06-04,12.06,12.24,11.54,11.75,4000788,47817864.000
2008-06-05,11.82,11.82,11.27,11.36,4318780,49986808.000
2008-06-06,11.42,11.59,10.91,11.11,6920460,78148304.000
2008-06-10,10.74,10.74,9.99,9.99,5815986,59975204.000
2008-06-11,9.86,9.97,9.55,9.61,4855183,47985456.000
2008-06-12,9.61,9.70,9.22,9.51,5264359,50602128.000
2008-06-13,9.56,9.84,9.30,9.35,4841691,46882176.000
2008-06-16,9.34,9.61,8.98,9.31,4754719,44974984.000
2008-06-17,9.33,9.50,8.90,8.96,4517866,41696840.000
2008-06-18,8.96,9.51,8.45,9.50,12020675,111699320.000
2008-06-19,9.34,9.34,8.54,8.54,8650968,77405016.000
2008-06-20,8.56,9.02,7.71,8.25,11782936,101792008.000
2008-06-23,8.06,8.23,7.72,7.96,6322540,51381888.000
2008-06-24,8.04,8.43,7.96,8.29,6968429,58107304.000
2008-06-25,8.38,9.03,8.26,8.96,11749555,104529472.000
2008-06-26,9.11,9.49,8.97,9.32,16127428,151931312.000
2008-06-27,8.66,9.01,8.38,8.48,10823032,95833504.000
2008-06-30,8.34,8.56,8.06,8.38,5189493,43867448.000
2008-07-01,8.52,8.52,8.22,8.27,3442924,29305484.000
2008-07-02,8.36,8.71,8.27,8.48,4811968,41515272.000
2008-07-03,8.36,9.16,8.26,9.04,11039447,99420240.000
2008-07-04,9.29,9.52,9.02,9.09,11453000,107754208.000
2008-07-07,9.21,9.94,9.11,9.86,12798194,125194176.000
2008-07-08,9.85,10.51,9.81,10.40,15137037,157130448.000
2008-07-09,10.45,10.61,10.24,10.52,14462687,152974272.000
2008-07-10,10.31,10.55,10.09,10.10,11684429,122636592.000
2008-07-11,9.98,10.14,9.77,10.07,7509672,75600000.000
2008-07-14,10.07,10.46,10.02,10.41,6906571,72236544.000
2008-07-15,10.54,10.73,10.02,10.16,9624325,101085984.000
2008-07-16,10.06,10.10,9.34,9.51,10382299,101887648.000
2008-07-17,9.76,9.94,9.33,9.48,7662350,75147392.000
2008-07-18,9.66,10.21,9.39,10.17,8101645,80315976.000
2008-07-21,10.15,10.83,9.96,10.78,13210880,140946960.000
2008-07-22,10.75,10.84,10.59,10.63,11283814,122456656.000
2008-07-23,10.71,10.83,10.38,10.56,8419215,90489840.000
2008-07-24,10.65,10.79,10.46,10.71,10180930,110107384.000
2008-07-25,10.56,10.64,10.32,10.48,7248788,76812720.000
2008-07-28,10.57,10.61,10.44,10.56,4845373,51617568.000
2008-07-29,10.38,10.45,9.97,10.03,5474024,56630472.000
2008-07-30,10.26,10.32,9.81,9.88,5398239,54811036.000
2008-07-31,9.94,9.99,9.60,9.61,4328431,42754348.000
2008-08-01,9.57,9.94,9.29,9.82,5437532,52831868.000
2008-08-04,9.70,9.98,9.50,9.70,3908471,38635504.000
2008-08-05,9.76,9.91,9.36,9.52,4069584,40149096.000
2008-08-06,9.61,9.71,8.81,9.00,6639066,62019136.000
2008-08-07,9.01,9.11,8.61,9.09,4936409,44627672.000
2008-08-08,9.09,9.09,8.21,8.24,4711923,41295616.000
2008-08-11,8.25,8.25,7.41,7.44,5209359,41013868.000
2008-08-12,7.18,7.56,6.98,7.06,8463851,62593940.000
2008-08-13,7.06,7.33,6.84,7.17,5439414,39087068.000
2008-08-14,7.24,7.31,7.00,7.20,3503209,25648342.000
2008-08-15,7.18,7.35,7.03,7.26,3181780,23410584.000
2008-08-18,7.30,7.31,6.52,6.65,4640415,32384636.000
2008-08-19,6.60,6.95,6.46,6.91,3349186,23309328.000
2008-08-20,6.81,7.62,6.68,7.62,6918717,51875928.000
2008-08-21,7.47,7.81,7.27,7.35,6786644,52000872.000
2008-08-22,7.25,7.41,6.87,7.08,4514720,32695080.000
2008-08-25,7.05,7.30,6.98,7.01,2308170,16785440.000
2008-08-26,6.89,6.97,6.61,6.79,3707244,25649326.000
2008-08-27,6.72,7.06,6.62,7.04,3640212,25531716.000
2008-08-28,7.02,7.14,6.91,6.99,2422063,17290944.000
2008-08-29,7.04,7.39,7.04,7.26,4659092,34312612.000
2008-09-01,7.20,7.31,7.04,7.05,4252936,30996400.000
2008-09-02,6.86,7.16,6.86,7.01,1910458,13660285.000
2008-09-03,7.03,7.14,6.85,7.00,2530437,17962124.000
2008-09-04,7.02,7.14,6.89,7.04,2312243,16550924.000
2008-09-05,6.86,6.86,6.36,6.40,9614359,64621288.000
2008-09-08,6.31,6.46,6.08,6.13,4297251,27196916.000
2008-09-09,6.16,6.45,6.09,6.27,3378866,21560840.000
2008-09-10,6.21,6.46,6.14,6.29,2699046,17403484.000
2008-09-11,6.26,6.32,6.11,6.15,1835934,11588882.000
2008-09-12,6.11,6.24,6.06,6.08,1826834,11502527.000
2008-09-17,5.91,6.00,5.74,5.81,6109588,36853248.000
2008-09-18,5.71,5.84,5.24,5.66,5556967,31533708.000
2008-09-19,6.23,6.24,6.05,6.24,13303090,84337112.000
2008-09-22,6.61,6.86,6.17,6.38,18951095,125807840.000
2008-09-23,6.11,6.14,5.73,5.73,8930692,53849876.000
2008-09-24,5.57,5.76,5.45,5.75,8365934,47636648.000
2008-09-25,5.79,6.06,5.74,5.99,9033281,54739496.000
2008-09-26,6.02,6.10,5.85,5.92,6860854,41830312.000
2008-10-06,5.68,5.81,5.64,5.74,5453292,31864044.000
2008-10-07,5.47,5.72,5.38,5.63,4339875,24869600.000
2008-10-08,5.38,5.62,5.26,5.37,5024759,28102616.000
2008-10-09,5.53,5.53,5.11,5.12,6138477,33406008.000
2008-10-10,4.95,4.95,4.68,4.69,8479073,42092604.000
2008-10-13,4.69,4.92,4.41,4.92,4888784,23526000.000
2008-10-14,5.08,5.14,4.54,4.56,9087498,45486616.000
2008-10-15,4.47,4.74,4.43,4.64,5670920,26691566.000
2008-10-16,4.44,4.59,4.37,4.39,4555493,20939784.000
2008-10-17,4.48,4.53,4.36,4.45,2468491,11324113.000
2008-10-20,4.44,4.75,4.43,4.74,4946332,23532900.000
2008-10-21,4.75,4.90,4.62,4.64,6597939,32316948.000
2008-10-22,4.54,4.71,4.49,4.61,3581488,16929018.000
2008-10-23,4.51,4.70,4.44,4.69,3889778,18322560.000
2008-10-24,4.60,4.75,4.51,4.68,4235167,20239300.000
2008-10-27,4.60,4.60,4.20,4.20,6488452,29171552.000
2008-10-28,4.25,4.43,4.19,4.42,6635384,29475088.000
2008-10-29,4.48,4.49,4.16,4.17,6199242,27703412.000
2008-10-30,4.18,4.32,4.18,4.22,6314770,27699856.000
2008-10-31,4.18,4.25,3.93,3.98,6453073,27095396.000
2008-11-03,3.91,3.98,3.82,3.84,4478322,18007678.000
2008-11-04,3.80,3.87,3.76,3.82,3332174,13147515.000
2008-11-05,3.90,4.11,3.85,4.01,8129878,33538302.000
2008-11-06,3.91,3.95,3.81,3.86,6673536,26759428.000
2008-11-07,3.81,3.98,3.76,3.96,6966108,28245146.000
2008-11-10,4.02,4.34,4.02,4.33,11109255,48370952.000
2008-11-11,4.25,4.51,4.22,4.30,11199883,50455912.000
2008-11-12,4.25,4.47,4.20,4.46,7812679,35273608.000
2008-11-13,4.36,4.92,4.34,4.82,17228310,83161776.000
2008-11-14,4.84,5.06,4.69,5.04,19677548,99079768.000
2008-11-17,4.99,5.44,4.85,5.38,22775181,119398728.000
2008-11-18,5.24,5.34,4.83,4.83,18068958,93371608.000
2008-11-19,4.83,5.22,4.73,5.21,16174263,82741440.000
2008-11-20,5.14,5.24,4.96,5.06,17404380,91201704.000
2008-11-21,4.83,5.11,4.68,4.93,12286195,61790640.000
2008-11-24,4.96,4.97,4.64,4.66,6703240,33240818.000
2008-11-25,4.79,4.85,4.52,4.64,5231221,25221796.000
2008-11-26,4.64,4.78,4.58,4.71,3873463,18729694.000
2008-11-27,5.11,5.11,4.73,4.76,11021615,55996776.000
2008-11-28,4.70,4.76,4.56,4.61,4411443,21136056.000
2008-12-01,4.60,4.79,4.50,4.79,5486436,26431518.000
2008-12-02,4.66,4.96,4.60,4.89,15155869,74694152.000
2008-12-03,4.91,5.18,4.91,5.17,16246241,84645032.000
2008-12-04,5.22,5.70,5.16,5.35,31034100,173309344.000
2008-12-05,5.26,5.58,5.24,5.55,16897182,94021120.000
2008-12-08,5.61,5.86,5.59,5.79,20147400,118498872.000
2008-12-09,5.79,5.81,5.42,5.49,19034317,108909320.000
2008-12-10,5.44,5.87,5.35,5.79,18945815,108915232.000
2008-12-11,5.72,5.76,5.39,5.42,14258289,81696936.000
2008-12-12,5.35,5.36,4.98,5.09,15324713,81576128.000
2008-12-15,5.14,5.24,5.00,5.20,10551296,55651656.000
2008-12-16,5.14,5.27,5.00,5.25,7510803,39531080.000
2008-12-17,5.31,5.39,5.17,5.22,9653780,52471628.000
2008-12-18,5.18,5.39,5.13,5.38,10685209,57821044.000
2008-12-19,5.41,5.82,5.40,5.59,26916664,155495168.000
2008-12-22,5.60,5.69,5.40,5.52,10647443,60116804.000
2008-12-23,5.56,5.56,5.11,5.12,10888816,59035024.000
2008-12-24,5.01,5.04,4.72,4.81,11957838,60274280.000
2008-12-25,4.85,4.88,4.76,4.82,6340921,31443624.000
2008-12-26,4.83,4.97,4.81,4.91,6937951,34943412.000
2008-12-29,4.87,4.92,4.67,4.87,5383206,26499516.000
2008-12-30,4.82,4.92,4.78,4.87,4172732,20896400.000
2008-12-31,4.89,4.92,4.81,4.82,4297808,21451592.000
2009-01-05,4.91,5.04,4.87,5.04,5571255,28434872.000
2009-01-06,5.04,5.35,4.97,5.34,8892739,47033916.000
2009-01-07,5.28,5.51,5.27,5.50,14775301,82168992.000
2009-01-08,5.36,5.40,5.14,5.21,8305694,44887072.000
2009-01-09,5.23,5.44,5.23,5.43,9514585,52484872.000
2009-01-13,5.43,5.52,5.29,5.48,13928392,77349456.000
2009-01-14,5.38,5.62,5.34,5.55,24719607,140276032.000
2009-01-15,5.49,5.60,5.41,5.45,12455368,70301592.000
2009-01-16,5.48,5.69,5.48,5.57,14781546,84997912.000
2009-01-19,5.63,5.75,5.41,5.49,10028068,57497136.000
2009-01-20,5.49,5.49,5.32,5.44,6960271,38599904.000
2009-01-21,5.34,5.48,5.32,5.40,7923966,43983064.000
2009-01-22,5.46,5.60,5.38,5.59,9849342,55401308.000
2009-01-23,5.58,5.80,5.52,5.70,19699518,114757680.000
2009-02-02,5.78,6.18,5.74,6.11,24037015,146380816.000
2009-02-03,6.06,6.61,6.01,6.37,38073712,249221504.000
2009-02-04,6.38,6.87,6.38,6.86,27658637,188951936.000
2009-02-05,6.87,6.87,6.48,6.59,22599075,153362464.000
2009-02-06,6.65,6.94,6.60,6.86,15861511,109792840.000
2009-02-09,6.98,7.01,6.66,6.88,19506723,135937216.000
2009-02-10,6.78,6.95,6.61,6.92,21303650,146411616.000
2009-02-11,6.76,7.22,6.66,7.05,24800816,177048640.000
2009-02-12,7.11,7.14,6.70,6.98,22231662,155769232.000
2009-02-13,7.00,7.58,6.96,7.47,34642890,256471392.000
2009-02-16,7.65,7.65,7.24,7.56,26201230,198663632.000
2009-02-17,7.61,7.83,7.43,7.46,29750834,231478816.000
2009-02-18,7.26,7.45,6.86,6.90,20479735,149664512.000
2009-02-19,7.01,7.11,6.85,7.06,13795136,98165328.000
2009-02-20,7.14,7.56,6.96,7.50,20990689,156436032.000
2009-02-23,7.26,7.85,7.08,7.76,33195884,253126224.000
2009-02-24,7.68,7.71,7.02,7.17,28548069,214883808.000
2009-02-25,7.23,7.34,6.90,7.10,14812835,107197128.000
2009-02-26,7.05,7.21,6.38,6.44,12271135,85569248.000
2009-02-27,6.34,6.36,5.87,6.00,15551807,96246488.000
2009-03-02,5.91,6.12,5.88,6.08,12193799,75544120.000
2009-03-03,5.96,6.21,5.87,6.14,16454995,102077472.000
2009-03-04,6.14,6.60,6.14,6.54,16962198,110987840.000
2009-03-05,6.64,6.75,6.33,6.55,18340512,122781696.000
2009-03-06,6.41,6.52,6.27,6.40,12786692,83590480.000
2009-03-09,6.44,6.55,5.98,6.03,10946687,70290424.000
2009-03-10,6.02,6.23,5.97,6.22,6075189,38031632.000
2009-03-11,6.39,6.45,6.22,6.25,10196961,66179616.000
2009-03-12,6.22,6.31,6.06,6.28,6518756,41108456.000
2009-03-16,6.18,6.34,6.08,6.32,4970423,31628042.000
2009-03-17,6.29,6.69,6.26,6.61,14133150,94370280.000
2009-03-18,6.61,7.00,6.60,6.81,19219561,132478240.000
2009-03-19,6.81,7.17,6.77,7.08,19387153,139228416.000
2009-03-20,7.14,7.18,6.83,6.96,13004222,92160288.000
2009-03-23,6.96,7.19,6.86,7.09,13177632,95241912.000
2009-03-24,7.16,7.24,7.04,7.07,11468751,82985712.000
2009-03-25,7.08,7.08,6.71,6.72,14646460,103057672.000
2009-03-26,6.72,6.96,6.61,6.95,10306178,71456632.000
2009-03-27,6.95,7.23,6.94,7.13,17153090,124092928.000
2009-03-30,7.13,7.32,7.09,7.15,12293927,90481832.000
2009-03-31,6.87,7.17,6.86,7.16,10810329,77619968.000
2009-04-01,7.18,7.35,7.14,7.32,15383675,113687384.000
2009-04-02,7.50,8.07,7.50,8.07,55323435,443614080.000
2009-04-07,8.01,8.05,7.72,7.88,30326139,241866832.000
2009-04-08,7.91,7.91,7.41,7.43,23597981,182571456.000
2009-04-09,7.37,7.66,7.31,7.60,13508590,103138800.000
2009-04-10,7.71,7.86,7.61,7.79,23585840,186018608.000
2009-04-13,7.81,7.91,7.71,7.86,23190465,184444640.000
2009-04-14,7.86,8.31,7.82,8.07,27442442,225596432.000
2009-04-15,7.96,8.02,7.76,7.96,21770578,174710016.000
2009-04-16,7.95,8.03,7.72,7.95,17357977,139577104.000
2009-04-17,7.95,8.21,7.86,7.88,21339386,173916544.000
2009-04-20,7.90,8.05,7.76,8.02,19765847,159034112.000
2009-04-21,7.89,8.02,7.67,7.84,16417869,130966064.000
2009-04-22,7.85,8.46,7.72,7.79,37933399,313023488.000
2009-04-23,7.73,7.78,7.36,7.64,20705084,159292800.000
2009-04-24,7.64,7.88,7.48,7.66,13517308,105674896.000
2009-04-27,7.56,7.70,7.21,7.22,14520453,110026480.000
2009-04-28,7.20,7.31,7.11,7.24,7493636,55184064.000
2009-04-29,7.21,7.36,7.14,7.33,15298886,113107248.000
2009-04-30,7.36,7.37,7.14,7.26,12699657,93590400.000
2009-05-04,7.32,7.62,7.27,7.60,20206393,151900240.000
2009-05-05,7.63,7.77,7.45,7.75,17107978,131208664.000
2009-05-06,7.69,7.92,7.64,7.88,14793341,116335536.000
2009-05-07,7.87,7.95,7.50,7.68,14662103,113657744.000
2009-05-08,7.64,7.68,7.46,7.55,9053216,68968296.000
2009-05-11,7.58,7.66,7.27,7.28,11950118,89324432.000
2009-05-12,7.23,7.41,7.19,7.40,6613014,48573172.000
2009-05-13,7.39,7.57,7.30,7.56,8440168,63305312.000
2009-05-14,7.49,7.94,7.45,7.76,24139977,188348432.000
2009-05-15,7.80,8.00,7.70,7.91,20811649,165000880.000
2009-05-18,7.92,8.09,7.75,7.99,20513298,164518352.000
2009-05-19,8.05,8.08,7.85,7.91,16864949,135243440.000
2009-05-20,7.91,7.92,7.68,7.74,14658566,115025616.000
2009-05-21,7.75,7.75,7.37,7.44,17197930,129900344.000
2009-05-22,7.42,7.49,7.34,7.48,7324466,54787908.000
2009-05-25,7.34,7.47,7.20,7.42,6533966,48253516.000
2009-05-26,7.40,7.52,7.33,7.34,6915648,51857216.000
2009-05-27,7.39,7.59,7.32,7.53,8850673,66502208.000
2009-06-01,7.54,7.69,7.49,7.63,9072583,69550856.000
2009-06-02,7.66,7.74,7.54,7.62,10133565,78107208.000
2009-06-03,7.60,7.72,7.57,7.71,12000604,92459824.000
2009-06-04,7.65,7.89,7.64,7.80,20219878,157995600.000
2009-06-05,7.83,8.00,7.74,7.87,22421709,178467120.000
2009-06-08,7.87,8.06,7.79,7.95,20375801,163621888.000
2009-06-09,7.99,8.10,7.66,7.83,17017349,134630464.000
2009-06-10,7.87,8.09,7.87,8.00,17047153,137094560.000
2009-06-11,8.01,8.32,7.86,8.10,24029765,196541056.000
2009-06-12,8.10,8.16,7.69,7.74,14587921,115812656.000
2009-06-15,7.65,7.79,7.59,7.78,8896115,68832448.000
2009-06-16,7.70,7.74,7.59,7.68,8922399,69006560.000
2009-06-17,7.69,7.82,7.63,7.80,7811135,61056828.000
2009-06-18,7.82,7.85,7.64,7.74,12683450,98633752.000
2009-06-19,7.74,7.79,7.64,7.70,15741495,122092272.000
2009-06-22,7.77,7.99,7.72,7.86,17675106,140338352.000
2009-06-23,7.78,7.80,7.62,7.72,9706319,75461664.000
2009-06-24,7.67,7.87,7.59,7.85,14508443,113302856.000
2009-06-25,7.84,7.92,7.74,7.85,13024608,102815296.000
2009-06-26,7.85,7.95,7.72,7.78,13750334,108385712.000
2009-06-29,7.76,7.78,7.69,7.74,8638283,67193800.000
2009-06-30,7.74,7.82,7.65,7.68,8325686,64871584.000
2009-07-01,7.64,7.82,7.61,7.72,7607667,59092600.000
2009-07-02,7.74,7.81,7.68,7.74,12378374,96392528.000
2009-07-03,7.70,7.72,7.58,7.64,18700825,143953392.000
2009-07-06,7.66,7.97,7.66,7.92,29988324,236778208.000
2009-07-07,7.96,8.72,7.92,8.47,52878174,443719776.000
2009-07-08,8.42,8.42,8.14,8.36,25903519,215828192.000
2009-07-09,8.37,8.47,8.24,8.42,16656830,140159680.000
2009-07-10,8.42,8.55,8.34,8.39,14294753,121495480.000
2009-07-13,8.36,8.43,8.15,8.32,14077151,117803000.000
2009-07-14,8.32,8.68,8.32,8.63,25661581,220682688.000
2009-07-15,8.66,8.89,8.55,8.57,20755949,181695984.000
2009-07-16,8.57,8.70,8.34,8.54,17829895,152358992.000
2009-07-17,8.48,8.59,8.39,8.49,11006440,93889264.000
2009-07-20,8.54,9.15,8.49,9.10,34657636,311018624.000
2009-07-21,9.07,9.07,8.64,8.66,20086222,179051584.000
2009-07-22,8.67,9.18,8.67,8.99,20700432,187042016.000
2009-07-23,9.03,9.51,8.90,8.94,23441683,215797760.000
2009-07-24,8.99,9.16,8.84,9.16,26722800,243098016.000
2009-07-27,9.21,9.39,9.10,9.22,16567851,153977984.000
2009-07-28,9.33,9.66,9.09,9.60,25991194,245708992.000
2009-07-29,9.44,9.64,8.63,8.82,22113107,204361552.000
2009-07-30,8.91,9.23,8.84,9.22,16125716,146908896.000
2009-07-31,9.24,9.90,9.23,9.71,25354452,245106480.000
2009-08-03,9.90,10.69,9.90,10.69,36495525,384753216.000
2009-08-04,10.96,11.77,10.96,11.34,50459575,577161088.000
2009-08-05,11.09,11.41,10.85,11.19,20183886,225889232.000
2009-08-06,11.12,11.12,10.57,10.77,15053701,163696688.000
2009-08-07,10.64,10.88,10.44,10.48,10145947,108551936.000
2009-08-10,10.72,10.97,10.34,10.78,13989341,150509376.000
2009-08-11,10.62,10.86,10.38,10.68,8723430,93311136.000
2009-08-12,10.60,10.78,9.74,9.79,12145634,123463928.000
2009-08-13,9.74,9.84,9.41,9.42,15441370,148192256.000
2009-08-14,9.46,9.59,8.91,8.95,14818680,137864960.000
2009-08-17,8.80,9.14,8.64,8.77,14147204,127067504.000
2009-08-18,8.77,9.10,8.74,9.04,10661788,96007288.000
2009-08-19,9.05,9.19,8.44,8.75,11906639,105548256.000
2009-08-20,8.77,9.16,8.69,9.12,10794147,97491200.000
2009-08-21,9.12,9.39,8.98,9.26,15703946,145934400.000
2009-08-24,9.14,9.48,9.07,9.40,12274277,114849648.000
2009-08-25,9.39,9.39,8.57,8.82,14661257,130384888.000
2009-08-26,8.79,9.30,8.62,9.14,11896253,108001144.000
2009-08-27,9.09,9.79,8.99,9.60,24442185,233806736.000
2009-08-28,9.57,9.74,9.04,9.32,15406943,145126848.000
2009-08-31,9.17,9.17,8.45,8.58,9347040,82532600.000
2009-09-01,8.57,8.74,8.19,8.29,6994864,59558864.000
2009-09-02,8.27,8.48,7.96,8.20,7739451,64069064.000
2009-09-03,8.22,8.73,8.13,8.64,9673754,83177104.000
2009-09-04,8.60,8.99,8.51,8.94,11769488,103523888.000
2009-09-07,8.94,9.00,8.59,8.79,14588190,129954736.000
2009-09-08,8.64,9.02,8.56,9.01,13511671,119223792.000
2009-09-09,8.94,9.22,8.88,9.16,16831019,153271632.000
2009-09-10,9.10,9.14,8.82,8.92,9612380,86727424.000
2009-09-11,8.84,9.09,8.75,9.05,8953601,80911392.000
2009-09-14,9.04,9.62,8.99,9.48,20380213,192170992.000
2009-09-15,9.48,9.64,9.27,9.53,13794337,131123624.000
2009-09-16,9.53,9.79,9.32,9.56,11771109,113625448.000
2009-09-17,9.59,10.26,9.56,9.96,18568850,185434416.000
2009-09-18,9.97,10.29,9.84,10.02,25527147,258815168.000
2009-09-21,10.14,10.27,9.44,9.88,20940632,206603824.000
2009-09-22,9.94,10.21,9.74,9.93,24063732,240873104.000
2009-09-23,9.47,9.49,8.93,8.95,19774770,182912224.000
2009-09-24,8.84,9.09,8.59,8.93,7121495,63376440.000
2009-09-25,8.78,8.89,8.62,8.74,5496010,48276492.000
2009-09-28,8.69,8.91,8.36,8.39,4592202,40015412.000
2009-09-29,8.34,8.49,8.02,8.14,4145327,34179076.000
2009-09-30,8.23,8.41,8.16,8.24,3859488,32171796.000
2009-10-09,8.42,8.96,8.37,8.90,7184862,62858236.000
2009-10-12,8.93,8.99,8.71,8.74,4650523,41186528.000
2009-10-13,8.70,8.90,8.70,8.89,3369240,29972200.000
2009-10-14,8.92,9.15,8.84,9.09,8564425,78106488.000
2009-10-15,9.14,9.23,8.91,8.96,5568414,50612240.000
2009-10-16,9.09,9.21,8.82,9.07,12743651,116187200.000
2009-10-19,9.11,9.43,9.11,9.41,15347473,143223728.000
2009-10-20,9.58,9.59,9.40,9.47,14895795,141938096.000
2009-10-21,9.46,9.79,9.34,9.66,16650585,160188736.000
2009-10-22,9.57,9.63,9.42,9.54,10683643,102319864.000
2009-10-23,9.58,9.68,9.53,9.59,11645213,112550600.000
2009-10-26,9.59,9.78,9.46,9.50,10352812,99984096.000
2009-10-27,9.45,9.45,9.08,9.09,8825661,82110160.000
2009-10-28,9.08,9.19,8.90,9.14,7274801,66156512.000
2009-10-29,8.94,9.04,8.87,8.90,5771572,51982640.000
2009-10-30,9.04,9.16,8.97,8.99,5153500,47057624.000
2009-11-02,8.83,9.22,8.74,9.22,6853970,62282736.000
2009-11-03,9.26,9.58,9.20,9.56,10800644,102738952.000
2009-11-04,9.56,9.71,9.41,9.58,9216527,88653096.000
2009-11-05,9.60,9.96,9.50,9.84,19066398,187229216.000
2009-11-06,9.85,9.99,9.67,9.74,11683131,115492784.000
2009-11-09,9.66,9.80,9.55,9.67,8564327,83438560.000
2009-11-10,9.73,9.81,9.63,9.64,9233678,90349896.000
2009-11-11,9.62,9.91,9.44,9.84,12618014,122200384.000
2009-11-12,9.81,10.22,9.78,10.11,19592422,198094464.000
2009-11-13,10.07,10.24,9.94,10.16,16632655,168887040.000
2009-11-16,10.27,10.69,10.26,10.56,18485882,195188944.000
2009-11-17,10.74,10.82,10.40,10.69,15209227,160935168.000
2009-11-18,10.59,10.69,10.43,10.54,9873417,104341688.000
2009-11-19,10.50,10.62,10.30,10.56,14992829,158045408.000
2009-11-20,10.54,10.72,10.34,10.48,14232573,150414672.000
2009-11-23,10.47,10.68,10.41,10.68,11103242,118012136.000
2009-11-24,10.70,10.80,10.10,10.11,15673145,164933168.000
2009-11-25,10.11,10.48,9.97,10.31,10650909,109485688.000
2009-11-26,10.35,10.42,9.64,9.67,13862751,139576592.000
2009-11-27,9.59,9.79,9.39,9.53,8071982,77768592.000
2009-11-30,9.67,10.04,9.59,9.99,8499129,84096792.000
2009-12-01,9.94,10.79,9.90,10.53,18556570,194985808.000
2009-12-02,10.72,11.02,10.52,10.59,21134583,227913328.000
2009-12-03,10.52,10.76,10.36,10.72,12233276,130462472.000
2009-12-04,10.73,10.80,10.14,10.38,13653115,144242944.000
2009-12-07,10.40,10.81,10.38,10.76,12287667,131821032.000
2009-12-08,10.90,11.11,10.81,10.91,26754242,294187776.000
2009-12-09,10.74,10.82,10.51,10.58,10895242,116618288.000
2009-12-10,10.64,10.72,10.50,10.63,7345428,78370408.000
2009-12-11,10.62,10.70,10.43,10.47,7655432,81339632.000
2009-12-14,10.47,10.54,10.10,10.38,6549832,67815416.000
2009-12-15,10.38,10.54,10.18,10.37,5155579,54064612.000
2009-12-16,10.43,10.44,10.14,10.23,7373944,76122248.000
2009-12-17,10.23,10.29,9.93,9.96,7375779,74479008.000
2009-12-18,9.94,10.18,9.84,9.93,7679343,77201328.000
2009-12-21,9.93,10.03,9.81,10.01,4174190,41790836.000
2009-12-22,10.03,10.04,9.74,9.75,4397680,43658452.000
2009-12-23,9.77,9.91,9.75,9.87,3502027,34636156.000
2009-12-24,9.92,10.16,9.79,10.14,9312499,93415032.000
2009-12-25,10.10,10.13,9.97,10.02,5037743,50877840.000
2009-12-28,9.96,10.28,9.95,10.19,7592996,77565584.000
2009-12-29,10.19,10.22,10.04,10.17,6059744,61752688.000
2009-12-31,10.19,10.26,10.09,10.16,9844909,100780984.000
2010-01-04,10.23,10.39,10.15,10.20,8729131,90147632.000
2010-01-05,10.22,10.36,10.02,10.35,7503832,76898624.000
2010-01-06,10.34,10.54,10.26,10.28,11708674,122825848.000
2010-01-07,10.26,10.32,9.92,9.97,8356575,84880576.000
2010-01-08,9.94,9.99,9.79,9.95,9220617,91823816.000
2010-01-11,10.06,10.08,9.85,9.89,8768205,87624872.000
2010-01-12,9.94,10.30,9.87,10.29,10542516,107489128.000
2010-01-13,10.09,10.33,10.02,10.10,8718708,88957032.000
2010-01-14,10.11,10.49,10.06,10.43,12845826,133785008.000
2010-01-15,10.50,10.69,10.43,10.52,16627868,176624640.000
2010-01-18,10.54,10.69,10.42,10.63,11393645,121126760.000
2010-01-19,10.57,10.88,10.40,10.79,15408854,164909872.000
2010-01-20,10.69,10.86,10.32,10.44,15534669,165062128.000
2010-01-21,10.44,10.76,10.42,10.71,14718852,156970224.000
2010-01-22,10.52,10.54,10.10,10.21,12554674,130272064.000
2010-01-25,10.01,10.19,9.83,9.88,7160379,71967320.000
2010-01-26,9.94,9.94,9.30,9.35,8655962,83406328.000
2010-01-27,9.36,9.48,9.16,9.25,4495901,42220752.000
2010-01-28,9.20,9.37,9.07,9.23,7728490,71568904.000
2010-01-29,9.19,9.36,9.10,9.22,5417258,50476120.000
2010-02-01,9.22,9.28,8.85,9.08,4817636,43823480.000
2010-02-02,9.12,9.27,9.04,9.06,4031152,37238892.000
2010-02-03,9.07,9.27,8.84,9.25,4274618,39234580.000
2010-02-04,9.22,9.39,9.15,9.32,4923891,46028020.000
2010-02-05,9.14,9.24,8.92,9.04,4500102,41097640.000
2010-02-08,9.03,9.08,8.89,8.93,3637642,32781240.000
2010-02-09,8.84,8.99,8.84,8.94,3727449,33449736.000
2010-02-10,9.03,9.16,8.95,9.13,6038487,54981488.000
2010-02-11,9.11,9.30,9.09,9.27,7200303,66927096.000
2010-02-12,9.27,9.32,9.20,9.31,4520995,42265200.000
2010-02-22,9.27,9.38,9.19,9.22,2889030,26983116.000
2010-02-23,9.25,9.42,8.98,9.40,7462313,69301824.000
2010-02-24,9.30,9.47,9.24,9.46,6227036,58660076.000
2010-02-25,9.49,9.56,9.43,9.51,6384669,60948232.000
2010-02-26,9.52,9.78,9.50,9.63,9209619,89831832.000
2010-03-01,9.70,9.83,9.69,9.71,6690568,65677176.000
2010-03-02,9.73,9.76,9.54,9.67,5741247,55540572.000
2010-03-03,9.63,9.86,9.57,9.83,6425943,63024160.000
2010-03-04,9.83,9.88,9.36,9.51,6990234,67895704.000
2010-03-05,9.52,9.82,9.44,9.67,4581813,44325292.000
2010-03-08,9.74,9.98,9.64,9.69,9895062,97323272.000
2010-03-09,9.69,9.71,9.48,9.63,4796029,46439912.000
2010-03-10,9.71,9.83,9.58,9.62,5796506,56631768.000
2010-03-11,9.66,9.82,9.58,9.80,8787624,86202760.000
2010-03-12,9.83,9.88,9.59,9.61,6357090,62154316.000
2010-03-15,9.45,9.61,9.19,9.24,7454537,70164272.000
2010-03-16,9.20,9.30,9.16,9.29,3648239,33911408.000
2010-03-17,9.29,9.54,9.28,9.53,8205543,77642688.000
2010-03-18,9.56,9.59,9.42,9.47,5022363,47933832.000
2010-03-19,9.50,9.67,9.44,9.63,6156559,59117848.000
2010-03-22,9.72,9.88,9.72,9.84,11546588,113792464.000
2010-03-23,9.84,9.91,9.63,9.74,6650089,65364512.000
2010-03-24,9.76,9.85,9.68,9.70,5140803,50494896.000
2010-03-25,9.70,9.70,9.54,9.54,4514577,43603372.000
2010-03-26,9.61,10.04,9.60,10.03,15705073,156175440.000
2010-03-29,10.03,10.11,9.90,10.03,9663887,97191952.000
2010-03-30,10.04,10.12,9.93,9.95,10111866,101994048.000
2010-03-31,9.94,10.00,9.85,9.89,5997812,59937796.000
2010-04-01,9.88,10.11,9.87,10.09,8126709,82080704.000
2010-04-02,10.11,10.29,10.00,10.22,11111104,113562248.000
2010-04-06,10.24,10.26,10.01,10.09,9192115,93479920.000
2010-04-07,10.09,10.18,9.99,10.02,7641574,77387416.000
2010-04-08,10.02,10.36,10.02,10.33,19452652,200612608.000
2010-04-09,10.35,10.51,10.24,10.43,14962035,156437760.000
2010-04-12,10.49,10.89,10.46,10.81,26404266,285159168.000
2010-04-13,10.88,10.89,10.29,10.54,22959741,244558352.000
2010-04-14,10.51,10.68,10.46,10.57,10275954,109393704.000
2010-04-15,10.62,10.65,10.31,10.35,11772250,123264896.000
2010-04-16,10.39,10.68,10.14,10.50,11004815,115303184.000
2010-04-19,10.34,10.43,10.00,10.05,10617669,109634160.000
2010-04-20,10.03,10.15,9.92,10.14,6493670,65750472.000
2010-04-21,10.11,10.54,10.01,10.45,10466186,108605704.000
2010-04-22,10.41,10.57,10.22,10.35,9050079,94578136.000
2010-04-23,10.36,10.63,10.27,10.41,10962690,115351016.000
2010-04-26,10.45,10.53,10.30,10.45,7280603,76312192.000
2010-04-27,10.48,10.48,9.40,9.58,16884944,166341552.000
2010-04-28,9.46,9.63,9.34,9.40,5801629,55187536.000
2010-04-29,9.47,9.67,9.34,9.37,8382897,80571288.000
2010-04-30,9.39,9.44,8.84,9.12,7013801,64043456.000
2010-05-04,8.95,9.14,8.90,9.03,4061871,36943548.000
2010-05-05,8.99,9.20,8.88,9.19,8591580,78361280.000
2010-05-06,9.14,9.14,8.51,8.51,9791553,87154072.000
2010-05-07,8.29,8.34,8.03,8.06,12192530,100581792.000
2010-05-10,8.13,8.23,7.96,8.21,5553432,45471960.000
2010-05-11,8.41,8.44,7.88,7.90,9187833,75061560.000
2010-05-12,7.90,8.10,7.88,8.08,6132902,49424632.000
2010-05-13,8.05,8.29,7.99,8.26,6838396,56280440.000
2010-05-14,8.16,8.29,8.02,8.13,6776912,55779692.000
2010-05-17,8.09,8.09,7.31,7.36,7548618,58787560.000
2010-05-18,7.23,7.49,6.90,7.45,10021084,73116872.000
2010-05-19,7.32,7.51,7.21,7.38,6782588,50322016.000
2010-05-20,7.24,7.47,7.19,7.26,10096013,74779920.000
2010-05-21,7.07,7.46,7.00,7.43,9178530,67055032.000
2010-05-24,7.44,7.75,7.44,7.73,11887994,91513872.000
2010-05-25,7.63,7.67,7.42,7.51,10587041,80566712.000
2010-05-26,7.53,7.63,7.46,7.56,5638816,42879444.000
2010-05-27,7.54,7.73,7.40,7.70,7652513,58577424.000
2010-05-28,8.03,8.43,7.96,8.06,28494938,233677504.000
2010-06-01,7.71,7.74,7.47,7.67,11737454,89905776.000
2010-06-02,7.56,7.74,7.45,7.73,6670949,51075916.000
2010-06-03,7.76,7.82,7.54,7.58,9663912,75032304.000
2010-06-04,7.52,7.58,7.35,7.54,4388515,33157600.000
2010-06-07,7.33,7.44,7.16,7.32,5379805,39750976.000
2010-06-08,7.28,7.41,7.27,7.36,5070532,37536068.000
2010-06-09,7.40,7.70,7.39,7.65,9477106,72380080.000
2010-06-10,7.56,7.69,7.56,7.59,5407782,41563764.000
2010-06-11,7.68,7.70,7.58,7.62,4857345,37357632.000
2010-06-17,7.68,7.74,7.59,7.61,3954766,30447468.000
2010-06-18,7.61,7.64,7.22,7.31,5371303,40241728.000
2010-06-21,7.44,7.87,7.37,7.79,12974436,100094080.000
2010-06-22,7.69,7.92,7.69,7.85,11618361,91800440.000
2010-06-23,7.77,7.95,7.69,7.84,8493270,66993228.000
2010-06-24,7.79,7.88,7.72,7.80,4577568,35934120.000
2010-06-25,7.76,7.76,7.50,7.61,5359823,41197788.000
2010-06-28,7.59,7.61,7.34,7.44,5862904,44029572.000
2010-06-29,7.41,7.44,7.05,7.05,6382512,46433184.000
2010-06-30,7.00,7.02,6.89,6.96,3871899,27151320.000
2010-07-01,6.96,7.04,6.82,6.87,4738064,32975848.000
2010-07-02,6.87,6.90,6.65,6.90,4125418,28266368.000
2010-07-05,6.81,6.89,6.70,6.84,3855392,26343700.000
2010-07-06,6.84,7.06,6.79,7.02,6782014,47755036.000
2010-07-07,7.02,7.05,6.93,7.04,3998620,28170956.000
2010-07-08,7.06,7.09,6.94,6.99,4015207,28380772.000
2010-07-09,7.00,7.22,6.93,7.18,6426433,46122800.000
2010-07-12,7.18,7.38,7.14,7.32,7909482,58013548.000
2010-07-13,7.26,7.26,7.06,7.19,5935675,42780020.000
2010-07-14,7.19,7.42,7.17,7.29,6578627,48293012.000
2010-07-15,7.27,7.31,7.08,7.11,4075831,29502532.000
2010-07-16,7.06,7.16,7.00,7.14,3520016,25086288.000
2010-07-19,7.04,7.32,7.01,7.31,5557403,40446652.000
2010-07-20,7.30,7.54,7.28,7.48,9125865,68305360.000
2010-07-21,7.50,7.69,7.48,7.50,13693384,104498848.000
2010-07-22,7.48,7.62,7.44,7.60,6683798,50868728.000
2010-07-23,7.60,7.64,7.42,7.56,8602166,65140440.000
2010-07-26,7.59,7.68,7.53,7.67,8897109,68186256.000
2010-07-27,7.64,7.70,7.58,7.60,6572190,50550016.000
2010-07-28,7.59,7.85,7.54,7.82,10755226,83678120.000
2010-07-29,7.82,7.89,7.76,7.85,9333128,73652384.000
2010-07-30,7.92,8.05,7.80,7.92,13207879,105615704.000
2010-08-02,7.97,8.01,7.84,7.99,8856866,70837600.000
2010-08-03,7.98,8.01,7.72,7.75,9789510,77639952.000
2010-08-04,7.77,7.81,7.58,7.79,8886230,68945808.000
2010-08-05,7.77,7.97,7.74,7.86,11213079,88788264.000
2010-08-06,7.83,8.04,7.69,8.04,10948169,87386296.000
2010-08-09,8.12,8.26,8.06,8.14,16441238,135063216.000
2010-08-10,8.17,8.23,7.79,7.81,12395261,100350016.000
2010-08-11,7.80,7.92,7.76,7.88,7012047,55412756.000
2010-08-12,7.81,7.91,7.69,7.72,7690184,60408328.000
2010-08-13,7.76,7.86,7.69,7.86,5495333,43085780.000
2010-08-16,7.87,8.12,7.83,8.06,8507189,68600064.000
2010-08-17,8.07,8.14,7.99,8.09,7262679,59099520.000
2010-08-18,8.09,8.12,7.97,8.02,6337623,51351360.000
2010-08-19,8.04,8.17,7.97,8.14,10799272,87967824.000
2010-08-20,8.09,8.12,7.89,7.92,7801990,62791568.000
2010-08-23,7.94,8.02,7.82,7.87,7589871,60641956.000
2010-08-24,7.85,8.08,7.82,8.01,8862889,71230000.000
2010-08-25,7.97,8.01,7.78,7.80,7625997,60534592.000
2010-08-26,7.81,7.84,7.69,7.74,5522700,43193328.000
2010-08-27,7.72,7.76,7.64,7.76,3933409,30519318.000
2010-08-30,7.79,7.94,7.74,7.90,6192961,49061884.000
2010-08-31,7.94,7.98,7.83,7.88,6383951,50737996.000
2010-09-01,7.89,8.14,7.80,8.09,18086459,145721360.000
2010-09-02,8.12,8.18,8.00,8.16,13919250,113441840.000
2010-09-03,8.14,8.22,8.00,8.18,11425562,93416808.000
2010-09-06,8.18,8.22,8.10,8.19,9682561,79557216.000
2010-09-07,8.23,8.73,8.23,8.49,29588099,253810704.000
2010-09-08,8.44,8.82,8.37,8.77,22616532,198119024.000
2010-09-09,8.76,8.87,8.57,8.86,24053791,212173456.000
2010-09-10,8.80,9.12,8.74,8.98,21691598,195985312.000
2010-09-13,9.04,9.49,9.04,9.37,21918866,205103888.000
2010-09-14,9.38,9.44,9.15,9.34,14085941,131106192.000
2010-09-15,9.36,9.61,9.05,9.15,15359129,144559552.000
2010-09-16,9.12,9.25,8.75,9.07,13857988,125186832.000
2010-09-17,9.05,9.19,8.89,9.14,9642619,88257608.000
2010-09-20,9.12,9.20,8.72,8.76,8226650,73704928.000
2010-09-21,8.80,8.89,8.64,8.76,5118964,45225712.000
2010-09-27,8.94,9.24,8.91,9.09,10203995,93682016.000
2010-09-28,9.02,9.22,8.73,8.83,9769793,88057000.000
2010-09-29,8.84,8.96,8.70,8.84,6870548,60972456.000
2010-09-30,8.84,8.93,8.77,8.92,6539074,58364788.000
2010-10-08,9.00,9.36,8.99,9.24,13381928,124041048.000
2010-10-11,9.27,9.71,9.17,9.50,20911968,199695296.000
2010-10-12,9.44,9.69,9.24,9.58,12038206,116114440.000
2010-10-13,9.58,9.67,9.29,9.40,10978306,103992632.000
2010-10-14,9.47,9.52,8.84,8.90,15804736,145098208.000
2010-10-15,8.84,9.52,8.80,9.33,17975614,165956192.000
2010-10-18,9.29,9.44,8.82,9.03,15465895,142531312.000
2010-10-19,9.06,9.27,9.00,9.26,9129407,83871144.000
2010-10-20,9.12,9.78,8.98,9.76,22913136,218457776.000
2010-10-21,9.73,9.76,9.42,9.58,13585495,131150408.000
2010-10-22,9.54,9.64,9.34,9.61,10586870,100708264.000
2010-10-25,9.75,9.89,9.64,9.77,17136191,168723312.000
2010-10-26,9.93,10.03,9.60,9.73,12793014,125873984.000
2010-10-27,9.74,9.75,9.44,9.45,11002583,106040216.000
2010-10-28,9.50,9.62,9.38,9.51,9719188,93074752.000
2010-10-29,9.51,9.60,9.44,9.59,11925104,114372176.000
2010-11-01,9.54,9.57,9.24,9.46,28972910,273518976.000
2010-11-02,9.44,9.46,9.06,9.18,30058997,279481664.000
2010-11-03,9.09,9.27,9.06,9.21,14074581,130013416.000
2010-11-04,9.20,9.26,9.14,9.25,12977418,120230984.000
2010-11-05,9.32,9.51,9.18,9.47,29100913,274987552.000
2010-11-08,9.48,9.62,9.31,9.61,27993924,265981152.000
2010-11-09,9.60,9.60,9.34,9.42,17205308,163526080.000
2010-11-10,9.48,9.60,9.38,9.57,19032944,182214256.000
2010-11-11,9.53,9.93,9.49,9.54,31370496,308141024.000
2010-11-12,9.53,9.64,8.82,8.91,23949069,221958432.000
2010-11-15,8.97,9.11,8.83,9.04,9262525,83538608.000
2010-11-16,9.05,9.20,8.70,8.73,12891551,116207928.000
2010-11-17,8.61,8.73,8.23,8.32,8162551,69792480.000
2010-11-18,8.36,8.45,8.31,8.40,4809403,40584360.000
2010-11-19,8.45,8.51,8.24,8.49,6774316,57125172.000
2010-11-22,8.41,8.56,8.36,8.47,7401843,62971416.000
2010-11-23,8.41,8.42,8.05,8.19,7602681,62763888.000
2010-11-24,8.09,8.31,8.08,8.30,6911917,57325896.000
2010-11-25,8.30,8.49,8.29,8.47,6636444,56129560.000
2010-11-26,8.44,8.47,8.24,8.32,5897439,49623000.000
2010-11-29,8.35,8.37,8.23,8.37,4671914,39094924.000
2010-11-30,8.35,8.39,7.94,8.05,8551117,69955952.000
2010-12-01,8.09,8.10,8.00,8.08,4988990,40429112.000
2010-12-02,8.18,8.35,8.18,8.29,8093799,67567352.000
2010-12-03,8.29,8.43,8.20,8.24,6255574,52063156.000
2010-12-06,8.23,8.28,8.04,8.10,5171815,42379152.000
2010-12-07,8.11,8.15,7.94,8.14,5975263,48561452.000
2010-12-08,8.14,8.17,8.03,8.06,5113034,41724152.000
2010-12-09,8.04,8.10,7.84,7.85,6612626,53054248.000
2010-12-10,7.84,7.98,7.82,7.96,3024535,24113376.000
2010-12-13,7.98,8.14,7.94,8.13,5910765,48033992.000
2010-12-14,8.15,8.21,8.10,8.18,6139401,50413424.000
2010-12-15,8.21,8.31,8.14,8.23,8189214,67843328.000
2010-12-16,8.23,8.25,8.15,8.22,4192827,34600820.000
2010-12-17,8.22,8.72,8.19,8.56,12667128,106895480.000
2010-12-20,8.50,8.53,8.12,8.42,19400168,163367232.000
2010-12-21,8.43,8.43,8.19,8.30,18288515,152430720.000
2010-12-22,8.28,8.41,8.15,8.18,11117720,92410184.000
2010-12-23,8.13,8.13,7.94,7.95,12437654,100580048.000
2010-12-24,7.96,7.99,7.84,7.87,6510679,51843376.000
2010-12-27,7.93,7.97,7.62,7.64,7928553,62451792.000
2010-12-28,7.61,7.70,7.57,7.65,6383700,49122524.000
2010-12-29,7.66,7.72,7.59,7.71,2847993,22010584.000
2010-12-30,7.72,7.78,7.66,7.75,5563989,43309948.000
2010-12-31,7.79,7.82,7.69,7.80,5766867,45092852.000
2011-01-04,7.85,7.87,7.76,7.85,5117074,40354312.000
2011-01-05,7.85,7.88,7.78,7.82,4218902,33302222.000
2011-01-06,7.82,7.86,7.74,7.79,3743316,29394920.000
2011-01-07,7.80,7.89,7.75,7.81,4446364,35052000.000
2011-01-10,7.80,7.89,7.65,7.68,4248863,33329960.000
2011-01-11,7.67,7.70,7.52,7.66,4057993,31104598.000
2011-01-12,7.66,7.79,7.60,7.78,3566285,27658472.000
2011-01-13,7.80,7.87,7.78,7.84,5726052,45172348.000
2011-01-14,7.83,7.83,7.66,7.73,3424335,26716056.000
2011-01-18,7.43,7.51,7.36,7.48,4367215,32711652.000
2011-01-19,7.52,7.57,7.40,7.56,3533905,26678788.000
2011-01-20,7.55,7.55,7.19,7.22,4733641,35048704.000
2011-01-21,7.16,7.33,7.14,7.27,3087801,22548750.000
2011-01-24,7.33,7.33,7.14,7.14,3398041,24700944.000
2011-01-25,7.17,7.19,7.03,7.12,4555340,32528694.000
2011-01-26,7.13,7.28,7.10,7.25,5413019,39245032.000
2011-01-27,7.20,7.34,7.16,7.32,4270085,31317212.000
2011-01-28,7.32,7.40,7.28,7.35,3515714,25996156.000
2011-01-31,7.35,7.42,7.26,7.40,3228278,24024924.000
2011-02-01,7.41,7.43,7.34,7.36,2059193,15338188.000
2011-02-09,7.30,7.41,7.30,7.32,2143480,15880835.000
2011-02-10,7.30,7.54,7.29,7.53,5540819,41535688.000
2011-02-11,7.52,7.82,7.49,7.67,7278702,56181204.000
2011-02-14,7.64,7.79,7.62,7.78,6246967,48700528.000
2011-02-15,7.79,7.89,7.70,7.71,7850411,61803916.000
2011-02-16,7.70,7.84,7.66,7.82,4876046,38209316.000
2011-02-17,7.82,7.89,7.73,7.84,6046699,47567012.000
2011-02-18,7.82,7.84,7.69,7.73,4657446,36344936.000
2011-02-21,7.65,8.01,7.65,7.97,10193590,80992472.000
2011-02-22,8.01,8.04,7.49,7.78,10127951,79946136.000
2011-02-23,7.74,8.13,7.64,8.06,14033128,112661416.000
2011-02-24,8.00,8.34,7.96,8.12,19572216,161634336.000
2011-02-25,8.08,8.08,7.91,8.01,9545778,76775600.000
2011-02-28,8.01,8.17,7.97,8.10,10699370,87208272.000
2011-03-01,8.12,8.15,8.00,8.06,8737216,70930760.000
2011-03-02,8.00,8.11,7.96,8.10,10110232,81814960.000
2011-03-03,8.09,8.13,7.85,7.86,8356013,67161608.000
2011-03-04,7.90,8.00,7.85,7.99,6216250,49571056.000
2011-03-07,8.00,8.08,8.00,8.07,9316299,75491416.000
2011-03-08,8.07,8.25,8.03,8.17,11418688,93670120.000
2011-03-09,8.18,8.21,8.05,8.10,7794268,63738096.000
2011-03-10,8.10,8.10,7.98,8.01,6330261,51092780.000
2011-03-11,7.95,8.04,7.92,7.94,6635548,53334184.000
2011-03-14,7.90,7.99,7.88,7.99,5681962,45422460.000
2011-03-15,7.97,8.02,7.73,7.84,7646935,60334968.000
2011-03-16,7.83,8.03,7.82,7.99,8247377,66059860.000
2011-03-17,7.93,8.03,7.83,7.89,8770945,70047336.000
2011-03-18,7.94,8.02,7.90,7.95,5458474,43693032.000
2011-03-21,7.94,7.97,7.79,7.89,5485716,43455108.000
2011-03-22,7.89,7.93,7.74,7.83,4555161,35927508.000
2011-03-23,7.85,7.98,7.81,7.96,5411807,43176500.000
2011-03-24,7.96,8.01,7.91,7.98,5539145,44445384.000
2011-03-25,7.97,8.09,7.97,8.06,8023286,65112632.000
2011-03-28,8.09,8.11,8.02,8.05,6585821,53447408.000
2011-03-29,8.05,8.12,7.99,8.04,7482069,60764260.000
2011-03-30,8.03,8.06,7.84,7.91,6312161,50470712.000
2011-03-31,7.90,7.94,7.78,7.82,4598309,36370856.000
2011-04-01,7.81,7.93,7.80,7.92,3517110,27865568.000
2011-04-06,7.87,8.08,7.84,8.03,5882099,47226212.000
2011-04-07,8.04,8.14,7.98,8.10,10480978,85391152.000
2011-04-08,8.11,8.54,8.10,8.53,35379721,295926208.000
2011-04-11,8.49,8.61,8.33,8.34,17549587,149297120.000
2011-04-12,8.34,8.61,8.32,8.52,16142100,138146240.000
2011-04-13,8.46,8.70,8.41,8.61,14325599,123835120.000
2011-04-14,8.55,8.67,8.33,8.56,11598005,99089472.000
2011-04-15,8.49,8.54,8.32,8.50,9350348,79306464.000
2011-04-18,8.45,8.78,8.44,8.74,16710224,145600576.000
2011-04-19,8.64,8.68,8.46,8.47,11779087,101425800.000
2011-04-20,8.39,8.43,8.25,8.36,12778579,107074640.000
2011-04-21,8.43,8.51,8.35,8.46,10763129,91469728.000
2011-04-22,8.48,8.98,8.48,8.54,35291732,308825696.000
2011-04-25,8.60,8.78,8.35,8.38,23194226,201443824.000
2011-04-26,8.31,8.43,8.03,8.17,12756368,105463376.000
2011-04-27,8.19,8.46,8.19,8.27,10793789,90685344.000
2011-04-28,8.32,8.38,7.98,8.01,8969458,73434752.000
2011-04-29,8.04,8.27,7.98,8.26,6947349,56988308.000
2011-05-03,8.29,8.46,8.23,8.44,10438844,88015256.000
2011-05-04,8.37,8.38,8.11,8.22,8632223,71810040.000
2011-05-05,8.19,8.33,8.10,8.27,8521667,70568040.000
2011-05-06,8.19,8.21,7.98,8.09,7686561,62854764.000
2011-05-09,8.09,8.24,8.08,8.17,5378108,44252784.000
2011-05-10,8.19,8.32,8.10,8.31,7043884,58357496.000
2011-05-11,8.31,8.54,8.26,8.43,14541404,123572000.000
2011-05-12,8.37,8.54,8.24,8.25,13889347,117874152.000
2011-05-13,8.25,8.29,8.03,8.21,10906918,89639520.000
2011-05-17,8.10,8.10,7.88,8.01,9578653,77133168.000
2011-05-18,8.01,8.05,7.94,8.03,5338183,43062844.000
2011-05-19,8.03,8.07,7.92,7.97,5521906,44436736.000
2011-05-20,7.95,7.99,7.81,7.87,5383487,42899672.000
2011-05-23,7.89,7.90,7.53,7.54,7428938,57475840.000
2011-05-24,7.48,7.64,7.45,7.57,3640064,27786372.000
2011-05-25,7.60,7.61,7.47,7.49,2662228,20243532.000
2011-05-26,7.53,7.58,7.37,7.39,3007622,22763744.000
2011-05-27,7.45,7.45,7.22,7.24,3364577,24826368.000
2011-05-30,7.24,7.30,7.12,7.17,3815018,27750158.000
2011-05-31,7.19,7.36,7.17,7.34,3396541,24880752.000
2011-06-01,7.37,7.38,7.29,7.35,2410540,17726116.000
2011-06-02,7.27,7.28,7.11,7.24,3640188,26226376.000
2011-06-03,7.23,7.40,7.20,7.39,3763822,27639312.000
2011-06-07,7.35,7.65,7.32,7.46,5277165,39517048.000
2011-06-08,7.44,7.49,7.27,7.45,4399754,32454562.000
2011-06-09,7.40,7.45,7.25,7.25,3338792,24560352.000
2011-06-10,7.25,7.32,7.16,7.31,2764799,20014800.000
2011-06-13,7.24,7.31,7.09,7.29,4471968,32166286.000
2011-06-14,7.27,7.42,7.22,7.40,3745135,27575962.000
2011-06-15,7.38,7.46,7.32,7.37,3986055,29485764.000
2011-06-16,7.29,7.29,7.16,7.17,3516615,25419364.000
2011-06-17,7.20,7.26,7.12,7.15,2661996,19165538.000
2011-06-20,7.15,7.23,7.10,7.20,2137289,15273882.000
2011-06-21,7.19,7.25,7.12,7.25,2438479,17609240.000
2011-06-22,7.27,7.28,7.16,7.18,1466851,10591865.000
2011-06-23,7.19,7.33,7.11,7.30,3371916,24447554.000
2011-06-24,7.25,7.49,7.25,7.44,5784217,42884428.000
2011-06-27,7.41,7.51,7.40,7.44,4852354,36194508.000
2011-06-28,7.46,7.48,7.36,7.45,3355113,24900870.000
2011-06-29,7.44,7.49,7.30,7.32,3412117,25265910.000
2011-06-30,7.35,7.48,7.33,7.47,4668177,34706528.000
2011-07-01,7.45,7.54,7.43,7.49,5301780,39751112.000
2011-07-04,7.50,7.63,7.49,7.62,6181483,46838400.000
2011-07-05,7.62,7.62,7.54,7.60,4763518,36148160.000
2011-07-06,7.58,7.60,7.51,7.59,5509556,41667776.000
2011-07-07,7.57,7.66,7.56,7.56,5503765,41944636.000
2011-07-08,7.55,7.62,7.52,7.59,3733340,28293370.000
2011-07-11,7.57,7.63,7.53,7.60,3087274,23501974.000
2011-07-12,7.53,7.55,7.45,7.48,5022014,37708632.000
2011-07-13,7.46,7.62,7.46,7.61,5042115,38207032.000
2011-07-14,7.62,7.72,7.59,7.69,6441075,49365708.000
2011-07-15,7.67,7.80,7.65,7.75,5898735,45673964.000
2011-07-18,7.74,7.76,7.64,7.67,5042959,38869552.000
2011-07-19,7.65,7.65,7.55,7.57,3751133,28517984.000
2011-07-20,7.62,7.65,7.51,7.60,3402370,25827244.000
2011-07-21,7.58,7.60,7.46,7.48,3509096,26413378.000
2011-07-22,7.49,7.56,7.47,7.53,2893121,21764092.000
2011-07-25,7.49,7.53,7.25,7.25,5421079,40112504.000
2011-07-26,7.25,7.36,7.21,7.34,2645224,19301404.000
2011-07-27,7.32,7.54,7.27,7.47,7493032,55711036.000
2011-07-28,7.40,7.52,7.37,7.52,3081399,22889688.000
2011-07-29,7.55,7.73,7.44,7.58,10328854,78254096.000
2011-08-01,7.54,7.54,7.38,7.44,3215470,24061612.000
2011-08-02,7.44,7.47,7.28,7.46,3157681,23288498.000
2011-08-03,7.38,7.63,7.32,7.45,5601861,41824992.000
2011-08-04,7.41,7.49,7.39,7.40,3631498,27062090.000
2011-08-05,7.18,7.28,7.14,7.19,4113556,29727050.000
2011-08-08,7.15,7.15,6.69,6.77,4898594,33960632.000
2011-08-09,6.63,6.74,6.49,6.69,4242958,28173532.000
2011-08-10,6.79,6.84,6.71,6.74,3180712,21598952.000
2011-08-11,6.60,6.96,6.60,6.96,5542369,38119564.000
2011-08-12,6.97,7.11,6.97,7.06,5254237,37051600.000
2011-08-15,7.09,7.14,7.00,7.13,3943246,27916384.000
2011-08-16,7.15,7.15,6.99,7.00,3746258,26453112.000
2011-08-17,7.00,7.15,6.97,7.02,3676154,26058648.000
2011-08-18,7.03,7.03,6.84,6.85,2976194,20652156.000
2011-08-19,6.70,6.79,6.67,6.76,2661500,17919700.000
2011-08-22,6.73,6.84,6.73,6.77,2104861,14298744.000
2011-08-23,6.83,6.91,6.77,6.90,2110639,14443575.000
2011-08-24,6.92,6.97,6.84,6.84,2102703,14520569.000
2011-08-25,6.84,7.03,6.84,7.02,2874610,20028900.000
2011-08-26,7.00,7.13,6.97,7.10,3536888,25055300.000
2011-08-29,7.10,7.11,6.99,7.05,2788518,19663540.000
2011-08-30,7.09,7.15,7.01,7.04,3042984,21589698.000
2011-08-31,7.08,7.12,6.91,7.08,2814497,19811378.000
2011-09-01,7.09,7.10,6.97,7.02,2321908,16340159.000
2011-09-02,6.99,7.04,6.87,6.91,2149564,14924072.000
2011-09-05,6.87,6.87,6.75,6.79,1779476,12103284.000
2011-09-06,6.72,6.78,6.68,6.74,1024278,6906759.000
2011-09-07,6.77,6.88,6.76,6.87,2067746,14122691.000
2011-09-08,6.90,6.90,6.76,6.78,1744274,11974294.000
2011-09-09,6.78,6.88,6.68,6.71,2592546,17505928.000
2011-09-13,6.64,6.65,6.58,6.60,2270647,15028681.000
2011-09-14,6.61,6.70,6.58,6.69,2346756,15609061.000
2011-09-15,6.70,6.74,6.66,6.68,1786977,12003793.000
2011-09-16,6.74,6.75,6.66,6.69,1486150,9992219.000
2011-09-19,6.66,6.66,6.54,6.55,1514512,9986440.000
2011-09-20,6.55,6.66,6.54,6.57,2284809,15048812.000
2011-09-21,6.57,6.76,6.54,6.74,2781728,18592172.000
2011-09-22,6.69,6.73,6.55,6.55,2322878,15464767.000
2011-09-23,6.46,6.52,6.41,6.52,2518550,16322930.000
2011-09-26,6.49,6.53,6.41,6.41,1587314,10273486.000
2011-09-27,6.45,6.53,6.43,6.51,1219338,7908873.000
2011-09-28,6.53,6.54,6.41,6.42,1457005,9468482.000
2011-09-29,6.39,6.46,6.31,6.35,2016901,12876865.000
2011-09-30,6.31,6.44,6.29,6.43,2198690,14046382.000
2011-10-10,6.47,6.54,6.40,6.42,995002,6415683.000
2011-10-11,6.56,6.58,6.41,6.47,2835332,18448778.000
2011-10-12,6.48,6.80,6.47,6.77,7728460,51887912.000
2011-10-13,6.71,6.77,6.66,6.75,5220963,35135292.000
2011-10-14,6.71,6.73,6.62,6.67,2579818,17236590.000
2011-10-18,6.63,6.66,6.43,6.44,2115990,13879513.000
2011-10-19,6.47,6.57,6.41,6.49,1426937,9281273.000
2011-10-20,6.49,6.53,6.35,6.42,1816972,11668132.000
2011-10-21,6.38,6.42,6.30,6.31,1320094,8393970.000
2011-10-24,6.34,6.43,6.26,6.41,1738086,11069607.000
2011-10-25,6.41,6.56,6.38,6.52,3754152,24352666.000
2011-10-26,6.49,6.61,6.46,6.56,3654671,24010160.000
2011-10-27,6.57,6.62,6.53,6.56,2433856,16001627.000
2011-10-28,6.62,6.70,6.57,6.67,3513219,23328880.000
2011-10-31,6.73,6.73,6.64,6.68,2519383,16856054.000
2011-11-01,6.64,6.70,6.60,6.64,2393609,15935660.000
2011-11-02,6.55,6.71,6.53,6.71,3207352,21264872.000
2011-11-03,6.73,6.82,6.72,6.74,5068617,34348444.000
2011-11-04,6.75,6.80,6.73,6.77,3651122,24743544.000
2011-11-07,6.75,6.91,6.73,6.78,4628396,31681998.000
2011-11-08,6.78,6.80,6.65,6.65,3460447,23333216.000
2011-11-09,6.67,6.73,6.62,6.73,2631004,17610168.000
2011-11-10,6.66,6.68,6.60,6.61,2540379,16897978.000
2011-11-11,6.61,6.68,6.60,6.63,1718842,11411539.000
2011-11-14,6.67,6.78,6.67,6.76,3689740,24881252.000
2011-11-16,6.77,6.77,6.55,6.61,3863394,25727312.000
2011-11-17,6.61,6.64,6.55,6.57,1685255,11123465.000
2011-11-18,6.54,6.57,6.41,6.45,2671518,17266780.000
2011-11-21,6.47,6.47,6.39,6.46,1283591,8262324.000
2011-11-22,6.41,6.43,6.34,6.43,2173216,13892982.000
2011-11-23,6.40,6.43,6.34,6.35,1501243,9579854.000
2011-11-24,6.29,6.37,6.26,6.34,1340303,8467120.000
2011-11-25,6.35,6.44,6.31,6.34,1899851,12128734.000
2011-11-28,6.37,6.38,6.28,6.29,1021689,6460595.000
2011-11-29,6.35,6.40,6.30,6.39,1682789,10716009.000
2011-11-30,6.42,6.42,6.09,6.11,3075833,19123184.000
2011-12-01,6.24,6.33,6.21,6.22,2884770,18097326.000
2011-12-02,6.19,6.23,6.11,6.13,1576417,9702123.000
2011-12-05,6.14,6.14,5.94,5.99,1635762,9849732.000
2011-12-06,5.96,6.03,5.94,6.00,1006499,6033692.000
2011-12-07,5.98,6.09,5.98,6.02,1342160,8101571.000
2011-12-08,6.00,6.04,5.91,5.98,1349237,8074967.000
2011-12-09,5.95,6.00,5.92,5.94,1088019,6496253.000
2011-12-12,5.95,5.99,5.89,5.91,866262,5140673.000
2011-12-13,5.90,5.90,5.68,5.69,2203993,12716327.000
2011-12-14,5.66,5.73,5.57,5.58,1046022,5907580.000
2011-12-15,5.53,5.56,5.39,5.41,2098344,11516643.000
2011-12-16,5.42,5.55,5.41,5.54,1499856,8224167.000
2011-12-19,5.50,5.52,5.38,5.50,1531373,8367543.000
2011-12-20,5.48,5.60,5.45,5.48,2380185,13173757.000
2011-12-21,5.56,5.56,5.38,5.39,2067430,11353361.000
2011-12-22,5.36,5.38,5.17,5.28,2164338,11415848.000
2011-12-23,5.28,5.41,5.27,5.38,1657477,8875599.000
2011-12-26,5.36,5.41,5.33,5.34,1212561,6519254.000
2011-12-27,5.34,5.39,5.24,5.25,1038001,5534816.000
2011-12-28,5.26,5.29,5.17,5.27,1205728,6313197.000
2011-12-29,5.26,5.32,5.22,5.26,1094850,5784032.000
2012-01-04,5.36,5.39,5.18,5.19,1415912,7511254.000
2012-01-05,5.17,5.22,5.02,5.02,1739010,8922784.000
2012-01-06,5.04,5.08,4.96,5.07,1480545,7447613.000
2012-01-09,5.07,5.31,4.99,5.30,2827747,14710637.000
2012-01-10,5.29,5.54,5.26,5.53,6475479,35265672.000
2012-01-11,5.53,5.57,5.43,5.50,3487123,19158276.000
2012-01-12,5.47,5.54,5.42,5.47,2191634,12023860.000
2012-01-13,5.47,5.48,5.27,5.31,3027297,16244940.000
2012-01-16,5.25,5.33,5.18,5.18,1528129,8026472.000
2012-01-17,5.18,5.44,5.16,5.43,2745565,14693903.000
2012-01-18,5.42,5.50,5.34,5.38,3388129,18429628.000
2012-01-19,5.38,5.50,5.36,5.48,2896546,15815124.000
2012-01-20,5.50,5.54,5.45,5.54,2810307,15517706.000
2012-01-30,5.54,5.57,5.45,5.47,2648667,14647276.000
2012-01-31,5.46,5.49,5.38,5.43,1868608,10128167.000
2012-02-01,5.44,5.48,5.36,5.38,1693701,9205445.000
2012-02-02,5.41,5.48,5.38,5.47,1550445,8438825.000
2012-02-03,5.49,5.69,5.44,5.61,4005765,22300598.000
2012-02-06,5.61,5.67,5.54,5.67,4930987,27659088.000
2012-02-07,5.63,5.66,5.53,5.57,3640389,20370044.000
2012-02-08,5.57,5.74,5.54,5.69,5592545,31759746.000
2012-02-09,5.69,5.89,5.68,5.76,8139140,47221684.000
2012-02-10,5.75,5.95,5.73,5.91,7773665,45807904.000
2012-02-13,5.85,6.00,5.84,5.92,5531065,32916532.000
2012-02-14,5.94,5.96,5.84,5.90,4394216,25943428.000
2012-02-15,5.89,5.98,5.85,5.96,4705588,27925772.000
2012-02-16,5.95,6.00,5.83,5.85,4468036,26428846.000
2012-02-17,5.89,5.90,5.82,5.87,2444442,14342057.000
2012-02-20,5.91,5.96,5.87,5.88,4157252,24646108.000
2012-02-21,5.88,5.92,5.81,5.90,2412645,14176208.000
2012-02-22,5.92,6.01,5.87,5.97,6374635,38071672.000
2012-02-23,5.97,6.09,5.95,6.06,6617459,40019364.000
2012-02-24,6.06,6.15,6.00,6.11,5340935,32513176.000
2012-02-27,6.12,6.19,6.09,6.09,6316790,38871264.000
2012-02-28,6.06,6.17,5.99,6.15,5425974,33051244.000
2012-02-29,6.14,6.16,5.99,6.00,4582695,27846824.000
2012-03-01,6.00,6.10,6.00,6.06,2335874,14162804.000
2012-03-02,6.06,6.25,6.04,6.21,6504086,40126968.000
2012-03-05,6.33,6.42,6.24,6.26,9772509,62120168.000
2012-03-06,6.24,6.33,6.11,6.27,9280926,58106404.000
2012-03-07,6.16,6.28,6.14,6.15,4875512,30273126.000
2012-03-08,6.19,6.26,6.14,6.22,4330676,26909286.000
2012-03-09,6.26,6.46,6.19,6.41,11108048,70573776.000
2012-03-12,6.42,6.42,6.32,6.39,3642330,23226972.000
2012-03-13,6.39,6.42,6.34,6.40,3955532,25275212.000
2012-03-14,6.43,6.55,6.10,6.15,9540970,61018620.000
2012-03-15,6.17,6.26,6.01,6.09,5698209,34998600.000
2012-03-16,6.09,6.43,6.09,6.38,9964867,63009788.000
2012-03-19,6.31,6.65,6.31,6.63,12435401,80617896.000
2012-03-20,6.61,7.07,6.49,6.81,30973298,206737072.000
2012-03-21,6.69,6.93,6.56,6.86,11659269,78373144.000
2012-03-22,6.86,6.93,6.59,6.61,28423967,191502256.000
2012-03-23,6.57,6.65,6.43,6.54,8137747,52751772.000
2012-03-26,6.52,6.59,6.46,6.51,9355964,61270256.000
2012-03-27,6.55,6.58,6.37,6.39,4644674,29961472.000
2012-03-28,6.37,6.37,6.08,6.13,5821557,35958272.000
2012-03-29,6.11,6.34,5.93,6.02,4886669,29820940.000
2012-03-30,6.01,6.14,5.94,6.06,8211200,49529660.000
2012-04-05,6.01,6.66,6.01,6.51,16229616,101486656.000
2012-04-06,6.43,6.68,6.34,6.61,12471885,81219824.000
2012-04-09,6.66,6.66,6.31,6.43,21647191,140217696.000
2012-04-10,6.39,6.39,6.04,6.26,13602208,84314368.000
2012-04-11,6.16,6.21,6.08,6.14,6513911,39995504.000
2012-04-12,6.16,6.25,6.14,6.23,5620439,34933192.000
2012-04-13,6.24,6.32,6.21,6.27,6040517,37960132.000
2012-04-16,6.22,6.26,6.17,6.22,4321963,26910604.000
2012-04-17,6.22,6.26,6.14,6.14,3369632,20919854.000
2012-04-18,6.15,6.28,6.15,6.26,3539156,22098326.000
2012-04-19,6.24,6.27,6.17,6.21,3062712,19111356.000
2012-04-20,6.20,6.30,6.19,6.29,4498849,28219824.000
2012-04-23,6.29,6.32,6.12,6.16,3995104,24881856.000
2012-04-24,6.11,6.23,5.99,6.11,4594384,28033904.000
2012-04-25,6.11,6.19,6.06,6.18,3545536,21828148.000
2012-04-26,6.18,6.30,6.18,6.29,5405898,33894832.000
2012-04-27,6.27,6.27,6.13,6.17,3382944,20964616.000
2012-05-02,6.17,6.17,5.96,6.02,8946723,54070384.000
2012-05-03,6.03,6.06,5.96,6.00,3780725,22721780.000
2012-05-04,6.03,6.05,5.96,6.02,3520594,21156724.000
2012-05-07,5.98,5.99,5.93,5.98,3663130,21850620.000
2012-05-08,5.98,6.04,5.94,6.02,3629508,21770932.000
2012-05-09,5.99,5.99,5.87,5.90,3763325,22340074.000
2012-05-10,5.87,5.93,5.86,5.88,2006310,11842349.000
2012-05-11,5.88,5.92,5.83,5.84,1802637,10606618.000
2012-05-14,5.86,5.92,5.83,5.84,2166606,12756881.000
2012-05-15,5.83,5.83,5.69,5.79,2092758,12067721.000
2012-05-16,5.79,5.87,5.74,5.75,1953200,11389329.000
2012-05-17,5.77,5.84,5.74,5.83,2118556,12312196.000
2012-05-18,5.83,5.83,5.69,5.70,2601593,15001844.000
2012-05-21,5.71,5.75,5.61,5.63,1694277,9601406.000
2012-05-22,5.68,5.70,5.64,5.69,1601318,9093081.000
2012-05-23,5.67,5.70,5.62,5.63,1981916,11220246.000
2012-05-24,5.62,5.66,5.56,5.57,2263521,12691151.000
2012-05-25,5.59,5.59,5.51,5.52,1968522,10943156.000
2012-05-28,5.51,5.56,5.39,5.55,2087835,11460870.000
2012-05-29,5.53,5.64,5.53,5.63,2735362,15366114.000
2012-05-30,5.63,5.76,5.60,5.68,3466090,19766502.000
2012-05-31,5.66,5.68,5.61,5.66,2121168,12000944.000
2012-06-01,5.69,5.69,5.60,5.63,1779064,10062244.000
2012-06-05,5.49,5.51,5.41,5.44,2083371,11387202.000
2012-06-06,5.44,5.48,5.40,5.41,1585320,8629304.000
2012-06-07,5.47,5.50,5.34,5.39,1124379,6083970.000
2012-06-08,5.45,5.46,5.35,5.36,1070928,5786222.000
2012-06-11,5.40,5.42,5.33,5.40,1233572,6663285.000
2012-06-12,5.40,5.40,5.31,5.35,1074743,5763225.000
2012-06-13,5.35,5.44,5.33,5.43,1701729,9198735.000
2012-06-14,5.44,5.45,5.39,5.39,1402332,7607771.000
2012-06-15,5.40,5.44,5.34,5.40,1723444,9297561.000
2012-06-18,5.43,5.45,5.40,5.42,1402848,7632383.000
2012-06-19,5.42,5.44,5.39,5.39,1175579,6359255.000
2012-06-20,5.39,5.43,5.38,5.41,1016592,5507553.000
2012-06-21,5.41,5.41,5.29,5.30,1294133,6903610.000
2012-06-25,5.30,5.30,5.17,5.18,1278556,6685588.000
2012-06-26,5.17,5.18,5.10,5.16,1350943,6952573.000
2012-06-27,5.16,5.19,5.13,5.13,835402,4321739.000
2012-06-28,5.15,5.16,5.02,5.04,1978356,10040786.000
2012-06-29,5.00,5.06,4.96,5.05,2272949,11414282.000
2012-07-02,5.06,5.11,5.03,5.07,1419286,7197678.000
2012-07-03,5.08,5.13,5.02,5.07,1416512,7212115.000
2012-07-04,5.07,5.09,5.02,5.04,1193194,6038349.000
2012-07-05,5.03,5.03,4.92,4.93,1956100,9718924.000
2012-07-06,4.97,4.99,4.88,4.99,1641735,8121045.000
2012-07-09,4.96,4.97,4.86,4.88,1320418,6494953.000
2012-07-10,4.88,4.91,4.84,4.88,768865,3749955.000
2012-07-11,4.88,5.01,4.84,5.00,2517861,12384875.000
2012-07-12,4.95,5.03,4.91,5.00,1866962,9309394.000
2012-07-13,4.99,5.00,4.95,4.96,1051699,5233379.000
2012-07-16,4.96,4.96,4.76,4.78,1461701,7092115.000
2012-07-17,4.78,4.83,4.76,4.82,834706,4012452.000
2012-07-18,4.79,4.86,4.77,4.85,1131040,5446366.000
2012-07-19,4.85,4.95,4.81,4.91,1470417,7226786.000
2012-07-20,4.92,4.94,4.86,4.88,909798,4459409.000
2012-07-23,4.86,4.88,4.80,4.83,726222,3514680.000
2012-07-24,4.82,4.89,4.80,4.88,755495,3674112.000
2012-07-25,4.86,4.92,4.85,4.86,880450,4315045.000
2012-07-26,4.86,4.92,4.84,4.88,920005,4503339.000
2012-07-27,4.89,4.89,4.86,4.88,633191,3092732.000
2012-07-30,4.88,4.89,4.77,4.78,892880,4305103.000
2012-07-31,4.79,4.79,4.70,4.72,837279,3971343.000
2012-08-01,4.72,4.80,4.72,4.78,643630,3077699.000
2012-08-02,4.80,4.91,4.78,4.82,1646210,8008928.000
2012-08-03,4.80,4.91,4.79,4.90,1603940,7802992.000
2012-08-06,4.86,4.96,4.85,4.96,1854519,9155455.000
2012-08-07,4.97,5.13,4.93,5.08,3727854,18792618.000
2012-08-08,5.06,5.06,4.97,5.00,2328328,11698392.000
2012-08-09,4.99,5.04,4.96,5.03,1711448,8583764.000
2012-08-10,5.03,5.07,5.02,5.05,1521667,7688694.000
2012-08-13,5.04,5.04,4.89,4.90,1688428,8376963.000
2012-08-14,4.91,4.98,4.82,4.88,2652025,12929825.000
2012-08-15,4.88,4.88,4.81,4.81,1047702,5070509.000
2012-08-16,4.83,4.90,4.79,4.84,1728185,8396971.000
2012-08-17,4.82,4.86,4.78,4.82,1137744,5486777.000
2012-08-20,4.82,4.86,4.77,4.84,1037679,5005071.000
2012-08-21,4.84,4.90,4.83,4.89,1287354,6285542.000
2012-08-22,4.88,4.88,4.80,4.83,1161181,5628408.000
2012-08-23,4.80,4.94,4.80,4.88,1570823,7674493.000
2012-08-24,4.88,4.89,4.80,4.82,1195304,5815096.000
2012-08-27,4.79,4.86,4.72,4.73,1224440,5860647.000
2012-08-28,4.74,4.78,4.71,4.77,1220860,5810432.000
2012-08-29,4.76,4.76,4.67,4.68,1499296,7075425.000
2012-08-30,4.68,4.70,4.63,4.64,1121699,5233725.000
2012-08-31,4.66,4.66,4.63,4.64,636690,2960697.000
2012-09-03,4.63,4.71,4.63,4.69,983099,4614053.000
2012-09-04,4.72,4.72,4.64,4.66,535805,2509900.000
2012-09-05,4.63,4.67,4.61,4.63,676586,3137855.000
2012-09-06,4.63,4.69,4.63,4.67,1019284,4756782.000
2012-09-07,4.70,4.89,4.68,4.84,3071466,14782597.000
2012-09-10,4.84,4.95,4.82,4.89,2946551,14345858.000
2012-09-11,4.85,4.85,4.80,4.83,1494974,7223400.000
2012-09-12,4.85,4.88,4.81,4.86,1342812,6513948.000
2012-09-13,4.86,4.88,4.79,4.79,1216341,5890173.000
2012-09-14,4.83,4.85,4.76,4.80,1762552,8481199.000
2012-09-17,4.79,4.80,4.66,4.67,1442944,6849654.000
2012-09-18,4.67,4.69,4.63,4.66,775372,3620873.000
2012-09-19,4.67,4.68,4.64,4.68,708519,3307716.000
2012-09-20,4.68,4.68,4.54,4.56,1298504,5993025.000
2012-09-21,4.57,4.57,4.47,4.49,1258519,5697447.000
2012-09-24,4.46,4.54,4.42,4.50,828472,3718446.000
2012-09-25,4.49,4.50,4.41,4.46,773520,3456826.000
2012-09-26,4.46,4.46,4.38,4.39,735641,3246944.000
2012-09-27,4.39,4.50,4.38,4.48,1249564,5571230.000
2012-09-28,4.46,4.53,4.44,4.52,1333702,6000293.000
2012-10-08,4.51,4.54,4.47,4.49,803667,3623800.000
2012-10-09,4.48,4.59,4.48,4.58,1536428,7018570.000
2012-10-10,4.57,4.77,4.54,4.72,4806493,22628920.000
2012-10-11,4.67,4.73,4.63,4.64,3064059,14370736.000
2012-10-12,4.65,4.70,4.61,4.64,1898716,8857133.000
2012-10-15,4.64,4.64,4.51,4.54,1406602,6442798.000
2012-10-16,4.55,4.61,4.53,4.56,1458262,6682994.000
2012-10-17,4.58,4.61,4.54,4.57,1514198,6945121.000
2012-10-18,4.61,4.69,4.57,4.68,2557546,11934021.000
2012-10-19,4.65,4.69,4.63,4.65,1444535,6738484.000
2012-10-22,4.63,4.69,4.63,4.67,871886,4071241.000
2012-10-23,4.71,4.77,4.66,4.66,2303639,10901814.000
2012-10-24,4.64,4.83,4.61,4.80,5441966,25764322.000
2012-10-25,4.80,4.93,4.71,4.72,5722745,27670788.000
2012-10-26,4.74,4.75,4.63,4.67,3536367,16514329.000
2012-10-29,4.64,4.89,4.63,4.88,8006529,38551960.000
2012-10-30,4.88,4.91,4.71,4.79,6983844,33644076.000
2012-10-31,4.74,4.74,4.64,4.69,3518140,16511307.000
2012-11-01,4.70,4.81,4.68,4.78,3897370,18634688.000
2012-11-02,4.78,4.80,4.70,4.77,3339124,15904219.000
2012-11-05,4.73,4.78,4.71,4.75,1576587,7497166.000
2012-11-06,4.74,4.76,4.61,4.66,2754926,12876154.000
2012-11-07,4.65,4.67,4.63,4.64,1301418,6057523.000
2012-11-08,4.63,4.63,4.48,4.48,1897800,8692357.000
2012-11-09,4.49,4.52,4.45,4.49,1127045,5065195.000
2012-11-12,4.48,4.59,4.47,4.53,1050624,4782595.000
2012-11-13,4.54,4.54,4.39,4.43,1355700,6071386.000
2012-11-14,4.44,4.54,4.44,4.49,1921107,8676629.000
2012-11-15,4.48,4.48,4.39,4.40,1372494,6081175.000
2012-11-16,4.40,4.42,4.32,4.41,1528861,6680609.000
2012-11-19,4.38,4.42,4.36,4.42,716765,3147629.000
2012-11-20,4.44,4.44,4.39,4.39,683577,3024868.000
2012-11-21,4.39,4.45,4.36,4.45,805247,3554099.000
2012-11-22,4.43,4.44,4.39,4.41,754529,3338255.000
2012-11-23,4.41,4.45,4.40,4.42,494038,2191981.000
2012-11-26,4.43,4.43,4.36,4.39,620209,2728567.000
2012-11-27,4.38,4.38,4.29,4.33,2028338,8770857.000
2012-11-28,4.29,4.32,4.26,4.27,1865640,8002503.000
2012-11-29,4.26,4.29,4.24,4.28,1773365,7580231.000
2012-11-30,4.27,4.31,4.26,4.31,2194928,9426920.000
2012-12-03,4.29,4.29,4.27,4.28,1447737,6209500.000
2012-12-04,4.27,4.29,4.25,4.28,1919550,8210644.000
2012-12-05,4.28,4.42,4.26,4.40,5978741,26025104.000
2012-12-06,4.38,4.40,4.36,4.36,1972271,8624909.000
2012-12-07,4.36,4.44,4.33,4.42,4715844,20781252.000
2012-12-10,4.42,4.47,4.40,4.45,3226075,14346653.000
2012-12-11,4.44,4.48,4.42,4.43,3037900,13566089.000
2012-12-12,4.41,4.44,4.38,4.41,1788311,7890908.000
2012-12-13,4.40,4.53,4.38,4.44,4626901,20725440.000
2012-12-14,4.42,4.58,4.40,4.57,5382375,24327036.000
2012-12-17,4.53,4.64,4.53,4.59,4131608,18989524.000
2012-12-18,4.59,4.63,4.54,4.58,2387588,10959826.000
2012-12-19,4.56,4.59,4.52,4.53,2403966,10971687.000
2012-12-20,4.52,4.55,4.49,4.53,2059244,9343195.000
2012-12-21,4.55,4.61,4.52,4.59,3526538,16124803.000
2012-12-24,4.58,4.59,4.53,4.55,1580047,7231294.000
2012-12-25,4.56,4.66,4.53,4.64,4571698,21157256.000
2012-12-26,4.64,4.81,4.63,4.79,11041523,52179304.000
2012-12-27,4.76,4.77,4.66,4.68,5649456,26701960.000
2012-12-28,4.67,4.72,4.64,4.70,2896847,13593575.000
2012-12-31,4.69,4.74,4.67,4.72,2880028,13577322.000
2013-01-04,4.73,4.76,4.66,4.67,2711505,12745982.000
2013-01-07,4.68,4.79,4.65,4.77,8022877,38053092.000
2013-01-08,4.77,4.78,4.69,4.74,3844923,18252974.000
2013-01-09,4.74,4.77,4.68,4.73,3625949,17175904.000
2013-01-10,4.73,4.76,4.68,4.72,5543535,26224192.000
2013-01-11,4.73,4.75,4.61,4.63,4854159,22751096.000
2013-01-14,4.63,4.72,4.58,4.71,4417815,20661586.000
2013-01-15,4.70,4.77,4.70,4.75,5847379,27743452.000
2013-01-16,4.76,4.80,4.67,4.73,7552587,35827816.000
2013-01-17,4.72,4.80,4.69,4.73,4701296,22388282.000
2013-01-18,4.73,4.79,4.72,4.77,3768168,17975768.000
2013-01-21,4.78,4.85,4.77,4.83,6220419,29978072.000
2013-01-22,4.84,4.85,4.71,4.75,3804466,18181444.000
2013-01-23,4.74,4.76,4.65,4.71,3337850,15731311.000
2013-01-24,4.71,4.75,4.61,4.63,4585629,21507556.000
2013-01-25,4.66,4.66,4.59,4.63,2063145,9536009.000
2013-01-28,4.64,4.70,4.61,4.69,2953216,13787363.000
2013-01-29,4.70,4.71,4.65,4.69,2631933,12351562.000
2013-01-30,4.71,4.71,4.64,4.71,4068946,19102958.000
2013-01-31,4.70,4.71,4.65,4.67,2632129,12327744.000
2013-02-01,4.64,4.70,4.63,4.69,3616914,16911556.000
2013-02-04,4.69,4.73,4.63,4.70,4958301,23256528.000
2013-02-05,4.67,4.74,4.66,4.73,4250900,20016278.000
2013-02-06,4.73,4.74,4.70,4.72,2960463,14018681.000
2013-02-07,4.72,4.77,4.70,4.74,4038259,19178032.000
2013-02-08,4.75,4.79,4.74,4.76,3957835,18911390.000
2013-02-18,4.78,4.82,4.75,4.78,4461676,21399422.000
2013-02-19,4.78,4.80,4.72,4.73,4571855,21770408.000
2013-02-20,4.75,4.79,4.72,4.79,4820712,22956882.000
2013-02-21,4.75,4.77,4.63,4.65,4714328,22173962.000
2013-02-22,4.66,4.71,4.63,4.68,3701755,17310644.000
2013-02-25,4.66,4.69,4.64,4.67,2286396,10694564.000
2013-02-26,4.67,4.67,4.56,4.58,4527697,20989518.000
2013-02-27,4.59,4.61,4.53,4.55,2987894,13684063.000
2013-02-28,4.57,4.63,4.54,4.63,3096953,14245345.000
2013-03-01,4.63,4.63,4.58,4.63,3155128,14549215.000
2013-03-04,4.59,4.61,4.46,4.48,3861063,17512356.000
2013-03-05,4.48,4.53,4.46,4.51,3015941,13620268.000
2013-03-06,4.52,4.63,4.50,4.63,4444698,20372320.000
2013-03-07,4.61,4.63,4.52,4.56,3161910,14510613.000
2013-03-08,4.56,4.61,4.55,4.57,1615051,7392603.000
2013-03-11,4.55,4.58,4.52,4.58,1608981,7341421.000
2013-03-12,4.58,4.59,4.47,4.49,3019517,13658398.000
2013-03-13,4.49,4.49,4.43,4.44,2079331,9281377.000
2013-03-14,4.44,4.45,4.40,4.44,1957324,8686286.000
2013-03-15,4.45,4.48,4.40,4.44,1778674,7909219.000
2013-03-18,4.44,4.44,4.38,4.38,1440774,6353871.000
2013-03-19,4.38,4.41,4.36,4.40,1413772,6201009.000
2013-03-20,4.39,4.48,4.38,4.47,2948075,13122912.000
2013-03-21,4.47,4.56,4.46,4.49,3120020,14081592.000
2013-03-22,4.51,4.66,4.51,4.58,7970547,36632872.000
2013-03-25,4.55,4.57,4.53,4.54,2671879,12178323.000
2013-03-26,4.53,4.55,4.49,4.52,2591129,11734037.000
2013-03-27,4.54,4.55,4.50,4.52,1466321,6642402.000
2013-03-28,4.50,4.50,4.39,4.39,2338614,10342933.000
2013-03-29,4.38,4.42,4.38,4.39,1401710,6162828.000
2013-04-01,4.38,4.42,4.36,4.40,1067331,4698626.000
2013-04-02,4.42,4.44,4.38,4.39,1431655,6309347.000
2013-04-03,4.41,4.43,4.38,4.39,1300240,5734358.000
2013-04-08,4.34,4.39,4.33,4.39,2103863,9187669.000
2013-04-09,4.38,4.40,4.36,4.39,1944940,8531128.000
2013-04-10,4.39,4.42,4.36,4.39,1358170,5975134.000
2013-04-11,4.41,4.44,4.39,4.39,1911774,8452243.000
2013-04-12,4.39,4.42,4.38,4.40,1515064,6672125.000
2013-04-15,4.40,4.42,4.33,4.34,2208274,9656605.000
2013-04-16,4.32,4.40,4.31,4.40,1890148,8281350.000
2013-04-17,4.40,4.41,4.36,4.40,1301799,5718861.000
2013-04-18,4.39,4.45,4.36,4.43,2347745,10414818.000
2013-04-19,4.43,4.47,4.41,4.47,2790118,12450563.000
2013-04-22,4.45,4.45,4.40,4.43,1795020,7948480.000
2013-04-23,4.43,4.43,4.33,4.36,2092574,9139140.000
2013-04-24,4.34,4.40,4.34,4.39,1767183,7749937.000
2013-04-25,4.38,4.39,4.34,4.36,1361030,5953136.000
2013-04-26,4.36,4.38,4.32,4.34,1384863,6015712.000
2013-05-02,4.30,4.31,4.22,4.31,2137157,9140153.000
2013-05-03,4.30,4.41,4.29,4.36,2528498,11027082.000
2013-05-06,4.38,4.38,4.34,4.38,1526696,6668569.000
2013-05-07,4.36,4.36,4.32,4.36,1085344,4724753.000
2013-05-08,4.38,4.38,4.32,4.36,1843828,8020023.000
2013-05-09,4.34,4.36,4.30,4.32,2513293,10893418.000
2013-05-10,4.31,4.34,4.30,4.34,1698744,7355083.000
2013-05-13,4.34,4.34,4.31,4.33,1318616,5707227.000
2013-05-14,4.33,4.41,4.31,4.40,6085905,26689044.000
2013-05-15,4.39,4.40,4.36,4.39,1761300,7728353.000
2013-05-16,4.38,4.42,4.36,4.41,2419490,10665002.000
2013-05-17,4.40,4.47,4.39,4.44,3521317,15617824.000
2013-05-20,4.44,4.49,4.44,4.47,2940533,13163924.000
2013-05-21,4.47,4.48,4.43,4.48,2266906,10122497.000
2013-05-22,4.47,4.48,4.42,4.45,2691965,11992519.000
2013-05-23,4.44,4.58,4.43,4.52,7508792,33953120.000
2013-05-24,4.53,4.59,4.48,4.57,4374593,19933828.000
2013-05-27,5.03,5.03,4.81,4.84,34304322,168770640.000
2013-05-28,4.80,4.90,4.69,4.88,17728027,85389440.000
2013-05-29,4.86,4.90,4.79,4.83,7488164,36383952.000
2013-05-30,4.81,5.31,4.79,5.13,23147298,119676056.000
2013-05-31,5.09,5.27,5.06,5.10,16292642,84420080.000
2013-06-03,5.07,5.22,5.05,5.14,7643336,39411672.000
2013-06-04,5.16,5.19,4.99,5.05,7965080,40513992.000
2013-06-05,5.08,5.08,4.97,5.00,5852060,29472804.000
2013-06-06,4.99,4.99,4.83,4.85,6454788,31633200.000
2013-06-07,4.88,4.92,4.75,4.79,4871161,23532056.000
2013-06-13,4.71,4.71,4.39,4.59,5073856,23389196.000
2013-06-14,4.59,4.65,4.55,4.64,3518186,16273158.000
2013-06-17,4.64,4.68,4.57,4.61,2331630,10779324.000
2013-06-18,4.61,4.65,4.57,4.63,2439121,11272889.000
2013-06-19,4.61,4.61,4.47,4.53,2720312,12315145.000
2013-06-20,4.52,4.52,4.38,4.45,3123493,13919455.000
2013-06-21,4.39,4.52,4.36,4.50,2509705,11192653.000
2013-06-24,4.48,4.48,4.31,4.40,3187759,14001910.000
2013-06-25,4.36,4.53,4.20,4.52,6999763,30535598.000
2013-06-26,4.51,4.57,4.44,4.57,4549273,20558980.000
2013-06-27,4.57,4.61,4.49,4.50,4152901,18866318.000
2013-06-28,4.51,4.56,4.44,4.49,2505770,11248857.000
2013-07-01,4.49,4.61,4.45,4.60,3605733,16361566.000
2013-07-02,4.57,4.73,4.57,4.71,8127375,37960764.000
2013-07-03,4.66,4.71,4.61,4.70,4141364,19293148.000
2013-07-04,4.72,4.85,4.66,4.71,6582093,31350972.000
2013-07-05,4.75,4.96,4.73,4.85,5981033,29040576.000
2013-07-08,4.82,4.93,4.76,4.80,9563190,46425924.000
2013-07-09,4.77,4.94,4.76,4.90,8977019,43855084.000
2013-07-10,4.87,5.02,4.86,4.96,7329519,36423084.000
2013-07-11,4.99,5.13,4.98,5.08,7905417,40045208.000
2013-07-12,5.06,5.08,4.96,4.99,5576676,27865116.000
数据来源:通达信
