600797 浙大网新 日线
      日期	    开盘	    最高	    最低	    收盘	    成交量	    成交额
2007-01-11,7.25,7.42,7.12,7.18,44121701,322879744.000
2007-01-12,7.12,7.33,6.76,6.79,37548419,267135536.000
2007-01-15,6.75,7.14,6.72,7.13,28052647,197401488.000
2007-01-16,7.26,7.27,6.92,7.12,24773264,176615536.000
2007-01-17,7.09,7.21,6.52,6.72,40214859,279963328.000
2007-01-18,6.72,7.15,6.67,7.02,33605507,235787216.000
2007-01-19,7.30,7.73,7.30,7.73,60858559,473946752.000
2007-01-22,7.94,8.17,7.77,8.13,55962666,447863328.000
2007-01-23,8.14,8.14,7.55,7.90,39908164,316712256.000
2007-01-24,7.89,8.18,7.62,7.94,32341547,258164304.000
2007-01-25,7.93,8.20,7.62,7.91,38325075,305538272.000
2007-01-26,7.72,8.00,7.38,7.79,33780612,262902080.000
2007-01-29,7.82,8.17,7.82,8.08,33035217,267918496.000
2007-01-30,8.18,8.31,7.87,8.09,37443130,305845952.000
2007-01-31,8.02,8.16,7.27,7.38,36415862,285648672.000
2007-02-01,7.22,7.42,6.77,7.10,35796948,257075632.000
2007-02-02,7.40,7.56,7.09,7.11,32157716,235727968.000
2007-02-05,7.08,7.22,6.83,7.10,15764610,112172136.000
2007-02-06,7.22,7.58,7.20,7.45,25931748,194121792.000
2007-02-07,7.54,7.97,7.42,7.87,36109810,279697952.000
2007-02-08,7.90,8.05,7.72,7.95,27956960,223760144.000
2007-02-09,7.92,8.09,7.82,7.94,24987373,200851904.000
2007-02-12,8.05,8.30,7.98,8.21,25184206,207678512.000
2007-02-13,8.24,8.25,8.06,8.13,18499907,152056208.000
2007-02-14,8.11,8.25,7.87,8.09,29881639,243886240.000
2007-02-15,8.20,8.69,8.05,8.54,37616148,315000064.000
2007-02-16,8.77,9.18,8.70,8.91,39484110,355392576.000
2007-02-26,9.06,9.43,8.86,9.42,28737474,266585984.000
2007-02-27,9.52,9.56,8.47,8.47,44489494,403111040.000
2007-02-28,8.32,8.96,8.23,8.91,33910192,292672288.000
2007-03-01,8.92,8.93,8.28,8.38,31292440,271853376.000
2007-03-02,8.42,9.03,8.42,8.97,36522470,323517696.000
2007-03-05,9.10,9.52,8.73,9.32,45493654,422616096.000
2007-03-06,9.27,9.53,9.13,9.23,30823606,289723776.000
2007-03-07,9.42,10.16,9.21,10.16,73837849,732562496.000
2007-03-09,11.18,11.18,10.15,10.27,112498374,1203724928.000
2007-03-12,10.12,10.47,9.50,10.16,52673454,528270336.000
2007-03-13,10.05,10.21,9.88,9.98,27154463,273262880.000
2007-03-14,9.87,10.40,9.54,10.11,36166468,368856448.000
2007-03-15,10.12,10.31,9.92,10.08,25273660,257087808.000
2007-03-16,10.16,10.27,9.50,9.68,36334377,359791168.000
2007-03-19,9.31,9.80,9.23,9.65,26691950,257416032.000
2007-03-20,9.75,9.84,9.62,9.81,17093919,167864816.000
2007-03-21,9.84,10.16,9.82,10.08,21743417,219032688.000
2007-03-22,10.15,10.21,9.87,9.90,23552660,237422432.000
2007-03-23,9.82,9.96,9.52,9.77,23817036,232922256.000
2007-03-26,9.80,10.26,9.72,10.19,32476835,330095872.000
2007-03-27,10.17,10.60,10.03,10.44,41134658,429458400.000
2007-03-28,10.37,10.58,9.72,10.52,58059787,597061248.000
2007-03-29,10.69,10.85,10.15,10.18,58176362,617652480.000
2007-03-30,10.07,10.37,9.92,10.20,19844331,203930304.000
2007-04-02,10.17,10.30,10.07,10.22,16156596,165776384.000
2007-04-03,10.22,10.29,10.06,10.17,19637926,201175696.000
2007-04-04,10.24,10.61,10.17,10.47,35783612,376581056.000
2007-04-05,10.62,10.76,10.38,10.55,37587501,399822400.000
2007-04-06,10.42,10.90,10.37,10.89,41072419,444151264.000
2007-04-09,11.07,11.16,10.74,10.80,38033870,419127488.000
2007-04-10,10.82,10.92,10.27,10.58,36200901,385041664.000
2007-04-11,10.58,10.77,10.34,10.71,36694926,388718528.000
2007-04-12,10.74,11.79,10.53,11.78,67739637,751897728.000
2007-04-13,11.80,11.91,11.10,11.31,85188999,1002155200.000
2007-04-16,11.31,11.54,11.16,11.42,40506478,463370432.000
2007-04-17,11.47,11.52,10.90,11.32,47505834,537552448.000
2007-04-18,11.38,11.82,11.32,11.55,45332087,529506048.000
2007-04-19,11.50,11.55,10.49,10.81,56259579,627032448.000
2007-04-20,10.96,11.60,10.88,11.38,50979528,580184064.000
2007-04-23,11.87,12.30,11.78,12.00,69271974,836900864.000
2007-04-24,12.04,12.11,11.72,11.77,51938870,621299072.000
2007-04-25,11.78,11.78,11.15,11.53,40518163,467897280.000
2007-04-26,11.76,11.89,11.52,11.66,27869491,327771904.000
2007-04-27,11.72,11.72,11.14,11.32,29348775,336223840.000
2007-04-30,11.15,11.52,11.15,11.33,34843298,397919936.000
2007-05-08,11.52,11.88,11.33,11.76,51283515,600929152.000
2007-05-09,11.67,11.67,11.04,11.40,41185255,472264160.000
2007-05-10,11.39,12.41,11.18,12.00,73639739,879086592.000
2007-05-11,11.82,11.91,11.48,11.68,38640886,455333024.000
2007-05-14,11.62,12.29,11.48,11.98,57568004,697878208.000
2007-05-15,12.02,12.74,12.02,12.25,89989154,1123675136.000
2007-05-16,12.27,13.25,12.03,13.04,84904816,1084615936.000
2007-05-17,13.12,13.72,12.79,13.34,82280616,1095991808.000
2007-05-18,13.27,13.63,12.95,13.10,51711848,690499584.000
2007-05-21,12.57,13.41,12.52,13.27,55479314,725920960.000
2007-05-22,13.42,13.82,13.12,13.32,58922748,796388288.000
2007-05-23,13.49,13.60,12.92,13.38,55960638,746996672.000
2007-05-24,13.38,14.31,12.73,14.11,108768730,1487055744.000
2007-05-25,14.08,14.50,13.80,14.15,73777304,1049795712.000
2007-05-28,14.34,14.96,14.16,14.27,63983922,933618816.000
2007-05-29,14.28,14.65,13.92,14.45,57893451,831991552.000
2007-05-30,13.57,14.36,13.00,13.00,80220789,1101256448.000
2007-05-31,12.53,13.02,11.69,11.93,56262024,680449728.000
2007-06-01,11.93,12.27,10.73,11.13,63454149,722999872.000
2007-06-04,11.12,11.43,10.01,10.01,41078900,430422208.000
2007-06-05,9.57,10.52,9.00,10.41,57798583,563480832.000
2007-06-06,10.44,10.66,9.92,10.47,41318653,431755392.000
2007-06-07,10.62,11.10,10.55,11.02,52419307,574697664.000
2007-06-08,11.13,11.19,10.80,10.96,38902026,431109152.000
2007-06-11,11.22,11.91,10.98,11.55,51454272,591313088.000
2007-06-12,11.62,11.68,10.70,11.46,39118441,444833760.000
2007-06-13,11.53,12.17,11.47,11.97,56548952,672965312.000
2007-06-14,12.14,12.49,11.90,11.96,63714940,784194624.000
2007-06-18,12.17,12.82,11.92,12.71,57798462,722341696.000
2007-06-19,12.71,13.41,12.43,13.19,69822048,912640192.000
2007-06-20,13.27,13.27,12.10,12.25,43598315,561904256.000
2007-06-21,11.93,12.44,11.62,11.91,34844903,422054112.000
2007-06-22,11.97,11.97,10.71,10.72,37970602,427070240.000
2007-06-25,10.72,11.00,9.64,9.64,27875774,282638624.000
2007-06-26,9.42,10.47,9.13,10.45,30871174,307480032.000
2007-06-27,10.52,10.58,10.04,10.41,22154689,230972112.000
2007-06-28,10.32,10.37,9.36,9.37,21379995,212893696.000
2007-06-29,9.09,9.34,8.50,8.70,23058614,207153088.000
2007-07-02,8.62,9.12,8.62,9.07,16676903,149592176.000
2007-07-03,9.12,9.52,9.12,9.33,16610112,156576496.000
2007-07-04,9.37,9.48,8.82,8.94,10017064,93213280.000
2007-07-05,8.80,8.89,8.04,8.05,14859756,126197360.000
2007-07-06,7.95,8.65,7.93,8.62,15417649,129555536.000
2007-07-09,8.85,9.02,8.67,8.89,12257963,110016296.000
2007-07-10,8.91,8.97,8.42,8.45,11201323,97188088.000
2007-07-11,8.47,8.82,8.42,8.62,7787621,67740360.000
2007-07-12,8.71,9.00,8.53,8.96,11286273,100155352.000
2007-07-13,8.97,8.98,8.62,8.79,6123396,54124544.000
2007-07-16,8.83,8.87,8.39,8.40,6297087,54258024.000
2007-07-17,8.33,8.77,8.27,8.59,6688395,58223692.000
2007-07-18,8.55,8.76,8.42,8.56,6391621,55421084.000
2007-07-19,8.56,9.07,8.44,9.03,14656075,130353192.000
2007-07-20,9.10,9.69,9.10,9.45,30473703,289965472.000
2007-07-23,9.40,9.89,9.37,9.87,25132299,245334224.000
2007-07-24,9.93,10.06,9.75,9.84,21818616,217427824.000
2007-07-25,9.72,9.98,9.62,9.97,18620870,185453024.000
2007-07-26,9.98,10.27,9.91,10.07,16234778,165252656.000
2007-07-27,9.92,10.11,9.82,9.97,16385830,164166144.000
2007-07-30,9.98,10.32,9.92,10.20,18916457,193981216.000
2007-07-31,10.18,10.52,9.86,10.46,30663406,312836704.000
2007-08-01,10.41,10.42,9.51,9.56,22717165,229810128.000
2007-08-02,9.60,9.92,9.37,9.82,14967175,146445632.000
2007-08-03,9.85,9.92,9.47,9.77,19032370,186026080.000
2007-08-06,9.90,10.12,9.72,10.10,21319563,212335120.000
2007-08-07,10.09,10.09,9.76,9.89,17015765,169357248.000
2007-08-08,9.94,10.31,9.89,10.14,34844094,354905632.000
2007-08-09,10.06,10.23,9.91,9.95,16883678,169989184.000
2007-08-10,9.95,9.96,9.30,9.52,17454652,168021408.000
2007-08-13,9.53,9.62,9.10,9.31,14798436,138131360.000
2007-08-14,9.31,9.65,9.31,9.58,10218198,98086552.000
2007-08-15,9.57,9.63,9.11,9.31,11454225,107330264.000
2007-08-16,9.16,9.47,9.09,9.42,10855065,101797504.000
2007-08-17,9.44,9.77,9.37,9.55,15856140,153599296.000
2007-08-20,9.76,9.91,9.66,9.84,13728984,135405440.000
2007-08-21,9.90,10.19,9.70,10.10,22503532,226149088.000
2007-08-22,10.11,10.32,10.00,10.18,30796415,316352096.000
2007-08-23,10.20,10.24,9.90,10.12,20322715,205527024.000
2007-08-24,10.14,10.22,9.95,10.04,19730949,199470656.000
2007-08-27,10.20,10.44,10.10,10.38,32315608,334135552.000
2007-08-28,10.17,10.92,10.09,10.89,40973037,432899008.000
2007-08-29,10.84,10.84,10.27,10.60,27973970,297468480.000
2007-08-30,10.75,11.09,10.71,10.98,49338758,541196864.000
2007-08-31,11.05,11.53,10.84,10.86,33213878,371930080.000
2007-09-03,10.89,11.22,10.71,10.99,37078919,406163008.000
2007-09-04,11.01,11.02,10.61,10.67,24153674,261454352.000
2007-09-05,10.67,10.78,10.27,10.55,21425643,226256688.000
2007-09-06,10.55,10.74,10.49,10.58,17043542,181714384.000
2007-09-10,10.19,10.44,9.95,10.37,20262396,207384432.000
2007-09-11,10.42,10.48,9.35,9.50,21083803,213988176.000
2007-09-12,9.41,9.69,9.25,9.54,16874444,160355296.000
2007-09-13,9.56,9.67,9.42,9.66,12297665,118187392.000
2007-09-14,9.64,9.75,9.45,9.65,13621048,131342336.000
2007-09-17,9.60,10.06,9.52,9.95,15162332,149985808.000
2007-09-18,9.96,9.99,9.67,9.86,14684898,144880112.000
2007-09-19,9.90,10.27,9.90,10.08,20038481,203846704.000
2007-09-20,10.19,10.29,10.01,10.08,12901098,131292160.000
2007-09-21,10.10,10.19,9.49,9.72,14658939,144010816.000
2007-09-24,9.74,9.81,9.36,9.62,12643388,121678912.000
2007-09-25,9.62,10.08,9.55,10.05,19043776,189675872.000
2007-09-26,10.07,10.09,9.79,9.99,16042655,160147568.000
2007-09-27,10.09,10.42,10.09,10.36,31377633,324673504.000
2007-09-28,10.33,10.52,10.23,10.35,22188801,231664608.000
2007-10-08,10.49,10.57,10.15,10.21,14352850,148974240.000
2007-10-09,10.21,10.71,10.20,10.62,20082913,211733888.000
2007-10-10,10.69,10.71,10.32,10.50,17013265,180034032.000
2007-10-11,10.50,10.50,9.91,10.04,16455372,167553312.000
2007-10-12,10.02,10.04,9.04,9.44,27095104,258320320.000
2007-10-15,9.42,9.74,9.26,9.50,14777411,139924080.000
2007-10-16,9.54,9.70,9.23,9.49,11180740,106078824.000
2007-10-17,9.50,9.89,9.41,9.70,13785103,133619880.000
2007-10-18,9.67,9.69,9.28,9.61,9495654,90507216.000
2007-10-19,9.82,10.29,9.71,10.00,32942536,332600576.000
2007-10-22,9.82,10.34,9.64,9.88,14836680,149991104.000
2007-10-23,9.86,10.44,9.76,10.43,26307349,270187232.000
2007-10-24,10.42,10.61,10.02,10.04,24647124,255884976.000
2007-10-25,9.94,9.94,9.03,9.03,22747385,212733024.000
2007-10-26,8.84,8.94,8.43,8.57,13760816,119636704.000
2007-10-29,8.82,8.87,8.32,8.73,7269929,62853792.000
2007-10-30,8.74,8.95,8.64,8.94,7078519,62558268.000
2007-10-31,9.04,9.34,8.92,9.26,11439540,105902264.000
2007-11-01,9.15,9.49,8.80,8.82,9914709,90911248.000
2007-11-02,8.69,9.03,8.53,8.63,12524237,109990512.000
2007-11-05,8.65,9.36,8.64,9.15,12146253,111189776.000
2007-11-06,9.34,9.58,9.14,9.21,9882226,92957864.000
2007-11-07,9.30,9.32,8.90,9.11,6039710,54861984.000
2007-11-08,9.06,9.06,8.60,8.67,6345188,56568060.000
2007-11-09,8.59,9.01,8.55,8.83,7209687,63957800.000
2007-11-12,8.69,9.06,8.64,8.95,7648573,68845280.000
2007-11-13,9.05,9.17,8.90,8.99,5962815,54322216.000
2007-11-14,9.12,9.24,9.05,9.24,6780980,62565636.000
2007-11-15,9.24,9.37,8.94,9.03,6265414,57910608.000
2007-11-16,9.00,9.00,8.74,8.92,5230742,46562588.000
2007-11-19,9.02,9.29,8.94,9.24,7976419,73638160.000
2007-11-20,9.24,9.52,9.20,9.46,11518582,108415528.000
2007-11-21,9.47,9.53,9.11,9.17,8186631,77192384.000
2007-11-22,9.04,9.09,8.72,8.76,6542191,58575924.000
2007-11-23,8.76,9.04,8.74,9.04,3396308,30470428.000
2007-11-26,9.16,9.25,8.85,8.87,4549593,41582576.000
2007-11-27,8.92,9.14,8.82,8.92,3423950,31004152.000
2007-11-28,8.96,9.20,8.85,9.03,4396673,40170352.000
2007-11-29,9.14,9.23,8.97,9.22,5770119,52956000.000
2007-11-30,9.15,9.22,9.00,9.02,4695597,43024784.000
2007-12-03,9.02,9.16,8.94,9.09,6882909,62485936.000
2007-12-04,9.12,9.23,9.03,9.10,6297028,57876840.000
2007-12-05,8.96,9.63,8.96,9.55,23602853,224077056.000
2007-12-06,9.50,10.23,9.46,10.03,25916584,257161888.000
2007-12-07,10.02,10.18,9.71,10.04,28232395,282135744.000
2007-12-10,9.88,10.28,9.79,10.13,18401241,187182176.000
2007-12-11,10.19,10.38,10.01,10.23,17329937,177944192.000
2007-12-12,10.23,10.24,9.95,10.10,12717137,128850840.000
2007-12-13,10.02,10.13,9.63,9.69,12702562,126305104.000
2007-12-14,9.55,10.18,9.55,10.14,11848836,118031280.000
2007-12-17,10.19,10.94,10.11,10.49,33857685,360164064.000
2007-12-18,10.44,10.68,10.29,10.55,13981512,147982368.000
2007-12-19,10.59,11.01,10.54,10.60,27502984,298770656.000
2007-12-20,10.55,10.92,10.46,10.68,17619871,189677664.000
2007-12-21,10.67,11.38,10.61,11.28,34161315,378351328.000
2007-12-24,11.47,11.51,11.04,11.11,41071139,466799552.000
2007-12-25,11.19,12.03,11.07,11.83,42520534,492503648.000
2007-12-26,11.83,12.09,11.69,11.90,24871778,298297920.000
2007-12-27,12.02,12.22,11.76,11.79,21299339,255347312.000
2007-12-28,11.93,12.15,11.77,11.87,20225704,243555936.000
2008-01-02,11.82,12.31,11.72,12.14,21030419,254665200.000
2008-01-03,12.06,12.48,12.00,12.04,21789297,267163232.000
2008-01-04,12.02,12.02,11.65,11.77,24590136,291483712.000
2008-01-07,11.79,12.08,11.60,11.81,23399910,277404032.000
2008-01-08,11.77,12.04,11.32,11.42,30801827,357510080.000
2008-01-09,11.44,11.70,11.39,11.59,14879494,172633856.000
2008-01-10,11.61,12.14,11.49,11.74,25691556,305829408.000
2008-01-11,11.76,12.44,11.52,12.35,34658289,419886400.000
2008-01-14,12.41,12.74,12.20,12.50,30288906,379799008.000
2008-01-15,12.50,12.58,12.17,12.36,18472708,228852720.000
2008-01-16,12.24,12.24,11.81,11.88,21441576,258318672.000
2008-01-17,11.75,12.38,11.14,12.19,31704361,380077216.000
2008-01-18,12.12,12.74,11.99,12.39,34254188,430261824.000
2008-01-21,12.42,12.71,11.44,11.59,25273245,309005216.000
2008-01-22,11.22,11.31,10.43,10.43,22128711,238354688.000
2008-01-23,10.32,11.13,10.16,11.02,25470422,275781920.000
2008-01-24,11.04,11.68,10.94,11.35,26987953,309566304.000
2008-01-25,11.59,12.33,11.59,12.13,44807668,540360768.000
2008-01-28,12.23,12.34,11.24,11.68,34336906,410449120.000
2008-01-29,11.89,12.48,11.89,12.43,34308988,422229952.000
2008-01-30,12.59,12.64,11.85,12.09,27720839,342962496.000
2008-01-31,12.17,12.29,11.06,11.11,22158300,259469792.000
2008-02-01,11.22,11.42,10.17,10.66,20136165,217155808.000
2008-02-04,11.12,11.73,10.94,11.72,11621221,133485176.000
2008-02-05,11.72,11.94,11.45,11.65,10591307,124527904.000
2008-02-13,11.63,11.89,11.30,11.86,8214724,96414328.000
2008-02-14,12.05,12.12,11.82,11.92,8850035,106609352.000
2008-02-15,11.79,11.84,11.24,11.52,13148896,151482368.000
2008-02-18,11.79,12.22,11.55,12.11,21930075,263039728.000
2008-02-19,12.17,13.33,11.97,13.03,67214013,868940096.000
2008-02-20,13.01,13.40,12.67,13.12,47152055,618067136.000
2008-02-21,13.00,13.60,12.94,13.15,42154228,564329472.000
2008-02-22,13.24,13.30,12.29,12.76,32599769,417964576.000
2008-02-25,12.87,13.16,12.41,12.86,27906160,359784320.000
2008-02-26,13.21,13.62,12.69,13.19,34907041,463102880.000
2008-02-27,13.44,13.55,12.93,13.06,25139601,332799136.000
2008-02-28,13.11,14.21,12.86,13.99,51813860,709592000.000
2008-02-29,13.74,14.07,13.65,13.91,36234451,504207680.000
2008-03-03,13.79,14.54,13.71,14.08,40882744,582680384.000
2008-03-04,14.14,14.40,13.56,13.59,33892424,473816832.000
2008-03-05,13.58,13.84,12.96,13.42,29854481,400353920.000
2008-03-06,13.42,13.92,13.32,13.53,22110996,301800832.000
2008-03-07,13.44,13.44,12.90,13.04,19535404,256701632.000
2008-03-10,12.94,12.94,12.16,12.25,20938391,263369440.000
2008-03-11,11.99,12.82,11.99,12.80,13165755,164908944.000
2008-03-12,13.01,13.06,12.19,12.21,10647677,134489760.000
2008-03-13,12.11,12.37,11.33,11.75,15525636,185502816.000
2008-03-14,11.65,11.93,11.40,11.48,9075414,105956096.000
2008-03-17,11.54,11.54,10.33,10.33,18318447,199638736.000
2008-03-18,10.29,10.52,9.29,9.48,17759584,172908192.000
2008-03-19,9.70,10.20,9.54,9.87,15866689,157582576.000
2008-03-20,9.65,10.52,9.10,10.14,18514534,184095456.000
2008-03-21,10.26,10.69,10.10,10.46,17000008,178655424.000
2008-03-24,10.63,10.90,10.25,10.40,18173613,193427872.000
2008-03-25,10.15,10.93,10.14,10.90,19480331,209326672.000
2008-03-26,10.95,11.49,10.65,11.46,25946783,290745312.000
2008-04-03,10.31,10.31,10.31,10.31,1556300,16138831.000
2008-04-07,9.27,10.61,9.27,10.36,28347617,284292544.000
2008-04-08,10.09,10.68,9.95,10.39,18582013,193279456.000
2008-04-09,10.25,10.48,9.35,9.35,20930814,205351584.000
2008-04-10,9.19,9.20,8.44,9.03,25379808,225741776.000
2008-04-11,9.14,9.32,8.96,9.04,12233404,112452504.000
2008-04-14,8.79,8.79,8.13,8.13,13746664,116050656.000
2008-04-15,8.14,8.66,8.04,8.62,12826268,107877368.000
2008-04-16,8.52,8.80,8.30,8.34,8433408,72403928.000
2008-04-17,8.34,8.63,7.72,8.14,11736106,95181384.000
2008-04-21,8.72,8.73,7.32,7.32,19829704,156443152.000
2008-04-22,7.13,7.13,6.58,6.86,15313965,104806160.000
2008-04-23,6.86,7.24,6.69,7.19,9888013,70353872.000
2008-04-24,7.92,7.92,7.64,7.92,27600490,218639344.000
2008-04-25,7.99,8.50,7.56,8.09,19988607,166076160.000
2008-04-28,7.94,8.32,7.72,8.11,12436009,101501352.000
2008-04-29,8.14,8.40,8.05,8.21,10390038,86093840.000
2008-04-30,8.32,8.62,8.16,8.52,18867941,159779056.000
2008-05-05,8.65,8.92,8.49,8.81,17819407,155245968.000
2008-05-06,8.73,9.01,8.45,8.66,20400026,178707488.000
2008-05-07,8.54,8.84,7.96,7.98,17739779,150471056.000
2008-05-08,7.85,8.36,7.85,8.28,12201173,100283864.000
2008-05-09,8.33,8.62,8.14,8.36,14545345,122611288.000
2008-05-12,8.24,8.68,8.09,8.54,14949464,127039184.000
2008-05-13,8.22,8.52,8.15,8.28,15658934,131216896.000
2008-05-14,8.24,8.92,8.24,8.79,20797665,181927840.000
2008-05-15,8.88,9.01,8.65,8.66,17998919,160198256.000
2008-05-16,8.70,9.14,8.55,9.12,20683791,184028720.000
2008-05-19,8.99,9.12,8.79,8.92,12592105,113705696.000
2008-05-20,8.85,9.09,8.27,8.34,17230198,149882080.000
2008-05-21,8.24,8.74,7.85,8.62,17480995,144452928.000
2008-05-22,8.43,8.83,8.35,8.53,14987969,130375896.000
2008-05-23,8.53,9.30,8.12,9.04,33620647,299413280.000
2008-05-26,9.01,9.24,8.72,9.13,32824231,299147520.000
2008-05-27,9.14,9.20,8.73,8.98,18348628,165459808.000
2008-05-28,9.04,9.60,9.00,9.40,37110127,349310752.000
2008-05-29,9.26,9.62,9.12,9.14,24857395,234059296.000
2008-05-30,9.19,9.56,8.96,9.09,22627518,211049856.000
2008-06-02,9.12,9.22,8.77,9.08,16555422,149535456.000
2008-06-03,9.14,9.45,8.99,9.14,17367270,161203040.000
2008-06-04,9.07,9.07,8.59,8.63,14556819,128286952.000
2008-06-05,8.53,8.74,8.22,8.24,13154967,111441640.000
2008-06-06,8.26,8.38,8.10,8.13,7020251,58172296.000
2008-06-10,7.71,7.82,7.31,7.31,9366934,70497088.000
2008-06-11,7.03,7.59,6.89,7.30,12216115,88560104.000
2008-06-12,7.23,7.29,6.72,6.94,13593376,95662312.000
2008-06-13,7.01,7.03,6.46,6.51,9394414,63772468.000
2008-06-16,6.60,6.67,6.24,6.32,7626921,49334172.000
2008-06-17,6.36,6.42,5.68,5.68,12970833,78483376.000
2008-06-18,5.64,6.14,5.44,6.10,14176021,83690608.000
2008-06-19,6.02,6.08,5.48,5.48,12711369,73988856.000
2008-06-23,5.75,6.03,5.62,6.03,18202389,109411776.000
2008-06-24,6.03,6.32,5.87,6.25,23501661,145302736.000
2008-06-25,6.14,6.64,6.08,6.58,19379319,125813216.000
2008-06-26,6.52,6.76,6.42,6.62,16128202,107432248.000
2008-06-27,6.34,6.46,5.96,6.09,13873173,87460776.000
2008-06-30,5.90,6.17,5.84,6.04,8696350,52848368.000
2008-07-01,6.06,6.12,5.85,5.86,6579053,39577184.000
2008-07-02,5.86,6.21,5.85,6.07,9986836,61134988.000
2008-07-03,5.97,6.58,5.87,6.45,15721588,100250376.000
2008-07-04,6.34,6.65,6.24,6.41,12594565,82166424.000
2008-07-07,6.42,6.77,6.36,6.70,17408472,116545008.000
2008-07-08,6.72,7.12,6.58,7.01,24589903,170196768.000
2008-07-09,6.94,7.12,6.85,7.07,23782153,167627520.000
2008-07-10,6.94,7.27,6.84,6.85,19430244,137367104.000
2008-07-11,6.76,7.00,6.72,6.84,12323740,85139560.000
2008-07-14,6.74,7.05,6.74,7.04,10563659,74045776.000
2008-07-15,7.09,7.12,6.49,6.55,18977832,129319552.000
2008-07-16,6.39,6.57,5.96,6.14,12383781,78515512.000
2008-07-17,6.28,6.39,5.98,6.04,8765084,54627600.000
2008-07-18,6.13,6.39,5.89,6.34,9632414,59644324.000
2008-07-21,6.22,6.71,6.19,6.70,12407109,81754032.000
2008-07-22,6.65,6.99,6.59,6.87,16546448,113958816.000
2008-07-23,6.95,6.96,6.69,6.72,16735302,114952560.000
2008-07-24,6.80,7.01,6.74,6.94,12684911,88089680.000
2008-07-25,6.84,7.04,6.77,6.82,11688607,81656496.000
2008-07-28,6.85,6.97,6.79,6.84,10948862,75836360.000
2008-07-29,6.74,6.77,6.52,6.60,10985930,73253000.000
2008-07-30,6.68,6.78,6.44,6.63,7366151,49283008.000
2008-07-31,6.61,6.66,6.28,6.34,6124619,39731816.000
2008-08-01,6.29,6.58,6.23,6.49,6255809,40438376.000
2008-08-04,6.44,6.46,6.24,6.29,3752839,24085956.000
2008-08-05,6.33,6.39,6.03,6.08,5251964,32775062.000
2008-08-06,6.15,6.25,6.00,6.10,5302993,32797716.000
2008-08-07,6.14,6.19,6.00,6.06,4830445,29661042.000
2008-08-08,6.08,6.14,5.46,5.48,8186451,47488684.000
2008-08-11,5.56,5.57,4.96,5.02,9150149,48671572.000
2008-08-12,5.06,5.19,4.96,5.05,6085136,31091768.000
2008-08-13,5.08,5.19,4.86,5.13,7004879,35545288.000
2008-08-14,5.12,5.19,5.05,5.10,3773878,19520062.000
2008-08-15,5.13,5.16,5.00,5.07,4930532,25276048.000
2008-08-18,5.09,5.11,4.59,4.61,6197159,29999428.000
2008-08-19,4.58,4.77,4.53,4.75,4449541,21042206.000
2008-08-20,4.54,5.15,4.49,5.12,20266217,100657920.000
2008-08-21,4.93,5.07,4.75,4.77,10508878,52134272.000
2008-08-22,4.68,4.76,4.31,4.52,8560969,39002904.000
2008-08-25,4.46,4.62,4.46,4.51,3323734,15242228.000
2008-08-26,4.42,4.50,4.06,4.07,7751376,32724892.000
2008-08-27,4.07,4.16,3.95,4.08,5631292,23121398.000
2008-08-28,4.06,4.17,3.99,4.08,3687891,15309582.000
2008-08-29,4.10,4.30,4.10,4.22,6630087,28156744.000
2008-09-01,4.21,4.21,4.04,4.07,4061905,16821640.000
2008-09-02,4.04,4.37,4.01,4.25,8306228,35426472.000
2008-09-03,4.19,4.34,4.13,4.30,5922766,25226840.000
2008-09-04,4.26,4.41,4.23,4.35,6180644,27017876.000
2008-09-05,4.16,4.23,4.06,4.07,6061622,25306860.000
2008-09-08,4.03,4.13,3.86,3.87,5369150,21565344.000
2008-09-09,3.89,4.00,3.88,3.95,3517941,14007860.000
2008-09-10,3.96,4.13,3.90,4.02,5666136,23216062.000
2008-09-11,4.02,4.06,3.94,3.98,3588358,14443809.000
2008-09-12,3.97,4.05,3.90,3.96,3373067,13565378.000
2008-09-16,3.96,3.96,3.76,3.78,5386804,20930468.000
2008-09-17,3.77,3.85,3.51,3.62,5841149,21621288.000
2008-09-18,3.54,3.61,3.28,3.53,8035817,28024326.000
2008-09-19,3.86,3.89,3.79,3.89,7703558,30101700.000
2008-09-22,4.16,4.28,3.93,4.06,17840906,73832560.000
2008-09-23,3.86,3.96,3.73,3.74,8113628,31425932.000
2008-09-24,3.71,3.83,3.57,3.82,6255959,23421378.000
2008-09-25,3.84,3.99,3.79,3.90,10831915,42648396.000
2008-09-26,3.91,3.97,3.78,3.84,7071522,27674276.000
2008-10-06,3.77,3.79,3.56,3.59,5691083,21099074.000
2008-10-07,3.45,3.67,3.39,3.66,5013176,18053540.000
2008-10-08,3.58,3.84,3.55,3.71,11319630,42919000.000
2008-10-09,3.77,3.80,3.61,3.65,5524608,20753556.000
2008-10-10,3.54,3.54,3.30,3.49,7242786,24986824.000
2008-10-13,3.37,3.51,3.23,3.49,5385955,18316936.000
2008-10-14,3.62,3.63,3.30,3.31,6133589,21708600.000
2008-10-15,3.27,3.37,3.19,3.27,3266679,10774387.000
2008-10-16,3.15,3.17,2.98,3.01,4526248,14222377.000
2008-10-17,3.06,3.16,3.01,3.09,3830177,11993808.000
2008-10-20,3.10,3.23,3.06,3.22,4292930,13770598.000
2008-10-21,3.25,3.25,3.16,3.18,4920590,15989251.000
2008-10-22,3.16,3.24,3.09,3.16,5530468,17725958.000
2008-10-23,3.06,3.17,3.06,3.15,3505788,11047694.000
2008-10-24,3.17,3.20,3.03,3.07,3757482,11796101.000
2008-10-27,2.98,3.01,2.76,2.76,5492904,15952881.000
2008-10-28,2.71,2.86,2.68,2.83,5410963,15275781.000
2008-10-29,2.87,2.91,2.77,2.78,5323675,15341458.000
2008-10-30,2.81,2.88,2.81,2.83,5703789,16466902.000
2008-10-31,2.86,2.86,2.72,2.75,4344046,12209918.000
2008-11-03,2.76,2.79,2.67,2.68,3047636,8479220.000
2008-11-04,2.68,2.74,2.62,2.69,3578068,9725566.000
2008-11-05,2.72,2.84,2.72,2.79,4714914,13328893.000
2008-11-06,2.72,2.87,2.67,2.83,7226145,20389390.000
2008-11-07,2.75,2.90,2.74,2.88,5987130,17354356.000
2008-11-10,2.95,3.10,2.90,3.07,13642206,41518700.000
2008-11-11,3.07,3.09,2.98,3.01,10374935,31956396.000
2008-11-12,2.97,3.08,2.97,3.08,7005458,21582068.000
2008-11-13,3.04,3.27,3.01,3.22,15732942,50474360.000
2008-11-14,3.55,3.55,3.55,3.55,8781002,31523796.000
2008-11-17,3.86,3.86,3.60,3.86,49447887,187562352.000
2008-11-18,3.76,3.83,3.47,3.47,29342440,108323576.000
2008-11-19,3.41,3.78,3.39,3.72,20957011,76716984.000
2008-11-20,3.64,3.86,3.57,3.69,20250565,76334928.000
2008-11-21,3.56,3.81,3.42,3.63,17434553,63648124.000
2008-11-24,3.64,3.74,3.47,3.49,9810980,35671172.000
2008-11-25,3.59,3.62,3.28,3.45,9602384,33480252.000
2008-11-26,3.42,3.51,3.34,3.38,6495906,22530636.000
2008-11-27,3.65,3.66,3.38,3.40,12220514,43505336.000
2008-11-28,3.37,3.44,3.31,3.41,6547926,22381444.000
2008-12-01,3.38,3.60,3.32,3.58,9829590,34896160.000
2008-12-02,3.49,3.70,3.45,3.67,15123364,55437664.000
2008-12-03,3.74,3.83,3.68,3.80,23366255,88973784.000
2008-12-04,3.86,4.09,3.77,3.83,34425161,136018944.000
2008-12-05,3.83,4.01,3.77,3.91,19501963,76259392.000
2008-12-08,3.96,4.06,3.92,4.03,22216357,89542096.000
2008-12-09,4.03,4.05,3.78,3.80,18910931,74634896.000
2008-12-10,3.81,3.95,3.79,3.93,14829353,58156640.000
2008-12-11,3.92,3.92,3.71,3.72,17220478,66295332.000
2008-12-12,3.70,3.73,3.47,3.53,11441644,41576356.000
2008-12-15,3.63,3.68,3.52,3.65,9630083,35116988.000
2008-12-16,3.66,3.68,3.45,3.62,10419958,37460284.000
2008-12-17,3.99,3.99,3.77,3.82,51124485,202362416.000
2008-12-18,3.68,3.94,3.66,3.91,39426271,152483584.000
2008-12-19,3.86,3.94,3.80,3.86,20935602,82076336.000
2008-12-22,3.85,3.91,3.70,3.83,14324280,55085888.000
2008-12-23,3.81,3.83,3.51,3.52,15393021,57035088.000
2008-12-24,3.46,3.63,3.45,3.51,10472685,37384148.000
2008-12-25,3.54,3.58,3.30,3.37,14563658,50260388.000
2008-12-26,3.37,3.42,3.32,3.36,7759473,26461448.000
2008-12-29,3.35,3.39,3.16,3.27,11636831,38045756.000
2008-12-30,3.27,3.34,3.23,3.26,6030337,20011266.000
2008-12-31,3.28,3.30,3.14,3.15,7324266,23740860.000
2009-01-05,3.22,3.31,3.20,3.30,8629118,28428252.000
2009-01-06,3.30,3.45,3.25,3.41,12814554,43574940.000
2009-01-07,3.42,3.47,3.37,3.41,10767743,37238344.000
2009-01-08,3.34,3.37,3.23,3.26,9878867,32949010.000
2009-01-09,3.23,3.42,3.23,3.39,11247160,38037724.000
2009-01-12,3.40,3.52,3.38,3.45,16409594,57710684.000
2009-01-13,3.40,3.42,3.29,3.33,8957774,30419400.000
2009-01-14,3.33,3.46,3.32,3.45,10202836,35242468.000
2009-01-15,3.40,3.71,3.38,3.59,25532912,91831608.000
2009-01-16,3.62,3.76,3.62,3.65,31002409,115359856.000
2009-01-19,3.70,3.71,3.55,3.65,16408718,60075300.000
2009-01-20,3.62,3.78,3.59,3.75,19356164,72499848.000
2009-01-21,3.69,3.90,3.66,3.86,44047017,169075808.000
2009-01-22,3.86,3.92,3.77,3.86,33522763,130618880.000
2009-01-23,3.92,3.92,3.78,3.83,23136670,90271936.000
2009-02-02,3.89,3.98,3.86,3.94,32068075,126699328.000
2009-02-03,3.98,4.14,3.97,4.09,39367723,161002480.000
2009-02-04,4.16,4.20,4.02,4.11,32803546,135210192.000
2009-02-05,4.11,4.11,3.89,3.94,34410819,139612400.000
2009-02-06,3.96,4.33,3.94,4.26,51046687,214517776.000
2009-02-09,4.31,4.38,4.17,4.35,48327330,208538048.000
2009-02-10,4.28,4.52,4.22,4.48,40661671,179145184.000
2009-02-11,4.38,4.93,4.35,4.92,102989082,498875040.000
2009-02-12,4.86,4.96,4.66,4.92,54608148,265228704.000
2009-02-13,5.00,5.18,4.96,5.07,66992484,343355424.000
2009-02-16,5.16,5.17,4.86,5.08,60934407,307297728.000
2009-02-17,5.09,5.10,4.72,4.77,38768368,190855456.000
2009-02-18,4.66,4.82,4.50,4.52,28879219,136589712.000
2009-02-19,4.69,4.80,4.52,4.63,32136997,151352928.000
2009-02-20,4.63,4.88,4.52,4.86,31318120,150009328.000
2009-02-23,4.84,5.01,4.75,4.99,30230513,149280160.000
2009-02-24,4.88,4.95,4.56,4.58,34325806,165148864.000
2009-02-25,4.64,4.81,4.44,4.59,28527716,133239488.000
2009-02-26,4.57,4.81,4.14,4.30,31085770,143781664.000
2009-02-27,4.16,4.28,3.87,4.00,24882912,101010104.000
2009-03-02,3.95,4.09,3.91,4.05,15557851,63321904.000
2009-03-03,3.93,4.05,3.87,3.99,18695484,74687440.000
2009-03-04,4.00,4.31,4.00,4.30,36689248,154336992.000
2009-03-05,4.39,4.47,4.22,4.35,45352452,199481216.000
2009-03-06,4.23,4.34,4.21,4.26,16127479,69476592.000
2009-03-09,4.29,4.34,3.96,3.98,20050929,83861464.000
2009-03-10,3.96,4.10,3.90,4.09,15649529,63207672.000
2009-03-11,4.16,4.20,4.01,4.05,15666651,65204408.000
2009-03-12,4.02,4.11,3.93,4.09,12050301,48962888.000
2009-03-13,4.11,4.20,4.05,4.08,12679336,52902240.000
2009-03-16,4.06,4.12,3.99,4.10,8944146,36647568.000
2009-03-17,4.11,4.40,4.11,4.34,32816927,141711168.000
2009-03-18,4.41,4.45,4.34,4.38,38124400,168966064.000
2009-03-19,4.37,4.50,4.32,4.49,28149953,125362304.000
2009-03-20,4.48,4.48,4.32,4.38,23322664,103360056.000
2009-03-23,4.40,4.44,4.35,4.44,24586481,109492760.000
2009-03-24,4.49,4.54,4.42,4.48,25739106,116304816.000
2009-03-25,4.46,4.46,4.27,4.28,22384192,99059824.000
2009-03-26,4.28,4.41,4.23,4.40,16298050,71128224.000
2009-03-27,4.43,4.61,4.39,4.56,37413491,169779392.000
2009-03-30,4.53,4.63,4.48,4.51,19731486,90453944.000
2009-03-31,4.37,4.55,4.33,4.54,19717368,88351920.000
2009-04-07,5.00,5.00,4.69,4.77,71640173,348946752.000
2009-04-08,4.75,5.25,4.70,5.25,60481238,314403456.000
2009-04-09,5.34,5.38,5.04,5.18,103313953,542100864.000
2009-04-10,5.14,5.64,5.11,5.37,83046995,452478080.000
2009-04-13,5.34,5.53,5.27,5.41,61596842,334271296.000
2009-04-14,5.33,5.86,5.28,5.73,80549424,451467744.000
2009-04-15,5.66,6.05,5.59,5.91,71608674,423382080.000
2009-04-16,6.01,6.07,5.61,5.69,58393741,339549024.000
2009-04-17,5.69,5.78,5.37,5.45,41519267,231296352.000
2009-04-20,5.42,5.84,5.42,5.75,41080886,236186736.000
2009-04-21,5.76,5.76,5.43,5.63,36586193,205880464.000
2009-04-22,5.63,5.66,5.16,5.20,36640392,200240800.000
2009-04-23,5.15,5.39,5.10,5.35,23401767,124127904.000
2009-04-24,5.32,5.38,5.19,5.22,19068093,101327408.000
2009-04-27,5.19,5.35,5.04,5.08,20666731,108508544.000
2009-04-28,5.07,5.17,4.97,5.13,17968049,91917400.000
2009-04-29,5.14,5.34,5.14,5.30,23058084,121911808.000
2009-04-30,5.30,5.40,5.24,5.27,24698258,132151840.000
2009-05-04,5.23,5.53,5.23,5.47,28524812,155499488.000
2009-05-05,5.50,5.61,5.42,5.52,27001458,150411232.000
2009-05-06,5.51,5.59,5.45,5.57,26118395,145550464.000
2009-05-07,5.63,5.66,5.31,5.45,30762357,169080832.000
2009-05-08,5.42,5.59,5.37,5.50,25668703,141869824.000
2009-05-11,5.53,5.62,5.26,5.29,27491104,152165296.000
2009-05-12,5.22,5.42,5.16,5.38,16493898,87251368.000
2009-05-13,5.35,5.44,5.31,5.37,14604303,79149280.000
2009-05-14,5.34,5.61,5.29,5.58,33571685,186809360.000
2009-05-15,5.55,6.05,5.49,5.86,59287048,344890048.000
2009-05-18,5.81,5.91,5.66,5.85,29312629,170493024.000
2009-05-19,5.88,5.91,5.68,5.76,26116772,151717968.000
2009-05-20,5.75,5.76,5.61,5.63,23389258,133419352.000
2009-05-21,5.57,5.62,5.32,5.41,24838601,136680848.000
2009-05-22,5.41,5.55,5.31,5.50,17112653,93947096.000
2009-05-25,5.34,5.55,5.27,5.53,20500727,111444352.000
2009-05-26,5.52,5.81,5.46,5.65,37515107,214371312.000
2009-05-27,5.66,5.70,5.45,5.50,17381057,97034032.000
2009-06-01,5.54,5.59,5.47,5.54,14917863,83190344.000
2009-06-02,5.54,5.59,5.49,5.53,15799137,88068488.000
2009-06-03,5.49,5.57,5.48,5.52,16232527,90368560.000
2009-06-04,5.54,5.62,5.40,5.48,19811087,109615984.000
2009-06-05,5.48,5.50,5.34,5.38,18824580,102442488.000
2009-06-08,5.40,5.49,5.32,5.38,12755096,69578240.000
2009-06-09,5.38,5.45,5.31,5.42,11258204,60968860.000
2009-06-10,5.44,5.64,5.40,5.63,26690600,148778704.000
2009-06-11,5.64,5.64,5.41,5.47,21851216,121540288.000
2009-06-12,5.50,5.50,5.21,5.29,17163824,92364056.000
2009-06-15,5.26,5.40,5.26,5.37,9736020,52272500.000
2009-06-16,5.32,5.43,5.27,5.38,11968538,64565168.000
2009-06-17,5.35,5.43,5.32,5.41,10376658,56316236.000
2009-06-18,5.44,5.57,5.38,5.51,24713606,136854144.000
2009-06-19,5.50,5.59,5.46,5.54,23555058,131288392.000
2009-06-22,5.59,5.59,5.44,5.46,15511430,86194096.000
2009-06-23,5.38,5.55,5.35,5.54,15837765,87481328.000
2009-06-24,5.56,5.63,5.49,5.53,22059997,123631720.000
2009-06-26,5.53,5.55,5.41,5.50,13951754,76835736.000
2009-06-29,5.51,5.52,5.41,5.45,13551646,74367040.000
2009-06-30,5.46,5.58,5.41,5.50,18321939,101371064.000
2009-07-01,5.47,5.58,5.45,5.54,19750259,109932296.000
2009-07-02,5.57,5.69,5.56,5.68,34055570,192844288.000
2009-07-03,5.65,5.91,5.61,5.82,51496245,301688032.000
2009-07-06,5.88,6.00,5.72,5.86,41794876,247122416.000
2009-07-07,5.82,5.94,5.68,5.70,30087609,175686976.000
2009-07-08,5.71,5.80,5.64,5.78,24455099,140926800.000
2009-07-09,5.83,6.13,5.83,6.03,60055051,361317664.000
2009-07-10,5.97,6.08,5.94,5.95,28566593,172423168.000
2009-07-13,5.97,6.10,5.92,5.95,26752344,161509632.000
2009-07-14,5.95,6.07,5.94,6.04,26118310,157795056.000
2009-07-15,6.04,6.20,5.97,6.16,38516484,236189376.000
2009-07-16,6.22,6.46,6.13,6.15,45554149,288485184.000
2009-07-17,6.16,6.27,6.00,6.09,33796411,208572224.000
2009-07-20,6.10,6.28,6.04,6.19,29819466,184698928.000
2009-07-21,6.19,6.22,5.83,5.85,38584657,232336016.000
2009-07-22,5.89,5.92,5.83,5.90,26158501,154629152.000
2009-07-23,5.93,6.12,5.86,6.11,33072122,199106432.000
2009-07-24,6.08,6.10,5.84,5.92,25293925,152011952.000
2009-07-27,5.94,6.11,5.92,6.09,25412306,153178576.000
2009-07-28,6.34,6.64,6.34,6.42,86129809,559316224.000
2009-07-29,6.27,6.32,5.77,5.85,45929166,282934144.000
2009-07-30,5.91,6.12,5.87,6.11,31536913,190663760.000
2009-07-31,6.21,6.36,6.08,6.29,41255367,260287008.000
2009-08-03,6.31,6.34,6.18,6.34,30947427,195435008.000
2009-08-04,6.37,6.38,6.14,6.34,26537607,167047520.000
2009-08-05,6.31,6.54,6.24,6.45,40906567,263929504.000
2009-08-06,6.39,6.39,6.11,6.18,25263120,158597712.000
2009-08-07,6.19,6.38,6.06,6.09,26866886,168414256.000
2009-08-10,6.20,6.23,5.95,6.11,17703887,108590504.000
2009-08-11,6.13,6.15,6.03,6.13,9887162,60677984.000
2009-08-12,6.10,6.10,5.65,5.68,21897799,129221768.000
2009-08-13,5.66,5.74,5.57,5.67,12875274,73321952.000
2009-08-14,5.68,5.71,5.26,5.30,16264618,89150224.000
2009-08-17,5.25,5.31,5.02,5.05,14097353,73021512.000
2009-08-18,4.99,5.15,4.99,5.13,9083358,46509720.000
2009-08-19,5.14,5.14,4.69,4.76,12272640,61018832.000
2009-08-20,4.80,4.98,4.77,4.94,12323169,60650204.000
2009-08-21,4.93,5.07,4.90,5.04,16356811,82267864.000
2009-08-24,5.04,5.12,4.96,5.09,14633029,74496776.000
2009-08-25,5.07,5.43,4.93,5.35,35090486,183445616.000
2009-08-26,5.27,5.62,5.19,5.54,32029882,174279472.000
2009-08-27,5.46,5.56,5.31,5.41,21705847,118881248.000
2009-08-28,5.41,5.42,5.18,5.21,12647275,66851536.000
2009-08-31,5.17,5.17,4.79,4.81,13841844,69003376.000
2009-09-01,4.84,4.97,4.82,4.87,10062763,49649312.000
2009-09-02,4.85,4.95,4.74,4.93,7767880,38112020.000
2009-09-03,4.93,5.14,4.93,5.13,12501186,63605028.000
2009-09-04,5.12,5.20,5.08,5.16,11110644,57490636.000
2009-09-07,5.17,5.28,5.12,5.18,12992785,67973008.000
2009-09-08,5.15,5.22,5.07,5.22,11712193,60836596.000
2009-09-09,5.23,5.34,5.14,5.27,18340668,97025160.000
2009-09-10,5.31,5.47,5.23,5.38,25520228,137517664.000
2009-09-11,5.38,5.48,5.31,5.39,20742352,112664512.000
2009-09-14,5.38,5.63,5.35,5.53,27628311,152815072.000
2009-09-15,5.51,5.95,5.51,5.85,50512903,292147648.000
2009-09-16,5.78,6.12,5.74,5.93,52756339,314936416.000
2009-09-17,6.01,6.53,5.92,6.53,117914802,756646656.000
2009-09-18,6.60,6.60,5.88,5.99,109668255,691663360.000
2009-09-21,5.86,6.26,5.82,6.14,50230270,305878080.000
2009-09-22,6.03,6.08,5.77,5.77,31567054,188397024.000
2009-09-23,5.73,5.97,5.61,5.75,25966140,151108000.000
2009-09-24,5.67,5.73,5.44,5.59,19342345,108781520.000
2009-09-25,5.59,5.72,5.51,5.60,15205835,85970472.000
2009-09-28,5.62,5.76,5.26,5.33,16632481,92430360.000
2009-09-29,5.33,5.38,5.02,5.15,15012157,78085432.000
2009-09-30,5.25,5.31,5.19,5.20,11608242,61259896.000
2009-10-09,5.29,5.51,5.29,5.46,14641506,80027648.000
2009-10-12,5.47,5.77,5.43,5.65,21883533,124410528.000
2009-10-13,5.57,5.74,5.53,5.72,14012000,79494536.000
2009-10-14,5.72,5.87,5.66,5.71,19520267,113146816.000
2009-10-15,5.73,5.80,5.65,5.70,11582645,66503472.000
2009-10-16,5.71,5.75,5.54,5.72,14161386,80236120.000
2009-10-19,5.73,5.92,5.67,5.86,19476457,113918320.000
2009-10-20,5.87,6.05,5.84,5.95,19813718,118510952.000
2009-10-21,5.96,5.97,5.78,5.81,17988797,105990864.000
2009-10-22,5.80,5.96,5.73,5.87,17156915,101248008.000
2009-10-23,5.95,6.20,5.94,6.05,36433127,223255328.000
2009-10-26,6.02,6.07,5.94,6.02,16627125,100300288.000
2009-10-27,5.98,5.98,5.76,5.77,19526653,115100976.000
2009-10-28,5.74,5.86,5.68,5.86,11944806,69355152.000
2009-10-29,5.76,5.76,5.65,5.66,11917925,68182480.000
2009-10-30,5.73,5.79,5.65,5.68,11874073,68325688.000
2009-11-02,5.53,5.79,5.48,5.78,15850815,90123576.000
2009-11-03,5.80,5.94,5.77,5.93,20159370,119257296.000
2009-11-04,5.93,6.15,5.90,6.12,32718541,198548224.000
2009-11-05,6.07,6.13,5.97,6.07,20877558,127095544.000
2009-11-06,6.11,6.14,6.03,6.04,19805721,120873664.000
2009-11-09,6.02,6.14,6.00,6.13,19845123,121004232.000
2009-11-10,6.15,6.16,6.04,6.05,17346328,106065136.000
2009-11-11,6.04,6.12,5.99,6.10,15479344,94489200.000
2009-11-12,6.10,6.27,6.08,6.13,29085181,180333920.000
2009-11-13,6.11,6.21,6.03,6.18,21316132,131237264.000
2009-11-16,6.20,6.35,6.17,6.34,33453524,211895728.000
2009-11-17,6.35,6.39,6.26,6.34,25212073,160278768.000
2009-11-18,6.33,6.51,6.21,6.45,40526138,259339296.000
2009-11-19,6.37,6.83,6.37,6.69,53595940,354795008.000
2009-11-20,6.63,7.07,6.60,6.87,71785164,497778848.000
2009-11-23,6.93,7.31,6.93,7.16,47826911,342206976.000
2009-11-24,7.17,7.17,6.55,6.76,48763481,338544960.000
2009-11-25,6.69,7.34,6.66,7.32,42524962,298929536.000
2009-11-26,7.32,7.96,7.19,7.55,88123320,669184064.000
2009-11-27,7.26,7.87,7.12,7.13,71072798,536585696.000
2009-11-30,7.28,7.38,7.02,7.27,43448113,315173728.000
2009-12-01,7.35,7.89,7.12,7.74,55853626,420348544.000
2009-12-02,7.66,7.77,7.52,7.59,40205976,307998432.000
2009-12-03,7.55,7.77,7.47,7.64,29268498,224038480.000
2009-12-04,7.58,7.69,7.03,7.18,42234499,309089056.000
2009-12-07,7.21,7.34,7.09,7.25,21336087,154666576.000
2009-12-08,7.25,7.35,7.08,7.21,20421157,147909296.000
2009-12-09,7.15,7.38,7.09,7.17,17285370,125887136.000
2009-12-10,7.22,7.30,7.13,7.26,12903011,93564400.000
2009-12-11,7.28,7.34,7.19,7.23,12963480,94650704.000
2009-12-14,7.18,7.22,6.87,7.03,17603184,123951280.000
2009-12-15,7.03,7.16,7.03,7.06,9733211,69229776.000
2009-12-16,7.02,7.22,6.99,7.12,12693881,90979784.000
2009-12-17,7.11,7.16,6.77,6.85,14050315,97676136.000
2009-12-18,6.77,6.80,6.44,6.46,13255296,87695600.000
2009-12-21,6.41,6.59,6.38,6.50,11689381,76173512.000
2009-12-23,6.30,6.72,6.25,6.64,20496422,134112848.000
2009-12-24,6.59,6.76,6.57,6.74,21156462,142124704.000
2009-12-25,6.70,7.07,6.63,6.87,25824706,177941600.000
2009-12-28,6.88,6.98,6.81,6.95,15619103,108233544.000
2009-12-29,6.90,6.95,6.73,6.83,13872234,95247824.000
2009-12-30,6.86,6.87,6.67,6.72,15778366,106774784.000
2009-12-31,6.75,6.92,6.73,6.87,17328178,119242888.000
2010-01-04,6.90,7.12,6.81,7.02,25350637,178049024.000
2010-01-05,7.05,7.34,6.98,7.22,35116231,254394704.000
2010-01-06,7.17,7.29,7.14,7.18,17478676,126486552.000
2010-01-07,7.14,7.22,6.82,6.89,19196789,135359088.000
2010-01-08,6.85,7.20,6.78,7.19,21130703,148945440.000
2010-01-11,7.22,7.69,7.13,7.56,55258170,414338304.000
2010-01-12,7.52,7.73,7.42,7.57,37707820,286760864.000
2010-01-13,7.37,7.81,7.33,7.69,51166309,392309792.000
2010-01-14,7.82,8.15,7.75,7.91,53826486,430977760.000
2010-01-15,7.94,8.10,7.85,7.96,39212999,315127008.000
2010-01-18,7.98,8.01,7.77,7.96,26296489,208206912.000
2010-01-19,7.98,7.98,7.70,7.77,28155611,220473584.000
2010-01-20,7.80,7.91,7.32,7.46,30867806,237795424.000
2010-01-21,7.45,7.61,7.35,7.37,22778074,170497280.000
2010-01-22,7.29,7.30,6.92,7.07,29294944,208876448.000
2010-01-25,7.04,7.13,6.95,6.99,15030594,106027688.000
2010-01-26,7.12,7.36,6.99,7.16,46964255,339136864.000
2010-01-27,7.10,7.12,6.78,6.91,19148669,133903336.000
2010-01-28,6.85,7.05,6.85,6.97,16310990,114136432.000
2010-01-29,6.95,7.16,6.87,7.01,18368422,129919496.000
2010-02-01,6.99,7.00,6.57,6.69,23180302,156729312.000
2010-02-02,6.71,6.83,6.64,6.76,13989037,94727544.000
2010-02-03,6.76,6.89,6.47,6.86,15090653,101910464.000
2010-02-04,6.79,7.06,6.71,6.91,17745636,123581432.000
2010-02-05,6.75,6.93,6.66,6.74,12909785,87924832.000
2010-02-08,6.77,6.90,6.72,6.79,7516431,51494164.000
2010-02-09,6.86,6.98,6.80,6.92,10296507,71342720.000
2010-02-10,6.98,7.03,6.86,6.96,8337027,57977104.000
2010-02-11,6.97,7.00,6.81,6.83,8034330,55555220.000
2010-02-12,6.85,6.97,6.76,6.94,10869036,75011232.000
2010-02-22,6.91,6.95,6.82,6.86,9368391,64860776.000
2010-02-23,6.86,7.02,6.71,7.01,13892856,95691256.000
2010-02-24,6.95,7.17,6.91,7.17,20288621,144583712.000
2010-02-25,7.19,7.29,7.17,7.21,19745258,143306928.000
2010-02-26,7.17,7.25,7.15,7.17,14651926,106070672.000
2010-03-01,7.19,7.54,7.17,7.45,25463552,188552912.000
2010-03-02,7.44,7.46,7.32,7.39,23563058,174746400.000
2010-03-03,7.38,7.57,7.34,7.47,22291856,167594048.000
2010-03-04,7.49,7.61,7.07,7.11,24508907,179901520.000
2010-03-05,7.13,7.28,7.07,7.14,15107330,108684560.000
2010-03-08,7.17,7.25,7.15,7.20,10355573,74855032.000
2010-03-09,7.21,7.22,7.08,7.18,11491048,82421464.000
2010-03-10,7.21,7.36,7.09,7.20,17305703,125986320.000
2010-03-11,7.26,7.26,7.05,7.11,10975799,78481232.000
2010-03-12,7.07,7.13,6.85,6.90,13729118,96412552.000
2010-03-15,6.89,6.89,6.72,6.77,11038319,75138472.000
2010-03-16,6.81,6.88,6.75,6.87,8198793,56114896.000
2010-03-17,6.87,7.23,6.84,7.22,20328102,144572448.000
2010-03-18,7.72,7.95,7.72,7.95,124228041,990016832.000
2010-03-19,7.79,8.15,7.67,7.96,137574070,1092071424.000
2010-03-22,7.94,8.76,7.78,8.76,139928435,1190536576.000
2010-03-23,8.96,9.04,8.68,8.80,165418163,1468548608.000
2010-03-24,8.76,9.05,8.63,8.83,109109044,966776256.000
2010-03-25,8.70,8.74,8.28,8.38,79731087,679066560.000
2010-03-26,8.33,8.51,8.32,8.45,49676175,419656576.000
2010-03-29,8.45,8.56,8.35,8.38,41491034,350611040.000
2010-03-30,8.36,8.74,8.32,8.72,73289467,630016960.000
2010-04-01,8.72,8.94,8.58,8.66,61471600,538597824.000
2010-04-02,8.71,9.03,8.57,8.72,68516503,606356480.000
2010-04-06,8.67,8.70,8.42,8.55,39946867,341688896.000
2010-04-07,8.62,8.62,8.37,8.45,28244841,239945056.000
2010-04-08,8.42,8.54,8.37,8.47,26538322,225219696.000
2010-04-09,8.47,8.84,8.40,8.71,49828959,432360608.000
2010-04-12,8.67,8.95,8.63,8.85,68796574,608128384.000
2010-04-13,8.88,8.93,7.98,8.41,54017669,461147936.000
2010-04-14,8.37,8.47,8.29,8.37,23781963,199895072.000
2010-04-15,8.37,8.44,8.07,8.14,26613451,219721184.000
2010-04-16,8.14,8.32,8.08,8.16,16947300,139773568.000
2010-04-19,8.07,8.44,8.03,8.05,38593107,320157408.000
2010-04-20,8.05,8.32,7.70,8.26,32328980,262232416.000
2010-04-21,8.24,9.06,8.20,8.74,73353848,638575104.000
2010-04-22,8.72,9.15,8.62,8.98,80813209,723201472.000
2010-04-23,8.89,9.01,8.58,8.63,46766743,411240160.000
2010-04-26,8.63,8.75,8.44,8.59,26641661,229952352.000
2010-04-27,8.62,8.89,8.47,8.84,55004186,481268384.000
2010-04-28,8.57,8.79,7.97,8.22,53313582,450963936.000
2010-04-29,8.22,8.43,7.77,7.80,36917218,300090816.000
2010-04-30,7.80,7.92,7.37,7.48,28965050,219376992.000
2010-05-04,7.31,7.67,7.28,7.60,19278633,146415680.000
2010-05-05,7.47,7.84,7.40,7.83,21105088,163325040.000
2010-05-06,7.83,7.94,7.49,7.51,22243412,172854080.000
2010-05-07,7.28,7.55,7.25,7.26,20632742,152663328.000
2010-05-10,7.32,7.41,6.87,7.11,16852526,120719672.000
2010-05-11,7.29,7.35,6.93,6.95,16051916,114716816.000
2010-05-12,6.87,7.06,6.59,6.76,16263787,111115120.000
2010-05-13,6.77,6.97,6.53,6.95,17116305,116411440.000
2010-05-14,6.86,7.22,6.82,7.07,21236488,150238800.000
2010-05-17,6.97,6.98,6.37,6.39,20263490,136187280.000
2010-05-18,6.39,6.57,6.24,6.49,16660905,107498768.000
2010-05-19,6.47,6.70,6.38,6.59,17172964,113226992.000
2010-05-20,6.47,6.63,6.28,6.28,16745816,108492952.000
2010-05-21,6.05,6.49,5.87,6.46,33104696,205961856.000
2010-05-24,6.49,6.80,6.47,6.74,28722408,192883792.000
2010-05-25,6.72,6.96,6.62,6.79,31037689,211648016.000
2010-05-26,6.72,6.85,6.64,6.79,17302186,117048192.000
2010-05-27,6.79,7.03,6.57,6.92,31067860,213521488.000
2010-05-31,6.78,6.85,6.58,6.60,22002232,148882512.000
2010-06-01,6.53,6.59,6.18,6.37,16411878,105004672.000
2010-06-02,6.27,6.76,6.27,6.75,18796913,122960368.000
2010-06-03,6.88,7.12,6.66,6.67,35009110,243247120.000
2010-06-04,6.55,7.07,6.55,6.99,37647594,261049952.000
2010-06-07,6.77,7.32,6.77,7.20,49254003,350032352.000
2010-06-08,7.12,7.26,6.95,7.13,36270378,259052416.000
2010-06-09,7.15,7.25,6.97,7.22,33070355,236332128.000
2010-06-10,7.13,7.26,7.07,7.14,24295796,174762016.000
2010-06-11,7.13,7.18,6.96,6.97,22821945,161093808.000
2010-06-17,7.03,7.16,6.97,6.99,13751148,97390152.000
2010-06-18,6.99,7.02,6.50,6.57,17482782,118766728.000
2010-06-21,6.57,6.87,6.47,6.83,15224270,102558056.000
2010-06-22,6.78,6.92,6.74,6.87,14239306,98183872.000
2010-06-23,6.88,7.17,6.85,6.94,22800731,160580512.000
2010-06-24,6.95,7.09,6.90,7.03,17763877,124842784.000
2010-06-25,6.97,7.02,6.75,6.87,11290332,77739288.000
2010-06-28,6.76,6.90,6.65,6.67,7549165,51147452.000
2010-06-29,6.67,6.77,6.15,6.16,21140280,135208336.000
2010-06-30,6.13,6.19,6.05,6.07,11011604,67428424.000
2010-07-01,6.13,6.19,5.96,6.00,10057026,61248528.000
2010-07-02,6.10,6.15,5.75,6.08,14818405,88831568.000
2010-07-05,5.96,6.12,5.87,6.05,8373680,50587024.000
2010-07-06,5.99,6.22,5.99,6.18,11248964,69434680.000
2010-07-07,6.17,6.26,6.07,6.22,11911855,73852936.000
2010-07-08,6.23,6.24,6.05,6.09,8542473,52638200.000
2010-07-09,6.11,6.39,6.05,6.28,17337901,108921632.000
2010-07-12,6.31,6.41,6.25,6.34,10629074,67538728.000
2010-07-13,6.26,6.27,6.10,6.18,9731818,60459128.000
2010-07-14,6.21,6.33,6.18,6.25,10121286,63682308.000
2010-07-15,6.25,6.26,6.04,6.05,12278047,76072976.000
2010-07-16,6.02,6.08,5.88,6.04,9762316,58722032.000
2010-07-19,5.95,6.16,5.87,6.13,12746570,77342312.000
2010-07-20,6.13,6.41,6.13,6.36,23868489,150810208.000
2010-07-21,6.35,6.49,6.31,6.35,21556651,138605728.000
2010-07-22,6.35,6.47,6.30,6.47,17565753,112964320.000
2010-07-23,6.47,6.48,6.29,6.40,16811297,107695152.000
2010-07-26,6.35,6.53,6.33,6.45,19852002,128448920.000
2010-07-27,6.45,6.48,6.34,6.42,14791135,95290736.000
2010-07-28,6.39,6.63,6.37,6.56,25806425,169637696.000
2010-07-29,6.55,6.66,6.47,6.61,23479603,155034464.000
2010-07-30,6.57,6.60,6.41,6.51,18252437,119203048.000
2010-08-02,6.50,6.81,6.50,6.79,36328801,243832832.000
2010-08-03,6.76,6.79,6.55,6.56,27434578,184101920.000
2010-08-04,6.53,6.82,6.52,6.80,30075118,201881328.000
2010-08-05,6.78,6.80,6.63,6.70,23914478,161136912.000
2010-08-06,6.68,6.84,6.63,6.82,23784586,161560736.000
2010-08-09,6.78,6.89,6.75,6.87,22252891,152447728.000
2010-08-10,6.85,6.88,6.49,6.51,23239291,155605280.000
2010-08-11,6.48,6.67,6.45,6.64,18396622,121145952.000
2010-08-12,6.56,6.82,6.52,6.65,26064021,174986720.000
2010-08-13,6.66,6.71,6.52,6.71,18037267,119988496.000
2010-08-16,6.69,6.82,6.62,6.80,24635553,166974368.000
2010-08-17,6.84,6.92,6.79,6.87,28052552,192880608.000
2010-08-18,6.89,7.01,6.68,6.94,35124277,241819696.000
2010-08-19,6.89,6.93,6.80,6.84,21981881,151351728.000
2010-08-20,6.77,6.81,6.60,6.64,18822255,126661312.000
2010-08-23,6.68,6.79,6.63,6.67,15135730,101879352.000
2010-08-24,6.69,6.82,6.60,6.79,19729016,133330464.000
2010-08-25,6.75,6.75,6.54,6.56,20301858,135383200.000
2010-08-26,6.58,6.74,6.57,6.64,14369691,95879640.000
2010-08-27,6.64,6.64,6.51,6.59,12486976,82313664.000
2010-08-30,6.63,6.85,6.62,6.81,25994599,175983264.000
2010-08-31,6.77,6.86,6.73,6.79,19644138,134021168.000
2010-09-01,6.80,6.89,6.58,6.68,23480831,159012720.000
2010-09-02,6.76,7.35,6.71,7.35,60463122,434430336.000
2010-09-03,7.59,7.67,7.18,7.44,85264565,632576448.000
2010-09-06,7.41,7.41,7.16,7.19,37238677,270326112.000
2010-09-07,7.22,7.35,7.17,7.27,24253538,176445024.000
2010-09-08,7.24,7.27,7.12,7.27,22935488,165466464.000
2010-09-09,7.25,7.57,7.19,7.27,47812580,353879392.000
2010-09-10,7.25,7.34,7.06,7.17,25782694,185466160.000
2010-09-13,7.18,7.40,7.15,7.31,22763513,166798176.000
2010-09-14,7.34,7.39,7.22,7.29,20205421,148123360.000
2010-09-15,7.24,7.30,7.00,7.05,23712839,169694576.000
2010-09-16,7.08,7.13,6.76,6.89,19742390,137579216.000
2010-09-17,6.93,6.95,6.77,6.85,11199078,77002384.000
2010-09-20,6.87,6.90,6.69,6.73,8984073,61192872.000
2010-09-21,6.76,6.82,6.69,6.77,6916123,46908232.000
2010-09-27,6.81,6.90,6.77,6.90,9214279,63274696.000
2010-09-28,6.87,7.00,6.81,6.83,10935056,75723728.000
2010-09-29,6.84,6.88,6.68,6.71,12033689,81234240.000
2010-09-30,6.69,6.76,6.65,6.76,8487217,57271120.000
2010-10-08,6.83,6.92,6.77,6.87,13923523,95866016.000
2010-10-11,6.89,7.01,6.83,6.96,21496807,149360784.000
2010-10-12,6.93,7.13,6.89,7.04,21542743,151755808.000
2010-10-13,7.04,7.14,6.89,7.09,29647465,208810544.000
2010-10-14,7.09,7.12,6.80,6.81,23233890,161844832.000
2010-10-15,6.81,7.12,6.78,7.08,28973463,202525824.000
2010-10-18,7.23,7.27,6.98,7.12,42499567,304510464.000
2010-10-19,7.08,7.44,7.03,7.38,46121812,338245792.000
2010-10-20,7.23,7.49,7.18,7.34,43176398,317322400.000
2010-10-21,7.53,7.54,7.33,7.38,41268692,306997408.000
2010-10-22,7.38,7.47,7.19,7.34,31865088,233330896.000
2010-10-25,7.48,7.81,7.40,7.45,47661063,360827904.000
2010-10-26,7.46,7.73,7.34,7.72,53946390,408189376.000
2010-10-27,7.73,7.73,7.39,7.40,39314894,298011968.000
2010-10-28,7.38,7.45,7.21,7.28,23559302,172505776.000
2010-10-29,7.31,7.45,7.30,7.34,19429062,143601744.000
2010-11-01,7.34,7.53,7.29,7.45,28160026,209186976.000
2010-11-02,7.45,7.54,7.26,7.26,33246195,246118704.000
2010-11-03,7.27,7.40,7.23,7.25,18887696,138550976.000
2010-11-04,7.25,7.44,7.25,7.42,26760995,198138144.000
2010-11-05,7.49,7.57,7.41,7.52,34050191,256506320.000
2010-11-08,7.55,7.67,7.49,7.66,34736912,264915392.000
2010-11-09,7.66,7.94,7.52,7.88,51500450,396708896.000
2010-11-10,7.78,7.97,7.74,7.89,41740157,328356320.000
2010-11-11,7.90,8.12,7.58,7.66,49443086,393622816.000
2010-11-12,7.66,7.74,7.13,7.24,40310515,300313184.000
2010-11-15,7.39,7.55,7.26,7.50,29215739,217616592.000
2010-11-16,7.48,7.62,7.19,7.28,28944852,215342384.000
2010-11-17,7.48,7.98,7.32,7.40,51535332,393222752.000
2010-11-18,7.21,7.38,7.12,7.30,26482810,192568480.000
2010-11-19,7.35,7.94,7.30,7.80,57362907,440547360.000
2010-11-22,7.73,8.43,7.69,8.06,90733660,738355584.000
2010-11-23,7.96,8.03,7.57,7.83,47070786,367734048.000
2010-11-24,7.73,8.10,7.71,8.02,39032932,309666080.000
2010-11-25,8.03,8.26,7.86,7.96,38553410,311086080.000
2010-11-26,7.90,7.97,7.71,7.87,24483236,191956848.000
2010-11-29,7.82,7.92,7.65,7.85,21479688,167813408.000
2010-11-30,7.85,8.03,7.34,7.60,36232929,279792512.000
2010-12-01,7.54,7.66,7.44,7.57,14853997,112483824.000
2010-12-02,7.65,7.87,7.59,7.62,23416781,181246384.000
2010-12-03,7.64,7.74,7.43,7.53,16436478,124355624.000
2010-12-06,7.53,7.57,7.37,7.40,12194223,91115328.000
2010-12-07,7.37,7.55,7.28,7.51,13985862,104226800.000
2010-12-08,7.48,7.64,7.39,7.45,13187966,99527376.000
2010-12-09,7.46,7.63,7.40,7.50,17094676,129088088.000
2010-12-10,7.47,7.73,7.43,7.73,23149501,177215472.000
2010-12-13,7.75,7.85,7.69,7.82,29118532,227264944.000
2010-12-14,7.82,8.07,7.80,7.86,32093630,254867232.000
2010-12-15,7.88,7.90,7.74,7.76,20293919,158620544.000
2010-12-16,7.76,7.92,7.70,7.73,20293610,159280448.000
2010-12-17,7.69,7.79,7.65,7.75,12520452,96993512.000
2010-12-20,7.83,7.84,7.39,7.51,21339000,162055392.000
2010-12-21,7.55,7.63,7.43,7.62,12964213,98083320.000
2010-12-22,7.58,7.76,7.52,7.75,19477173,149090944.000
2010-12-23,7.74,7.96,7.66,7.69,40195225,315764576.000
2010-12-24,7.58,7.62,7.37,7.41,16857128,126350960.000
2010-12-27,7.42,7.56,7.20,7.23,12207253,90368368.000
2010-12-28,7.21,7.22,6.98,6.99,12561669,89178336.000
2010-12-29,7.00,7.03,6.86,7.03,10431059,72797776.000
2010-12-30,7.03,7.06,6.93,6.96,10026209,70322688.000
2010-12-31,6.98,7.09,6.95,7.09,9548505,67219200.000
2011-01-04,7.13,7.15,7.03,7.14,10353698,73710744.000
2011-01-05,7.11,7.20,7.03,7.09,10858079,77397120.000
2011-01-06,7.10,7.24,7.08,7.14,11827192,84973960.000
2011-01-07,7.16,7.22,7.08,7.12,8862983,63459428.000
2011-01-10,7.10,7.12,6.83,6.84,13405578,93519560.000
2011-01-11,6.84,6.84,6.66,6.75,8739074,58966004.000
2011-01-12,6.78,6.81,6.67,6.75,6823545,46112132.000
2011-01-13,6.89,6.95,6.72,6.77,11179725,76552528.000
2011-01-14,6.75,6.75,6.57,6.60,8674259,57692968.000
2011-01-17,6.54,6.54,6.27,6.29,8899445,57041004.000
2011-01-18,6.29,6.35,6.23,6.31,4466645,28238414.000
2011-01-19,6.31,6.43,6.31,6.42,5469941,35043044.000
2011-01-20,6.42,6.42,6.10,6.12,7166010,45008592.000
2011-01-21,6.12,6.22,6.05,6.16,6219035,38406760.000
2011-01-24,6.19,6.20,6.08,6.15,5162153,31823026.000
2011-01-25,6.15,6.17,5.99,6.06,4923054,29962524.000
2011-01-26,6.09,6.28,6.09,6.23,7461679,46581748.000
2011-01-27,6.23,6.36,6.18,6.32,6682335,42177216.000
2011-01-28,6.31,6.39,6.28,6.37,5640528,35928308.000
2011-01-31,6.34,6.42,6.31,6.41,4668067,29895056.000
2011-02-01,6.40,6.44,6.36,6.40,4059147,26018568.000
2011-02-09,6.36,6.63,6.30,6.51,10665500,69692608.000
2011-02-10,6.74,7.16,6.66,6.88,28000597,194223584.000
2011-02-11,6.82,7.02,6.78,6.88,15755585,109029552.000
2011-02-14,6.97,7.07,6.90,6.95,15460839,108054320.000
2011-02-15,6.93,7.13,6.91,6.95,17314388,121895808.000
2011-02-16,6.95,7.05,6.93,7.02,9405274,65994736.000
2011-02-17,7.06,7.11,6.95,7.03,11723627,82545552.000
2011-02-18,7.00,7.03,6.83,6.86,12217562,84505880.000
2011-02-21,6.81,6.96,6.79,6.95,9707257,67110696.000
2011-02-22,6.97,6.99,6.68,6.70,12333513,84361440.000
2011-02-23,6.71,6.93,6.71,6.88,9778064,67041656.000
2011-02-24,6.86,6.91,6.80,6.88,8473705,58343424.000
2011-02-25,6.92,7.07,6.90,7.02,17992256,126323672.000
2011-02-28,7.00,7.26,6.89,7.17,19961503,142592160.000
2011-03-01,7.18,7.20,7.07,7.14,14210320,101557136.000
2011-03-02,7.08,7.13,7.00,7.07,13360624,94412560.000
2011-03-03,7.08,7.15,6.94,7.00,15238194,107546088.000
2011-03-04,6.99,7.08,6.90,7.05,14417841,101328712.000
2011-03-07,7.08,7.14,7.05,7.12,15566513,110933600.000
2011-03-08,7.15,7.38,7.10,7.25,26136290,190343744.000
2011-03-09,7.22,7.46,7.22,7.34,24234299,179193072.000
2011-03-10,7.33,7.36,7.20,7.21,13190204,95877368.000
2011-03-11,7.16,7.25,7.10,7.11,14176596,102028912.000
2011-03-14,7.05,7.57,7.05,7.51,41498671,307432544.000
2011-03-15,7.50,7.52,7.28,7.48,31047118,230442672.000
2011-03-16,7.43,7.68,7.39,7.61,31206582,236928688.000
2011-03-17,7.53,7.53,7.25,7.31,20930509,155141168.000
2011-03-18,7.37,7.41,7.19,7.24,15089514,110515344.000
2011-03-21,7.25,7.30,7.14,7.18,13090196,94582888.000
2011-03-22,7.17,7.43,7.10,7.42,16557362,120399160.000
2011-03-23,7.38,7.42,7.22,7.33,16686775,122467584.000
2011-03-24,7.37,7.39,7.28,7.31,11941605,87861688.000
2011-03-25,7.32,7.54,7.26,7.48,25171895,186725712.000
2011-03-28,7.48,7.51,7.40,7.42,15724124,117389480.000
2011-03-29,7.44,7.56,7.38,7.40,17868733,133657024.000
2011-03-30,7.41,7.44,7.12,7.13,18410939,133377648.000
2011-03-31,7.13,7.27,6.94,7.01,11929428,84920632.000
2011-04-01,7.06,7.15,7.01,7.15,7328673,51978088.000
2011-04-06,7.12,7.18,7.06,7.12,8746932,62348112.000
2011-04-07,7.12,7.15,7.03,7.10,9987704,70924384.000
2011-04-08,7.11,7.23,7.10,7.17,9807543,70593880.000
2011-04-11,7.17,7.27,7.11,7.13,11340537,81830176.000
2011-04-12,7.20,7.39,7.19,7.25,19319431,141401056.000
2011-04-13,7.23,7.42,7.18,7.38,16262004,119627128.000
2011-04-14,7.40,7.46,7.30,7.36,13337616,98469352.000
2011-04-15,7.32,7.39,7.19,7.31,10195598,74362480.000
2011-04-18,7.29,7.41,7.22,7.40,15171432,111548400.000
2011-04-19,7.35,7.37,7.20,7.26,12860309,93756848.000
2011-04-20,7.31,7.53,7.28,7.48,30716937,229311296.000
2011-04-21,7.49,7.58,7.41,7.47,22615013,170183360.000
2011-04-22,7.49,7.50,7.29,7.33,15327088,113497728.000
2011-04-26,7.13,7.23,6.72,6.76,22105552,153704512.000
2011-04-27,6.80,6.86,6.65,6.71,10001370,67763152.000
2011-04-28,6.85,7.38,6.84,7.16,67741177,493930656.000
2011-04-29,6.79,7.32,6.69,7.25,38048764,269853952.000
2011-05-03,7.19,7.96,7.19,7.73,71475051,549794176.000
2011-05-04,7.68,8.03,7.59,7.97,74669996,586336128.000
2011-05-05,7.86,8.03,7.76,7.86,44676293,353163616.000
2011-05-06,7.86,8.28,7.78,7.88,69853077,564006144.000
2011-05-09,7.93,8.30,7.82,8.23,67286336,544594432.000
2011-05-10,8.15,8.20,8.02,8.17,44485391,361936096.000
2011-05-11,8.08,8.38,8.04,8.19,57862537,479047936.000
2011-05-12,8.14,8.54,8.04,8.24,58952805,491743776.000
2011-05-13,8.42,8.66,8.23,8.40,63694732,537173888.000
2011-05-16,8.34,8.54,8.20,8.33,49668783,415919264.000
2011-05-17,8.28,8.34,7.93,7.95,55516681,450116128.000
2011-05-18,7.96,8.75,7.96,8.65,117786512,1012753472.000
2011-05-19,8.49,8.62,8.36,8.46,60458341,513801376.000
2011-05-20,8.45,8.52,8.21,8.37,37165518,310903232.000
2011-05-23,8.50,8.56,8.00,8.09,43161576,354133696.000
2011-05-24,8.04,8.13,7.76,8.00,40420095,321040544.000
2011-05-25,8.02,8.11,7.73,8.06,40095592,318175424.000
2011-05-26,8.11,8.11,7.53,7.57,48598442,381023872.000
2011-05-27,7.48,7.56,7.06,7.09,39346003,287578656.000
2011-05-30,7.08,7.25,7.00,7.09,22820145,163328960.000
2011-05-31,7.11,7.39,7.05,7.34,25025929,181315040.000
2011-06-01,7.35,7.45,7.23,7.38,23455148,172707712.000
2011-06-02,7.28,7.34,7.08,7.27,22904632,165848400.000
2011-06-03,7.25,7.51,7.25,7.45,24465056,181511232.000
2011-06-07,7.43,7.51,7.34,7.44,14707123,109438872.000
2011-06-08,7.46,7.47,7.19,7.42,20219831,148610240.000
2011-06-09,7.36,7.42,7.08,7.10,22483139,163452304.000
2011-06-10,7.06,7.14,6.85,7.04,21116902,147809520.000
2011-06-13,6.98,7.00,6.83,6.96,11956914,82989896.000
2011-06-14,6.94,7.16,6.91,7.09,16378596,116513744.000
2011-06-15,7.10,7.23,7.04,7.06,13946400,99741984.000
2011-06-16,6.98,6.99,6.78,6.80,16142703,111405680.000
2011-06-17,6.85,6.90,6.78,6.80,10383255,71065392.000
2011-06-20,6.79,6.88,6.73,6.82,8789991,59999488.000
2011-06-22,6.89,6.99,6.89,6.94,14649206,102046976.000
2011-06-23,6.89,7.06,6.78,7.03,13196214,92098976.000
2011-06-24,7.00,7.29,6.98,7.21,23207743,166540016.000
2011-06-27,7.18,7.34,7.14,7.24,16826023,122165000.000
2011-06-28,7.21,7.42,7.21,7.34,17995514,132281968.000
2011-06-29,7.30,7.43,7.16,7.17,14699357,107649112.000
2011-06-30,7.20,7.40,7.18,7.34,14607412,107154648.000
2011-07-01,7.34,7.40,7.23,7.29,14838972,109043896.000
2011-07-04,7.33,7.53,7.31,7.46,24326505,181221760.000
2011-07-05,7.48,7.53,7.39,7.52,19369037,144587728.000
2011-07-06,7.48,7.50,7.34,7.43,16972498,126252408.000
2011-07-07,7.46,7.83,7.32,7.61,43694513,331582976.000
2011-07-08,7.57,7.63,7.46,7.54,18431416,139307712.000
2011-07-11,7.53,7.63,7.47,7.56,16277499,123404872.000
2011-07-12,7.47,7.50,7.32,7.33,21163058,156754368.000
2011-07-13,7.31,7.50,7.31,7.48,17236525,128465952.000
2011-07-14,7.49,7.57,7.41,7.56,19468577,146480432.000
2011-07-15,7.54,7.71,7.48,7.69,28253988,216200048.000
2011-07-19,7.78,7.90,7.57,7.64,44607881,346286208.000
2011-07-20,7.70,7.83,7.59,7.78,26566714,205763088.000
2011-07-21,7.76,7.76,7.49,7.51,18161206,138828464.000
2011-07-22,7.56,7.69,7.52,7.59,17966117,137128224.000
2011-07-25,7.57,7.57,7.10,7.14,24123345,176235904.000
2011-07-26,7.13,7.21,7.05,7.16,11276385,80529624.000
2011-07-27,7.11,7.26,7.00,7.22,12749177,91570288.000
2011-07-28,7.10,7.16,7.02,7.10,13384078,94852224.000
2011-07-29,7.10,7.15,6.92,6.97,12924635,91235360.000
2011-08-01,6.99,7.13,6.92,7.07,12072506,85287576.000
2011-08-02,6.99,7.01,6.78,6.90,21124790,145026704.000
2011-08-03,6.79,7.04,6.78,6.98,12256825,85179688.000
2011-08-04,6.97,7.04,6.92,6.98,6626793,46330048.000
2011-08-05,6.74,6.83,6.67,6.74,11963964,81011824.000
2011-08-08,6.67,6.67,6.15,6.29,15935994,102249792.000
2011-08-09,6.12,6.28,5.92,6.24,14439996,88437480.000
2011-08-10,6.39,6.44,6.29,6.32,13154041,83834528.000
2011-08-11,6.09,6.41,6.06,6.40,11065164,69706136.000
2011-08-12,6.49,6.66,6.44,6.51,15481099,101778680.000
2011-08-15,6.51,6.62,6.48,6.62,9885606,65087608.000
2011-08-16,6.62,6.71,6.50,6.52,12932248,85373256.000
2011-08-17,6.52,6.60,6.43,6.52,10966196,71585416.000
2011-08-18,6.51,6.61,6.43,6.43,9321794,60969404.000
2011-08-19,6.29,6.33,6.21,6.29,9086945,56985500.000
2011-08-22,6.30,6.38,6.26,6.29,7138782,45179620.000
2011-08-23,6.36,6.49,6.35,6.48,9790411,63119912.000
2011-08-24,6.55,6.63,6.46,6.47,11990244,78643848.000
2011-08-25,6.50,6.66,6.50,6.65,12546404,82800320.000
2011-08-26,6.65,6.71,6.59,6.64,10803999,71947544.000
2011-08-29,6.59,6.61,6.49,6.50,8274748,54204460.000
2011-08-30,6.57,6.62,6.40,6.40,8495222,55649368.000
2011-08-31,6.42,6.46,6.30,6.37,6327330,40299888.000
2011-09-01,6.39,6.48,6.29,6.33,5894729,37700576.000
2011-09-02,6.29,6.35,6.22,6.26,5190440,32610254.000
2011-09-05,6.19,6.22,6.13,6.15,6162454,38099160.000
2011-09-06,6.13,6.19,6.10,6.15,5329174,32800370.000
2011-09-07,6.20,6.32,6.18,6.31,7660820,47903756.000
2011-09-08,6.32,6.35,6.18,6.19,5514242,34625296.000
2011-09-09,6.22,6.27,6.10,6.15,5264146,32559128.000
2011-09-13,6.09,6.13,6.00,6.07,4677471,28429332.000
2011-09-14,6.11,6.18,6.00,6.17,5096545,31120112.000
2011-09-15,6.15,6.24,6.12,6.15,4909660,30446260.000
2011-09-16,6.18,6.22,6.14,6.17,4100906,25417172.000
2011-09-19,6.14,6.14,5.97,5.98,6768251,40801588.000
2011-09-20,5.97,6.06,5.95,6.00,4529876,27242520.000
2011-09-21,6.02,6.22,5.98,6.19,8442124,51748408.000
2011-09-22,6.14,6.18,6.00,6.01,6651059,40663044.000
2011-09-23,5.92,6.00,5.87,5.97,6762297,40190184.000
2011-09-26,5.97,6.01,5.91,5.93,5208153,31127770.000
2011-09-27,5.98,6.02,5.91,5.98,5213357,31140424.000
2011-09-28,6.01,6.03,5.88,5.88,4991409,29753592.000
2011-09-29,5.87,5.91,5.70,5.71,6888799,39876120.000
2011-09-30,5.72,5.78,5.58,5.62,5150603,29113876.000
2011-10-10,5.66,5.68,5.58,5.61,3288784,18530980.000
2011-10-11,5.73,5.83,5.65,5.74,11880320,68304880.000
2011-10-12,5.69,5.90,5.65,5.89,10200516,59559612.000
2011-10-13,5.87,5.94,5.84,5.93,9583036,56678856.000
2011-10-14,5.92,5.92,5.81,5.89,6075507,35664136.000
2011-10-17,5.89,5.95,5.85,5.90,5320260,31446642.000
2011-10-18,5.90,6.05,5.79,5.81,14496960,86541624.000
2011-10-19,5.84,5.87,5.71,5.72,6661908,38556440.000
2011-10-20,5.71,5.81,5.61,5.64,6745991,38495960.000
2011-10-21,5.67,5.69,5.55,5.55,3846326,21585584.000
2011-10-24,5.59,5.71,5.51,5.69,5798259,32687912.000
2011-10-25,5.70,6.17,5.67,6.04,19947094,119280800.000
2011-10-26,5.92,6.13,5.91,6.02,20584303,124261576.000
2011-10-27,5.99,6.12,5.97,6.05,12807190,77709856.000
2011-10-28,6.04,6.18,6.04,6.16,18748066,114880024.000
2011-10-31,6.11,6.20,6.09,6.13,11011217,67677776.000
2011-11-01,6.06,6.22,6.01,6.11,12402697,76159456.000
2011-11-02,6.01,6.59,5.99,6.53,46758600,298508448.000
2011-11-03,6.59,6.93,6.53,6.54,51846453,348454944.000
2011-11-04,6.54,6.65,6.40,6.55,20049950,131480256.000
2011-11-07,6.55,6.66,6.45,6.51,12459302,81798960.000
2011-11-08,6.49,6.53,6.32,6.36,11395383,73221992.000
2011-11-09,6.37,6.61,6.30,6.58,14542437,94295440.000
2011-11-10,6.50,6.66,6.44,6.47,17353249,113874136.000
2011-11-11,6.49,6.54,6.35,6.40,10534051,68020728.000
2011-11-14,6.46,6.60,6.45,6.56,11814212,77142912.000
2011-11-15,6.57,6.68,6.55,6.60,13438204,88940696.000
2011-11-16,6.72,6.91,6.60,6.66,49059523,332917888.000
2011-11-17,6.69,6.75,6.49,6.56,22090504,146105504.000
2011-11-18,6.50,6.63,6.34,6.35,13631935,88038896.000
2011-11-21,6.38,6.38,6.24,6.31,9658077,60845588.000
2011-11-22,6.27,6.38,6.16,6.21,16882971,105474848.000
2011-11-23,6.21,6.26,6.15,6.18,9988541,62057356.000
2011-11-24,6.12,6.24,6.10,6.22,9185470,56900128.000
2011-11-25,6.22,6.28,5.99,6.00,13429944,82395456.000
2011-11-28,6.04,6.07,5.84,5.92,9553116,56934888.000
2011-11-29,5.99,6.06,5.96,6.04,9259735,55644152.000
2011-11-30,6.04,6.04,5.64,5.70,12959549,75089632.000
2011-12-01,5.91,5.95,5.77,5.77,11451007,67249552.000
2011-12-02,5.77,5.77,5.66,5.69,5711592,32640346.000
2011-12-05,5.72,5.72,5.57,5.59,4606843,25945760.000
2011-12-06,5.58,5.69,5.56,5.67,4530865,25554424.000
2011-12-07,5.67,5.73,5.64,5.69,3396621,19337230.000
2011-12-08,5.71,5.84,5.59,5.76,7467046,42847872.000
2011-12-09,5.71,5.83,5.70,5.73,4616252,26628232.000
2011-12-12,5.74,5.79,5.66,5.68,3473388,19904424.000
2011-12-13,5.64,5.65,5.40,5.42,8143553,44764996.000
2011-12-14,5.40,5.46,5.16,5.18,5736575,30377096.000
2011-12-15,5.16,5.28,5.08,5.13,7399540,38363148.000
2011-12-16,5.13,5.33,5.12,5.32,5982479,31295056.000
2011-12-19,5.29,5.33,5.12,5.31,5897073,30868016.000
2011-12-20,5.27,5.46,5.25,5.30,5140336,27579720.000
2011-12-21,5.36,5.40,5.10,5.13,5020489,26625672.000
2011-12-22,5.09,5.14,4.87,5.05,7021998,35202760.000
2011-12-23,5.06,5.15,5.00,5.09,4457855,22746420.000
2011-12-26,5.14,5.29,5.12,5.13,6440283,33623268.000
2011-12-27,5.08,5.11,4.96,5.00,5135548,25856316.000
2011-12-28,4.94,5.04,4.86,5.01,4468780,22091840.000
2011-12-29,4.99,5.05,4.95,4.99,3779263,18946808.000
2011-12-30,5.03,5.07,5.00,5.05,3672085,18551646.000
2012-01-04,5.10,5.12,4.88,4.89,4020964,20207490.000
2012-01-05,4.88,4.90,4.67,4.68,4061073,19534184.000
2012-01-06,4.67,4.75,4.60,4.75,3691533,17293192.000
2012-01-09,4.81,4.96,4.70,4.95,5444092,26492564.000
2012-01-10,4.94,5.13,4.91,5.11,8598144,43605824.000
2012-01-11,5.10,5.44,5.08,5.22,12065138,63606740.000
2012-01-12,5.17,5.27,5.10,5.15,6291833,32586272.000
2012-01-13,5.15,5.19,4.90,4.93,7422535,37235632.000
2012-01-16,4.87,4.96,4.80,4.81,3434821,16800024.000
2012-01-17,4.83,5.09,4.79,5.09,6287847,31374836.000
2012-01-18,5.10,5.17,5.00,5.02,6435512,32798052.000
2012-01-19,5.00,5.10,4.97,5.05,6033396,30468068.000
2012-01-20,5.08,5.11,5.04,5.09,4398344,22371120.000
2012-01-30,5.11,5.17,5.07,5.08,4891696,25070664.000
2012-01-31,5.10,5.14,5.07,5.12,5891934,30190744.000
2012-02-01,5.13,5.20,5.09,5.14,6620626,34156328.000
2012-02-02,5.14,5.21,5.10,5.20,7064027,36535460.000
2012-02-03,5.19,5.29,5.16,5.26,8900496,46693476.000
2012-02-06,5.25,5.28,5.20,5.26,7236663,37989248.000
2012-02-07,5.24,5.24,5.09,5.14,7005778,36163296.000
2012-02-08,5.09,5.26,5.08,5.26,9100472,47262136.000
2012-02-09,5.25,5.34,5.23,5.29,10603518,56258556.000
2012-02-10,5.29,5.42,5.25,5.37,12637108,67474624.000
2012-02-13,5.33,5.49,5.30,5.48,13673793,74197072.000
2012-02-14,5.45,5.52,5.38,5.45,8853573,48203464.000
2012-02-15,5.44,5.76,5.41,5.58,25111506,140907680.000
2012-02-16,5.54,5.65,5.51,5.54,15232426,84912384.000
2012-02-17,5.59,5.60,5.42,5.46,8393743,46068536.000
2012-02-20,5.55,5.64,5.46,5.48,11179529,62278096.000
2012-02-21,5.45,5.64,5.37,5.64,16591393,92156144.000
2012-02-22,5.63,5.69,5.57,5.68,15888628,89789256.000
2012-02-23,5.68,5.72,5.58,5.65,13049312,73686528.000
2012-02-24,5.64,5.72,5.61,5.70,11139111,63309280.000
2012-02-27,5.70,5.93,5.69,5.80,26897146,156101024.000
2012-02-28,5.75,5.78,5.65,5.71,14816358,84679112.000
2012-02-29,5.70,5.71,5.54,5.55,10860421,61197824.000
2012-03-01,5.51,5.71,5.49,5.63,10890382,61646440.000
2012-03-02,5.66,5.75,5.63,5.70,9307203,53120456.000
2012-03-05,5.74,5.76,5.65,5.67,11232903,64164800.000
2012-03-06,5.64,5.66,5.52,5.58,10662896,59626536.000
2012-03-07,5.54,5.66,5.50,5.58,10644299,59640984.000
2012-03-08,5.59,5.71,5.58,5.67,12004252,67973280.000
2012-03-09,5.69,5.78,5.66,5.74,12845978,73677336.000
2012-03-12,5.75,5.81,5.67,5.80,14495772,83386664.000
2012-03-13,5.78,5.85,5.75,5.82,14037326,81526432.000
2012-03-14,5.84,5.85,5.44,5.48,21123752,120208080.000
2012-03-15,5.45,5.54,5.31,5.37,12985715,70280664.000
2012-03-16,5.39,5.50,5.34,5.50,9331667,50773424.000
2012-03-19,5.49,5.56,5.45,5.54,9274125,51194712.000
2012-03-20,5.54,5.55,5.39,5.43,8307844,45391352.000
2012-03-21,5.47,5.49,5.35,5.44,5390737,29296156.000
2012-03-22,5.42,5.46,5.36,5.41,5704499,30880024.000
2012-03-23,5.41,5.43,5.24,5.27,6562695,34959112.000
2012-03-26,5.22,5.31,5.21,5.25,3500501,18444624.000
2012-03-27,5.28,5.32,5.21,5.24,3878162,20465968.000
2012-03-28,5.22,5.22,5.01,5.03,7465715,38184792.000
2012-03-29,5.02,5.04,4.91,4.95,5465398,27264234.000
2012-03-30,4.98,5.02,4.88,4.92,3489597,17291780.000
2012-04-05,4.96,5.07,4.92,5.06,5420816,27255300.000
2012-04-06,5.08,5.17,5.04,5.13,6196105,31682060.000
2012-04-09,5.12,5.13,5.05,5.05,3326361,16942232.000
2012-04-10,5.04,5.12,4.93,5.11,4582993,23049500.000
2012-04-11,5.05,5.26,5.01,5.25,10122155,52598972.000
2012-04-12,5.25,5.32,5.20,5.31,10151312,53607024.000
2012-04-13,5.32,5.41,5.27,5.35,11511378,61555504.000
2012-04-16,5.31,5.37,5.25,5.35,8392392,44680908.000
2012-04-17,5.32,5.49,5.31,5.32,13164677,71416400.000
2012-04-18,5.34,5.47,5.31,5.42,10525568,57073792.000
2012-04-19,5.39,5.44,5.36,5.40,7604298,41079644.000
2012-04-20,5.38,5.43,5.33,5.43,8999206,48671704.000
2012-04-23,5.43,5.50,5.35,5.41,11129824,60535040.000
2012-04-24,5.39,5.48,5.16,5.34,11376630,60635280.000
2012-04-25,5.37,5.56,5.27,5.53,19930346,109050960.000
2012-04-26,5.51,5.76,5.48,5.54,24625961,138800960.000
2012-04-27,5.47,5.53,5.34,5.38,11993868,65066128.000
2012-05-02,5.46,5.46,5.20,5.29,18023289,95685312.000
2012-05-03,5.30,5.30,5.23,5.26,7167886,37757212.000
2012-05-04,5.27,5.36,5.27,5.33,8799984,46898264.000
2012-05-07,5.29,5.29,5.17,5.25,9422115,49318452.000
2012-05-08,5.25,5.25,5.18,5.22,7357638,38379748.000
2012-05-09,5.18,5.18,5.11,5.12,6732308,34717260.000
2012-05-10,5.10,5.20,5.10,5.17,5274597,27300884.000
2012-05-11,5.14,5.20,5.12,5.12,4614315,23795674.000
2012-05-14,5.15,5.19,5.11,5.12,4511621,23263980.000
2012-05-15,5.08,5.17,5.04,5.16,4739789,24184276.000
2012-05-16,5.17,5.17,5.07,5.08,2855273,14662079.000
2012-05-17,5.08,5.16,5.06,5.14,4724566,24223748.000
2012-05-18,5.11,5.11,4.99,5.01,6820994,34497416.000
2012-05-21,5.01,5.03,4.94,4.99,4012775,20049596.000
2012-05-22,5.02,5.05,5.00,5.03,3597340,18111040.000
2012-05-23,5.03,5.03,4.93,4.95,5062585,25219084.000
2012-05-24,4.95,5.08,4.90,5.01,8319200,41644776.000
2012-05-25,4.99,5.03,4.89,4.92,4763799,23570428.000
2012-05-28,4.90,4.96,4.81,4.95,5065300,24715684.000
2012-05-29,4.95,5.04,4.92,5.02,6481870,32540032.000
2012-05-30,5.03,5.07,5.00,5.03,5338980,26907844.000
2012-05-31,5.03,5.10,4.99,5.08,6803307,34485636.000
2012-06-01,5.07,5.10,5.01,5.03,3845295,19449268.000
2012-06-04,4.95,4.96,4.84,4.85,5792928,28468752.000
2012-06-05,4.85,4.91,4.83,4.84,2548023,12392974.000
2012-06-06,4.85,4.88,4.81,4.84,2607891,12646885.000
2012-06-07,4.89,4.92,4.80,4.81,2350559,11427857.000
2012-06-08,4.83,4.86,4.77,4.79,3040785,14679983.000
2012-06-11,4.81,4.88,4.78,4.85,3171736,15378500.000
2012-06-12,4.85,4.85,4.78,4.81,2779159,13383375.000
2012-06-13,4.82,4.86,4.79,4.86,3057804,14819646.000
2012-06-14,4.85,4.90,4.83,4.84,4171542,20324406.000
2012-06-15,4.84,4.87,4.79,4.85,2827105,13689367.000
2012-06-19,4.87,4.87,4.80,4.81,3108151,15053781.000
2012-06-20,4.86,5.29,4.86,5.29,27732425,144553424.000
2012-06-21,5.35,5.47,5.19,5.24,56631027,303314688.000
2012-06-25,5.11,5.15,4.96,5.03,22544774,113503968.000
2012-06-26,4.97,5.13,4.91,5.06,16827602,84745872.000
2012-06-27,5.01,5.06,4.95,4.97,13507600,67693312.000
2012-06-28,5.01,5.03,4.78,4.79,13207504,64821408.000
2012-06-29,4.76,4.76,4.55,4.70,13965315,65252728.000
2012-07-02,4.74,4.76,4.66,4.73,7239458,34154512.000
2012-07-03,4.73,4.78,4.63,4.74,6096994,28795528.000
2012-07-04,4.77,4.78,4.66,4.67,5948850,27955520.000
2012-07-05,4.67,4.67,4.51,4.51,6419875,29178244.000
2012-07-06,4.54,4.59,4.44,4.58,5771718,26110156.000
2012-07-09,4.53,4.58,4.47,4.50,4496034,20334724.000
2012-07-10,4.50,4.51,4.44,4.47,3323862,14867202.000
2012-07-11,4.50,4.50,4.44,4.50,2983113,13354910.000
2012-07-12,4.50,4.59,4.46,4.58,5055634,22928292.000
2012-07-13,4.56,4.58,4.52,4.53,3211749,14579238.000
2012-07-16,4.53,4.55,4.28,4.30,6365582,27946788.000
2012-07-17,4.31,4.34,4.24,4.33,3213750,13828420.000
2012-07-18,4.33,4.36,4.27,4.35,2807755,12103992.000
2012-07-19,4.32,4.50,4.32,4.43,6734241,29897852.000
2012-07-20,4.44,4.47,4.38,4.41,4019678,17812380.000
2012-07-23,4.32,4.35,4.28,4.34,3457603,14934207.000
2012-07-24,4.34,4.38,4.30,4.35,2853288,12383723.000
2012-07-25,4.35,4.41,4.32,4.35,3776604,16473743.000
2012-07-26,4.34,4.41,4.31,4.33,3251686,14171993.000
2012-07-27,4.35,4.36,4.28,4.31,2532595,10933447.000
2012-07-30,4.30,4.31,4.00,4.04,9255994,37933852.000
2012-07-31,4.04,4.06,3.91,3.95,4167700,16491424.000
2012-08-01,3.95,4.02,3.94,3.99,2460787,9826342.000
2012-08-02,3.97,4.09,3.97,4.02,4123849,16640452.000
2012-08-03,4.01,4.07,3.98,4.07,3402550,13729805.000
2012-08-06,4.06,4.14,4.04,4.12,4244502,17382104.000
2012-08-07,4.12,4.27,4.10,4.22,7042993,29576568.000
2012-08-08,4.20,4.21,4.13,4.18,4115385,17171560.000
2012-08-09,4.18,4.23,4.15,4.21,4442741,18651304.000
2012-08-10,4.22,4.30,4.16,4.25,6565292,27703574.000
2012-08-13,4.23,4.23,4.10,4.10,4672941,19460062.000
2012-08-14,4.08,4.29,4.06,4.26,8381234,35139152.000
2012-08-15,4.24,4.26,4.14,4.15,5066187,21280502.000
2012-08-16,4.16,4.23,4.14,4.15,2526814,10566254.000
2012-08-17,4.15,4.19,4.10,4.16,2215364,9184548.000
2012-08-20,4.12,4.17,4.09,4.17,2388132,9858549.000
2012-08-21,4.19,4.26,4.16,4.23,4938079,20849926.000
2012-08-22,4.23,4.25,4.18,4.25,4340468,18306012.000
2012-08-23,4.23,4.36,4.21,4.35,9222412,39701424.000
2012-08-24,4.34,4.34,4.17,4.19,5558592,23604592.000
2012-08-27,4.18,4.18,4.02,4.04,4901589,19933128.000
2012-08-28,4.04,4.11,4.03,4.09,2983938,12138398.000
2012-08-29,4.09,4.19,4.04,4.09,4859784,20068568.000
2012-08-30,4.09,4.11,3.99,4.05,4514485,18290184.000
2012-08-31,4.04,4.12,4.02,4.09,3378701,13719778.000
2012-09-03,4.05,4.14,4.04,4.12,3120080,12802443.000
2012-09-04,4.15,4.25,4.13,4.19,9034080,37970308.000
2012-09-05,4.17,4.60,4.15,4.41,24383028,107585248.000
2012-09-06,4.39,4.42,4.20,4.37,15493032,66881748.000
2012-09-07,4.81,4.81,4.81,4.81,12619756,60701024.000
2012-09-10,5.00,5.00,4.75,4.90,49235748,240600704.000
2012-09-11,4.81,4.83,4.65,4.71,24900143,117660120.000
2012-09-12,4.76,4.77,4.60,4.68,16197671,75646176.000
2012-09-13,4.64,4.69,4.53,4.55,10282703,47514444.000
2012-09-14,4.56,4.62,4.48,4.55,10508026,47755436.000
2012-09-17,4.56,4.56,4.40,4.40,7117631,31780512.000
2012-09-18,4.38,4.45,4.34,4.39,6229108,27346576.000
2012-09-19,4.45,4.56,4.42,4.47,12916009,58145392.000
2012-09-20,4.42,4.46,4.31,4.34,9481584,41376976.000
2012-09-21,4.38,4.57,4.36,4.40,14900978,66611052.000
2012-09-24,4.30,4.35,4.11,4.29,10130942,42718140.000
2012-09-25,4.24,4.28,4.15,4.18,5305407,22351444.000
2012-09-26,4.19,4.21,4.08,4.10,4935336,20380188.000
2012-09-27,4.10,4.23,4.07,4.18,6168146,25770612.000
2012-09-28,4.13,4.24,4.11,4.24,5902392,24772912.000
2012-10-08,4.25,4.26,4.14,4.18,5882804,24683312.000
2012-10-09,4.19,4.31,4.19,4.30,8462886,36042696.000
2012-10-10,4.31,4.38,4.27,4.36,8578850,37158020.000
2012-10-11,4.33,4.41,4.26,4.26,8718110,37769248.000
2012-10-12,4.26,4.32,4.19,4.27,6318030,26859760.000
2012-10-15,4.27,4.27,4.14,4.22,4705062,19776096.000
2012-10-16,4.20,4.26,4.19,4.22,3306240,13959574.000
2012-10-17,4.23,4.25,4.17,4.24,2736869,11537504.000
2012-10-18,4.24,4.33,4.23,4.29,5408783,23211708.000
2012-10-19,4.30,4.38,4.29,4.35,7193759,31190238.000
2012-10-22,4.32,4.37,4.29,4.35,4370895,18899806.000
2012-10-23,4.31,4.35,4.27,4.28,5423408,23375048.000
2012-10-24,4.24,4.31,4.22,4.26,3802372,16237899.000
2012-10-25,4.25,4.31,4.20,4.22,4579421,19537022.000
2012-10-26,4.24,4.25,4.10,4.11,4689691,19516940.000
2012-10-29,4.12,4.14,4.06,4.09,2526198,10356704.000
2012-10-30,4.12,4.14,4.07,4.09,1601960,6572868.000
2012-10-31,4.09,4.10,3.99,4.06,4028359,16253281.000
2012-11-01,4.05,4.14,4.03,4.12,3788005,15559378.000
2012-11-02,4.13,4.16,4.10,4.16,3004367,12413543.000
2012-11-05,4.16,4.18,4.12,4.14,2894165,11967999.000
2012-11-06,4.14,4.15,4.03,4.10,3531632,14406755.000
2012-11-07,4.10,4.11,4.06,4.10,2278610,9312294.000
2012-11-08,4.07,4.08,4.00,4.01,3898421,15730655.000
2012-11-09,3.99,4.04,3.99,4.00,2370443,9492733.000
2012-11-12,4.06,4.09,4.02,4.05,2409311,9747836.000
2012-11-13,4.05,4.12,4.00,4.08,5616678,22863800.000
2012-11-14,4.10,4.10,4.00,4.07,3532825,14259313.000
2012-11-15,4.04,4.06,3.95,3.99,3090800,12406205.000
2012-11-16,3.99,4.00,3.93,3.96,2267141,8964143.000
2012-11-19,3.96,3.99,3.93,3.98,2067510,8184778.000
2012-11-20,3.99,4.03,3.96,3.99,2292418,9165681.000
2012-11-21,4.01,4.03,3.93,4.02,2449407,9739628.000
2012-11-22,4.01,4.02,3.95,3.96,2118158,8424382.000
2012-11-23,3.95,4.02,3.95,3.98,2028398,8085401.000
2012-11-26,3.98,4.00,3.94,3.94,1896739,7525418.000
2012-11-27,3.94,3.94,3.77,3.78,3629832,13899070.000
2012-11-28,3.75,3.79,3.58,3.59,3417390,12560338.000
2012-11-29,3.59,3.65,3.55,3.57,1936795,6987900.000
2012-11-30,3.59,3.65,3.59,3.64,2164487,7855858.000
2012-12-03,3.64,3.64,3.52,3.52,2060650,7405151.000
2012-12-04,3.50,3.58,3.48,3.57,2086981,7348536.000
2012-12-05,3.58,3.81,3.55,3.79,7606599,28305340.000
2012-12-06,4.05,4.10,3.88,3.90,20020353,79481248.000
2012-12-07,3.90,4.06,3.81,4.03,15114626,59977760.000
2012-12-10,4.02,4.09,4.00,4.06,11341346,45861088.000
2012-12-11,4.03,4.06,3.96,3.97,8721573,34946320.000
2012-12-12,3.97,4.02,3.92,3.97,5619012,22244276.000
2012-12-13,3.95,3.98,3.91,3.92,3997420,15733576.000
2012-12-14,3.91,4.08,3.91,4.06,10282514,41469728.000
2012-12-17,4.07,4.15,4.03,4.14,12511254,50959756.000
2012-12-18,4.09,4.13,4.05,4.06,9366908,38237864.000
2012-12-19,4.08,4.19,4.05,4.11,9064256,37367888.000
2012-12-20,4.09,4.09,3.98,4.04,8123051,32746310.000
2012-12-21,4.03,4.10,4.01,4.03,5566893,22528004.000
2012-12-24,4.02,4.06,3.99,4.00,4063906,16334516.000
2012-12-25,4.15,4.37,4.15,4.24,22213525,93988176.000
2012-12-26,4.16,4.38,4.15,4.36,19795440,84466320.000
2012-12-27,4.36,4.40,4.26,4.28,12597034,54437800.000
2012-12-28,4.29,4.33,4.25,4.29,7581781,32441940.000
2012-12-31,4.33,4.35,4.26,4.32,8831681,37988036.000
2013-01-04,4.36,4.36,4.20,4.25,7235255,30918136.000
2013-01-07,4.25,4.29,4.21,4.28,5510939,23441208.000
2013-01-08,4.28,4.38,4.25,4.35,9539620,41216104.000
2013-01-09,4.32,4.61,4.31,4.56,27552592,123861344.000
2013-01-10,4.61,4.61,4.46,4.48,12799790,57577908.000
2013-01-11,4.47,4.51,4.30,4.40,13824552,60885752.000
2013-01-14,4.38,4.49,4.33,4.49,13597204,60350604.000
2013-01-15,4.50,4.61,4.45,4.57,16539497,74850704.000
2013-01-16,4.57,4.58,4.44,4.51,11433449,51397280.000
2013-01-17,4.50,4.50,4.40,4.42,6941533,30919308.000
2013-01-18,4.42,4.48,4.37,4.46,8181383,36251524.000
2013-01-21,4.45,4.49,4.40,4.45,7317182,32527304.000
2013-01-22,4.45,4.51,4.35,4.36,7468914,33173674.000
2013-01-23,4.36,4.44,4.31,4.43,7177676,31364336.000
2013-01-24,4.41,4.46,4.25,4.27,9441850,41366040.000
2013-01-25,4.28,4.29,4.20,4.21,5426482,22964892.000
2013-01-28,4.22,4.34,4.19,4.33,6982641,29774024.000
2013-01-29,4.33,4.35,4.29,4.33,5677426,24548512.000
2013-01-30,4.41,4.51,4.38,4.45,15266508,67920120.000
2013-01-31,4.46,4.48,4.34,4.38,7673199,33627408.000
2013-02-01,4.38,4.44,4.35,4.39,9286719,40832376.000
2013-02-04,4.38,4.41,4.24,4.30,10184217,43829888.000
2013-02-05,4.25,4.33,4.23,4.31,4499463,19262480.000
2013-02-06,4.30,4.38,4.30,4.34,6011815,26096712.000
2013-02-07,4.23,4.28,4.19,4.25,9497971,40209600.000
2013-02-08,4.25,4.29,4.22,4.28,8794150,37427280.000
2013-02-18,4.30,4.38,4.30,4.32,7609544,32946880.000
2013-02-19,4.32,4.34,4.24,4.25,5433259,23176708.000
2013-02-20,4.24,4.31,4.23,4.31,5049167,21640290.000
2013-02-21,4.28,4.38,4.23,4.37,13632475,58620496.000
2013-02-22,4.33,4.36,4.28,4.29,7193527,31092256.000
2013-02-25,4.29,4.36,4.28,4.34,5198811,22452890.000
2013-02-26,4.34,4.43,4.27,4.29,11212619,48827068.000
2013-02-27,4.30,4.32,4.21,4.25,5668609,24147286.000
2013-02-28,4.28,4.33,4.23,4.32,5480146,23531656.000
2013-03-01,4.32,4.40,4.31,4.39,11996518,52369228.000
2013-03-04,4.38,4.38,4.20,4.24,9465522,40688540.000
2013-03-05,4.25,4.34,4.20,4.34,6665428,28562944.000
2013-03-06,4.35,4.53,4.33,4.45,19124649,85035960.000
2013-03-07,4.43,4.44,4.32,4.39,9511729,41710372.000
2013-03-08,4.39,4.49,4.38,4.42,12341413,54861344.000
2013-03-11,4.41,4.51,4.39,4.46,11048416,49350080.000
2013-03-12,4.46,4.50,4.23,4.30,11744946,51162720.000
2013-03-13,4.30,4.30,4.13,4.18,7740541,32476258.000
2013-03-14,4.16,4.22,4.14,4.18,4625670,19359862.000
2013-03-15,4.18,4.26,4.13,4.16,5534621,23208692.000
2013-03-18,4.15,4.21,4.12,4.14,5774289,24027780.000
2013-03-19,4.14,4.43,4.14,4.39,17608260,75641328.000
2013-03-20,4.45,4.78,4.39,4.59,48210154,221748784.000
2013-03-21,4.59,4.67,4.51,4.64,30719062,141399408.000
2013-03-22,4.66,4.84,4.56,4.68,31882109,150292768.000
2013-03-25,4.64,4.68,4.54,4.58,17618148,80845400.000
2013-03-26,4.58,4.63,4.45,4.61,16999059,77038144.000
2013-03-27,4.58,4.61,4.53,4.53,10281480,46923496.000
2013-03-28,4.50,4.50,4.30,4.31,13145856,57707836.000
2013-03-29,4.32,4.37,4.25,4.27,7317663,31530980.000
2013-04-01,4.28,4.32,4.24,4.31,6415397,27513456.000
2013-04-02,4.32,4.35,4.22,4.24,6912773,29559828.000
2013-04-03,4.24,4.27,4.13,4.16,7865278,32818892.000
2013-04-08,4.10,4.15,4.03,4.15,6740426,27601032.000
2013-04-09,4.16,4.22,4.14,4.19,5789205,24215376.000
2013-04-10,4.21,4.21,4.10,4.16,5090658,21156864.000
2013-04-11,4.16,4.24,4.14,4.15,4541713,19042220.000
2013-04-12,4.17,4.37,4.12,4.27,11009410,46933268.000
2013-04-15,4.24,4.31,4.20,4.25,8464722,36011472.000
2013-04-16,4.19,4.31,4.16,4.30,5970031,25266416.000
2013-04-17,4.26,4.32,4.25,4.29,6109341,26166472.000
2013-04-18,4.25,4.44,4.23,4.40,14125606,61659940.000
2013-04-19,4.37,4.41,4.33,4.38,10945733,47973456.000
2013-04-22,4.37,4.37,4.24,4.33,10275829,44266684.000
2013-04-23,4.32,4.33,4.14,4.14,8319473,35092976.000
2013-04-24,4.18,4.28,4.15,4.23,7197806,30399682.000
2013-04-25,4.23,4.23,4.14,4.16,7688341,32090776.000
2013-04-26,4.19,4.19,4.07,4.09,4361210,17996208.000
2013-05-02,4.10,4.17,4.08,4.14,3409888,14106542.000
2013-05-03,4.13,4.22,4.13,4.20,6210101,26044882.000
2013-05-06,4.22,4.33,4.18,4.30,10428740,44672936.000
2013-05-07,4.30,4.39,4.27,4.34,11890900,51555984.000
2013-05-08,4.35,4.39,4.28,4.39,11724254,50912136.000
2013-05-09,4.39,4.60,4.35,4.52,31275923,139874912.000
2013-05-10,4.55,4.64,4.45,4.49,23273932,105459104.000
2013-05-13,4.49,4.65,4.39,4.62,23295896,105685824.000
2013-05-14,4.70,4.70,4.42,4.46,17505921,79129496.000
2013-05-15,4.42,4.56,4.42,4.53,12710019,57213780.000
2013-05-16,4.54,4.77,4.47,4.71,33508153,155665408.000
2013-05-17,4.70,4.78,4.63,4.71,29645900,139719776.000
2013-05-20,4.72,4.93,4.67,4.85,30613028,147969472.000
2013-05-21,4.86,5.34,4.84,5.34,45946547,239324432.000
2013-05-22,5.70,5.80,5.51,5.72,135804318,767250880.000
2013-05-23,5.59,5.75,5.49,5.51,74460496,418998208.000
2013-05-24,5.60,5.76,5.55,5.66,60807342,344351200.000
2013-05-27,5.59,5.74,5.53,5.60,47130278,265050288.000
2013-05-28,5.55,5.62,5.26,5.37,56963315,306819872.000
2013-05-29,5.35,5.44,5.32,5.39,32618065,175773216.000
2013-05-30,5.38,5.49,5.35,5.38,31841818,172873888.000
2013-05-31,5.35,5.57,5.35,5.43,30714328,168556080.000
2013-06-03,5.43,5.48,5.20,5.23,27886935,147535728.000
2013-06-04,5.23,5.23,5.04,5.10,20553014,104975872.000
2013-06-05,5.09,5.23,5.06,5.20,17677858,90895632.000
2013-06-06,5.14,5.18,4.99,5.00,16319255,82877760.000
2013-06-07,5.03,5.06,4.87,4.91,13717670,67773520.000
2013-06-13,4.82,4.82,4.59,4.75,11729098,55267496.000
2013-06-14,4.77,5.08,4.75,4.95,21771757,108005200.000
2013-06-17,4.95,5.15,4.93,4.99,20292196,102585456.000
2013-06-18,5.00,5.18,4.97,5.13,21578891,109842816.000
2013-06-19,5.08,5.13,4.96,5.09,14930654,75410608.000
2013-06-20,5.09,5.23,5.00,5.02,20992871,107607688.000
2013-06-21,4.85,5.08,4.67,5.08,16157387,79180968.000
2013-06-24,5.03,5.06,4.72,4.91,16856513,83089408.000
2013-06-25,4.83,5.10,4.48,5.08,26189759,128863488.000
2013-06-26,5.11,5.39,5.10,5.38,48187054,254348928.000
2013-06-27,5.37,5.40,5.13,5.17,39660238,208700304.000
2013-06-28,5.09,5.38,4.96,5.33,40610402,211774080.000
2013-07-01,5.40,5.68,5.31,5.63,61350932,337997440.000
2013-07-02,5.55,5.77,5.47,5.60,53050311,298645824.000
2013-07-03,5.53,6.10,5.31,5.91,77379689,444907872.000
2013-07-04,5.80,6.05,5.73,5.89,58814489,345706656.000
2013-07-05,5.83,6.02,5.55,5.57,56021903,327107200.000
2013-07-08,5.38,5.44,5.10,5.11,40669801,214535664.000
2013-07-09,5.08,5.33,5.06,5.21,23045870,120122320.000
2013-07-10,5.16,5.45,5.14,5.39,26573599,142035280.000
2013-07-11,5.37,5.54,5.32,5.47,31548926,171829600.000
2013-07-12,5.49,5.67,5.37,5.38,29302835,162419472.000
数据来源:通达信
