600620 天宸股份 日线
      日期	    开盘	    最高	    最低	    收盘	    成交量	    成交额
2007-01-11,2.80,2.95,2.76,2.86,8687876,36457000.000
2007-01-12,2.82,2.91,2.65,2.67,4669525,18954484.000
2007-01-15,2.65,2.86,2.62,2.85,4793255,19305948.000
2007-01-16,2.88,3.06,2.87,3.05,15943121,68739336.000
2007-01-17,3.10,3.10,2.79,2.82,13244550,56244072.000
2007-01-18,2.76,2.81,2.65,2.75,7986804,31711984.000
2007-01-19,2.77,2.87,2.76,2.86,6106347,24969402.000
2007-01-22,2.88,3.08,2.86,3.05,11636411,49973328.000
2007-01-23,3.05,3.27,2.95,3.25,18466884,83426048.000
2007-01-24,3.20,3.32,3.15,3.23,10784013,50463340.000
2007-01-25,3.21,3.37,3.04,3.11,12786869,59865528.000
2007-01-26,3.04,3.19,2.92,3.14,7333279,32700820.000
2007-01-29,3.14,3.26,3.05,3.25,8834155,40494256.000
2007-01-30,3.26,3.27,3.06,3.09,7189349,32692636.000
2007-01-31,3.08,3.27,3.00,3.21,18940498,87776760.000
2007-02-01,3.19,3.21,2.99,3.11,9253697,41818880.000
2007-02-02,3.12,3.42,3.04,3.41,23483998,113442560.000
2007-02-05,3.31,3.37,3.18,3.25,11675534,55347212.000
2007-02-06,3.25,3.42,3.23,3.29,8625626,41497368.000
2007-02-07,3.30,3.36,3.17,3.33,8483138,40152880.000
2007-02-08,3.32,3.53,3.24,3.44,9938649,48756816.000
2007-02-09,3.43,3.50,3.32,3.38,6537960,32260664.000
2007-02-12,3.38,3.52,3.34,3.45,6606767,33051274.000
2007-02-13,3.45,3.51,3.37,3.47,6230700,31066708.000
2007-02-14,3.48,3.67,3.45,3.55,8808197,45376316.000
2007-02-15,3.59,3.76,3.59,3.62,9493405,50222940.000
2007-02-16,3.60,3.72,3.56,3.62,7440818,39187592.000
2007-02-26,3.68,3.86,3.60,3.80,7822673,42768920.000
2007-02-27,3.85,4.13,3.41,3.48,15460075,86141360.000
2007-02-28,3.56,3.84,3.52,3.84,10754723,58045688.000
2007-03-01,3.98,4.11,3.73,3.98,14833253,84276896.000
2007-03-02,3.98,4.06,3.85,3.95,8865110,50820048.000
2007-03-05,3.97,4.06,3.69,3.90,8593441,48288640.000
2007-03-06,3.86,3.86,3.70,3.80,5202183,28475948.000
2007-03-07,3.80,3.93,3.75,3.90,5801027,32299812.000
2007-03-08,3.89,3.97,3.80,3.94,6470486,36437260.000
2007-03-09,3.92,3.92,3.79,3.86,6771673,37705512.000
2007-03-12,3.83,4.08,3.74,4.04,9741620,54996104.000
2007-03-13,4.04,4.11,3.97,4.04,6904749,40396652.000
2007-03-14,4.03,4.26,3.82,4.17,10210225,59804036.000
2007-03-15,4.13,4.39,4.09,4.28,10351209,63933156.000
2007-03-16,4.29,4.72,4.16,4.56,21485240,137621920.000
2007-03-19,4.33,4.90,4.32,4.82,20735695,138925440.000
2007-03-20,4.78,4.89,4.67,4.75,11074536,76108928.000
2007-03-21,4.76,4.84,4.62,4.76,7906651,54088348.000
2007-03-22,4.79,4.96,4.74,4.75,7847391,54938420.000
2007-03-23,4.75,4.81,4.54,4.76,8423856,56860204.000
2007-03-26,4.78,4.89,4.62,4.83,7899466,54613312.000
2007-03-27,4.83,5.18,4.75,5.03,11458593,82047752.000
2007-03-28,5.03,5.06,4.65,4.83,9883041,69331744.000
2007-03-29,4.70,4.78,4.41,4.43,15577265,104010424.000
2007-03-30,4.39,4.55,4.37,4.46,6938393,44896792.000
2007-04-02,4.46,4.55,4.35,4.48,9682833,62133464.000
2007-04-03,4.50,4.63,4.46,4.60,11185578,73878976.000
2007-04-04,4.60,4.66,4.53,4.59,9350379,61868400.000
2007-04-05,4.57,4.74,4.53,4.73,11653336,78695376.000
2007-04-06,4.69,4.92,4.64,4.83,11215540,78175920.000
2007-04-09,4.86,4.94,4.78,4.84,11153872,77948736.000
2007-04-10,4.85,4.86,4.57,4.76,11439435,77928296.000
2007-04-11,4.94,4.94,4.79,4.90,16590958,116500872.000
2007-04-12,4.99,5.06,4.84,4.96,15659772,111008312.000
2007-04-13,4.96,4.97,4.76,4.81,12987416,91669288.000
2007-04-16,4.79,4.96,4.74,4.95,14978959,105939576.000
2007-04-17,4.97,5.36,4.94,5.26,25162806,186417680.000
2007-04-18,5.32,5.53,5.18,5.34,21472178,164714816.000
2007-04-19,5.46,5.67,5.02,5.37,31890250,250891792.000
2007-04-20,5.47,5.69,5.41,5.64,20744648,166328000.000
2007-04-23,5.72,5.88,5.70,5.75,17056248,141776480.000
2007-04-24,5.76,5.81,5.55,5.68,16986011,139076928.000
2007-04-25,5.65,5.65,5.38,5.63,15065656,120269392.000
2007-04-26,5.62,5.76,5.51,5.62,16519980,133855384.000
2007-04-27,5.62,5.84,5.55,5.72,17971987,147668800.000
2007-04-30,5.69,6.11,5.65,5.99,23255194,198222128.000
2007-05-08,6.15,6.32,5.97,6.19,20887140,185480288.000
2007-05-09,6.19,6.21,5.81,6.18,22691008,198404752.000
2007-05-10,6.72,6.81,6.71,6.81,12477108,122152824.000
2007-05-11,6.81,7.16,6.51,6.84,34514113,342572736.000
2007-05-14,6.67,7.00,6.49,6.73,15768480,153580032.000
2007-05-15,6.72,6.81,6.25,6.27,16596985,155327088.000
2007-05-16,6.25,6.67,6.16,6.60,14690156,135388768.000
2007-05-17,6.60,6.72,6.46,6.58,14032459,133273352.000
2007-05-21,6.27,6.83,6.21,6.75,16791276,159016368.000
2007-05-22,6.89,7.05,6.77,6.83,19206071,191417408.000
2007-05-23,6.79,7.16,6.79,7.12,19467593,196530496.000
2007-05-24,7.16,7.30,6.81,7.07,18900399,190850080.000
2007-05-25,7.05,7.23,6.90,7.14,19283257,197257600.000
2007-05-28,7.34,7.47,7.16,7.26,22202846,232894032.000
2007-05-29,7.30,7.34,6.95,7.28,18629960,192531552.000
2007-05-30,6.64,7.11,6.55,6.55,19468136,190956096.000
2007-05-31,6.39,6.42,5.89,5.89,17931946,155749072.000
2007-06-01,5.89,6.04,5.30,5.30,14715763,117466792.000
2007-06-04,5.20,5.40,4.76,4.76,11747241,82649632.000
2007-06-05,4.39,4.83,4.28,4.73,15314730,98525200.000
2007-06-06,4.74,4.99,4.52,4.82,11621982,81094128.000
2007-06-07,4.82,5.08,4.74,5.07,12913961,91685760.000
2007-06-08,5.08,5.19,4.92,5.02,11159362,81467440.000
2007-06-11,5.03,5.20,4.95,5.12,12296524,89983536.000
2007-06-12,5.16,5.54,4.67,5.49,19634946,144365120.000
2007-06-13,5.79,6.04,5.71,6.04,29292429,249308112.000
2007-06-14,6.17,6.30,5.84,5.89,21977293,192585568.000
2007-06-15,5.74,6.10,5.72,5.94,10798876,92288904.000
2007-06-18,6.11,6.17,5.97,6.02,10197097,88833376.000
2007-06-19,6.03,6.16,5.74,6.12,11291108,97441344.000
2007-06-20,6.11,6.22,5.74,5.75,11689318,101212928.000
2007-06-21,5.73,5.90,5.56,5.68,9182571,75675048.000
2007-06-22,5.69,5.85,5.11,5.13,12258728,95570904.000
2007-06-25,5.12,5.19,4.62,4.64,10138148,70722760.000
2007-06-26,4.64,5.11,4.58,5.11,9544644,66942964.000
2007-06-27,5.10,5.27,4.93,5.20,7665595,56895304.000
2007-06-28,5.13,5.26,4.75,4.76,5762056,41356352.000
2007-06-29,4.60,5.02,4.60,4.86,7609803,53653896.000
2007-07-02,4.88,5.27,4.88,5.26,9297390,68394896.000
2007-07-03,5.28,5.32,5.06,5.21,6726465,50064924.000
2007-07-04,5.17,5.20,4.88,4.91,4916564,35768884.000
2007-07-05,4.86,4.86,4.58,4.60,5729050,38764732.000
2007-07-06,4.59,4.99,4.58,4.94,5370308,37086432.000
2007-07-09,4.98,5.13,4.91,5.06,5809964,42152688.000
2007-07-10,5.03,5.05,4.87,4.88,3860336,27459320.000
2007-07-11,4.89,5.37,4.86,5.28,12112622,90453896.000
2007-07-12,5.26,5.27,5.12,5.25,6730607,50506248.000
2007-07-13,5.34,5.55,5.27,5.38,11617750,90697616.000
2007-07-16,5.37,5.53,5.27,5.29,6033466,46754720.000
2007-07-17,5.28,5.62,5.25,5.51,9017320,71174632.000
2007-07-18,5.44,5.69,5.40,5.51,8655512,69641072.000
2007-07-19,5.44,5.55,5.32,5.44,4003298,31358172.000
2007-07-20,5.44,5.90,5.44,5.86,13595708,112997160.000
2007-07-23,6.01,6.25,5.94,6.08,20348645,178039120.000
2007-07-24,6.10,6.44,5.95,6.14,16530883,148249424.000
2007-07-25,6.11,6.33,6.11,6.25,9594234,86081680.000
2007-07-26,6.28,6.46,6.09,6.36,12290815,111192064.000
2007-07-27,6.25,6.45,6.18,6.41,9818058,89493856.000
2007-07-30,6.36,6.67,6.29,6.42,12862208,120951568.000
2007-07-31,6.48,6.60,6.25,6.38,9769124,89739520.000
2007-08-01,6.39,6.58,5.95,6.02,12609787,113301040.000
2007-08-02,6.08,6.62,6.08,6.62,29041601,274127840.000
2007-08-03,6.87,7.20,6.74,6.99,32309338,323985536.000
2007-08-06,7.03,7.14,6.83,7.03,15245095,152734880.000
2007-08-07,6.99,7.09,6.82,6.86,10704972,106896816.000
2007-08-08,6.78,6.86,6.32,6.66,10707576,101949264.000
2007-08-09,6.53,7.06,6.53,6.95,11696185,115877120.000
2007-08-10,6.88,6.88,6.25,6.27,18973433,174156576.000
2007-08-13,6.14,6.14,5.77,5.98,10990182,93922456.000
2007-08-14,5.99,6.15,5.90,6.11,5952183,52068968.000
2007-08-15,6.15,6.17,5.83,6.05,6412134,55239660.000
2007-08-16,5.96,6.05,5.82,6.00,6049104,51566272.000
2007-08-17,6.04,6.23,5.97,6.05,6583333,57893124.000
2007-08-20,6.18,6.30,6.12,6.27,6968161,62344752.000
2007-08-21,6.32,6.37,6.13,6.16,6997011,62658468.000
2007-08-22,6.09,6.23,6.01,6.16,8618441,75933368.000
2007-08-23,6.19,6.36,6.08,6.27,8163180,72869856.000
2007-08-24,6.31,6.33,6.05,6.16,7700452,68371472.000
2007-08-27,6.27,6.45,6.19,6.29,9560922,86824600.000
2007-08-28,6.38,6.44,6.24,6.38,9566700,87310800.000
2007-08-29,6.39,6.65,6.33,6.54,14223312,132878664.000
2007-08-30,6.57,6.69,6.41,6.64,11568620,109657200.000
2007-08-31,6.67,6.69,6.53,6.55,8518776,80889608.000
2007-09-03,6.59,6.84,6.56,6.62,9623649,92098280.000
2007-09-04,6.65,6.74,6.44,6.53,9140831,86534080.000
2007-09-05,6.48,6.61,6.20,6.39,8430022,77309320.000
2007-09-06,6.41,6.59,6.28,6.57,8022485,74232704.000
2007-09-07,6.52,6.52,6.26,6.27,6787899,62053780.000
2007-09-10,6.36,6.90,6.36,6.90,21078252,204702624.000
2007-09-11,7.09,7.16,6.27,6.43,20710882,205389920.000
2007-09-12,6.50,6.65,6.22,6.57,8949542,82901784.000
2007-09-13,6.53,7.02,6.46,6.93,14253183,139651200.000
2007-09-14,7.03,7.36,7.01,7.20,27316922,282191296.000
2007-09-17,7.25,7.93,7.25,7.93,26723011,301634240.000
2007-09-18,8.13,8.27,7.60,7.80,31758062,360712704.000
2007-09-19,7.75,8.51,7.57,8.22,20295843,233662400.000
2007-09-20,8.20,8.35,7.95,8.05,11999659,139712160.000
2007-09-21,8.08,8.18,7.39,7.78,12297052,136248208.000
2007-09-24,7.83,8.06,7.50,7.77,8819308,98702160.000
2007-09-25,7.78,8.04,7.60,8.02,10420244,118424008.000
2007-09-26,7.92,7.96,7.41,7.41,8612848,94969320.000
2007-09-27,7.41,7.65,7.37,7.45,5939043,63942844.000
2007-09-28,7.55,8.20,7.46,8.20,15763473,182797984.000
2007-10-08,8.37,8.56,8.20,8.30,18632717,224561264.000
2007-10-09,8.32,8.47,8.02,8.34,11485712,136096320.000
2007-10-10,8.53,8.77,8.21,8.31,15345694,188104496.000
2007-10-11,8.20,8.41,7.79,7.86,11240113,130006512.000
2007-10-12,7.71,7.79,7.06,7.37,13410807,141209072.000
2007-10-15,7.16,7.34,6.78,7.04,8556708,86372752.000
2007-10-16,7.15,7.41,7.10,7.30,5643347,58772840.000
2007-10-17,7.30,7.30,6.95,7.16,5858976,59302264.000
2007-10-18,7.12,7.12,6.87,6.88,4795626,47912056.000
2007-10-19,6.88,7.09,6.75,6.83,3956635,39521232.000
2007-10-22,6.74,6.74,6.32,6.37,4294196,40414204.000
2007-10-23,6.40,6.62,6.32,6.60,3173413,29497970.000
2007-10-24,6.61,6.72,6.37,6.43,3044103,28636068.000
2007-10-25,6.25,6.25,5.79,5.79,4988855,42073896.000
2007-10-26,5.62,5.85,5.56,5.71,4377619,36004180.000
2007-10-29,5.71,5.79,5.58,5.73,3595916,29279748.000
2007-10-30,5.70,5.86,5.60,5.85,3982878,32948878.000
2007-10-31,5.95,6.30,5.81,6.21,5753995,50238108.000
2007-11-01,6.18,6.32,5.94,6.01,5080905,44697224.000
2007-11-02,5.94,6.11,5.73,5.74,3420061,28930952.000
2007-11-05,5.73,5.95,5.60,5.90,3732391,31324772.000
2007-11-06,5.90,6.16,5.89,5.97,3230300,28107616.000
2007-11-07,5.99,6.21,5.97,6.20,5088365,44852680.000
2007-11-08,6.27,6.40,5.87,5.89,8485458,76241800.000
2007-11-09,5.86,6.17,5.60,6.15,6040932,51665236.000
2007-11-12,6.16,6.27,5.90,6.15,6607218,58266776.000
2007-11-13,6.22,6.27,5.91,6.01,3733118,32973104.000
2007-11-14,6.01,6.15,5.92,6.12,3431296,29944114.000
2007-11-15,6.08,6.10,5.90,6.04,3182028,27410330.000
2007-11-16,6.07,6.07,5.74,5.86,3181723,26935544.000
2007-11-19,5.88,5.99,5.82,5.97,2323009,19869382.000
2007-11-20,5.97,6.16,5.90,6.11,2883940,25259420.000
2007-11-21,6.08,6.15,5.91,5.94,2267085,19675094.000
2007-11-22,5.89,5.89,5.59,5.60,3063666,25218610.000
2007-11-23,5.59,5.69,5.43,5.60,2636691,21037332.000
2007-11-26,5.69,5.79,5.63,5.68,3139881,25800396.000
2007-11-27,5.69,5.75,5.60,5.67,2241491,18325992.000
2007-11-28,5.66,5.77,5.62,5.76,2398777,19744664.000
2007-11-29,5.87,5.98,5.76,5.93,6591109,55962284.000
2007-11-30,5.92,6.02,5.76,5.79,2701525,22927302.000
2007-12-03,5.76,5.97,5.63,5.92,2188610,18450340.000
2007-12-04,5.90,6.01,5.83,5.86,3875734,33142826.000
2007-12-05,5.86,5.94,5.76,5.91,2939844,24798896.000
2007-12-06,5.93,5.93,5.83,5.90,2057697,17400714.000
2007-12-07,5.90,6.00,5.87,5.98,3116992,26682092.000
2007-12-10,5.84,6.07,5.83,6.05,5120730,44018216.000
2007-12-11,6.04,6.11,5.99,6.10,4440179,38722720.000
2007-12-12,6.05,6.13,6.04,6.11,3849536,33777472.000
2007-12-13,6.06,6.24,5.92,5.95,5036003,44382100.000
2007-12-14,5.90,5.97,5.73,5.94,3074171,25883952.000
2007-12-17,5.90,5.94,5.71,5.76,4778324,39944592.000
2007-12-18,5.72,5.81,5.66,5.70,3054596,25116006.000
2007-12-19,5.76,5.88,5.71,5.86,2298679,19193912.000
2007-12-20,5.88,5.95,5.82,5.91,3236926,27485016.000
2007-12-21,5.88,6.03,5.86,6.00,3891106,33258362.000
2007-12-24,6.02,6.13,6.02,6.07,5029160,43917784.000
2007-12-25,6.09,6.46,5.97,6.44,12377475,110807184.000
2007-12-26,6.40,6.65,6.38,6.49,14431466,135160208.000
2007-12-27,6.46,6.63,6.38,6.48,9548645,89031872.000
2007-12-28,6.48,6.72,6.46,6.62,7855330,74407800.000
2008-01-02,6.60,6.78,6.53,6.69,7164566,68439000.000
2008-01-03,6.71,6.86,6.62,6.78,6885149,66759500.000
2008-01-04,6.78,6.85,6.66,6.75,6213179,60409648.000
2008-01-07,6.74,7.04,6.65,6.97,7267739,72399888.000
2008-01-08,6.95,6.95,6.47,6.56,8591550,83059192.000
2008-01-09,6.52,6.71,6.46,6.69,4932440,47129372.000
2008-01-10,6.72,7.36,6.70,7.36,11459783,117956816.000
2008-01-11,7.37,7.56,7.09,7.24,18109768,189807728.000
2008-01-14,7.27,7.35,7.09,7.27,7395826,76923408.000
2008-01-15,7.27,7.45,7.20,7.44,7497004,78990000.000
2008-01-16,7.41,7.41,7.08,7.11,6043782,62655232.000
2008-01-17,7.08,7.22,6.53,6.78,7099779,69931944.000
2008-01-18,6.72,6.87,6.64,6.78,4113319,39824040.000
2008-01-22,6.39,6.39,6.10,6.10,4454219,39416212.000
2008-01-23,5.94,6.22,5.71,6.18,8108463,69809496.000
2008-01-24,6.18,6.37,5.99,6.28,6524872,58064040.000
2008-01-25,6.30,6.48,6.04,6.32,6235855,56849220.000
2008-01-28,6.26,6.27,5.69,5.69,5156821,43182608.000
2008-01-29,5.69,5.88,5.59,5.78,2677596,22135880.000
2008-01-30,5.83,5.94,5.65,5.79,2086689,17414984.000
2008-01-31,5.79,5.84,5.61,5.62,1876242,15500047.000
2008-02-01,5.66,5.69,5.07,5.32,2685799,20809722.000
2008-02-04,5.45,5.74,5.45,5.72,2710764,21938892.000
2008-02-05,5.68,5.79,5.62,5.72,2081180,17083232.000
2008-02-13,5.67,5.79,5.55,5.72,2146173,17536324.000
2008-02-14,5.76,5.86,5.75,5.83,2000595,16721019.000
2008-02-15,5.81,5.81,5.62,5.69,1698013,13902339.000
2008-02-18,5.82,5.97,5.72,5.88,2961928,25059664.000
2008-02-19,5.88,6.00,5.84,5.99,2151255,18427728.000
2008-02-20,6.01,6.13,5.90,5.92,3006285,25969516.000
2008-02-21,5.92,6.06,5.79,6.03,3344923,28512260.000
2008-02-22,6.18,6.46,6.05,6.29,14729079,133233864.000
2008-02-25,6.33,6.37,5.92,6.00,4343177,38306292.000
2008-02-26,6.10,6.22,5.85,6.11,3021502,26291212.000
2008-02-27,6.18,6.34,6.11,6.29,4274294,38517900.000
2008-02-28,6.27,6.39,6.17,6.27,3599655,32595996.000
2008-02-29,6.27,6.30,6.19,6.25,3037142,27290512.000
2008-03-03,6.25,6.50,6.13,6.47,5974689,54644188.000
2008-03-04,6.51,6.57,6.37,6.40,6295190,58588148.000
2008-03-05,6.36,6.57,6.34,6.53,5238461,48505468.000
2008-03-06,6.59,6.75,6.53,6.54,7770584,74206384.000
2008-03-07,6.50,6.66,6.44,6.44,3885732,36619896.000
2008-03-10,6.38,6.38,6.02,6.11,3473409,30897568.000
2008-03-11,6.09,6.20,5.90,6.18,2446154,21317536.000
2008-03-12,6.31,6.39,6.02,6.11,2618037,23298972.000
2008-03-13,5.98,6.11,5.62,5.79,2218187,18748636.000
2008-03-14,5.69,5.83,5.64,5.76,1460904,12042751.000
2008-03-17,5.76,5.90,5.62,5.69,4368148,36170696.000
2008-03-18,5.75,6.26,5.75,6.26,31056358,277005216.000
2008-03-19,6.40,6.88,6.23,6.86,31920203,302883904.000
2008-03-20,6.16,7.35,6.16,6.97,30980627,306267392.000
2008-03-21,6.97,7.53,6.81,7.23,30403513,314500288.000
2008-03-24,7.39,7.96,7.16,7.96,43331970,476317056.000
2008-03-25,7.79,8.25,7.43,7.72,43944031,493072064.000
2008-03-26,7.65,7.90,7.30,7.46,33987176,369672832.000
2008-03-27,7.26,7.91,6.96,7.64,43852513,470555968.000
2008-03-28,7.38,7.58,6.87,7.26,33023666,344344896.000
2008-03-31,6.95,7.62,6.80,7.05,29356481,306618528.000
2008-04-01,6.95,7.16,6.34,6.34,23317417,222322976.000
2008-04-02,6.29,6.46,5.71,5.71,20559378,176921760.000
2008-04-03,5.34,5.81,5.13,5.53,26920983,206989856.000
2008-04-07,5.42,6.09,5.40,6.09,21464071,182162288.000
2008-04-08,6.03,6.39,5.86,6.23,24360497,214254640.000
2008-04-09,6.06,6.30,5.60,5.60,17005451,145435920.000
2008-04-10,5.41,5.71,5.38,5.67,12160827,97283296.000
2008-04-11,5.68,5.90,5.57,5.72,11911999,98328480.000
2008-04-14,5.51,5.51,5.14,5.14,16355040,123163592.000
2008-04-15,4.99,5.23,4.72,5.21,11824114,84105712.000
2008-04-16,5.11,5.14,4.82,4.83,7233285,51713480.000
2008-04-17,4.72,4.99,4.51,4.54,6493841,44115944.000
2008-04-18,4.53,5.00,4.47,4.80,20298478,143916800.000
2008-04-21,5.16,5.16,4.54,4.69,15413107,108930528.000
2008-04-22,4.58,4.67,4.22,4.57,9062221,57766952.000
2008-04-23,4.44,4.78,4.39,4.69,9260591,61685920.000
2008-04-24,5.09,5.17,4.86,5.16,20398164,148468336.000
2008-04-25,5.06,5.39,4.94,5.02,19377421,144052624.000
2008-04-28,4.95,5.01,4.79,4.83,10118505,71272352.000
2008-04-29,4.75,5.02,4.72,4.86,8665473,61005936.000
2008-04-30,4.86,5.09,4.86,5.06,12166689,87201928.000
2008-05-05,5.12,5.27,4.92,5.24,12851194,95006736.000
2008-05-06,5.12,5.41,5.08,5.37,15660580,119090648.000
2008-05-07,5.32,5.38,4.83,4.85,12396417,90669416.000
2008-05-08,4.75,5.09,4.72,5.02,9109128,64693376.000
2008-05-12,4.79,4.99,4.58,4.87,7565309,52517500.000
2008-05-13,4.67,4.83,4.60,4.74,7530684,51177568.000
2008-05-14,4.70,4.95,4.69,4.92,7512008,52731980.000
2008-05-15,4.94,5.13,4.92,4.97,9555424,69036888.000
2008-05-16,4.92,5.06,4.75,4.86,6658361,46848524.000
2008-05-19,4.82,4.90,4.73,4.81,3183245,22032832.000
2008-05-20,4.81,4.91,4.33,4.41,5136775,34498392.000
2008-05-21,4.37,4.56,4.22,4.49,6323706,39541720.000
2008-05-22,4.44,4.59,4.29,4.37,5906757,37748588.000
2008-05-23,4.35,4.41,4.23,4.32,4792090,29846592.000
2008-05-26,4.35,4.56,4.30,4.46,6176537,39516052.000
2008-05-27,4.47,4.47,4.29,4.37,3484710,21956192.000
2008-05-28,4.39,4.51,4.30,4.48,4568813,29211946.000
2008-05-29,4.48,4.53,4.29,4.30,4234451,26932576.000
2008-05-30,4.28,4.36,4.09,4.20,5456606,33109206.000
2008-06-02,4.18,4.23,4.07,4.19,4242192,25356092.000
2008-06-03,4.19,4.25,4.11,4.21,3597908,21667706.000
2008-06-04,4.26,4.48,4.23,4.41,11884304,75155440.000
2008-06-05,4.30,4.39,4.24,4.26,5018349,31106492.000
2008-06-06,4.27,4.35,4.11,4.16,3788969,22878924.000
2008-06-10,4.03,4.03,3.74,3.74,3841425,21054412.000
2008-06-11,3.57,3.65,3.39,3.49,4995833,25208074.000
2008-06-12,3.50,3.58,3.39,3.54,4156691,21017448.000
2008-06-13,3.59,3.59,3.25,3.25,3332313,16344764.000
2008-06-16,3.25,3.39,3.19,3.25,3373530,16114906.000
2008-06-17,3.28,3.44,3.02,3.07,4292931,20408980.000
2008-06-18,2.97,3.25,2.79,3.19,5611332,24939564.000
2008-06-19,3.11,3.16,2.87,2.87,3780358,16351466.000
2008-06-20,2.90,3.03,2.66,2.81,4579333,18951684.000
2008-06-23,2.75,2.85,2.67,2.72,3078784,12265897.000
2008-06-24,2.75,2.86,2.73,2.83,2800517,11340646.000
2008-06-25,2.87,3.03,2.83,3.02,4509190,19226220.000
2008-06-26,3.01,3.27,2.97,3.11,7490658,33711464.000
2008-06-27,2.96,2.99,2.80,2.81,5955823,24718648.000
2008-06-30,3.09,3.09,3.09,3.09,3591260,16052932.000
2008-07-01,3.32,3.32,3.04,3.05,19317180,89604064.000
2008-07-02,2.90,3.36,2.82,3.36,22534389,104405024.000
2008-07-03,3.36,3.67,3.29,3.61,24768113,124313000.000
2008-07-04,3.51,3.76,3.41,3.67,18188848,93719552.000
2008-07-07,3.57,3.86,3.56,3.71,19542778,105101776.000
2008-07-08,3.67,3.81,3.53,3.67,14311297,75642984.000
2008-07-09,3.67,3.88,3.62,3.74,15445879,83715832.000
2008-07-10,3.63,3.83,3.53,3.54,14579128,77886192.000
2008-07-11,3.53,3.90,3.49,3.90,27245858,148857664.000
2008-07-14,3.88,4.12,3.81,4.06,29369812,168106752.000
2008-07-15,4.02,4.14,3.88,3.90,19002233,109411456.000
2008-07-16,3.81,3.88,3.51,3.51,14322707,74708864.000
2008-07-17,3.58,3.66,3.46,3.55,8748832,44921872.000
2008-07-18,3.57,3.64,3.32,3.60,8302736,41883088.000
2008-07-21,3.59,3.96,3.54,3.96,13101770,73331408.000
2008-07-22,4.14,4.36,4.08,4.36,22993190,142483152.000
2008-07-23,4.34,4.37,4.11,4.25,29697104,181690848.000
2008-07-24,4.23,4.67,4.18,4.45,38777538,250752688.000
2008-07-25,4.27,4.49,4.23,4.32,18789069,117788176.000
2008-07-28,4.35,4.62,4.30,4.56,19033950,122407760.000
2008-07-29,4.46,4.79,4.37,4.55,24720214,162878224.000
2008-07-30,4.60,4.69,4.22,4.46,15391995,98922824.000
2008-07-31,4.47,4.53,4.30,4.37,8268992,52441036.000
2008-08-01,4.29,4.51,4.23,4.42,11029092,69655736.000
2008-08-04,4.34,4.57,4.32,4.37,9479787,60721028.000
2008-08-05,4.34,4.41,3.92,3.99,12037585,72200240.000
2008-08-06,4.02,4.09,3.78,4.02,9681894,54868872.000
2008-08-07,3.96,4.29,3.96,4.19,10799612,64787200.000
2008-08-08,4.16,4.20,3.77,3.77,8338777,47597052.000
2008-08-11,3.66,3.81,3.39,3.43,8990790,46137472.000
2008-08-12,3.40,3.57,3.34,3.46,7803433,39170984.000
2008-08-13,3.38,3.48,3.15,3.39,7501016,35651840.000
2008-08-14,3.41,3.73,3.37,3.72,13119302,67840304.000
2008-08-15,3.60,3.94,3.59,3.74,15037317,82113488.000
2008-08-18,3.71,3.85,3.40,3.42,9383697,48981828.000
2008-08-19,3.34,3.76,3.32,3.76,12476951,65368428.000
2008-08-20,3.74,4.14,3.67,4.14,19539438,112307120.000
2008-08-21,4.01,4.56,3.97,4.56,26027578,160546528.000
2008-08-22,4.42,4.85,4.23,4.58,36120816,241854368.000
2008-08-25,4.55,4.79,4.46,4.53,20900816,139413712.000
2008-08-26,4.40,4.84,4.08,4.76,31452905,198057376.000
2008-08-27,4.55,4.85,4.48,4.56,31369757,209999312.000
2008-08-28,4.46,4.58,4.30,4.34,17404006,111218736.000
2008-08-29,4.41,4.58,4.30,4.41,18696539,120377616.000
2008-09-01,4.36,4.65,4.27,4.49,19543476,126298944.000
2008-09-02,4.44,4.50,4.25,4.32,15824367,99287984.000
2008-09-03,4.25,4.30,3.88,3.88,19380520,111919584.000
2008-09-04,3.81,4.02,3.81,3.92,10733608,61001272.000
2008-09-05,3.67,3.95,3.62,3.76,10712852,58996528.000
2008-09-08,3.79,3.92,3.61,3.74,11376055,62496992.000
2008-09-09,3.77,4.11,3.67,4.11,20294622,116512912.000
2008-09-10,4.13,4.44,4.09,4.23,25842747,158283984.000
2008-09-11,4.17,4.37,4.14,4.20,16275527,99930272.000
2008-09-12,4.16,4.25,3.97,4.04,10710010,63255224.000
2008-09-16,4.05,4.39,4.00,4.18,18007313,109692208.000
2008-09-17,4.15,4.19,3.84,4.01,14906229,85888704.000
2008-09-18,3.83,3.98,3.60,3.74,14790346,79449176.000
2008-09-19,4.09,4.11,3.97,4.11,12151492,71614864.000
2008-09-22,4.38,4.53,4.11,4.30,19648033,121918936.000
2008-09-23,4.09,4.30,3.86,4.11,17659560,103456232.000
2008-09-24,3.96,4.53,3.95,4.53,28234648,177161280.000
2008-09-25,4.65,4.75,4.41,4.61,35292276,233658960.000
2008-09-26,4.57,4.89,4.51,4.64,27980331,190084560.000
2008-10-06,4.46,4.83,4.31,4.58,20644599,135947520.000
2008-10-07,4.37,4.79,4.34,4.66,17136634,114408648.000
2008-10-08,4.58,4.72,4.22,4.42,19802433,126347152.000
2008-10-09,4.51,4.53,4.30,4.41,11512309,73502096.000
2008-10-10,4.24,4.30,3.97,3.97,12812211,75678024.000
2008-10-13,3.85,4.24,3.74,4.23,12095452,69938848.000
2008-10-14,4.34,4.37,4.02,4.03,13442795,82107080.000
2008-10-15,3.99,4.23,3.94,4.19,11149949,65846872.000
2008-10-16,4.04,4.27,3.96,3.97,12093000,71371672.000
2008-10-17,4.06,4.16,3.88,3.99,8016229,46590096.000
2008-10-20,4.00,4.39,3.90,4.37,16048690,97788320.000
2008-10-21,4.30,4.47,4.27,4.30,16531949,103585528.000
2008-10-22,4.24,4.36,4.02,4.03,11720498,70940176.000
2008-10-23,4.02,4.44,3.97,4.27,16556591,101412720.000
2008-10-24,4.26,4.30,4.03,4.13,10446092,62695528.000
2008-10-27,4.04,4.13,3.72,3.72,12822538,72250976.000
2008-10-28,3.57,3.83,3.42,3.74,13304792,70073232.000
2008-10-29,3.74,3.81,3.37,3.37,11815372,60557784.000
2008-10-30,3.41,3.46,3.16,3.30,10834213,51897996.000
2008-10-31,3.36,3.40,3.09,3.12,7931159,37285736.000
2008-11-03,3.11,3.14,2.91,2.98,8042238,35086624.000
2008-11-04,2.94,3.10,2.93,3.02,6635593,28944636.000
2008-11-05,3.04,3.20,2.98,3.16,10332273,46639844.000
2008-11-06,3.01,3.08,2.94,2.95,6789164,29462200.000
2008-11-07,2.88,3.15,2.81,3.05,8098629,35333268.000
2008-11-10,3.11,3.36,3.06,3.32,11751025,54708728.000
2008-11-11,3.36,3.53,3.32,3.37,16971946,83788448.000
2008-11-12,3.32,3.41,3.29,3.37,8202835,39541812.000
2008-11-13,3.32,3.67,3.31,3.55,15052093,76084032.000
2008-11-14,3.57,3.74,3.50,3.67,17699361,92475176.000
2008-11-17,3.64,3.88,3.58,3.75,18450117,99069008.000
2008-11-18,3.66,3.73,3.37,3.37,15515639,78507104.000
2008-11-19,3.41,3.72,3.41,3.72,23070748,121375280.000
2008-11-20,4.09,4.09,3.95,4.09,14997849,88399216.000
2008-11-21,4.16,4.51,4.09,4.41,52204434,328966528.000
2008-11-24,4.25,4.37,3.97,3.97,30805897,185235616.000
2008-11-25,3.98,4.06,3.64,3.83,22304285,123021912.000
2008-11-26,3.74,3.88,3.70,3.83,13313287,72958792.000
2008-11-27,4.16,4.20,3.80,3.81,22873060,133201984.000
2008-11-28,3.79,3.94,3.72,3.90,14799929,82067336.000
2008-12-01,4.09,4.30,4.09,4.30,15437327,95239992.000
2008-12-02,4.69,4.69,4.27,4.33,47091963,303685536.000
2008-12-03,4.24,4.74,4.22,4.57,39267882,252919600.000
2008-12-04,4.51,4.93,4.45,4.62,34261272,231218800.000
2008-12-05,4.55,4.81,4.52,4.67,22229027,149292256.000
2008-12-08,4.67,4.85,4.65,4.84,30840097,210907520.000
2008-12-09,4.80,4.95,4.58,4.60,27197503,186831296.000
2008-12-10,4.55,4.69,4.36,4.58,21677696,141253136.000
2008-12-11,4.57,4.85,4.41,4.62,28202164,189380512.000
2008-12-12,4.51,4.64,4.18,4.32,19373088,123526576.000
2008-12-15,4.43,4.49,4.27,4.42,11402975,72101704.000
2008-12-16,4.37,4.44,4.22,4.44,11307559,70734304.000
2008-12-17,4.48,4.57,4.39,4.41,12673393,81677272.000
2008-12-18,4.46,4.56,4.31,4.43,12333802,78807296.000
2008-12-19,4.41,4.65,4.39,4.53,16704620,108904000.000
2008-12-22,4.65,4.65,4.33,4.39,14068505,90131856.000
2008-12-23,4.40,4.40,4.02,4.03,14791388,89224880.000
2008-12-24,4.00,4.16,3.91,3.98,10152435,58899340.000
2008-12-25,4.01,4.03,3.83,3.96,8360058,47258964.000
2008-12-26,3.99,3.99,3.86,3.87,5355408,30364424.000
2008-12-29,3.82,3.94,3.72,3.91,5977568,33246932.000
2008-12-30,3.92,3.93,3.72,3.74,6683303,36764940.000
2008-12-31,3.74,3.81,3.64,3.65,4042893,21757354.000
2009-01-05,3.72,3.94,3.68,3.92,9559964,52865688.000
2009-01-06,3.85,4.00,3.83,3.99,11023980,62474144.000
2009-01-07,3.97,4.22,3.96,4.04,13234943,78191792.000
2009-01-08,4.16,4.39,4.04,4.04,17011537,103061816.000
2009-01-09,3.96,4.18,3.95,4.13,9390383,55266492.000
2009-01-12,4.27,4.33,4.13,4.21,14405125,88120728.000
2009-01-13,4.13,4.29,4.11,4.19,9466878,57122856.000
2009-01-14,4.20,4.39,4.17,4.37,15368071,94833736.000
2009-01-15,4.40,4.57,4.33,4.36,21154217,134984240.000
2009-01-16,4.30,4.39,4.25,4.27,14858775,92730816.000
2009-01-19,4.30,4.34,4.21,4.28,7005124,43060192.000
2009-01-20,4.27,4.28,4.11,4.20,6820408,41137116.000
2009-01-21,4.16,4.26,4.11,4.19,5832248,35299280.000
2009-01-22,4.23,4.25,4.13,4.19,5076265,30623810.000
2009-01-23,4.19,4.27,4.17,4.20,5696624,34711784.000
2009-02-02,4.23,4.39,4.18,4.37,10334838,64279636.000
2009-02-03,4.31,4.46,4.31,4.40,12114696,76414088.000
2009-02-04,4.41,4.60,4.39,4.53,19684513,127485360.000
2009-02-05,4.53,4.67,4.43,4.50,20352198,132443928.000
2009-02-06,4.51,4.72,4.47,4.65,20620953,137348512.000
2009-02-09,4.71,5.12,4.62,5.12,32608957,227570352.000
2009-02-10,5.16,5.37,5.09,5.22,37571136,282526560.000
2009-02-11,5.07,5.34,4.90,5.03,26394205,194006960.000
2009-02-12,5.08,5.39,5.02,5.30,29518254,222664688.000
2009-02-13,5.30,5.51,4.93,5.34,27511210,211698544.000
2009-02-16,5.35,5.41,5.15,5.39,23463959,178996640.000
2009-02-17,5.35,5.93,5.22,5.93,36186286,295495744.000
2009-02-18,5.93,5.97,5.34,5.37,34465406,282854144.000
2009-02-19,5.50,5.73,5.24,5.56,25218064,197040672.000
2009-02-20,5.46,5.54,5.32,5.44,21213788,165209872.000
2009-02-23,5.46,5.68,5.40,5.64,19546372,156109648.000
2009-02-24,5.49,5.62,5.07,5.08,24864373,190232608.000
2009-02-25,5.11,5.20,4.83,5.01,14728315,106117376.000
2009-02-26,5.04,5.11,4.51,4.58,11982318,83727600.000
2009-02-27,4.49,4.69,4.32,4.63,14160192,92194528.000
2009-03-02,4.52,4.73,4.52,4.69,14489027,97015024.000
2009-03-03,4.53,4.86,4.39,4.82,16933222,113783480.000
2009-03-04,4.79,5.07,4.77,4.99,28385507,201187408.000
2009-03-05,4.93,5.03,4.75,4.88,21821970,154558528.000
2009-03-06,4.72,4.84,4.69,4.72,9974608,68335336.000
2009-03-09,4.74,4.92,4.56,4.59,10059498,68997112.000
2009-03-10,4.60,4.74,4.58,4.72,6399387,43027036.000
2009-03-11,4.77,4.81,4.62,4.64,7187926,48758160.000
2009-03-12,4.65,4.65,4.37,4.60,7975362,51953704.000
2009-03-13,4.60,4.69,4.45,4.48,6331447,41603452.000
2009-03-16,4.48,4.74,4.42,4.69,7920051,52613208.000
2009-03-17,4.69,4.88,4.62,4.84,11986179,82427888.000
2009-03-18,4.85,4.98,4.79,4.87,15811060,111074768.000
2009-03-19,4.86,5.20,4.83,5.02,17429259,126828808.000
2009-03-20,5.02,5.04,4.86,4.91,11278566,79964216.000
2009-03-23,4.89,5.02,4.88,4.97,10434213,74646096.000
2009-03-24,5.00,5.15,4.99,5.02,12671248,92179088.000
2009-03-25,5.07,5.41,5.04,5.13,28558667,215639776.000
2009-03-26,5.24,5.41,5.14,5.27,21100131,160288816.000
2009-03-27,5.21,5.27,5.13,5.18,17826653,132804096.000
2009-03-30,5.18,5.25,5.05,5.18,11031190,81848224.000
2009-03-31,5.06,5.49,5.02,5.38,21575609,164972496.000
2009-04-01,5.39,5.48,5.25,5.37,17773194,137060128.000
2009-04-02,5.40,5.67,5.35,5.44,21877932,172941984.000
2009-04-03,5.49,5.52,5.23,5.25,14499822,111327672.000
2009-04-07,5.21,5.37,5.18,5.27,9217213,69841648.000
2009-04-08,5.21,5.29,4.92,4.94,11409116,83643368.000
2009-04-09,4.95,5.02,4.88,5.02,7812043,55681864.000
2009-04-10,5.07,5.23,4.97,5.16,11345554,83579832.000
2009-04-13,5.19,5.52,5.13,5.34,18159216,137646800.000
2009-04-14,5.21,5.38,5.18,5.27,16814419,127193240.000
2009-04-15,5.21,5.30,5.07,5.30,14312855,106977976.000
2009-04-16,5.35,5.58,5.23,5.53,32322881,252813488.000
2009-04-17,5.49,5.67,5.25,5.59,30655731,241096048.000
2009-04-20,5.57,5.95,5.51,5.77,32380369,269540352.000
2009-04-21,5.69,5.81,5.44,5.62,17279708,139886480.000
2009-04-22,5.65,5.91,5.30,5.51,21802230,176770960.000
2009-04-23,5.48,5.70,5.32,5.66,16367126,130067640.000
2009-04-24,5.62,5.69,5.40,5.43,12235923,97266472.000
2009-04-27,5.35,5.46,5.14,5.14,10969580,83839576.000
2009-04-28,5.17,5.34,5.15,5.33,10535676,79856176.000
2009-04-29,5.31,5.56,5.27,5.47,14266573,112072088.000
2009-04-30,5.63,5.88,5.56,5.67,28010067,230549328.000
2009-05-04,5.69,6.24,5.62,6.24,43273188,375809408.000
2009-05-05,6.25,6.31,6.09,6.23,34235200,305049344.000
2009-05-06,6.22,6.39,6.12,6.29,33542320,301918912.000
2009-05-07,6.53,6.60,6.29,6.35,44689020,412593728.000
2009-05-08,6.19,6.52,6.12,6.40,36446118,332469696.000
2009-05-11,6.46,6.60,6.05,6.06,32636424,298136992.000
2009-05-12,5.98,6.25,5.97,6.23,19375029,170928032.000
2009-05-14,6.38,6.58,6.32,6.43,34791800,321826208.000
2009-05-15,6.51,6.79,6.44,6.52,26095908,247460864.000
2009-05-18,6.44,6.44,6.25,6.39,14972204,136481152.000
2009-05-19,6.40,6.55,6.30,6.37,15430689,141993984.000
2009-05-20,6.33,6.35,6.19,6.20,13295510,119351504.000
2009-05-21,6.15,6.20,6.02,6.06,11266312,98598784.000
2009-05-22,6.05,6.20,6.02,6.12,7804925,68897792.000
2009-05-25,5.95,6.22,5.88,6.22,8496890,74489240.000
2009-05-26,6.19,6.25,6.02,6.03,10095139,89169912.000
2009-05-27,5.99,6.08,5.95,5.99,6881381,59411432.000
2009-06-01,6.06,6.21,6.06,6.14,7554995,66674584.000
2009-06-02,6.14,6.29,6.11,6.25,10878992,96844264.000
2009-06-03,6.19,6.45,6.19,6.32,14098467,128765160.000
2009-06-04,6.32,6.34,6.09,6.20,9945211,88424976.000
2009-06-05,6.33,6.33,6.11,6.12,5401492,43779260.000
2009-06-08,6.06,6.14,5.91,5.98,8635092,67841184.000
2009-06-09,5.97,5.98,5.82,5.97,8308525,64000576.000
2009-06-10,5.98,6.03,5.92,6.02,8916213,69684176.000
2009-06-11,6.01,6.07,5.95,5.96,6586986,51674276.000
2009-06-12,5.90,5.96,5.63,5.71,8633859,65557720.000
2009-06-15,5.71,5.84,5.70,5.83,3960845,29911428.000
2009-06-16,5.82,5.87,5.76,5.86,4432954,33731600.000
2009-06-17,5.89,6.11,5.87,6.06,10050756,78856544.000
2009-06-18,6.10,6.10,5.97,6.00,6857541,53861732.000
2009-06-19,6.03,6.20,5.90,6.07,12415427,98115152.000
2009-06-22,6.08,6.08,5.87,5.91,8007307,62520448.000
2009-06-23,5.83,5.97,5.81,5.90,4523421,34949384.000
2009-06-24,5.90,5.94,5.85,5.90,5470618,42081096.000
2009-06-25,5.87,6.06,5.87,6.02,9251899,72291752.000
2009-06-26,6.01,6.09,5.93,6.02,8389897,66068584.000
2009-06-29,5.98,6.25,5.98,6.14,14283092,114825896.000
2009-06-30,6.12,6.24,6.02,6.07,9643183,77344328.000
2009-07-01,6.08,6.48,6.05,6.35,30186474,251177792.000
2009-07-02,6.35,6.37,6.16,6.29,18208406,148623392.000
2009-07-03,6.26,6.46,6.21,6.43,22933579,191289104.000
2009-07-06,6.47,6.50,6.24,6.26,17280423,142886448.000
2009-07-07,6.24,6.31,6.13,6.15,11430085,92767592.000
2009-07-08,6.14,6.27,6.08,6.23,9530294,76803736.000
2009-07-09,6.21,6.21,6.08,6.19,11523641,92619104.000
2009-07-10,6.17,6.39,6.17,6.36,21632013,178244112.000
2009-07-13,6.32,6.64,6.30,6.51,29059263,246567968.000
2009-07-14,6.56,6.64,6.43,6.54,22213427,189858752.000
2009-07-15,6.54,6.71,6.47,6.54,21578962,185287408.000
2009-07-16,6.54,6.57,6.35,6.37,21992462,185010512.000
2009-07-17,6.35,6.46,6.24,6.33,13664770,113474224.000
2009-07-20,6.34,6.42,6.26,6.41,15675063,129996592.000
2009-07-21,6.37,6.77,6.32,6.74,46124424,395625600.000
2009-07-22,6.68,6.85,6.49,6.74,39207699,342811744.000
2009-07-23,6.74,6.98,6.60,6.75,33101632,295231552.000
2009-07-24,6.75,6.81,6.51,6.71,22390058,194747840.000
2009-07-27,6.74,7.34,6.70,7.14,46545612,429433280.000
2009-07-28,7.05,7.14,6.91,7.07,25506808,233485168.000
2009-07-29,7.08,7.12,6.37,6.37,26067006,228796512.000
2009-07-30,6.40,6.62,6.34,6.56,18408351,156212768.000
2009-07-31,6.64,6.87,6.55,6.83,17653446,154968928.000
2009-08-03,7.04,7.16,6.87,6.94,36226109,331045024.000
2009-08-04,6.87,7.14,6.77,6.96,20295069,184358016.000
2009-08-05,6.91,6.97,6.64,6.77,20564229,182142960.000
2009-08-06,6.67,6.88,6.51,6.70,13626275,119143824.000
2009-08-07,6.67,6.87,6.54,6.63,12954174,113980264.000
2009-08-10,6.86,6.94,6.67,6.78,15774523,140367728.000
2009-08-11,6.74,7.25,6.73,7.11,34486706,316981312.000
2009-08-12,7.03,7.03,6.62,6.68,18588792,166180736.000
2009-08-13,6.72,6.77,6.44,6.61,11686434,100924368.000
2009-08-14,6.62,6.63,6.07,6.08,14393900,118622448.000
2009-08-17,6.03,6.04,5.47,5.48,11112967,83615328.000
2009-08-18,5.47,5.62,5.44,5.58,6187584,44821720.000
2009-08-19,5.59,5.61,5.02,5.11,8232958,57068492.000
2009-08-20,5.16,5.27,5.03,5.24,7044227,47928692.000
2009-08-21,5.27,5.47,5.13,5.44,8353043,58405816.000
2009-08-24,5.36,5.51,5.36,5.50,8304054,59014420.000
2009-08-25,5.44,5.57,5.35,5.50,11956095,85854704.000
2009-08-26,5.43,5.94,5.40,5.77,14222206,105831368.000
2009-08-27,5.74,5.97,5.67,5.84,13970805,106797032.000
2009-08-28,5.77,6.21,5.61,6.16,25363865,198176368.000
2009-08-31,6.22,6.39,6.01,6.14,44217279,357330688.000
2009-09-01,6.14,6.49,5.58,6.01,38005553,301984128.000
2009-09-02,5.88,6.19,5.71,5.91,23129606,178430864.000
2009-09-03,5.90,6.11,5.80,6.05,23095968,180344832.000
2009-09-04,5.97,6.08,5.86,5.99,18052449,140264944.000
2009-09-07,5.92,6.08,5.86,5.94,14394774,112093360.000
2009-09-08,5.89,6.12,5.80,6.06,16293601,127663296.000
2009-09-09,6.04,6.04,5.85,5.93,11824671,91848792.000
2009-09-10,6.27,6.53,6.07,6.11,25155642,205701152.000
2009-09-11,5.94,6.20,5.94,6.15,17088793,136002912.000
2009-09-14,6.12,6.27,6.07,6.24,13200134,106800272.000
2009-09-15,6.24,6.26,6.11,6.21,11492169,93010720.000
2009-09-16,6.19,6.41,6.16,6.34,16375928,134819680.000
2009-09-17,6.30,6.41,6.30,6.38,13703043,113874896.000
2009-09-18,6.35,6.47,5.98,6.05,12863390,104938704.000
2009-09-21,6.01,6.04,5.67,5.94,9102613,69603944.000
2009-09-22,5.94,5.98,5.70,5.74,6658877,51042820.000
2009-09-23,5.74,5.88,5.55,5.59,5539595,41482440.000
2009-09-24,5.59,5.63,5.36,5.57,5912543,42824272.000
2009-09-25,5.55,5.63,5.51,5.54,3476144,25305596.000
2009-09-28,5.57,5.67,5.34,5.46,4445796,32048046.000
2009-09-29,5.43,5.49,5.20,5.33,3986783,27779444.000
2009-09-30,5.35,5.47,5.33,5.35,3671344,25861676.000
2009-10-09,5.43,5.61,5.41,5.60,4865550,35189928.000
2009-10-12,5.59,5.93,5.55,5.67,7485922,56332488.000
2009-10-13,5.63,5.74,5.60,5.73,3674662,27338572.000
2009-10-14,5.74,5.98,5.71,5.87,12864694,99031736.000
2009-10-15,5.92,5.97,5.82,5.86,6660519,51215512.000
2009-10-16,5.91,5.97,5.73,5.85,6050738,46225752.000
2009-10-19,5.81,6.01,5.81,5.97,7740596,60225564.000
2009-10-20,6.02,6.09,5.91,6.00,7304395,57210128.000
2009-10-21,6.01,6.14,5.96,6.00,10580587,83874608.000
2009-10-22,5.96,6.14,5.87,6.01,11820392,92599968.000
2009-10-23,6.04,6.23,6.01,6.08,11288564,90342128.000
2009-10-26,6.08,6.18,5.99,6.04,6639988,52709352.000
2009-10-27,5.97,6.51,5.92,6.24,34572479,283789312.000
2009-10-28,6.29,6.31,5.94,6.04,18401904,146356640.000
2009-10-29,5.92,6.17,5.89,5.97,12174373,96271536.000
2009-10-30,6.00,6.12,5.91,6.01,10188029,79958224.000
2009-11-02,6.00,6.52,6.00,6.38,30292149,251060704.000
2009-11-03,6.43,6.51,6.29,6.38,25163945,210263920.000
2009-11-04,6.43,6.44,6.25,6.32,16430457,135833344.000
2009-11-05,6.42,6.81,6.38,6.56,34627194,298355552.000
2009-11-06,6.52,6.57,6.44,6.48,16552312,140447072.000
2009-11-09,6.43,6.47,6.29,6.42,12425796,103534576.000
2009-11-10,6.41,6.56,6.37,6.42,15598967,131745144.000
2009-11-11,6.37,6.49,6.37,6.47,8546238,71984592.000
2009-11-12,6.44,6.54,6.36,6.42,10264596,86517424.000
2009-11-13,6.37,6.44,6.27,6.43,8935858,74402264.000
2009-11-16,6.49,6.54,6.44,6.53,16058052,136489520.000
2009-11-17,6.54,6.67,6.46,6.57,15489109,133100648.000
2009-11-18,6.60,6.62,6.42,6.58,12284247,104742080.000
2009-11-19,6.58,6.71,6.49,6.67,16636759,143789504.000
2009-11-20,6.64,6.77,6.53,6.65,17209918,149827136.000
2009-11-23,6.64,6.83,6.62,6.77,16184783,142549680.000
2009-11-24,6.78,6.80,6.13,6.19,20464485,174653648.000
2009-11-25,6.20,6.35,6.03,6.33,14457882,117093056.000
2009-11-26,6.33,6.44,5.91,5.97,14080232,114328288.000
2009-11-27,5.91,6.07,5.81,5.88,8504538,65829652.000
2009-11-30,5.91,6.07,5.91,6.07,7326757,57556124.000
2009-12-01,6.07,6.21,6.01,6.20,7502004,60046448.000
2009-12-02,6.21,6.34,6.16,6.25,9941776,81116352.000
2009-12-03,6.23,6.34,6.18,6.28,9608050,78658632.000
2009-12-04,6.28,6.31,5.95,6.05,11077933,88636128.000
2009-12-07,6.07,6.23,6.01,6.23,6978338,55928576.000
2009-12-08,6.23,6.47,6.17,6.40,13279740,109415808.000
2009-12-09,6.31,6.50,6.26,6.41,17442862,145724336.000
2009-12-10,6.43,6.46,6.26,6.32,8666664,71721280.000
2009-12-11,6.33,6.39,6.20,6.23,5953797,48827072.000
2009-12-14,6.27,6.27,5.97,6.17,5568226,44321524.000
2009-12-15,6.15,6.31,6.03,6.18,7346680,59144496.000
2009-12-16,6.12,6.15,5.99,6.03,6394407,50643644.000
2009-12-17,6.01,6.17,5.90,5.90,5776961,45533616.000
2009-12-18,5.85,5.89,5.58,5.82,7877916,59284736.000
2009-12-21,5.80,5.81,5.64,5.78,4559054,34189356.000
2009-12-22,5.77,5.80,5.52,5.53,4159579,30789178.000
2009-12-23,5.54,5.66,5.53,5.64,2978138,21764708.000
2009-12-24,5.64,5.76,5.61,5.73,4973620,37071792.000
2009-12-25,5.74,5.79,5.68,5.71,3504499,26249612.000
2009-12-28,5.74,5.86,5.71,5.81,4414822,33421656.000
2009-12-29,5.81,5.89,5.75,5.83,4862279,36945232.000
2009-12-30,5.83,5.83,5.74,5.81,4112555,31090236.000
2009-12-31,5.81,5.91,5.81,5.88,4428940,33959016.000
2010-01-04,5.94,5.94,5.82,5.83,4569450,35144996.000
2010-01-05,5.79,5.83,5.63,5.73,6312798,47133288.000
2010-01-06,5.73,5.78,5.67,5.70,4565989,34196060.000
2010-01-07,5.67,5.74,5.57,5.62,4872140,35958488.000
2010-01-08,5.62,5.70,5.59,5.69,3959282,29198532.000
2010-01-11,5.70,5.77,5.55,5.61,6400930,47206204.000
2010-01-12,5.59,5.71,5.57,5.71,5467991,40327352.000
2010-01-13,5.64,5.70,5.53,5.56,6481512,47497752.000
2010-01-14,5.57,5.70,5.55,5.69,7182583,52746416.000
2010-01-15,5.71,5.80,5.67,5.74,6649582,49955156.000
2010-01-18,5.72,5.84,5.72,5.82,6913401,52352156.000
2010-01-19,5.82,5.88,5.78,5.85,7571847,57798984.000
2010-01-20,5.87,5.87,5.60,5.61,6892049,51435276.000
2010-01-21,5.64,6.17,5.59,6.17,41284094,330143360.000
2010-01-22,6.12,6.39,6.04,6.21,48802680,397044128.000
2010-01-25,6.11,6.16,5.84,5.86,15352647,119631552.000
2010-01-26,5.85,5.91,5.35,5.41,13038745,96005288.000
2010-01-27,5.41,5.62,5.36,5.40,8749887,62793476.000
2010-01-28,5.41,5.49,5.33,5.44,6895650,48853100.000
2010-01-29,5.39,5.54,5.37,5.42,7075124,50471032.000
2010-02-01,5.42,5.44,5.16,5.29,6922224,47706880.000
2010-02-02,5.27,5.37,5.24,5.27,4671405,32450168.000
2010-02-03,5.30,5.51,5.22,5.51,8995376,63849040.000
2010-02-04,5.47,5.64,5.44,5.52,8757160,63674616.000
2010-02-05,5.39,5.81,5.34,5.71,14539806,107697808.000
2010-02-08,5.67,5.93,5.64,5.73,11579205,87661784.000
2010-02-09,6.07,6.31,5.92,5.97,28814766,232173360.000
2010-02-10,5.99,5.99,5.74,5.81,15540790,118381568.000
2010-02-11,5.77,5.88,5.70,5.72,6319574,47814320.000
2010-02-12,5.77,5.81,5.70,5.80,4516527,34042380.000
2010-02-22,5.79,5.93,5.74,5.82,6091812,46459072.000
2010-02-23,5.85,5.93,5.74,5.91,6228400,47665240.000
2010-02-24,5.85,6.01,5.84,5.98,6934091,53879392.000
2010-02-25,6.00,6.23,5.92,6.14,12829807,101375136.000
2010-02-26,6.11,6.41,6.05,6.34,28068820,230493264.000
2010-03-01,6.31,6.81,6.30,6.40,22159298,186018720.000
2010-03-02,6.41,6.41,6.24,6.35,14277021,117351104.000
2010-03-03,6.34,6.47,6.28,6.36,8901687,73939576.000
2010-03-04,6.34,6.49,6.31,6.40,24905969,208771440.000
2010-03-05,6.47,6.73,6.34,6.54,32081756,273597248.000
2010-03-08,6.51,6.69,6.46,6.58,19290943,166377488.000
2010-03-09,6.54,6.61,6.38,6.54,15759594,133979480.000
2010-03-10,6.48,6.66,6.46,6.55,18262475,156856032.000
2010-03-11,6.51,6.68,6.48,6.59,17920885,154261424.000
2010-03-12,6.56,6.74,6.37,6.67,22176814,191246416.000
2010-03-15,6.68,6.87,6.65,6.72,22151863,194974256.000
2010-03-16,6.67,6.77,6.55,6.75,15702400,136639344.000
2010-03-17,6.78,7.28,6.78,7.11,37159642,345119168.000
2010-03-18,7.04,7.23,6.99,7.14,21625178,200584832.000
2010-03-19,7.14,7.24,7.05,7.21,16894590,157580320.000
2010-03-22,7.21,7.44,6.97,7.01,22788303,213854640.000
2010-03-23,6.97,7.07,6.88,6.94,14229327,129338712.000
2010-03-24,7.01,7.04,6.87,6.97,9727028,88178120.000
2010-03-25,6.97,7.04,6.84,6.89,10991055,99516152.000
2010-03-26,6.89,7.11,6.78,7.00,13570779,123836464.000
2010-03-29,7.01,7.17,6.89,7.04,11758164,107439040.000
2010-03-30,7.02,7.11,6.97,7.02,11301041,104038888.000
2010-03-31,6.99,7.05,6.86,6.95,10395062,94598984.000
2010-04-01,6.97,7.08,6.91,6.97,11824086,108001512.000
2010-04-02,6.97,7.19,6.90,7.18,20146111,185414608.000
2010-04-06,7.12,7.20,6.96,7.01,10378957,95743032.000
2010-04-07,7.00,7.25,6.96,7.16,18162521,168558128.000
2010-04-08,7.08,7.24,7.07,7.11,11864875,110592104.000
2010-04-09,7.11,7.66,7.11,7.15,18733664,176449920.000
2010-04-12,7.17,7.31,7.01,7.14,22047412,205522464.000
2010-04-13,7.15,7.23,6.98,7.11,17499114,162060624.000
2010-04-14,7.11,7.20,7.08,7.16,10444705,97345696.000
2010-04-15,7.16,7.21,7.08,7.18,10280421,95885440.000
2010-04-16,7.26,7.31,7.11,7.12,15230778,143600336.000
2010-04-19,6.97,7.07,6.78,6.84,17264910,156221840.000
2010-04-20,6.84,7.24,6.81,6.98,16734718,152174240.000
2010-04-21,6.97,7.05,6.91,6.97,12171828,111152736.000
2010-04-22,6.97,7.03,6.68,6.73,12181831,109952024.000
2010-04-23,6.65,6.72,6.51,6.66,15174735,130484944.000
2010-04-26,6.62,6.68,6.50,6.57,9172635,79155160.000
2010-04-27,6.58,6.67,6.37,6.46,6618263,56224936.000
2010-04-28,6.43,6.64,6.42,6.59,8382960,71707224.000
2010-04-29,6.58,6.65,6.38,6.40,6897730,59027876.000
2010-04-30,6.41,6.48,6.13,6.20,5966147,49273224.000
2010-05-04,6.10,6.47,6.08,6.24,5063884,41581096.000
2010-05-05,6.12,6.40,6.12,6.40,3800024,31313454.000
2010-05-06,6.43,6.51,6.35,6.43,8160061,68478608.000
2010-05-07,6.34,6.44,6.27,6.34,5158253,42827448.000
2010-05-10,6.38,6.44,6.14,6.37,5205008,42885952.000
2010-05-11,6.44,6.51,6.28,6.37,5628401,46805696.000
2010-05-12,6.29,6.43,6.12,6.37,7033766,58289928.000
2010-05-13,6.35,6.56,6.27,6.39,17617279,148419552.000
2010-05-14,6.28,6.46,6.21,6.34,8682696,71579168.000
2010-05-17,6.34,6.34,6.01,6.12,9893482,79723344.000
2010-05-18,6.17,6.51,5.51,5.78,13867982,107502704.000
2010-05-19,5.67,5.83,5.59,5.74,6645804,49869512.000
2010-05-20,5.67,5.74,5.39,5.48,7449145,54168268.000
2010-05-21,5.34,5.64,5.16,5.57,5316690,38040100.000
2010-05-24,5.55,5.88,5.55,5.78,7344579,55565324.000
2010-05-25,5.72,5.87,5.68,5.76,5508393,41553452.000
2010-05-27,5.76,5.83,5.70,5.81,4538184,34273176.000
2010-05-28,5.84,6.02,5.79,5.88,8953714,69326992.000
2010-05-31,5.93,5.98,5.83,5.84,6436153,49695852.000
2010-06-01,5.83,6.10,5.74,5.98,12308273,95754512.000
2010-06-02,5.97,6.01,5.70,5.97,9430765,72616672.000
2010-06-03,5.97,5.99,5.76,5.77,5344196,41139968.000
2010-06-04,5.74,5.83,5.66,5.71,4508395,33764304.000
2010-06-07,5.56,5.70,5.51,5.67,3347293,24687296.000
2010-06-08,5.64,5.84,5.63,5.84,4846520,36613692.000
2010-06-09,5.79,5.99,5.79,5.94,5088203,39450328.000
2010-06-10,5.94,5.97,5.83,5.84,4097066,31623076.000
2010-06-11,5.92,5.92,5.84,5.88,2140004,16444799.000
2010-06-17,5.91,6.03,5.84,5.91,3139089,24362376.000
2010-06-18,5.89,5.96,5.67,5.90,4128455,31555028.000
2010-06-21,5.89,6.11,5.81,6.04,8457627,66360316.000
2010-06-22,6.08,6.18,5.97,6.07,7220568,57295768.000
2010-06-23,6.03,6.07,5.87,5.94,4161791,32457100.000
2010-06-24,5.89,5.98,5.89,5.94,2231344,17285760.000
2010-06-25,5.90,5.97,5.80,5.92,2897650,22273044.000
2010-06-28,6.04,6.04,5.84,5.91,3181684,24691516.000
2010-06-29,5.93,5.93,5.51,5.53,4168171,30908784.000
2010-06-30,5.44,5.53,5.26,5.32,4349856,30873856.000
2010-07-01,5.34,5.37,5.24,5.33,1671101,11601754.000
2010-07-02,5.33,5.39,5.11,5.32,3148747,21750772.000
2010-07-05,5.30,5.33,5.21,5.26,1564715,10789000.000
2010-07-06,5.26,5.64,5.24,5.54,7071641,50922268.000
2010-07-07,5.49,5.71,5.45,5.61,6613584,47761924.000
2010-07-08,5.64,5.77,5.49,5.52,3588431,26217818.000
2010-07-09,5.56,5.66,5.52,5.61,4900836,35921876.000
2010-07-12,5.58,5.79,5.57,5.68,4555931,33974288.000
2010-07-13,5.61,5.61,5.51,5.52,3369348,24416740.000
2010-07-14,5.54,5.74,5.54,5.58,4951214,36639496.000
2010-07-15,5.57,5.71,5.47,5.57,4578346,33525280.000
2010-07-16,5.51,5.84,5.46,5.71,12057399,89670048.000
2010-07-19,5.69,5.97,5.62,5.81,10711374,81061472.000
2010-07-20,5.82,5.97,5.77,5.94,9474932,72338576.000
2010-07-21,5.90,5.94,5.81,5.84,5348601,40898432.000
2010-07-22,5.84,5.95,5.84,5.88,6717871,51635672.000
2010-07-23,5.90,5.90,5.69,5.79,5985811,45057472.000
2010-07-26,5.78,5.85,5.75,5.82,3636095,27489608.000
2010-07-27,5.80,5.82,5.75,5.77,3673381,27624284.000
2010-07-28,5.80,5.96,5.75,5.90,9209969,70615456.000
2010-07-29,5.90,6.18,5.88,6.13,18232699,143621520.000
2010-07-30,6.14,6.36,6.02,6.06,9910881,78962880.000
2010-08-02,6.07,6.22,6.03,6.11,11442595,90942176.000
2010-08-03,6.17,6.40,6.09,6.24,17847949,146202800.000
2010-08-04,6.25,6.31,6.11,6.27,9934652,80466912.000
2010-08-05,6.27,6.28,6.04,6.07,10563474,84464824.000
2010-08-06,6.06,6.17,5.99,6.14,7431064,58829760.000
2010-08-09,6.14,6.18,6.07,6.18,6314725,50487548.000
2010-08-10,6.17,6.24,5.93,5.97,7361321,58194044.000
2010-08-11,5.96,6.02,5.91,6.01,4708214,36555032.000
2010-08-12,5.96,6.17,5.91,6.01,5983183,47175016.000
2010-08-13,6.01,6.07,5.94,6.03,3173758,24859724.000
2010-08-16,6.04,6.13,5.99,6.10,6369771,50376668.000
2010-08-17,6.07,6.19,6.07,6.17,6107348,48953400.000
2010-08-18,6.22,6.26,6.03,6.08,5619131,44804280.000
2010-08-19,6.11,6.11,5.99,6.04,5015516,39493528.000
2010-08-20,5.99,6.07,5.90,6.05,4772918,37165232.000
2010-08-23,6.00,6.08,5.99,6.03,2680651,21089712.000
2010-08-24,5.99,6.12,5.98,6.07,4328504,34263376.000
2010-08-25,6.06,6.25,6.03,6.12,10581343,84922136.000
2010-08-26,6.12,6.14,6.01,6.07,6018799,47503568.000
2010-08-27,6.08,6.08,5.93,5.98,4153884,32332960.000
2010-08-30,6.01,6.11,5.97,6.06,5749175,45332220.000
2010-08-31,6.08,6.11,5.97,6.03,4881978,38387712.000
2010-09-01,6.03,6.07,5.86,5.93,6585698,51070060.000
2010-09-02,5.94,6.00,5.88,5.95,4313419,33390662.000
2010-09-03,5.94,5.97,5.87,5.96,5798278,44703448.000
2010-09-06,5.96,6.11,5.94,6.05,7085324,55647584.000
2010-09-07,6.07,6.18,6.02,6.12,8001388,63603744.000
2010-09-08,6.07,6.12,6.00,6.06,5029774,39601004.000
2010-09-09,6.03,6.11,5.95,5.98,5767852,45161716.000
2010-09-10,5.97,6.01,5.87,5.97,4757607,36714976.000
2010-09-13,5.97,6.11,5.91,6.03,5521038,43342976.000
2010-09-14,6.03,6.08,6.01,6.04,3677816,28893230.000
2010-09-15,6.04,6.25,6.01,6.08,11620340,92770688.000
2010-09-16,6.05,6.35,6.04,6.24,16666750,134746432.000
2010-09-17,6.20,6.34,6.17,6.20,9767181,79479936.000
2010-09-20,6.20,6.47,6.15,6.40,12634666,104611824.000
2010-09-21,6.37,6.39,6.22,6.31,7133077,58751200.000
2010-09-27,6.34,6.51,6.16,6.37,8500391,69678128.000
2010-09-28,6.32,6.45,6.24,6.40,9771666,81078040.000
2010-09-29,6.41,6.57,6.31,6.44,11353751,95228016.000
2010-09-30,6.34,6.51,6.30,6.43,8387439,70210592.000
2010-10-08,6.43,6.53,6.34,6.47,12756177,107211928.000
2010-10-11,6.46,6.64,6.41,6.61,14714024,125033352.000
2010-10-12,6.58,6.58,6.34,6.41,10503472,88382048.000
2010-10-13,6.41,6.57,6.35,6.46,11748459,98703472.000
2010-10-14,6.44,6.53,6.14,6.15,10311182,84890904.000
2010-10-15,6.07,6.22,6.07,6.14,9150717,73185440.000
2010-10-18,6.14,6.52,6.08,6.27,9376038,76482712.000
2010-10-19,6.24,6.48,6.22,6.39,8875085,73828376.000
2010-10-20,6.29,6.35,6.14,6.24,9063534,73510440.000
2010-10-21,6.23,6.31,6.14,6.22,5783584,46573712.000
2010-10-22,6.24,6.25,6.15,6.20,3946295,31754514.000
2010-10-25,6.20,6.46,6.19,6.27,8968812,73441544.000
2010-10-26,6.27,6.35,6.18,6.22,7584733,61803512.000
2010-10-27,6.19,6.34,6.18,6.27,8924711,72870728.000
2010-10-28,6.29,6.32,6.19,6.30,7740394,63057960.000
2010-10-29,6.34,6.41,6.21,6.31,10394299,85440200.000
2010-11-01,6.28,6.36,6.24,6.31,10661914,87398784.000
2010-11-02,6.37,6.52,6.34,6.36,15913716,133227136.000
2010-11-03,6.34,7.00,6.33,6.83,41307170,367467776.000
2010-11-04,6.90,6.94,6.64,6.80,20712313,182247328.000
2010-11-05,6.75,7.01,6.61,6.80,18157501,161696224.000
2010-11-08,6.76,6.98,6.74,6.85,11235815,100223400.000
2010-11-09,6.84,6.90,6.64,6.69,12615133,110658592.000
2010-11-10,6.69,6.78,6.62,6.70,7239362,63038876.000
2010-11-11,6.65,6.81,6.62,6.64,9599613,83963288.000
2010-11-12,6.64,6.67,6.05,6.07,11712191,96744280.000
2010-11-15,6.11,6.17,5.96,6.11,6375717,50424048.000
2010-11-16,6.14,6.14,5.80,5.84,6289151,48854480.000
2010-11-17,5.84,5.97,5.74,5.86,3833253,29336864.000
2010-11-18,5.97,6.10,5.87,5.96,4667964,36396840.000
2010-11-19,5.94,6.05,5.86,5.99,4126901,32008650.000
2010-11-22,5.96,5.99,5.89,5.97,4957772,38367024.000
2010-11-23,5.95,5.96,5.53,5.69,5584633,41553592.000
2010-11-24,5.61,5.74,5.61,5.71,5747082,42580624.000
2010-11-25,5.71,5.86,5.69,5.80,5912416,44439684.000
2010-11-26,5.78,5.81,5.64,5.66,4450144,33009620.000
2010-11-29,5.68,5.86,5.59,5.80,4614366,34573496.000
2010-11-30,5.79,5.81,5.42,5.61,6139411,44535824.000
2010-12-01,5.56,5.64,5.53,5.54,3160418,22962126.000
2010-12-02,5.61,5.67,5.54,5.58,3502824,25585236.000
2010-12-03,5.61,5.67,5.57,5.64,2407389,17625878.000
2010-12-06,5.67,5.74,5.62,5.69,2980486,22057012.000
2010-12-07,5.79,5.97,5.75,5.86,8486498,64772032.000
2010-12-08,5.77,5.88,5.73,5.76,3902112,29319966.000
2010-12-09,5.77,5.77,5.51,5.54,3733323,27141082.000
2010-12-10,5.51,5.66,5.47,5.63,2302716,16700625.000
2010-12-13,5.64,5.74,5.60,5.72,2808564,20818400.000
2010-12-14,5.73,5.78,5.68,5.77,2863167,21406668.000
2010-12-15,5.74,5.76,5.61,5.65,3797528,28038188.000
2010-12-16,5.65,5.73,5.63,5.65,2560026,18954860.000
2010-12-17,5.64,5.72,5.63,5.67,1832524,13571162.000
2010-12-20,5.68,5.81,5.53,5.76,4115282,30584734.000
2010-12-21,5.72,5.96,5.67,5.87,5645626,42941024.000
2010-12-22,5.83,5.87,5.72,5.74,2522068,18991696.000
2010-12-23,5.79,5.97,5.75,5.82,4128981,31549938.000
2010-12-24,5.80,5.90,5.67,5.87,2971045,22426176.000
2010-12-27,5.84,6.18,5.78,5.81,8683092,68180744.000
2010-12-28,5.83,5.89,5.49,5.54,4558386,33342634.000
2010-12-29,5.52,5.67,5.44,5.66,2497984,18037572.000
2010-12-30,5.61,5.63,5.48,5.51,1966709,14208495.000
2010-12-31,5.51,5.59,5.47,5.57,2371290,17055272.000
2011-01-04,5.57,5.76,5.54,5.67,2941009,21676392.000
2011-01-05,5.71,5.74,5.57,5.63,2415322,17831836.000
2011-01-06,5.68,5.69,5.61,5.67,1699329,12515029.000
2011-01-07,5.66,5.78,5.64,5.72,2235619,16696581.000
2011-01-10,5.72,5.80,5.54,5.54,2496530,18423964.000
2011-01-11,5.64,5.66,5.54,5.61,1598497,11667415.000
2011-01-12,5.71,5.78,5.61,5.75,2993617,22305786.000
2011-01-13,5.74,5.81,5.64,5.67,1795418,13321968.000
2011-01-14,5.64,5.71,5.61,5.67,1759728,12957526.000
2011-01-17,5.67,5.71,5.42,5.45,2529739,18267712.000
2011-01-18,5.45,5.55,5.44,5.53,1412969,10103813.000
2011-01-19,5.49,5.99,5.49,5.83,2683733,19698294.000
2011-01-21,5.65,5.80,5.53,5.71,3561729,26271446.000
2011-01-24,5.69,5.72,5.57,5.64,1603727,11748102.000
2011-01-25,5.61,5.64,5.43,5.47,1921644,13744043.000
2011-01-26,5.49,5.76,5.47,5.74,3666930,26915712.000
2011-01-27,5.61,5.70,5.37,5.64,5048627,36761480.000
2011-01-28,5.61,5.69,5.51,5.56,2845850,20695764.000
2011-01-31,5.57,5.67,5.51,5.61,2446849,17872380.000
2011-02-01,5.61,5.67,5.57,5.64,1696209,12462709.000
2011-02-09,5.60,5.63,5.50,5.51,1787099,12945539.000
2011-02-10,5.51,5.64,5.47,5.62,2567622,18602810.000
2011-02-11,5.62,5.79,5.59,5.69,4862260,36009576.000
2011-02-14,5.69,5.81,5.67,5.79,5312141,39693948.000
2011-02-15,5.79,5.82,5.74,5.76,4552570,34257876.000
2011-02-16,5.74,5.83,5.67,5.82,5613607,42040304.000
2011-02-17,5.84,5.97,5.81,5.90,8329355,63844652.000
2011-02-18,5.90,5.93,5.77,5.83,4972482,37748464.000
2011-02-21,5.77,6.04,5.77,5.98,9197653,71168672.000
2011-02-22,5.94,5.99,5.81,5.83,5357630,41033332.000
2011-02-23,5.80,5.93,5.80,5.91,3030103,23186024.000
2011-02-24,5.87,6.10,5.83,6.06,6922539,54145752.000
2011-02-25,6.03,6.12,5.95,6.08,5227868,41092008.000
2011-02-28,6.04,6.11,5.99,6.07,4711695,37078712.000
2011-03-01,6.07,6.16,5.98,6.14,7371004,58385096.000
2011-03-02,6.10,6.13,5.99,6.07,3993456,31487800.000
2011-03-03,6.05,6.09,5.87,5.88,4065550,31808784.000
2011-03-04,5.91,6.06,5.87,6.03,3601079,27958096.000
2011-03-07,6.03,6.14,6.03,6.06,4038777,32020848.000
2011-03-08,6.08,6.14,6.04,6.13,3884112,30769528.000
2011-03-09,6.11,6.36,6.11,6.24,8466826,69016120.000
2011-03-10,6.24,6.31,6.14,6.17,5581534,45109064.000
2011-03-11,6.15,6.26,6.10,6.11,3991036,32121352.000
2011-03-14,6.08,6.15,6.01,6.13,3550788,28133780.000
2011-03-15,6.11,6.17,5.81,6.01,3946161,30718864.000
2011-03-16,5.99,6.05,5.95,6.04,3185714,24915324.000
2011-03-17,5.97,6.11,5.86,5.97,4011998,31278664.000
2011-03-18,5.99,6.09,5.99,6.01,2821099,22203380.000
2011-03-21,6.04,6.14,5.97,6.05,2759606,21799702.000
2011-03-22,6.04,6.28,6.03,6.28,7959821,64389992.000
2011-03-23,6.34,6.41,6.24,6.35,8515771,70215312.000
2011-03-24,6.35,6.41,6.26,6.29,4184238,34436856.000
2011-03-25,6.25,6.40,6.24,6.33,4725713,38934304.000
2011-03-28,6.35,6.39,6.25,6.32,4242733,34957220.000
2011-03-29,6.34,6.34,6.22,6.23,4302605,35128888.000
2011-03-30,6.24,6.29,6.18,6.25,2421050,19665572.000
2011-03-31,6.26,6.37,6.19,6.32,4726001,38674552.000
2011-04-01,6.34,6.60,6.30,6.49,8890877,75278232.000
2011-04-06,6.41,6.61,6.33,6.57,7339105,61968744.000
2011-04-07,6.54,6.59,6.47,6.54,4498199,38145856.000
2011-04-08,6.54,6.66,6.51,6.54,5431135,46563208.000
2011-04-11,6.61,6.65,6.48,6.54,4136417,35346724.000
2011-04-12,6.52,6.68,6.49,6.61,4447633,38249076.000
2011-04-13,6.58,6.74,6.53,6.73,5537673,48206872.000
2011-04-14,6.71,6.80,6.63,6.72,4724833,41228084.000
2011-04-15,6.68,6.79,6.53,6.71,4229025,36544088.000
2011-04-18,6.78,6.96,6.67,6.85,8500448,75549152.000
2011-04-19,6.80,7.11,6.72,6.91,14190988,128391392.000
2011-04-20,6.92,7.60,6.92,7.48,31587480,305759904.000
2011-04-21,7.37,7.44,7.14,7.25,16290093,153360928.000
2011-04-22,7.21,7.29,7.00,7.09,11292842,104917568.000
2011-04-25,7.07,7.14,6.78,6.97,9221733,83801040.000
2011-04-26,6.96,7.04,6.86,7.01,5965810,54118340.000
2011-04-27,7.04,7.04,6.68,6.87,10371221,92031232.000
2011-04-28,6.73,6.86,6.22,6.31,6809477,58027248.000
2011-04-29,6.14,6.27,6.08,6.22,5826881,46971780.000
2011-05-03,6.22,6.45,6.16,6.31,3773345,31062190.000
2011-05-04,6.31,6.31,6.07,6.08,4428013,35485608.000
2011-05-05,6.08,6.25,6.08,6.17,3022028,24327176.000
2011-05-06,6.13,6.24,6.10,6.13,2871215,23073120.000
2011-05-09,6.15,6.29,6.15,6.28,3235843,26319512.000
2011-05-10,6.30,6.32,6.17,6.24,2909521,23592200.000
2011-05-11,6.22,6.28,6.18,6.26,3056176,24798012.000
2011-05-12,6.23,6.24,6.10,6.12,2975823,23912792.000
2011-05-13,6.11,6.28,6.10,6.26,2955013,23876400.000
2011-05-17,6.24,6.29,6.12,6.24,3498307,28290056.000
2011-05-18,6.24,6.31,6.18,6.31,2909330,23744728.000
2011-05-19,6.32,6.33,6.20,6.21,2537900,20688966.000
2011-05-20,6.24,6.36,6.18,6.27,2534975,20627868.000
2011-05-23,6.27,6.27,5.87,5.97,3057280,24330582.000
2011-05-24,5.94,5.97,5.76,5.90,2712527,20720272.000
2011-05-25,5.92,5.97,5.84,5.89,2014831,15475584.000
2011-05-26,5.89,6.05,5.87,5.91,2505386,19453280.000
2011-05-27,5.92,5.98,5.60,5.68,3557456,26261662.000
2011-05-30,5.68,5.68,5.49,5.51,2475709,17998360.000
2011-05-31,5.53,5.61,5.44,5.61,1731175,12478508.000
2011-06-01,5.60,5.61,5.52,5.60,1727393,12519170.000
2011-06-02,5.57,5.74,5.51,5.63,2637794,19322976.000
2011-06-03,5.60,5.69,5.56,5.66,1832747,13467034.000
2011-06-07,5.64,5.90,5.64,5.83,3714474,27976676.000
2011-06-08,5.83,5.86,5.68,5.84,1985903,14923296.000
2011-06-09,5.89,5.93,5.69,5.71,2018975,11670605.000
2011-06-10,5.59,5.72,5.50,5.69,2293241,12939150.000
2011-06-13,5.70,5.70,5.54,5.66,1225627,6876073.000
2011-06-14,5.64,5.77,5.64,5.71,2344685,13445527.000
2011-06-15,5.72,5.76,5.67,5.67,1865501,10679470.000
2011-06-16,5.66,5.66,5.50,5.51,2080800,11607369.000
2011-06-17,5.55,5.58,5.41,5.41,1214669,6684626.000
2011-06-20,5.43,5.46,5.21,5.27,1610952,8582316.000
2011-06-21,5.27,5.38,5.23,5.34,1540557,8168874.000
2011-06-22,5.33,5.37,5.25,5.29,1481783,7901701.000
2011-06-23,5.29,5.40,5.15,5.36,2155452,11424540.000
2011-06-24,5.35,5.59,5.31,5.45,2361358,12892761.000
2011-06-27,5.48,5.55,5.43,5.47,2313702,12732014.000
2011-06-28,5.49,5.57,5.43,5.55,1821582,10036152.000
2011-06-29,5.56,5.56,5.45,5.47,1415958,7804494.000
2011-06-30,5.48,5.57,5.41,5.57,1538785,8513528.000
2011-07-01,5.57,5.64,5.45,5.57,3203643,17812210.000
2011-07-04,5.57,5.84,5.55,5.70,3962445,22605728.000
2011-07-05,5.74,5.74,5.65,5.70,1870379,10657807.000
2011-07-06,5.65,5.68,5.58,5.62,2733774,15366144.000
2011-07-07,5.59,5.94,5.59,5.86,9200327,53416216.000
2011-07-08,5.82,5.87,5.70,5.75,3371713,19508404.000
2011-07-11,5.75,5.83,5.62,5.74,5554214,31993232.000
2011-07-12,5.69,5.69,5.46,5.56,4494308,25043950.000
2011-07-13,5.54,5.64,5.53,5.62,2417437,13567887.000
2011-07-14,5.62,5.85,5.55,5.83,5958937,34000808.000
2011-07-15,5.76,5.93,5.74,5.80,6644791,38763176.000
2011-07-18,5.72,5.77,5.65,5.73,2881591,16456796.000
2011-07-19,5.71,5.71,5.60,5.63,3072775,17340848.000
2011-07-20,5.65,5.70,5.61,5.64,2734074,15457570.000
2011-07-21,5.64,5.66,5.50,5.51,2075942,11570294.000
2011-07-22,5.54,5.59,5.50,5.55,1563296,8673597.000
2011-07-25,5.55,5.55,5.18,5.19,3157059,16924946.000
2011-07-26,5.24,5.28,5.16,5.25,1374353,7190074.000
2011-07-27,5.24,5.31,5.17,5.30,1517836,7983868.000
2011-07-28,5.27,5.27,5.17,5.19,3070544,15985665.000
2011-07-29,5.20,5.23,5.14,5.18,2519514,13060232.000
2011-08-01,5.17,5.21,5.15,5.19,1271032,6599139.000
2011-08-02,5.16,5.17,5.04,5.11,1957095,9970006.000
2011-08-03,5.06,5.14,4.99,5.13,2028922,10313545.000
2011-08-04,5.12,5.17,5.08,5.15,1762295,9080283.000
2011-08-05,5.05,5.05,4.96,4.97,2433693,12181480.000
2011-08-08,4.91,4.92,4.52,4.69,2330902,11070391.000
2011-08-09,4.59,4.65,4.38,4.61,3555466,16075110.000
2011-08-10,4.69,4.77,4.62,4.66,2692320,12679127.000
2011-08-11,4.55,4.87,4.54,4.85,4275200,20317824.000
2011-08-12,4.83,4.90,4.79,4.88,3367791,16347867.000
2011-08-15,4.87,4.95,4.84,4.94,2067480,10178136.000
2011-08-16,4.96,4.96,4.78,4.83,2820548,13721603.000
2011-08-17,4.82,5.16,4.76,4.99,6080981,30548704.000
2011-08-18,4.94,4.97,4.81,4.82,2788710,13612769.000
2011-08-19,4.70,4.81,4.64,4.79,2029216,9551124.000
2011-08-22,4.75,4.82,4.73,4.78,1158982,5542054.000
2011-08-23,4.78,4.88,4.75,4.87,2999121,14491645.000
2011-08-24,4.87,4.90,4.80,4.82,2213229,10783873.000
2011-08-25,4.84,4.95,4.79,4.95,2894742,14196024.000
2011-08-26,4.94,4.96,4.89,4.94,2495376,12327020.000
2011-08-29,4.94,4.97,4.84,4.92,2830344,13844947.000
2011-08-30,4.94,4.97,4.86,4.88,2796125,13825136.000
2011-08-31,4.88,4.90,4.76,4.82,1764167,8521144.000
2011-09-01,4.82,4.89,4.79,4.82,2268664,11012643.000
2011-09-02,4.75,4.84,4.72,4.79,1135908,5439049.000
2011-09-05,4.78,4.89,4.64,4.69,1838851,8653573.000
2011-09-06,4.73,5.14,4.68,4.95,12656937,63095640.000
2011-09-07,4.89,4.99,4.82,4.97,8405033,41323800.000
2011-09-08,4.99,4.99,4.75,4.77,4685393,22911816.000
2011-09-09,4.76,4.84,4.66,4.70,2813678,13386984.000
2011-09-13,4.67,4.67,4.52,4.57,2015520,9210808.000
2011-09-14,4.58,4.63,4.50,4.62,2632307,12026534.000
2011-09-15,4.60,4.66,4.58,4.59,2814791,13036109.000
2011-09-16,4.62,4.64,4.59,4.60,1406167,6503229.000
2011-09-19,4.57,4.60,4.49,4.50,1439533,6538853.000
2011-09-20,4.54,4.57,4.47,4.53,1376512,6237018.000
2011-09-21,4.50,4.66,4.50,4.64,2405481,11107843.000
2011-09-22,4.62,4.64,4.54,4.55,1691720,7778975.000
2011-09-23,4.49,4.62,4.46,4.61,1395712,6374286.000
2011-09-26,4.55,4.68,4.46,4.51,2231557,10205952.000
2011-09-27,4.57,4.60,4.49,4.55,1261325,5750753.000
2011-09-28,4.57,4.61,4.47,4.49,1736945,7878906.000
2011-09-29,4.48,4.49,4.35,4.35,1241289,5503896.000
2011-09-30,4.35,4.43,4.33,4.40,1252177,5475322.000
2011-10-10,4.39,4.44,4.35,4.37,473930,2084215.000
2011-10-11,4.49,4.50,4.35,4.41,1238236,5497114.000
2011-10-12,4.41,4.54,4.36,4.52,1171580,5273339.000
2011-10-13,4.49,4.58,4.49,4.56,1524259,6950220.000
2011-10-14,4.54,4.58,4.50,4.54,860151,3916914.000
2011-10-17,4.54,4.58,4.53,4.56,1318739,6019408.000
2011-10-18,4.55,4.55,4.41,4.41,991170,4446003.000
2011-10-19,4.40,4.47,4.39,4.41,903691,4001790.000
2011-10-20,4.41,4.41,4.21,4.28,1479355,6344674.000
2011-10-21,4.20,4.26,4.17,4.18,1200651,5069763.000
2011-10-24,4.24,4.28,4.14,4.23,920971,3900719.000
2011-10-25,4.23,4.34,4.19,4.30,1486300,6375183.000
2011-10-26,4.27,4.36,4.27,4.32,1559609,6769222.000
2011-10-27,4.32,4.52,4.31,4.34,2425111,10721454.000
2011-10-28,4.37,4.72,4.37,4.66,5668802,25706748.000
2011-10-31,4.59,4.59,4.48,4.49,10120773,45699068.000
2011-11-01,4.46,4.57,4.44,4.56,12316515,55587976.000
2011-11-02,4.48,4.59,4.44,4.56,5845261,26437476.000
2011-11-03,4.56,4.61,4.49,4.49,10433881,47550528.000
2011-11-04,4.52,4.54,4.45,4.53,5730554,25806396.000
2011-11-07,4.51,4.56,4.50,4.52,2468431,11191869.000
2011-11-08,4.52,4.52,4.36,4.38,5056698,22503616.000
2011-11-09,4.39,4.79,4.38,4.59,12887320,58892924.000
2011-11-10,4.52,4.55,4.45,4.46,4822697,21668564.000
2011-11-11,4.46,4.51,4.42,4.44,3035338,13562163.000
2011-11-14,4.46,4.53,4.46,4.52,2676826,12071130.000
2011-11-15,4.52,4.61,4.50,4.60,5636134,25723068.000
2011-11-16,4.59,4.64,4.45,4.48,4208680,19076190.000
2011-11-17,4.48,4.50,4.41,4.44,3314159,14811779.000
2011-11-18,4.46,4.46,4.23,4.37,4731440,20582136.000
2011-11-21,4.30,4.34,4.24,4.31,1823305,7817878.000
2011-11-22,4.27,4.33,4.25,4.30,994843,4276755.000
2011-11-23,4.31,4.32,4.24,4.28,1903943,8155620.000
2011-11-24,4.26,4.28,4.19,4.23,1444315,6133773.000
2011-11-25,4.24,4.26,4.21,4.24,1534816,6510272.000
2011-11-28,4.25,4.27,4.17,4.20,1552681,6530463.000
2011-11-29,4.27,4.27,4.18,4.22,1640465,6929066.000
2011-11-30,4.23,4.23,3.95,3.98,3290250,13424757.000
2011-12-01,4.08,4.14,4.05,4.05,2270321,9303900.000
2011-12-02,4.01,4.03,3.92,3.96,1720186,6827233.000
2011-12-05,3.95,3.98,3.86,3.88,1968785,7711429.000
2011-12-06,3.89,3.92,3.86,3.88,1127556,4396336.000
2011-12-07,3.87,3.90,3.79,3.82,2426379,9325842.000
2011-12-08,3.81,3.83,3.75,3.80,2230635,8492150.000
2011-12-09,3.78,3.87,3.77,3.79,1355982,5177155.000
2011-12-12,3.79,3.81,3.76,3.76,1131316,4299043.000
2011-12-13,3.76,3.76,3.49,3.54,2196754,7889043.000
2011-12-14,3.54,3.57,3.44,3.44,1612645,5670859.000
2011-12-15,3.47,3.47,3.33,3.34,1419196,4821573.000
2011-12-16,3.35,3.48,3.29,3.45,1263399,4278416.000
2011-12-19,3.44,3.47,3.35,3.43,1384809,4740705.000
2011-12-20,3.41,3.47,3.40,3.43,1051146,3627761.000
2011-12-21,3.43,3.47,3.29,3.32,1739682,5858037.000
2011-12-22,3.29,3.34,3.15,3.26,1918171,6226306.000
2011-12-23,3.24,3.33,3.23,3.28,918042,3028869.000
2011-12-26,3.28,3.32,3.26,3.27,647280,2135470.000
2011-12-27,3.27,3.27,3.15,3.15,993662,3194911.000
2011-12-28,3.11,3.19,3.05,3.13,1501927,4713140.000
2011-12-29,3.13,3.15,3.09,3.11,1129651,3541107.000
2011-12-30,3.13,3.19,3.13,3.18,985033,3129453.000
2012-01-04,3.21,3.21,3.13,3.17,1692311,5383195.000
2012-01-05,3.09,3.17,3.02,3.04,1179256,3672153.000
2012-01-06,3.06,3.09,3.00,3.07,668541,2036232.000
2012-01-09,3.07,3.20,3.04,3.19,1737509,5480243.000
2012-01-10,3.19,3.39,3.17,3.36,4128039,13605465.000
2012-01-11,3.34,3.36,3.27,3.32,1461741,4852837.000
2012-01-12,3.30,3.41,3.30,3.32,2239829,7522652.000
2012-01-13,3.27,3.34,3.18,3.18,1443837,4691434.000
2012-01-16,3.14,3.21,3.08,3.09,934589,2943519.000
2012-01-17,3.07,3.29,3.07,3.27,2173199,6946811.000
2012-01-18,3.27,3.31,3.19,3.20,1684371,5481382.000
2012-01-19,3.22,3.30,3.16,3.20,1919735,6217836.000
2012-01-20,3.24,3.27,3.22,3.25,1025998,3343249.000
2012-01-30,3.27,3.28,3.19,3.21,990444,3224879.000
2012-01-31,3.20,3.23,3.15,3.22,1055616,3380878.000
2012-02-01,3.23,3.29,3.22,3.25,2429093,7933044.000
2012-02-02,3.25,3.30,3.21,3.29,1955286,6401732.000
2012-02-03,3.30,3.36,3.27,3.35,3186324,10611362.000
2012-02-06,3.36,3.38,3.30,3.36,2350909,7899534.000
2012-02-07,3.35,3.41,3.29,3.33,2538665,8535993.000
2012-02-08,3.35,3.43,3.24,3.41,3563991,11998309.000
2012-02-09,3.38,3.47,3.36,3.41,3415953,11749269.000
2012-02-10,3.41,3.49,3.39,3.45,3593479,12454921.000
2012-02-13,3.43,3.59,3.37,3.52,6821618,23959088.000
2012-02-14,3.51,3.51,3.43,3.48,3786059,13147883.000
2012-02-15,3.49,3.58,3.46,3.55,3730992,13192272.000
2012-02-16,3.60,3.68,3.54,3.57,6313027,22818920.000
2012-02-17,3.61,3.66,3.45,3.53,4647631,16459822.000
2012-02-20,3.57,3.60,3.51,3.53,3209868,11431638.000
2012-02-21,3.53,3.65,3.47,3.62,5745897,20548148.000
2012-02-22,3.59,3.72,3.59,3.67,6773433,24973298.000
2012-02-23,3.63,3.71,3.62,3.67,5220117,19222020.000
2012-02-24,3.64,4.04,3.62,3.81,16339392,62761604.000
2012-02-27,3.82,3.88,3.76,3.78,9605142,36786640.000
2012-02-28,3.78,3.79,3.68,3.72,3958845,14842274.000
2012-02-29,3.72,3.72,3.61,3.62,3961445,14544017.000
2012-03-01,3.62,3.70,3.60,3.64,2617186,9598395.000
2012-03-02,3.66,3.77,3.66,3.75,4653631,17374234.000
2012-03-05,3.79,3.80,3.69,3.72,3630757,13659913.000
2012-03-06,3.71,3.72,3.64,3.68,3140022,11580434.000
2012-03-07,3.63,3.74,3.62,3.70,3297646,12229541.000
2012-03-08,3.71,3.87,3.68,3.77,8687036,32906454.000
2012-03-09,3.76,3.81,3.70,3.80,4931544,18548628.000
2012-03-12,3.80,3.83,3.75,3.78,4182301,15891571.000
2012-03-13,3.80,3.84,3.75,3.81,6353514,24180482.000
2012-03-14,3.82,3.87,3.57,3.59,8534408,31972016.000
2012-03-15,3.58,3.61,3.35,3.42,10164348,35254464.000
2012-03-16,3.45,3.57,3.40,3.53,6675227,23267070.000
2012-03-19,3.51,3.56,3.45,3.51,6133737,21514824.000
2012-03-20,3.55,3.86,3.52,3.86,28413685,108451968.000
2012-03-21,3.86,4.19,3.76,4.03,48897406,194153136.000
2012-03-22,3.95,3.97,3.83,3.91,20031910,78081184.000
2012-03-23,3.87,3.87,3.69,3.76,13845268,52212880.000
2012-03-26,3.74,3.76,3.56,3.61,8716833,31913672.000
2012-03-27,3.63,3.74,3.59,3.66,8391420,30924856.000
2012-03-28,3.67,3.68,3.41,3.42,8116189,28569820.000
2012-03-29,3.42,3.42,3.22,3.27,8359954,27720272.000
2012-03-30,3.28,3.35,3.24,3.35,5252677,17402952.000
2012-04-05,3.35,3.43,3.31,3.41,4587602,15574476.000
2012-04-06,3.41,3.50,3.38,3.47,5158998,17828690.000
2012-04-09,3.46,3.49,3.39,3.39,3406217,11722380.000
2012-04-10,3.37,3.48,3.33,3.48,5297884,18114300.000
2012-04-11,3.42,3.61,3.40,3.57,8617364,30578334.000
2012-04-12,3.54,3.73,3.52,3.67,9328076,33945512.000
2012-04-13,3.67,3.88,3.64,3.75,13129016,49408244.000
2012-04-16,3.69,4.07,3.66,3.89,17528955,68384296.000
2012-04-17,3.89,4.10,3.72,3.74,15433730,60268396.000
2012-04-18,3.73,3.86,3.62,3.84,11427099,43069388.000
2012-04-19,3.87,4.08,3.82,3.88,13887465,54918096.000
2012-04-20,3.83,4.14,3.77,4.02,19198227,76767304.000
2012-04-23,3.98,4.11,3.84,3.86,16674715,66409496.000
2012-04-24,3.86,4.25,3.83,4.25,27875557,117420000.000
2012-04-25,4.68,4.68,4.68,4.68,7021112,32929016.000
2012-04-26,5.15,5.15,4.59,4.61,71521462,354376128.000
2012-04-27,4.42,4.48,4.19,4.22,37506672,162987040.000
2012-05-02,4.24,4.31,4.14,4.29,22231782,94403544.000
2012-05-03,4.24,4.36,4.14,4.21,15028955,63559468.000
2012-05-04,4.17,4.23,4.09,4.15,10922794,45514856.000
2012-05-07,4.10,4.17,4.08,4.13,7350079,30376398.000
2012-05-08,4.12,4.18,4.03,4.12,8964801,36797548.000
2012-05-09,4.10,4.22,4.01,4.15,15506332,64246096.000
2012-05-10,4.14,4.15,4.03,4.05,8718006,35584648.000
2012-05-11,4.03,4.08,3.99,4.00,4901438,19813204.000
2012-05-14,4.04,4.09,3.98,4.01,7382004,29867108.000
2012-05-15,3.99,3.99,3.89,3.95,6835350,26943172.000
2012-05-16,3.94,3.99,3.90,3.91,4925517,19467822.000
2012-05-17,3.91,4.01,3.90,3.97,7289150,28993348.000
2012-05-18,3.94,3.96,3.81,3.84,8992564,34927144.000
2012-05-21,3.84,3.88,3.81,3.84,3669027,14143348.000
2012-05-22,3.87,3.96,3.85,3.95,5989921,23503156.000
2012-05-23,3.92,4.00,3.89,3.95,5761444,22786332.000
2012-05-25,3.92,3.93,3.83,3.85,5489499,21260296.000
2012-05-28,3.83,3.92,3.73,3.91,4793761,18384714.000
2012-05-29,3.89,3.96,3.86,3.94,5424375,21324166.000
2012-05-30,3.94,4.01,3.91,3.94,4687328,18633052.000
2012-05-31,3.93,3.98,3.90,3.93,2955735,11688502.000
2012-06-01,3.93,3.96,3.88,3.88,2951596,11565865.000
2012-06-04,3.81,3.84,3.66,3.70,4005853,15151749.000
2012-06-05,3.72,3.75,3.65,3.71,3461555,12825066.000
2012-06-06,3.72,3.73,3.67,3.67,1696971,6288492.000
2012-06-07,3.71,3.75,3.65,3.66,2993089,11104596.000
2012-06-08,3.73,3.75,3.66,3.68,2488598,9261151.000
2012-06-11,3.68,3.77,3.63,3.74,2805576,10437648.000
2012-06-12,3.72,3.77,3.70,3.73,2325494,8709240.000
2012-06-13,3.73,3.81,3.73,3.78,3641423,13770490.000
2012-06-14,3.77,3.79,3.73,3.79,2842352,10716566.000
2012-06-15,3.78,3.83,3.72,3.77,2516896,9526509.000
2012-06-18,3.79,3.80,3.74,3.78,2374591,8968972.000
2012-06-19,3.77,3.79,3.73,3.75,2059484,7743673.000
2012-06-20,3.74,3.76,3.67,3.72,2185225,8129178.000
2012-06-21,3.69,3.74,3.65,3.69,2493470,9245438.000
2012-06-25,3.68,3.70,3.60,3.60,1736284,6333404.000
2012-06-26,3.59,3.62,3.52,3.57,2193424,7861938.000
2012-06-27,3.58,3.62,3.53,3.55,2460495,8844183.000
2012-06-28,3.58,3.62,3.52,3.53,2240146,8034591.000
2012-06-29,3.52,3.52,3.40,3.48,2716747,9404738.000
2012-07-02,3.50,3.53,3.42,3.47,2569278,8950638.000
2012-07-03,3.46,3.55,3.45,3.51,2570059,9056260.000
2012-07-04,3.50,3.53,3.45,3.47,1257802,4394910.000
2012-07-05,3.45,3.47,3.39,3.42,1919504,6592553.000
2012-07-06,3.46,3.62,3.44,3.58,6461374,23097340.000
2012-07-09,3.55,3.55,3.43,3.43,2943848,10330802.000
2012-07-10,3.44,3.44,3.32,3.36,2546618,8586381.000
2012-07-11,3.35,3.37,3.31,3.35,1417093,4759087.000
2012-07-12,3.35,3.43,3.31,3.41,2284935,7721872.000
2012-07-13,3.38,3.41,3.34,3.36,1273794,4305313.000
2012-07-16,3.37,3.37,3.20,3.20,1767272,5815670.000
2012-07-17,3.21,3.29,3.17,3.26,2174804,7105272.000
2012-07-18,3.24,3.30,3.20,3.27,2234583,7274729.000
2012-07-19,3.28,3.60,3.24,3.60,5958121,21186052.000
2012-07-20,3.77,3.88,3.49,3.50,22070628,82428808.000
2012-07-23,3.34,3.42,3.29,3.39,8535509,28868466.000
2012-07-24,3.34,3.45,3.31,3.42,4344993,14835332.000
2012-07-25,3.39,3.42,3.32,3.33,3679247,12420523.000
2012-07-26,3.31,3.35,3.25,3.26,3701249,12248788.000
2012-07-27,3.29,3.30,3.22,3.23,2749991,8954541.000
2012-07-30,3.24,3.24,3.12,3.14,3588634,11396358.000
2012-07-31,3.14,3.23,3.06,3.16,2523440,7962970.000
2012-08-01,3.14,3.22,3.12,3.20,2183752,6966535.000
2012-08-02,3.17,3.19,3.08,3.09,2368406,7424666.000
2012-08-03,3.13,3.17,3.08,3.16,2478355,7805043.000
2012-08-06,3.15,3.26,3.14,3.24,2954827,9489207.000
2012-08-07,3.23,3.32,3.22,3.31,3751135,12317941.000
2012-08-08,3.31,3.33,3.25,3.27,3005720,9915616.000
2012-08-09,3.29,3.35,3.26,3.33,4003843,13325885.000
2012-08-10,3.32,3.40,3.30,3.38,4079745,13756579.000
2012-08-13,3.37,3.37,3.18,3.21,4051402,13305377.000
2012-08-14,3.19,3.27,3.15,3.25,2533875,8161733.000
2012-08-15,3.25,3.26,3.20,3.21,1501883,4860605.000
2012-08-16,3.20,3.22,3.17,3.19,1412468,4522904.000
2012-08-17,3.19,3.21,3.14,3.20,1914259,6088759.000
2012-08-20,3.18,3.18,3.11,3.17,2049309,6458947.000
2012-08-21,3.16,3.25,3.15,3.20,2096298,6749877.000
2012-08-22,3.20,3.34,3.19,3.24,3055315,9984462.000
2012-08-23,3.24,3.28,3.22,3.26,2998399,9772639.000
2012-08-24,3.24,3.26,3.17,3.18,2479988,8008909.000
2012-08-27,3.19,3.21,3.08,3.12,2937900,9170095.000
2012-08-28,3.12,3.19,3.09,3.15,2500979,7892514.000
2012-08-29,3.16,3.16,3.10,3.12,1742402,5472940.000
2012-08-30,3.12,3.14,3.01,3.06,2281165,7028993.000
2012-08-31,3.06,3.11,3.05,3.08,1316635,4057135.000
2012-09-03,3.07,3.15,3.05,3.12,2088162,6531763.000
2012-09-04,3.13,3.14,3.06,3.07,1060500,3298073.000
2012-09-05,3.07,3.11,3.05,3.10,1505653,4655407.000
2012-09-06,3.12,3.15,3.11,3.14,1347586,4235542.000
2012-09-07,3.16,3.28,3.16,3.24,4681066,15147981.000
2012-09-10,3.26,3.27,3.22,3.26,2581351,8400958.000
2012-09-11,3.23,3.26,3.21,3.24,2485192,8049824.000
2012-09-12,3.24,3.32,3.23,3.30,3901189,12828517.000
2012-09-13,3.29,3.30,3.20,3.21,2474850,8080211.000
2012-09-14,3.22,3.26,3.20,3.24,2751447,8918802.000
2012-09-17,3.24,3.26,3.13,3.15,2780935,8915747.000
2012-09-18,3.14,3.15,3.10,3.11,2556185,7998498.000
2012-09-19,3.11,3.15,3.10,3.14,1603269,5024573.000
2012-09-20,3.12,3.14,3.04,3.05,2492349,7715841.000
2012-09-21,3.05,3.07,3.01,3.04,2146592,6566101.000
2012-09-24,3.04,3.06,2.99,3.05,1843023,5596141.000
2012-09-25,3.04,3.06,3.01,3.05,1796418,5476377.000
2012-09-26,3.03,3.06,2.96,2.97,1711176,5165071.000
2012-09-27,2.97,3.09,2.95,3.05,2540014,7696161.000
2012-09-28,3.04,3.10,2.99,3.09,2177399,6688566.000
2012-10-08,3.09,3.10,3.04,3.07,1414410,4347256.000
2012-10-09,3.07,3.16,3.06,3.15,2830330,8843281.000
2012-10-10,3.13,3.25,3.10,3.21,4724226,15112116.000
2012-10-11,3.19,3.25,3.16,3.17,3229168,10369390.000
2012-10-12,3.19,3.22,3.14,3.16,2565671,8194808.000
2012-10-15,3.17,3.32,3.15,3.20,4908833,15906687.000
2012-10-16,3.19,3.22,3.15,3.19,2836773,9075003.000
2012-10-17,3.19,3.25,3.17,3.23,3031821,9783155.000
2012-10-18,3.25,3.46,3.25,3.30,8685580,29121544.000
2012-10-19,3.28,3.34,3.25,3.26,3956285,13067300.000
2012-10-22,3.26,3.33,3.23,3.32,3237093,10633751.000
2012-10-23,3.31,3.46,3.29,3.34,7723694,26097844.000
2012-10-24,3.30,3.39,3.29,3.35,3218729,10799483.000
2012-10-25,3.37,3.41,3.26,3.28,3590331,12036419.000
2012-10-26,3.27,3.29,3.16,3.19,3785827,12156360.000
2012-10-29,3.19,3.22,3.17,3.21,1683959,5387625.000
2012-10-30,3.21,3.31,3.18,3.23,2535783,8251130.000
2012-10-31,3.20,3.25,3.18,3.23,1445079,4663514.000
2012-11-01,3.22,3.37,3.20,3.35,6421528,21387696.000
2012-11-02,3.35,3.57,3.33,3.51,17418589,60394580.000
2012-11-05,3.48,3.49,3.40,3.44,6508877,22426136.000
2012-11-06,3.44,3.44,3.28,3.32,10202178,34045432.000
2012-11-07,3.32,3.35,3.29,3.33,3082747,10287199.000
2012-11-08,3.29,3.36,3.24,3.30,5690270,18769128.000
2012-11-09,3.27,3.36,3.25,3.34,3692536,12322064.000
2012-11-12,3.35,3.51,3.33,3.43,5842939,20064530.000
2012-11-13,3.42,3.50,3.36,3.44,9401878,32288814.000
2012-11-14,3.43,3.49,3.37,3.44,5913806,20322020.000
2012-11-15,3.44,3.56,3.40,3.44,7629806,26639270.000
2012-11-16,3.44,3.47,3.29,3.37,5562084,18697238.000
2012-11-19,3.37,3.41,3.32,3.37,2675969,8998614.000
2012-11-20,3.37,3.49,3.35,3.41,3913803,13467655.000
2012-11-21,3.41,3.43,3.33,3.42,4200600,14251583.000
2012-11-22,3.43,3.43,3.35,3.39,2355591,8007649.000
2012-11-23,3.39,3.41,3.34,3.37,1851792,6260361.000
2012-11-26,3.39,3.39,3.25,3.28,2196270,7291984.000
2012-11-27,3.28,3.28,3.13,3.18,3627902,11592558.000
2012-11-28,3.15,3.16,3.06,3.08,1795484,5580401.000
2012-11-29,3.07,3.14,3.04,3.06,1520761,4721490.000
2012-11-30,3.08,3.14,3.03,3.14,2408468,7516779.000
2012-12-03,3.10,3.17,3.02,3.06,2439479,7595201.000
2012-12-04,3.04,3.14,3.03,3.13,1645251,5098078.000
2012-12-05,3.12,3.34,3.09,3.25,4656616,15099543.000
2012-12-06,3.23,3.29,3.20,3.25,2542941,8278050.000
2012-12-07,3.24,3.35,3.21,3.31,4081222,13464815.000
2012-12-10,3.31,3.36,3.27,3.34,4999145,16637579.000
2012-12-11,3.33,3.38,3.28,3.31,4189050,13996443.000
2012-12-12,3.31,3.34,3.23,3.27,3808772,12513062.000
2012-12-13,3.25,3.34,3.23,3.26,5354980,17715514.000
2012-12-14,3.25,3.52,3.24,3.44,15135045,51595848.000
2012-12-17,3.57,3.69,3.38,3.43,11201291,39109680.000
2012-12-18,3.40,3.49,3.38,3.40,6170331,21197766.000
2012-12-19,3.40,3.41,3.34,3.38,4917211,16643751.000
2012-12-20,3.39,3.39,3.30,3.35,4835206,16239598.000
2012-12-21,3.36,3.39,3.33,3.35,4177337,14058757.000
2012-12-24,3.36,3.40,3.34,3.37,3291716,11140719.000
2012-12-25,3.37,3.49,3.33,3.47,8538370,29416770.000
2012-12-26,3.45,3.63,3.45,3.49,11019860,38842752.000
2012-12-27,3.49,3.52,3.37,3.41,9949024,34525348.000
2012-12-28,3.42,3.60,3.41,3.54,14729638,51886024.000
2012-12-31,3.53,3.63,3.51,3.55,10871400,38959516.000
2013-01-04,3.57,3.68,3.50,3.54,10725032,38568288.000
2013-01-07,3.51,3.62,3.50,3.59,6454168,23009900.000
2013-01-08,3.79,3.79,3.58,3.60,13176214,48412432.000
2013-01-09,3.57,3.61,3.52,3.56,7836538,28066854.000
2013-01-10,3.57,3.65,3.54,3.59,6954760,25079252.000
2013-01-11,3.59,3.61,3.44,3.48,8263838,29097592.000
2013-01-14,3.48,3.57,3.47,3.56,6575430,23266662.000
2013-01-15,3.56,3.67,3.55,3.66,10561298,38300796.000
2013-01-16,3.65,3.70,3.61,3.67,8281922,30334142.000
2013-01-17,3.65,3.78,3.63,3.66,7855506,29173892.000
2013-01-18,3.66,3.79,3.66,3.77,8393459,31437204.000
2013-01-21,3.85,4.13,3.78,3.95,23245555,92669840.000
2013-01-22,3.89,3.99,3.81,3.89,11947117,46402344.000
2013-01-23,3.89,3.98,3.79,3.94,7144960,27895024.000
2013-01-24,3.92,4.09,3.82,3.97,11063924,43941684.000
2013-01-25,3.94,3.96,3.83,3.91,4570090,17820284.000
2013-01-28,3.91,4.03,3.88,4.01,4246315,16822850.000
2013-01-29,4.00,4.24,3.97,4.07,10307995,42387744.000
2013-01-30,4.05,4.18,4.02,4.07,5316894,21746244.000
2013-01-31,4.09,4.09,3.90,3.96,5211838,20721908.000
2013-02-01,3.98,3.98,3.90,3.95,3259577,12879767.000
2013-02-04,3.95,3.98,3.85,3.88,5963736,23246764.000
2013-02-05,3.87,3.94,3.80,3.91,2682627,10434132.000
2013-02-06,3.93,3.94,3.84,3.91,2876523,11207570.000
2013-02-07,3.91,3.95,3.86,3.94,3387397,13241130.000
2013-02-08,3.93,4.00,3.93,3.96,3253179,12959842.000
2013-02-18,3.99,4.01,3.93,3.96,2914917,11598258.000
2013-02-19,3.99,3.99,3.86,3.88,3178789,12436688.000
2013-02-20,3.85,3.92,3.84,3.89,2908405,11302895.000
2013-02-21,3.88,3.88,3.70,3.71,5601934,21262740.000
2013-02-22,3.71,3.79,3.68,3.74,4200854,15710853.000
2013-02-25,3.72,3.77,3.71,3.75,1894959,7110673.000
2013-02-26,3.75,3.76,3.60,3.63,3718821,13741642.000
2013-02-27,3.63,3.73,3.63,3.73,2983060,11003577.000
2013-02-28,4.10,4.10,3.91,4.10,30457565,123307008.000
2013-03-01,4.07,4.37,3.98,4.21,32813497,136443360.000
2013-03-04,4.05,4.11,3.88,4.03,18447289,74358264.000
2013-03-05,4.15,4.43,4.15,4.43,22392384,97714576.000
2013-03-06,4.68,4.73,4.42,4.44,37066084,168249968.000
2013-03-07,4.39,4.52,4.33,4.49,15564449,68924288.000
2013-03-08,4.51,4.58,4.34,4.35,11903464,52983736.000
2013-03-11,4.34,4.38,4.29,4.32,5429632,23531892.000
2013-03-12,4.35,4.36,4.11,4.19,7283099,30724524.000
2013-03-13,4.18,4.61,4.11,4.61,24598106,110668160.000
2013-03-14,4.66,5.07,4.61,4.98,65173128,324468352.000
2013-03-15,4.87,5.04,4.79,4.86,37454684,183719584.000
2013-03-18,4.86,4.98,4.75,4.78,20387804,99655792.000
2013-03-19,4.79,4.91,4.65,4.73,22914017,109342680.000
2013-03-20,4.73,4.93,4.68,4.87,21325813,103368208.000
2013-03-21,4.84,5.32,4.78,5.10,29284220,147624480.000
2013-03-22,5.01,5.10,4.92,5.03,16295745,82038864.000
2013-03-25,4.97,5.53,4.97,5.53,31660360,169083952.000
2013-03-26,5.48,6.08,5.40,6.08,52644770,313391872.000
2013-03-27,6.17,6.34,5.86,6.16,61491157,375339008.000
2013-03-28,6.08,6.08,5.68,5.69,33573996,195942240.000
2013-03-29,5.71,5.81,5.57,5.60,25111135,143156368.000
2013-04-01,5.66,5.75,5.37,5.42,31496026,174603360.000
2013-04-02,5.43,5.73,5.31,5.57,34070979,188069680.000
2013-04-03,5.44,5.51,5.08,5.19,26795756,141712144.000
2013-04-08,5.08,5.27,4.97,5.26,15899117,81511696.000
2013-04-09,5.25,5.43,5.21,5.35,16950204,90112232.000
2013-04-10,5.33,5.36,5.09,5.29,16419822,85740760.000
2013-04-11,5.28,5.55,5.20,5.37,25811965,139115888.000
2013-04-12,5.31,5.57,5.28,5.43,17782068,96942320.000
2013-04-15,5.38,5.64,5.23,5.60,17703612,96875392.000
2013-04-16,5.50,5.76,5.47,5.66,20303658,113942432.000
2013-04-17,5.60,5.68,5.45,5.53,12598766,69999392.000
2013-04-18,5.49,5.56,5.35,5.37,11815049,64679904.000
2013-04-19,5.52,5.89,5.52,5.66,25904889,147624016.000
2013-04-22,5.59,5.72,5.53,5.63,17198329,96838496.000
2013-04-23,5.80,6.19,5.58,6.04,46279749,275200576.000
2013-04-24,5.97,6.22,5.83,6.13,35600613,215075168.000
2013-04-25,6.09,6.74,6.09,6.62,58509816,384379808.000
2013-04-26,6.50,6.58,5.96,6.12,37600145,238186160.000
2013-05-02,6.25,6.32,5.91,6.22,24126360,147975424.000
2013-05-03,6.17,6.54,6.10,6.40,24619114,156526640.000
2013-05-06,6.51,7.02,6.48,6.83,37948189,258503280.000
2013-05-07,6.79,6.97,6.71,6.91,25784246,176951664.000
2013-05-08,6.87,6.92,6.69,6.82,21558069,146480192.000
2013-05-09,6.94,7.33,6.74,7.14,37147455,265178432.000
2013-05-10,7.09,7.27,6.94,7.11,28000884,199412704.000
2013-05-13,7.00,7.08,6.69,7.00,29766465,203748592.000
2013-05-14,6.96,7.18,6.80,7.13,22633988,158756032.000
2013-05-15,7.09,7.62,7.04,7.43,34181221,253556384.000
2013-05-16,7.37,7.70,7.29,7.59,33410458,252086528.000
2013-05-17,7.65,7.78,7.51,7.60,24792803,189434464.000
2013-05-20,7.62,7.83,7.48,7.60,24206513,185010400.000
2013-05-21,7.49,7.68,7.34,7.61,25851452,194059616.000
2013-05-22,7.57,7.61,7.26,7.29,24298016,181008800.000
2013-05-23,7.20,7.26,6.99,7.00,23966923,170496016.000
2013-05-24,7.04,7.35,7.04,7.28,20340741,146924272.000
2013-05-27,7.29,7.33,7.11,7.28,12204788,88210728.000
2013-05-28,7.29,7.64,7.18,7.52,23340197,175179584.000
2013-05-29,7.43,7.61,7.38,7.45,15439167,115350504.000
2013-05-30,7.42,7.54,7.39,7.48,12764054,95332088.000
2013-05-31,7.49,7.55,7.14,7.15,17726600,129693264.000
2013-06-03,7.09,7.17,6.90,6.95,16487116,115907344.000
2013-06-04,6.97,7.02,6.54,6.68,17883570,120203928.000
2013-06-05,6.70,6.81,6.56,6.77,10252030,68973520.000
2013-06-06,6.79,6.79,6.56,6.58,8181765,54555256.000
2013-06-07,6.55,6.71,6.34,6.38,10582418,68477888.000
2013-06-13,6.33,6.33,5.74,5.96,13379231,79952736.000
2013-06-14,6.02,6.07,5.86,6.06,8340205,49832012.000
2013-06-17,6.06,6.12,5.94,6.04,7920401,47835184.000
2013-06-18,6.06,6.10,5.91,6.04,6938198,41792608.000
2013-06-19,6.05,6.42,5.92,6.41,16551222,103167416.000
2013-06-20,6.37,6.66,6.12,6.25,16075266,103546648.000
2013-06-21,6.00,6.20,5.80,6.06,10577916,63685704.000
2013-06-24,6.09,6.09,5.45,5.45,13278153,76036728.000
2013-06-25,5.32,5.50,4.92,5.36,14323827,74918848.000
2013-06-26,5.30,5.48,5.26,5.42,8840913,47487636.000
2013-06-27,5.45,5.56,5.20,5.21,12090092,65561056.000
2013-06-28,5.15,5.45,5.10,5.30,9692476,51569144.000
2013-07-01,5.27,5.54,5.21,5.51,10232801,55159456.000
2013-07-02,5.50,6.06,5.49,6.06,21701392,127186208.000
2013-07-03,6.48,6.67,6.20,6.59,42733823,275061600.000
2013-07-04,6.50,6.72,6.35,6.56,24328244,159522144.000
2013-07-05,6.49,7.05,6.43,6.71,26670781,181733312.000
2013-07-08,6.58,6.67,6.25,6.28,18266231,118196096.000
2013-07-09,6.28,6.91,6.25,6.91,25730308,175588704.000
2013-07-10,7.08,7.35,6.91,7.22,43684197,311514912.000
2013-07-11,7.10,7.36,7.05,7.24,30344271,218186080.000
2013-07-12,7.27,7.31,7.06,7.07,20749024,148418208.000
数据来源:通达信
