600981 汇鸿股份 日线
      日期	    开盘	    最高	    最低	    收盘	    成交量	    成交额
2007-01-11,2.11,2.25,1.99,2.04,18340079,84818320.000
2007-01-12,2.02,2.11,1.89,1.90,9753214,42598880.000
2007-01-15,1.89,2.07,1.88,2.06,8394168,36249636.000
2007-01-16,2.07,2.08,1.95,2.04,8460075,37045788.000
2007-01-17,2.04,2.06,1.91,1.94,8146261,35498372.000
2007-01-18,1.93,1.99,1.86,1.96,6439223,27070100.000
2007-01-19,1.96,2.09,1.96,2.08,9548875,42193792.000
2007-01-22,2.09,2.24,2.06,2.22,12259726,56879460.000
2007-01-23,2.22,2.24,2.02,2.17,12436647,57996544.000
2007-01-24,2.17,2.23,2.12,2.21,9526859,45278684.000
2007-01-25,2.21,2.21,2.02,2.04,8425948,38504768.000
2007-01-26,2.00,2.03,1.84,1.98,7045765,30039810.000
2007-01-29,1.97,2.17,1.96,2.17,8959240,40201372.000
2007-01-30,2.18,2.41,2.18,2.33,25966578,128995448.000
2007-01-31,2.28,2.31,2.07,2.10,11321854,54293104.000
2007-02-01,2.10,2.33,2.07,2.31,10619068,50339104.000
2007-02-02,2.32,2.37,2.17,2.18,10287793,50550488.000
2007-02-05,2.17,2.27,2.13,2.20,5203372,24785864.000
2007-02-06,2.20,2.30,2.20,2.26,5079729,24719492.000
2007-02-07,2.26,2.37,2.21,2.34,10021723,49542296.000
2007-02-08,2.34,2.37,2.28,2.32,6412138,31930476.000
2007-02-09,2.33,2.50,2.28,2.42,10699647,55141640.000
2007-02-12,2.43,2.51,2.41,2.45,7842685,41030000.000
2007-02-13,2.47,2.48,2.39,2.46,6759908,34958316.000
2007-02-14,2.46,2.57,2.42,2.50,7168528,38193564.000
2007-02-15,2.53,2.73,2.47,2.65,11434921,62880908.000
2007-02-16,2.66,2.94,2.60,2.79,11346574,67376848.000
2007-02-26,2.85,3.04,2.79,3.04,8316052,51815500.000
2007-02-27,3.04,3.07,2.71,2.71,11603669,69803504.000
2007-02-28,2.60,2.97,2.58,2.89,9918801,57864772.000
2007-03-01,2.91,2.91,2.64,2.70,7802237,45284344.000
2007-03-02,2.70,2.87,2.66,2.79,7513807,44151912.000
2007-03-05,2.78,2.86,2.66,2.73,5579167,32369970.000
2007-03-06,2.73,2.82,2.68,2.75,3123926,18126792.000
2007-03-07,2.76,2.87,2.76,2.83,4646239,27595392.000
2007-03-08,2.86,2.94,2.81,2.93,5382402,32767698.000
2007-03-09,2.96,3.25,2.90,3.25,13582481,87658512.000
2007-03-12,3.25,3.59,3.25,3.40,14715888,104027864.000
2007-03-13,3.41,3.53,3.33,3.48,8581260,61204088.000
2007-03-14,3.46,3.63,3.22,3.51,12172797,87395824.000
2007-03-15,3.47,3.80,3.47,3.69,9947434,75680240.000
2007-03-16,3.70,3.81,3.46,3.57,10767413,80331184.000
2007-03-19,3.38,3.78,3.33,3.73,11806193,88581480.000
2007-03-20,3.73,4.13,3.73,4.13,12552238,103267120.000
2007-03-21,4.24,4.42,4.08,4.39,12982851,112125096.000
2007-03-22,4.41,4.42,4.22,4.26,8305852,73019496.000
2007-03-23,4.25,4.64,4.25,4.62,10963336,100562256.000
2007-03-26,4.70,4.70,4.49,4.60,9998628,92600016.000
2007-03-27,5.09,5.09,4.73,5.09,28968074,295814176.000
2007-03-28,5.22,5.62,5.13,5.62,22626138,248466592.000
2007-03-29,5.89,6.11,5.48,5.49,26063924,303617440.000
2007-03-30,5.49,5.75,5.39,5.63,10437313,117118000.000
2007-04-02,5.64,6.01,5.54,5.90,11271495,130376064.000
2007-04-03,5.91,5.94,5.75,5.88,7958610,92709608.000
2007-04-04,5.86,5.86,5.73,5.77,7292267,84339280.000
2007-04-05,5.77,6.01,5.68,5.88,8864295,103817840.000
2007-04-06,5.81,6.28,5.78,6.26,17541531,211501248.000
2007-04-09,6.25,6.49,6.19,6.40,12215644,154666448.000
2007-04-10,6.40,6.46,6.16,6.39,10029318,126333264.000
2007-04-11,6.38,6.42,6.20,6.34,8975449,112563744.000
2007-04-12,6.34,7.01,6.28,7.01,8979919,120125048.000
2007-04-13,7.42,7.74,7.01,7.18,19133395,280941056.000
2007-04-16,7.22,7.70,7.18,7.59,9870343,144516384.000
2007-04-17,7.62,7.75,7.30,7.59,11727962,174061920.000
2007-04-18,7.59,7.86,7.41,7.62,8924213,134337152.000
2007-04-20,7.27,8.38,7.11,8.16,16011545,243693664.000
2007-04-23,8.24,8.54,8.06,8.42,10599380,174321728.000
2007-04-24,8.42,8.91,8.29,8.62,10426761,174993248.000
2007-04-25,8.48,8.75,8.30,8.48,6223208,104067856.000
2007-04-26,8.51,8.69,8.28,8.53,6703520,111679536.000
2007-04-27,8.49,8.64,8.41,8.47,7166137,120056896.000
2007-04-30,8.33,8.52,7.80,8.11,12557480,201677296.000
2007-05-08,8.23,8.62,8.06,8.30,10029144,165251456.000
2007-05-09,8.27,8.29,7.69,8.00,9501132,150069856.000
2007-05-10,7.96,8.38,7.86,8.27,8300072,134068560.000
2007-05-11,8.22,8.51,8.00,8.46,8372091,135955904.000
2007-05-14,8.36,9.30,8.28,9.24,15249779,268726272.000
2007-05-15,9.28,9.43,8.43,8.53,12054955,210317728.000
2007-05-16,8.49,8.87,8.24,8.82,8854534,150077040.000
2007-05-17,8.96,9.36,8.86,9.01,9303801,165996880.000
2007-05-21,8.91,9.69,8.62,9.47,10111527,183924832.000
2007-05-22,9.63,9.63,9.28,9.31,9063341,166600240.000
2007-05-23,9.28,9.47,9.23,9.38,7116947,130463992.000
2007-05-24,9.43,9.89,9.33,9.81,12924190,244366848.000
2007-05-25,9.70,10.75,9.63,10.55,12085161,244251120.000
2007-05-28,10.78,10.88,10.49,10.61,9554248,198785456.000
2007-05-29,10.62,11.59,10.38,11.31,10004816,211819904.000
2007-05-30,10.28,12.06,10.28,10.49,18492390,396207872.000
2007-05-31,10.49,11.02,9.41,10.70,14451700,291872576.000
2007-06-01,10.75,10.88,9.60,9.60,11689867,230862960.000
2007-06-04,9.41,9.41,8.61,8.61,1865900,32249792.000
2007-06-05,7.72,8.38,7.72,8.36,12149302,187359120.000
2007-06-06,8.49,8.78,7.84,8.46,9315860,154760160.000
2007-06-07,8.58,9.13,8.43,9.09,8642428,150595968.000
2007-06-08,9.12,9.67,9.12,9.50,8746581,162582320.000
2007-06-11,9.67,10.17,9.67,9.89,7357756,143164320.000
2007-06-12,10.04,10.91,9.86,10.91,12689492,258325424.000
2007-06-13,11.35,11.72,11.18,11.49,10755708,240868192.000
2007-06-14,11.28,12.06,10.75,11.51,15021113,341595968.000
2007-06-15,11.21,12.70,11.11,12.70,22312692,528956352.000
2007-06-18,13.42,14.00,13.42,14.00,21228000,569871104.000
2007-06-19,14.43,15.43,14.33,15.43,17343560,501838368.000
2007-06-20,16.27,17.00,14.54,15.80,19546306,629028224.000
2007-06-21,15.44,16.70,14.19,14.19,19378711,572425664.000
2007-06-22,12.74,13.64,12.74,12.74,11538488,288494496.000
2007-06-25,12.07,13.05,11.43,11.45,18642059,436462304.000
2007-06-26,11.38,11.72,10.28,11.40,15399670,323505504.000
2007-06-27,11.38,12.57,11.07,12.57,17665142,407241632.000
2007-06-28,13.27,13.86,12.86,13.16,26970908,706736576.000
2007-06-29,12.28,12.86,11.81,11.82,15364490,362948416.000
2007-07-02,11.75,11.75,10.61,10.61,9853521,207938816.000
2007-07-03,10.46,11.53,9.52,11.00,19846125,395641696.000
2007-07-04,10.66,10.75,9.88,9.88,8261719,86915952.000
2007-07-05,9.13,9.30,8.87,8.87,8809357,81341704.000
2007-07-06,7.96,9.40,7.96,9.14,35815978,314134560.000
2007-07-09,8.75,9.32,8.35,8.93,28074135,255294496.000
2007-07-10,9.10,9.41,8.75,8.87,27063024,253130032.000
2007-07-11,8.63,8.73,8.25,8.47,14685689,127973040.000
2007-07-12,8.43,8.63,8.21,8.42,10984519,94595888.000
2007-07-13,8.37,8.38,8.00,8.14,8373239,70068560.000
2007-07-16,8.09,8.09,7.30,7.32,15200790,119237928.000
2007-07-17,7.10,7.74,7.01,7.47,12663511,97144712.000
2007-07-18,7.48,7.81,7.35,7.75,12901187,101604840.000
2007-07-19,7.73,7.73,7.41,7.46,6342672,49327228.000
2007-07-20,7.54,8.15,7.47,8.03,15274081,122975656.000
2007-07-23,8.20,8.86,8.10,8.86,17799189,157142608.000
2007-07-24,9.45,9.77,9.14,9.59,31062340,306046336.000
2007-07-25,9.59,10.57,9.37,10.57,39049757,408036864.000
2007-07-26,10.57,11.65,10.57,11.65,27351410,321702144.000
2007-07-27,12.25,12.84,11.65,12.84,44690011,573568576.000
2007-07-30,12.87,14.15,12.87,14.15,32881823,461807968.000
2007-07-31,14.10,15.59,13.55,15.52,55483964,847913600.000
2007-08-01,15.54,16.72,13.94,13.94,75224174,1135193856.000
2007-08-02,12.85,14.74,12.76,13.69,55129122,757158976.000
2007-08-03,13.53,13.53,12.63,12.81,39398082,519935296.000
2007-08-06,12.81,14.12,11.75,14.12,37319164,516179968.000
2007-08-07,14.85,15.40,13.80,14.28,54124203,812309504.000
2007-08-08,13.70,14.05,13.14,13.35,21837906,300341056.000
2007-08-09,13.25,14.25,12.95,13.53,15675340,217342160.000
2007-08-10,13.35,13.64,12.62,13.03,13781693,182323280.000
2007-08-13,12.87,13.46,12.25,12.68,13575535,176239184.000
2007-08-14,12.70,13.24,12.70,12.98,9054616,120087640.000
2007-08-15,13.11,13.24,12.36,12.82,10657210,138742464.000
2007-08-16,12.75,13.05,12.40,13.01,12181637,158601456.000
2007-08-17,13.05,14.30,12.92,13.97,35071559,498937760.000
2007-08-20,14.35,14.64,13.75,14.16,22504831,323829312.000
2007-08-21,14.26,14.35,13.75,13.89,15868883,224539456.000
2007-08-22,13.55,13.75,13.33,13.55,15866677,218016816.000
2007-08-23,13.55,14.61,13.50,14.02,23809115,343961920.000
2007-08-24,14.17,14.33,13.65,13.73,15013521,210286464.000
2007-08-27,13.74,13.90,12.75,13.15,16752607,226769056.000
2007-08-28,13.15,13.32,12.76,12.97,11551404,152209280.000
2007-08-29,12.85,13.24,12.66,12.87,9268122,122122672.000
2007-08-30,12.85,13.54,12.83,13.24,10098570,135619824.000
2007-08-31,13.30,13.40,12.96,13.05,9847521,130918912.000
2007-09-03,13.07,14.38,12.90,14.38,35736969,501324864.000
2007-09-04,14.65,14.75,13.50,13.68,25819913,370407520.000
2007-09-06,13.75,14.03,13.40,13.58,12811086,177719712.000
2007-09-07,13.55,13.55,12.96,13.10,11794007,158270704.000
2007-09-10,13.10,14.18,13.07,13.84,16638314,232509632.000
2007-09-11,13.86,14.05,12.45,12.54,13574697,184760768.000
2007-09-12,12.47,12.95,11.85,12.53,11005133,138766272.000
2007-09-13,12.55,12.73,12.23,12.56,8006714,101270216.000
2007-09-14,12.49,12.70,12.23,12.55,7723772,97896776.000
2007-09-17,12.49,12.84,12.26,12.63,8999599,115763464.000
2007-09-18,12.90,13.30,12.65,13.13,10326739,136818112.000
2007-09-19,13.20,13.70,13.10,13.14,11736711,160099424.000
2007-09-20,13.05,13.21,12.65,12.76,8460494,110320992.000
2007-09-21,12.78,12.81,12.08,12.37,8835655,111005960.000
2007-09-24,12.40,12.54,11.88,12.19,7126864,87971248.000
2007-09-25,12.25,12.25,11.95,12.04,5028938,61708404.000
2007-09-26,12.10,12.25,11.95,11.96,4090172,50353304.000
2007-09-27,11.97,12.12,11.76,11.89,4347436,52560632.000
2007-09-28,11.85,12.13,11.83,11.95,5487572,67064376.000
2007-10-08,12.06,12.15,11.80,11.83,6287888,76309800.000
2007-10-09,11.83,11.94,11.40,11.73,6996076,82898176.000
2007-10-10,11.73,12.74,11.71,12.46,14808140,187004080.000
2007-10-11,12.43,13.25,11.76,12.76,19298413,252498688.000
2007-10-12,12.54,12.54,11.46,11.82,13596955,163877776.000
2007-10-15,11.81,11.81,10.86,11.13,9382383,106632792.000
2007-10-16,11.04,11.55,10.76,11.15,6513846,73566368.000
2007-10-17,11.10,11.24,10.90,10.95,4877552,54730772.000
2007-10-18,10.92,10.95,10.65,10.66,5185839,57263444.000
2007-10-19,10.65,10.90,10.25,10.31,4140575,44918976.000
2007-10-22,10.43,11.15,10.09,10.47,4841220,52887440.000
2007-10-23,10.55,10.73,9.65,9.98,4828987,49423612.000
2007-10-24,9.98,10.73,9.95,10.14,5813026,61436860.000
2007-10-25,10.00,10.00,9.10,9.10,6184398,59202720.000
2007-10-26,8.75,9.02,8.32,8.54,5319227,46957160.000
2007-10-29,8.54,8.70,7.97,8.56,5839673,49909072.000
2007-10-30,8.60,8.97,8.17,8.86,5397966,47821696.000
2007-10-31,8.83,9.35,8.67,9.16,5976736,56195712.000
2007-11-01,9.19,9.35,8.56,8.57,5083803,46159048.000
2007-11-02,8.28,8.47,8.12,8.17,4330788,36665692.000
2007-11-05,8.14,8.45,7.86,8.31,2968339,25141300.000
2007-11-06,8.35,8.74,8.25,8.51,3143320,27539284.000
2007-11-07,8.43,8.51,8.13,8.35,2679575,22799588.000
2007-11-08,8.35,8.35,7.82,7.84,2943407,24478476.000
2007-11-09,7.85,7.96,7.61,7.83,3192205,25606904.000
2007-11-12,7.65,7.75,7.14,7.48,3209219,24647078.000
2007-11-13,7.53,8.25,7.53,8.25,3311152,27794266.000
2007-11-14,8.70,9.10,8.55,9.10,18245757,167785216.000
2007-11-15,9.55,10.04,9.25,10.04,17929355,180544208.000
2007-11-16,10.08,11.07,10.04,11.07,28866628,321712480.000
2007-11-19,11.65,12.20,9.96,10.18,44906118,512693856.000
2007-11-20,9.90,10.22,9.56,9.92,21331296,215534256.000
2007-11-21,9.83,10.94,9.79,10.94,24350923,262287248.000
2007-11-22,11.05,11.85,10.25,11.14,40755210,467840064.000
2007-11-23,10.85,11.21,10.45,10.75,12683697,139109152.000
2007-11-26,10.77,10.99,10.26,10.52,12235395,131731728.000
2007-11-27,10.28,10.33,9.63,9.71,13214452,133685584.000
2007-11-28,9.71,10.64,9.71,10.17,15151538,159193904.000
2007-11-29,9.95,10.55,9.64,10.24,13036299,134397792.000
2007-11-30,10.02,10.16,9.75,9.84,7300499,74011776.000
2007-12-03,9.75,10.02,9.55,9.77,6693930,66689028.000
2007-12-04,9.80,10.25,9.80,9.96,6489575,66613140.000
2007-12-05,10.05,10.15,9.81,10.08,7342863,74973008.000
2007-12-06,10.23,11.11,9.95,11.11,24717376,273824768.000
2007-12-07,11.63,12.05,10.95,11.11,30937978,361099936.000
2007-12-10,10.83,11.74,10.65,11.45,18474807,214057632.000
2007-12-11,11.44,11.95,11.13,11.78,20955586,249653600.000
2007-12-12,11.83,11.83,11.26,11.40,12172672,143256496.000
2007-12-13,11.42,11.95,11.10,11.44,17998945,213514032.000
2007-12-14,10.96,11.50,10.96,11.30,9197569,105274040.000
2007-12-17,11.31,11.64,11.16,11.25,9281758,108572712.000
2007-12-18,11.20,12.35,11.12,12.07,29193446,354750560.000
2007-12-19,12.12,12.40,11.70,12.17,23066611,284092192.000
2007-12-20,12.11,12.35,11.90,12.08,12872978,158368848.000
2007-12-21,11.91,12.27,11.87,12.15,12891566,158466272.000
2007-12-24,12.16,12.52,12.13,12.24,15399695,192558944.000
2007-12-25,12.33,12.72,12.25,12.43,15470549,196973216.000
2007-12-26,12.55,12.55,12.13,12.34,13678123,171343824.000
2007-12-27,12.33,12.70,12.32,12.36,15027051,191273840.000
2007-12-28,12.36,12.60,12.05,12.15,11934197,149336544.000
2008-01-02,12.17,12.62,11.75,12.41,16189894,202226656.000
2008-01-03,12.40,13.68,12.05,13.68,37241885,495077504.000
2008-01-04,14.05,14.07,13.35,13.38,31798145,442619232.000
2008-01-07,13.22,14.39,12.95,13.75,23237885,324576192.000
2008-01-08,13.65,13.90,12.80,13.06,15351806,209675392.000
2008-01-09,12.97,13.46,12.85,13.25,8644585,116291744.000
2008-01-10,13.25,13.70,13.15,13.31,10919928,149355216.000
2008-01-11,13.25,13.27,12.82,12.92,10664848,141003088.000
2008-01-14,13.00,13.43,12.90,13.08,9140437,122827208.000
2008-01-15,13.13,13.73,13.13,13.55,14453096,198754528.000
2008-01-16,13.70,13.85,13.12,13.13,12376884,169701248.000
2008-01-17,13.25,13.43,11.83,12.30,12813881,164418432.000
2008-01-18,12.06,12.45,11.97,12.26,7567412,93808576.000
2008-01-21,12.38,12.41,11.01,11.01,9183142,109170192.000
2008-01-22,10.65,10.65,9.88,9.88,9161652,94363544.000
2008-01-23,9.70,10.45,9.65,10.41,10210085,106046944.000
2008-01-24,10.50,10.92,10.22,10.69,10231818,111396784.000
2008-01-25,10.55,10.84,10.39,10.56,6362357,69059928.000
2008-01-28,10.45,10.45,9.48,9.48,7076927,70604528.000
2008-01-29,9.48,9.80,9.25,9.66,4653572,45883808.000
2008-01-30,9.69,10.65,9.69,10.65,18388251,199093344.000
2008-01-31,10.73,10.90,10.00,10.05,12377500,132671568.000
2008-02-01,9.75,10.05,9.02,9.46,7579290,73295680.000
2008-02-04,9.75,10.43,9.65,10.42,5843073,60906040.000
2008-02-05,10.33,10.55,9.80,10.36,4926719,52042336.000
2008-02-13,10.25,10.85,9.91,10.42,5179516,55753448.000
2008-02-14,10.46,10.85,10.46,10.70,6050849,66342348.000
2008-02-15,10.60,10.60,10.17,10.43,4376522,46429292.000
2008-02-18,10.54,11.25,10.45,10.89,8361438,92901984.000
2008-02-19,10.80,11.14,10.60,10.96,6765546,75393792.000
2008-02-20,11.03,11.41,10.66,10.92,9924272,112339856.000
2008-02-21,10.80,11.19,10.61,11.01,7174416,80228448.000
2008-02-22,10.86,11.11,10.25,10.51,6520566,71128680.000
2008-02-25,10.50,10.82,10.05,10.15,5181081,55023000.000
2008-02-26,10.47,10.51,9.82,10.20,3962055,41070044.000
2008-02-27,10.33,10.55,10.07,10.53,3892651,41449116.000
2008-02-28,10.60,11.01,10.45,10.67,6613163,72843864.000
2008-02-29,10.60,10.97,10.52,10.95,7321731,81262472.000
2008-03-03,10.97,11.55,10.75,11.43,12072151,138788448.000
2008-03-04,11.59,11.73,11.13,11.38,15239605,177994864.000
2008-03-05,11.19,11.64,11.11,11.40,8469275,98606696.000
2008-03-06,11.58,11.95,11.31,11.64,13909674,166307536.000
2008-03-07,11.53,11.53,10.96,11.05,6268445,71876560.000
2008-03-10,10.90,11.28,10.58,10.62,4343911,48330884.000
2008-03-11,10.53,10.80,10.29,10.80,3736843,40458460.000
2008-03-12,11.03,11.03,10.28,10.29,3324057,36122468.000
2008-03-13,10.10,10.22,9.35,9.75,5082641,51150120.000
2008-03-14,9.64,9.95,9.60,9.79,2426558,24329328.000
2008-03-17,9.75,9.75,8.79,8.79,3543065,33344976.000
2008-03-18,8.75,8.97,7.89,7.94,4960992,42124416.000
2008-03-19,7.95,8.59,7.95,8.49,4911396,42145476.000
2008-03-20,8.45,9.11,7.94,8.91,5043859,44416492.000
2008-03-21,8.85,9.30,8.65,9.08,5047500,46841432.000
2008-03-24,9.24,9.27,8.75,8.76,3818933,35582328.000
2008-03-25,8.60,9.13,8.46,9.12,3220791,29303974.000
2008-03-26,9.27,9.50,9.05,9.37,7183122,68812576.000
2008-03-27,9.42,9.43,8.41,8.41,6161507,56155704.000
2008-03-28,8.28,8.69,7.96,8.66,3776218,32754584.000
2008-03-31,8.45,8.60,8.15,8.20,2553585,21941382.000
2008-04-01,7.97,8.24,7.40,7.44,3687460,29299124.000
2008-04-02,7.55,7.74,7.00,7.12,3466999,26200692.000
2008-04-03,7.07,7.57,6.95,7.39,4004017,29971282.000
2008-04-07,7.16,7.97,7.15,7.85,3886386,30831660.000
2008-04-08,7.82,8.14,7.67,7.95,4299599,35202252.000
2008-04-09,7.93,8.05,7.13,7.18,3871573,30494596.000
2008-04-10,7.18,7.60,7.11,7.56,3523936,27127808.000
2008-04-11,7.63,8.24,7.58,7.71,2658459,21314946.000
2008-04-14,7.55,7.55,7.08,7.20,2951003,22246932.000
2008-04-15,7.20,7.51,7.15,7.49,2140662,16230005.000
2008-04-16,7.49,7.50,7.20,7.26,1683345,12783901.000
2008-04-17,7.23,7.49,6.79,6.94,2060650,15122316.000
2008-04-18,7.05,7.05,6.38,6.40,2478068,17054656.000
2008-04-21,6.85,6.95,6.29,6.43,2518904,17386136.000
2008-04-22,6.40,6.57,5.85,6.34,2081691,13318817.000
2008-04-23,6.34,6.68,6.10,6.63,2441889,16512296.000
2008-04-24,7.24,7.32,7.15,7.32,7122469,53483412.000
2008-04-25,7.35,7.73,7.25,7.36,6059351,46877632.000
2008-04-28,7.13,8.12,6.96,8.12,7238215,56358444.000
2008-04-29,8.48,8.48,8.00,8.01,11379389,97045232.000
2008-04-30,7.85,8.26,7.85,8.10,7351830,61363880.000
2008-05-05,8.14,8.74,7.90,8.43,9161674,78010096.000
2008-05-06,8.15,8.39,8.07,8.10,6052483,51038208.000
2008-05-07,8.05,8.20,7.44,7.46,5296229,42817372.000
2008-05-08,7.26,8.14,7.23,7.91,5633830,44745948.000
2008-05-09,7.92,8.12,7.57,7.74,5249575,42602096.000
2008-05-12,7.64,8.01,7.39,7.83,4425161,35402656.000
2008-05-13,7.53,8.50,7.45,8.12,11579985,95931832.000
2008-05-14,7.95,8.19,7.88,8.00,7409740,61437120.000
2008-05-16,7.87,8.09,7.60,7.82,4614569,37379328.000
2008-05-19,7.75,7.96,7.66,7.81,2406474,19441612.000
2008-05-20,7.81,7.90,7.00,7.06,3844631,29854198.000
2008-05-21,6.85,7.28,6.65,7.20,4748143,34100688.000
2008-05-22,7.15,7.70,7.03,7.31,5440858,41582740.000
2008-05-23,7.29,7.49,6.95,7.15,3385798,25259896.000
2008-05-26,6.97,7.12,6.83,6.84,2602444,18728082.000
2008-05-27,6.95,6.95,6.77,6.87,1478650,10507881.000
2008-05-28,6.87,7.17,6.85,7.08,2197981,15994633.000
2008-05-29,7.13,7.15,6.85,6.86,2000035,14540395.000
2008-05-30,6.80,6.98,6.66,6.92,2311687,16417421.000
2008-06-02,6.88,7.06,6.88,7.04,2417321,17461088.000
2008-06-03,7.10,7.77,6.95,7.68,17428297,136915104.000
2008-06-04,7.55,7.73,7.23,7.34,13303886,102491120.000
2008-06-05,7.20,7.38,7.05,7.18,4897337,36359216.000
2008-06-06,7.43,7.62,7.10,7.19,4110036,31074450.000
2008-06-10,6.93,6.93,6.45,6.45,3694301,25073136.000
2008-06-11,6.33,6.66,5.89,6.24,3775461,24127920.000
2008-06-12,6.09,6.29,5.89,6.03,3067069,19365724.000
2008-06-13,6.18,6.18,5.49,5.52,2994529,18133338.000
2008-06-16,5.56,5.70,5.16,5.42,2402039,13515500.000
2008-06-17,5.31,5.50,4.87,4.93,2631066,14101901.000
2008-06-18,4.93,5.37,4.58,5.36,4232672,22257388.000
2008-06-19,5.27,5.37,4.80,4.80,3521992,18535858.000
2008-06-20,4.80,5.08,4.59,5.06,4482557,23229936.000
2008-06-23,5.00,5.33,4.89,5.25,6692918,35939592.000
2008-06-24,5.18,5.35,5.06,5.26,4374508,23807882.000
2008-06-25,5.18,5.58,5.18,5.51,4621996,26131020.000
2008-06-26,5.43,5.62,5.29,5.40,4447904,25251220.000
2008-06-27,5.28,5.28,4.84,4.84,3731446,19492860.000
2008-06-30,4.77,4.98,4.68,4.95,1843513,9366855.000
2008-07-01,4.95,5.00,4.84,4.86,1533640,7876467.000
2008-07-02,4.93,5.07,4.86,5.06,2615044,13620844.000
2008-07-03,5.06,5.59,4.94,5.59,9548522,54038196.000
2008-07-04,5.83,5.96,5.57,5.75,14359685,85427848.000
2008-07-07,5.61,6.14,5.59,5.91,10701231,65320756.000
2008-07-08,5.83,6.02,5.66,5.95,7991739,48366992.000
2008-07-09,5.93,6.47,5.88,6.32,10905118,70234104.000
2008-07-10,6.13,6.87,6.04,6.27,15339713,103589944.000
2008-07-11,6.28,6.33,5.78,5.95,8106539,50353460.000
2008-07-14,5.91,6.14,5.85,6.07,3783234,23660680.000
2008-07-15,5.98,6.12,5.76,5.84,4361153,26802788.000
2008-07-16,5.79,5.79,5.28,5.40,3637136,20929648.000
2008-07-17,5.51,5.64,5.33,5.36,2595932,14828839.000
2008-07-18,5.48,5.59,5.29,5.58,2903346,16551859.000
2008-07-21,5.68,5.85,5.56,5.80,3033491,18071430.000
2008-07-22,5.80,6.01,5.78,5.86,3382867,20661580.000
2008-07-23,5.89,5.97,5.79,5.81,2884930,17500160.000
2008-07-24,5.81,5.97,5.81,5.93,3347090,20537432.000
2008-07-25,5.86,6.08,5.81,5.93,3844128,23822592.000
2008-07-28,6.04,6.07,5.86,5.94,2836771,17532064.000
2008-07-29,5.79,5.88,5.59,5.75,3111673,18535194.000
2008-07-30,5.80,5.90,5.71,5.80,1908129,11524676.000
2008-07-31,5.84,5.88,5.50,5.51,2066627,12076835.000
2008-08-01,5.60,5.78,5.58,5.67,2705720,15982149.000
2008-08-04,5.73,5.73,5.43,5.45,2020999,11722734.000
2008-08-05,5.51,5.63,5.42,5.45,2529750,14528150.000
2008-08-06,5.44,5.61,5.25,5.38,1626275,9121265.000
2008-08-07,5.40,5.46,5.25,5.37,1409529,7836743.000
2008-08-08,5.37,5.46,4.82,4.87,2465613,13443138.000
2008-08-11,4.83,4.90,4.36,4.36,2521658,12003163.000
2008-08-12,4.26,4.47,4.25,4.38,1663145,7602984.000
2008-08-13,4.38,4.38,3.99,4.29,1985539,8748952.000
2008-08-14,4.28,4.33,4.18,4.30,1253952,5637585.000
2008-08-15,4.31,4.39,4.23,4.28,1208288,5487674.000
2008-08-18,4.26,4.26,3.83,3.83,1634664,6879816.000
2008-08-19,3.78,3.92,3.64,3.87,1194992,4843779.000
2008-08-20,3.88,4.28,3.68,4.28,3608872,15675413.000
2008-08-21,4.28,4.33,4.03,4.07,2471141,10857264.000
2008-08-22,4.26,4.26,3.89,4.05,1441616,6177961.000
2008-08-25,3.97,4.10,3.94,4.02,894522,3812025.000
2008-08-26,3.98,3.98,3.68,3.80,1560253,6287011.000
2008-08-27,3.82,3.89,3.69,3.83,1066979,4290349.000
2008-08-28,3.82,3.89,3.78,3.82,854065,3463451.000
2008-08-29,3.83,3.99,3.83,3.94,1577659,6548561.000
2008-09-01,3.93,3.93,3.76,3.82,993075,4020876.000
2008-09-02,3.81,4.22,3.74,4.22,4460878,19564960.000
2008-09-03,4.47,4.66,4.41,4.50,18471533,88528744.000
2008-09-04,4.29,4.43,4.18,4.34,9398154,42720960.000
2008-09-05,4.17,4.24,3.88,3.91,8538227,36316024.000
2008-09-08,3.88,3.93,3.70,3.74,4713313,18874702.000
2008-09-09,3.75,3.87,3.73,3.78,2895246,11620976.000
2008-09-10,3.77,4.11,3.73,3.96,5923151,24361786.000
2008-09-11,3.85,3.93,3.78,3.81,3124609,12678234.000
2008-09-12,3.81,3.89,3.78,3.82,1850898,7528058.000
2008-09-16,3.82,3.94,3.74,3.82,3129749,12679016.000
2008-09-17,3.81,3.91,3.77,3.80,2635110,10661865.000
2008-09-18,3.74,3.74,3.40,3.61,4641846,17235136.000
2008-09-19,3.97,3.99,3.85,3.99,4431679,18554160.000
2008-09-22,4.26,4.41,3.96,4.13,7733771,34022912.000
2008-09-23,3.98,4.03,3.79,3.85,3171775,13018603.000
2008-09-24,3.80,4.04,3.73,3.98,2656963,10933787.000
2008-09-25,3.94,4.13,3.91,4.05,4617392,19730184.000
2008-09-26,4.08,4.33,4.00,4.09,6136559,27006484.000
2008-10-06,3.88,4.07,3.79,3.93,3175124,13274454.000
2008-10-07,3.78,3.99,3.76,3.91,1779946,7333309.000
2008-10-08,3.91,4.30,3.88,4.02,6874178,29791140.000
2008-10-09,3.98,4.08,3.84,3.86,3491364,14539316.000
2008-10-10,3.76,3.76,3.58,3.62,3018121,11718632.000
2008-10-13,3.64,3.76,3.38,3.74,2113820,8098987.000
2008-10-14,3.86,3.87,3.55,3.57,2534109,10044708.000
2008-10-15,3.56,3.62,3.49,3.56,941726,3560742.000
2008-10-16,3.44,3.54,3.31,3.31,1869165,6754144.000
2008-10-17,3.30,3.46,3.30,3.34,1203092,4297613.000
2008-10-20,3.38,3.56,3.30,3.49,1590503,5813889.000
2008-10-21,3.51,3.73,3.48,3.55,3418213,13115175.000
2008-10-22,3.48,3.71,3.48,3.53,2972555,11363631.000
2008-10-23,3.43,3.51,3.33,3.45,1827312,6632894.000
2008-10-24,3.43,3.48,3.36,3.39,1169568,4255942.000
2008-10-27,3.38,3.38,3.03,3.03,2161695,7348864.000
2008-10-28,2.91,3.13,2.87,3.09,1555026,5058563.000
2008-10-29,3.15,3.16,2.85,2.89,1417030,4601630.000
2008-10-30,2.98,3.05,2.86,3.00,1948613,6227739.000
2008-10-31,2.99,3.32,2.97,3.32,10175210,35250084.000
2008-11-03,3.33,3.45,3.20,3.29,10260040,36344792.000
2008-11-04,3.23,3.32,3.13,3.29,5486432,18892602.000
2008-11-05,3.28,3.42,3.22,3.30,9519796,33467496.000
2008-11-06,3.18,3.18,2.95,2.99,5893995,19087582.000
2008-11-07,2.86,3.05,2.86,3.02,2857345,9120428.000
2008-11-10,3.06,3.27,3.05,3.22,5168427,17530562.000
2008-11-11,3.21,3.28,3.13,3.21,5120258,17533168.000
2008-11-12,3.18,3.36,3.17,3.30,4063694,14166767.000
2008-11-13,3.25,3.48,3.20,3.41,7591645,27455500.000
2008-11-14,3.49,3.66,3.37,3.55,9090133,34154820.000
2008-11-17,3.50,3.78,3.46,3.76,9680572,37730900.000
2008-11-18,3.74,3.77,3.36,3.36,7501377,28147084.000
2008-11-19,3.23,3.62,3.23,3.57,5176291,19149828.000
2008-11-20,3.69,3.88,3.59,3.63,8358303,32984216.000
2008-11-21,3.58,3.63,3.33,3.50,5189749,19221768.000
2008-11-24,3.55,3.68,3.43,3.64,4674621,17436290.000
2008-11-25,3.72,3.72,3.47,3.61,4210424,16041345.000
2008-11-26,3.57,3.85,3.49,3.72,10024760,39443952.000
2008-11-27,3.93,4.00,3.58,3.61,10581793,42685904.000
2008-11-28,3.60,3.62,3.39,3.44,4193467,15558775.000
2008-12-01,3.44,3.66,3.34,3.65,5134503,19402194.000
2008-12-02,3.56,3.84,3.54,3.77,10845679,42985036.000
2008-12-03,3.89,3.90,3.73,3.87,15021584,60839976.000
2008-12-04,3.88,4.01,3.83,3.93,15054323,62579812.000
2008-12-05,3.96,4.05,3.93,4.03,11582865,48784808.000
2008-12-08,4.16,4.22,4.03,4.13,12351306,53645424.000
2008-12-09,4.14,4.14,3.90,3.91,9117773,38260276.000
2008-12-10,3.90,4.04,3.89,4.03,5730339,24031336.000
2008-12-11,4.05,4.18,3.88,3.89,8505961,36295352.000
2008-12-12,3.92,3.94,3.68,3.78,7073115,28489408.000
2008-12-15,3.79,3.85,3.66,3.72,4258223,16901702.000
2008-12-17,3.78,3.91,3.78,3.82,4540026,18424428.000
2008-12-18,3.78,3.88,3.69,3.86,3811304,15321711.000
2008-12-19,3.89,4.03,3.86,3.91,5983310,24981998.000
2008-12-22,3.96,3.98,3.81,3.92,3970352,16309640.000
2008-12-23,3.94,3.94,3.62,3.74,6345818,25133634.000
2008-12-24,3.80,3.81,3.44,3.59,4845535,18572280.000
2008-12-25,3.63,3.66,3.44,3.56,3102290,11620320.000
2008-12-26,3.60,3.63,3.48,3.55,2250040,8482269.000
2008-12-29,3.61,3.61,3.35,3.51,2742656,10003649.000
2008-12-30,3.57,3.57,3.40,3.49,2660672,9820757.000
2008-12-31,3.48,3.48,3.31,3.33,2170457,7797619.000
2009-01-05,3.37,3.43,3.33,3.43,2064569,7458070.000
2009-01-06,3.43,3.56,3.39,3.54,3379693,12522146.000
2009-01-07,3.55,3.58,3.49,3.55,3359364,12625687.000
2009-01-08,3.47,3.53,3.38,3.40,2422947,8862347.000
2009-01-09,3.42,3.51,3.40,3.48,2152584,7920304.000
2009-01-12,3.48,3.74,3.41,3.73,7124933,27268282.000
2009-01-13,3.67,3.86,3.59,3.61,4897320,19103954.000
2009-01-14,3.62,3.78,3.58,3.76,4949471,19511172.000
2009-01-15,3.78,3.83,3.65,3.76,5394545,21448144.000
2009-01-16,3.79,3.93,3.77,3.84,6864947,28027888.000
2009-01-19,3.88,3.90,3.70,3.81,3874194,15541967.000
2009-01-20,3.83,3.95,3.73,3.86,5691042,23383796.000
2009-01-21,3.79,3.98,3.75,3.95,7822443,32494188.000
2009-01-22,3.97,4.10,3.75,3.83,6532822,27219904.000
2009-01-23,4.10,4.24,3.88,3.89,17041461,73750728.000
2009-02-02,3.77,3.95,3.67,3.90,9691874,39037560.000
2009-02-03,3.86,4.06,3.84,4.01,11736424,49288152.000
2009-02-04,4.09,4.26,4.00,4.17,15087370,65352280.000
2009-02-05,4.16,4.54,4.10,4.18,17918690,80608224.000
2009-02-06,4.20,4.36,4.19,4.31,12093272,54528692.000
2009-02-09,4.35,4.46,4.27,4.39,13632544,62444936.000
2009-02-10,4.33,4.63,4.30,4.61,15455861,72956552.000
2009-02-11,4.51,4.67,4.38,4.48,15771918,75036672.000
2009-02-12,4.47,4.53,4.23,4.47,9753495,44919868.000
2009-02-13,4.44,4.87,4.41,4.85,16597214,81136752.000
2009-02-16,4.93,4.96,4.75,4.92,14935727,75654192.000
2009-02-17,4.90,5.05,4.59,4.88,14440543,73083128.000
2009-02-18,4.70,4.91,4.51,4.55,10218652,50724160.000
2009-02-19,4.58,4.66,4.38,4.55,9076244,42982736.000
2009-02-20,4.58,4.80,4.53,4.78,10457349,51547752.000
2009-02-23,4.78,4.96,4.73,4.87,10321401,52266632.000
2009-02-24,4.82,4.93,4.48,4.49,11575267,57072072.000
2009-02-25,4.55,4.66,4.43,4.64,7058168,33649180.000
2009-02-26,4.63,4.83,4.30,4.37,10361438,50389532.000
2009-02-27,4.33,4.33,3.96,4.11,8207835,35556656.000
2009-03-02,4.10,4.40,4.05,4.39,6521137,29288044.000
2009-03-03,4.33,4.55,4.28,4.47,13397387,62386728.000
2009-03-04,4.43,4.70,4.38,4.65,12978818,62125496.000
2009-03-05,4.67,4.76,4.46,4.57,10511664,50785904.000
2009-03-06,4.48,4.69,4.44,4.64,7326955,35302272.000
2009-03-09,4.69,4.73,4.21,4.25,6689907,31305368.000
2009-03-10,4.24,4.35,4.18,4.33,3514674,15780046.000
2009-03-11,4.42,4.43,4.23,4.24,3955977,18076296.000
2009-03-12,4.23,4.27,4.06,4.25,3858490,16935938.000
2009-03-13,4.27,4.30,4.14,4.17,2761872,12258025.000
2009-03-16,4.16,4.26,4.12,4.25,2497765,11026109.000
2009-03-17,4.26,4.38,4.19,4.36,4505752,20430570.000
2009-03-18,4.38,4.52,4.35,4.43,6567077,30473064.000
2009-03-19,4.39,4.53,4.39,4.51,5626044,26476490.000
2009-03-20,4.52,4.62,4.34,4.54,8660177,40687632.000
2009-03-23,4.49,4.67,4.49,4.63,8546692,41324840.000
2009-03-24,4.72,4.73,4.64,4.70,11251153,55225168.000
2009-03-25,4.71,4.93,4.68,4.75,25224858,126392752.000
2009-03-26,4.73,4.84,4.59,4.82,10411169,51519096.000
2009-03-27,4.84,4.86,4.73,4.76,7899322,39371592.000
2009-03-30,4.79,4.81,4.69,4.75,5472700,27132294.000
2009-03-31,4.65,4.88,4.54,4.88,9432466,46897480.000
2009-04-01,4.86,4.93,4.80,4.83,11850444,60259652.000
2009-04-03,4.90,4.94,4.65,4.69,8280495,41435208.000
2009-04-07,4.68,4.76,4.63,4.72,4118873,20177090.000
2009-04-08,4.68,4.75,4.59,4.59,4253243,20763296.000
2009-04-09,4.56,4.76,4.55,4.75,6107665,29711848.000
2009-04-10,4.80,4.97,4.77,4.92,13474194,68722464.000
2009-04-13,4.96,4.98,4.85,4.92,10159032,52007276.000
2009-04-14,5.07,5.43,5.06,5.43,8552938,47794356.000
2009-04-15,5.96,6.00,5.52,5.85,43624264,262120416.000
2009-04-16,5.68,5.72,5.43,5.54,24060829,139497680.000
2009-04-17,5.46,5.59,5.25,5.48,16255953,91068240.000
2009-04-20,5.38,5.56,5.38,5.53,11012599,62878896.000
2009-04-21,5.44,5.53,5.29,5.47,9732253,54941780.000
2009-04-22,5.52,5.52,5.06,5.08,10348349,57263212.000
2009-04-23,5.05,5.39,5.05,5.25,8722676,47227552.000
2009-04-24,5.23,5.27,4.98,5.09,6137915,33035316.000
2009-04-27,5.09,5.13,4.84,4.87,6514221,33564672.000
2009-04-28,4.80,4.96,4.80,4.95,4274936,21864456.000
2009-04-29,4.95,5.06,4.89,5.06,4814869,25137052.000
2009-04-30,5.06,5.17,4.99,5.15,6032374,31958806.000
2009-05-04,5.21,5.34,5.20,5.31,8419783,46341776.000
2009-05-05,5.28,5.33,5.20,5.26,6931851,38023528.000
2009-05-06,5.28,5.38,5.28,5.36,7373570,40973800.000
2009-05-07,5.36,5.42,5.11,5.21,7710346,42077024.000
2009-05-08,5.20,5.32,5.09,5.24,7214990,39198500.000
2009-05-11,5.29,5.40,5.09,5.11,6938886,38070800.000
2009-05-12,5.03,5.22,5.03,5.21,4181052,22341036.000
2009-05-13,5.20,5.46,5.18,5.44,13507765,75673936.000
2009-05-14,5.44,5.68,5.36,5.63,18980549,108760952.000
2009-05-15,5.63,5.64,5.44,5.51,9047136,51833776.000
2009-05-18,5.51,5.51,5.31,5.42,4827589,26821810.000
2009-05-19,5.44,5.50,5.39,5.47,5452224,30588908.000
2009-05-20,5.43,5.67,5.41,5.51,10065413,57535908.000
2009-05-21,5.43,5.48,5.23,5.25,7497292,41175080.000
2009-05-22,5.21,5.31,5.19,5.23,3231191,17527388.000
2009-05-25,5.03,5.23,5.01,5.23,3902606,20663288.000
2009-05-26,5.22,5.48,5.18,5.47,7778507,43068024.000
2009-05-27,5.53,5.58,5.36,5.39,7114552,39895348.000
2009-06-01,5.42,5.46,5.36,5.42,4929903,27498212.000
2009-06-02,5.44,5.48,5.39,5.43,6551837,36724108.000
2009-06-03,5.43,5.58,5.39,5.50,9871992,55814040.000
2009-06-04,5.46,5.49,5.25,5.36,6429258,35544844.000
2009-06-05,5.38,5.38,5.27,5.28,4656010,25463860.000
2009-06-08,5.28,5.43,5.21,5.42,5554340,30566836.000
2009-06-09,5.45,5.62,5.41,5.58,18263854,103872232.000
2009-06-10,5.56,5.65,5.48,5.59,11844136,68083488.000
2009-06-11,5.63,5.92,5.58,5.62,17338553,102427664.000
2009-06-12,5.57,5.57,5.29,5.34,8529674,47724088.000
2009-06-15,5.35,5.43,5.28,5.43,4578805,25308004.000
2009-06-16,5.35,5.40,5.30,5.36,3951505,21812992.000
2009-06-17,5.36,5.48,5.34,5.47,5328149,29764362.000
2009-06-18,5.45,5.52,5.42,5.50,5689833,32044068.000
2009-06-19,5.49,5.59,5.44,5.55,7665832,43710832.000
2009-06-22,5.53,5.77,5.53,5.72,15624982,91464992.000
2009-06-23,5.63,5.92,5.59,5.85,20997245,125535264.000
2009-06-24,5.84,5.93,5.69,5.83,17743729,106335232.000
2009-06-25,5.83,5.92,5.69,5.78,14889822,89085608.000
2009-06-26,5.82,5.89,5.64,5.67,10321561,60901680.000
2009-06-29,5.64,5.78,5.64,5.67,9166781,53955112.000
2009-06-30,5.68,5.75,5.53,5.65,9545024,55448136.000
2009-07-01,5.64,5.81,5.63,5.78,12358171,73271848.000
2009-07-02,5.81,5.84,5.64,5.66,10205945,60220000.000
2009-07-03,5.63,5.70,5.57,5.64,7669545,44453672.000
2009-07-06,5.63,5.78,5.54,5.77,10219377,59605044.000
2009-07-07,5.71,5.75,5.60,5.62,7214511,42256896.000
2009-07-08,5.60,5.71,5.58,5.69,5982752,34745344.000
2009-07-09,5.72,5.81,5.67,5.79,10903732,64692424.000
2009-07-10,5.80,5.97,5.74,5.91,16185856,97614648.000
2009-07-13,5.89,5.96,5.83,5.86,10314138,62498376.000
2009-07-14,5.88,5.99,5.86,5.94,9530361,57986960.000
2009-07-15,5.96,6.00,5.90,5.98,10166032,62152808.000
2009-07-16,6.03,6.60,5.98,6.60,28805071,188096992.000
2009-07-17,6.63,7.25,6.51,6.91,53437461,382930656.000
2009-07-20,6.83,6.84,6.59,6.74,21964282,150965456.000
2009-07-21,6.64,6.81,6.31,6.39,20795717,139146832.000
2009-07-22,6.38,6.57,6.34,6.46,11902685,78873416.000
2009-07-23,6.48,6.50,6.32,6.44,9218969,60454804.000
2009-07-24,6.44,6.54,6.23,6.35,11426747,74963088.000
2009-07-27,6.35,6.48,6.33,6.43,11410981,74925640.000
2009-07-28,6.44,6.66,6.35,6.59,12914603,86278744.000
2009-07-29,6.59,6.59,5.91,6.04,13037991,83656064.000
2009-07-30,6.02,6.13,5.89,6.08,8332687,51484776.000
2009-07-31,6.11,6.27,6.07,6.26,7847021,49904784.000
2009-08-03,6.32,6.56,6.25,6.45,11479039,75929776.000
2009-08-04,6.46,6.47,6.23,6.43,9992981,65213064.000
2009-08-05,6.43,6.62,6.38,6.54,13822660,92573664.000
2009-08-06,6.48,6.70,6.36,6.55,12470860,83705440.000
2009-08-07,6.55,6.60,6.16,6.27,8684141,56870444.000
2009-08-10,6.25,6.40,6.08,6.25,5246068,33602604.000
2009-08-11,6.26,6.31,6.14,6.27,3437876,21988536.000
2009-08-12,6.26,6.26,5.92,5.94,4928386,30692840.000
2009-08-13,5.94,6.03,5.81,5.95,4422367,26853398.000
2009-08-14,5.93,5.95,5.55,5.57,5597626,33039664.000
2009-08-17,5.53,5.53,5.03,5.04,5286218,28935632.000
2009-08-18,4.96,5.23,4.96,5.21,3624990,19239594.000
2009-08-19,5.22,5.25,4.85,5.06,4709499,24747384.000
2009-08-20,4.89,5.23,4.89,5.21,4154685,22010904.000
2009-08-21,5.22,5.30,5.13,5.28,4593299,24779570.000
2009-08-24,5.30,5.58,5.25,5.53,7365614,41417308.000
2009-08-25,5.48,5.81,5.27,5.64,9474241,53549960.000
2009-08-26,5.58,6.18,5.56,6.07,14507996,87537992.000
2009-08-27,6.03,6.28,5.89,6.17,17731140,111639032.000
2009-08-28,6.38,6.53,6.04,6.24,18605000,119059528.000
2009-08-31,6.22,6.53,5.93,6.42,29604674,191978592.000
2009-09-01,6.40,6.68,6.01,6.52,30349501,202159008.000
2009-09-02,6.51,6.72,6.14,6.28,20099649,131554128.000
2009-09-03,6.28,6.83,6.12,6.82,37112540,250295392.000
2009-09-04,6.82,7.06,6.58,6.76,34877190,242660624.000
2009-09-07,6.75,7.05,6.46,6.51,30813039,212377104.000
2009-09-08,6.53,6.68,6.35,6.54,18475857,122694072.000
2009-09-09,6.55,6.55,6.25,6.43,15680065,102712024.000
2009-09-10,6.33,6.41,6.20,6.26,9335831,60346148.000
2009-09-11,6.28,6.43,6.25,6.31,12528387,81575624.000
2009-09-14,6.32,6.55,6.29,6.49,15428023,101824392.000
2009-09-15,6.51,6.59,6.35,6.48,13826107,91603496.000
2009-09-16,6.43,6.48,6.28,6.41,12423604,81153344.000
2009-09-17,6.41,6.81,6.34,6.75,22766990,155505344.000
2009-09-18,6.83,6.85,6.29,6.32,17906167,120331256.000
2009-09-21,6.24,6.27,5.94,6.22,10690742,67173416.000
2009-09-22,6.08,6.26,5.94,5.95,8553038,53603732.000
2009-09-23,5.98,6.07,5.84,5.89,6618491,40557424.000
2009-09-24,5.88,5.96,5.71,5.92,5069897,30472460.000
2009-09-25,5.85,5.90,5.71,5.73,4267998,25409176.000
2009-09-28,5.78,5.85,5.45,5.47,3909640,22931928.000
2009-09-29,5.47,5.55,5.14,5.29,4394629,24145380.000
2009-09-30,5.33,5.43,5.33,5.35,3168543,17576286.000
2009-10-09,5.48,5.70,5.44,5.69,4398035,25413618.000
2009-10-12,5.73,5.73,5.63,5.64,3114158,18185360.000
2009-10-13,5.71,5.78,5.63,5.76,2554676,15010513.000
2009-10-14,5.76,5.85,5.73,5.78,4363680,26009122.000
2009-10-15,5.79,5.86,5.71,5.78,4011288,23915172.000
2009-10-16,5.81,5.83,5.64,5.75,3690739,21634832.000
2009-10-19,5.75,5.89,5.68,5.89,5425803,32500160.000
2009-10-20,5.93,5.98,5.86,5.95,5729619,34917064.000
2009-10-21,5.95,6.03,5.89,5.90,6593451,40490192.000
2009-10-22,5.87,5.92,5.78,5.82,5781369,34745616.000
2009-10-23,5.82,5.96,5.82,5.88,7004128,42428148.000
2009-10-26,5.87,6.03,5.84,6.03,7323251,44854676.000
2009-10-27,5.97,5.97,5.71,5.72,6947909,41606604.000
2009-10-28,5.71,5.77,5.56,5.76,4620053,26936566.000
2009-10-29,5.63,5.69,5.54,5.54,3062737,17745194.000
2009-10-30,5.62,5.72,5.58,5.62,3423741,19923936.000
2009-11-02,5.44,5.76,5.44,5.75,3828540,22286996.000
2009-11-03,5.76,5.93,5.71,5.91,6614861,39996624.000
2009-11-04,5.93,6.08,5.86,6.07,11296954,69485320.000
2009-11-05,6.08,6.11,5.96,6.04,6977947,43185432.000
2009-11-06,6.05,6.11,6.02,6.06,7921488,49419748.000
2009-11-09,6.08,6.21,6.03,6.13,7835405,49186944.000
2009-11-10,6.11,6.19,6.03,6.04,7476138,46805256.000
2009-11-11,6.03,6.18,6.01,6.16,9077731,56984004.000
2009-11-12,6.22,6.27,6.12,6.18,10476467,66629568.000
2009-11-13,6.11,6.18,5.98,6.16,7280027,45658152.000
2009-11-16,6.18,6.35,6.16,6.31,11576855,74694584.000
2009-11-17,6.35,6.41,6.22,6.40,11610258,75451336.000
2009-11-18,6.42,6.57,6.28,6.46,15979908,105250448.000
2009-11-19,6.46,6.66,6.40,6.64,17107643,114957040.000
2009-11-20,6.58,6.77,6.54,6.62,15415879,105463056.000
2009-11-23,6.61,6.88,6.55,6.82,16168643,111885440.000
2009-11-24,6.83,6.87,6.23,6.27,19348168,130980608.000
2009-11-25,6.28,6.66,6.26,6.58,14895646,99038176.000
2009-11-27,6.20,6.41,6.00,6.02,12569353,79686344.000
2009-11-30,6.05,6.28,6.03,6.24,7127718,45179976.000
2009-12-01,6.22,6.55,6.18,6.51,10031365,65833396.000
2009-12-02,6.64,6.77,6.55,6.63,15931129,108748064.000
2009-12-03,6.63,7.01,6.55,6.92,19835416,137767968.000
2009-12-04,6.83,6.93,6.36,6.57,17982933,123193616.000
2009-12-07,6.53,6.83,6.53,6.74,10144654,69940936.000
2009-12-08,6.72,6.87,6.59,6.80,15233445,105713920.000
2009-12-09,6.74,6.81,6.50,6.59,10125955,69091304.000
2009-12-10,6.65,6.65,6.50,6.61,5836267,39408512.000
2009-12-11,6.61,6.73,6.54,6.61,5748436,39142848.000
2009-12-14,6.61,6.62,6.30,6.48,7794292,51287792.000
2009-12-15,6.48,6.56,6.42,6.46,4865038,32390016.000
2009-12-16,6.46,6.63,6.40,6.61,7200958,48135800.000
2009-12-17,6.56,6.60,6.33,6.34,5532838,36601536.000
2009-12-18,6.24,6.32,6.08,6.12,4833934,30622810.000
2009-12-21,6.13,6.40,6.10,6.38,5551061,35632936.000
2009-12-22,6.38,6.43,6.08,6.13,3637636,23236512.000
2009-12-23,6.13,6.25,6.08,6.23,2563673,16315443.000
2009-12-24,6.26,6.41,6.23,6.37,4082764,26579364.000
2009-12-25,6.35,6.42,6.30,6.38,4031786,26353644.000
2009-12-28,6.38,6.54,6.38,6.46,5708215,37935800.000
2009-12-29,6.46,7.12,6.42,7.12,37097590,268367584.000
2009-12-30,7.15,7.42,6.93,7.00,54997950,404477824.000
2009-12-31,6.83,7.06,6.75,6.97,18364087,129874880.000
2010-01-04,6.99,7.36,6.88,7.08,19821603,145665856.000
2010-01-05,7.07,7.27,6.94,7.24,15236281,110783744.000
2010-01-06,7.18,7.34,7.00,7.01,12421786,90630016.000
2010-01-07,6.95,6.99,6.71,6.76,12036982,84572104.000
2010-01-08,6.67,6.91,6.65,6.89,7900275,55006604.000
2010-01-11,6.86,7.06,6.85,6.93,9452397,67394776.000
2010-01-12,6.88,7.05,6.81,6.99,8892395,63359348.000
2010-01-13,6.92,7.18,6.81,7.07,15132328,109007552.000
2010-01-14,7.03,7.23,7.01,7.19,12051983,88408320.000
2010-01-15,7.17,7.28,7.10,7.21,10078201,74260272.000
2010-01-18,7.21,7.23,7.05,7.19,9174024,67153120.000
2010-01-19,7.22,7.29,7.10,7.25,10197448,75247224.000
2010-01-20,7.27,7.27,6.84,6.90,11083147,79722776.000
2010-01-21,6.93,7.01,6.83,6.95,5636695,40084520.000
2010-01-22,6.83,6.83,6.56,6.68,8880991,61067388.000
2010-01-25,6.68,6.84,6.61,6.71,4760409,32840806.000
2010-01-26,6.71,6.75,6.28,6.43,5893747,39183460.000
2010-01-27,6.43,6.49,6.25,6.35,3616695,23632084.000
2010-01-28,6.36,6.93,6.29,6.68,10996523,75406848.000
2010-01-29,6.58,6.80,6.48,6.64,7521624,51178332.000
2010-02-01,6.59,6.61,6.31,6.43,4750583,31396808.000
2010-02-02,6.49,6.72,6.45,6.51,5273479,35625360.000
2010-02-03,6.45,6.76,6.36,6.74,6221143,42167884.000
2010-02-04,6.75,6.94,6.67,6.78,8548723,59660168.000
2010-02-05,6.62,6.76,6.51,6.64,5258289,35708776.000
2010-02-08,6.68,6.80,6.59,6.76,4958982,34247400.000
2010-02-09,6.72,6.78,6.59,6.68,3629064,24824076.000
2010-02-10,6.70,6.79,6.67,6.77,2845006,19618980.000
2010-02-11,6.77,6.83,6.68,6.68,3700991,25641354.000
2010-02-12,6.73,6.76,6.67,6.71,2372161,16355788.000
2010-02-22,6.71,6.85,6.67,6.79,4586223,31842672.000
2010-02-23,6.79,6.93,6.64,6.92,6103580,42486396.000
2010-02-24,6.88,6.98,6.84,6.97,6027183,42863232.000
2010-02-25,6.99,7.07,6.92,7.03,8058894,57823504.000
2010-02-26,7.02,7.16,6.96,7.03,8220960,59367472.000
2010-03-01,7.07,7.19,6.98,7.14,9378942,68303312.000
2010-03-02,7.15,7.20,7.02,7.12,8111082,58901400.000
2010-03-03,7.09,7.35,7.03,7.33,13605541,100708656.000
2010-03-04,7.33,7.33,6.85,6.93,11715823,85069568.000
2010-03-05,6.97,7.01,6.85,6.94,6381110,45307108.000
2010-03-08,6.96,7.05,6.91,7.00,4964066,35555880.000
2010-03-09,7.00,7.04,6.89,6.98,4384288,31291666.000
2010-03-10,6.97,7.00,6.76,6.84,5997991,42246720.000
2010-03-11,6.83,6.90,6.73,6.89,5153339,36031964.000
2010-03-12,6.89,6.91,6.68,6.69,4455795,30979828.000
2010-03-15,6.70,6.73,6.61,6.65,2912127,19852164.000
2010-03-16,6.66,6.91,6.62,6.86,5377449,37363988.000
2010-03-17,6.82,6.93,6.77,6.92,5382474,37881276.000
2010-03-18,6.91,7.11,6.89,6.99,6645901,47721568.000
2010-03-19,7.01,7.06,6.91,7.02,5125813,36746488.000
2010-03-22,7.05,7.12,6.99,7.06,6045880,43699840.000
2010-03-23,7.06,7.11,6.93,6.94,5764711,41392520.000
2010-03-24,6.98,7.14,6.94,7.11,10906346,78906176.000
2010-03-25,7.09,7.13,6.88,6.91,7127875,50968016.000
2010-03-26,6.90,7.02,6.83,7.00,4603773,32744194.000
2010-03-29,7.02,7.11,6.98,7.08,6194490,44740304.000
2010-03-30,7.08,7.17,7.03,7.14,7261316,52885616.000
2010-03-31,7.17,7.17,7.05,7.08,5607653,40673944.000
2010-04-01,7.09,7.23,7.08,7.21,10618081,77824616.000
2010-04-02,7.21,7.22,7.12,7.20,8718222,63999936.000
2010-04-06,7.22,7.33,7.15,7.25,8774343,64937776.000
2010-04-07,7.24,7.24,7.09,7.22,7203219,52731488.000
2010-04-08,7.19,7.32,7.14,7.30,11270988,83678528.000
2010-04-09,7.28,7.60,7.23,7.44,21011597,159964688.000
2010-04-12,7.43,7.53,7.35,7.51,12401123,94374112.000
2010-04-13,7.53,7.57,7.04,7.23,12338616,92288704.000
2010-04-14,7.23,7.34,7.12,7.31,7602622,56419832.000
2010-04-15,7.30,7.44,7.14,7.23,8105952,60730120.000
2010-04-20,6.84,7.16,6.73,7.07,10406040,74079360.000
2010-04-21,7.03,7.16,6.98,7.15,8808212,64002232.000
2010-04-22,7.18,7.43,7.11,7.38,15067869,113126336.000
2010-04-23,7.33,7.40,7.21,7.32,7720469,57851508.000
2010-04-26,7.37,7.42,7.23,7.33,6546586,49032784.000
2010-04-27,7.33,7.35,6.80,7.00,8510334,61098128.000
2010-04-28,6.86,7.72,6.85,7.59,33909413,261537776.000
2010-04-29,7.48,8.01,7.45,7.56,35690289,282047552.000
2010-04-30,7.48,7.60,6.93,7.11,15364320,112368912.000
2010-05-04,7.08,7.84,7.01,7.84,8003347,63236528.000
2010-05-05,8.33,8.56,8.06,8.38,54606976,461594560.000
2010-05-06,8.25,8.83,8.10,8.52,46443571,404225984.000
2010-05-07,8.53,8.78,8.08,8.26,32557622,278247168.000
2010-05-10,8.14,8.31,7.43,7.66,25303496,202434160.000
2010-05-12,7.22,7.29,6.88,6.88,21464478,154086320.000
2010-05-13,6.72,7.12,6.48,7.03,20442181,142015984.000
2010-05-14,6.95,7.34,6.83,7.21,23070804,168521920.000
2010-05-17,6.98,7.09,6.47,6.49,17621556,122279840.000
2010-05-18,6.35,6.69,6.19,6.57,12848013,84749080.000
2010-05-19,6.49,6.68,6.31,6.42,10857377,71869672.000
2010-05-20,6.24,6.47,5.92,6.00,12500948,79613488.000
2010-05-21,5.78,6.11,5.73,6.06,12596090,76365512.000
2010-05-24,6.08,6.43,6.08,6.32,14815036,95501296.000
2010-05-25,6.33,6.62,6.21,6.37,15595405,102609456.000
2010-05-26,6.29,6.58,6.21,6.52,12915901,85072536.000
2010-05-27,6.43,6.63,6.35,6.56,12773476,85677144.000
2010-05-28,6.61,6.67,6.40,6.46,10684118,71389360.000
2010-05-31,6.43,6.50,6.08,6.11,9041785,58408628.000
2010-06-01,6.03,6.18,5.83,5.95,6949584,42825480.000
2010-06-02,5.96,6.10,5.88,6.09,6001506,36998024.000
2010-06-03,6.17,6.23,5.97,6.00,6295599,39692704.000
2010-06-04,5.94,6.03,5.84,6.00,5217827,31980748.000
2010-06-07,5.83,5.91,5.77,5.87,5581943,33582792.000
2010-06-08,5.85,6.04,5.83,5.97,7223892,43951680.000
2010-06-09,5.97,6.20,5.93,6.19,10081318,62768724.000
2010-06-10,6.15,6.18,6.03,6.08,6571921,41277876.000
2010-06-11,6.11,6.15,6.03,6.05,4834565,30232536.000
2010-06-17,6.10,6.17,6.03,6.05,4140120,25994144.000
2010-06-18,6.08,6.10,5.53,5.65,7302548,43976280.000
2010-06-21,5.63,5.83,5.60,5.82,4735137,27963140.000
2010-06-22,5.82,5.86,5.76,5.84,4129183,24750240.000
2010-06-23,5.80,5.84,5.64,5.76,4241043,25075370.000
2010-06-24,5.75,6.21,5.69,6.07,14261874,88447904.000
2010-06-25,5.95,6.00,5.83,5.91,6173625,37598420.000
2010-06-28,5.91,5.91,5.69,5.71,3999760,23794776.000
2010-06-30,5.25,5.29,5.12,5.12,8072261,43007000.000
2010-07-01,5.13,5.28,5.05,5.16,4665105,24880404.000
2010-07-02,5.16,5.16,4.78,5.07,4888574,25191232.000
2010-07-05,4.98,5.13,4.89,5.05,3071149,15903397.000
2010-07-06,5.03,5.22,5.01,5.16,4034402,21437530.000
2010-07-07,5.54,5.69,5.39,5.43,13731615,78511720.000
2010-07-08,5.32,5.47,5.24,5.35,8945252,49252760.000
2010-07-09,5.27,5.48,5.27,5.45,6197837,34536728.000
2010-07-12,5.38,5.51,5.38,5.49,6207598,35017448.000
2010-07-13,5.42,5.63,5.40,5.45,5860191,32949012.000
2010-07-14,5.45,5.56,5.44,5.49,4719311,26478554.000
2010-07-15,5.49,5.53,5.25,5.26,4140464,22752042.000
2010-07-16,5.24,5.29,5.10,5.26,3584658,19070914.000
2010-07-19,5.19,5.39,5.14,5.37,3750378,20313600.000
2010-07-20,5.37,5.58,5.32,5.57,6975135,39023704.000
2010-07-21,5.59,5.64,5.50,5.55,6648189,37782640.000
2010-07-22,5.52,5.69,5.51,5.66,6329711,36302772.000
2010-07-23,5.63,5.69,5.50,5.65,6212915,35443740.000
2010-07-26,5.63,5.78,5.59,5.77,8148365,47381292.000
2010-07-27,5.77,5.77,5.66,5.68,5612447,32601466.000
2010-07-28,5.67,5.82,5.62,5.81,6512844,38188264.000
2010-07-29,5.79,6.03,5.75,5.96,13645609,82034880.000
2010-07-30,5.98,6.02,5.80,5.88,10574565,63703156.000
2010-08-02,5.86,5.96,5.82,5.95,8749182,52691572.000
2010-08-03,5.97,6.09,5.83,5.85,12023215,73455992.000
2010-08-04,5.83,6.04,5.81,6.02,8525463,51374132.000
2010-08-05,6.00,6.06,5.91,5.97,6568725,40055160.000
2010-08-06,5.97,6.18,5.90,6.17,11722513,72450672.000
2010-08-09,6.12,6.38,6.09,6.33,13470903,85444656.000
2010-08-10,6.29,6.37,5.99,6.00,13506075,84658040.000
2010-08-11,5.97,6.07,5.93,6.01,6536284,39932192.000
2010-08-12,5.97,6.06,5.90,5.93,6112810,37130580.000
2010-08-13,5.92,6.03,5.88,6.01,4795415,29083980.000
2010-08-16,5.99,6.13,5.97,6.10,7073490,43722480.000
2010-08-17,6.10,6.18,6.06,6.14,6657024,41509556.000
2010-08-18,6.13,6.19,6.02,6.09,5915831,36695168.000
2010-08-19,6.05,6.27,6.05,6.25,12184361,76824648.000
2010-08-20,6.22,6.22,5.98,5.99,8114313,50078640.000
2010-08-23,5.97,6.07,5.95,6.01,4863117,29758628.000
2010-08-24,6.03,6.20,6.00,6.16,8626185,53930464.000
2010-08-25,6.15,6.33,6.00,6.00,10412606,65497864.000
2010-08-26,5.98,6.05,5.97,6.00,5380525,32908550.000
2010-08-27,6.01,6.15,6.00,6.10,5367016,33160744.000
2010-08-30,6.15,6.19,6.07,6.17,8048572,50346788.000
2010-08-31,6.15,6.17,6.06,6.11,6562188,40838944.000
2010-09-01,6.11,6.21,5.96,6.01,7818598,48399512.000
2010-09-02,6.06,6.16,6.02,6.13,7146231,44322856.000
2010-09-03,6.17,6.29,6.12,6.26,14119011,89411952.000
2010-09-06,6.40,6.49,6.23,6.28,12451019,80397720.000
2010-09-07,6.29,6.32,6.20,6.29,6545789,41628296.000
2010-09-08,6.25,6.42,6.19,6.39,8847621,56755408.000
2010-09-09,6.39,6.99,6.38,6.76,35847566,247084432.000
2010-09-10,6.64,6.77,6.49,6.72,14783123,99969704.000
2010-09-13,6.67,7.12,6.61,6.94,17616978,124499680.000
2010-09-14,6.94,7.04,6.76,6.98,12132887,84965336.000
2010-09-15,6.92,6.96,6.61,6.68,10228334,70462288.000
2010-09-16,6.64,6.79,6.32,6.49,8579165,56576280.000
2010-09-17,6.49,6.56,6.38,6.48,5476015,36053108.000
2010-09-20,6.52,6.67,6.46,6.50,7289279,48695956.000
2010-09-21,6.54,6.63,6.37,6.46,4736225,31215014.000
2010-09-27,6.47,6.64,6.42,6.64,5655473,37757056.000
2010-09-28,6.64,6.81,6.53,6.63,7168343,48621668.000
2010-09-29,6.60,6.62,6.39,6.40,5714025,37669276.000
2010-09-30,6.37,6.49,6.31,6.42,4726772,30841092.000
2010-10-08,6.47,6.61,6.40,6.56,5534681,36780664.000
2010-10-11,6.56,6.64,6.50,6.62,9326978,62390528.000
2010-10-12,6.61,6.71,6.55,6.65,8470753,57190848.000
2010-10-13,6.59,6.87,6.56,6.83,13135101,89455984.000
2010-10-14,6.84,6.85,6.49,6.50,8879354,59794936.000
2010-10-15,6.46,6.54,6.25,6.37,8536220,55716396.000
2010-10-18,6.36,6.37,6.09,6.25,7431081,47017340.000
2010-10-19,6.25,6.43,6.21,6.42,5068281,32709480.000
2010-10-20,6.29,6.40,6.19,6.36,6299532,40275028.000
2010-10-21,6.37,6.43,6.27,6.34,4097769,26438388.000
2010-10-22,6.29,6.51,6.28,6.43,7147904,46492892.000
2010-10-25,6.40,6.58,6.40,6.55,7484159,49607712.000
2010-10-26,6.55,6.64,6.47,6.63,10180581,68057456.000
2010-10-27,6.59,6.64,6.46,6.47,8891440,59315280.000
2010-10-29,6.48,6.66,6.33,6.57,9554233,63403044.000
2010-11-01,6.55,6.66,6.48,6.64,10659342,71278544.000
2010-11-02,6.61,6.94,6.60,6.77,19153757,131945192.000
2010-11-03,6.74,6.87,6.62,6.65,10365056,71109208.000
2010-11-04,6.69,6.99,6.69,6.97,18235720,127632248.000
2010-11-05,6.98,7.12,6.81,7.03,18324451,129961192.000
2010-11-08,7.07,7.08,6.91,7.06,14786956,105185912.000
2010-11-09,7.02,7.27,7.02,7.10,13898095,100801536.000
2010-11-10,7.11,7.11,6.88,6.92,12142092,85779880.000
2010-11-11,6.88,7.03,6.76,6.78,10962877,77293792.000
2010-11-12,6.76,6.94,6.29,6.39,12742215,85984728.000
2010-11-15,6.44,6.59,6.34,6.58,6078123,40063420.000
2010-11-16,6.60,6.84,6.25,6.80,9769408,65155016.000
2010-11-17,6.68,6.99,6.55,6.56,11256811,77345976.000
2010-11-18,6.56,6.85,6.49,6.79,9777986,66629392.000
2010-11-19,6.79,7.08,6.71,7.04,19053933,134119368.000
2010-11-22,6.95,7.12,6.87,7.02,14625615,103735400.000
2010-11-23,7.01,7.29,6.89,7.23,23994713,173608576.000
2010-11-24,7.16,7.29,7.01,7.22,17559452,127244464.000
2010-11-25,7.20,7.42,7.09,7.21,20627932,152126032.000
2010-11-26,7.17,7.19,6.97,7.05,12198284,87424448.000
2010-11-29,7.04,7.43,6.95,7.34,17339841,127899328.000
2010-11-30,7.29,7.40,6.79,7.01,13865368,99363152.000
2010-12-01,6.99,7.01,6.79,6.88,6692169,46752156.000
2010-12-02,6.94,6.98,6.87,6.90,5819635,40926304.000
2010-12-03,6.94,7.03,6.87,6.95,6456942,45570560.000
2010-12-06,6.89,6.95,6.67,6.73,5748577,39740560.000
2010-12-07,6.73,6.83,6.59,6.76,3940100,26857032.000
2010-12-08,6.78,6.92,6.72,6.81,3648911,25325880.000
2010-12-09,6.81,6.81,6.49,6.50,5183108,34855752.000
2010-12-10,6.48,6.59,6.34,6.56,3391336,22348370.000
2010-12-13,6.57,6.78,6.54,6.75,6093021,41445068.000
2010-12-14,6.72,6.86,6.67,6.81,7658228,52848540.000
2010-12-15,6.79,6.91,6.69,6.76,7216010,49872744.000
2010-12-16,6.78,6.86,6.70,6.79,4188431,28848084.000
2010-12-17,6.74,6.78,6.64,6.69,3571142,24345184.000
2010-12-20,6.71,6.78,6.59,6.69,7587963,51653944.000
2010-12-21,6.69,6.80,6.58,6.78,6693995,45662096.000
2010-12-22,6.76,7.17,6.73,7.01,17786727,126015784.000
2010-12-23,6.94,7.04,6.79,6.91,6825650,47824140.000
2010-12-24,6.88,7.18,6.84,6.98,12398409,88728064.000
2010-12-27,6.94,7.34,6.85,7.18,18920255,137069520.000
2010-12-28,7.12,7.47,6.88,6.98,28294500,207343776.000
2010-12-29,6.74,6.84,6.37,6.69,14220465,94844528.000
2010-12-30,6.56,6.63,6.44,6.51,7290583,48304352.000
2010-12-31,6.51,6.58,6.44,6.56,7061664,46730096.000
2011-01-04,6.58,6.66,6.46,6.65,7360000,49073520.000
2011-01-05,6.58,6.66,6.52,6.64,5734309,38441088.000
2011-01-06,6.64,6.78,6.55,6.70,6222802,42158368.000
2011-01-07,6.68,6.77,6.57,6.61,5679876,38568136.000
2011-01-10,6.58,6.60,6.32,6.33,5396486,35486900.000
2011-01-11,6.30,6.33,6.14,6.28,4070207,25856692.000
2011-01-12,6.28,6.33,6.14,6.29,3636143,23073864.000
2011-01-13,6.28,6.37,6.27,6.29,2737377,17616264.000
2011-01-14,6.27,6.27,6.02,6.06,4390507,27398626.000
2011-01-17,6.06,6.06,5.79,5.80,4050874,24235460.000
2011-01-18,5.80,5.96,5.73,5.90,2262671,13511851.000
2011-01-19,5.90,6.00,5.89,5.99,2006757,12151060.000
2011-01-20,5.97,5.99,5.69,5.69,2404330,14282391.000
2011-01-21,5.68,5.82,5.66,5.77,2063388,12109422.000
2011-01-24,5.78,5.81,5.70,5.73,1416446,8312210.000
2011-01-25,5.74,5.82,5.66,5.69,1332449,7757788.000
2011-01-26,5.72,5.85,5.69,5.85,2135411,12615764.000
2011-01-27,5.84,6.09,5.79,5.99,3917717,23997548.000
2011-01-28,5.90,6.00,5.88,5.97,2031149,12297765.000
2011-01-31,5.99,6.00,5.89,5.96,2106981,12804676.000
2011-02-01,5.98,6.57,5.97,6.15,4034604,25583444.000
2011-02-09,6.07,6.23,6.07,6.10,2411679,15125229.000
2011-02-10,6.11,6.24,6.07,6.22,2312240,14542266.000
2011-02-11,6.17,6.31,6.17,6.25,3058332,19487186.000
2011-02-14,6.25,6.41,6.24,6.38,3936483,25486296.000
2011-02-15,6.38,6.41,6.31,6.32,3347759,21629536.000
2011-02-16,6.29,6.67,6.27,6.46,4605498,30236140.000
2011-02-17,6.52,6.58,6.39,6.48,3406452,22445956.000
2011-02-18,6.49,6.55,6.26,6.34,4593909,29941002.000
2011-02-21,6.29,6.47,6.28,6.45,3258236,21226332.000
2011-02-22,6.45,6.51,6.19,6.20,4397915,28288578.000
2011-02-23,6.20,6.29,6.18,6.29,3346686,21250666.000
2011-02-24,6.26,6.35,6.19,6.33,2912792,18668868.000
2011-02-25,6.36,6.45,6.32,6.44,4760344,30983858.000
2011-02-28,6.44,6.49,6.34,6.47,4124576,26980370.000
2011-03-01,6.46,6.53,6.39,6.49,4949615,32543932.000
2011-03-02,6.44,6.60,6.38,6.59,7285986,48176856.000
2011-03-03,6.59,6.69,6.41,6.45,6974379,46612904.000
2011-03-04,6.41,6.59,6.41,6.55,3900257,25770900.000
2011-03-07,6.56,6.87,6.54,6.80,11919655,80940720.000
2011-03-08,6.74,7.47,6.71,7.22,27427007,197787040.000
2011-03-09,7.13,7.34,7.00,7.06,17288892,124850696.000
2011-03-10,7.06,7.07,6.89,6.98,8831064,62319960.000
2011-03-11,6.93,6.99,6.81,6.90,7296018,51304504.000
2011-03-14,6.87,7.05,6.82,6.97,5461597,38581244.000
2011-03-15,6.94,6.94,6.49,6.82,9043138,62055696.000
2011-03-16,6.76,6.87,6.72,6.82,4361702,30183300.000
2011-03-17,6.80,6.84,6.64,6.71,4484798,30740722.000
2011-03-18,6.74,6.95,6.73,6.92,5042662,35132544.000
2011-03-21,6.92,7.07,6.87,6.98,5343732,37844288.000
2011-03-22,6.95,7.00,6.79,6.98,3208014,22529012.000
2011-03-23,6.98,7.09,6.92,7.03,4791684,34132320.000
2011-03-24,7.06,7.07,6.94,7.01,4635562,32883848.000
2011-03-25,7.01,7.06,6.97,7.00,5008912,35633376.000
2011-03-28,6.98,7.08,6.94,7.06,6226800,44394960.000
2011-03-29,7.05,7.15,6.93,6.97,7728857,55587012.000
2011-03-30,6.97,7.02,6.75,6.81,5040603,35139976.000
2011-03-31,6.81,6.88,6.57,6.59,4060140,27744124.000
2011-04-01,6.60,6.79,6.59,6.78,3341789,22759110.000
2011-04-06,6.72,6.89,6.72,6.82,2872148,19895554.000
2011-04-07,6.83,6.87,6.71,6.85,2780741,19245956.000
2011-04-08,6.85,6.92,6.80,6.91,3221124,22530152.000
2011-04-11,6.93,7.07,6.89,6.93,5494336,38942160.000
2011-04-12,6.93,7.08,6.89,6.97,5858382,41580092.000
2011-04-13,7.00,7.44,6.95,7.32,17248020,126801800.000
2011-04-14,7.27,7.31,7.09,7.12,9748570,71050848.000
2011-04-15,7.10,7.24,6.98,7.17,6195610,44678248.000
2011-04-18,7.17,7.53,7.14,7.37,13332756,99838816.000
2011-04-19,7.31,7.46,7.17,7.36,9785707,72626016.000
2011-04-20,7.35,7.51,7.21,7.24,8724876,65068816.000
2011-04-21,7.29,7.34,7.19,7.32,5619529,41396672.000
2011-04-22,7.31,7.31,7.11,7.18,6066186,44245296.000
2011-04-25,7.14,7.22,7.01,7.03,4961753,35838820.000
2011-04-27,6.92,6.98,6.77,6.84,5982730,41805068.000
2011-04-28,6.84,6.96,6.70,6.75,3305271,22906748.000
2011-04-29,6.81,6.87,6.72,6.86,2860134,19792896.000
2011-05-03,6.86,7.37,6.75,7.29,11002003,79595200.000
2011-05-04,7.22,7.41,7.19,7.25,12035603,89158416.000
2011-05-05,7.21,7.55,7.19,7.48,16012461,119906504.000
2011-05-06,7.37,7.45,7.26,7.38,9782216,72940840.000
2011-05-09,7.40,7.76,7.29,7.63,16153212,123956544.000
2011-05-10,7.65,7.85,7.51,7.61,14587466,113327744.000
2011-05-11,7.58,7.77,7.40,7.61,11614200,89243080.000
2011-05-12,7.56,7.99,7.51,7.68,18581625,146433440.000
2011-05-13,7.69,7.92,7.56,7.85,13744527,107976472.000
2011-05-16,7.84,8.23,7.69,8.05,20003900,161121616.000
2011-05-17,8.03,8.04,7.47,7.58,18003293,141810592.000
2011-05-18,7.50,7.77,7.49,7.59,9419889,72948432.000
2011-05-19,7.59,8.02,7.54,7.73,10907589,86438640.000
2011-05-20,7.64,7.80,7.54,7.59,6684572,51861408.000
2011-05-23,7.56,7.67,7.09,7.13,10558153,78221384.000
2011-05-24,7.04,7.27,6.99,7.25,6265243,45599408.000
2011-05-25,7.19,7.29,7.07,7.10,4397160,31945976.000
2011-05-26,7.19,7.35,7.09,7.21,6802694,49945320.000
2011-05-27,7.21,7.26,6.49,6.57,10111568,69833416.000
2011-05-30,6.56,6.61,6.21,6.32,4871693,31775814.000
2011-05-31,6.34,6.47,6.19,6.46,6044287,39079016.000
2011-06-01,6.44,6.52,6.37,6.49,2943744,19129946.000
2011-06-02,6.35,6.44,6.28,6.41,2873339,18444108.000
2011-06-03,6.41,6.57,6.36,6.54,3200752,21018712.000
2011-06-07,6.56,6.63,6.53,6.59,2624754,17413644.000
2011-06-08,6.62,6.64,6.44,6.58,3308281,21777772.000
2011-06-09,6.60,6.64,6.35,6.41,3574881,23413302.000
2011-06-10,6.33,6.43,6.16,6.33,3738649,23739482.000
2011-06-13,6.24,6.30,6.07,6.22,2898377,18102886.000
2011-06-14,6.22,6.41,6.19,6.38,3995837,25518988.000
2011-06-15,6.36,6.43,6.29,6.36,2893560,18579222.000
2011-06-16,6.31,6.32,6.09,6.12,2891944,18119632.000
2011-06-17,6.14,6.22,6.05,6.05,1818808,11267070.000
2011-06-20,6.05,6.14,6.01,6.07,1844005,11307004.000
2011-06-21,6.07,6.16,6.03,6.13,1440359,8884758.000
2011-06-22,6.14,6.19,6.09,6.16,1343834,8329156.000
2011-06-23,6.15,6.75,6.02,6.60,9940806,64540900.000
2011-06-24,6.49,6.75,6.45,6.62,6772430,45208784.000
2011-06-27,6.64,6.70,6.55,6.67,3860232,25791152.000
2011-06-28,6.61,6.74,6.58,6.68,3739668,25073426.000
2011-06-29,6.69,6.69,6.42,6.49,3595585,23790494.000
2011-06-30,6.49,6.61,6.47,6.52,3542196,23386000.000
2011-07-01,6.64,6.82,6.57,6.59,7918394,53466004.000
2011-07-04,6.57,6.76,6.56,6.74,8052092,54299728.000
2011-07-05,6.74,6.90,6.69,6.83,7624951,52185776.000
2011-07-06,6.79,6.86,6.70,6.77,5003431,34185648.000
2011-07-07,6.77,6.80,6.66,6.69,5265071,35727128.000
2011-07-08,6.67,6.74,6.59,6.69,4025847,27045442.000
2011-07-11,6.64,6.86,6.59,6.75,6307784,42972820.000
2011-07-13,6.71,6.82,6.61,6.79,6046591,41043244.000
2011-07-14,6.78,7.02,6.73,6.98,10259724,71513184.000
2011-07-15,6.94,6.97,6.87,6.92,5598503,39035156.000
2011-07-18,6.92,7.09,6.90,6.98,5716294,40293648.000
2011-07-19,6.92,6.94,6.77,6.85,4433990,30588656.000
2011-07-20,6.91,7.09,6.85,6.93,5239389,36859504.000
2011-07-21,6.96,7.14,6.85,7.02,9367791,66364560.000
2011-07-22,7.07,7.17,6.99,7.16,7573636,54201308.000
2011-07-25,7.13,7.24,6.66,6.73,9874196,69191840.000
2011-07-26,6.72,6.89,6.58,6.82,5932255,40422020.000
2011-07-27,6.79,7.06,6.74,7.03,7035469,49198484.000
2011-07-28,6.94,7.09,6.81,6.96,6584273,46099336.000
2011-07-29,6.94,6.98,6.59,6.62,10295723,70012736.000
2011-08-01,6.59,6.64,6.41,6.50,4576093,30042852.000
2011-08-02,6.44,6.48,6.26,6.36,5056299,32534916.000
2011-08-03,6.31,6.47,6.27,6.40,3475295,22488390.000
2011-08-04,6.39,6.49,6.39,6.42,2249291,14623610.000
2011-08-05,6.25,6.37,6.16,6.27,2612849,16529583.000
2011-08-08,6.17,6.27,5.67,5.79,5393676,32333246.000
2011-08-09,5.49,6.06,5.46,5.94,6911826,40578800.000
2011-08-10,5.99,6.17,5.92,5.94,6758271,41024076.000
2011-08-11,5.78,6.02,5.71,6.00,3863697,22987372.000
2011-08-12,6.02,6.17,5.98,6.09,6057043,37172696.000
2011-08-15,6.09,6.16,6.04,6.15,2911773,17985584.000
2011-08-16,6.15,6.19,6.07,6.18,4150210,25707806.000
2011-08-17,6.15,6.23,6.05,6.08,4050910,25104876.000
2011-08-18,6.13,6.13,5.97,6.00,2478472,15133667.000
2011-08-19,5.96,5.97,5.84,5.89,2669102,15936470.000
2011-08-22,5.89,6.01,5.77,5.82,1709328,10131392.000
2011-08-23,5.82,6.00,5.82,5.99,1509461,9035926.000
2011-08-24,6.01,6.05,5.96,6.00,1885676,11438855.000
2011-08-25,6.01,6.39,6.01,6.35,12734987,80364656.000
2011-08-26,6.27,6.99,6.25,6.83,24514966,165712608.000
2011-08-29,6.83,6.99,6.62,6.73,19948223,135769504.000
2011-08-30,6.66,6.95,6.49,6.50,13476783,90299144.000
2011-08-31,6.46,6.49,6.22,6.36,6153030,39307460.000
2011-09-01,6.42,6.44,6.27,6.33,3364096,21585318.000
2011-09-02,6.33,6.37,6.17,6.23,2346388,14777737.000
2011-09-05,6.18,6.21,6.03,6.04,3136170,19298384.000
2011-09-06,5.99,6.03,5.90,6.01,2540112,15314350.000
2011-09-07,6.00,6.15,6.00,6.14,2849730,17494488.000
2011-09-09,6.05,6.14,5.94,5.99,2462533,14981531.000
2011-09-13,5.94,5.94,5.81,5.88,1684050,9983573.000
2011-09-14,5.91,6.14,5.84,6.06,2565741,15557120.000
2011-09-15,6.06,6.12,6.02,6.02,2370814,14494219.000
2011-09-16,6.03,6.07,5.95,5.98,1049490,6380723.000
2011-09-19,5.97,5.98,5.80,5.81,1523948,9016519.000
2011-09-20,5.82,5.92,5.79,5.87,1003863,5945431.000
2011-09-21,5.83,6.05,5.83,6.04,2184484,13196430.000
2011-09-22,5.99,6.02,5.90,5.90,2414312,14503403.000
2011-09-23,5.79,5.89,5.75,5.86,1457558,8586415.000
2011-09-26,5.87,5.89,5.77,5.78,1099829,6458950.000
2011-09-27,5.82,5.85,5.74,5.80,1101027,6450170.000
2011-09-28,5.91,5.93,5.62,5.65,1703215,9915292.000
2011-09-29,5.60,5.63,5.46,5.52,1725900,9682125.000
2011-09-30,5.54,5.56,5.39,5.50,1038715,5752928.000
2011-10-10,5.50,5.65,5.49,5.54,1434882,8056400.000
2011-10-11,5.64,5.69,5.43,5.52,1127895,6367835.000
2011-10-12,5.48,5.70,5.44,5.69,2126994,12135396.000
2011-10-13,5.67,5.75,5.64,5.71,1695096,9782972.000
2011-10-14,5.67,5.73,5.63,5.71,1327204,7617892.000
2011-10-17,5.73,5.76,5.64,5.72,1395321,8029108.000
2011-10-18,5.68,5.68,5.44,5.46,1656186,9283531.000
2011-10-19,5.51,5.51,5.41,5.41,1318287,7260376.000
2011-10-20,5.53,5.73,5.42,5.45,5127736,28841156.000
2011-10-21,5.24,5.37,5.19,5.25,2641863,14058651.000
2011-10-24,5.30,5.31,5.14,5.31,2052224,10871765.000
2011-10-25,5.25,5.44,5.24,5.42,1883510,10240201.000
2011-10-26,5.39,5.84,5.36,5.65,8075788,46188496.000
2011-10-27,5.79,5.79,5.53,5.57,3476677,19830346.000
2011-10-28,5.62,5.67,5.58,5.64,1980065,11260641.000
2011-10-31,5.58,5.66,5.58,5.64,1238304,7040617.000
2011-11-01,5.61,5.84,5.49,5.53,5576914,31535914.000
2011-11-02,5.43,5.61,5.38,5.55,3471162,19216448.000
2011-11-03,5.58,5.68,5.55,5.61,3688096,20988940.000
2011-11-04,5.61,5.73,5.61,5.72,4139563,23766284.000
2011-11-07,5.70,5.81,5.66,5.69,2561308,14834472.000
2011-11-08,5.72,5.74,5.60,5.62,2612751,14934683.000
2011-11-09,5.62,5.66,5.48,5.65,2502448,14119637.000
2011-11-10,5.62,5.62,5.46,5.47,2387557,13322516.000
2011-11-11,5.48,5.53,5.44,5.47,1431398,7940678.000
2011-11-14,5.51,5.66,5.50,5.62,2182148,12352729.000
2011-11-15,5.66,5.80,5.62,5.75,4731326,27403152.000
2011-11-16,5.75,5.78,5.54,5.58,3260579,18555042.000
2011-11-17,5.54,5.63,5.50,5.56,1642248,9251112.000
2011-11-18,5.52,5.53,5.36,5.40,1968300,10810622.000
2011-11-21,5.39,5.48,5.32,5.39,1295157,7026372.000
2011-11-22,5.38,5.40,5.25,5.35,1104541,5948153.000
2011-11-23,5.40,5.40,5.31,5.32,895265,4833163.000
2011-11-24,5.32,5.34,5.24,5.30,996936,5325851.000
2011-11-25,5.33,5.35,5.22,5.24,1127548,6027625.000
2011-11-28,5.26,5.28,5.19,5.26,1191165,6313605.000
2011-11-29,5.29,5.37,5.28,5.37,1173912,6325545.000
2011-11-30,5.37,5.37,4.98,5.03,2248567,11639383.000
2011-12-01,5.19,5.24,5.10,5.11,2186815,11419086.000
2011-12-02,5.11,5.11,4.92,4.96,1676391,8448514.000
2011-12-05,4.97,4.99,4.78,4.79,1473723,7241599.000
2011-12-06,4.84,4.92,4.74,4.86,1218678,5941138.000
2011-12-07,4.86,4.92,4.81,4.82,1140250,5615720.000
2011-12-08,4.75,4.85,4.61,4.81,2328759,11149472.000
2011-12-09,4.70,4.79,4.68,4.70,923910,4413565.000
2011-12-12,4.74,4.75,4.64,4.67,641377,3041986.000
2011-12-13,4.64,4.66,4.41,4.44,1618674,7359927.000
2011-12-14,4.44,4.47,4.24,4.27,1433760,6298495.000
2011-12-15,4.29,4.33,4.06,4.09,1640333,6892494.000
2011-12-16,4.09,4.22,4.06,4.18,1412366,5923592.000
2011-12-19,4.12,4.21,4.05,4.18,1469957,6163273.000
2011-12-20,4.19,4.28,4.17,4.21,1136214,4868284.000
2011-12-21,4.25,4.27,4.06,4.06,844520,3590650.000
2011-12-22,3.99,4.05,3.81,3.85,2609491,10284907.000
2011-12-23,3.85,3.95,3.81,3.89,1203119,4749652.000
2011-12-26,3.90,3.98,3.88,3.90,922138,3669211.000
2011-12-27,3.91,3.93,3.74,3.77,1215013,4732704.000
2011-12-28,3.77,3.80,3.70,3.78,1304436,4974845.000
2011-12-29,3.77,3.82,3.70,3.77,836484,3216546.000
2011-12-30,3.79,3.90,3.79,3.87,1296606,5066974.000
2012-01-04,3.91,3.93,3.79,3.80,1035900,4071111.000
2012-01-05,3.76,3.79,3.59,3.60,1168849,4375570.000
2012-01-06,3.58,3.68,3.54,3.67,895055,3281789.000
2012-01-09,3.71,3.85,3.65,3.84,1184984,4558271.000
2012-01-10,3.83,4.23,3.83,4.23,5643536,23292002.000
2012-01-11,4.19,4.23,4.11,4.14,4826412,20380596.000
2012-01-12,4.12,4.19,4.06,4.17,2147016,9005096.000
2012-01-13,4.12,4.17,3.96,3.97,1942289,7982563.000
2012-01-16,3.94,4.04,3.90,3.93,1228700,4951040.000
2012-01-17,3.93,4.33,3.93,4.32,8394693,36323300.000
2012-01-18,4.24,4.29,4.14,4.22,4762834,20445718.000
2012-01-19,4.20,4.27,4.17,4.24,2885552,12348127.000
2012-01-20,4.24,4.27,4.21,4.25,1980714,8526124.000
2012-01-30,4.25,4.27,4.14,4.18,1502874,6402763.000
2012-01-31,4.18,4.19,4.12,4.18,1372251,5799032.000
2012-02-01,4.18,4.26,4.12,4.13,1965694,8352583.000
2012-02-02,4.13,4.24,4.13,4.23,1550624,6590108.000
2012-02-03,4.23,4.40,4.19,4.34,3893368,17118368.000
2012-02-06,4.34,4.52,4.29,4.40,4082185,18209024.000
2012-02-07,4.34,4.34,4.20,4.23,3133692,13518018.000
2012-02-08,4.24,4.35,4.16,4.33,2724083,11875092.000
2012-02-09,4.33,4.43,4.30,4.37,3135713,13912548.000
2012-02-10,4.33,4.41,4.33,4.38,2396215,10621353.000
2012-02-13,4.35,4.49,4.34,4.45,3123884,14031016.000
2012-02-14,4.43,4.46,4.37,4.43,2327290,10412280.000
2012-02-15,4.42,4.65,4.40,4.55,5169448,23738100.000
2012-02-16,4.56,4.64,4.47,4.59,3794706,17510078.000
2012-02-17,4.61,4.64,4.46,4.53,2152129,9887905.000
2012-02-20,4.59,4.61,4.50,4.51,2120751,9803882.000
2012-02-21,4.51,4.57,4.44,4.56,1989098,9080805.000
2012-02-22,4.56,4.63,4.53,4.62,3307840,15388229.000
2012-02-23,4.61,4.69,4.56,4.60,3266351,15295908.000
2012-02-24,4.58,4.68,4.58,4.68,3904627,18351682.000
2012-02-27,4.66,4.80,4.66,4.68,4937202,23625350.000
2012-02-28,4.68,4.73,4.59,4.66,3536248,16665600.000
2012-02-29,4.60,4.66,4.53,4.54,2758953,12807105.000
2012-03-01,4.54,4.62,4.53,4.57,2501611,11598905.000
2012-03-02,4.59,4.78,4.57,4.77,4190998,19868664.000
2012-03-05,4.78,4.78,4.66,4.76,4324254,20706524.000
2012-03-06,4.78,4.78,4.61,4.64,3963740,18731808.000
2012-03-07,4.58,4.76,4.54,4.70,3595976,16989858.000
2012-03-08,4.70,4.92,4.70,4.91,10009528,49008168.000
2012-03-09,4.93,5.02,4.86,4.98,8029491,40217480.000
2012-03-12,4.94,5.16,4.89,5.12,8209680,41895952.000
2012-03-13,5.09,5.12,5.04,5.10,3638688,18687062.000
2012-03-14,5.10,5.23,4.75,4.89,8486755,43365792.000
2012-03-15,4.94,5.04,4.76,4.97,5584422,27826724.000
2012-03-16,4.98,5.09,4.89,5.07,4964708,25106692.000
2012-03-19,5.04,5.17,4.94,5.16,5855160,30055948.000
2012-03-20,5.12,5.12,4.95,4.97,4756094,24195596.000
2012-03-21,5.01,5.04,4.92,5.00,2762879,13879905.000
2012-03-22,4.97,5.02,4.90,4.98,2330267,11732875.000
2012-03-23,4.94,5.04,4.92,4.96,3122460,15728465.000
2012-03-26,4.92,5.01,4.73,4.74,3734604,18299104.000
2012-03-27,4.69,4.78,4.57,4.62,2938839,13920276.000
2012-03-28,4.56,4.73,4.39,4.40,3529664,16290493.000
2012-03-29,4.34,4.43,4.23,4.24,3253656,14218569.000
2012-03-30,4.24,4.28,4.12,4.22,2434302,10388173.000
2012-04-05,4.22,4.40,4.17,4.37,2536864,11105991.000
2012-04-06,4.37,4.49,4.32,4.42,2064118,9249730.000
2012-04-09,4.43,4.54,4.37,4.40,1873212,8459132.000
2012-04-10,4.41,4.45,4.17,4.43,2258412,9929767.000
2012-04-11,4.33,4.73,4.31,4.61,4765451,22023064.000
2012-04-12,4.68,5.00,4.54,4.88,7965713,38524728.000
2012-04-13,4.84,4.89,4.76,4.81,5025473,24553514.000
2012-04-16,4.78,5.26,4.71,5.00,7697438,39067108.000
2012-04-17,4.94,5.06,4.75,4.77,5262117,26208218.000
2012-04-18,4.82,5.09,4.77,4.99,5437502,27265216.000
2012-04-19,4.97,5.24,4.94,4.98,6065836,31098178.000
2012-04-23,5.23,5.41,5.03,5.20,11609711,61017660.000
2012-04-24,5.04,5.20,4.87,5.12,7879210,40273564.000
2012-04-25,5.11,5.54,5.05,5.44,18074224,98551456.000
2012-04-26,5.37,5.45,5.24,5.29,8947741,48073504.000
2012-04-27,5.33,5.39,5.14,5.18,4383742,23158268.000
2012-05-02,5.20,5.29,5.08,5.16,4578647,23905948.000
2012-05-03,5.12,5.19,4.96,5.04,4375617,22368228.000
2012-05-04,5.06,5.12,5.02,5.09,2692106,13831220.000
2012-05-07,5.09,5.30,5.06,5.28,6662920,35053232.000
2012-05-08,5.30,5.49,5.26,5.43,8797443,48004840.000
2012-05-09,5.39,5.39,4.97,5.11,7748928,40212340.000
2012-05-10,5.08,5.16,4.99,5.04,4184251,21425984.000
2012-05-11,5.00,5.03,4.80,4.82,5771868,28601272.000
2012-05-14,4.84,4.88,4.74,4.75,3157435,15368120.000
2012-05-15,4.71,4.83,4.66,4.80,2707146,13009307.000
2012-05-16,4.81,4.88,4.73,4.77,2632097,12822449.000
2012-05-17,4.79,5.17,4.76,5.05,5844204,29421000.000
2012-05-18,5.00,5.15,4.94,5.01,7545802,38661248.000
2012-05-21,5.00,5.06,4.74,4.76,5371750,26361680.000
2012-05-22,4.83,4.87,4.76,4.84,2109925,10257239.000
2012-05-23,4.83,4.85,4.72,4.84,2461907,11939994.000
2012-05-24,4.82,4.87,4.72,4.73,1803597,8729949.000
2012-05-25,4.74,4.80,4.52,4.54,3709357,17312038.000
2012-05-28,4.57,4.63,4.49,4.62,1613653,7464948.000
2012-05-29,4.63,4.73,4.62,4.68,2047633,9704873.000
2012-05-30,4.68,4.76,4.66,4.71,2166884,10330689.000
2012-05-31,4.70,4.73,4.66,4.71,1220745,5816383.000
2012-06-01,4.70,4.76,4.59,4.66,2487420,11818476.000
2012-06-04,4.56,4.59,4.38,4.39,2425054,11031472.000
2012-06-05,4.44,4.46,4.34,4.40,938519,4201433.000
2012-06-06,4.45,4.45,4.34,4.37,818910,3639780.000
2012-06-07,4.42,4.44,4.26,4.28,1217500,5361606.000
2012-06-08,4.35,4.36,4.25,4.26,1185875,5127485.000
2012-06-11,4.31,4.37,4.22,4.34,1461664,6338669.000
2012-06-12,4.35,4.35,4.27,4.31,877153,3804036.000
2012-06-13,4.32,4.44,4.28,4.42,2413980,10597634.000
2012-06-14,4.34,4.43,4.30,4.32,1873800,8240512.000
2012-06-15,4.35,4.38,4.30,4.36,1567801,6845291.000
2012-06-18,4.37,4.41,4.35,4.38,1548312,6826525.000
2012-06-19,4.39,4.43,4.35,4.35,1014731,4478831.000
2012-06-20,4.36,4.39,4.31,4.31,785201,3434250.000
2012-06-21,4.35,4.35,4.16,4.17,1846051,7833590.000
2012-06-25,4.19,4.19,4.07,4.07,1336300,5544601.000
2012-06-26,4.07,4.12,4.06,4.09,996213,4103352.000
2012-06-27,4.11,4.26,4.07,4.25,3335385,14079468.000
2012-06-28,4.35,4.54,4.35,4.48,9252494,41601468.000
2012-06-29,4.47,4.58,4.30,4.56,3977427,17848610.000
2012-07-02,4.53,4.65,4.47,4.57,2989360,13791382.000
2012-07-03,4.57,5.03,4.51,5.03,13612958,66643724.000
2012-07-04,5.07,5.08,4.79,4.95,7342254,36218176.000
2012-07-05,4.88,4.89,4.70,4.79,4763895,22897180.000
2012-07-06,4.79,4.90,4.67,4.85,4115680,19879078.000
2012-07-09,4.81,4.85,4.54,4.55,4618293,21939624.000
2012-07-10,4.53,4.61,4.34,4.36,4410484,19749312.000
2012-07-11,4.33,4.52,4.31,4.46,2897366,12856729.000
2012-07-12,4.42,4.69,4.29,4.52,5001171,22810156.000
2012-07-13,4.50,4.66,4.47,4.49,1891442,8666569.000
2012-07-16,4.55,4.55,4.28,4.28,1484920,6544351.000
2012-07-17,4.26,4.35,4.22,4.31,1314940,5678095.000
2012-07-18,4.27,4.42,4.25,4.41,1472977,6416779.000
2012-07-19,4.41,4.66,4.37,4.58,3667612,16782728.000
2012-07-20,4.58,4.61,4.50,4.55,1447559,6623970.000
2012-07-23,4.55,4.63,4.46,4.57,1374484,6288630.000
2012-07-24,4.54,4.80,4.54,4.64,2360526,11050706.000
2012-07-25,4.59,4.62,4.51,4.52,1595401,7309692.000
2012-07-26,4.49,4.59,4.44,4.46,1029117,4686637.000
2012-07-27,4.53,4.53,4.33,4.41,1333800,5927883.000
2012-07-30,4.33,4.45,4.24,4.25,1274890,5544102.000
2012-07-31,4.27,4.28,4.20,4.20,907819,3876599.000
2012-08-01,4.26,4.38,4.22,4.34,781074,3396324.000
2012-08-02,4.32,4.36,3.97,4.08,2734308,11487186.000
2012-08-03,4.08,4.30,4.05,4.24,1958300,8269380.000
2012-08-06,4.22,4.36,4.22,4.35,1611091,6958844.000
2012-08-07,4.35,4.44,4.32,4.39,882183,3895771.000
2012-08-08,4.39,4.39,4.28,4.31,1007658,4389958.000
2012-08-09,4.31,4.40,4.28,4.38,874371,3848297.000
2012-08-10,4.37,4.48,4.34,4.48,1287796,5725842.000
2012-08-13,4.48,4.48,4.24,4.26,1569740,6848328.000
2012-08-14,4.24,4.34,4.20,4.28,1398947,6014069.000
2012-08-15,4.28,4.30,4.16,4.18,1140856,4869508.000
2012-08-16,4.16,4.24,4.08,4.11,1391000,5809985.000
2012-08-17,4.12,4.16,4.07,4.14,1092889,4525191.000
2012-08-20,4.13,4.16,4.06,4.15,842054,3487334.000
2012-08-21,4.15,4.24,4.15,4.21,1075487,4560044.000
2012-08-22,4.20,4.22,4.09,4.15,1131983,4731448.000
2012-08-23,4.16,4.20,4.11,4.17,1544508,6467763.000
2012-08-24,4.15,4.32,4.14,4.31,3510901,14976247.000
2012-08-27,4.30,4.30,4.21,4.23,1567341,6688695.000
2012-08-28,4.22,4.27,4.19,4.21,1010951,4308729.000
2012-08-29,4.18,4.22,4.10,4.10,1377250,5758771.000
2012-08-30,4.10,4.26,4.10,4.17,2718309,11475859.000
2012-08-31,4.16,4.17,4.05,4.11,1582521,6539197.000
2012-09-03,4.07,4.25,4.07,4.17,622401,2608159.000
2012-09-04,4.18,4.21,4.12,4.13,763698,3188474.000
2012-09-05,4.17,4.19,4.12,4.17,576694,2417514.000
2012-09-06,4.19,4.21,4.13,4.18,777394,3261344.000
2012-09-07,4.22,4.39,4.21,4.31,2325602,10080349.000
2012-09-10,4.32,4.38,4.30,4.32,1204334,5262630.000
2012-09-11,4.29,4.47,4.26,4.39,3024397,13420367.000
2012-09-12,4.37,4.57,4.33,4.51,3593482,16165833.000
2012-09-13,4.48,4.59,4.32,4.32,5118668,22826428.000
2012-09-14,4.36,4.36,4.22,4.30,3477828,14978028.000
2012-09-17,4.28,4.28,4.09,4.12,2357295,9911042.000
2012-09-18,4.10,4.15,4.00,4.08,2763506,11342459.000
2012-09-19,4.09,4.12,4.05,4.09,1982728,8161952.000
2012-09-20,4.09,4.09,3.87,3.89,2258300,9085349.000
2012-09-21,3.91,4.05,3.89,4.03,1759550,7048499.000
2012-09-24,3.97,4.19,3.93,4.16,3245761,13441029.000
2012-09-25,4.17,4.19,4.14,4.16,1648449,6910733.000
2012-09-26,4.16,4.17,4.02,4.04,1343007,5541402.000
2012-09-27,4.07,4.18,4.06,4.13,1315300,5468347.000
2012-09-28,4.12,4.18,4.09,4.14,625199,2612246.000
2012-10-08,4.14,4.17,4.09,4.12,461142,1914206.000
2012-10-09,4.16,4.24,4.12,4.21,862617,3648821.000
2012-10-10,4.24,4.24,4.18,4.22,790062,3361872.000
2012-10-11,4.24,4.26,4.13,4.15,1126400,4770682.000
2012-10-12,4.17,4.20,4.08,4.11,1177361,4888383.000
2012-10-15,4.10,4.15,4.04,4.08,822135,3377372.000
2012-10-16,4.07,4.12,4.04,4.05,2460106,10058573.000
2012-10-17,4.04,4.07,3.99,4.03,1868409,7598721.000
2012-10-18,4.06,4.14,4.05,4.10,2479930,10248794.000
2012-10-19,4.10,4.12,4.02,4.07,2965020,12100710.000
2012-10-22,4.04,4.08,3.99,4.07,2972777,12084038.000
2012-10-23,4.06,4.10,3.97,3.98,2627800,10649800.000
2012-10-24,3.98,4.03,3.96,4.01,1387007,5592834.000
2012-10-25,4.03,4.09,4.01,4.02,2073810,8463522.000
2012-10-26,4.02,4.02,3.88,3.89,2704936,10710428.000
2012-10-29,3.88,3.92,3.85,3.89,1246191,4884319.000
2012-10-30,3.90,3.92,3.87,3.90,889081,3494160.000
2012-10-31,3.89,3.91,3.86,3.91,953636,3735952.000
2012-11-01,3.90,3.99,3.90,3.98,1148296,4585343.000
2012-11-02,4.00,4.00,3.93,3.98,1782500,7133356.000
2012-11-05,3.99,4.00,3.92,3.96,1332071,5302151.000
2012-11-06,3.97,3.97,3.85,3.90,2504350,9815556.000
2012-11-07,3.90,3.91,3.86,3.88,1428443,5579971.000
2012-11-08,3.86,3.86,3.80,3.85,2163631,8347545.000
2012-11-09,3.85,4.14,3.85,4.11,9315429,37773464.000
2012-11-12,4.12,4.13,4.05,4.12,4717871,19459752.000
2012-11-13,4.10,4.12,4.02,4.10,2736957,11236775.000
2012-11-14,4.09,4.15,4.06,4.10,1726889,7132755.000
2012-11-15,4.09,4.20,3.97,4.05,4516321,18667310.000
2012-11-16,4.02,4.04,3.88,4.00,1922421,7650884.000
2012-11-19,3.97,4.02,3.87,4.01,1685399,6691488.000
2012-11-20,3.95,3.99,3.91,3.92,796448,3165690.000
2012-11-21,3.92,4.00,3.88,3.99,804752,3208174.000
2012-11-22,3.98,3.98,3.87,3.89,1083799,4287929.000
2012-11-23,3.92,3.94,3.88,3.88,1207602,4740217.000
2012-11-26,3.84,3.90,3.83,3.88,597937,2328804.000
2012-11-27,3.86,3.87,3.72,3.72,1824223,6933299.000
2012-11-28,3.67,3.70,3.43,3.53,2772564,9901494.000
2012-11-29,3.51,3.56,3.41,3.42,1184752,4163977.000
2012-11-30,3.44,3.51,3.41,3.49,1754577,6103949.000
2012-12-03,3.47,3.49,3.37,3.37,1021700,3541154.000
2012-12-04,3.41,3.49,3.38,3.48,1068401,3704919.000
2012-12-05,3.44,3.61,3.44,3.56,1702041,6104181.000
2012-12-06,3.54,3.61,3.54,3.59,1065864,3844137.000
2012-12-07,3.59,3.68,3.56,3.67,1598774,5849298.000
2012-12-10,3.70,3.71,3.65,3.69,1118649,4152277.000
2012-12-11,3.66,3.71,3.62,3.65,1661728,6126404.000
2012-12-12,3.62,3.66,3.59,3.64,1494530,5439120.000
2012-12-13,3.61,3.63,3.59,3.60,810458,2942246.000
2012-12-14,3.63,3.77,3.60,3.74,2870481,10716276.000
2012-12-17,3.70,3.80,3.70,3.73,1937335,7297023.000
2012-12-18,3.74,3.78,3.70,3.71,1456167,5486422.000
2012-12-19,3.71,3.73,3.68,3.71,1084079,4050961.000
2012-12-20,3.70,3.72,3.66,3.68,1404810,5219585.000
2012-12-21,3.70,3.73,3.65,3.69,1383534,5141054.000
2012-12-24,3.69,3.70,3.64,3.67,1168270,4323619.000
2012-12-25,3.65,3.77,3.61,3.74,2998181,11211822.000
2012-12-26,3.73,3.84,3.72,3.84,3276631,12484932.000
2012-12-27,3.81,3.84,3.76,3.77,2177751,8338828.000
2012-12-28,3.77,3.83,3.75,3.82,2315440,8866222.000
2012-12-31,3.82,3.87,3.81,3.86,2060985,7974539.000
2013-01-04,3.86,3.92,3.83,3.86,1921211,7467354.000
2013-01-07,3.84,3.87,3.81,3.86,1525474,5888722.000
2013-01-08,3.86,3.91,3.83,3.91,2179331,8511020.000
2013-01-09,3.91,3.97,3.86,3.92,1915202,7553711.000
2013-01-10,3.91,3.94,3.87,3.90,2058283,8110141.000
2013-01-11,3.90,4.05,3.89,3.90,5668076,22591408.000
2013-01-14,3.88,4.02,3.86,3.98,4454276,17763088.000
2013-01-15,3.98,4.07,3.94,4.07,4003059,16140839.000
2013-01-16,4.02,4.06,3.95,4.02,2891025,11662946.000
2013-01-17,4.02,4.02,3.94,3.96,1341238,5370451.000
2013-01-18,3.97,4.04,3.96,4.01,1806279,7287353.000
2013-01-21,4.00,4.09,4.00,4.05,2003263,8170358.000
2013-01-22,4.05,4.05,3.96,3.98,1848928,7452691.000
2013-01-23,3.98,3.99,3.90,3.98,1479779,5882929.000
2013-01-24,3.98,4.01,3.82,3.89,1816277,7195415.000
2013-01-25,3.91,3.94,3.85,3.89,925168,3640673.000
2013-01-28,3.87,3.96,3.87,3.95,1632172,6478790.000
2013-01-29,3.95,3.98,3.92,3.95,1583977,6307810.000
2013-01-30,3.96,4.09,3.96,4.06,3726778,15187954.000
2013-01-31,4.06,4.12,4.00,4.11,2283538,9307330.000
2013-02-01,4.08,4.13,4.05,4.11,2012602,8290405.000
2013-02-04,4.28,4.41,4.13,4.14,3227424,13658282.000
2013-02-05,4.13,4.17,4.02,4.08,2404300,9895263.000
2013-02-06,4.07,4.36,4.05,4.33,6026285,25708794.000
2013-02-07,4.27,4.51,4.25,4.38,8174798,36099160.000
2013-02-08,4.32,4.38,4.26,4.35,2933119,12755260.000
2013-02-18,4.33,4.35,4.22,4.27,2700015,11607874.000
2013-02-19,4.26,4.26,4.13,4.18,2746478,11585777.000
2013-02-20,4.15,4.24,4.14,4.24,1352850,5707271.000
2013-02-21,4.22,4.22,4.07,4.11,2212136,9209958.000
2013-02-22,4.11,4.14,4.02,4.06,1921860,7921406.000
2013-02-25,4.06,4.10,4.05,4.08,773215,3180115.000
2013-02-26,4.07,4.10,3.95,3.97,2349590,9534618.000
2013-02-27,3.98,4.03,3.94,3.96,1550969,6202432.000
2013-02-28,3.96,4.06,3.96,4.05,1721949,6982318.000
2013-03-01,4.08,4.08,3.97,4.06,2907619,11780698.000
2013-03-04,4.03,4.03,3.74,3.81,4990179,19457740.000
2013-03-05,3.79,3.87,3.78,3.87,3691791,14218373.000
2013-03-06,3.90,3.96,3.86,3.95,3056961,12050435.000
2013-03-07,3.95,3.96,3.86,3.89,3064450,12059846.000
2013-03-08,3.90,3.91,3.86,3.89,2292995,8972555.000
2013-03-11,3.88,3.90,3.82,3.84,1790210,6964842.000
2013-03-12,3.83,3.90,3.71,3.74,3179315,12136775.000
2013-03-13,3.75,3.76,3.67,3.75,1991268,7473771.000
2013-03-14,3.76,3.83,3.73,3.82,2357067,8996126.000
2013-03-15,3.80,4.07,3.80,3.95,5175953,20242556.000
2013-03-18,3.92,4.04,3.89,4.00,10246656,41102440.000
2013-03-19,3.98,4.04,3.91,4.03,6620720,26583432.000
2013-03-20,4.00,4.06,3.94,4.04,6337485,25488636.000
2013-03-21,4.03,4.03,3.96,4.01,4692600,18895032.000
2013-03-22,3.99,4.01,3.94,3.96,3922431,15683610.000
2013-03-25,3.96,4.00,3.95,3.97,2398712,9595695.000
2013-03-26,3.92,3.94,3.78,3.85,4955676,19173248.000
2013-03-27,3.83,3.87,3.75,3.76,7581074,28988792.000
2013-03-28,3.71,3.73,3.61,3.64,5719001,21137278.000
2013-03-29,3.64,3.68,3.61,3.67,2858160,10529256.000
2013-04-01,3.67,3.73,3.64,3.69,2236351,8309897.000
2013-04-02,3.70,3.72,3.65,3.66,1632889,6055247.000
2013-04-03,3.67,3.68,3.61,3.63,1698009,6234529.000
2013-04-08,3.60,3.66,3.55,3.65,1799828,6536699.000
2013-04-09,3.65,3.70,3.63,3.68,1495468,5529883.000
2013-04-10,3.67,3.67,3.61,3.65,1654274,6071074.000
2013-04-11,3.67,3.67,3.61,3.62,1457085,5355827.000
2013-04-12,3.62,3.65,3.58,3.59,1148229,4173952.000
2013-04-15,3.56,3.58,3.52,3.55,1301517,4659626.000
2013-04-16,3.55,3.57,3.49,3.56,1586570,5646414.000
2013-04-17,3.56,3.57,3.54,3.57,1056671,3786949.000
2013-04-18,3.56,3.64,3.53,3.63,1547835,5599375.000
2013-04-19,3.63,3.67,3.61,3.66,2114655,7769163.000
2013-04-22,3.62,3.74,3.61,3.66,2052819,7593587.000
2013-04-23,3.68,3.68,3.51,3.52,2866622,10285358.000
2013-04-24,3.54,3.57,3.49,3.56,1868927,6661976.000
2013-04-25,3.54,3.64,3.53,3.54,2173944,7851755.000
2013-04-26,3.56,3.56,3.47,3.50,1183883,4200314.000
2013-05-02,3.50,3.54,3.48,3.52,784161,2778850.000
2013-05-03,3.53,3.59,3.53,3.57,1179257,4236548.000
2013-05-06,3.58,3.61,3.55,3.60,1696455,6133934.000
2013-05-07,3.60,3.61,3.56,3.59,1755686,6331683.000
2013-05-08,3.59,3.66,3.58,3.62,2279237,8300750.000
2013-05-09,3.60,3.61,3.55,3.58,1449667,5226235.000
2013-05-10,3.57,3.61,3.57,3.61,2044436,7399606.000
2013-05-13,3.61,3.63,3.57,3.62,1823640,6609016.000
2013-05-14,3.61,3.62,3.57,3.60,1547226,5594457.000
2013-05-15,3.59,3.66,3.59,3.65,2090790,7644037.000
2013-05-16,3.64,3.69,3.60,3.66,2307923,8507051.000
2013-05-17,3.66,3.69,3.63,3.68,2589752,9561419.000
2013-05-20,3.68,3.72,3.67,3.71,2757543,10267951.000
2013-05-21,3.71,3.76,3.68,3.75,2898394,10874312.000
2013-05-22,3.75,3.76,3.68,3.71,2774713,10416612.000
2013-05-23,3.68,3.71,3.63,3.65,3316468,12276811.000
2013-05-24,3.66,3.70,3.64,3.68,2190659,8098126.000
2013-05-27,3.68,3.75,3.68,3.73,3155155,11859237.000
2013-05-28,3.74,3.78,3.68,3.76,3687310,13896554.000
2013-05-29,3.76,3.80,3.74,3.78,3982399,15153741.000
2013-05-30,3.77,3.84,3.76,3.82,4825068,18531226.000
2013-05-31,3.82,3.83,3.75,3.76,2959386,11295893.000
2013-06-03,3.75,3.83,3.74,3.81,2689308,10303754.000
2013-06-04,3.81,3.82,3.71,3.74,2701103,10231803.000
2013-06-05,3.74,3.77,3.70,3.73,1544220,5797690.000
2013-06-06,3.73,3.74,3.64,3.66,1788451,6646142.000
2013-06-07,3.67,3.67,3.57,3.60,2138218,7794821.000
2013-06-13,3.59,3.59,3.43,3.46,2654688,9187353.000
2013-06-14,3.46,3.49,3.43,3.47,1562240,5405249.000
2013-06-17,3.47,3.49,3.43,3.44,1723757,5953572.000
2013-06-18,3.46,3.47,3.43,3.46,1440934,4974078.000
2013-06-19,3.47,3.49,3.41,3.47,1600005,5516108.000
2013-06-20,3.45,3.45,3.34,3.35,1433400,4874761.000
2013-06-21,3.33,3.34,3.28,3.31,1597029,5286345.000
2013-06-24,3.33,3.33,3.02,3.06,2380047,7496097.000
2013-06-25,3.06,3.09,2.82,3.00,2555556,7538229.000
2013-06-26,3.00,3.05,2.95,3.02,1606754,4822438.000
2013-06-27,3.05,3.05,2.93,2.95,1636154,4908468.000
2013-06-28,2.95,3.01,2.91,2.94,1954927,5782950.000
2013-07-01,2.98,3.06,2.90,3.05,3035512,9021455.000
2013-07-02,3.21,3.30,3.17,3.25,10270444,33207658.000
2013-07-03,3.16,3.18,3.06,3.13,4856170,15174926.000
2013-07-04,3.10,3.18,3.08,3.13,3155853,9885153.000
2013-07-05,3.12,3.14,3.07,3.09,2754332,8535008.000
2013-07-08,3.06,3.06,2.95,2.97,1957437,5848376.000
2013-07-09,2.97,3.00,2.96,2.98,1149842,3428737.000
2013-07-10,2.98,3.09,2.97,3.08,2222542,6760760.000
2013-07-11,3.08,3.19,3.06,3.17,3354253,10531843.000
2013-07-12,3.17,3.18,3.08,3.09,1834710,5752473.000
数据来源:通达信
