600706 曲江文旅 日线
      日期	    开盘	    最高	    最低	    收盘	    成交量	    成交额
2007-01-11,4.36,4.63,4.28,4.45,4764050,21140874.000
2007-01-12,4.46,4.61,4.22,4.23,3697463,16344438.000
2007-01-15,4.20,4.43,4.16,4.39,2297981,9901281.000
2007-01-16,4.40,4.58,4.29,4.53,3688856,16502030.000
2007-01-17,4.56,4.60,4.31,4.38,3312937,14751616.000
2007-01-18,4.38,4.59,4.32,4.53,3079914,13769114.000
2007-01-19,4.57,4.70,4.50,4.69,4604703,21255812.000
2007-01-22,4.74,4.89,4.65,4.88,5510365,26239108.000
2007-01-23,4.87,4.87,4.58,4.78,4615192,21909436.000
2007-01-24,4.75,5.26,4.70,5.26,2046256,10568497.000
2007-01-25,5.50,5.79,5.15,5.18,14128191,77978568.000
2007-01-26,4.99,5.18,4.70,4.96,6162533,30191040.000
2007-01-29,4.80,5.35,4.80,5.19,7023627,35388296.000
2007-01-30,5.18,5.45,4.96,5.31,6150454,31879768.000
2007-01-31,5.27,5.42,4.78,4.80,4804880,25021264.000
2007-02-01,4.80,4.93,4.60,4.88,3261188,15677562.000
2007-02-02,4.89,5.03,4.70,4.72,2538866,12290965.000
2007-02-05,4.79,4.96,4.73,4.92,2171928,10556329.000
2007-02-06,4.95,5.08,4.87,5.07,2289438,11402768.000
2007-02-07,5.07,5.15,5.00,5.14,2991332,15151181.000
2007-02-08,5.15,5.22,5.07,5.16,2474199,12692110.000
2007-02-09,5.13,5.22,5.05,5.06,2300290,11755751.000
2007-02-12,5.03,5.36,5.00,5.32,4462022,23186072.000
2007-02-13,5.36,5.63,5.30,5.53,7416705,40298672.000
2007-02-14,5.53,5.66,5.30,5.57,3943509,21764284.000
2007-02-15,5.54,5.77,5.48,5.64,3984804,22428912.000
2007-02-16,5.65,5.87,5.57,5.66,3878590,22181162.000
2007-02-26,5.62,5.97,5.50,5.96,3726993,21514916.000
2007-02-27,6.00,6.25,5.36,5.36,6572196,38488528.000
2007-02-28,5.09,5.64,5.09,5.61,3800197,20650754.000
2007-03-01,5.57,5.58,5.24,5.38,4016689,21663136.000
2007-03-02,5.37,5.92,5.37,5.92,6751589,39180904.000
2007-03-05,5.95,6.20,5.51,5.86,6916361,40943920.000
2007-03-06,5.83,5.83,5.55,5.75,2881717,16489621.000
2007-03-07,5.71,5.94,5.68,5.93,2997072,17408936.000
2007-03-08,5.93,6.09,5.81,6.02,3592080,21416052.000
2007-03-09,6.03,6.07,5.80,5.90,3693003,21926312.000
2007-03-12,5.90,6.49,5.90,6.49,7783256,49405672.000
2007-03-13,6.45,6.69,6.30,6.53,7495256,48772916.000
2007-03-14,6.49,6.87,6.14,6.65,6189491,40045664.000
2007-03-15,6.58,6.82,6.55,6.64,4705002,31260704.000
2007-03-16,6.64,6.68,6.16,6.23,5021666,32201708.000
2007-03-19,6.08,6.40,5.96,6.31,3374591,21089122.000
2007-03-20,6.31,6.78,6.31,6.57,4275535,27985164.000
2007-03-21,6.55,6.92,6.50,6.90,5725895,38952912.000
2007-03-22,7.01,7.10,6.76,6.89,6060825,41831224.000
2007-03-23,6.85,7.45,6.78,7.40,7141251,50920712.000
2007-03-26,7.40,7.67,7.21,7.51,6274818,46644504.000
2007-03-27,7.47,7.61,7.36,7.43,3870796,28883096.000
2007-03-28,7.43,7.60,6.92,7.24,5554237,40307600.000
2007-03-29,7.20,7.33,6.70,6.77,4519343,31504464.000
2007-03-30,6.70,6.98,6.63,6.93,2218446,15225527.000
2007-04-02,6.91,7.10,6.82,7.06,2200684,15342384.000
2007-04-03,7.00,7.77,6.92,7.77,5744489,42657800.000
2007-04-04,7.93,8.55,7.93,8.21,14443304,119015864.000
2007-04-05,8.05,8.15,7.89,8.07,4532702,36367368.000
2007-04-06,8.00,8.55,7.85,8.29,5950634,49523168.000
2007-04-09,8.25,8.87,8.19,8.34,5369439,45439664.000
2007-04-10,8.33,8.33,7.95,8.19,4197557,34095364.000
2007-04-11,8.14,8.66,8.03,8.43,4869852,40382492.000
2007-04-12,8.43,8.55,8.28,8.42,3832612,32239596.000
2007-04-13,8.45,8.67,8.12,8.23,4723995,39831132.000
2007-04-16,8.07,8.35,7.80,8.22,5722142,46407460.000
2007-04-17,8.39,8.53,8.06,8.50,5704376,47097928.000
2007-04-18,8.51,8.96,8.45,8.87,7029254,61773480.000
2007-04-19,8.83,8.83,7.98,7.99,5928186,49509640.000
2007-04-20,8.10,8.35,8.10,8.29,4637034,38109224.000
2007-04-23,8.36,8.74,8.30,8.69,7181075,61603412.000
2007-04-25,8.26,8.26,8.26,8.26,346700,2863742.000
2007-04-26,7.85,7.85,7.85,7.85,869600,6826360.000
2007-04-27,7.51,8.14,7.51,7.94,10148660,78124712.000
2007-04-30,7.62,7.74,7.54,7.54,6619092,50008988.000
2007-05-08,7.52,7.82,7.24,7.74,7587869,56907904.000
2007-05-09,7.60,7.98,7.51,7.88,7476313,58019280.000
2007-05-10,8.06,8.27,7.91,8.27,7193300,59144536.000
2007-05-11,8.25,8.50,8.08,8.37,4576316,37890512.000
2007-05-14,8.46,8.47,8.10,8.23,4810066,39751488.000
2007-05-15,8.23,8.44,8.04,8.06,5779416,47649976.000
2007-05-16,8.00,8.20,7.66,8.08,4473435,35502024.000
2007-05-17,8.08,8.48,8.06,8.48,6743840,56454560.000
2007-05-18,8.49,8.90,8.48,8.90,5950132,52050720.000
2007-05-21,8.66,9.35,8.58,9.35,5537521,51301624.000
2007-05-22,9.81,9.82,9.60,9.82,1992904,19554616.000
2007-05-23,10.31,10.31,10.31,10.31,1075068,11083951.000
2007-05-24,10.83,10.83,9.79,9.79,11364720,112905680.000
2007-05-25,9.50,9.50,9.30,9.30,11091121,103426240.000
2007-05-28,9.48,9.51,9.18,9.45,7502596,70313480.000
2007-05-29,9.40,9.43,8.98,9.16,7082682,64994128.000
2007-05-30,8.70,8.90,8.70,8.70,4678200,40845936.000
2007-05-31,8.27,8.35,8.27,8.27,1326800,10976070.000
2007-06-01,7.86,7.86,7.86,7.86,452700,3558222.000
2007-06-04,7.47,7.47,7.47,7.47,105500,788085.000
2007-06-05,7.10,7.10,7.10,7.10,39000,276900.000
2007-06-06,6.75,7.06,6.75,6.75,6765887,45998660.000
2007-06-07,6.41,6.70,6.41,6.55,7098481,45925640.000
2007-06-08,6.63,6.88,6.60,6.88,5631977,38447860.000
2007-06-11,7.00,7.05,6.54,6.54,5470879,36305612.000
2007-06-12,6.38,6.45,6.21,6.28,5334689,33332768.000
2007-06-13,6.32,6.59,6.26,6.59,4764529,31010804.000
2007-06-14,6.63,6.92,6.55,6.58,4999058,33827328.000
2007-06-18,6.61,6.75,6.25,6.67,4849945,31651558.000
2007-06-19,6.63,6.87,6.55,6.82,3666766,24718252.000
2007-06-20,6.89,6.90,6.48,6.51,4445099,29925920.000
2007-06-21,6.44,6.55,6.18,6.21,4582770,28583372.000
2007-06-22,6.12,6.22,5.90,5.90,2954581,17664680.000
2007-06-25,5.61,5.78,5.61,5.61,1281720,7194452.000
2007-06-26,5.33,5.33,5.33,5.33,285700,1522781.000
2007-06-27,5.07,5.44,5.07,5.41,4755345,24924536.000
2007-06-28,5.38,5.67,5.14,5.14,3543241,19194360.000
2007-06-29,4.88,5.06,4.88,4.88,3137429,15362251.000
2007-07-02,4.80,4.90,4.64,4.83,3250045,15405354.000
2007-07-03,4.85,5.06,4.76,5.00,2417021,11891702.000
2007-07-04,5.02,5.04,4.81,4.84,1721059,8461928.000
2007-07-05,4.77,4.80,4.60,4.60,2660185,12275888.000
2007-07-06,4.60,4.80,4.37,4.78,3383226,15393618.000
2007-07-09,4.70,4.97,4.65,4.87,3243738,15684796.000
2007-07-10,4.84,4.93,4.67,4.70,2029538,9787440.000
2007-07-11,4.75,4.94,4.73,4.94,1532526,7543176.000
2007-07-12,5.00,5.12,4.91,4.95,3807714,19007680.000
2007-07-13,4.71,5.03,4.71,4.87,1707745,8290453.000
2007-07-16,4.87,4.94,4.78,4.80,1319583,6391716.000
2007-07-17,4.80,4.96,4.72,4.95,1659346,8119378.000
2007-07-18,4.90,5.06,4.88,4.96,1174422,5812968.000
2007-07-19,5.09,5.21,4.96,5.21,4018475,20867624.000
2007-07-20,5.21,5.47,5.18,5.39,4977644,26949688.000
2007-07-23,5.30,5.63,5.27,5.59,3321450,18111070.000
2007-07-24,5.56,5.62,5.41,5.41,2568717,14149844.000
2007-07-25,5.41,5.57,5.35,5.48,2078843,11343452.000
2007-07-26,5.48,5.68,5.48,5.65,2029087,11343571.000
2007-07-27,5.61,5.82,5.45,5.71,2719171,15465486.000
2007-07-30,5.81,6.00,5.71,6.00,3050216,18162850.000
2007-07-31,6.04,6.18,5.90,6.01,2943902,17713942.000
2007-08-01,6.00,6.07,5.71,5.71,3100015,18109664.000
2007-08-02,5.58,6.00,5.50,6.00,3451549,19943382.000
2007-08-03,6.00,6.30,5.95,6.30,4537676,28267518.000
2007-08-06,6.62,6.62,6.49,6.58,6886691,45452376.000
2007-08-07,6.50,6.91,6.30,6.64,5088766,33500236.000
2007-08-08,6.62,6.79,6.43,6.46,2241669,14798414.000
2007-08-09,6.36,6.68,6.30,6.46,5037054,33068160.000
2007-08-10,6.62,6.78,6.43,6.52,2559658,16904176.000
2007-08-13,6.51,6.75,6.41,6.52,1768632,11551405.000
2007-08-14,6.45,6.78,6.45,6.72,1580051,10560294.000
2007-08-15,6.72,7.06,6.53,7.06,3595102,24992608.000
2007-08-16,7.36,7.41,7.01,7.36,6333448,46478680.000
2007-08-17,7.23,7.73,7.15,7.60,4907895,37159112.000
2007-08-21,7.80,7.98,7.60,7.98,4445636,35276512.000
2007-08-22,8.14,8.38,8.00,8.38,1723491,14344201.000
2007-08-23,8.70,8.80,8.52,8.80,1165676,10217629.000
2007-08-24,9.24,9.24,9.24,9.24,957434,8846690.000
2007-08-27,9.70,9.70,8.78,8.78,6293474,57593484.000
2007-08-28,8.34,8.59,8.34,8.34,3246391,27108030.000
2007-08-29,8.15,8.76,7.93,8.76,5286814,45125056.000
2007-08-30,8.58,9.20,8.49,9.03,4665564,42088344.000
2007-08-31,9.10,9.42,8.65,8.78,2680906,24034044.000
2007-09-03,8.68,9.07,8.67,8.84,2917172,25772370.000
2007-09-04,8.80,8.81,8.40,8.41,2676438,22731656.000
2007-09-05,8.43,8.83,8.24,8.83,2465547,21208344.000
2007-09-06,8.91,9.22,8.60,8.74,2127669,19091056.000
2007-09-07,8.80,8.97,8.60,8.78,1706444,15036381.000
2007-09-10,8.45,8.78,8.41,8.66,1449734,12424847.000
2007-09-11,8.61,9.09,8.61,8.66,3129795,28022394.000
2007-09-12,8.79,9.09,8.79,9.09,4921964,44652700.000
2007-09-13,9.54,9.54,9.54,9.54,937785,8946469.000
2007-09-14,10.02,10.02,9.37,9.67,5270293,50714068.000
2007-09-17,9.65,10.15,9.43,10.15,2142038,21421004.000
2007-09-18,10.45,10.66,10.26,10.66,2937300,30969696.000
2007-09-19,10.97,11.19,10.45,11.19,2703755,29930164.000
2007-09-20,11.55,11.75,11.50,11.75,1161372,13601952.000
2007-09-21,12.34,12.34,11.16,11.53,6224915,74416504.000
2007-09-24,11.53,12.11,11.17,12.11,870842,10511187.000
2007-09-25,12.72,12.72,12.38,12.72,3420183,43257296.000
2007-09-26,12.72,13.26,12.08,12.08,5603011,68930248.000
2007-09-27,11.48,11.48,11.48,11.48,4940100,56712348.000
2007-09-28,10.91,11.80,10.91,11.03,9275260,102960384.000
2007-10-08,11.35,11.35,10.48,10.48,5013479,52964288.000
2007-10-09,9.98,11.00,9.96,11.00,4647641,47270512.000
2007-10-10,10.92,11.35,10.55,10.69,3465900,38074684.000
2007-10-11,10.70,10.70,10.16,10.16,2335126,23837102.000
2007-10-12,9.99,9.99,9.65,9.69,3417396,33108206.000
2007-10-16,9.50,9.98,9.21,9.37,3809073,35535488.000
2007-10-17,9.37,9.58,9.11,9.36,2898389,27051764.000
2007-10-18,9.33,9.56,8.89,9.46,3450864,31539762.000
2007-10-19,9.53,9.53,8.99,9.00,1971194,18171908.000
2007-10-22,8.88,8.99,8.55,8.55,2299485,19843368.000
2007-10-23,8.55,8.75,8.33,8.39,1232365,10485789.000
2007-10-24,8.36,8.78,8.21,8.57,1835005,15658521.000
2007-10-25,8.20,8.40,8.14,8.14,857100,6990654.000
2007-10-29,7.78,8.06,7.73,7.91,2229843,17349730.000
2007-10-30,7.99,8.26,7.55,8.14,1429626,11397696.000
2007-10-31,8.06,8.55,8.06,8.55,1486460,12399775.000
2007-11-01,8.69,8.95,8.18,8.25,1916500,16623103.000
2007-11-02,8.00,8.66,7.84,8.57,1683196,14108164.000
2007-11-05,8.50,8.96,8.16,8.75,1205251,10575978.000
2007-11-06,8.70,9.08,8.60,8.99,765260,6832028.000
2007-11-07,8.99,9.38,8.80,8.80,1152220,10552513.000
2007-11-08,8.70,8.90,8.40,8.43,1132251,9676440.000
2007-11-09,8.39,8.85,8.30,8.85,1887425,16361841.000
2007-11-12,8.85,9.29,8.85,9.29,3288627,30355692.000
2007-11-13,9.28,9.41,8.90,9.01,2109718,19306808.000
2007-11-14,9.07,9.26,8.97,9.25,971840,8851932.000
2007-11-15,9.25,9.25,8.91,8.91,731156,6610749.000
2007-11-16,8.91,9.23,8.90,9.07,589690,5378007.000
2007-11-19,9.30,9.52,9.08,9.52,2154819,20408688.000
2007-11-20,9.61,9.67,9.41,9.60,978563,9323190.000
2007-11-21,9.60,10.08,9.60,10.07,2520574,25282456.000
2007-11-22,10.07,10.07,9.57,9.62,2095564,20246494.000
2007-11-23,9.42,10.09,9.32,9.78,1373844,13600627.000
2007-11-26,9.99,10.00,9.30,9.33,883178,8488070.000
2007-11-27,9.21,9.33,8.86,8.86,1654620,14788602.000
2007-11-28,8.79,8.79,8.42,8.42,1708791,14431263.000
2007-11-29,8.13,8.65,8.13,8.50,863390,7231432.000
2007-11-30,8.50,8.50,8.10,8.18,626250,5251067.000
2007-12-03,8.18,8.59,7.85,8.59,997252,8388647.000
2007-12-04,8.70,8.95,8.55,8.78,818300,7175544.000
2007-12-05,8.66,8.89,8.56,8.78,551508,4827140.000
2007-12-06,8.80,9.19,8.74,9.05,667831,6008531.000
2007-12-07,9.05,9.17,8.93,9.08,512345,4655525.000
2007-12-10,8.95,9.20,8.95,9.13,884602,8039512.000
2007-12-11,9.10,9.28,9.10,9.27,1219570,11206774.000
2007-12-12,9.22,9.45,9.15,9.27,530690,4941643.000
2007-12-13,9.19,9.69,9.00,9.04,816886,7610418.000
2007-12-14,8.92,9.16,8.61,8.90,946360,8404102.000
2007-12-17,8.89,8.98,8.60,8.67,898291,7848271.000
2007-12-18,8.65,8.79,8.50,8.55,419311,3635463.000
2007-12-19,8.87,8.87,8.60,8.85,468524,4105418.000
2007-12-20,8.90,9.08,8.70,9.01,728031,6505840.000
2007-12-21,8.95,9.15,8.80,9.07,1123174,10055367.000
2007-12-24,9.20,9.30,8.98,9.19,1225329,11214867.000
2007-12-25,9.26,9.26,9.08,9.12,898770,8200792.000
2007-12-26,9.14,9.58,9.14,9.57,2528104,24047620.000
2007-12-27,9.58,9.91,9.47,9.67,1789862,17357878.000
2007-12-28,9.62,10.15,9.45,10.15,4204859,41925068.000
2008-01-02,10.48,10.49,10.10,10.30,2257439,23219884.000
2008-01-03,10.30,10.77,10.01,10.63,2925509,30438226.000
2008-01-04,10.37,10.64,10.26,10.47,2144984,22406806.000
2008-01-07,10.47,10.89,10.40,10.63,1921116,20550904.000
2008-01-08,10.63,10.78,10.10,10.12,2531128,26126116.000
2008-01-09,9.80,10.38,9.80,10.25,1547767,15647400.000
2008-01-10,10.21,10.43,10.11,10.26,1181049,12091421.000
2008-01-11,10.28,10.77,10.10,10.77,2970227,31636396.000
2008-01-14,11.13,11.17,10.60,10.63,4305946,46621136.000
2008-01-15,10.74,10.85,10.52,10.65,2432599,25928348.000
2008-01-16,10.15,10.59,10.12,10.12,4228231,43186016.000
2008-01-17,9.90,10.28,9.61,9.76,3362003,33264806.000
2008-01-18,9.79,10.18,9.65,10.07,1752350,17368012.000
2008-01-21,10.07,10.09,9.57,9.57,1640000,15873763.000
2008-01-22,9.15,9.30,9.09,9.09,460600,4194082.000
2008-01-23,8.64,8.90,8.64,8.71,3061321,26505336.000
2008-01-24,9.13,9.15,8.79,8.96,2178320,19423176.000
2008-01-25,8.97,9.12,8.85,9.03,1717503,15446013.000
2008-01-28,9.07,9.13,8.58,8.58,1707790,14944549.000
2008-01-29,8.25,8.49,8.15,8.26,1639340,13489682.000
2008-01-30,8.49,8.67,8.40,8.67,1678241,14518653.000
2008-01-31,8.50,9.10,8.50,8.79,1697820,15080608.000
2008-02-01,8.75,8.98,8.35,8.44,888482,7508639.000
2008-02-04,8.55,8.86,8.55,8.86,928929,8161983.000
2008-02-05,8.84,9.08,8.71,8.91,601559,5365086.000
2008-02-13,8.90,9.27,8.49,9.09,895778,8143423.000
2008-02-14,9.18,9.37,9.05,9.18,941215,8620310.000
2008-02-15,9.18,9.25,8.91,9.08,715381,6486402.000
2008-02-18,9.10,9.25,8.95,9.22,1258980,11477381.000
2008-02-19,9.22,9.29,9.02,9.23,1374548,12573314.000
2008-02-20,9.30,9.35,9.01,9.05,1060022,9707389.000
2008-02-21,9.07,9.15,8.94,9.01,1334773,12054197.000
2008-02-22,9.02,9.10,8.56,8.67,1494007,13116672.000
2008-02-25,8.52,8.85,8.33,8.43,1204656,10225440.000
2008-02-26,8.50,8.67,8.32,8.55,895608,7596317.000
2008-02-27,8.58,8.76,8.40,8.68,1276271,11009026.000
2008-02-28,8.70,8.82,8.56,8.72,712510,6198740.000
2008-02-29,8.79,8.94,8.66,8.88,717082,6328119.000
2008-03-03,8.95,9.13,8.75,9.09,1303744,11669210.000
2008-03-04,9.08,9.14,8.88,8.90,1315912,11854556.000
2008-03-05,8.85,8.98,8.66,8.90,1154255,10183090.000
2008-03-06,8.90,9.15,8.82,9.09,1344635,12168314.000
2008-03-07,9.13,9.22,8.96,9.07,1107849,10056941.000
2008-03-10,8.98,9.06,8.62,8.64,935673,8185328.000
2008-03-11,8.65,8.83,8.40,8.70,751091,6504929.000
2008-03-12,8.76,9.00,8.62,8.77,776791,6829381.000
2008-03-13,8.80,8.94,8.36,8.90,1280847,11088824.000
2008-03-14,8.80,8.98,8.72,8.84,860030,7630774.000
2008-03-17,8.85,9.17,8.40,8.45,1827650,16120173.000
2008-03-18,8.27,8.27,8.03,8.03,884332,7123373.000
2008-03-19,7.63,8.09,7.63,7.76,1233464,9573047.000
2008-03-20,7.37,7.87,7.37,7.85,940630,7087859.000
2008-03-21,7.88,8.00,7.60,7.90,606533,4774279.000
2008-03-24,7.85,8.03,7.85,7.90,798625,6319107.000
2008-03-25,7.93,7.99,7.65,7.92,669316,5240929.000
2008-03-26,7.92,7.98,7.75,7.77,613911,4819462.000
2008-03-27,7.60,7.70,7.38,7.38,1132100,8376146.000
2008-03-28,7.03,7.29,7.01,7.19,1474323,10404806.000
2008-03-31,7.05,7.13,6.83,6.83,872540,6058996.000
2008-04-01,6.51,6.85,6.49,6.49,776641,5051642.000
2008-04-02,6.35,6.35,6.17,6.17,787298,4886930.000
2008-04-03,5.89,6.03,5.86,5.96,973996,5747899.000
2008-04-07,6.00,6.26,6.00,6.26,395441,2462251.000
2008-04-08,6.38,6.57,6.27,6.56,1141768,7376402.000
2008-04-09,6.50,6.64,6.23,6.24,688751,4423135.000
2008-04-10,6.15,6.38,6.00,6.36,442500,2731489.000
2008-04-11,6.30,6.60,6.30,6.48,668200,4324225.000
2008-04-14,6.38,6.38,6.16,6.16,538240,3337961.000
2008-04-15,6.20,6.30,5.89,6.29,447420,2722043.000
2008-04-16,6.21,6.42,6.21,6.26,347918,2192268.000
2008-04-17,6.20,6.40,5.95,5.95,355000,2161784.000
2008-04-18,5.80,6.00,5.65,5.65,779667,4423344.000
2008-04-21,5.93,5.93,5.37,5.46,650243,3664055.000
2008-04-22,5.39,5.40,5.19,5.24,642018,3340956.000
2008-04-23,5.02,5.49,5.01,5.49,823677,4334266.000
2008-04-24,5.76,5.76,5.56,5.76,875134,5024269.000
2008-04-25,6.04,6.05,5.80,6.01,1667533,10032321.000
2008-04-28,5.99,6.17,5.85,5.95,998393,5948915.000
2008-04-29,5.97,6.25,5.91,6.22,1449673,8841625.000
2008-04-30,6.16,6.53,6.12,6.46,1279884,8211792.000
2008-05-05,6.40,6.77,6.37,6.77,1090070,7214815.000
2008-05-06,6.60,6.97,6.60,6.77,910663,6172735.000
2008-05-07,6.75,6.77,6.43,6.43,1175054,7695117.000
2008-05-08,6.28,6.48,6.12,6.45,845339,5363150.000
2008-05-09,6.49,6.58,6.27,6.44,711424,4566125.000
2008-05-12,6.44,6.76,6.15,6.74,1247421,8037260.000
2008-05-13,6.45,6.88,6.40,6.78,1224324,8227952.000
2008-05-14,6.66,6.98,6.61,6.92,961600,6616899.000
2008-05-15,6.96,6.99,6.78,6.79,957501,6580739.000
2008-05-16,6.79,6.82,6.45,6.62,883514,5875547.000
2008-05-19,6.67,6.77,6.52,6.67,413864,2747062.000
2008-05-20,6.75,6.75,6.34,6.34,684000,4427908.000
2008-05-21,6.25,6.35,6.02,6.27,868491,5298083.000
2008-05-22,6.27,6.42,6.12,6.25,658269,4134683.000
2008-05-23,6.22,6.37,6.08,6.26,754298,4711069.000
2008-05-26,6.15,6.29,6.00,6.13,424140,2616092.000
2008-05-27,6.10,6.44,6.04,6.44,847137,5340920.000
2008-05-29,6.49,6.56,6.35,6.36,805601,5202137.000
2008-05-30,6.35,6.44,6.12,6.33,572693,3599271.000
2008-06-02,6.39,6.65,6.25,6.65,1457041,9581885.000
2008-06-03,6.65,6.84,6.58,6.76,1283783,8633132.000
2008-06-04,6.74,6.88,6.55,6.75,1189229,8037589.000
2008-06-05,6.79,6.79,6.53,6.68,707774,4694626.000
2008-06-06,6.68,6.68,6.36,6.56,679643,4449819.000
2008-06-10,6.35,6.40,6.23,6.23,568930,3560694.000
2008-06-11,6.02,6.02,5.92,5.92,618030,3663156.000
2008-06-12,5.82,5.99,5.62,5.63,698837,3966279.000
2008-06-13,5.67,5.80,5.50,5.50,427924,2408661.000
2008-06-16,5.31,5.78,5.23,5.68,893303,5008090.000
2008-06-17,5.68,5.96,5.40,5.45,936084,5254216.000
2008-06-19,5.72,5.72,5.24,5.29,1483996,8278434.000
2008-06-20,5.06,5.47,5.03,5.22,706078,3663874.000
2008-06-23,5.12,5.38,5.10,5.31,841139,4377609.000
2008-06-24,5.31,5.46,5.20,5.42,596559,3190426.000
2008-06-25,5.44,5.69,5.35,5.69,605921,3401442.000
2008-06-26,5.89,5.89,5.56,5.67,381280,2157767.000
2008-06-27,5.59,5.59,5.39,5.42,636172,3450790.000
2008-06-30,5.33,5.48,5.30,5.46,169525,913459.000
2008-07-01,5.37,5.55,5.36,5.46,366541,2000702.000
2008-07-02,5.53,5.73,5.44,5.63,540702,3057909.000
2008-07-03,5.57,5.90,5.52,5.82,493676,2859928.000
2008-07-04,5.92,5.92,5.72,5.78,326406,1897450.000
2008-07-07,5.90,6.02,5.82,6.00,588939,3487585.000
2008-07-08,6.00,6.11,5.90,6.04,455121,2739657.000
2008-07-09,6.04,6.34,6.00,6.34,961874,6043836.000
2008-07-10,6.30,6.41,6.06,6.13,787139,4899185.000
2008-07-11,6.01,6.27,6.00,6.25,316040,1952818.000
2008-07-14,6.12,6.56,6.12,6.55,710520,4616512.000
2008-07-15,6.41,6.55,6.22,6.25,888698,5586170.000
2008-07-16,6.17,6.24,5.94,6.00,397324,2398209.000
2008-07-17,6.03,6.20,5.99,6.10,269740,1639520.000
2008-07-18,6.10,6.41,6.00,6.41,478178,2977678.000
2008-07-21,6.35,6.68,6.16,6.54,637054,4076612.000
2008-07-22,6.37,6.54,6.36,6.42,339281,2180626.000
2008-07-23,6.48,6.50,6.31,6.44,345898,2215767.000
2008-07-24,6.45,6.66,6.37,6.56,392892,2566472.000
2008-07-25,6.65,6.85,6.41,6.78,1162193,7745820.000
2008-07-28,6.75,6.88,6.44,6.71,918922,6124992.000
2008-07-29,6.51,6.89,6.45,6.57,612798,4081948.000
2008-07-30,6.61,6.62,6.24,6.44,523009,3328413.000
2008-07-31,6.43,6.45,6.20,6.28,355100,2252848.000
2008-08-01,6.29,6.48,6.05,6.43,369550,2324138.000
2008-08-04,6.24,6.44,6.24,6.31,184400,1167313.000
2008-08-05,6.20,6.35,6.12,6.16,213709,1332070.000
2008-08-06,6.14,6.34,6.06,6.20,142700,875938.000
2008-08-07,6.12,6.39,5.95,6.35,413450,2583827.000
2008-08-08,6.35,6.35,6.03,6.03,213799,1308886.000
2008-08-11,5.95,5.95,5.73,5.73,353100,2030244.000
2008-08-12,5.45,5.58,5.44,5.44,455550,2491159.000
2008-08-13,5.20,5.68,5.17,5.52,335099,1760691.000
2008-08-14,5.51,5.64,5.38,5.55,240700,1325127.000
2008-08-15,5.47,5.61,5.30,5.52,636099,3477034.000
2008-08-18,5.42,5.59,5.24,5.24,148200,787294.000
2008-08-19,5.09,5.20,4.98,5.07,287615,1448731.000
2008-08-20,4.87,5.32,4.85,5.30,621196,3239783.000
2008-08-21,5.20,5.32,5.05,5.18,333359,1733690.000
2008-08-22,5.08,5.18,4.99,5.14,207565,1057313.000
2008-08-25,5.10,5.26,4.91,5.13,317667,1626665.000
2008-08-26,5.02,5.09,4.87,4.87,734927,3629892.000
2008-08-27,4.74,4.95,4.63,4.63,534507,2536687.000
2008-08-28,4.43,4.58,4.40,4.40,557900,2460959.000
2008-08-29,4.56,4.56,4.40,4.50,976646,4376805.000
2008-09-01,4.49,4.49,4.28,4.28,225800,976492.000
2008-09-02,4.16,4.34,4.09,4.30,411717,1734157.000
2008-09-03,4.25,4.33,4.10,4.15,302812,1257272.000
2008-09-04,4.14,4.26,4.10,4.21,249100,1043710.000
2008-09-05,4.12,4.20,4.03,4.06,224740,918302.000
2008-09-08,4.06,4.07,3.86,3.86,354586,1378415.000
2008-09-09,3.80,3.80,3.67,3.67,622300,2291238.000
2008-09-10,3.60,3.72,3.49,3.65,621565,2213172.000
2008-09-11,3.55,3.57,3.47,3.47,360240,1258016.000
2008-09-12,3.40,3.47,3.30,3.39,407949,1371027.000
2008-09-16,3.30,3.34,3.22,3.25,730692,2386699.000
2008-09-17,3.15,3.32,3.15,3.26,212700,694067.000
2008-09-18,3.30,3.30,3.10,3.18,591800,1848096.000
2008-09-19,3.34,3.34,3.23,3.34,416679,1390570.000
2008-09-22,3.51,3.51,3.30,3.47,1953715,6778661.000
2008-09-23,3.37,3.38,3.30,3.30,811327,2684185.000
2008-09-24,3.25,3.47,3.19,3.47,2302500,7950539.000
2008-09-25,3.45,3.59,3.30,3.47,1695301,5773388.000
2008-09-26,3.47,3.64,3.36,3.64,1639969,5812094.000
2008-10-06,3.49,3.66,3.46,3.56,1008841,3579293.000
2008-10-07,3.40,3.71,3.39,3.68,1110451,3962632.000
2008-10-08,3.55,3.74,3.54,3.62,726597,2647919.000
2008-10-09,3.79,3.79,3.56,3.61,335322,1220452.000
2008-10-10,3.48,3.54,3.43,3.43,824508,2832618.000
2008-10-13,3.26,3.50,3.26,3.42,532453,1775053.000
2008-10-14,3.57,3.57,3.35,3.44,269539,922511.000
2008-10-15,3.44,3.46,3.32,3.38,217633,732245.000
2008-10-16,3.26,3.46,3.26,3.42,439140,1490670.000
2008-10-17,3.36,3.54,3.36,3.43,418408,1437611.000
2008-10-20,3.42,3.59,3.41,3.57,698550,2457084.000
2008-10-21,3.58,3.66,3.50,3.63,985963,3527875.000
2008-10-22,3.60,3.75,3.52,3.64,978909,3547604.000
2008-10-23,3.58,3.68,3.50,3.65,703669,2509627.000
2008-10-24,3.60,3.76,3.53,3.73,994338,3612633.000
2008-10-27,3.70,3.76,3.54,3.54,787300,2859946.000
2008-10-28,3.38,3.50,3.36,3.49,989515,3348836.000
2008-10-29,3.52,3.52,3.32,3.32,839565,2831108.000
2008-10-30,3.32,3.39,3.15,3.26,764287,2446965.000
2008-10-31,3.21,3.24,3.10,3.10,685400,2146109.000
2008-11-03,3.00,3.02,2.95,2.95,192900,570715.000
2008-11-04,3.01,3.10,2.80,2.86,911510,2688320.000
2008-11-05,2.83,2.96,2.80,2.91,992197,2849010.000
2008-11-06,2.82,2.93,2.76,2.76,407400,1130745.000
2008-11-07,2.70,2.90,2.62,2.90,713807,1991066.000
2008-11-10,2.90,3.05,2.88,3.04,681458,2049686.000
2008-11-11,3.02,3.10,3.00,3.03,470779,1423833.000
2008-11-12,3.04,3.10,3.00,3.09,193860,591721.000
2008-11-13,3.10,3.23,3.03,3.18,465051,1465026.000
2008-11-14,3.18,3.28,3.12,3.27,632651,2025445.000
2008-11-17,3.32,3.42,3.22,3.42,753773,2511630.000
2008-11-18,3.40,3.47,3.25,3.25,617900,2031341.000
2008-11-19,3.20,3.30,3.09,3.29,1213407,3859230.000
2008-11-20,3.26,3.34,3.13,3.21,690097,2211398.000
2008-11-21,3.08,3.24,3.06,3.19,593416,1868658.000
2008-11-24,3.17,3.27,3.11,3.19,366600,1171686.000
2008-11-25,3.19,3.35,3.17,3.31,1130773,3705897.000
2008-11-26,3.32,3.47,3.26,3.45,1138685,3863040.000
2008-11-27,3.45,3.62,3.45,3.46,1555999,5493688.000
2008-11-28,3.41,3.46,3.29,3.37,673676,2247176.000
2008-12-01,3.38,3.41,3.30,3.40,606406,2043421.000
2008-12-02,3.31,3.50,3.30,3.47,780500,2694287.000
2008-12-03,3.47,3.64,3.47,3.62,1167800,4206868.000
2008-12-04,3.66,3.66,3.54,3.58,2731640,9796181.000
2008-12-05,3.54,3.60,3.48,3.59,894637,3163583.000
2008-12-08,3.58,3.77,3.58,3.77,2472445,9150560.000
2008-12-09,3.74,3.96,3.68,3.85,2192812,8418092.000
2008-12-10,3.83,3.95,3.78,3.90,1222503,4728304.000
2008-12-11,3.90,3.97,3.80,3.87,1154008,4505013.000
2008-12-12,3.87,3.88,3.68,3.68,1277099,4825816.000
2008-12-15,3.65,3.80,3.58,3.65,432131,1576028.000
2008-12-16,3.61,3.71,3.47,3.70,543006,1953042.000
2008-12-17,3.71,3.78,3.61,3.75,1157723,4295350.000
2008-12-18,3.68,3.78,3.65,3.77,777060,2882952.000
2008-12-19,3.75,3.89,3.72,3.79,1057189,4028101.000
2008-12-22,3.73,3.84,3.66,3.77,778498,2936154.000
2008-12-23,3.80,3.83,3.58,3.58,946800,3468621.000
2008-12-24,3.55,3.55,3.40,3.40,960392,3278677.000
2008-12-25,3.38,3.46,3.35,3.46,497785,1703651.000
2008-12-26,3.44,3.60,3.44,3.56,649885,2291139.000
2008-12-29,3.56,3.58,3.44,3.55,423690,1475261.000
2008-12-30,3.50,3.54,3.44,3.51,555955,1931406.000
2008-12-31,3.58,3.59,3.42,3.43,461000,1602229.000
2009-01-05,3.40,3.52,3.35,3.51,437267,1512417.000
2009-01-06,3.50,3.61,3.47,3.57,645429,2289120.000
2009-01-07,3.57,3.75,3.56,3.75,2517186,9399399.000
2009-01-08,3.75,3.77,3.63,3.74,854126,3172552.000
2009-01-09,3.78,3.86,3.70,3.82,1119553,4242737.000
2009-01-12,3.80,3.88,3.75,3.83,1105869,4225943.000
2009-01-13,3.86,3.86,3.66,3.73,800186,2995530.000
2009-01-14,3.73,3.85,3.66,3.82,428328,1617737.000
2009-01-15,3.77,3.92,3.74,3.92,1262967,4846567.000
2009-01-16,3.91,4.06,3.88,3.91,1141800,4519494.000
2009-01-19,3.91,4.05,3.85,3.95,1222700,4824153.000
2009-01-20,3.90,3.98,3.87,3.96,577769,2263197.000
2009-01-21,3.87,3.99,3.77,3.96,1908105,7403685.000
2009-01-22,3.96,4.12,3.86,4.02,1320300,5275335.000
2009-01-23,4.01,4.12,3.96,4.07,812956,3311068.000
2009-02-02,4.00,4.23,4.00,4.21,956473,3942175.000
2009-02-03,4.21,4.26,4.15,4.23,908190,3818291.000
2009-02-04,4.21,4.31,4.18,4.30,922429,3929369.000
2009-02-05,4.32,4.43,4.20,4.29,1409800,6071714.000
2009-02-06,4.25,4.42,4.23,4.39,1139913,4963809.000
2009-02-09,4.40,4.51,4.35,4.44,1151281,5099475.000
2009-02-10,4.44,4.47,4.34,4.45,1245557,5489862.000
2009-02-11,4.41,4.67,4.32,4.59,2928176,13321234.000
2009-02-12,4.48,4.62,4.42,4.61,1505956,6813196.000
2009-02-13,4.61,4.79,4.59,4.77,1837733,8597725.000
2009-02-16,4.77,5.01,4.75,5.01,2562445,12458814.000
2009-02-17,5.25,5.26,4.93,5.00,3294403,17115424.000
2009-02-18,4.80,5.25,4.75,5.25,3074609,15115908.000
2009-02-19,5.50,5.51,5.25,5.51,2442085,13424309.000
2009-02-20,5.79,5.79,5.60,5.79,5192521,29950090.000
2009-02-23,6.06,6.08,5.95,6.08,3711946,22502280.000
2009-02-24,6.27,6.38,5.90,5.96,8154855,51152428.000
2009-02-25,6.01,6.23,5.66,5.85,3688119,21574408.000
2009-02-26,5.78,5.91,5.56,5.57,2362134,13440673.000
2009-02-27,5.32,5.50,5.29,5.29,1464152,7762800.000
2009-03-02,5.20,5.32,5.03,5.14,1421414,7303181.000
2009-03-03,5.00,5.27,4.88,5.18,2231999,11236941.000
2009-03-04,5.19,5.44,5.12,5.44,1859452,9897436.000
2009-03-05,5.53,5.53,5.17,5.24,2090060,11112197.000
2009-03-06,5.10,5.19,5.01,5.17,754958,3864572.000
2009-03-09,5.11,5.26,4.95,5.01,1018590,5190485.000
2009-03-10,5.00,5.14,4.91,5.13,896354,4490077.000
2009-03-11,5.25,5.30,5.03,5.15,1371736,7140898.000
2009-03-12,5.14,5.41,5.14,5.41,1293887,6932223.000
2009-03-13,5.56,5.68,5.26,5.29,2371618,13175195.000
2009-03-16,5.25,5.35,5.10,5.32,1102923,5747669.000
2009-03-17,5.50,5.50,5.23,5.47,1026537,5559446.000
2009-03-18,5.50,5.61,5.37,5.58,1357603,7508862.000
2009-03-19,5.58,5.75,5.51,5.68,1407350,7928245.000
2009-03-20,5.58,5.68,5.40,5.47,2164766,11973775.000
2009-03-23,5.50,5.62,5.41,5.49,1153335,6366942.000
2009-03-24,5.55,5.76,5.48,5.76,1947126,11031408.000
2009-03-25,5.77,5.98,5.64,5.69,2230430,13012186.000
2009-03-26,5.64,5.93,5.45,5.82,1500028,8548340.000
2009-03-27,5.84,5.89,5.72,5.85,1371700,7980636.000
2009-03-30,5.84,6.14,5.84,6.08,1748954,10585373.000
2009-03-31,6.38,6.38,6.09,6.28,4377729,27514652.000
2009-04-01,6.30,6.36,6.06,6.10,2484336,15318219.000
2009-04-02,6.10,6.20,6.07,6.14,1654289,10144160.000
2009-04-03,6.15,6.15,5.84,5.90,1877481,11174837.000
2009-04-07,5.89,6.03,5.75,5.81,2032700,11899744.000
2009-04-08,5.81,5.90,5.72,5.74,2524295,14663643.000
2009-04-09,5.84,5.90,5.69,5.82,1386643,8065697.000
2009-04-10,5.89,6.11,5.84,5.96,2871205,17215840.000
2009-04-13,6.08,6.08,5.91,5.94,1574630,9376273.000
2009-04-14,5.92,6.23,5.90,6.22,2850019,17333340.000
2009-04-15,6.15,6.37,6.03,6.13,2298687,14173497.000
2009-04-16,6.08,6.29,6.05,6.20,2225279,13750462.000
2009-04-17,6.22,6.29,6.10,6.24,2659353,16490146.000
2009-04-20,6.25,6.55,6.25,6.55,3236384,21139604.000
2009-04-21,6.65,6.88,6.55,6.88,6533227,44158784.000
2009-04-22,6.95,6.96,6.54,6.54,4058639,27260350.000
2009-04-23,6.26,6.46,6.21,6.24,3806721,23824032.000
2009-04-24,6.34,6.55,6.20,6.53,3645648,23504336.000
2009-04-27,6.39,6.58,6.20,6.21,2935171,18405164.000
2009-04-28,6.03,6.10,5.90,5.90,2510612,14901147.000
2009-04-29,5.91,6.08,5.83,6.03,1863800,11187505.000
2009-04-30,6.03,6.23,6.02,6.22,1129485,6954101.000
2009-05-04,6.11,6.45,6.11,6.37,1336569,8438720.000
2009-05-05,6.39,6.44,6.26,6.42,1511872,9592983.000
2009-05-06,6.45,6.59,6.33,6.53,2213197,14299127.000
2009-05-07,6.53,6.59,6.31,6.38,2190710,14028468.000
2009-05-08,6.36,6.70,6.31,6.70,4405843,29332296.000
2009-05-11,6.79,7.04,6.72,7.03,6388162,44696792.000
2009-05-12,6.81,7.15,6.75,7.12,3801459,26536832.000
2009-05-13,7.13,7.20,7.01,7.12,2017532,14305305.000
2009-05-14,7.06,7.14,7.00,7.05,1849910,13092344.000
2009-05-15,7.13,7.40,7.08,7.40,1498772,11012529.000
2009-05-18,7.77,7.77,7.60,7.77,2535932,19683528.000
2009-05-19,8.16,8.16,8.10,8.16,1159426,9459484.000
2009-05-21,8.40,8.40,7.81,8.16,4099679,33369076.000
2009-05-22,8.00,8.17,7.75,7.75,2383510,18869738.000
2009-05-25,7.36,7.54,7.36,7.36,2870669,21158616.000
2009-05-26,7.36,7.67,7.34,7.46,963148,7241123.000
2009-05-27,7.54,7.83,7.53,7.83,1353924,10570372.000
2009-06-01,8.19,8.22,8.10,8.22,1979029,16263365.000
2009-06-02,8.63,8.63,7.99,8.04,2721042,22448752.000
2009-06-03,7.90,8.40,7.87,8.27,2209899,18330368.000
2009-06-04,8.36,8.39,8.05,8.27,1527090,12521134.000
2009-06-05,8.27,8.41,8.15,8.20,1502217,12350969.000
2009-06-08,8.20,8.61,8.15,8.61,2299316,19457952.000
2009-06-09,8.86,9.04,8.72,9.04,862015,7773761.000
2009-06-10,9.49,9.49,9.10,9.38,2699213,25220108.000
2009-06-11,9.31,9.85,8.92,9.83,1987718,19319128.000
2009-06-12,9.85,10.32,9.85,10.16,3171046,32254364.000
2009-06-15,10.17,10.62,9.65,9.95,3623315,36120928.000
2009-06-16,9.93,10.20,9.53,9.90,1330857,13101552.000
2009-06-17,10.00,10.19,9.76,10.08,958498,9582826.000
2009-06-18,10.22,10.22,9.98,10.16,955358,9693246.000
2009-06-19,10.27,10.39,9.83,9.95,984709,9838981.000
2009-06-22,10.17,10.17,9.85,9.91,798199,7950232.000
2009-06-23,9.95,9.95,9.61,9.66,1176042,11424167.000
2009-06-24,9.60,9.75,9.18,9.38,2805624,26025356.000
2009-06-25,9.29,9.55,8.96,9.54,4073439,37300968.000
2009-06-26,9.35,9.52,9.19,9.25,2261639,21086892.000
2009-06-29,9.16,9.25,9.00,9.10,1562909,14237623.000
2009-06-30,9.17,9.35,9.11,9.15,1740241,16087817.000
2009-07-01,9.25,9.30,9.06,9.18,1223168,11194646.000
2009-07-02,9.14,9.25,9.07,9.15,1571680,14363673.000
2009-07-03,9.15,9.15,8.69,8.87,3617538,32041376.000
2009-07-06,8.85,8.85,8.60,8.67,2162611,18761042.000
2009-07-07,8.67,9.04,8.64,8.99,2171859,19402092.000
2009-07-08,9.00,9.00,8.70,8.84,2153083,18914660.000
2009-07-09,8.85,9.01,8.84,8.97,2531592,22610542.000
2009-07-10,8.95,9.26,8.91,9.13,3159764,28789572.000
2009-07-13,9.11,9.39,9.03,9.35,2733860,25185572.000
2009-07-14,9.35,9.35,9.21,9.34,2299649,21340104.000
2009-07-15,9.36,9.39,9.11,9.16,2477792,22753668.000
2009-07-16,9.18,9.20,8.87,8.88,3481353,31271754.000
2009-07-17,8.88,8.91,8.73,8.88,3059530,26968600.000
2009-07-20,8.88,9.08,8.88,9.02,2663378,23933988.000
2009-07-21,9.03,9.06,8.65,8.69,2501257,22118110.000
2009-07-22,8.78,8.87,8.68,8.73,1749782,15301979.000
2009-07-23,8.88,9.17,8.73,9.17,5930260,54027008.000
2009-07-24,9.21,9.35,9.05,9.29,5168301,47514916.000
2009-07-27,9.30,9.75,9.30,9.53,4246780,40737144.000
2009-07-28,9.65,9.67,9.30,9.45,2434098,22945032.000
2009-07-29,9.46,9.49,8.98,8.98,2769300,25257756.000
2009-07-30,8.54,8.79,8.53,8.62,4521805,38679324.000
2009-07-31,8.60,8.76,8.48,8.72,2558046,22053328.000
2009-08-03,8.73,8.98,8.58,8.94,2208556,19247704.000
2009-08-04,8.82,8.97,8.74,8.87,1826614,16160351.000
2009-08-05,8.81,8.98,8.74,8.80,1900297,16786660.000
2009-08-06,8.80,8.80,8.36,8.48,2214905,18936752.000
2009-08-07,8.47,8.70,8.40,8.49,1775319,15203580.000
2009-08-10,8.52,8.71,8.32,8.46,1080631,9157307.000
2009-08-11,8.50,8.61,8.46,8.56,1041420,8880457.000
2009-08-12,8.56,8.57,8.13,8.13,2174600,17843816.000
2009-08-13,8.10,8.27,7.77,8.11,1873608,14953239.000
2009-08-14,8.11,8.11,7.72,7.83,1304692,10262841.000
2009-08-17,7.47,7.92,7.44,7.52,1564374,12019516.000
2009-08-18,7.61,7.88,7.46,7.72,1345893,10355738.000
2009-08-19,7.76,8.11,7.66,7.84,2474050,19687828.000
2009-08-20,7.76,8.13,7.70,7.99,1871422,14886446.000
2009-08-21,8.04,8.25,7.95,8.09,1639729,13302059.000
2009-08-24,8.09,8.32,8.01,8.20,1724700,14148207.000
2009-08-25,8.55,8.59,8.02,8.14,2418579,19965062.000
2009-08-26,8.14,8.36,8.01,8.19,1780355,14588553.000
2009-08-27,8.20,8.52,8.12,8.50,2385247,19887628.000
2009-08-28,8.52,8.93,8.52,8.93,4835844,43030272.000
2009-08-31,9.00,9.23,8.73,9.02,4482665,40246004.000
2009-09-01,8.75,9.34,8.75,8.81,2496489,22587876.000
2009-09-02,8.70,9.10,8.60,8.89,1803185,15980291.000
2009-09-03,8.81,9.27,8.81,9.13,2522805,22749992.000
2009-09-04,9.11,9.19,8.90,9.14,1864916,16805488.000
2009-09-07,9.16,9.39,9.02,9.13,3182978,29294844.000
2009-09-08,8.71,9.10,8.71,8.99,1845480,16576142.000
2009-09-09,8.78,9.08,8.71,9.03,2526157,22334224.000
2009-09-10,8.89,9.24,8.82,8.93,1835038,16511669.000
2009-09-11,9.00,9.19,8.86,9.16,1721199,15576134.000
2009-09-14,9.17,9.54,9.16,9.44,3279279,30780104.000
2009-09-15,9.50,9.53,9.25,9.47,1872612,17570626.000
2009-09-16,9.48,9.73,9.32,9.70,3284831,31587528.000
2009-09-17,9.77,10.19,9.65,10.19,4488654,44945660.000
2009-09-18,10.23,10.45,9.87,10.02,3626172,36985736.000
2009-09-21,10.00,10.07,9.67,9.88,2652439,26056962.000
2009-09-22,9.88,9.90,9.46,9.50,1713650,16694941.000
2009-09-23,9.55,9.98,9.55,9.98,5342856,53206832.000
2009-09-24,9.94,9.94,9.48,9.54,3976928,38048148.000
2009-09-25,9.48,9.67,9.08,9.47,1511908,14288775.000
2009-09-28,9.54,9.94,9.38,9.55,2532391,24754218.000
2009-09-29,9.55,9.99,9.21,9.60,1658148,15870136.000
2009-10-15,10.01,10.01,9.12,9.12,5965405,55230500.000
2009-10-16,9.02,9.12,8.66,8.98,5213022,45797344.000
2009-10-19,8.85,8.99,8.71,8.95,4363865,38762556.000
2009-10-20,9.04,9.34,8.95,9.30,4258121,38938176.000
2009-10-21,9.29,9.39,9.13,9.28,3787109,35053512.000
2009-10-22,9.20,9.41,9.02,9.07,3088520,28212336.000
2009-10-23,9.34,9.34,9.07,9.13,2349603,21566424.000
2009-10-26,9.04,9.14,8.78,8.89,2196971,19630456.000
2009-10-27,8.89,9.03,8.70,8.87,2113364,18710660.000
2009-10-28,8.81,8.95,8.73,8.90,2146171,18958712.000
2009-10-29,8.87,9.35,8.70,9.24,5106254,46900836.000
2009-11-02,9.12,9.19,8.79,9.16,2516052,22785160.000
2009-11-03,9.17,9.33,9.10,9.19,2133073,19587404.000
2009-11-04,9.19,9.38,9.11,9.18,2600651,23937142.000
2009-11-05,9.23,9.24,9.10,9.19,1842002,16892694.000
2009-11-06,9.23,9.33,9.11,9.20,2428246,22433096.000
2009-11-09,9.21,9.49,9.18,9.39,2732948,25580816.000
2009-11-10,9.39,9.42,9.22,9.33,2030998,18894356.000
2009-11-11,9.30,9.50,9.21,9.39,2164962,20284168.000
2009-11-12,9.39,9.60,9.35,9.48,3007928,28563172.000
2009-11-13,9.49,9.59,9.28,9.50,2118983,20001222.000
2009-11-16,9.60,9.74,9.47,9.52,2472786,23627386.000
2009-11-17,9.52,9.62,9.14,9.36,3126322,29254020.000
2009-11-18,9.28,9.43,9.14,9.32,3064996,28518016.000
2009-11-19,9.30,9.47,9.29,9.35,3322581,31079816.000
2009-11-20,9.35,9.60,9.28,9.57,5772399,54874368.000
2009-11-23,9.59,9.96,9.59,9.85,5188103,50857980.000
2009-11-24,9.99,9.99,9.36,9.36,5358496,51710704.000
2009-11-25,9.28,9.53,9.15,9.42,3269957,30487740.000
2009-11-26,9.46,9.46,8.95,8.95,3640331,33421456.000
2009-11-27,8.72,8.88,8.50,8.50,2751566,23703364.000
2009-11-30,8.49,8.91,8.48,8.64,3077415,26737084.000
2009-12-01,8.68,8.94,8.68,8.88,2308994,20308500.000
2009-12-02,8.92,9.14,8.86,8.98,2555962,23035962.000
2009-12-03,8.98,9.04,8.89,9.02,1846428,16548722.000
2009-12-04,9.02,9.19,8.71,9.02,2910661,26253338.000
2009-12-07,9.02,9.12,8.94,9.09,1761133,15922614.000
2009-12-08,9.09,9.25,9.06,9.17,2645965,24196332.000
2009-12-09,9.12,9.18,8.94,8.96,1729520,15652568.000
2009-12-10,8.97,9.11,8.97,9.05,895959,8101554.000
2009-12-11,9.06,9.10,8.95,8.99,1544900,13913630.000
2009-12-14,8.95,9.05,8.59,8.98,1672470,14639793.000
2009-12-15,8.99,9.18,8.81,8.87,794425,7095819.000
2009-12-16,8.95,8.95,8.71,8.77,903611,7969533.000
2009-12-17,8.78,8.78,8.46,8.54,1385540,11902651.000
2009-12-18,8.49,8.49,8.11,8.12,1547919,12768045.000
2009-12-21,8.11,8.35,8.08,8.31,1283350,10563668.000
2009-12-22,8.39,8.73,8.30,8.59,3331466,28837008.000
2009-12-23,8.50,8.65,8.42,8.50,1687638,14376548.000
2009-12-24,8.50,8.90,8.50,8.86,1747079,15094269.000
2009-12-25,8.73,8.93,8.63,8.89,1284487,11331371.000
2009-12-28,8.85,9.08,8.76,8.95,2245974,20088116.000
2009-12-29,9.00,9.02,8.79,8.99,2193977,19520848.000
2009-12-30,8.96,9.05,8.90,9.04,1389089,12496756.000
2009-12-31,8.99,9.09,8.88,8.99,888163,7942417.000
2010-01-04,9.00,9.04,8.95,8.96,1042100,9366979.000
2010-01-05,8.90,9.16,8.82,9.12,1839657,16518338.000
2010-01-06,9.08,9.27,9.00,9.02,1075379,9825546.000
2010-01-07,9.03,9.18,8.95,9.03,1455011,13212989.000
2010-01-11,9.12,9.48,9.01,9.48,5676940,53486000.000
2010-01-12,9.48,9.55,9.22,9.47,2113370,19797016.000
2010-01-13,9.37,9.46,9.23,9.27,1454774,13541586.000
2010-01-14,9.27,9.35,9.15,9.34,1793471,16578656.000
2010-01-15,9.34,9.40,9.20,9.33,1021591,9511797.000
2010-01-18,9.33,9.45,9.20,9.36,1906995,17776268.000
2010-01-19,9.44,9.60,9.29,9.54,2924685,27662644.000
2010-01-20,9.60,9.63,9.29,9.32,2726403,25643344.000
2010-01-21,9.21,9.37,9.12,9.33,2027629,18691124.000
2010-01-22,9.29,9.29,9.00,9.11,1041010,9464777.000
2010-01-25,9.01,9.13,8.89,8.92,644511,5795915.000
2010-01-26,8.96,9.08,8.47,8.48,1165108,9978427.000
2010-01-27,8.57,8.57,8.20,8.39,995894,8282284.000
2010-01-28,8.50,8.55,8.25,8.41,364098,3062258.000
2010-01-29,8.41,8.67,8.30,8.50,574141,4897431.000
2010-02-01,8.29,8.54,8.22,8.44,543049,4542799.000
2010-02-02,8.45,8.60,8.41,8.48,657914,5585083.000
2010-02-03,8.40,8.64,8.35,8.51,725295,6169157.000
2010-02-04,8.47,8.60,8.46,8.51,1856970,15854036.000
2010-02-05,8.41,8.60,8.35,8.45,856688,7252577.000
2010-02-08,8.46,8.49,8.32,8.43,500701,4217691.000
2010-02-09,8.43,8.62,8.41,8.49,543116,4625069.000
2010-02-10,8.55,8.60,8.50,8.60,385101,3300198.000
2010-02-11,8.60,8.77,8.60,8.65,612700,5323191.000
2010-02-12,8.65,9.08,8.65,9.08,2548457,22939612.000
2010-02-22,9.17,9.17,8.91,9.04,781021,7048616.000
2010-02-23,8.95,9.08,8.81,9.00,794611,7096317.000
2010-02-24,8.91,9.10,8.90,9.05,1430150,12896358.000
2010-02-25,9.02,9.17,9.00,9.14,1861260,16893348.000
2010-02-26,9.13,9.30,9.02,9.19,1309403,12028658.000
2010-03-01,9.20,9.45,9.15,9.30,1779809,16647951.000
2010-03-02,9.31,9.73,9.19,9.42,2720908,25718312.000
2010-03-03,9.40,9.64,9.29,9.47,2773588,26271236.000
2010-03-04,9.47,9.65,9.18,9.21,2239151,21091200.000
2010-03-05,9.33,9.55,9.23,9.31,883472,8268471.000
2010-03-08,9.35,9.55,9.31,9.43,804810,7624249.000
2010-03-09,9.36,9.75,9.35,9.55,1968876,18867572.000
2010-03-10,9.51,9.62,9.40,9.48,853142,8100417.000
2010-03-11,9.50,9.54,9.20,9.38,1348164,12619961.000
2010-03-12,9.29,9.43,9.23,9.24,957663,8932140.000
2010-03-15,9.25,9.27,9.00,9.12,943620,8582485.000
2010-03-16,9.12,9.29,9.12,9.28,565957,5214237.000
2010-03-17,9.35,9.45,9.17,9.44,682677,6396967.000
2010-03-18,9.49,9.49,9.31,9.38,833890,7852070.000
2010-03-19,9.47,9.52,9.35,9.48,1133636,10692126.000
2010-03-22,9.48,9.94,9.47,9.79,2505352,24360960.000
2010-03-23,9.75,9.96,9.61,9.76,1494852,14676234.000
2010-03-24,9.72,9.96,9.64,9.71,1784766,17462716.000
2010-03-25,9.76,9.76,9.50,9.51,1396340,13361445.000
2010-03-26,9.51,9.74,9.45,9.59,1135864,10888968.000
2010-03-29,9.77,9.77,9.55,9.62,1022378,9825219.000
2010-03-30,9.74,9.74,9.50,9.60,1010095,9705936.000
2010-03-31,9.68,9.76,9.53,9.74,1636940,15819415.000
2010-04-01,9.76,10.08,9.75,9.88,1994002,19821390.000
2010-04-02,9.88,9.94,9.74,9.79,1570701,15412230.000
2010-04-06,9.81,10.07,9.66,9.98,2137446,21127968.000
2010-04-07,9.96,10.20,9.80,10.02,1919428,19366710.000
2010-04-08,10.10,10.49,10.00,10.29,2199904,22719144.000
2010-04-09,10.29,10.44,10.20,10.39,1616980,16688140.000
2010-04-12,10.62,10.91,10.62,10.91,2405049,26181704.000
2010-05-13,10.36,10.36,10.36,10.36,30600,317016.000
2010-05-14,9.84,9.84,9.84,9.84,84400,830496.000
2010-05-17,9.35,9.35,9.35,9.35,73200,684420.000
2010-05-18,8.88,8.88,8.88,8.88,30500,270840.000
2010-05-19,8.44,8.44,8.44,8.44,306100,2583484.000
2010-05-20,8.02,8.02,8.02,8.02,329500,2642590.000
2010-05-21,7.62,7.90,7.62,7.81,8690179,66816308.000
2010-05-24,7.66,8.20,7.52,8.13,6438753,50845024.000
2010-05-25,7.95,8.09,7.80,7.88,2891095,22850932.000
2010-05-26,7.80,7.99,7.75,7.97,2128557,16847744.000
2010-05-27,7.97,8.35,7.80,8.22,3064882,24862724.000
2010-05-28,8.22,8.63,8.16,8.52,3273902,27702008.000
2010-05-31,8.50,8.75,8.40,8.43,2961055,25454728.000
2010-06-01,8.30,8.55,8.15,8.50,1963267,16407192.000
2010-06-02,8.37,8.59,8.31,8.58,1324031,11179686.000
2010-06-03,8.50,8.66,8.31,8.31,1354640,11474639.000
2010-06-04,8.25,8.51,8.23,8.45,821820,6910413.000
2010-06-07,8.20,8.70,8.17,8.63,1714295,14594312.000
2010-06-08,8.70,8.80,8.53,8.66,1822243,15842551.000
2010-06-09,8.73,8.93,8.63,8.80,1348319,11882636.000
2010-06-10,8.80,9.08,8.73,9.01,1440664,12882096.000
2010-06-11,9.05,9.15,8.80,8.82,1971841,17608484.000
2010-06-17,8.88,8.88,8.62,8.64,1210005,10605762.000
2010-06-21,8.50,8.79,8.24,8.50,2488433,21368142.000
2010-06-22,8.50,8.65,8.43,8.51,1251809,10697290.000
2010-06-23,8.46,8.64,8.46,8.61,694846,5954841.000
2010-06-24,8.55,8.68,8.55,8.58,579821,4997460.000
2010-06-25,8.53,8.62,8.29,8.31,830480,6990538.000
2010-06-28,8.29,8.45,8.20,8.23,876746,7272997.000
2010-06-29,8.29,8.33,7.82,7.82,1396500,11068717.000
2010-06-30,7.62,7.86,7.53,7.83,571292,4423954.000
2010-07-01,7.83,8.03,7.69,7.80,942530,7433123.000
2010-07-02,7.88,8.09,7.75,8.00,889291,6960937.000
2010-07-05,7.95,8.13,7.80,8.00,918513,7296347.000
2010-07-06,7.91,8.23,7.91,8.21,908220,7373792.000
2010-07-07,8.25,8.38,8.23,8.36,710506,5915122.000
2010-07-08,8.37,8.58,8.28,8.38,1768700,14930021.000
2010-07-09,8.36,8.56,8.31,8.49,751584,6361851.000
2010-07-12,8.49,8.58,8.36,8.53,334412,2849400.000
2010-07-13,8.50,8.53,8.35,8.39,517900,4359746.000
2010-07-14,8.39,8.58,8.39,8.42,505102,4294673.000
2010-07-15,8.42,8.50,8.32,8.34,435600,3659529.000
2010-07-16,8.32,8.37,8.12,8.33,1158098,9500238.000
2010-07-19,8.32,8.44,8.15,8.42,563999,4690590.000
2010-07-20,8.53,8.56,8.39,8.56,830188,7058323.000
2010-07-21,8.49,8.61,8.48,8.59,681205,5825660.000
2010-07-22,8.57,8.63,8.53,8.63,617399,5303551.000
2010-07-23,8.61,8.65,8.55,8.64,635415,5470261.000
2010-07-26,8.65,8.75,8.60,8.70,831911,7198883.000
2010-07-27,8.70,8.77,8.61,8.73,968240,8430670.000
2010-07-28,8.65,8.85,8.63,8.83,1705313,14897424.000
2010-07-29,8.80,8.87,8.71,8.83,1292411,11345378.000
2010-07-30,8.80,9.06,8.78,9.00,1615629,14404764.000
2010-08-02,9.03,9.10,8.88,9.00,2221928,19919960.000
2010-08-03,8.92,9.05,8.75,8.86,1580348,14154618.000
2010-08-04,8.85,8.94,8.75,8.92,902874,7989338.000
2010-08-05,8.87,9.10,8.87,9.03,2151103,19354528.000
2010-08-06,8.95,9.10,8.60,9.09,1739056,15571363.000
2010-08-09,9.04,9.12,8.99,9.10,1517129,13752815.000
2010-08-10,9.08,9.44,9.02,9.28,4375905,40247520.000
2010-08-11,9.17,9.70,9.17,9.40,1948020,18351800.000
2010-08-12,9.51,9.54,9.28,9.39,1764222,16606855.000
2010-08-13,9.33,9.41,9.13,9.37,1244104,11555117.000
2010-08-16,9.39,9.43,9.26,9.38,2319579,21700582.000
2010-08-17,9.39,9.42,9.28,9.33,1184823,11065463.000
2010-08-18,9.31,9.37,9.16,9.25,1525027,14097113.000
2010-08-19,9.24,9.28,9.14,9.25,1287976,11880840.000
2010-08-20,9.25,9.27,9.03,9.06,1610241,14773640.000
2010-08-23,9.11,9.29,9.11,9.27,857745,7901791.000
2010-08-24,9.28,9.40,9.18,9.34,907519,8464180.000
2010-08-25,9.20,9.52,9.20,9.46,2164315,20434876.000
2010-08-26,9.50,9.93,9.50,9.93,3680427,36394132.000
2010-08-27,9.94,9.94,9.71,9.81,1367737,13407441.000
2010-08-30,9.90,9.94,9.78,9.86,1923239,18895844.000
2010-08-31,9.85,9.92,9.75,9.87,856465,8416150.000
2010-09-01,9.82,9.89,9.57,9.63,1257108,12204396.000
2010-09-02,9.65,9.74,9.62,9.73,1092566,10575153.000
2010-09-03,9.76,10.14,9.68,9.86,1541422,15273772.000
2010-09-06,9.95,9.95,9.73,9.87,1100079,10829290.000
2010-09-07,9.87,9.89,9.73,9.84,931626,9116765.000
2010-09-08,9.76,9.84,9.72,9.82,949790,9287746.000
2010-09-09,9.85,10.25,9.78,10.04,2709106,27163256.000
2010-09-10,10.05,10.18,9.84,10.13,1391050,13953737.000
2010-09-13,10.15,10.64,10.05,10.42,2547007,26480424.000
2010-09-14,10.40,10.94,10.40,10.94,4229688,45768328.000
2010-09-15,11.49,11.49,11.49,11.49,216891,2492078.000
2010-11-08,12.06,12.06,12.06,12.06,25010,301621.000
2010-11-09,12.66,12.66,12.66,12.66,11051,139906.000
2010-11-10,13.29,13.29,13.29,13.29,99360,1320494.000
2010-11-11,13.95,13.95,13.95,13.95,169911,2370258.000
2010-11-12,14.65,14.65,14.45,14.65,13736254,201212288.000
2010-11-15,15.30,15.38,14.30,15.37,16162164,243251072.000
2010-11-16,14.60,15.30,14.60,14.60,5305975,78066328.000
2010-11-17,13.87,14.79,13.87,13.87,4638631,65286688.000
2010-11-18,13.91,14.56,13.90,14.56,3209246,45578700.000
2010-11-19,14.92,15.00,14.58,14.89,3036523,44786472.000
2010-11-22,14.86,15.13,14.19,14.27,2896868,42607856.000
2010-11-23,14.18,14.47,13.76,14.28,1826027,25787648.000
2010-11-24,14.01,14.82,13.92,14.55,1985443,28993514.000
2010-11-25,14.65,15.28,14.57,15.28,5263618,79447720.000
2010-11-26,15.18,16.04,14.70,15.85,3783652,58958548.000
2010-11-29,15.68,16.18,15.28,15.88,2169668,34226668.000
2010-11-30,15.86,15.98,15.09,15.50,4030793,62134892.000
2010-12-01,15.20,16.28,15.20,16.28,4676706,75420640.000
2010-12-02,16.39,17.09,16.22,17.09,2543433,42908792.000
2010-12-03,17.18,17.78,16.60,17.35,2939819,50822176.000
2010-12-06,17.40,18.10,17.30,17.89,2512239,44540732.000
2010-12-07,17.62,18.00,17.40,17.54,1579389,27890528.000
2010-12-08,17.50,17.72,16.76,17.02,2095787,35791304.000
2010-12-09,17.05,17.86,16.81,17.69,2127214,36875452.000
2010-12-10,17.66,17.98,17.10,17.21,1271414,22182472.000
2010-12-13,17.38,17.97,17.10,17.91,2572163,45555032.000
2010-12-14,17.98,18.04,17.72,17.85,1012103,18099670.000
2010-12-15,18.00,18.74,17.80,18.74,1294399,24109048.000
2010-12-16,19.23,19.68,18.66,19.65,1866078,35809428.000
2010-12-17,19.50,20.44,19.22,20.21,1966488,39577076.000
2010-12-20,20.23,20.60,19.61,19.86,1644134,32976732.000
2010-12-21,19.98,20.15,19.66,20.10,1007603,20023388.000
2010-12-22,20.01,20.46,19.70,20.11,1366844,27389318.000
2010-12-23,19.85,21.12,19.10,20.68,4474332,90680920.000
2010-12-24,20.16,20.85,19.65,19.65,1830719,36646076.000
2010-12-27,19.22,20.09,18.67,19.65,2269430,43211220.000
2010-12-29,20.63,20.63,18.67,18.67,1499285,28386990.000
2010-12-30,18.40,18.85,17.80,18.59,1523580,28033740.000
2010-12-31,18.56,19.52,18.20,19.47,2307576,43703720.000
2011-01-04,19.70,20.32,19.23,20.23,2311516,45476220.000
2011-01-05,20.55,20.90,19.75,20.65,2010518,40687364.000
2011-01-06,20.40,21.58,20.10,20.95,2186833,45849072.000
2011-01-07,20.71,21.18,20.65,20.89,769991,16135145.000
2011-01-10,20.60,20.87,19.85,19.85,1005031,20255492.000
2011-01-11,19.91,19.91,19.11,19.41,629800,12193462.000
2011-01-12,19.38,19.71,19.22,19.59,422590,8238326.000
2011-01-13,19.42,19.66,19.00,19.34,335400,6486537.000
2011-01-14,19.05,19.36,18.37,18.37,784401,14768552.000
2011-01-17,18.01,18.36,17.45,17.45,682303,12021405.000
2011-01-18,17.05,18.32,16.58,18.07,1642007,28006898.000
2011-01-19,18.97,18.97,17.75,18.25,640951,11707887.000
2011-01-20,18.30,18.30,17.34,17.34,526500,9267196.000
2011-01-21,16.80,17.47,16.80,17.01,538571,9197247.000
2011-01-24,16.90,17.18,16.16,16.63,975695,16160273.000
2011-01-25,16.63,16.76,16.12,16.54,966241,15920039.000
2011-01-26,16.54,17.03,16.30,17.00,326314,5442222.000
2011-01-27,16.95,17.35,16.51,17.28,641828,10876538.000
2011-01-28,17.30,17.35,16.90,17.27,231110,3950961.000
2011-01-31,17.50,17.50,16.84,17.05,548701,9378125.000
2011-02-01,16.82,16.92,16.20,16.20,1561495,25444452.000
2011-02-09,15.68,16.68,15.65,16.23,800459,12849082.000
2011-02-10,16.22,16.89,15.92,16.55,1068667,17654352.000
2011-02-11,16.58,17.37,16.38,17.25,1269965,21470936.000
2011-02-14,17.28,18.05,17.01,17.93,1169844,20569336.000
2011-02-15,17.90,18.50,17.71,18.03,1404277,25425008.000
2011-02-16,18.15,18.30,17.58,17.97,1030869,18501664.000
2011-02-17,17.83,17.97,17.50,17.76,570655,10084760.000
2011-02-18,17.96,18.18,17.58,18.04,1131951,20210204.000
2011-02-21,18.10,18.94,18.04,18.94,2197177,41191208.000
2011-02-23,18.94,18.94,18.00,18.35,1229174,22501294.000
2011-02-24,18.29,18.35,17.80,17.85,739312,13295880.000
2011-02-25,17.90,18.73,17.87,18.44,1206945,22129922.000
2011-03-01,18.68,19.14,18.13,18.86,1796330,33641196.000
2011-03-02,18.60,18.77,18.26,18.26,730442,13442149.000
2011-03-03,18.19,18.52,17.78,17.86,566489,10317014.000
2011-03-04,18.00,18.00,17.70,17.92,509192,9063711.000
2011-03-07,18.00,18.01,17.55,17.68,762768,13517109.000
2011-03-08,17.69,17.73,16.88,17.16,1588783,27239308.000
2011-03-09,17.13,17.40,17.02,17.26,968580,16645763.000
2011-03-10,17.35,17.35,17.05,17.17,581279,9971772.000
2011-03-11,17.18,17.18,16.85,16.95,679153,11528479.000
2011-03-14,16.80,16.97,16.58,16.88,815430,13696396.000
2011-03-15,16.80,17.10,16.52,17.03,795938,13389176.000
2011-03-16,17.04,17.15,16.80,16.89,766769,12937712.000
2011-03-17,16.92,17.07,16.50,16.60,781565,13089022.000
2011-03-18,16.55,16.82,16.55,16.60,442604,7380371.000
2011-03-21,16.51,16.85,16.51,16.75,420434,7029958.000
2011-03-22,16.80,17.08,16.65,17.07,743242,12520464.000
2011-03-23,17.04,17.12,16.75,16.88,1148609,19353382.000
2011-03-24,16.82,16.88,16.47,16.56,1083615,17957558.000
2011-03-25,16.55,16.66,16.10,16.18,1760009,28742568.000
2011-03-28,16.18,16.26,16.08,16.14,622484,10062886.000
2011-03-29,16.19,16.34,16.09,16.26,592422,9609952.000
2011-03-30,16.29,16.45,16.18,16.29,847131,13841072.000
2011-03-31,16.30,16.38,15.49,15.51,1003181,15913150.000
2011-04-01,15.38,15.79,15.38,15.77,470715,7320913.000
2011-04-06,15.77,16.24,15.70,16.08,729430,11647119.000
2011-04-07,16.10,16.11,15.83,15.94,443164,7078669.000
2011-04-08,15.88,16.05,15.86,15.96,611579,9758820.000
2011-04-11,16.32,16.39,16.03,16.09,1101131,17798600.000
2011-04-12,16.03,16.29,15.89,15.94,1073702,17260018.000
2011-04-13,16.09,16.09,15.53,16.01,1046161,16539502.000
2011-04-14,16.00,16.17,15.90,15.99,968250,15498994.000
2011-04-15,15.90,16.10,15.81,16.08,533879,8511256.000
2011-04-18,16.12,16.88,16.06,16.88,3560898,59351264.000
2011-04-19,16.95,17.50,16.80,17.04,3489012,59613476.000
2011-04-20,17.09,17.45,16.70,16.94,1754719,29894168.000
2011-04-21,16.90,16.95,16.50,16.67,1480248,24757024.000
2011-04-22,16.59,16.94,16.51,16.73,1151598,19255844.000
2011-04-25,16.79,16.81,16.00,16.07,973721,15947351.000
2011-04-26,15.90,15.90,15.27,15.27,1810530,27813616.000
2011-04-27,15.05,15.15,14.52,14.71,1573580,23089152.000
2011-04-28,14.72,14.95,14.50,14.52,848009,12446686.000
2011-04-29,14.53,14.91,14.53,14.87,442161,6528191.000
2011-05-03,14.89,15.07,14.70,14.82,482296,7169893.000
2011-05-04,14.79,14.79,14.50,14.57,827921,12097577.000
2011-05-05,14.50,14.78,14.48,14.64,214206,3131313.000
2011-05-06,14.44,14.76,14.44,14.68,386249,5637892.000
2011-05-09,14.57,14.84,14.57,14.78,280598,4129107.000
2011-05-10,14.70,15.44,14.70,15.34,654178,9892513.000
2011-05-11,15.30,16.07,15.25,15.85,1914482,30199270.000
2011-05-12,15.80,16.00,15.26,15.58,704500,11057183.000
2011-05-13,15.50,15.78,15.42,15.64,432940,6736751.000
2011-05-16,15.55,15.70,15.21,15.25,440116,6765913.000
2011-05-17,15.17,15.35,14.68,15.11,277624,4188716.000
2011-05-18,15.20,15.80,14.87,15.70,262025,3984623.000
2011-05-19,15.61,15.69,15.30,15.51,374589,5818581.000
2011-05-20,15.46,15.46,14.97,15.16,322901,4889854.000
2011-05-23,14.98,14.98,14.48,14.52,443843,6493112.000
2011-05-24,14.18,14.49,13.99,14.10,561440,7924927.000
2011-05-25,14.01,14.17,13.76,13.99,243321,3407846.000
2011-05-26,13.76,14.09,13.76,13.87,320400,4447137.000
2011-05-27,13.70,13.90,13.34,13.46,252740,3449166.000
2011-05-30,13.40,13.55,13.01,13.31,269988,3566437.000
2011-05-31,13.40,13.55,13.20,13.47,255026,3419887.000
2011-06-01,13.58,13.66,13.41,13.53,167209,2261714.000
2011-06-02,13.66,14.21,13.66,14.21,2932486,41643028.000
2011-06-03,14.20,14.27,13.90,13.92,1243096,17453498.000
2011-06-07,13.94,14.10,13.81,14.01,446745,6255428.000
2011-06-08,13.96,14.29,13.93,14.14,620305,8765454.000
2011-06-09,13.95,14.16,13.82,13.87,405947,5668386.000
2011-06-10,13.87,14.05,13.80,13.95,459900,6398205.000
2011-06-13,13.95,14.47,13.71,14.19,693719,9797779.000
2011-06-14,14.19,14.40,14.14,14.21,491650,7003776.000
2011-06-15,14.28,14.46,14.10,14.15,444698,6341590.000
2011-06-16,14.11,14.20,13.72,13.79,322533,4487381.000
2011-06-17,14.03,14.03,13.75,13.86,190413,2631214.000
2011-06-20,13.88,13.99,13.71,13.77,337050,4662621.000
2011-06-21,13.88,14.43,13.77,14.34,534637,7551519.000
2011-06-22,14.38,14.55,14.30,14.38,385569,5564814.000
2011-06-23,14.48,14.58,14.20,14.49,391421,5633908.000
2011-06-24,14.40,14.87,14.37,14.68,533387,7819820.000
2011-06-27,14.68,14.85,14.43,14.50,672719,9800242.000
2011-06-28,14.70,14.79,14.50,14.72,427130,6245110.000
2011-06-29,14.58,14.80,14.50,14.50,271264,3951827.000
2011-06-30,14.50,14.67,14.40,14.57,260887,3800679.000
2011-07-01,14.68,14.69,14.41,14.65,341592,4984663.000
2011-07-04,14.66,15.15,14.58,15.02,1289728,19242604.000
2011-07-05,15.03,15.35,14.99,15.30,956530,14433085.000
2011-07-06,15.33,15.34,15.00,15.30,447300,6774218.000
2011-07-07,15.20,15.37,14.99,15.06,482290,7286229.000
2011-07-08,15.03,15.11,14.90,15.09,425820,6399563.000
2011-07-11,15.20,15.20,14.88,15.07,438578,6571176.000
2011-07-12,14.93,15.07,14.61,14.69,620800,9214375.000
2011-07-13,14.77,14.88,14.70,14.83,303760,4496184.000
2011-07-14,14.77,14.90,14.77,14.85,375502,5575159.000
2011-07-15,14.80,15.59,14.80,15.59,1278278,19688066.000
2011-07-18,15.80,15.82,15.28,15.38,864934,13353090.000
2011-07-19,15.38,15.38,15.02,15.06,812484,12277657.000
2011-07-20,15.30,15.30,14.96,15.04,527701,7934754.000
2011-07-21,15.18,15.18,14.60,14.66,776504,11522225.000
2011-07-22,14.78,14.86,14.60,14.66,579830,8522197.000
2011-07-25,14.66,14.66,13.93,13.93,1155404,16316255.000
2011-07-26,13.93,14.07,13.60,13.81,728476,10035647.000
2011-07-27,13.96,14.05,13.64,14.00,461990,6446699.000
2011-07-28,13.72,14.08,13.72,14.06,462627,6480266.000
2011-07-29,14.07,14.18,13.88,14.10,666988,9348797.000
2011-08-01,13.94,14.15,13.90,14.13,200134,2813008.000
2011-08-02,14.28,14.28,13.95,14.06,258275,3621914.000
2011-08-03,13.94,14.20,13.93,14.13,191886,2701144.000
2011-08-04,14.10,14.19,14.05,14.12,377450,5324512.000
2011-08-05,14.00,14.55,13.80,14.42,614794,8753003.000
2011-08-08,14.20,15.10,14.20,14.66,1476737,21791474.000
2011-08-09,14.30,15.07,13.93,14.83,1308337,18811502.000
2011-08-10,15.12,15.25,14.86,15.20,956884,14408898.000
2011-08-11,15.00,15.33,14.80,15.21,731844,11077578.000
2011-08-12,15.31,15.49,15.03,15.08,994048,15134939.000
2011-08-15,15.39,15.39,14.81,14.95,673035,10124142.000
2011-08-16,14.90,15.09,14.71,14.85,336808,5028693.000
2011-08-17,14.83,15.04,14.72,14.85,299326,4448428.000
2011-08-18,14.90,14.90,14.48,14.63,381100,5599863.000
2011-08-19,14.30,14.47,14.21,14.38,355517,5098167.000
2011-08-22,14.30,14.60,14.30,14.42,157345,2272467.000
2011-08-23,14.44,15.14,14.43,14.84,495950,7386072.000
2011-08-24,14.79,14.98,14.65,14.72,340701,5027088.000
2011-08-25,14.69,14.96,14.66,14.90,534684,7919194.000
2011-08-26,14.90,15.10,14.85,15.09,514621,7732807.000
2011-08-29,15.06,15.84,15.06,15.84,1540694,24230672.000
2011-08-30,16.00,16.37,15.92,16.03,1725952,27894888.000
2011-08-31,15.86,16.83,15.85,16.76,3051024,50918616.000
2011-09-01,16.70,16.83,16.16,16.30,1765133,29137740.000
2011-09-02,16.19,16.36,15.80,16.08,1201119,19296502.000
2011-09-05,16.17,16.88,15.90,16.64,1492895,24769688.000
2011-09-06,16.58,16.64,16.05,16.29,791956,12852458.000
2011-09-07,16.26,16.63,16.10,16.34,569580,9344928.000
2011-09-08,16.50,16.70,16.25,16.57,610123,10075398.000
2011-09-09,16.94,16.94,15.98,16.25,1028271,16932348.000
2011-09-13,16.31,16.31,15.86,16.00,657096,10502533.000
2011-09-14,15.99,16.29,15.80,16.18,343924,5533287.000
2011-09-15,16.33,16.33,15.95,16.04,413237,6636335.000
2011-09-16,16.22,16.24,16.05,16.20,274731,4429730.000
2011-09-19,16.19,16.20,15.97,16.08,306899,4931908.000
2011-09-20,16.04,16.18,15.64,15.79,432254,6874516.000
2011-09-21,15.75,16.15,15.62,16.13,402247,6425479.000
2011-09-22,16.09,16.15,15.73,15.91,248541,3949314.000
2011-09-23,15.71,15.76,15.31,15.59,508007,7915707.000
2011-09-26,15.50,16.05,15.50,15.68,575627,9112506.000
2011-10-10,16.40,16.40,14.90,14.90,1236590,19161104.000
2011-10-11,14.52,14.78,14.16,14.16,1370785,19628932.000
2011-10-12,14.08,14.87,14.00,14.53,1187580,17443972.000
2011-10-13,14.21,14.73,14.21,14.44,333688,4841156.000
2011-10-14,14.50,14.70,14.36,14.49,240052,3482149.000
2011-10-17,14.42,14.60,14.40,14.52,128450,1859713.000
2011-10-18,14.39,14.52,13.85,13.98,304652,4305874.000
2011-10-19,13.96,14.15,13.41,13.41,540045,7368694.000
2011-10-20,13.42,13.42,13.05,13.06,737957,9700187.000
2011-10-21,13.07,13.07,12.50,12.87,369280,4750066.000
2011-10-24,13.08,13.08,12.55,13.06,318739,4092942.000
2011-10-25,13.29,13.71,12.84,13.71,545806,7419496.000
2011-10-26,13.85,14.29,13.41,13.92,510127,7144138.000
2011-10-27,13.88,14.19,13.60,13.84,571447,7941582.000
2011-10-28,14.00,14.36,13.77,14.14,809788,11354148.000
2011-10-31,14.29,14.29,13.99,14.10,473533,6665492.000
2011-11-01,14.16,14.20,13.91,14.12,480400,6784003.000
2011-11-02,13.98,14.59,13.90,14.48,381147,5401166.000
2011-11-03,14.54,14.88,14.50,14.77,588571,8661107.000
2011-11-04,14.80,14.97,14.40,14.50,691246,10127608.000
2011-11-07,14.51,14.68,14.35,14.42,389485,5646918.000
2011-11-08,14.41,14.41,14.11,14.18,337700,4816369.000
2011-11-09,14.21,14.46,14.12,14.42,602930,8603235.000
2011-11-10,14.32,14.65,14.32,14.40,623526,9040785.000
2011-11-11,14.63,14.68,14.40,14.51,224450,3258782.000
2011-11-14,14.60,15.24,14.44,14.96,863720,12840223.000
2011-11-15,14.99,15.25,14.86,15.11,395630,5974841.000
2011-11-16,15.29,15.29,14.38,14.61,651426,9628674.000
2011-11-17,14.70,15.02,14.51,14.75,295131,4340498.000
2011-11-18,14.59,14.60,14.32,14.37,291940,4211711.000
2011-11-21,14.34,14.46,14.21,14.38,185099,2648798.000
2011-11-22,14.37,14.63,14.26,14.38,206400,2971604.000
2011-11-23,14.46,15.05,14.33,14.79,609291,9051031.000
2011-11-24,14.94,14.94,14.06,14.85,364401,5400566.000
2011-11-25,14.80,14.95,14.61,14.72,282445,4167838.000
2011-11-28,14.73,14.78,14.42,14.62,384516,5599249.000
2011-11-29,14.68,14.80,14.33,14.53,510850,7408418.000
2011-11-30,14.40,14.68,13.95,14.21,919792,13128349.000
2011-12-01,14.50,14.76,14.41,14.53,815099,11832226.000
2011-12-02,14.38,14.50,14.11,14.18,361235,5125830.000
2011-12-05,14.17,14.17,13.52,13.56,669400,9193802.000
2011-12-06,13.51,13.64,13.12,13.50,510783,6835881.000
2011-12-07,13.45,13.59,13.32,13.41,300100,4033649.000
2011-12-08,13.32,13.66,13.20,13.37,252387,3377127.000
2011-12-09,13.29,13.51,13.25,13.34,229600,3078209.000
2011-12-12,13.25,13.46,13.25,13.41,141500,1895266.000
2011-12-13,13.50,13.90,13.11,13.58,453500,6036548.000
2011-12-14,13.25,13.67,12.90,12.90,844400,10971793.000
2011-12-15,12.55,12.58,12.26,12.26,552551,6866776.000
2011-12-16,11.65,12.18,11.65,12.07,715446,8419046.000
2011-12-19,11.75,11.95,11.47,11.88,203436,2371950.000
2011-12-20,11.95,12.05,11.81,11.84,133336,1591158.000
2011-12-21,11.86,11.99,11.70,11.71,118331,1401064.000
2011-12-22,11.55,12.00,11.12,11.97,466492,5318784.000
2011-12-23,11.61,12.14,11.61,12.01,120895,1454350.000
2011-12-26,12.05,12.05,11.70,11.88,110800,1311461.000
2011-12-27,11.63,11.75,11.29,11.58,190585,2197264.000
2011-12-28,11.30,11.30,11.00,11.15,153117,1696244.000
2011-12-29,11.00,11.45,10.95,11.09,72900,809542.000
2011-12-30,11.11,11.27,11.11,11.20,101600,1133721.000
2012-01-04,11.28,11.28,10.90,10.90,125201,1382301.000
2012-01-05,10.61,10.90,10.36,10.36,141344,1497690.000
2012-01-06,10.44,10.44,9.84,10.19,351380,3488512.000
2012-01-09,10.70,10.70,10.60,10.70,378028,4044424.000
2012-01-10,10.85,11.24,10.79,11.24,607802,6758015.000
2012-01-11,11.20,11.47,10.91,11.20,470983,5273925.000
2012-01-12,11.06,11.33,11.06,11.15,174200,1943947.000
2012-01-13,11.10,11.25,10.59,10.59,752981,8039136.000
2012-01-16,10.47,10.59,10.22,10.28,84400,874515.000
2012-01-17,10.50,10.73,10.20,10.70,110734,1155059.000
2012-01-18,11.10,11.19,10.31,10.43,161799,1705708.000
2012-01-19,10.23,10.59,10.00,10.26,189000,1950208.000
2012-01-20,10.22,10.42,10.15,10.38,219100,2254645.000
2012-01-30,10.59,10.69,10.30,10.36,154800,1611253.000
2012-01-31,10.35,10.60,10.30,10.57,198452,2065421.000
2012-02-01,10.75,10.75,10.36,10.43,162608,1713846.000
2012-02-03,10.49,10.95,10.45,10.95,262324,2853017.000
2012-02-06,11.38,11.50,11.20,11.50,755521,8657743.000
2012-02-07,11.13,11.48,11.13,11.32,481612,5435997.000
2012-02-08,11.37,11.78,11.37,11.58,421996,4901787.000
2012-02-09,11.50,11.65,11.37,11.51,423081,4852421.000
2012-02-10,11.48,11.69,11.25,11.64,606892,6947451.000
2012-02-13,11.64,12.12,11.40,11.83,584690,6930394.000
2012-02-14,11.79,11.95,11.70,11.79,261450,3086006.000
2012-02-15,11.79,12.29,11.79,12.26,624023,7583488.000
2012-02-16,12.26,12.54,12.00,12.17,421735,5137657.000
2012-02-17,12.20,12.36,11.86,12.01,257823,3111809.000
2012-02-20,12.10,12.24,12.01,12.05,169700,2059806.000
2012-02-21,12.01,12.16,11.92,12.06,182038,2182449.000
2012-02-22,12.12,12.24,11.95,12.22,298702,3616681.000
2012-02-23,12.10,12.34,12.00,12.10,194990,2358494.000
2012-02-24,12.03,12.25,12.03,12.20,229878,2785696.000
2012-02-27,12.45,12.45,12.12,12.16,598834,7327667.000
2012-02-28,12.00,12.15,11.92,11.98,209890,2518381.000
2012-02-29,11.92,12.01,11.90,11.97,155700,1861463.000
2012-03-01,11.89,12.07,11.86,12.06,156684,1873802.000
2012-03-02,12.01,12.20,11.91,12.10,267411,3233410.000
2012-03-05,12.24,12.24,12.10,12.20,288425,3511639.000
2012-03-06,12.23,12.26,11.96,12.20,458113,5570169.000
2012-03-07,12.00,12.27,11.89,12.12,201500,2454183.000
2012-03-08,12.12,12.22,12.06,12.21,384604,4672681.000
2012-03-09,12.24,12.24,11.96,12.10,624393,7515141.000
2012-03-12,12.10,12.20,12.05,12.18,380056,4609442.000
2012-03-13,12.10,12.79,12.10,12.79,910061,11428248.000
2012-03-14,12.90,13.15,12.15,12.18,794106,9925612.000
2012-03-15,11.91,12.21,11.80,12.05,305633,3669156.000
2012-03-16,12.04,12.24,11.97,12.22,259911,3146064.000
2012-03-19,12.18,12.75,12.01,12.62,682002,8499824.000
2012-03-20,12.53,12.59,12.30,12.30,288381,3582279.000
2012-03-21,12.15,12.37,12.05,12.24,309797,3769726.000
2012-03-22,12.24,12.35,12.14,12.22,250675,3069958.000
2012-03-23,12.27,12.70,12.10,12.51,339844,4227130.000
2012-03-26,12.64,13.14,12.50,13.10,1127946,14721986.000
2012-03-27,12.95,13.05,12.66,12.70,422626,5411894.000
2012-03-29,12.07,12.28,12.07,12.07,547357,6622871.000
2012-03-30,12.00,12.15,11.95,12.09,187899,2263565.000
2012-04-05,12.08,12.27,12.02,12.27,196232,2382865.000
2012-04-06,12.22,12.25,11.92,12.13,287780,3474892.000
2012-04-09,12.08,12.08,11.73,11.94,263900,3150898.000
2012-04-10,11.76,11.98,11.34,11.77,307823,3571727.000
2012-04-11,11.76,11.87,11.60,11.80,117671,1383097.000
2012-04-12,11.66,12.01,11.66,11.98,119700,1420607.000
2012-04-13,11.95,12.18,11.84,12.13,261384,3128039.000
2012-04-16,12.12,12.20,11.98,12.11,127740,1546034.000
2012-04-17,12.12,12.12,11.91,11.97,169082,2024931.000
2012-04-18,11.82,12.13,11.82,12.13,286897,3452261.000
2012-04-19,12.13,12.13,11.93,12.00,137850,1651976.000
2012-04-20,12.05,12.05,11.84,11.91,369619,4398680.000
2012-04-23,11.99,12.04,11.75,11.85,201001,2378540.000
2012-04-24,11.81,11.86,11.26,11.47,466722,5338097.000
2012-04-25,11.45,11.45,11.01,11.31,441802,4932840.000
2012-04-26,11.31,11.35,11.10,11.14,225469,2511060.000
2012-04-27,11.14,11.26,11.08,11.20,153800,1715933.000
2012-05-02,11.02,11.29,10.68,11.00,711840,7819945.000
2012-05-03,11.00,11.00,10.46,10.61,552285,5858037.000
2012-05-04,10.61,11.10,10.61,11.07,394595,4300199.000
2012-05-07,11.05,11.62,11.00,11.62,1037675,11913037.000
2012-05-08,11.63,11.99,11.51,11.60,370880,4335841.000
2012-05-09,11.57,11.78,11.48,11.67,175427,2037930.000
2012-05-10,11.55,11.67,11.39,11.54,291850,3349869.000
2012-05-11,11.55,11.60,11.42,11.56,126759,1456552.000
2012-05-14,11.52,11.89,11.52,11.76,470527,5526486.000
2012-05-15,11.60,11.85,11.45,11.79,151300,1772167.000
2012-05-16,11.79,12.38,11.79,12.36,462923,5659394.000
2012-05-17,12.45,12.93,12.10,12.44,883178,11197772.000
2012-05-18,12.21,12.55,12.21,12.41,163012,2017819.000
2012-05-21,12.52,12.52,12.13,12.25,148899,1828411.000
2012-05-22,12.30,12.37,12.21,12.31,163034,1999214.000
2012-05-23,12.32,12.58,12.10,12.16,146313,1785959.000
2012-05-24,12.23,12.32,12.10,12.12,180098,2186248.000
2012-05-25,12.11,12.58,12.11,12.39,433182,5391854.000
2012-05-28,12.39,13.01,12.39,12.86,887670,11412229.000
2012-05-29,12.86,13.20,12.68,12.95,577566,7470836.000
2012-05-31,13.13,13.13,12.69,12.76,335935,4307571.000
2012-06-01,12.74,12.90,12.73,12.83,237948,3049310.000
2012-06-04,12.66,12.98,12.30,12.50,222574,2787003.000
2012-06-05,12.36,12.65,12.20,12.24,269748,3323400.000
2012-06-06,12.30,12.30,11.90,12.09,272310,3294129.000
2012-06-07,12.18,12.18,11.98,12.07,216200,2615845.000
2012-06-08,12.04,12.09,11.62,11.73,243291,2879439.000
2012-06-11,12.24,12.24,11.76,12.02,637050,7629805.000
2012-06-12,12.00,12.62,11.92,12.62,1429025,17937786.000
2012-06-13,12.60,12.80,12.30,12.61,710943,8874696.000
2012-06-14,12.52,12.52,12.21,12.36,473513,5846423.000
2012-06-18,12.55,12.78,12.31,12.52,322692,4045621.000
2012-06-19,12.48,12.54,12.15,12.16,478509,5912735.000
2012-06-20,12.28,12.28,11.80,11.89,527071,6302129.000
2012-06-21,11.90,11.90,11.41,11.60,724436,8407792.000
2012-06-25,11.31,11.65,11.10,11.25,301420,3393470.000
2012-06-26,11.23,11.62,11.15,11.40,244800,2787135.000
2012-06-27,11.42,11.53,11.30,11.43,201700,2302593.000
2012-06-28,11.74,11.98,11.50,11.52,519375,6048940.000
2012-06-29,11.61,11.75,11.43,11.70,231839,2682020.000
2012-07-02,11.60,11.97,11.29,11.93,277134,3279937.000
2012-07-03,11.93,12.07,11.80,11.91,410397,4902007.000
2012-07-04,11.94,11.94,11.50,11.60,232308,2711509.000
2012-07-05,11.53,11.57,11.42,11.48,138820,1593854.000
2012-07-06,11.62,11.68,11.22,11.50,484021,5515721.000
2012-07-09,11.34,11.59,11.11,11.13,363300,4110332.000
2012-07-10,11.05,11.17,10.75,10.75,365703,3987375.000
2012-07-11,10.80,10.90,10.70,10.86,214102,2325032.000
2012-07-12,10.90,11.10,10.76,11.05,527489,5783434.000
2012-07-13,10.95,11.00,10.90,10.99,222600,2442370.000
2012-07-16,10.99,11.08,10.78,10.80,274940,2990995.000
2012-07-17,10.79,10.96,10.79,10.91,361320,3934139.000
2012-07-18,10.94,11.23,10.90,11.05,371275,4091657.000
2012-07-19,11.01,11.13,10.95,11.07,525099,5801192.000
2012-07-20,11.04,11.13,10.91,10.98,399558,4400261.000
2012-07-23,10.98,10.98,10.74,10.84,347500,3772345.000
2012-07-24,10.83,10.96,10.81,10.96,161070,1756847.000
2012-07-25,10.90,10.95,10.86,10.93,201206,2192908.000
2012-07-26,10.94,11.02,10.85,10.89,253300,2766372.000
2012-07-27,11.29,11.39,11.07,11.14,553615,6237614.000
2012-07-30,10.59,10.95,10.59,10.65,933629,9969734.000
2012-07-31,10.61,10.90,10.61,10.83,343949,3687661.000
2012-08-01,10.80,11.19,10.80,11.08,442506,4880647.000
2012-08-02,11.07,11.15,10.97,11.06,400500,4438122.000
2012-08-03,11.08,11.61,11.06,11.61,514881,5843927.000
2012-08-06,11.61,11.84,11.51,11.72,345369,4037483.000
2012-08-07,11.80,12.09,11.74,12.00,490468,5873133.000
2012-08-08,11.95,12.60,11.88,12.09,364910,4386939.000
2012-08-09,12.18,12.18,11.89,12.09,871669,10450482.000
2012-08-10,12.10,12.15,11.90,11.90,506800,6064438.000
2012-08-13,11.82,12.03,11.81,11.90,330494,3938299.000
2012-08-14,11.71,12.40,11.71,12.36,477087,5748378.000
2012-08-15,12.30,12.45,12.22,12.32,284904,3518129.000
2012-08-16,12.38,12.38,12.13,12.22,301705,3692752.000
2012-08-17,12.22,12.43,12.20,12.36,478717,5907335.000
2012-08-20,12.32,12.32,12.00,12.05,956028,11589778.000
2012-08-21,12.13,12.34,12.02,12.18,781096,9507899.000
2012-08-22,12.32,12.79,12.23,12.79,2180670,27647158.000
2012-08-23,12.78,13.04,12.66,12.85,2010858,25818216.000
2012-08-24,12.86,13.49,12.33,13.49,3519725,45880256.000
2012-08-27,13.00,14.00,12.88,13.72,2919119,39089716.000
2012-08-28,13.66,13.91,13.27,13.47,1796443,24291268.000
2012-08-29,13.47,13.47,12.89,13.00,1253650,16595361.000
2012-08-30,12.83,13.15,12.35,12.42,1394664,17665332.000
2012-09-04,13.00,13.47,12.80,12.84,4820556,63184760.000
2012-09-05,12.57,12.75,12.10,12.34,2003720,24900164.000
2012-09-06,12.35,12.48,12.10,12.47,1144965,14103675.000
2012-09-07,12.55,13.34,12.45,13.12,2468111,31821536.000
2012-09-10,13.13,13.15,12.77,13.13,1706648,22147872.000
2012-09-11,13.08,13.41,12.90,13.25,1078063,14222209.000
2012-09-12,13.18,13.36,13.06,13.17,866708,11420423.000
2012-09-13,13.13,13.56,13.13,13.20,1327665,17820170.000
2012-09-14,13.15,13.30,13.06,13.18,712431,9388450.000
2012-09-17,13.18,13.38,12.70,12.70,856664,11180140.000
2012-09-18,12.35,12.75,12.35,12.69,736414,9253712.000
2012-09-19,12.67,13.96,12.61,13.13,1439439,18992768.000
2012-09-20,13.01,13.25,12.56,12.60,992785,12638268.000
2012-09-21,12.60,12.80,12.35,12.54,796123,9988990.000
2012-09-24,12.38,12.92,12.31,12.77,424224,5369506.000
2012-09-25,12.54,12.79,12.51,12.72,198349,2512666.000
2012-09-26,12.78,12.86,12.13,12.30,401055,5000907.000
2012-09-27,12.66,12.79,12.49,12.70,993986,12618573.000
2012-09-28,12.56,12.79,12.23,12.69,1171701,14728783.000
2012-10-08,12.67,12.95,12.60,12.68,1153418,14699202.000
2012-10-09,12.68,12.94,12.60,12.91,1429643,18285948.000
2012-10-10,12.82,12.91,12.63,12.80,1006740,12830730.000
2012-10-11,12.75,12.75,12.32,12.38,795453,9909855.000
2012-10-12,12.45,12.54,12.27,12.41,321998,3993240.000
2012-10-15,12.47,12.47,12.04,12.13,494664,6026671.000
2012-10-16,12.02,12.18,11.93,12.02,618038,7443219.000
2012-10-17,11.82,12.09,11.72,11.90,518652,6157014.000
2012-10-18,11.95,12.08,11.92,12.00,764390,9176065.000
2012-10-19,11.98,12.29,11.98,12.01,378601,4553946.000
2012-10-22,12.05,12.15,11.90,12.08,376264,4523039.000
2012-10-23,12.09,12.10,12.00,12.03,281632,3393663.000
2012-10-24,11.96,12.35,11.92,12.20,766562,9341600.000
2012-10-25,12.20,12.20,11.97,11.99,625598,7539387.000
2012-10-26,12.10,12.10,11.78,11.86,415158,4938742.000
2012-10-29,11.80,11.90,11.55,11.56,335900,3941344.000
2012-10-30,11.51,11.75,11.25,11.38,627900,7249126.000
2012-10-31,11.38,11.46,11.28,11.37,295501,3358203.000
2012-11-01,11.40,11.65,11.32,11.60,813436,9322069.000
2012-11-02,11.55,11.62,11.30,11.40,760140,8669335.000
2012-11-05,11.40,11.40,11.15,11.22,550693,6183773.000
2012-11-06,11.11,11.35,11.05,11.33,524839,5869185.000
2012-11-07,11.33,11.38,11.22,11.29,256300,2892831.000
2012-11-08,11.26,11.26,10.91,10.96,445832,4948046.000
2012-11-09,10.99,11.05,10.82,10.87,324572,3539924.000
2012-11-12,10.82,11.24,10.81,11.22,477297,5260109.000
2012-11-13,11.27,11.29,10.98,11.03,547214,6079520.000
2012-11-14,11.01,11.12,10.84,10.97,270365,2951964.000
2012-11-15,10.90,10.93,10.42,10.55,299061,3197616.000
2012-11-16,10.62,10.62,10.42,10.53,225512,2368798.000
2012-11-19,10.58,10.68,10.20,10.46,334006,3463349.000
2012-11-20,10.44,10.50,10.41,10.44,261886,2737714.000
2012-11-21,10.44,10.48,10.19,10.46,528468,5457960.000
2012-11-22,10.38,10.38,10.06,10.15,422897,4313250.000
2012-11-23,10.32,11.00,10.31,10.78,2569231,27432854.000
2012-11-26,10.59,10.77,10.50,10.58,921411,9747129.000
2012-11-27,10.52,10.52,10.00,10.10,787836,8036001.000
2012-11-28,10.09,10.09,9.78,9.98,629247,6239296.000
2012-11-29,9.95,10.05,9.60,9.62,449414,4432547.000
2012-11-30,9.51,9.80,9.51,9.72,411139,3986028.000
2012-12-03,9.72,9.82,9.34,9.44,352818,3414524.000
2012-12-04,9.60,9.67,9.35,9.64,473773,4514516.000
2012-12-05,9.55,9.98,9.53,9.90,797674,7877190.000
2012-12-06,9.89,10.25,9.88,9.94,1054526,10616963.000
2012-12-07,10.19,10.19,10.00,10.09,660711,6667688.000
2012-12-10,10.08,10.27,10.03,10.24,829296,8441991.000
2012-12-11,10.15,10.37,10.05,10.09,637187,6516333.000
2012-12-12,10.01,10.19,9.95,10.09,424624,4260942.000
2012-12-13,10.10,10.15,9.92,9.97,445200,4469191.000
2012-12-14,10.00,10.54,9.97,10.41,979731,10132952.000
2012-12-17,10.43,10.50,10.28,10.33,1240405,12837748.000
2012-12-18,10.23,10.37,10.17,10.20,1817964,18634568.000
2012-12-19,10.23,10.84,10.14,10.72,2560785,27119616.000
2012-12-20,10.56,10.78,10.40,10.60,2000783,21026272.000
2012-12-21,10.56,10.74,10.51,10.66,1181493,12561417.000
2012-12-24,10.66,11.07,10.54,10.98,2230903,24186138.000
2012-12-25,10.95,11.22,10.81,11.15,1972929,21829292.000
2012-12-26,11.18,11.40,11.13,11.27,1799973,20273256.000
2012-12-27,11.42,11.42,10.84,10.88,1946513,21435144.000
2012-12-28,10.88,11.33,10.88,11.26,1754290,19558256.000
2012-12-31,11.16,11.54,11.16,11.48,1682860,19183832.000
2013-01-04,11.60,11.60,11.32,11.35,1221498,13986799.000
2013-01-07,11.27,11.50,11.10,11.47,1054147,11969237.000
2013-01-08,11.47,11.54,11.25,11.53,1468272,16782944.000
2013-01-09,11.48,11.66,11.41,11.53,1810509,20926586.000
2013-01-10,11.50,11.65,11.29,11.43,1768279,20208202.000
2013-01-11,11.50,11.66,11.30,11.34,2648357,30485252.000
2013-01-14,11.23,11.80,11.22,11.69,2404310,27646174.000
2013-01-15,11.69,12.10,11.55,11.91,2526957,29870360.000
2013-01-16,11.85,11.94,11.56,11.84,1372300,16145937.000
2013-01-17,11.83,11.83,11.60,11.66,1009554,11800871.000
2013-01-18,11.65,11.83,11.63,11.75,1315290,15436674.000
2013-01-21,11.70,11.77,11.64,11.75,1036879,12136524.000
2013-01-22,11.75,11.75,11.45,11.51,1204601,13966255.000
2013-01-23,11.44,11.56,11.23,11.39,1018345,11614716.000
2013-01-24,11.39,11.45,10.76,10.88,1848510,20495756.000
2013-01-25,10.89,11.10,10.81,10.92,839048,9132301.000
2013-01-28,10.83,11.25,10.83,11.21,871383,9651601.000
2013-01-29,11.28,11.35,11.10,11.20,1627592,18225404.000
2013-01-30,11.20,11.35,11.02,11.23,1856648,20770344.000
2013-01-31,11.25,11.29,11.10,11.15,798251,8907344.000
2013-02-01,11.15,11.24,11.05,11.20,933046,10420613.000
2013-02-04,11.24,11.90,11.18,11.44,2463316,28496388.000
2013-02-05,11.44,11.51,11.27,11.47,1228833,13992605.000
2013-02-06,11.48,11.79,11.42,11.67,1710264,19923424.000
2013-02-07,11.76,11.76,11.57,11.64,1056928,12288186.000
2013-02-08,11.55,11.77,11.55,11.73,1148403,13429745.000
2013-02-18,11.75,11.85,11.60,11.80,1578786,18486182.000
2013-02-19,11.82,12.13,11.76,12.09,3575290,42721096.000
2013-02-20,12.00,12.65,11.88,12.50,4075946,50253232.000
2013-02-21,12.37,12.75,12.21,12.40,2753767,34252744.000
2013-02-22,12.30,12.69,12.18,12.39,1755141,21727278.000
2013-02-25,12.49,12.50,12.10,12.28,1489613,18310912.000
2013-02-26,12.27,12.38,11.93,11.95,1565927,19125320.000
2013-02-27,11.94,12.05,11.68,11.81,1096803,13014056.000
2013-02-28,11.94,12.29,11.82,12.24,1488034,17943524.000
2013-03-01,12.24,12.28,12.00,12.16,1515034,18377196.000
2013-03-04,12.16,12.16,11.75,11.86,1796249,21377720.000
2013-03-05,11.90,12.17,11.80,12.10,1343441,16084132.000
2013-03-06,12.19,12.39,12.02,12.38,1962426,23925284.000
2013-03-07,12.31,12.60,12.19,12.27,2490721,30773068.000
2013-03-08,12.31,12.38,12.00,12.08,899264,10944086.000
2013-03-11,12.05,12.18,11.95,12.02,733136,8847309.000
2013-03-12,12.01,12.11,11.48,11.76,1317131,15495897.000
2013-03-13,11.45,11.87,11.45,11.59,453686,5253487.000
2013-03-14,11.59,11.64,11.44,11.53,727310,8387048.000
2013-03-15,11.51,11.76,11.43,11.51,818714,9484622.000
2013-03-18,11.55,11.55,11.28,11.34,728261,8297127.000
2013-03-19,11.43,11.43,11.24,11.35,594778,6730222.000
2013-03-20,11.37,11.65,11.32,11.63,1056428,12185542.000
2013-03-21,11.63,11.73,11.57,11.67,1305610,15202853.000
2013-03-22,11.68,11.72,11.63,11.69,908045,10600847.000
2013-03-25,11.75,11.83,11.65,11.71,1297897,15236393.000
2013-03-26,11.68,11.75,11.43,11.67,1085697,12530748.000
2013-03-27,11.70,12.08,11.68,12.01,2252781,26754526.000
2013-03-28,11.93,12.09,11.75,11.79,1885643,22408466.000
2013-03-29,11.82,11.82,11.21,11.25,2076910,23716686.000
2013-04-01,11.11,11.22,11.04,11.13,787019,8757285.000
2013-04-02,11.16,11.20,10.89,10.90,1179651,13020178.000
2013-04-03,10.90,10.95,10.53,10.65,972917,10376792.000
2013-04-08,10.50,10.58,10.37,10.55,632152,6596122.000
2013-04-09,10.52,10.77,10.52,10.72,460351,4908117.000
2013-04-10,10.71,10.72,10.52,10.70,449899,4784590.000
2013-04-11,10.63,10.77,10.59,10.60,490401,5245910.000
2013-04-12,10.63,10.70,10.46,10.50,416651,4395932.000
2013-04-15,10.50,10.50,10.11,10.35,585611,6043003.000
2013-04-16,10.30,10.45,10.15,10.45,583645,6009294.000
2013-04-17,10.39,10.52,10.35,10.45,353801,3686693.000
2013-04-18,10.45,10.57,10.40,10.48,447882,4701725.000
2013-04-19,10.53,10.76,10.46,10.70,627872,6692202.000
2013-04-22,10.54,10.58,10.42,10.54,791308,8317087.000
2013-04-23,10.52,10.54,10.13,10.15,951950,9840521.000
2013-04-24,10.18,10.32,10.17,10.28,683218,7006619.000
2013-04-25,10.25,10.42,10.20,10.26,578775,5968657.000
2013-04-26,10.27,10.34,9.92,10.02,696755,7029974.000
2013-05-02,9.94,9.97,9.73,9.81,506285,4990609.000
2013-05-03,9.80,10.05,9.80,9.96,485249,4842803.000
2013-05-06,10.00,10.20,9.97,10.12,524735,5300259.000
2013-05-07,10.10,10.20,10.04,10.19,842108,8545096.000
2013-05-08,10.20,10.28,10.15,10.20,640592,6535222.000
2013-05-09,10.26,10.26,10.09,10.16,520438,5282577.000
2013-05-10,10.16,10.31,10.09,10.30,783851,7995741.000
2013-05-13,10.29,10.29,10.13,10.21,493732,5035632.000
2013-05-14,10.25,10.69,10.15,10.52,2686023,28169916.000
2013-05-15,10.48,10.58,10.34,10.54,1105656,11569928.000
2013-05-16,10.53,10.55,10.27,10.52,1070540,11224769.000
2013-05-17,10.52,10.56,10.43,10.55,1195629,12566947.000
2013-05-20,10.61,10.77,10.59,10.76,1426683,15278122.000
2013-05-21,10.77,10.81,10.69,10.77,1037081,11142717.000
2013-05-22,10.77,10.87,10.57,10.60,1027449,10982346.000
2013-05-23,10.59,11.08,10.55,10.65,933800,10024355.000
2013-05-24,10.66,10.81,10.57,10.71,1017599,10832810.000
2013-05-27,10.64,10.75,10.60,10.72,666244,7128729.000
2013-05-28,10.72,10.86,10.61,10.82,1188222,12743767.000
2013-05-29,10.75,10.98,10.75,10.94,1033424,11268050.000
2013-05-30,10.91,11.17,10.85,11.11,1759616,19350490.000
2013-05-31,11.15,11.16,10.83,10.86,1009800,11074122.000
2013-06-03,10.87,10.98,10.66,10.72,871304,9437897.000
2013-06-04,10.70,10.70,10.22,10.34,837812,8790971.000
2013-06-05,10.34,10.45,10.29,10.43,376260,3902675.000
2013-06-06,10.38,10.40,10.10,10.12,599006,6146985.000
2013-06-07,10.08,10.24,10.00,10.12,776346,7847114.000
2013-06-13,10.02,10.02,9.50,9.78,583765,5702226.000
2013-06-14,9.78,9.88,9.77,9.82,645663,6340993.000
2013-06-17,9.82,9.93,9.76,9.88,442186,4359289.000
2013-06-18,9.92,9.96,9.81,9.86,361610,3574203.000
2013-06-19,9.95,9.95,9.62,9.81,456751,4466664.000
2013-06-20,10.05,10.79,10.05,10.36,3880268,40666376.000
2013-06-21,10.00,10.40,9.65,10.34,2548633,25458976.000
2013-06-24,10.12,10.26,9.66,9.77,1185651,11855392.000
2013-06-25,9.78,10.00,8.79,9.79,1800321,16665269.000
2013-06-26,9.55,9.77,9.42,9.69,1078212,10346371.000
2013-06-27,9.57,9.78,9.22,9.64,1216475,11606841.000
2013-06-28,9.42,9.71,9.33,9.66,916449,8779250.000
2013-07-01,9.57,9.84,9.48,9.81,1045326,10162895.000
2013-07-02,9.79,9.93,9.60,9.72,832593,8065527.000
2013-07-03,9.65,9.79,9.41,9.62,708345,6787813.000
2013-07-04,9.53,9.65,9.33,9.53,1427841,13538438.000
2013-07-05,9.50,9.58,9.33,9.51,1267425,11959587.000
2013-07-08,9.42,9.42,9.07,9.09,691694,6320264.000
2013-07-09,9.03,9.14,8.96,9.08,327805,2959710.000
2013-07-10,8.97,9.29,8.97,9.28,717500,6576023.000
2013-07-11,9.28,9.67,9.24,9.56,1327265,12577239.000
2013-07-12,9.41,9.69,9.41,9.61,1068105,10251046.000
数据来源:通达信
