600573 惠泉啤酒 日线
      日期	    开盘	    最高	    最低	    收盘	    成交量	    成交额
2007-01-11,5.43,5.72,5.36,5.49,8174724,49767552.000
2007-01-12,5.45,5.72,5.37,5.51,9561580,58288532.000
2007-01-15,5.59,6.11,5.56,6.11,13557506,87746128.000
2007-01-16,6.27,6.29,5.98,6.14,11468453,76197992.000
2007-01-17,6.17,6.67,6.02,6.35,11418780,78721232.000
2007-01-18,6.35,6.67,6.25,6.59,9017401,63341172.000
2007-01-19,6.68,6.77,6.47,6.63,7612746,54190656.000
2007-01-22,6.67,6.73,6.52,6.72,8767175,62778084.000
2007-01-23,6.63,6.71,6.07,6.38,7829509,54409740.000
2007-01-24,6.36,6.45,6.20,6.41,5307347,36484160.000
2007-01-25,6.36,6.36,6.03,6.04,4609960,30848030.000
2007-01-26,5.96,6.10,5.67,5.97,4272585,27410700.000
2007-01-29,6.00,6.27,6.00,6.24,4358405,29144500.000
2007-01-30,6.25,6.32,6.06,6.16,3976856,26734094.000
2007-01-31,6.13,6.20,5.72,5.78,3598932,23410574.000
2007-02-01,5.78,5.94,5.67,5.86,3021053,19175932.000
2007-02-02,5.86,6.03,5.80,5.84,2592159,16690170.000
2007-02-05,5.82,6.02,5.82,5.94,2073597,13400982.000
2007-02-06,5.97,6.17,5.95,6.13,2375444,15686594.000
2007-02-07,6.15,6.29,6.05,6.15,3152619,21157904.000
2007-02-08,6.16,6.27,6.08,6.26,2958773,19922982.000
2007-02-09,6.28,6.32,6.15,6.22,2338490,15796176.000
2007-02-12,6.26,6.40,6.19,6.36,2950038,20184304.000
2007-02-13,6.36,6.42,6.27,6.39,2982798,20459132.000
2007-02-14,6.37,6.50,6.34,6.50,4115400,28641128.000
2007-02-15,6.57,6.69,6.50,6.58,4453491,31663184.000
2007-02-16,6.59,6.75,6.53,6.62,5186834,37216960.000
2007-02-26,6.65,7.03,6.45,6.97,5879774,42719712.000
2007-02-27,6.97,7.23,6.22,6.22,7909695,57856184.000
2007-02-28,6.23,6.61,6.23,6.55,4982722,34559132.000
2007-03-01,6.55,6.60,6.24,6.35,4750031,32865768.000
2007-03-02,6.37,6.57,6.35,6.51,3729685,26150008.000
2007-03-05,6.50,6.69,6.33,6.56,4133768,29138124.000
2007-03-06,6.56,6.86,6.49,6.82,6945626,50219176.000
2007-03-07,6.83,6.90,6.70,6.88,4905774,36033324.000
2007-03-08,6.88,6.92,6.77,6.87,3690905,27210508.000
2007-03-09,6.88,6.95,6.74,6.84,4486147,33109084.000
2007-03-12,6.90,7.10,6.82,7.09,5807740,43538228.000
2007-03-13,7.08,7.22,6.99,7.11,5246314,40101732.000
2007-03-14,7.01,7.02,6.78,6.89,5366444,39819480.000
2007-03-15,6.85,7.07,6.85,7.07,5032157,37883320.000
2007-03-16,7.09,7.16,6.73,6.82,4864670,36458368.000
2007-03-19,6.52,6.90,6.52,6.87,3220982,23564210.000
2007-03-20,6.90,7.23,6.89,7.16,8244490,62683480.000
2007-03-21,7.23,7.36,7.14,7.28,4794172,37393344.000
2007-03-22,7.50,8.06,7.50,8.06,6342209,53360944.000
2007-03-23,8.24,8.25,7.71,7.91,9816148,83419376.000
2007-03-26,7.87,8.13,7.85,8.10,6252265,53579352.000
2007-03-27,8.07,8.46,7.97,8.32,5339181,46687748.000
2007-03-28,8.32,8.32,7.65,8.11,6374871,54715432.000
2007-03-29,8.16,8.17,7.67,7.68,4751173,40010968.000
2007-03-30,7.65,7.97,7.57,7.83,2812396,23456956.000
2007-04-02,7.82,8.13,7.78,8.06,2972235,25205540.000
2007-04-03,8.12,8.22,7.97,8.16,4895177,42266976.000
2007-04-04,8.16,8.28,8.02,8.17,3639612,31654770.000
2007-04-05,8.19,8.59,8.16,8.47,6213693,55562444.000
2007-04-06,8.33,8.70,8.27,8.52,4744890,42992812.000
2007-04-09,8.57,8.74,8.47,8.62,5179647,47260988.000
2007-04-10,8.55,8.55,8.13,8.34,5272048,46563552.000
2007-04-11,8.34,8.40,8.15,8.37,5603014,49225096.000
2007-04-12,8.32,8.55,8.24,8.54,6892332,61461984.000
2007-04-13,8.58,8.77,8.37,8.42,5995407,54698912.000
2007-04-16,8.42,8.72,8.38,8.63,5277287,48095096.000
2007-04-17,8.63,9.07,8.48,8.99,9226535,85445992.000
2007-04-18,8.91,9.38,8.81,9.28,9308926,90580248.000
2007-04-19,9.27,9.27,8.31,8.90,7360873,68724008.000
2007-04-20,8.78,9.83,8.78,9.78,10381980,102140912.000
2007-04-23,9.72,10.15,9.57,9.98,11439710,119732352.000
2007-04-24,9.99,10.25,9.75,9.86,7792161,81641888.000
2007-04-25,9.76,9.92,9.46,9.67,5221659,53063124.000
2007-04-26,9.72,9.87,9.60,9.76,3468036,35617888.000
2007-04-27,9.80,9.92,9.49,9.86,5885055,60414100.000
2007-04-30,9.82,10.17,9.77,10.12,10259016,108356856.000
2007-05-08,10.27,10.67,10.13,10.43,7686594,84033904.000
2007-05-09,10.36,10.41,9.76,10.18,7571849,80499752.000
2007-05-11,10.20,10.26,9.87,10.02,4400691,46588328.000
2007-05-14,9.86,10.26,9.65,10.04,4586501,48594888.000
2007-05-15,10.04,10.11,9.47,9.50,4307552,44523356.000
2007-05-16,9.51,10.05,9.50,10.04,4771345,49321176.000
2007-05-17,10.15,10.67,10.11,10.50,9060818,99370088.000
2007-05-18,10.45,10.54,10.17,10.27,6094544,66294068.000
2007-05-21,9.77,10.62,9.67,10.43,5661221,61477368.000
2007-05-22,10.65,10.86,10.48,10.64,7345697,82307640.000
2007-05-23,10.67,11.33,10.53,11.25,8531643,98690840.000
2007-05-24,11.27,11.34,10.56,11.02,7659407,87454808.000
2007-05-25,10.87,11.35,10.79,11.15,6525177,76234176.000
2007-05-28,11.17,11.78,11.17,11.49,6753999,80837640.000
2007-05-29,11.58,11.84,11.44,11.67,6185208,75178096.000
2007-05-30,10.89,11.54,10.46,10.46,8081470,92592640.000
2007-05-31,10.44,11.19,9.37,10.74,9377959,101323976.000
2007-06-01,10.63,11.12,9.62,9.62,8017878,86818320.000
2007-06-04,9.64,9.78,8.61,8.61,4720329,43327936.000
2007-06-05,7.94,8.73,7.70,8.63,5850984,49550096.000
2007-06-06,8.69,8.84,8.23,8.55,4747006,43115616.000
2007-06-07,8.51,8.83,8.44,8.83,4044082,36924968.000
2007-06-08,8.84,9.07,8.77,8.84,4112040,38410440.000
2007-06-11,8.84,9.09,8.84,9.08,4374864,41354552.000
2007-06-12,9.21,9.24,8.16,9.08,4571120,43014076.000
2007-06-13,9.14,9.69,9.04,9.47,5936925,58464492.000
2007-06-14,9.33,9.98,9.16,9.56,5413350,54178836.000
2007-06-15,9.40,9.72,9.24,9.35,3671244,36441560.000
2007-06-18,9.46,9.64,9.39,9.53,3893688,38878896.000
2007-06-19,9.54,9.73,9.30,9.59,4147571,41280408.000
2007-06-20,9.66,9.99,9.36,9.53,5743416,58990500.000
2007-06-21,9.43,9.84,9.20,9.42,3216542,31837096.000
2007-06-22,9.38,9.49,8.43,8.48,4556104,42202392.000
2007-06-25,8.48,8.62,7.59,7.70,3655362,31339268.000
2007-06-26,7.62,8.02,7.29,8.00,2705263,22029444.000
2007-06-27,7.94,8.24,7.63,8.12,2483690,21173888.000
2007-06-28,8.11,8.13,7.32,7.33,2704146,22196496.000
2007-06-29,7.19,7.49,6.79,7.08,3080383,23182342.000
2007-07-02,7.08,7.39,6.97,7.35,2473196,18953024.000
2007-07-03,7.36,7.49,7.15,7.39,1923053,15008751.000
2007-07-04,7.42,7.84,7.34,7.47,3507104,28280374.000
2007-07-05,7.47,7.47,6.94,6.98,2039015,15500999.000
2007-07-06,6.98,7.52,6.95,7.51,2644121,20378696.000
2007-07-09,7.72,8.17,7.59,8.01,4886097,40851496.000
2007-07-10,7.99,8.75,7.88,8.13,7536428,66809696.000
2007-07-11,7.94,8.08,7.64,7.84,3097885,25591636.000
2007-07-12,7.84,7.94,7.69,7.81,1602139,13202976.000
2007-07-13,7.72,7.77,7.54,7.75,1526650,12415659.000
2007-07-16,7.74,7.75,7.24,7.26,1601268,12716321.000
2007-07-17,7.31,7.54,7.25,7.40,1215348,9597634.000
2007-07-18,7.37,7.61,7.37,7.46,1453179,11529245.000
2007-07-19,7.45,7.59,7.38,7.59,1046753,8328642.000
2007-07-20,7.52,7.80,7.51,7.77,1804234,14798215.000
2007-07-23,7.63,8.13,7.63,8.11,3889961,32878092.000
2007-07-24,8.11,8.34,8.04,8.05,4414452,38142176.000
2007-07-25,8.11,8.24,8.00,8.24,3371731,28951836.000
2007-07-26,8.24,8.42,8.22,8.39,3738332,32788794.000
2007-07-27,8.34,8.73,8.12,8.70,5469136,48998420.000
2007-07-30,8.73,9.11,8.73,8.83,6859239,63978796.000
2007-07-31,8.83,9.08,8.75,9.06,5710962,53743184.000
2007-08-01,9.06,9.12,8.32,8.36,4858131,44468892.000
2007-08-02,8.36,8.64,8.14,8.54,2969414,26578288.000
2007-08-03,8.64,8.71,8.44,8.67,4318442,38938736.000
2007-08-06,8.66,8.79,8.58,8.74,3581453,32734148.000
2007-08-07,8.69,9.09,8.62,9.03,6944559,64933036.000
2007-08-08,9.03,9.15,8.67,8.97,6752845,63768364.000
2007-08-09,8.97,9.12,8.86,8.92,3598282,33943364.000
2007-08-10,8.91,8.91,8.33,8.56,3170454,28637260.000
2007-08-13,8.64,8.71,8.35,8.43,2528816,22494318.000
2007-08-14,8.39,8.62,8.39,8.58,1905686,17157880.000
2007-08-15,8.57,8.58,8.21,8.40,2407897,21277944.000
2007-08-16,8.36,8.49,8.21,8.47,1632343,14443754.000
2007-08-17,8.39,8.63,8.34,8.47,1986920,17867368.000
2007-08-20,8.62,8.89,8.60,8.77,3835105,35281680.000
2007-08-21,8.80,8.83,8.67,8.79,2825600,25985612.000
2007-08-22,8.64,9.01,8.63,8.88,4670896,43640768.000
2007-08-23,8.88,8.97,8.79,8.88,3162907,29501072.000
2007-08-24,8.94,9.18,8.90,8.94,6928837,65858668.000
2007-08-27,9.02,9.19,8.75,8.84,3977476,37534808.000
2007-08-28,8.80,9.19,8.63,9.17,10279431,97485264.000
2007-08-29,9.19,9.79,9.05,9.47,19228018,189916576.000
2007-08-30,9.47,9.63,9.31,9.54,9675288,96121408.000
2007-08-31,9.55,9.67,9.38,9.43,5414538,53776604.000
2007-09-03,9.52,9.89,9.49,9.74,8715559,88284104.000
2007-09-04,9.86,9.88,9.41,9.45,5739169,57630660.000
2007-09-05,9.36,9.49,9.11,9.37,4195117,40939296.000
2007-09-06,9.46,9.59,9.31,9.39,4172072,41206076.000
2007-09-07,9.28,9.49,9.14,9.38,5580533,54569164.000
2007-09-10,9.34,9.71,9.04,9.69,6811236,68000856.000
2007-09-11,9.73,9.73,8.70,8.76,5058973,49945244.000
2007-09-12,8.89,9.09,8.55,8.81,3351793,31012566.000
2007-09-13,8.99,8.99,8.74,8.91,2795112,25970056.000
2007-09-14,8.89,9.28,8.74,9.19,4426185,41966256.000
2007-09-17,9.11,9.40,8.99,9.32,3706784,36119200.000
2007-09-18,9.34,9.42,9.14,9.28,2707448,26390200.000
2007-09-19,9.29,9.39,9.17,9.25,3052514,29666320.000
2007-09-20,9.25,9.52,9.25,9.46,4060652,39970100.000
2007-09-21,9.49,9.72,9.14,9.57,5883217,58529736.000
2007-09-24,9.66,9.93,9.52,9.54,7031326,71772888.000
2007-09-25,9.54,9.63,9.05,9.16,3871478,37567620.000
2007-09-26,9.14,9.47,9.04,9.17,2920261,28389196.000
2007-09-27,9.12,9.24,8.98,9.06,2540664,24173028.000
2007-09-28,9.15,9.27,9.07,9.21,2503501,24166176.000
2007-10-08,9.33,10.18,9.19,10.18,15856994,164588016.000
2007-10-09,10.14,10.50,9.79,10.38,14534976,154668736.000
2007-10-10,10.39,10.44,9.94,9.99,8153011,86823064.000
2007-10-11,10.00,10.29,9.69,9.85,5445597,57111912.000
2007-10-12,9.89,10.27,9.24,9.69,6912225,70894944.000
2007-10-15,9.72,9.86,9.20,9.46,4075846,40465020.000
2007-10-16,9.44,9.73,9.36,9.68,3234426,32520626.000
2007-10-17,9.74,9.77,9.29,9.36,2747801,27293708.000
2007-10-18,9.39,9.49,9.04,9.06,2496101,24030450.000
2007-10-19,9.04,9.25,8.95,9.09,1652813,15793173.000
2007-10-22,9.12,9.34,8.84,9.21,2252570,21373280.000
2007-10-23,9.11,10.14,9.10,10.04,13807632,140898384.000
2007-10-24,9.99,9.99,9.39,9.41,6677466,67624288.000
2007-10-25,9.14,9.19,8.42,8.42,6080099,55261376.000
2007-10-26,8.33,8.54,7.94,8.32,2471059,21457330.000
2007-10-29,8.34,8.47,8.02,8.26,1654068,14247184.000
2007-10-30,8.32,8.52,8.10,8.48,1580314,13836872.000
2007-10-31,8.54,8.83,8.37,8.74,2370446,21547662.000
2007-11-01,8.78,8.78,8.21,8.29,2716499,24067474.000
2007-11-02,8.18,8.18,7.85,7.92,2256592,19064796.000
2007-11-05,7.89,8.16,7.77,8.06,1279362,10825452.000
2007-11-06,8.02,8.23,8.02,8.12,1171727,10075229.000
2007-11-07,8.14,8.27,7.94,8.06,1355055,11533769.000
2007-11-08,7.81,8.09,7.70,7.74,1547639,12875571.000
2007-11-09,7.74,7.84,7.59,7.71,1221661,9991424.000
2007-11-12,7.62,7.84,7.59,7.82,1136809,9274002.000
2007-11-13,7.81,8.00,7.69,7.80,999906,8315194.000
2007-11-14,7.90,8.12,7.84,8.07,1711414,14477917.000
2007-11-15,8.07,8.08,7.88,7.92,975131,8234457.000
2007-11-16,7.92,8.08,7.76,8.02,1253080,10556585.000
2007-11-19,8.05,8.25,7.99,8.19,2041255,17620940.000
2007-11-20,8.19,8.27,8.06,8.26,1521964,13186831.000
2007-11-21,8.26,8.28,7.97,7.99,1555598,13307054.000
2007-11-22,7.89,7.99,7.64,7.67,1210131,10033145.000
2007-11-23,7.67,7.89,7.65,7.84,761206,6233694.000
2007-11-26,7.94,7.99,7.78,7.79,748801,6232318.000
2007-11-27,7.65,7.88,7.65,7.78,496767,4093879.000
2007-11-28,7.75,7.92,7.72,7.79,732735,6061550.000
2007-11-29,7.83,8.01,7.83,7.98,999114,8391565.000
2007-11-30,7.97,7.97,7.82,7.83,811219,6766607.000
2007-12-03,7.83,8.19,7.75,8.16,1764372,15009884.000
2007-12-04,8.19,8.23,7.98,8.08,2047832,17568624.000
2007-12-05,8.07,8.24,8.04,8.19,1431555,12331492.000
2007-12-06,8.14,8.28,8.12,8.22,1213811,10490978.000
2007-12-07,8.22,8.37,8.14,8.34,1548126,13533952.000
2007-12-10,8.14,8.51,8.14,8.42,2659596,23478650.000
2007-12-11,8.44,8.68,8.35,8.53,2513566,22557712.000
2007-12-12,8.46,8.64,8.44,8.48,2020862,18158456.000
2007-12-13,8.49,8.67,8.29,8.32,2282968,20499928.000
2007-12-14,8.25,8.82,8.22,8.73,3273645,29511932.000
2007-12-17,8.72,9.07,8.72,8.79,4736656,44496592.000
2007-12-18,8.74,8.89,8.64,8.71,1933788,17765904.000
2007-12-19,8.79,8.99,8.73,8.89,1940345,18126264.000
2007-12-20,8.86,9.08,8.86,8.93,2376309,22496024.000
2007-12-21,8.86,9.04,8.86,8.96,1811925,17063498.000
2007-12-24,9.04,9.38,9.00,9.22,3746576,36303276.000
2007-12-25,9.24,9.30,9.10,9.28,2280659,22058968.000
2007-12-26,9.28,9.49,9.24,9.40,2450860,24108392.000
2007-12-27,9.40,9.55,9.30,9.36,3923987,38752520.000
2007-12-28,9.51,9.75,9.32,9.57,4694774,46905948.000
2008-01-02,9.74,10.52,9.65,10.40,8719537,93961216.000
2008-01-03,10.54,10.94,10.46,10.47,10189031,113792056.000
2008-01-04,10.43,11.56,10.24,11.56,14262011,164008848.000
2008-01-07,11.56,12.04,11.39,11.77,16515119,202198928.000
2008-01-08,11.72,11.72,11.15,11.31,9393348,111691024.000
2008-01-09,11.24,11.74,11.12,11.69,6460794,77517504.000
2008-01-10,11.80,11.80,11.37,11.48,6783259,81817552.000
2008-01-11,11.42,11.45,11.05,11.26,4308997,50297144.000
2008-01-14,11.25,11.54,11.21,11.39,3916855,46483316.000
2008-01-15,11.44,11.69,11.31,11.68,4110865,49200392.000
2008-01-16,11.63,11.64,11.14,11.22,4212405,50114696.000
2008-01-17,11.06,11.39,10.14,10.50,6374707,70931664.000
2008-01-18,10.54,10.79,10.35,10.73,3215448,35521240.000
2008-01-21,10.66,10.75,9.94,10.03,3005251,32598424.000
2008-01-22,9.84,9.88,8.98,9.05,5021688,49533548.000
2008-01-23,9.25,9.93,9.25,9.92,4630188,46669496.000
2008-01-24,10.04,10.59,9.79,10.33,5097211,54653664.000
2008-01-25,10.53,10.99,10.29,10.56,4479836,49728576.000
2008-01-28,10.56,10.56,9.46,9.54,3487382,35894488.000
2008-01-29,9.54,10.19,9.54,10.12,2726102,28372296.000
2008-01-30,10.19,10.37,9.79,10.00,2259397,23854370.000
2008-01-31,10.06,10.19,9.54,9.59,1882066,19450684.000
2008-02-01,9.52,9.69,8.79,9.17,2260632,22001736.000
2008-02-04,9.43,10.13,9.42,10.12,2618111,27019764.000
2008-02-05,10.02,10.39,9.85,10.17,2899692,30930512.000
2008-02-13,9.98,10.29,9.85,10.04,1805395,19078460.000
2008-02-14,10.12,10.34,10.09,10.28,2200619,23523740.000
2008-02-15,10.19,10.19,9.84,10.04,1536032,16031008.000
2008-02-18,10.17,10.49,10.17,10.36,2568863,27766324.000
2008-02-19,10.36,10.70,10.26,10.60,2831597,31184152.000
2008-02-20,10.63,10.79,10.32,10.41,2591410,28415184.000
2008-02-21,10.34,10.62,10.15,10.47,2008106,21774162.000
2008-02-22,10.43,10.43,10.05,10.17,2295562,24529396.000
2008-02-25,10.24,10.39,9.94,9.95,1979926,21011764.000
2008-02-26,10.22,10.32,9.74,10.09,1419589,14853626.000
2008-02-27,10.14,10.52,10.04,10.51,2541704,27411422.000
2008-02-28,10.54,10.59,10.30,10.37,2270833,24816216.000
2008-02-29,10.26,10.43,10.12,10.27,3219964,34590088.000
2008-03-03,10.22,10.93,10.14,10.86,5628195,62681752.000
2008-03-04,10.86,11.39,10.66,11.12,10129363,117493928.000
2008-03-05,10.99,11.39,10.85,11.22,5687991,66254364.000
2008-03-06,11.13,11.39,10.94,11.03,4036571,46721672.000
2008-03-07,10.94,10.94,10.54,10.59,2939346,32802412.000
2008-03-10,10.52,10.52,10.13,10.15,2193942,23624588.000
2008-03-11,10.05,10.59,9.99,10.54,1970890,21230444.000
2008-03-12,10.63,10.73,10.45,10.60,3389293,37451856.000
2008-03-13,10.64,10.68,9.64,9.86,4973301,53168472.000
2008-03-14,9.82,10.02,9.44,9.75,1849676,18870438.000
2008-03-17,9.64,9.78,8.73,8.75,2323752,22591904.000
2008-03-18,8.54,8.96,7.84,8.04,3076454,26703272.000
2008-03-19,8.20,8.63,8.06,8.46,2543400,22514234.000
2008-03-21,8.99,9.35,8.95,9.35,2669924,25927740.000
2008-03-24,9.74,9.87,9.24,9.24,6132086,61809232.000
2008-03-25,8.87,9.46,8.85,9.39,2160830,20741782.000
2008-03-26,9.39,9.61,9.17,9.27,1362783,13419119.000
2008-03-27,9.22,9.22,8.44,8.46,2044880,18797038.000
2008-03-28,8.42,8.84,8.05,8.80,1973722,17662470.000
2008-03-31,8.53,8.69,8.29,8.32,1236104,11014373.000
2008-04-01,8.30,8.49,7.51,7.52,1903820,15725984.000
2008-04-02,7.59,7.89,7.09,7.29,1750341,13823335.000
2008-04-03,7.29,7.71,7.17,7.62,1392498,11060804.000
2008-04-07,7.58,8.20,7.35,8.14,1650871,13828315.000
2008-04-08,8.12,8.46,8.04,8.24,1963215,17027890.000
2008-04-09,8.19,8.32,7.59,7.63,1533419,12965263.000
2008-04-10,7.53,7.90,7.44,7.84,1085459,8837399.000
2008-04-11,7.92,8.12,7.87,8.00,824635,6900822.000
2008-04-14,7.83,7.83,7.42,7.45,1062454,8472546.000
2008-04-15,7.60,7.80,7.35,7.79,987911,7854250.000
2008-04-16,7.79,7.94,7.68,7.71,936510,7652764.000
2008-04-17,7.73,7.82,7.28,7.43,968977,7665348.000
2008-04-18,7.37,7.49,6.93,6.97,1035451,7881905.000
2008-04-21,7.62,7.62,6.97,7.13,1152268,8760802.000
2008-04-22,7.09,7.12,6.54,6.91,1232483,8785810.000
2008-04-23,6.91,7.27,6.64,7.23,1682984,12425275.000
2008-04-24,7.92,7.99,7.65,7.99,3987696,32944124.000
2008-04-25,7.98,8.21,7.77,7.90,3686747,31150756.000
2008-04-28,7.81,8.09,7.73,7.94,2729238,22530934.000
2008-04-29,7.98,8.12,7.87,8.10,2030845,17039146.000
2008-04-30,8.13,8.49,8.12,8.46,3782192,33064324.000
2008-05-05,8.63,8.81,8.58,8.73,7210132,65392128.000
2008-05-06,8.62,8.68,8.41,8.52,2579119,22961560.000
2008-05-07,8.42,8.52,7.99,8.03,2278231,19670924.000
2008-05-08,7.92,8.25,7.83,8.24,1810176,15228156.000
2008-05-09,8.27,8.28,7.92,8.06,1728144,14660271.000
2008-05-12,7.99,8.41,7.72,8.29,2045322,17521160.000
2008-05-13,7.94,8.29,7.93,8.14,2104501,17842308.000
2008-05-14,8.14,8.45,8.04,8.43,2490104,21725102.000
2008-05-15,8.43,8.59,8.32,8.33,2699876,23835712.000
2008-05-16,8.29,8.46,8.05,8.20,1542872,13342003.000
2008-05-19,8.14,8.24,8.03,8.21,852975,7263688.000
2008-05-20,8.22,8.30,7.55,7.69,1487640,12450698.000
2008-05-21,7.63,7.88,7.31,7.80,1843556,14575964.000
2008-05-22,7.69,8.12,7.60,8.01,2220647,18268804.000
2008-05-23,7.89,8.78,7.89,8.17,4317028,37681816.000
2008-05-26,8.07,8.07,7.63,7.69,1477307,12051488.000
2008-05-27,7.67,7.77,7.54,7.73,814864,6558721.000
2008-05-28,7.73,7.92,7.62,7.86,1083857,8878131.000
2008-05-29,7.86,7.90,7.58,7.59,942611,7657263.000
2008-05-30,7.69,7.71,7.48,7.59,767059,6117665.000
2008-06-02,7.59,7.67,7.54,7.66,1003257,8020441.000
2008-06-03,7.67,7.71,7.52,7.64,527726,4221109.000
2008-06-04,7.61,7.61,7.35,7.40,621400,4868132.000
2008-06-05,7.40,7.62,7.37,7.41,583477,4580919.000
2008-06-06,7.44,7.56,7.41,7.46,587724,4614954.000
2008-06-10,7.20,7.29,6.68,6.68,1219100,8823823.000
2008-06-11,6.55,6.86,6.46,6.82,1727063,12166150.000
2008-06-12,6.91,6.91,6.48,6.61,1057080,7437296.000
2008-06-13,6.61,6.70,6.42,6.61,933126,6500380.000
2008-06-16,6.65,6.71,6.42,6.49,1665936,11579790.000
2008-06-17,6.42,6.52,5.80,5.82,1699557,11097971.000
2008-06-18,5.65,6.26,5.52,6.19,2203974,14039416.000
2008-06-19,6.07,6.17,5.53,5.53,1031810,6393732.000
2008-06-20,5.50,5.89,5.32,5.66,1147145,6951888.000
2008-06-23,5.52,5.82,5.52,5.69,670916,4085213.000
2008-06-24,5.61,5.89,5.61,5.83,685670,4238429.000
2008-06-25,5.74,6.45,5.74,6.45,2324917,15419138.000
2008-06-26,6.50,6.50,6.28,6.49,3045636,20673996.000
2008-06-27,6.27,6.28,5.81,5.85,1331490,8552809.000
2008-06-30,5.72,6.02,5.72,5.88,783996,4909837.000
2008-07-01,5.92,6.02,5.63,5.64,620300,3785840.000
2008-07-02,5.60,5.80,5.54,5.69,774729,4693936.000
2008-07-03,5.53,6.03,5.52,5.97,2027240,12603426.000
2008-07-04,5.92,6.08,5.84,5.96,1436584,9123607.000
2008-07-07,6.01,6.51,6.00,6.33,1643772,10994533.000
2008-07-08,6.39,6.58,6.35,6.51,3107174,21271792.000
2008-07-09,6.52,6.61,6.37,6.55,2119266,14587652.000
2008-07-10,6.52,6.60,6.39,6.39,1815273,12520563.000
2008-07-11,6.32,6.42,6.14,6.29,1331349,8835678.000
2008-07-14,6.28,6.44,6.22,6.42,810245,5458889.000
2008-07-15,6.44,6.47,6.18,6.22,1236535,8288770.000
2008-07-16,6.12,6.25,5.70,5.86,997611,6339224.000
2008-07-17,5.94,6.11,5.80,5.84,864780,5471310.000
2008-07-18,5.90,6.12,5.77,6.06,784900,4960862.000
2008-07-21,6.00,6.36,5.97,6.35,1269476,8361112.000
2008-07-22,6.28,6.41,6.27,6.36,936344,6298425.000
2008-07-23,6.36,6.49,6.25,6.25,777625,5235982.000
2008-07-24,6.32,6.54,6.30,6.48,1510829,10336486.000
2008-07-25,6.44,6.54,6.34,6.44,1084971,7409645.000
2008-07-28,6.52,6.58,6.42,6.52,1453446,10022075.000
2008-07-29,6.47,6.47,6.23,6.30,1092206,7321091.000
2008-07-30,6.42,6.47,6.27,6.46,1045211,7070997.000
2008-07-31,6.52,6.52,6.10,6.16,773420,5129389.000
2008-08-01,6.14,6.39,6.07,6.31,714989,4720311.000
2008-08-04,6.19,6.38,6.12,6.24,868663,5775740.000
2008-08-05,6.23,6.27,6.00,6.05,593001,3854712.000
2008-08-06,6.09,6.14,5.88,6.03,455549,2916327.000
2008-08-07,6.15,6.30,5.97,6.27,795022,5173286.000
2008-08-08,6.27,6.31,5.62,5.64,1548958,9895343.000
2008-08-11,5.61,5.72,5.04,5.04,965865,5453638.000
2008-08-12,5.04,5.10,4.87,4.96,632716,3387617.000
2008-08-13,4.93,4.97,4.67,4.87,865762,4487183.000
2008-08-14,4.86,5.04,4.72,4.89,562491,2983442.000
2008-08-15,4.92,5.09,4.92,4.95,819854,4403695.000
2008-08-18,4.92,4.95,4.52,4.53,735005,3734315.000
2008-08-19,4.52,4.70,4.43,4.62,504740,2509242.000
2008-08-20,4.62,5.07,4.47,5.02,1231769,6515068.000
2008-08-21,4.96,5.02,4.77,4.78,766580,4050678.000
2008-08-22,4.78,4.83,4.60,4.70,653522,3324640.000
2008-08-25,4.71,4.78,4.64,4.71,514128,2624432.000
2008-08-26,4.70,4.70,4.25,4.41,645359,3138936.000
2008-08-27,4.39,4.52,4.28,4.50,649623,3116390.000
2008-08-28,4.55,4.99,4.53,4.78,3625813,18870416.000
2008-08-29,4.63,4.92,4.61,4.82,2435335,12520714.000
2008-09-01,4.75,4.78,4.47,4.66,1820952,9129534.000
2008-09-02,4.69,4.86,4.65,4.80,2053168,10553647.000
2008-09-03,4.78,4.87,4.63,4.70,1133737,5777255.000
2008-09-04,4.72,4.86,4.72,4.84,1968618,10162489.000
2008-09-05,4.62,4.72,4.54,4.56,1459055,7315651.000
2008-09-08,4.53,4.60,4.27,4.34,1153572,5507792.000
2008-09-09,4.42,4.50,4.30,4.43,590877,2833852.000
2008-09-10,4.44,4.62,4.35,4.47,907090,4442034.000
2008-09-11,4.53,4.53,4.36,4.41,372500,1791639.000
2008-09-12,4.40,4.58,4.32,4.45,621418,3019453.000
2008-09-16,4.44,4.51,4.33,4.38,621780,2970276.000
2008-09-17,4.39,4.48,4.12,4.26,820871,3890044.000
2008-09-18,4.12,4.19,3.86,4.06,1307414,5742943.000
2008-09-19,4.49,4.50,4.42,4.50,1437611,6993231.000
2008-09-22,4.77,4.94,4.51,4.70,3489585,17808020.000
2008-09-23,4.54,4.54,4.29,4.31,1167780,5599361.000
2008-09-24,4.56,4.78,4.55,4.78,3803872,19498228.000
2008-09-25,4.87,4.89,4.72,4.81,7535496,39145764.000
2008-09-26,4.70,4.80,4.57,4.70,3550985,17983512.000
2008-10-06,4.52,4.62,4.35,4.38,1831345,8849369.000
2008-10-07,4.29,4.39,4.12,4.30,1645265,7619190.000
2008-10-08,4.26,4.37,4.17,4.25,1044074,4847640.000
2008-10-09,4.32,4.38,4.12,4.21,957564,4425684.000
2008-10-10,4.02,4.02,3.82,3.85,1352277,5803785.000
2008-10-13,3.82,3.97,3.69,3.96,967153,4083140.000
2008-10-14,4.07,4.13,3.82,3.84,2024401,8824276.000
2008-10-15,3.82,3.94,3.77,3.89,1204555,5099922.000
2008-10-16,3.74,3.84,3.70,3.78,1258895,5232971.000
2008-10-17,3.89,3.97,3.74,3.91,2113480,8989522.000
2008-10-20,3.87,4.07,3.74,4.02,1331197,5755468.000
2008-10-21,4.02,4.07,3.92,3.95,1237139,5401946.000
2008-10-22,3.97,4.16,3.97,4.08,4049196,18112036.000
2008-10-23,3.96,4.31,3.96,4.25,3777803,17213306.000
2008-10-24,4.21,4.43,4.19,4.32,3703405,17420456.000
2008-10-27,4.27,4.40,4.14,4.33,2980256,13868367.000
2008-10-28,4.26,4.58,4.12,4.49,2660233,12570359.000
2008-10-29,4.50,4.51,4.26,4.30,2294581,10866147.000
2008-10-30,4.35,4.45,4.20,4.40,2263860,10650584.000
2008-10-31,4.63,4.88,4.21,4.40,8460579,42496836.000
2008-11-03,4.22,4.37,4.14,4.17,3032589,13954264.000
2008-11-04,4.09,4.19,3.81,3.91,4944018,21211996.000
2008-11-05,3.97,4.08,3.91,4.05,2473108,10849439.000
2008-11-06,3.94,4.00,3.88,3.99,1339319,5797486.000
2008-11-07,3.92,4.11,3.92,4.03,1395934,6166080.000
2008-11-10,4.09,4.35,4.07,4.34,2707150,12475185.000
2008-11-11,4.29,4.44,4.22,4.35,2583597,12212421.000
2008-11-12,4.30,4.45,4.27,4.44,1681755,7973447.000
2008-11-13,4.40,4.67,4.35,4.59,3260310,15975299.000
2008-11-14,4.59,5.06,4.56,4.87,5498990,28566012.000
2008-11-17,4.82,5.01,4.71,4.97,5031911,26368604.000
2008-11-18,4.85,4.93,4.44,4.53,4181904,21078460.000
2008-11-19,4.51,4.89,4.51,4.87,3444615,17587608.000
2008-11-20,4.77,5.08,4.68,4.92,4331905,22933806.000
2008-11-21,4.81,4.96,4.53,4.82,3224129,16617252.000
2008-11-24,4.80,5.08,4.72,4.77,3255527,17269534.000
2008-11-25,4.87,4.90,4.64,4.79,1756072,9025811.000
2008-11-26,4.80,5.03,4.71,5.02,3442456,18228474.000
2008-11-27,5.41,5.41,4.87,4.90,5692179,31492684.000
2008-11-28,4.85,4.97,4.70,4.75,2486120,12899163.000
2008-12-01,4.77,5.04,4.57,5.01,3063757,15991492.000
2008-12-02,4.86,5.23,4.81,5.12,3274059,17872640.000
2008-12-03,5.15,5.34,5.07,5.28,3115829,17453116.000
2008-12-04,5.32,5.41,5.13,5.17,4083832,23144544.000
2008-12-05,5.13,5.31,5.09,5.31,2212078,12381789.000
2008-12-08,5.38,5.59,5.28,5.56,4063169,23803720.000
2008-12-09,5.53,5.54,5.22,5.30,3181745,18217976.000
2008-12-10,5.23,5.55,5.14,5.47,4393705,25128288.000
2008-12-11,5.50,5.57,5.28,5.39,3398213,19740550.000
2008-12-12,5.32,5.37,4.92,5.08,3855431,21184104.000
2008-12-15,5.18,5.28,5.07,5.20,2028475,11312259.000
2008-12-16,5.18,5.40,5.06,5.34,1967202,11054260.000
2008-12-17,5.41,5.49,5.32,5.35,1720333,9961494.000
2008-12-18,5.35,5.50,5.32,5.49,2135449,12410307.000
2008-12-19,5.45,5.66,5.44,5.61,3241271,19249924.000
2008-12-22,5.62,5.72,5.59,5.65,2798733,16868900.000
2008-12-23,5.71,5.71,5.24,5.24,2195020,12735438.000
2008-12-24,5.22,5.34,5.14,5.30,1462182,8216016.000
2008-12-25,5.40,5.40,5.15,5.28,1372882,7760389.000
2008-12-26,5.27,5.30,5.12,5.13,687700,3848352.000
2008-12-29,5.03,5.13,4.94,5.07,875412,4742546.000
2008-12-30,5.07,5.14,5.01,5.01,981391,5355699.000
2008-12-31,5.02,5.10,4.97,4.98,577100,3121959.000
2009-01-05,5.05,5.19,5.01,5.17,674430,3717301.000
2009-01-06,5.12,5.37,5.12,5.31,1374053,7718281.000
2009-01-07,5.27,5.39,5.22,5.34,1259958,7201189.000
2009-01-08,5.27,5.31,5.22,5.26,995526,5609500.000
2009-01-09,5.26,5.47,5.26,5.45,1815132,10477460.000
2009-01-12,5.42,5.50,5.40,5.43,1348190,7857127.000
2009-01-13,5.40,5.40,5.26,5.30,1046835,5979598.000
2009-01-14,5.32,5.49,5.32,5.46,1423785,8237609.000
2009-01-15,5.45,5.53,5.36,5.48,4083990,23729936.000
2009-01-16,5.47,5.59,5.47,5.50,2452496,14491013.000
2009-01-19,5.48,5.59,5.44,5.57,2542302,14943963.000
2009-01-20,5.60,5.64,5.55,5.62,3495364,20873940.000
2009-01-21,5.57,5.57,5.47,5.53,1721607,10124354.000
2009-01-22,5.62,5.64,5.50,5.55,4500059,26606680.000
2009-01-23,5.50,5.55,5.43,5.54,3332851,19562964.000
2009-02-02,5.57,5.59,5.53,5.56,2708678,16110576.000
2009-02-03,5.60,5.69,5.55,5.69,5296829,31832464.000
2009-02-04,5.68,5.73,5.59,5.73,4276495,25889330.000
2009-02-05,5.72,5.97,5.68,5.94,7438678,45959748.000
2009-02-06,5.98,6.20,5.98,6.09,10729128,69321512.000
2009-02-09,6.07,6.13,5.98,6.10,6067745,39096464.000
2009-02-10,6.04,6.39,6.04,6.28,9301328,61190480.000
2009-02-11,6.20,6.57,6.13,6.35,6693765,44809288.000
2009-02-12,6.32,6.53,6.14,6.52,5607541,37801480.000
2009-02-13,6.45,7.21,6.43,6.88,8606003,63274000.000
2009-02-16,6.92,6.97,6.69,6.82,4313147,30939636.000
2009-02-17,6.82,6.99,6.63,6.64,5596757,40466928.000
2009-02-18,6.42,6.51,6.11,6.13,5238397,35029404.000
2009-02-19,6.16,6.42,6.16,6.26,4374925,29082104.000
2009-02-20,6.30,6.45,6.13,6.43,3422167,22910812.000
2009-02-23,6.40,6.68,6.33,6.65,3878806,26931644.000
2009-02-24,6.52,6.64,6.31,6.36,3923594,26808838.000
2009-02-25,6.46,6.60,6.32,6.60,3654044,24994884.000
2009-02-26,6.61,6.87,6.07,6.21,6077083,42878204.000
2009-02-27,6.21,6.26,5.62,5.72,3717791,23187636.000
2009-03-02,5.63,5.88,5.62,5.83,1644646,10152610.000
2009-03-03,5.65,5.98,5.60,5.95,2482717,15472763.000
2009-03-04,5.94,6.57,5.88,6.54,4963670,33201634.000
2009-03-05,6.55,7.01,5.93,6.81,7752729,55328912.000
2009-03-06,6.67,6.81,6.58,6.69,3211109,22697638.000
2009-03-09,6.77,6.79,6.10,6.13,3769783,25671480.000
2009-03-10,6.12,6.34,5.98,6.32,1735925,11431241.000
2009-03-11,6.42,6.48,6.24,6.33,1859508,12528684.000
2009-03-12,6.30,6.39,6.06,6.32,1651561,10901173.000
2009-03-13,6.41,6.52,6.30,6.31,1765159,11981547.000
2009-03-16,6.30,6.50,6.30,6.50,1687755,11480951.000
2009-03-17,6.52,6.78,6.50,6.69,3935493,27754988.000
2009-03-18,6.70,6.76,6.59,6.70,4045235,28555150.000
2009-03-19,6.65,6.81,6.65,6.76,3218440,22933714.000
2009-03-20,6.81,6.82,6.58,6.67,2593011,18315856.000
2009-03-23,6.70,6.81,6.60,6.77,3892725,27592152.000
2009-03-24,6.80,6.84,6.68,6.75,3020394,21577428.000
2009-03-25,6.71,6.72,6.47,6.54,3711557,25967724.000
2009-03-26,6.52,6.65,6.36,6.63,3219105,22181286.000
2009-03-27,6.64,6.74,6.63,6.68,3514143,24866100.000
2009-03-30,6.70,6.88,6.61,6.80,5465256,39072148.000
2009-03-31,6.69,6.95,6.64,6.92,5852964,42087392.000
2009-04-01,6.91,6.97,6.83,6.94,4698373,34237584.000
2009-04-02,6.94,7.10,6.87,7.00,5766917,42417732.000
2009-04-03,7.05,7.05,6.73,6.78,4346127,31528152.000
2009-04-07,6.79,6.91,6.72,6.90,3349610,24113954.000
2009-04-08,6.87,7.19,6.82,6.95,6655623,49155028.000
2009-04-09,6.97,7.21,6.87,7.20,5761154,42835152.000
2009-04-10,7.27,7.37,7.13,7.19,8336708,63721940.000
2009-04-13,7.13,7.29,7.05,7.16,9425965,70709344.000
2009-04-14,7.10,7.34,7.05,7.33,6470965,49151972.000
2009-04-15,7.33,7.64,7.27,7.63,11507445,90416528.000
2009-04-16,7.59,7.59,7.27,7.42,6157807,48103872.000
2009-04-17,7.39,7.57,7.32,7.38,6296363,49355696.000
2009-04-20,7.38,7.61,7.33,7.59,4575802,36033392.000
2009-04-21,7.50,7.69,7.42,7.52,4536082,35967024.000
2009-04-22,7.57,7.80,7.03,7.17,6702868,52941696.000
2009-04-23,7.18,7.24,6.94,7.17,4032551,30233456.000
2009-04-24,7.20,7.54,7.20,7.39,6090735,47497644.000
2009-04-27,7.30,7.30,6.90,6.98,5149502,38222136.000
2009-04-28,6.87,7.00,6.77,6.89,3168233,22972524.000
2009-04-29,6.92,7.15,6.85,7.09,3372261,24999138.000
2009-04-30,7.05,7.12,6.96,7.08,3735544,27712352.000
2009-05-04,7.10,7.27,7.05,7.27,5430392,41069296.000
2009-05-05,7.54,7.70,7.37,7.40,11335341,89392992.000
2009-05-06,7.37,7.51,7.29,7.47,5244514,40908272.000
2009-05-07,7.49,7.65,7.28,7.44,5250068,41171368.000
2009-05-08,7.36,7.41,7.15,7.31,5319844,40786808.000
2009-05-11,7.31,7.36,7.07,7.09,4140826,31567788.000
2009-05-12,7.02,7.22,6.97,7.21,2540667,19046368.000
2009-05-13,7.17,7.29,7.16,7.28,2882619,22005476.000
2009-05-14,7.22,7.32,7.18,7.29,2144719,16403946.000
2009-05-15,7.29,7.40,7.29,7.36,2773513,21420828.000
2009-05-18,7.40,7.62,7.34,7.54,8092574,64007368.000
2009-05-20,7.56,7.62,7.27,7.29,4115438,32113988.000
2009-05-21,7.30,7.36,7.03,7.09,3613293,27132728.000
2009-05-22,7.07,7.21,7.07,7.15,1696534,12737427.000
2009-05-25,6.92,7.11,6.88,7.06,2252714,16583904.000
2009-05-26,7.05,7.20,7.03,7.07,1656064,12408322.000
2009-05-27,7.11,7.15,6.97,7.06,1541954,11470936.000
2009-06-01,7.14,7.17,7.08,7.15,2403572,18046844.000
2009-06-02,7.15,7.24,7.10,7.19,2875038,21695940.000
2009-06-03,7.16,7.27,7.15,7.26,2559346,19461092.000
2009-06-04,7.27,7.67,7.22,7.48,10499828,82978752.000
2009-06-05,7.43,7.67,7.35,7.48,7519804,59496400.000
2009-06-08,7.45,7.59,7.31,7.51,4530219,35492348.000
2009-06-09,7.45,7.80,7.45,7.79,11718422,94498584.000
2009-06-10,7.74,7.79,7.60,7.68,6604335,53228204.000
2009-06-11,7.64,7.66,7.41,7.45,5450889,43100204.000
2009-06-12,7.42,7.53,7.27,7.29,3549345,27601064.000
2009-06-15,7.30,7.51,7.29,7.50,2825297,21987936.000
2009-06-16,7.47,7.50,7.34,7.48,2140602,16703380.000
2009-06-17,7.43,7.60,7.43,7.53,3222757,25442880.000
2009-06-18,7.57,7.64,7.46,7.57,2601134,20383878.000
2009-06-19,7.49,7.65,7.49,7.58,3095428,24256360.000
2009-06-22,7.70,7.70,7.55,7.58,2811070,22217330.000
2009-06-23,7.49,7.57,7.44,7.50,2153672,16764042.000
2009-06-24,7.48,7.58,7.47,7.55,2538538,19847632.000
2009-06-25,7.56,8.02,7.53,7.89,9200920,73868920.000
2009-06-26,7.93,8.12,7.80,8.02,12008521,99073760.000
2009-06-29,7.97,8.18,7.80,7.86,6606626,54568920.000
2009-06-30,7.86,7.90,7.60,7.61,4982724,40045792.000
2009-07-01,7.62,7.83,7.55,7.70,3159930,25214476.000
2009-07-02,7.70,7.89,7.65,7.87,4559409,36696512.000
2009-07-03,7.82,7.97,7.72,7.86,4698931,38280960.000
2009-07-06,7.83,7.97,7.72,7.97,5130404,41671852.000
2009-07-07,7.98,8.15,7.89,7.91,8285682,68887576.000
2009-07-08,7.91,8.03,7.73,8.02,4981896,40654632.000
2009-07-09,7.98,8.27,7.97,8.21,8822055,74490424.000
2009-07-10,8.22,8.34,8.05,8.11,7859083,66542228.000
2009-07-13,8.16,8.27,8.07,8.11,4618816,38915964.000
2009-07-14,8.17,8.28,8.10,8.22,5324260,45059104.000
2009-07-15,8.22,8.29,8.13,8.22,5428539,45997652.000
2009-07-16,8.19,8.28,8.08,8.08,4949065,41705576.000
2009-07-17,8.12,8.26,8.09,8.15,4309658,36449324.000
2009-07-20,8.18,8.40,8.14,8.30,6623345,56688156.000
2009-07-21,8.30,8.40,8.15,8.23,8830721,75590096.000
2009-07-22,8.30,8.66,8.19,8.60,11163488,97438000.000
2009-07-23,8.65,9.21,8.46,8.54,16060515,143814336.000
2009-07-24,8.57,8.60,8.21,8.33,8748438,75789880.000
2009-07-27,8.33,8.51,8.25,8.45,7809094,67684824.000
2009-07-28,8.46,8.46,8.32,8.45,4989428,43230796.000
2009-07-29,8.38,8.48,7.62,7.86,6777817,57511524.000
2009-07-30,7.97,8.01,7.66,7.89,3688809,29903250.000
2009-07-31,7.91,8.10,7.85,8.09,4281498,35362364.000
2009-08-03,8.12,8.27,8.09,8.25,4783351,40566224.000
2009-08-04,8.22,8.25,8.05,8.21,4337299,36516540.000
2009-08-05,8.24,8.60,8.14,8.54,10812393,94598288.000
2009-08-06,8.50,8.50,8.12,8.23,4533948,38857104.000
2009-08-07,8.19,8.36,8.03,8.05,3490756,29653416.000
2009-08-10,8.05,8.16,7.97,8.10,2392825,19966312.000
2009-08-11,8.11,8.28,8.04,8.26,3143438,26684352.000
2009-08-12,8.29,8.40,7.87,7.90,4140424,35068652.000
2009-08-13,7.91,7.97,7.74,7.86,2163664,17584120.000
2009-08-14,7.87,7.90,7.26,7.27,5046681,39462376.000
2009-08-17,7.27,7.28,6.85,6.87,2817282,20693360.000
2009-08-18,6.87,7.06,6.78,7.02,1753111,12648559.000
2009-08-19,7.00,7.02,6.55,6.63,2394134,17012204.000
2009-08-20,6.64,6.87,6.64,6.84,2208765,15555373.000
2009-08-21,6.87,6.99,6.78,6.98,2588150,18584420.000
2009-08-24,6.97,7.13,6.92,7.09,2330593,17035170.000
2009-08-25,7.08,7.31,6.93,7.15,4835626,35897208.000
2009-08-26,7.07,7.31,6.97,7.26,3706361,27773060.000
2009-08-27,7.27,7.50,7.23,7.46,4988650,38362148.000
2009-08-28,7.35,7.42,7.17,7.21,2757710,20774224.000
2009-08-31,7.13,7.22,6.63,6.66,2854494,20371260.000
2009-09-01,6.62,6.78,6.62,6.70,1636980,11466548.000
2009-09-02,6.62,6.81,6.57,6.79,1069545,7485895.000
2009-09-03,6.79,7.06,6.74,7.04,2523278,18232044.000
2009-09-04,7.03,7.13,6.97,7.11,2798964,20536212.000
2009-09-07,7.11,7.42,7.11,7.24,4597131,34706564.000
2009-09-08,7.17,7.33,7.12,7.32,3244879,24486748.000
2009-09-09,7.31,7.41,7.22,7.34,3786514,28831956.000
2009-09-10,7.35,7.36,7.12,7.16,2267597,17055114.000
2009-09-11,7.17,7.31,7.17,7.26,2486293,18774672.000
2009-09-14,7.29,7.45,7.28,7.42,3779719,28931448.000
2009-09-15,7.38,7.55,7.32,7.52,4512305,34825416.000
2009-09-16,7.48,7.57,7.36,7.48,3495929,27026776.000
2009-09-17,7.45,7.66,7.45,7.62,4184235,32981170.000
2009-09-18,7.63,7.89,7.40,7.46,6183670,49347580.000
2009-09-21,7.41,7.62,7.23,7.54,3132123,24022884.000
2009-09-22,7.54,7.73,7.45,7.57,4622544,36459980.000
2009-09-23,7.56,7.75,7.35,7.73,6119603,48301484.000
2009-09-24,7.59,7.67,7.25,7.44,3764407,29199502.000
2009-09-25,7.37,7.66,7.35,7.51,3142527,24468100.000
2009-09-28,7.51,7.67,7.07,7.09,3457417,26595044.000
2009-09-29,7.10,7.15,6.71,6.82,2996369,21469540.000
2009-09-30,6.88,7.03,6.84,6.90,1599816,11562637.000
2009-10-09,7.02,7.20,6.96,7.14,2172080,16033239.000
2009-10-12,7.19,7.45,7.14,7.35,3782487,28698520.000
2009-10-13,7.31,7.72,7.28,7.70,5538708,43277920.000
2009-10-14,7.62,7.77,7.56,7.58,3937287,31237972.000
2009-10-15,7.65,7.79,7.60,7.64,5387320,42905064.000
2009-10-16,7.64,7.65,7.35,7.53,3529228,27447196.000
2009-10-19,7.49,7.71,7.45,7.70,3624896,28698690.000
2009-10-20,7.72,7.83,7.64,7.80,5267241,42307192.000
2009-10-21,7.81,7.81,7.65,7.68,3026634,24200168.000
2009-10-22,7.84,8.13,7.84,7.93,10085534,83488144.000
2009-10-23,7.93,8.05,7.88,7.98,6807611,56192840.000
2009-10-26,7.99,8.02,7.87,7.95,3852443,31679380.000
2009-10-27,7.97,8.16,7.90,8.01,6376726,52807596.000
2009-10-28,7.98,8.17,7.93,8.15,5743591,47977416.000
2009-10-29,8.02,8.07,7.84,7.88,4022226,33079528.000
2009-10-30,7.97,8.05,7.88,7.93,3633403,29990258.000
2009-11-02,7.83,8.13,7.73,8.12,4545733,37552932.000
2009-11-03,8.08,8.54,8.08,8.42,10083007,87099392.000
2009-11-04,8.40,8.69,8.35,8.55,8043199,71091344.000
2009-11-05,8.54,8.62,8.43,8.56,5383922,47340124.000
2009-11-06,8.60,8.78,8.58,8.67,5918390,53063848.000
2009-11-09,8.63,8.81,8.54,8.68,3968672,35489084.000
2009-11-10,8.73,9.09,8.73,8.90,8738830,80669344.000
2009-11-11,8.84,9.04,8.72,8.98,4642969,42576088.000
2009-11-12,8.98,9.11,8.91,9.00,4427210,41103136.000
2009-11-13,9.03,9.37,8.95,9.16,7229370,68241152.000
2009-11-16,9.22,9.58,9.14,9.56,8161477,78462048.000
2009-11-17,9.42,9.67,9.42,9.44,5712463,56047988.000
2009-11-18,9.43,9.82,9.42,9.55,5760083,56983256.000
2009-11-19,9.57,9.86,9.48,9.81,6671708,66421716.000
2009-11-20,9.82,10.57,9.72,10.22,9130773,94410960.000
2009-11-23,10.22,10.72,10.17,10.67,9390118,100462592.000
2009-11-24,10.72,10.80,9.63,9.79,12637957,133082744.000
2009-11-25,9.87,10.68,9.85,10.54,18519680,193960192.000
2009-11-26,10.50,10.59,9.47,9.58,15315590,156278480.000
2009-11-27,9.40,9.61,9.04,9.22,9145017,87828760.000
2009-11-30,9.33,9.97,9.31,9.96,8970691,89055392.000
2009-12-01,10.00,10.62,9.92,10.51,12168875,129299928.000
2009-12-02,10.52,10.61,10.33,10.59,8898606,95808392.000
2009-12-03,10.58,11.62,10.44,11.40,14080068,161673584.000
2009-12-04,11.23,11.36,10.47,10.98,11176783,125290616.000
2009-12-07,11.02,11.27,10.73,11.21,6713254,76097512.000
2009-12-08,11.25,11.28,10.85,11.09,6484228,73751224.000
2009-12-09,10.92,11.04,10.62,10.75,5833460,64738840.000
2009-12-10,10.80,10.92,10.58,10.76,4254290,46855616.000
2009-12-11,10.83,11.22,10.69,10.91,7557609,85371088.000
2009-12-14,10.95,10.95,10.35,10.60,5701659,61863392.000
2009-12-15,10.55,10.69,10.51,10.61,3626682,39500080.000
2009-12-16,10.63,11.30,10.57,11.10,10423105,117741952.000
2009-12-17,11.01,11.12,10.60,10.61,5399373,59742432.000
2009-12-18,10.46,10.51,9.80,9.96,4753236,49809200.000
2009-12-21,9.87,10.29,9.87,10.29,2617252,27241372.000
2009-12-22,10.29,10.46,9.97,9.98,2732964,28592914.000
2009-12-23,9.95,10.20,9.91,10.17,2129575,22144716.000
2009-12-24,10.20,11.08,10.19,10.89,7580811,83056192.000
2009-12-25,10.92,10.96,10.68,10.85,4700238,52223700.000
2009-12-28,10.81,11.34,10.81,11.22,8210534,93860768.000
2009-12-29,11.15,11.28,10.89,11.22,5460367,62072892.000
2009-12-30,11.22,11.26,10.87,11.03,4062895,45803604.000
2009-12-31,11.01,11.11,10.89,11.01,4269450,48157472.000
2010-01-04,11.02,11.19,10.91,10.92,4295669,48485988.000
2010-01-05,10.92,11.00,10.62,10.85,4652593,51571128.000
2010-01-06,10.82,11.06,10.73,10.92,4551123,51138584.000
2010-01-07,10.92,10.92,10.37,10.44,5144024,55927680.000
2010-01-08,10.37,10.55,10.17,10.54,3567621,37925664.000
2010-01-11,10.44,10.60,10.21,10.38,3398524,36035056.000
2010-01-12,10.34,10.80,10.27,10.79,4114290,44929196.000
2010-01-13,10.59,11.40,10.54,11.22,16203391,185650368.000
2010-01-14,11.19,11.55,11.03,11.50,11538229,133514784.000
2010-01-15,11.49,11.49,11.27,11.36,5734044,66726636.000
2010-01-18,11.36,11.89,11.35,11.81,7975643,95677128.000
2010-01-19,11.82,11.84,11.54,11.74,5161880,61752232.000
2010-01-20,11.76,11.82,10.95,11.09,5949686,69101824.000
2010-01-21,10.99,11.33,10.99,11.13,3810652,43552404.000
2010-01-22,10.98,10.98,10.48,10.78,4514532,49805164.000
2010-01-25,10.71,10.86,10.62,10.72,1572307,17381006.000
2010-01-26,10.72,10.99,10.20,10.33,2717447,29086888.000
2010-01-27,10.37,10.56,10.19,10.34,2268311,24167508.000
2010-01-28,10.33,10.57,10.24,10.47,1983033,21219546.000
2010-01-29,10.40,10.71,10.39,10.51,2341788,25475610.000
2010-02-01,10.38,10.64,10.29,10.63,2330514,25018540.000
2010-02-02,10.65,10.82,10.47,10.54,2273150,24906224.000
2010-02-03,10.43,10.59,9.94,10.57,2780309,29380164.000
2010-02-04,10.42,10.78,10.37,10.66,2576864,28085780.000
2010-02-05,10.42,10.58,10.24,10.34,1951077,20817412.000
2010-02-08,10.34,10.52,10.34,10.45,1244933,13342843.000
2010-02-09,10.39,10.65,10.36,10.48,1436479,15481613.000
2010-02-10,10.59,10.69,10.45,10.64,1482176,16077226.000
2010-02-11,10.64,10.77,10.58,10.62,1470596,16119342.000
2010-02-12,10.67,10.75,10.58,10.68,1832139,20085252.000
2010-02-22,10.68,11.16,10.68,10.97,4223166,47566312.000
2010-02-23,11.07,11.25,10.73,11.22,4609408,52210864.000
2010-02-24,11.16,11.40,11.08,11.24,4668883,53839112.000
2010-02-25,10.96,11.28,10.92,11.10,10175906,115922128.000
2010-02-26,11.10,11.51,11.02,11.44,8989725,104543816.000
2010-03-01,11.46,11.90,11.37,11.86,9795591,117032792.000
2010-03-02,11.87,11.92,11.54,11.72,5963403,71441808.000
2010-03-03,11.64,11.80,11.60,11.67,3958648,47312572.000
2010-03-04,11.60,11.77,11.20,11.21,6516963,76422976.000
2010-03-05,11.24,11.53,11.14,11.39,4067731,47160348.000
2010-03-08,11.39,11.60,11.31,11.41,2696162,31636916.000
2010-03-09,11.34,11.42,11.17,11.24,1805124,20873680.000
2010-03-10,11.22,11.30,10.80,10.93,3933942,44386356.000
2010-03-11,10.92,11.08,10.89,11.02,1991536,22423320.000
2010-03-12,11.03,11.14,10.94,11.05,2438342,27619280.000
2010-03-15,11.04,11.56,11.00,11.53,7636670,88907024.000
2010-03-16,11.61,11.96,11.53,11.81,10974550,131733832.000
2010-03-17,11.73,11.85,11.50,11.84,8407403,100571936.000
2010-03-19,11.81,11.81,11.45,11.59,4904842,58153988.000
2010-03-22,11.59,12.19,11.54,12.15,9606511,117554696.000
2010-03-23,12.11,12.14,11.81,11.92,5167621,63122432.000
2010-03-24,11.91,11.99,11.67,11.82,4524285,54609308.000
2010-03-25,11.82,11.82,11.41,11.45,4553983,53849884.000
2010-03-26,11.37,11.83,11.33,11.63,3698475,44233576.000
2010-03-29,11.62,11.80,11.58,11.67,2829744,33889056.000
2010-03-30,11.68,11.75,11.55,11.63,2783778,33123600.000
2010-03-31,11.56,11.97,11.56,11.88,4213050,50987080.000
2010-04-01,11.92,12.02,11.82,12.02,3960453,48363168.000
2010-04-02,12.02,12.02,11.72,11.87,4197489,50901376.000
2010-04-06,11.73,11.96,11.71,11.81,2767303,33461312.000
2010-04-07,11.81,12.17,11.73,12.15,5808956,71418408.000
2010-04-08,12.15,12.48,12.07,12.15,7431282,93451672.000
2010-04-09,12.22,12.62,12.13,12.61,7370344,94004624.000
2010-04-12,12.77,13.12,12.64,12.93,8441251,111027144.000
2010-04-13,12.82,13.33,12.23,13.31,9557295,125270952.000
2010-04-14,13.29,13.92,13.10,13.71,8652172,120442824.000
2010-04-15,13.76,13.92,13.42,13.58,4986340,69370368.000
2010-04-16,13.44,13.71,13.02,13.13,6415884,87638224.000
2010-04-19,13.03,13.69,12.93,13.08,6852427,92935520.000
2010-04-20,13.14,13.92,12.73,13.91,7460262,102589104.000
2010-04-21,13.92,14.37,13.67,14.02,6701533,95853920.000
2010-04-22,14.02,14.20,13.75,13.85,4622734,65817456.000
2010-04-23,13.97,14.60,13.82,14.42,6538583,94563272.000
2010-04-26,14.43,14.47,14.10,14.21,3162024,45832824.000
2010-04-27,14.10,14.12,13.22,13.41,4793669,66364540.000
2010-04-28,13.26,13.69,13.10,13.32,3510296,48267760.000
2010-04-29,13.35,13.62,12.24,12.28,4132814,54434728.000
2010-04-30,12.20,12.80,11.72,12.55,4776432,60238568.000
2010-05-04,12.38,12.80,12.11,12.67,1970513,25403156.000
2010-05-05,12.47,13.11,12.43,13.08,2373617,31177468.000
2010-05-06,13.06,13.19,12.59,12.76,2972954,39299580.000
2010-05-07,12.51,12.96,12.32,12.46,2148677,27689888.000
2010-05-10,12.49,12.67,11.73,11.90,1804398,22409324.000
2010-05-11,12.22,12.25,10.89,11.01,3474937,41202532.000
2010-05-12,10.92,11.14,10.60,11.11,2975308,33367228.000
2010-05-13,11.09,11.58,10.99,11.57,2032365,23564504.000
2010-05-14,11.57,11.87,11.47,11.59,1259113,14859793.000
2010-05-17,11.54,11.66,10.86,11.08,2232212,25298708.000
2010-05-18,11.08,11.61,10.98,11.58,1720332,19662956.000
2010-05-19,11.47,11.65,11.25,11.42,1282246,14907162.000
2010-05-20,11.33,11.57,10.95,11.01,1134162,12959525.000
2010-05-21,10.67,10.97,10.17,10.96,2646186,28437300.000
2010-05-24,11.02,11.55,11.02,11.50,2197800,25220506.000
2010-05-25,11.47,11.70,11.09,11.30,1570427,18061952.000
2010-05-26,11.28,11.35,11.10,11.17,1188904,13473004.000
2010-05-27,11.22,11.50,11.00,11.43,1522692,17474088.000
2010-05-28,11.57,11.77,11.42,11.75,2654892,31195492.000
2010-05-31,11.70,12.04,11.53,11.72,3144667,37735052.000
2010-06-01,11.58,11.66,10.87,11.31,1760085,20145200.000
2010-06-02,11.23,11.88,10.87,11.87,2151624,25147756.000
2010-06-03,11.85,12.18,11.63,11.73,3101273,37626972.000
2010-06-04,11.75,12.07,11.69,12.06,1588389,19080122.000
2010-06-07,11.86,12.27,11.75,12.18,2621544,32081602.000
2010-06-08,12.17,12.34,11.92,12.21,2506956,30822636.000
2010-06-09,12.23,12.73,12.16,12.72,4158901,52351648.000
2010-06-10,12.47,13.02,12.47,12.82,4716923,61242720.000
2010-06-11,12.98,13.02,12.50,12.57,3125652,40198764.000
2010-06-17,12.74,12.74,12.17,12.18,2456173,30651584.000
2010-06-18,12.12,12.17,11.47,11.53,1912090,22786676.000
2010-06-21,11.07,12.46,11.07,12.44,3605441,43836196.000
2010-06-22,12.38,12.66,12.32,12.34,1780730,22419804.000
2010-06-23,12.19,12.77,12.19,12.45,1892493,23939666.000
2010-06-24,12.47,12.56,12.27,12.46,949195,11919360.000
2010-06-25,12.44,12.54,12.06,12.12,1122008,13917239.000
2010-06-28,12.12,12.22,11.71,11.79,1115199,13402509.000
2010-06-29,11.80,11.86,11.07,11.15,2042106,23357664.000
2010-06-30,10.87,11.12,10.79,10.89,1358056,14986045.000
2010-07-01,10.89,11.04,10.35,10.36,1249053,13484102.000
2010-07-02,10.46,10.56,9.77,10.13,1497140,15310431.000
2010-07-05,10.17,10.23,9.87,10.16,602163,6116028.000
2010-07-06,10.15,10.51,9.99,10.48,948410,9953927.000
2010-07-07,10.39,10.93,10.39,10.85,1580498,17172036.000
2010-07-08,10.85,10.87,10.54,10.69,1222409,13183709.000
2010-07-09,10.77,11.20,10.69,11.14,1512356,16811312.000
2010-07-12,11.07,11.17,11.01,11.13,963738,10817703.000
2010-07-13,11.13,11.13,10.67,10.87,966521,10580478.000
2010-07-14,10.76,11.03,10.57,10.81,805316,8860354.000
2010-07-15,10.80,10.91,10.47,10.47,790624,8568142.000
2010-07-16,10.47,10.69,10.32,10.68,891048,9463330.000
2010-07-19,10.55,10.95,10.38,10.93,806335,8842459.000
2010-07-20,10.87,11.22,10.87,11.16,2957904,33120168.000
2010-07-21,11.12,11.20,10.87,10.97,2454070,27368752.000
2010-07-22,10.96,11.22,10.96,11.20,2471096,27854200.000
2010-07-23,11.21,11.22,10.99,11.15,1853596,20794884.000
2010-07-26,11.17,11.33,11.15,11.28,2167973,24717160.000
2010-07-27,11.27,11.54,11.20,11.45,3058302,35277656.000
2010-07-28,11.40,11.62,11.31,11.57,2750940,31975028.000
2010-07-29,11.56,11.62,11.37,11.54,2370202,27579372.000
2010-07-30,11.53,11.53,11.27,11.37,1663950,19170726.000
2010-08-02,11.37,11.92,11.37,11.90,4131156,48948524.000
2010-08-03,11.86,11.95,11.60,11.62,2273393,26964366.000
2010-08-04,11.57,11.81,11.35,11.78,2178269,25419680.000
2010-08-05,11.77,12.04,11.64,11.87,3590698,43067404.000
2010-08-06,11.87,12.31,11.80,12.24,5317707,65432976.000
2010-08-09,12.24,12.44,12.04,12.23,3717794,45890916.000
2010-08-10,12.22,12.24,11.61,11.63,4188067,50104740.000
2010-08-11,11.57,11.81,11.37,11.58,2471934,28912746.000
2010-08-12,11.42,11.48,11.22,11.40,3970172,45504392.000
2010-08-13,11.35,11.64,11.27,11.60,2485792,28777958.000
2010-08-16,11.56,11.87,11.37,11.85,3719636,44153756.000
2010-08-17,11.88,12.01,11.65,11.85,2921072,34858476.000
2010-08-18,11.86,12.03,11.80,11.95,3741839,45103384.000
2010-08-19,11.94,12.32,11.87,12.26,6325820,77887336.000
2010-08-20,12.11,12.16,11.65,11.67,4269775,51155608.000
2010-08-23,11.64,11.78,11.58,11.72,1583744,18704040.000
2010-08-24,11.70,12.33,11.52,12.24,5572296,67749944.000
2010-08-25,12.12,12.53,12.08,12.47,9292446,115920584.000
2010-08-26,12.71,12.71,12.28,12.59,6518994,82413072.000
2010-08-27,12.56,12.92,12.30,12.81,5111117,65222824.000
2010-08-30,12.87,13.87,12.62,13.14,19090067,248551520.000
2010-08-31,12.84,12.84,12.59,12.77,8848850,113696952.000
2010-09-01,12.65,12.72,12.14,12.41,6009523,75360704.000
2010-09-02,12.47,12.71,12.34,12.59,5680941,72293584.000
2010-09-03,12.57,12.99,12.28,12.79,6609839,84862312.000
2010-09-06,12.80,12.96,12.47,12.61,4228213,54025016.000
2010-09-07,12.61,12.66,12.39,12.58,2182228,27562782.000
2010-09-08,12.49,12.70,12.44,12.61,2470184,31441930.000
2010-09-09,12.66,12.69,12.28,12.43,3472665,43817464.000
2010-09-10,12.40,12.55,12.07,12.47,3248430,40438856.000
2010-09-13,12.38,12.82,12.38,12.78,4093495,52398508.000
2010-09-14,12.76,12.86,12.67,12.73,4344082,56041424.000
2010-09-15,12.70,12.81,12.21,12.36,3659601,46204648.000
2010-09-16,12.30,12.44,11.77,11.94,2845194,34581816.000
2010-09-17,11.97,12.18,11.79,12.13,1967431,23907228.000
2010-09-20,12.10,12.33,12.04,12.12,1893932,23312090.000
2010-09-21,12.04,12.15,11.72,11.93,1641284,19749648.000
2010-09-27,11.92,12.17,11.87,12.16,2287396,27813490.000
2010-09-28,12.06,12.45,12.06,12.36,3327124,41342236.000
2010-09-29,12.35,12.41,11.90,12.03,2059909,25317492.000
2010-09-30,11.93,12.14,11.82,12.07,1712620,20766824.000
2010-10-08,12.11,12.30,11.95,12.24,2528269,31187576.000
2010-10-11,12.25,12.38,12.16,12.28,4982361,61774360.000
2010-10-12,12.28,12.41,12.09,12.16,4316577,53370120.000
2010-10-13,12.08,12.38,11.97,12.36,10447882,128234512.000
2010-10-14,12.37,12.37,11.97,11.98,4501000,55109632.000
2010-10-15,11.92,12.04,11.63,11.67,4799183,57352820.000
2010-10-18,11.67,12.85,11.60,12.85,21395995,273967488.000
2010-10-19,13.12,13.14,12.61,12.84,20738684,268706368.000
2010-10-20,12.83,13.12,12.57,12.84,21077446,274500576.000
2010-10-21,12.94,13.02,12.58,12.84,17038833,221266656.000
2010-10-22,12.85,13.35,12.67,13.11,16689419,218982896.000
2010-10-25,13.14,13.15,12.77,12.98,12426758,162807232.000
2010-10-26,12.99,13.27,12.83,12.99,11552989,151932848.000
2010-10-27,12.91,13.15,12.78,12.81,8713781,114470728.000
2010-10-28,12.61,12.83,12.27,12.42,6748529,85009936.000
2010-10-29,12.32,12.76,12.28,12.58,4838080,61431876.000
2010-11-01,12.57,12.71,12.51,12.65,5522650,70404608.000
2010-11-02,12.67,12.67,12.32,12.46,7259383,91174808.000
2010-11-03,12.42,13.03,12.35,12.73,9621031,123769824.000
2010-11-04,12.71,12.71,12.45,12.66,5453110,69356936.000
2010-11-05,12.68,12.80,12.57,12.77,6864245,88022160.000
2010-11-08,12.82,13.07,12.77,13.05,7750270,101400040.000
2010-11-09,13.09,13.75,13.05,13.47,15319497,206719712.000
2010-11-10,13.37,13.83,13.20,13.57,11106247,152949936.000
2010-11-11,13.47,13.80,13.07,13.12,7820930,106308232.000
2010-11-12,13.13,13.32,12.09,12.12,7839208,100271920.000
2010-11-15,12.14,12.57,12.13,12.44,3515520,43927956.000
2010-11-16,12.45,12.49,11.67,11.89,4657866,57251052.000
2010-11-17,11.81,12.06,11.52,11.67,2403696,28774856.000
2010-11-18,11.74,11.86,11.65,11.82,1301277,15484086.000
2010-11-19,11.81,12.07,11.73,12.06,2093933,25149410.000
2010-11-22,11.97,12.35,11.78,12.20,3967150,48946520.000
2010-11-23,12.23,12.24,11.77,12.00,2121446,25659640.000
2010-11-24,11.82,12.49,11.77,12.40,5226867,65043872.000
2010-11-26,12.46,12.67,12.17,12.55,8251374,103936600.000
2010-11-29,12.47,12.76,12.23,12.65,4681108,59069940.000
2010-11-30,12.57,12.64,11.82,12.08,3443652,42315580.000
2010-12-01,11.93,12.37,11.93,12.24,4105993,50811668.000
2010-12-02,12.28,12.45,12.15,12.27,5401416,67230432.000
2010-12-03,12.24,12.28,11.87,11.88,4438333,53768712.000
2010-12-06,11.91,11.96,11.60,11.82,2559724,30535692.000
2010-12-07,11.74,12.00,11.55,11.96,2662369,31931412.000
2010-12-08,11.92,12.20,11.92,12.05,3604935,44099816.000
2010-12-09,12.00,12.00,11.60,11.61,2160498,25798936.000
2010-12-10,11.61,11.79,11.55,11.76,1228201,14482201.000
2010-12-13,11.71,12.37,11.71,12.23,7090461,87532288.000
2010-12-14,12.23,12.63,12.14,12.47,8901571,111362024.000
2010-12-15,12.38,12.46,12.28,12.44,3292637,41204776.000
2010-12-16,12.45,12.78,12.40,12.43,9289139,118483360.000
2010-12-17,12.39,12.55,12.22,12.52,4200021,52545704.000
2010-12-20,12.52,12.77,12.00,12.60,3092483,38602952.000
2010-12-21,12.50,12.77,12.38,12.60,5306679,67759384.000
2010-12-22,12.60,12.65,12.29,12.49,2621815,33027126.000
2010-12-23,12.43,12.77,12.39,12.54,4417434,56231456.000
2010-12-24,12.42,12.42,11.99,12.27,2753773,33860448.000
2010-12-27,12.23,12.50,12.02,12.11,3731565,46387828.000
2010-12-28,12.04,12.20,11.77,11.98,3473252,42226912.000
2010-12-29,11.98,12.18,11.85,12.07,2031084,24762456.000
2010-12-30,12.07,12.24,11.98,12.10,2795995,34325016.000
2010-12-31,12.11,12.45,12.11,12.33,3958401,49257108.000
2011-01-04,12.35,12.71,12.22,12.62,5894354,74666336.000
2011-01-05,12.56,12.69,12.44,12.62,2625757,33396704.000
2011-01-06,12.56,12.83,12.48,12.65,5495552,70483368.000
2011-01-07,12.59,12.72,12.35,12.44,3154442,39960532.000
2011-01-10,12.38,12.58,12.17,12.25,3904156,48931872.000
2011-01-11,12.22,12.86,12.07,12.72,6487114,81016680.000
2011-01-12,12.73,13.02,12.56,12.80,11894172,153976896.000
2011-01-13,12.80,13.06,12.48,12.92,13243671,171901472.000
2011-01-14,12.83,12.92,12.53,12.56,5012606,64409788.000
2011-01-17,12.33,12.53,11.77,12.02,4395027,53589564.000
2011-01-18,11.92,12.25,11.83,12.18,4163528,51022700.000
2011-01-19,12.17,12.84,12.07,12.69,7860293,99636672.000
2011-01-20,12.69,12.74,12.25,12.62,6704772,85191592.000
2011-01-21,12.55,13.16,12.52,12.95,10702221,139447952.000
2011-01-24,12.95,13.06,12.70,13.03,6816907,89127880.000
2011-01-25,12.89,13.03,12.39,12.79,8564718,110191632.000
2011-01-26,12.71,13.17,12.67,12.77,7893525,103374800.000
2011-01-27,12.66,12.87,12.50,12.79,4917367,63120304.000
2011-01-28,12.77,13.33,12.62,13.24,11635920,153355664.000
2011-01-31,13.08,13.55,12.98,13.46,10197198,136856320.000
2011-02-01,13.25,13.40,13.11,13.16,5457018,73018600.000
2011-02-09,13.02,13.49,12.97,13.46,7655218,102355784.000
2011-02-10,13.35,13.75,13.31,13.62,8430070,115562600.000
2011-02-11,13.73,13.73,13.28,13.30,8028700,109004416.000
2011-02-14,13.22,13.52,13.17,13.43,7762374,104504992.000
2011-02-15,13.46,13.90,13.28,13.66,10269635,141784576.000
2011-02-16,13.65,14.02,13.56,13.92,8064569,112616160.000
2011-02-17,13.88,13.92,13.51,13.77,7504465,103542816.000
2011-02-18,13.72,14.15,13.63,13.74,8424811,118093592.000
2011-02-21,13.57,13.97,13.49,13.91,6699528,93093144.000
2011-02-22,13.92,13.92,13.07,13.14,7308674,99379664.000
2011-02-23,13.07,13.29,13.04,13.15,4162836,55274784.000
2011-02-24,13.17,13.30,12.88,13.28,4305627,56911928.000
2011-02-25,13.25,13.25,12.92,13.10,3228976,42636448.000
2011-02-28,13.17,13.31,13.03,13.27,3769389,50345436.000
2011-03-01,13.35,13.35,13.06,13.12,4658429,61997904.000
2011-03-02,13.04,13.04,12.75,12.93,4864961,63323448.000
2011-03-03,12.93,13.12,12.77,12.83,3895435,50932152.000
2011-03-04,12.83,13.13,12.82,13.10,2743960,35966020.000
2011-03-07,13.10,13.18,13.03,13.13,3444646,45617816.000
2011-03-08,13.12,13.12,12.87,13.10,3170169,41628188.000
2011-03-09,13.10,13.17,13.00,13.13,3508010,46331296.000
2011-03-10,13.14,13.27,13.03,13.20,5355649,71287680.000
2011-03-11,13.18,13.18,12.95,12.96,4051212,53424152.000
2011-03-14,12.75,12.95,12.69,12.82,4530340,58392116.000
2011-03-15,12.75,12.80,12.28,12.48,4451646,56036424.000
2011-03-16,12.37,12.62,12.17,12.55,6031071,75564296.000
2011-03-17,12.38,12.75,12.21,12.65,6344272,80267448.000
2011-03-18,12.65,12.84,12.54,12.55,5124569,65464476.000
2011-03-21,12.47,12.73,12.36,12.42,3293653,41547064.000
2011-03-22,12.41,12.51,12.20,12.27,3426681,42537164.000
2011-03-23,12.32,12.45,12.24,12.44,3143004,39156664.000
2011-03-24,12.38,12.45,12.27,12.30,2801032,34978256.000
2011-03-25,12.30,12.44,12.30,12.34,2744193,34320584.000
2011-03-28,12.37,12.52,12.37,12.50,4383147,55187184.000
2011-03-29,12.47,12.47,12.24,12.25,3086898,38395344.000
2011-03-30,12.26,12.27,11.83,11.83,6466288,77859832.000
2011-03-31,11.85,11.92,11.76,11.81,3033126,36323936.000
2011-04-01,11.81,11.95,11.75,11.95,2903012,34754672.000
2011-04-06,11.93,11.93,11.79,11.87,2383253,28536716.000
2011-04-08,11.94,12.02,11.87,12.02,2873223,34763020.000
2011-04-11,12.02,12.06,11.94,12.00,3004369,36420584.000
2011-04-12,11.97,12.12,11.97,12.06,2215814,27007114.000
2011-04-13,12.02,12.12,11.89,12.10,3228829,39271088.000
2011-04-14,12.11,12.57,12.04,12.35,8069475,100483104.000
2011-04-15,12.25,12.34,12.11,12.17,4550627,56141960.000
2011-04-18,12.09,12.17,11.97,12.02,5596670,68216704.000
2011-04-19,11.91,12.09,11.77,12.03,5137416,61855864.000
2011-04-20,11.96,12.13,11.91,12.05,2528502,30781204.000
2011-04-21,12.04,12.08,11.95,11.98,3416120,41448144.000
2011-04-22,12.02,12.06,11.92,11.96,2414515,29266092.000
2011-04-25,11.94,11.94,11.77,11.79,2616896,31310828.000
2011-04-26,11.79,11.85,11.32,11.45,3659506,42601952.000
2011-04-27,11.45,11.57,11.12,11.25,1825426,21026924.000
2011-04-28,11.26,11.37,10.73,10.80,2384818,26616898.000
2011-04-29,10.80,10.97,10.73,10.96,1588687,17510170.000
2011-05-03,10.97,11.05,10.87,11.01,1347848,14966383.000
2011-05-04,10.97,11.06,10.70,10.75,1763664,19449240.000
2011-05-05,10.72,10.92,10.62,10.88,1585218,17309184.000
2011-05-06,10.78,11.03,10.76,10.88,2007251,22190740.000
2011-05-09,10.90,10.95,10.84,10.94,1421253,15688226.000
2011-05-10,10.94,11.07,10.88,11.07,1379741,15322360.000
2011-05-11,11.10,11.15,10.98,11.06,1618074,18104860.000
2011-05-12,11.00,11.06,10.82,10.85,1283979,14236502.000
2011-05-13,10.84,11.06,10.74,11.04,1825205,20152156.000
2011-05-16,11.00,11.15,10.97,11.05,1520243,16993416.000
2011-05-17,11.05,11.13,10.96,11.06,1687733,18869914.000
2011-05-18,11.02,11.21,10.98,11.09,2743865,30849868.000
2011-05-19,11.09,11.23,11.00,11.06,2375013,26739192.000
2011-05-20,11.02,11.10,10.87,10.92,1564089,17314948.000
2011-05-23,10.85,11.20,10.75,11.00,4811403,53614744.000
2011-05-24,11.00,11.27,10.77,11.24,5994660,67368496.000
2011-05-25,11.15,11.50,11.09,11.28,6775898,77401344.000
2011-05-26,11.27,11.41,11.15,11.32,4709734,53772312.000
2011-05-27,11.30,11.31,10.18,10.24,5003672,53840304.000
2011-05-30,10.25,10.25,9.57,9.78,2135168,21179454.000
2011-05-31,9.90,9.94,9.68,9.92,2131477,21093950.000
2011-06-01,9.90,10.00,9.85,9.95,1433388,14309855.000
2011-06-02,9.85,9.91,9.46,9.59,2495944,24121512.000
2011-06-03,9.62,9.78,9.59,9.70,1288585,12562607.000
2011-06-07,9.65,9.86,9.63,9.83,1284398,12621229.000
2011-06-08,9.80,10.28,9.76,10.09,3871732,39331408.000
2011-06-09,10.03,10.03,9.82,9.82,2387667,23778704.000
2011-06-10,9.80,10.00,9.71,9.90,1521996,15065576.000
2011-06-13,9.83,9.83,9.63,9.79,1094454,10688146.000
2011-06-14,9.72,9.95,9.72,9.91,1231247,12230041.000
2011-06-15,9.90,9.98,9.81,9.83,1261164,12552902.000
2011-06-16,9.77,9.78,9.57,9.58,1264448,12309562.000
2011-06-17,9.75,9.75,9.39,9.43,1075205,10313988.000
2011-06-20,9.45,9.51,9.10,9.14,1146230,10622493.000
2011-06-21,9.16,9.27,9.12,9.25,936320,8655719.000
2011-06-22,9.26,9.37,9.22,9.25,718414,6713526.000
2011-06-23,9.24,9.41,9.16,9.40,956968,8958376.000
2011-06-24,9.39,9.65,9.34,9.59,1950345,18710584.000
2011-06-27,9.59,9.74,9.56,9.69,2221913,21601004.000
2011-06-28,9.69,9.78,9.63,9.72,1283891,12512671.000
2011-06-29,9.72,9.72,9.46,9.52,1507618,14538506.000
2011-06-30,9.46,9.66,9.46,9.61,1236487,11946751.000
2011-07-01,9.63,9.83,9.61,9.82,2638705,25786704.000
2011-07-04,9.84,10.22,9.82,10.17,4679309,47080320.000
2011-07-05,10.11,10.41,10.08,10.37,6362806,65751188.000
2011-07-06,10.36,10.36,10.11,10.28,5918595,60964776.000
2011-07-07,10.21,10.35,10.10,10.12,3052528,31362052.000
2011-07-08,10.09,10.24,10.07,10.13,1475601,15023956.000
2011-07-11,10.12,10.31,10.05,10.30,1658710,16984716.000
2011-07-12,10.25,10.25,10.02,10.03,1655900,16831640.000
2011-07-13,10.03,10.33,10.01,10.27,2058165,21107606.000
2011-07-14,10.30,10.33,10.23,10.31,2016812,20836884.000
2011-07-15,10.31,10.38,10.24,10.37,2132095,22119640.000
2011-07-18,10.38,10.43,10.31,10.39,1755560,18301788.000
2011-07-19,10.35,10.36,10.16,10.32,1615539,16694892.000
2011-07-20,10.34,10.72,10.30,10.41,3480957,36723076.000
2011-07-21,10.39,10.73,10.39,10.63,5526470,58914568.000
2011-07-22,10.55,10.64,10.40,10.45,2525159,26750134.000
2011-07-25,10.37,10.39,9.74,9.79,3295498,33316788.000
2011-07-26,9.79,9.91,9.69,9.83,1205387,11863486.000
2011-07-27,9.76,10.10,9.71,10.07,1751020,17557994.000
2011-07-28,10.00,10.14,9.86,10.06,1294941,13032952.000
2011-07-29,10.00,10.10,9.87,9.92,1444080,14446711.000
2011-08-01,9.99,10.02,9.89,9.92,827827,8288635.000
2011-08-02,9.91,9.91,9.71,9.88,1306161,12869174.000
2011-08-03,9.74,10.01,9.74,10.00,1374377,13680288.000
2011-08-04,10.01,10.35,10.00,10.33,2635836,26985512.000
2011-08-05,10.00,10.37,9.96,10.31,4038454,41423288.000
2011-08-08,10.04,10.48,9.75,10.27,4596598,46789320.000
2011-08-09,10.13,10.47,9.80,10.05,8295949,83465992.000
2011-08-10,10.11,11.06,9.93,11.06,20910694,223966112.000
2011-08-11,10.81,11.28,10.77,11.25,20881202,232501296.000
2011-08-12,11.15,11.25,10.92,11.02,10234231,113740080.000
2011-08-15,11.05,11.09,10.86,11.07,7595981,83719704.000
2011-08-16,10.97,11.00,10.67,10.73,7001182,76060176.000
2011-08-17,10.74,10.92,10.68,10.75,5596534,60651560.000
2011-08-18,10.72,10.75,10.31,10.34,5479622,57869140.000
2011-08-19,10.05,10.22,9.96,10.15,3858628,39068184.000
2011-08-22,10.16,10.24,9.91,9.98,2877493,29221212.000
2011-08-23,10.02,10.17,9.95,10.16,2992761,30324664.000
2011-08-24,10.21,10.32,10.05,10.08,3597824,36843488.000
2011-08-25,10.08,10.32,10.08,10.30,3871410,39762544.000
2011-08-26,10.26,10.43,10.22,10.36,3540174,36689784.000
2011-08-29,10.29,10.33,10.16,10.22,2603839,26791664.000
2011-08-30,10.29,10.39,10.12,10.13,2891635,29886468.000
2011-08-31,10.15,10.21,9.99,10.15,1800048,18289458.000
2011-09-01,10.16,10.36,10.14,10.22,2272568,23411920.000
2011-09-02,10.18,10.24,9.73,9.86,2956978,29535704.000
2011-09-05,9.68,9.68,9.47,9.53,2000881,19242880.000
2011-09-06,9.50,9.54,9.13,9.44,1244284,11816713.000
2011-09-07,9.45,9.65,9.45,9.64,1156255,11123505.000
2011-09-08,9.70,9.74,9.45,9.46,1144772,11018997.000
2011-09-09,9.51,9.64,9.45,9.47,889870,8531660.000
2011-09-13,9.25,9.45,9.15,9.35,630267,5905793.000
2011-09-14,9.40,9.45,9.24,9.42,730042,6861142.000
2011-09-15,9.41,9.54,9.40,9.47,1114461,10616803.000
2011-09-16,9.47,9.55,9.35,9.39,747497,7104546.000
2011-09-19,9.36,9.36,9.19,9.20,766850,7119221.000
2011-09-20,9.19,9.29,9.13,9.23,695989,6446597.000
2011-09-21,9.24,9.48,9.20,9.46,1532267,14427950.000
2011-09-22,9.36,9.42,9.11,9.12,1458942,13593259.000
2011-09-23,8.95,9.04,8.81,8.98,1183201,10667625.000
2011-09-26,8.98,9.03,8.70,8.74,1041068,9274532.000
2011-09-27,8.77,8.88,8.74,8.81,956710,8470181.000
2011-09-28,8.89,8.89,8.55,8.56,854500,7494606.000
2011-09-29,8.56,8.56,8.35,8.37,1209755,10279274.000
2011-09-30,8.38,8.45,8.32,8.36,774146,6515273.000
2011-10-10,8.36,8.45,8.33,8.35,515900,4347189.000
2011-10-11,8.49,8.59,8.28,8.34,1404007,11879037.000
2011-10-12,8.28,8.58,8.28,8.56,1841428,15683361.000
2011-10-13,8.55,8.71,8.53,8.67,2202428,19148568.000
2011-10-14,8.61,8.70,8.54,8.59,2509286,21722216.000
2011-10-17,8.63,8.74,8.55,8.74,2756153,24016048.000
2011-10-18,8.69,8.77,8.55,8.71,1996376,17403012.000
2011-10-19,8.61,8.80,8.57,8.77,2281258,19973574.000
2011-10-20,8.73,8.73,8.45,8.70,2860353,24725092.000
2011-10-21,8.65,9.03,8.51,8.89,5689798,50418792.000
2011-10-24,8.86,8.88,8.64,8.86,3415813,30159560.000
2011-10-25,8.80,9.54,8.77,9.39,7750312,71319856.000
2011-10-26,9.21,9.82,9.15,9.37,9502245,88825072.000
2011-10-27,9.27,9.47,9.13,9.25,3968085,36851056.000
2011-10-28,9.44,9.44,9.09,9.24,4720531,43792176.000
2011-10-31,9.25,9.26,9.16,9.20,1660376,15371432.000
2011-11-01,9.15,9.20,8.96,9.08,2386742,21821048.000
2011-11-02,8.95,9.10,8.88,9.10,2983145,27040628.000
2011-11-04,9.12,9.27,9.05,9.22,3574161,32955404.000
2011-11-07,9.20,9.27,9.15,9.20,2334378,21634982.000
2011-11-08,9.17,9.25,9.01,9.03,1853736,17005132.000
2011-11-09,9.04,9.24,9.04,9.22,1960800,18077884.000
2011-11-10,9.11,9.14,9.03,9.04,1437444,13103609.000
2011-11-11,9.01,9.14,8.97,9.04,1122418,10228610.000
2011-11-14,9.09,9.23,9.09,9.22,1552571,14352829.000
2011-11-15,9.20,9.28,9.15,9.23,1551931,14388716.000
2011-11-16,9.22,9.30,8.88,8.89,1570126,14284853.000
2011-11-17,8.92,9.05,8.85,8.88,1222273,10992159.000
2011-11-18,8.79,8.89,8.51,8.53,1327386,11574001.000
2011-11-21,8.53,8.61,8.50,8.60,579957,4987061.000
2011-11-22,8.53,8.68,8.53,8.67,687387,5953498.000
2011-11-23,8.66,8.82,8.60,8.77,1339585,11758109.000
2011-11-24,8.70,9.24,8.65,9.23,5784450,52817632.000
2011-11-25,9.22,9.34,8.97,9.00,4220615,38784236.000
2011-11-28,9.00,9.06,8.66,8.75,2414761,21378496.000
2011-11-29,8.82,8.85,8.71,8.84,1625003,14349902.000
2011-11-30,8.84,8.87,8.23,8.36,1867711,16029359.000
2011-12-01,8.58,8.63,8.43,8.47,1684034,14444892.000
2011-12-02,8.44,8.49,8.17,8.25,1040209,8671653.000
2011-12-05,8.17,8.21,8.06,8.08,649197,5304939.000
2011-12-06,8.07,8.14,8.01,8.09,570247,4621573.000
2011-12-07,8.07,8.16,8.06,8.13,384992,3139040.000
2011-12-08,8.07,8.13,7.91,8.06,644731,5195707.000
2011-12-09,7.96,8.05,7.93,7.99,521316,4181434.000
2011-12-12,7.95,8.00,7.85,7.89,347682,2772084.000
2011-12-13,7.88,7.88,7.49,7.53,695665,5331590.000
2011-12-14,7.50,7.61,7.23,7.28,489433,3664106.000
2011-12-15,7.23,7.30,7.03,7.03,691350,4948120.000
2011-12-16,7.03,7.20,6.93,7.19,683234,4852011.000
2011-12-19,7.17,7.17,6.96,7.10,716849,5087799.000
2011-12-20,7.10,7.19,7.03,7.11,814839,5854690.000
2011-12-21,7.23,7.44,7.04,7.06,1751683,12820047.000
2011-12-22,6.99,6.99,6.49,6.71,1393197,9356025.000
2011-12-23,6.68,6.84,6.60,6.80,1106618,7548436.000
2011-12-26,6.76,6.86,6.69,6.72,549469,3746646.000
2011-12-27,6.72,6.72,6.44,6.57,1079506,7130564.000
2011-12-28,6.53,6.55,6.33,6.45,1119247,7216607.000
2011-12-29,6.45,6.55,6.39,6.55,975229,6368561.000
2011-12-30,6.55,6.64,6.53,6.62,743404,4939844.000
2012-01-04,6.73,6.73,6.50,6.51,528761,3530868.000
2012-01-05,6.53,6.55,6.05,6.12,916848,5872102.000
2012-01-06,6.12,6.15,6.01,6.14,625089,3839885.000
2012-01-09,6.14,6.39,6.08,6.38,1465373,9281251.000
2012-01-10,6.38,6.73,6.37,6.69,2076381,13777887.000
2012-01-11,6.65,6.72,6.58,6.65,1782944,11938988.000
2012-01-12,6.60,6.89,6.58,6.75,2268853,15399289.000
2012-01-13,6.79,6.79,6.52,6.56,1526038,10183010.000
2012-01-16,6.54,6.58,6.21,6.33,1081768,7000013.000
2012-01-17,6.26,6.66,6.25,6.65,969544,6371890.000
2012-01-18,6.65,6.77,6.55,6.57,1104927,7418625.000
2012-01-19,6.63,6.69,6.52,6.68,1043509,6980458.000
2012-01-20,6.68,6.76,6.65,6.73,1012953,6856716.000
2012-01-30,6.70,6.83,6.66,6.69,843471,5725010.000
2012-01-31,6.67,6.70,6.53,6.60,1370856,9094866.000
2012-02-01,6.61,6.78,6.53,6.67,2071781,13878398.000
2012-02-02,6.67,6.75,6.59,6.74,1637309,10992526.000
2012-02-03,6.73,6.87,6.69,6.85,2197995,15054279.000
2012-02-06,6.86,6.90,6.77,6.83,2246105,15463902.000
2012-02-07,6.83,6.83,6.64,6.69,1384024,9354936.000
2012-02-08,6.68,6.90,6.64,6.85,1948238,13321634.000
2012-02-09,6.83,6.98,6.82,6.92,2957766,20605528.000
2012-02-10,6.92,7.00,6.89,6.99,2421369,16964956.000
2012-02-13,6.96,7.06,6.87,7.05,3174093,22312060.000
2012-02-14,7.05,7.05,6.95,7.02,1774260,12506772.000
2012-02-15,7.01,7.48,6.95,7.21,3968950,28741060.000
2012-02-16,7.18,7.28,7.10,7.21,3029694,21870060.000
2012-02-17,7.21,7.27,7.14,7.22,2309442,16767529.000
2012-02-20,7.31,7.31,7.16,7.17,2056742,14971292.000
2012-02-21,7.14,7.22,7.09,7.21,1935841,13942188.000
2012-02-22,7.21,7.33,7.17,7.33,2677586,19603872.000
2012-02-23,7.35,7.42,7.29,7.40,3547648,26288902.000
2012-02-24,7.39,7.62,7.37,7.58,5056417,38247048.000
2012-02-27,7.57,7.81,7.55,7.57,5244789,40411968.000
2012-02-28,7.53,7.71,7.53,7.68,4591457,35202576.000
2012-02-29,7.67,7.67,7.47,7.55,2514583,19157688.000
2012-03-01,7.51,7.69,7.49,7.63,2486369,19069108.000
2012-03-02,7.63,7.76,7.61,7.71,3290993,25499460.000
2012-03-05,7.70,7.77,7.63,7.65,3555530,27460996.000
2012-03-06,7.63,7.71,7.58,7.66,2683248,20644884.000
2012-03-07,7.60,7.73,7.55,7.68,3233290,24972952.000
2012-03-08,7.70,7.83,7.68,7.78,3606412,28099780.000
2012-03-09,7.80,8.06,7.72,8.03,6307465,50229512.000
2012-03-12,7.99,7.99,7.84,7.91,4030095,32054778.000
2012-03-13,7.89,7.95,7.84,7.95,2357290,18724078.000
2012-03-14,7.98,8.03,7.40,7.43,5263577,41377424.000
2012-03-15,7.39,7.60,7.38,7.52,4364083,33013616.000
2012-03-16,7.50,8.28,7.50,8.28,17932915,147043904.000
2012-03-19,8.42,8.42,8.20,8.37,12589963,105134976.000
2012-03-20,8.25,8.65,8.05,8.24,11207638,93432432.000
2012-03-21,8.21,8.35,8.01,8.17,6710124,55134056.000
2012-03-22,8.17,8.23,8.03,8.17,4436722,36298868.000
2012-03-23,8.06,8.09,7.70,7.80,4780401,38022440.000
2012-03-26,7.75,7.82,7.67,7.76,2623008,20426676.000
2012-03-27,7.83,8.06,7.77,7.86,4108040,32655314.000
2012-03-28,7.76,7.80,7.30,7.36,4130664,31114448.000
2012-03-29,7.28,7.34,7.06,7.16,2468484,17935932.000
2012-03-30,7.19,7.22,7.01,7.03,1855145,13239069.000
2012-04-05,7.05,7.39,7.04,7.33,2303838,16804500.000
2012-04-06,7.34,7.49,7.25,7.38,2539447,18891110.000
2012-04-09,7.33,7.45,7.27,7.30,1505602,11161927.000
2012-04-10,7.35,7.40,7.09,7.39,2482622,18128198.000
2012-04-11,7.28,7.36,7.19,7.31,2414490,17676180.000
2012-04-12,7.31,7.50,7.29,7.49,3239783,24177928.000
2012-04-13,7.51,7.59,7.46,7.55,2981872,22584588.000
2012-04-16,7.51,8.25,7.44,7.89,8064644,64371592.000
2012-04-17,7.83,7.93,7.75,7.88,4771233,37654996.000
2012-04-18,7.69,8.12,7.65,8.07,9769947,78391984.000
2012-04-19,8.00,8.88,7.96,8.87,25714720,223772544.000
2012-04-20,8.78,9.75,8.60,9.03,23265056,211023440.000
2012-04-23,8.75,9.04,8.42,8.58,19386267,168851856.000
2012-04-24,8.35,8.53,7.72,8.02,13849471,112220424.000
2012-04-25,7.87,8.06,7.78,8.04,8252608,65942512.000
2012-04-26,7.97,8.10,7.88,8.00,6113621,49224488.000
2012-04-27,8.04,8.38,7.89,8.14,9195071,75276944.000
2012-05-02,8.21,8.23,7.97,8.03,5859197,47494972.000
2012-05-03,8.03,8.53,7.92,8.34,10019778,83949464.000
2012-05-04,8.33,8.35,8.06,8.21,6316741,51992040.000
2012-05-08,8.22,8.26,8.04,8.13,4170019,34062392.000
2012-05-09,8.05,8.22,7.90,8.13,4849530,39628560.000
2012-05-10,8.08,8.21,8.08,8.12,2503051,20504404.000
2012-05-11,8.13,8.24,8.03,8.06,3071541,25118816.000
2012-05-14,8.12,8.35,7.95,8.09,4688486,38392076.000
2012-05-15,7.95,8.06,7.92,8.04,1985345,15998251.000
2012-05-16,8.03,8.10,7.96,7.97,2164682,17491396.000
2012-05-17,7.95,8.09,7.85,8.05,2681468,21593688.000
2012-05-18,7.98,8.03,7.76,7.78,2700341,21452884.000
2012-05-21,7.77,8.08,7.53,7.83,4751159,37442128.000
2012-05-22,7.77,8.23,7.75,8.21,7598157,61512936.000
2012-05-23,8.14,8.50,8.00,8.34,10001488,82771680.000
2012-05-24,8.29,8.36,8.09,8.11,5145044,42455292.000
2012-05-25,8.10,8.17,7.82,7.88,3532399,28336174.000
2012-05-28,7.83,7.98,7.63,7.97,2433004,19105118.000
2012-05-29,7.94,8.17,7.83,8.10,4131756,33565776.000
2012-05-30,8.06,8.15,8.03,8.07,2296098,18674694.000
2012-05-31,8.00,8.20,8.00,8.13,3166282,25918372.000
2012-06-01,8.11,8.28,8.09,8.18,3202335,26412006.000
2012-06-04,8.08,8.41,7.95,8.25,8000824,66472472.000
2012-06-05,8.27,8.37,8.05,8.19,5077433,42012488.000
2012-06-06,8.19,8.62,8.13,8.60,10882463,92125840.000
2012-06-07,8.58,8.73,8.36,8.43,11638398,100213800.000
2012-06-08,8.49,8.50,8.11,8.15,7242905,60199864.000
2012-06-11,8.17,8.17,7.87,8.12,5044313,40720212.000
2012-06-12,8.10,8.10,7.95,7.99,2421305,19523420.000
2012-06-13,7.99,8.20,7.98,8.19,3453666,28151608.000
2012-06-14,8.19,8.29,8.07,8.11,3915612,32279820.000
2012-06-15,8.14,8.16,7.95,8.05,3263685,26402764.000
2012-06-18,8.08,8.22,8.07,8.21,3361920,27607156.000
2012-06-19,8.20,8.20,8.05,8.09,1966194,16043623.000
2012-06-20,8.05,8.13,7.97,7.98,1616081,13056889.000
2012-06-21,7.98,7.99,7.71,7.72,2289505,17911824.000
2012-06-25,7.74,7.74,7.30,7.33,1724392,12895599.000
2012-06-26,7.25,7.39,7.15,7.38,1403239,10183196.000
2012-06-27,7.33,7.38,7.20,7.21,1461379,10689522.000
2012-06-29,6.99,7.45,6.85,7.28,3471992,25238996.000
2012-07-02,7.26,7.47,7.00,7.40,3152230,23040452.000
2012-07-03,7.35,7.38,7.17,7.22,2073558,15066251.000
2012-07-04,7.18,7.26,7.07,7.09,1507284,10776900.000
2012-07-05,7.11,7.15,6.78,6.87,1813953,12577610.000
2012-07-06,6.89,7.12,6.87,7.06,1756256,12300018.000
2012-07-09,7.01,7.30,6.95,7.06,2267488,16157947.000
2012-07-10,7.05,7.10,6.93,6.98,840851,5875667.000
2012-07-11,6.89,7.20,6.89,7.15,1938275,13736187.000
2012-07-12,7.08,7.22,7.04,7.17,2471353,17671222.000
2012-07-13,7.14,7.27,7.07,7.19,2790240,19991320.000
2012-07-16,7.20,7.22,6.76,6.79,2239325,15715785.000
2012-07-17,6.53,6.70,6.30,6.52,2377234,15474403.000
2012-07-18,6.50,6.52,6.20,6.42,2625701,16630794.000
2012-07-19,6.38,6.52,6.32,6.51,1669277,10780640.000
2012-07-20,6.52,6.55,6.38,6.39,1067271,6911832.000
2012-07-23,6.32,6.35,6.19,6.30,731996,4604315.000
2012-07-24,6.21,6.38,6.21,6.34,792090,5007715.000
2012-07-25,6.34,6.38,6.27,6.28,712638,4504950.000
2012-07-26,6.28,6.35,6.21,6.22,1086788,6840164.000
2012-07-27,6.24,6.30,6.16,6.17,918305,5702453.000
2012-07-30,6.18,6.22,5.90,5.92,1176371,7076551.000
2012-07-31,5.90,5.95,5.70,5.77,1278047,7393938.000
2012-08-01,5.77,5.91,5.76,5.84,1041250,6089375.000
2012-08-02,5.87,5.90,5.70,5.74,778940,4508590.000
2012-08-03,5.74,5.88,5.71,5.86,917147,5331885.000
2012-08-06,5.81,5.98,5.81,5.97,1193924,7060639.000
2012-08-07,6.00,6.09,5.97,6.07,1439446,8689268.000
2012-08-08,6.06,6.10,6.00,6.08,1305496,7906082.000
2012-08-09,6.09,6.25,6.02,6.24,2358755,14495922.000
2012-08-10,6.38,6.86,6.37,6.86,5001000,33580272.000
2012-08-13,7.07,7.46,6.98,7.11,13911218,99557720.000
2012-08-14,6.97,6.97,6.40,6.68,7949367,52972028.000
2012-08-15,6.54,6.64,6.42,6.54,3706470,24198284.000
2012-08-16,6.46,6.60,6.30,6.42,2788024,18039372.000
2012-08-17,6.41,6.41,6.20,6.31,3026344,19046296.000
2012-08-20,6.26,6.38,6.19,6.35,1731752,10910642.000
2012-08-21,6.37,6.47,6.30,6.41,2547552,16319029.000
2012-08-22,6.40,6.41,6.24,6.28,2089524,13177568.000
2012-08-23,6.25,6.39,6.22,6.38,1850806,11700093.000
2012-08-24,6.36,6.37,6.08,6.10,2700592,16804474.000
2012-08-27,6.10,6.12,5.85,5.93,1872403,11091286.000
2012-08-28,5.91,6.05,5.91,5.98,1000140,5988618.000
2012-08-29,5.96,6.01,5.90,5.94,946280,5630890.000
2012-08-30,5.92,6.02,5.73,5.86,1150969,6779089.000
2012-08-31,5.84,5.90,5.78,5.88,782120,4564522.000
2012-09-03,5.78,5.92,5.65,5.81,1896307,11004537.000
2012-09-04,5.81,5.95,5.80,5.85,2059186,12112596.000
2012-09-05,5.85,5.92,5.77,5.90,1141706,6686812.000
2012-09-06,5.91,6.04,5.91,5.99,1099586,6576569.000
2012-09-07,6.05,6.28,6.01,6.24,2526543,15589966.000
2012-09-10,6.26,6.26,6.10,6.20,2676269,16531648.000
2012-09-11,6.19,6.38,6.11,6.29,2653854,16577104.000
2012-09-12,6.28,6.33,6.17,6.26,1825122,11384058.000
2012-09-13,6.21,6.26,6.07,6.08,1527696,9430433.000
2012-09-14,6.10,6.22,6.08,6.16,1442751,8877928.000
2012-09-17,6.16,6.22,5.90,5.92,1214796,7340237.000
2012-09-18,5.92,5.97,5.83,5.89,569562,3368926.000
2012-09-19,5.92,6.05,5.89,5.98,861806,5123725.000
2012-09-20,5.98,5.98,5.61,5.65,1240868,7183808.000
2012-09-21,5.63,5.73,5.62,5.63,645400,3659855.000
2012-09-24,5.61,5.69,5.56,5.68,652551,3675485.000
2012-09-25,5.66,5.69,5.61,5.65,550970,3119188.000
2012-09-26,5.64,5.68,5.46,5.48,719960,3987003.000
2012-09-27,5.51,5.66,5.46,5.58,790787,4402328.000
2012-09-28,5.55,5.70,5.55,5.69,925407,5229438.000
2012-10-08,5.69,5.73,5.62,5.65,657567,3719303.000
2012-10-09,5.67,5.87,5.62,5.85,1629661,9450641.000
2012-10-10,5.84,5.95,5.76,5.94,1685417,9877002.000
2012-10-11,5.91,6.03,5.84,5.91,1926322,11428831.000
2012-10-12,5.91,5.96,5.78,5.83,1101860,6463276.000
2012-10-15,5.87,5.92,5.74,5.81,806338,4696086.000
2012-10-16,5.78,5.98,5.78,5.87,1060247,6242485.000
2012-10-17,5.88,5.89,5.80,5.87,730893,4278912.000
2012-10-18,5.84,5.97,5.83,5.94,1682909,9959086.000
2012-10-19,5.94,5.98,5.90,5.95,929085,5515100.000
2012-10-22,5.91,5.96,5.87,5.94,641814,3797804.000
2012-10-23,5.95,6.24,5.90,6.17,5985514,36559280.000
2012-10-24,6.10,6.33,6.05,6.31,6081378,37961760.000
2012-10-25,6.28,6.35,6.10,6.14,5346577,33461696.000
2012-10-26,6.09,6.14,5.77,5.81,1985491,11724103.000
2012-10-29,5.81,5.89,5.69,5.75,1338178,7650937.000
2012-10-30,5.69,5.80,5.69,5.75,589090,3389031.000
2012-10-31,5.72,5.79,5.69,5.79,566162,3253561.000
2012-11-01,5.75,5.90,5.75,5.87,1168532,6852662.000
2012-11-02,5.90,5.96,5.82,5.95,967589,5699114.000
2012-11-05,5.92,6.40,5.90,6.21,5179788,32105016.000
2012-11-06,6.15,6.34,6.06,6.29,8840446,55129144.000
2012-11-07,6.26,6.26,6.13,6.20,2877255,17823334.000
2012-11-08,6.15,6.15,5.81,5.85,2434313,14501275.000
2012-11-09,5.82,5.89,5.80,5.83,969822,5659063.000
2012-11-12,5.85,6.12,5.82,6.02,2125489,12636208.000
2012-11-13,6.15,6.49,6.05,6.09,8161168,51148460.000
2012-11-14,6.00,6.02,5.75,5.83,3017964,17616692.000
2012-11-15,5.82,5.82,5.58,5.60,2145338,12188445.000
2012-11-16,5.61,5.63,5.50,5.60,1931044,10739018.000
2012-11-19,5.62,5.62,5.48,5.57,941009,5217133.000
2012-11-20,5.60,5.82,5.55,5.67,2876962,16372827.000
2012-11-21,5.61,5.72,5.52,5.71,1821857,10319022.000
2012-11-22,5.67,5.73,5.60,5.68,933618,5264968.000
2012-11-23,5.66,5.82,5.62,5.71,2075638,11982103.000
2012-11-26,5.68,5.85,5.62,5.75,1988417,11451718.000
2012-11-27,5.73,5.75,5.56,5.62,1775091,10063478.000
2012-11-28,5.59,5.75,5.52,5.64,2143034,12142333.000
2012-11-29,5.61,5.80,5.60,5.72,2531276,14455009.000
2012-11-30,5.72,6.03,5.67,5.98,3925574,22957172.000
2012-12-03,5.88,5.98,5.76,5.76,3133969,18470374.000
2012-12-04,5.70,6.00,5.48,5.91,4678839,27068502.000
2012-12-05,5.83,6.12,5.83,6.03,5344616,32159792.000
2012-12-06,6.00,6.12,5.94,5.97,2631766,15849252.000
2012-12-07,5.92,6.05,5.92,6.03,4922062,29470548.000
2012-12-10,6.02,6.11,5.91,6.06,4007831,24105078.000
2012-12-11,6.03,6.06,5.93,5.95,3304101,19739116.000
2012-12-12,5.95,6.00,5.87,5.93,1574111,9325038.000
2012-12-13,5.92,6.11,5.88,5.90,3079369,18419280.000
2012-12-14,5.86,6.07,5.76,6.07,4513086,27037572.000
2012-12-17,6.03,6.18,6.02,6.08,3726345,22674640.000
2012-12-18,6.05,6.19,6.00,6.03,3513794,21464032.000
2012-12-19,6.00,6.06,5.93,6.01,2551279,15306213.000
2012-12-20,5.99,6.04,5.90,6.03,1972676,11793090.000
2012-12-21,6.01,6.06,5.93,5.97,1761218,10526122.000
2012-12-24,5.91,6.26,5.91,6.20,6061067,37271608.000
2012-12-25,6.16,6.28,6.10,6.21,4647993,28816264.000
2012-12-26,6.27,6.36,6.11,6.23,5094655,31692276.000
2012-12-27,6.27,6.27,6.11,6.13,3284196,20268404.000
2012-12-28,6.16,6.21,6.13,6.16,2835494,17481256.000
2012-12-31,6.16,6.20,6.11,6.16,2362603,14537053.000
2013-01-04,6.17,6.25,6.15,6.23,2933093,18202824.000
2013-01-07,6.20,6.22,6.13,6.21,2350462,14511099.000
2013-01-08,6.20,6.29,6.14,6.26,3294470,20507476.000
2013-01-09,6.25,6.30,6.16,6.21,2961397,18495154.000
2013-01-10,6.19,6.26,6.16,6.24,2252002,13998256.000
2013-01-11,6.23,6.25,6.03,6.04,2639108,16169922.000
2013-01-14,6.02,6.19,5.99,6.18,2501221,15293520.000
2013-01-15,6.18,6.33,6.16,6.30,4158529,26098464.000
2013-01-16,6.39,6.39,6.19,6.25,4550586,28606784.000
2013-01-17,6.25,6.30,6.16,6.29,2896753,18092756.000
2013-01-18,6.27,6.34,6.23,6.30,2723515,17132928.000
2013-01-21,6.30,6.35,6.25,6.33,2649131,16732371.000
2013-01-22,6.30,6.33,6.15,6.21,2420684,15135443.000
2013-01-23,6.20,6.23,6.05,6.17,1711842,10536274.000
2013-01-24,6.17,6.28,6.11,6.14,2466331,15275782.000
2013-01-25,6.11,6.19,6.06,6.10,1309131,7993843.000
2013-01-28,6.09,6.19,6.09,6.18,1213682,7465839.000
2013-01-29,6.15,6.21,6.13,6.19,1904399,11750876.000
2013-01-30,6.18,6.22,6.14,6.22,1965119,12135930.000
2013-01-31,6.21,6.22,6.12,6.17,1544955,9512124.000
2013-02-01,6.12,6.25,6.12,6.22,2973316,18466530.000
2013-02-04,6.21,6.25,6.12,6.20,1857746,11478733.000
2013-02-05,6.19,6.35,6.13,6.34,3270897,20563958.000
2013-02-06,6.32,6.36,6.28,6.30,1443796,9108937.000
2013-02-07,6.33,6.33,6.24,6.29,1157670,7278778.000
2013-02-08,6.30,6.35,6.27,6.30,1467522,9274068.000
2013-02-18,6.34,6.41,6.28,6.36,2123143,13461859.000
2013-02-19,6.36,6.53,6.33,6.45,6453762,41664864.000
2013-02-20,6.40,6.49,6.30,6.48,4156035,26589272.000
2013-02-21,6.43,6.47,6.22,6.24,2856203,18139214.000
2013-02-22,6.25,6.32,6.22,6.26,1688421,10589956.000
2013-02-25,6.25,6.29,6.15,6.22,1820832,11303225.000
2013-02-26,6.18,6.25,6.11,6.13,1988196,12314563.000
2013-02-27,6.13,6.21,6.10,6.18,1871877,11490724.000
2013-02-28,6.18,6.27,6.15,6.25,2126146,13220470.000
2013-03-01,6.26,6.27,6.20,6.27,2089826,13038389.000
2013-03-04,6.22,6.24,6.11,6.15,2361097,14535327.000
2013-03-05,6.22,6.36,6.22,6.32,4014466,25281058.000
2013-03-06,6.36,6.47,6.29,6.39,4327770,27598764.000
2013-03-07,6.37,6.60,6.31,6.45,4514507,29209960.000
2013-03-08,6.45,6.49,6.32,6.39,2260431,14455141.000
2013-03-11,6.39,6.43,6.30,6.36,1483236,9436029.000
2013-03-12,6.33,6.44,6.22,6.28,2037538,12850724.000
2013-03-13,6.26,6.32,6.16,6.24,1127651,7019680.000
2013-03-14,6.24,6.30,6.21,6.27,995387,6233833.000
2013-03-15,6.25,6.36,6.22,6.29,1233351,7755932.000
2013-03-18,6.26,6.31,6.05,6.06,2032746,12519371.000
2013-03-19,6.05,6.09,5.94,6.00,1171503,7050553.000
2013-03-20,6.00,6.15,5.97,6.15,2098300,12723260.000
2013-03-21,6.14,6.17,6.07,6.11,1613384,9866682.000
2013-03-22,6.10,6.18,6.09,6.14,1383002,8483620.000
2013-03-25,6.14,6.21,6.12,6.18,1301486,8031039.000
2013-03-26,6.17,6.24,6.12,6.21,1649053,10149564.000
2013-03-27,6.20,6.23,6.16,6.17,1056884,6539504.000
2013-03-28,6.15,6.15,6.03,6.04,1541912,9367298.000
2013-03-29,6.04,6.07,5.96,6.03,938409,5631214.000
2013-04-01,6.03,6.10,5.95,6.05,580712,3507398.000
2013-04-02,6.04,6.08,6.00,6.02,624701,3768643.000
2013-04-03,6.05,6.06,5.89,5.90,963678,5748456.000
2013-04-08,5.87,5.94,5.73,5.93,815322,4756354.000
2013-04-09,5.90,5.98,5.89,5.93,536802,3181203.000
2013-04-10,5.90,6.04,5.90,5.94,833589,4966486.000
2013-04-11,5.94,5.96,5.87,5.91,670641,3961674.000
2013-04-12,5.91,5.91,5.84,5.85,591586,3474056.000
2013-04-15,5.83,5.83,5.70,5.72,694790,3986675.000
2013-04-16,5.67,5.77,5.66,5.76,489569,2803935.000
2013-04-17,5.60,5.81,5.60,5.80,843435,4809233.000
2013-04-18,5.76,5.78,5.68,5.74,901655,5171848.000
2013-04-19,5.78,5.93,5.77,5.87,1308398,7668464.000
2013-04-22,5.80,5.85,5.80,5.84,894458,5205868.000
2013-04-23,5.84,5.84,5.68,5.73,780100,4484775.000
2013-04-24,5.74,5.83,5.70,5.77,847180,4888259.000
2013-04-25,5.75,5.82,5.71,5.72,577090,3328432.000
2013-04-26,5.72,5.75,5.60,5.64,849131,4804728.000
2013-05-02,5.65,5.67,5.62,5.66,424966,2399298.000
2013-05-03,5.69,5.75,5.65,5.73,855679,4889820.000
2013-05-06,5.74,5.80,5.70,5.78,784883,4530956.000
2013-05-07,5.80,5.80,5.74,5.79,650602,3750641.000
2013-05-08,5.78,5.83,5.76,5.81,922455,5347423.000
2013-05-09,5.81,5.82,5.69,5.76,1198481,6885658.000
2013-05-10,5.74,5.81,5.71,5.80,1006168,5791731.000
2013-05-13,5.81,5.89,5.78,5.88,1177301,6858533.000
2013-05-14,5.84,5.84,5.76,5.81,750639,4352178.000
2013-05-15,5.79,5.87,5.79,5.87,551017,3215651.000
2013-05-16,5.87,5.92,5.79,5.91,1290347,7563909.000
2013-05-17,5.91,5.97,5.87,5.95,1543193,9145104.000
2013-05-20,5.95,6.06,5.92,6.03,2332439,13980033.000
2013-05-21,6.03,6.03,5.97,6.01,1360308,8156008.000
2013-05-22,6.00,6.05,5.95,6.00,1398404,8387146.000
2013-05-23,5.99,6.00,5.88,5.90,1684940,10009251.000
2013-05-24,5.90,5.98,5.90,5.97,1592320,9455383.000
2013-05-27,5.96,6.03,5.93,6.01,1496044,8927906.000
2013-05-28,6.01,6.07,5.95,6.06,1498944,9028726.000
2013-05-29,6.06,6.12,6.05,6.09,2379084,14490519.000
2013-05-30,6.08,6.26,6.08,6.17,4730307,29246704.000
2013-05-31,6.19,6.27,6.16,6.20,3269043,20255322.000
2013-06-03,6.21,6.24,6.16,6.20,2515301,15577383.000
2013-06-04,6.20,6.33,6.13,6.29,4748718,29588872.000
2013-06-05,6.29,6.31,6.21,6.30,2873133,18015574.000
2013-06-06,6.30,6.93,6.22,6.39,10247711,66421244.000
2013-06-07,6.36,6.54,6.20,6.43,6985888,44564368.000
2013-06-13,6.36,6.44,5.98,6.19,4420653,27602624.000
2013-06-14,6.17,6.27,6.06,6.22,4115650,25412576.000
2013-06-17,6.48,6.48,6.23,6.32,3940651,24829290.000
2013-06-18,6.34,6.37,6.19,6.26,2591235,16201008.000
2013-06-19,6.23,6.24,6.01,6.22,3386912,20699200.000
2013-06-20,6.16,6.19,6.02,6.12,1635867,10000259.000
2013-06-21,6.30,6.30,6.09,6.22,4168334,25882700.000
2013-06-24,6.15,6.21,5.64,5.74,2750745,16427000.000
2013-06-25,5.70,5.70,5.18,5.45,4272421,22999180.000
2013-06-26,5.43,5.46,5.26,5.39,2661671,14207974.000
2013-06-27,5.35,5.44,5.18,5.21,2380703,12678073.000
2013-06-28,5.22,5.32,5.16,5.24,2616556,13673074.000
2013-07-01,5.23,5.28,5.19,5.27,1421307,7431898.000
2013-07-02,5.27,5.35,5.19,5.34,2147345,11346149.000
2013-07-03,5.33,5.33,5.18,5.26,1530927,8022193.000
2013-07-04,5.23,5.36,5.21,5.30,1840287,9755995.000
2013-07-05,5.31,5.36,5.27,5.31,1460737,7765034.000
2013-07-08,5.28,5.53,5.10,5.31,3993297,21461700.000
2013-07-09,5.21,5.28,5.18,5.21,1858641,9690881.000
2013-07-10,5.16,5.34,5.13,5.32,1467036,7703839.000
2013-07-11,5.30,5.51,5.29,5.43,2904825,15744374.000
2013-07-12,5.40,5.51,5.37,5.45,2459526,13383653.000
数据来源:通达信
