601928 凤凰传媒 日线
      日期	    开盘	    最高	    最低	    收盘	    成交量	    成交额
2011-11-30,11.83,12.77,11.52,11.66,257592726,3117516288.000
2011-12-01,11.84,12.68,11.40,11.49,177007681,2155380480.000
2011-12-02,10.70,11.02,10.32,10.33,126139040,1348550528.000
2011-12-05,10.21,10.69,10.03,10.29,71230702,755166912.000
2011-12-06,10.10,10.66,9.86,10.46,77850996,813907328.000
2011-12-07,10.40,10.55,10.22,10.32,60181230,636813312.000
2011-12-08,10.38,11.37,10.31,11.18,139965160,1574506368.000
2011-12-09,10.90,11.07,10.61,10.81,75851864,838426240.000
2011-12-12,10.76,11.03,10.48,10.60,50255186,553183680.000
2011-12-13,10.45,11.04,9.68,10.66,92039489,964938688.000
2011-12-14,10.30,10.53,9.82,10.02,58702052,611139520.000
2011-12-15,9.72,10.13,9.68,9.71,47389432,476434784.000
2011-12-16,9.52,9.89,9.11,9.82,56851641,557451392.000
2011-12-19,9.55,10.30,9.41,10.00,67007988,673641472.000
2011-12-20,9.85,9.99,9.61,9.62,44828921,448950848.000
2011-12-21,9.69,9.86,9.20,9.21,42709653,417114432.000
2011-12-22,9.10,9.20,8.62,8.91,40166242,365745792.000
2011-12-23,8.82,9.19,8.81,8.92,34154907,313447936.000
2011-12-26,8.85,8.98,8.41,8.48,30539129,272294784.000
2011-12-27,8.32,8.50,7.80,7.82,38677513,322144640.000
2011-12-28,7.69,7.80,7.45,7.76,33519389,263004416.000
2011-12-29,7.65,7.81,7.45,7.47,27487009,215906944.000
2011-12-30,7.69,8.24,7.61,8.16,78888076,659916160.000
2012-01-04,8.00,8.41,7.97,8.16,82387537,693151552.000
2012-01-05,8.06,8.29,7.89,8.02,51038695,422284384.000
2012-01-06,8.10,8.45,7.95,8.36,53901074,455183136.000
2012-01-09,8.30,8.75,8.25,8.67,54987021,478433216.000
2012-01-10,8.67,8.95,8.50,8.88,70000458,626333248.000
2012-01-11,8.82,9.14,8.66,8.81,54684000,498685856.000
2012-01-12,8.72,8.84,8.55,8.60,38379166,340768672.000
2012-01-13,8.69,8.74,7.90,7.96,45872092,386596512.000
2012-01-16,7.80,7.88,7.60,7.61,24001212,190306720.000
2012-01-17,7.63,8.23,7.62,8.19,38208327,312134528.000
2012-01-18,8.20,8.50,7.90,8.00,35224175,297020096.000
2012-01-19,8.00,8.05,7.49,7.84,28804302,229714416.000
2012-01-20,7.89,8.17,7.83,8.02,23033079,189465664.000
2012-01-30,8.09,8.14,7.96,8.00,16276938,134401824.000
2012-01-31,7.97,8.31,7.74,8.27,36116297,298888032.000
2012-02-01,8.22,8.24,7.96,8.02,22146071,184028400.000
2012-02-02,8.13,8.47,8.03,8.33,39770493,336129280.000
2012-02-03,8.25,8.49,8.18,8.37,35391671,302425728.000
2012-02-06,8.43,8.43,8.21,8.30,26999932,230415296.000
2012-02-07,8.27,8.48,8.17,8.24,36867389,314405344.000
2012-02-08,8.17,8.39,8.07,8.37,34242848,289753856.000
2012-02-09,8.35,9.00,8.32,8.63,66687172,590896512.000
2012-02-10,8.56,8.74,8.47,8.72,45979450,404985152.000
2012-02-13,8.63,8.98,8.61,8.79,45314084,408253920.000
2012-02-14,8.80,8.82,8.50,8.65,33381695,294675200.000
2012-02-15,8.61,8.98,8.60,8.90,52718422,476196704.000
2012-02-16,8.95,9.19,8.79,8.85,50092755,459352896.000
2012-02-17,8.90,8.94,8.64,8.72,29182833,260283376.000
2012-02-20,8.83,8.85,8.65,8.66,25623956,229491680.000
2012-02-21,8.62,8.95,8.62,8.93,41555720,375067232.000
2012-02-22,8.90,9.20,8.81,9.12,57602849,531138368.000
2012-02-23,9.06,9.15,8.90,9.00,40963897,378007264.000
2012-02-24,8.95,9.40,8.92,9.11,57611701,539276288.000
2012-02-27,9.14,9.41,9.06,9.15,49892833,471208448.000
2012-02-28,9.09,9.29,9.03,9.15,41440844,388184416.000
2012-02-29,9.05,10.00,9.00,9.28,186444864,1791247360.000
2012-03-01,9.05,9.22,8.92,9.10,91365406,846929024.000
2012-03-02,9.11,9.38,9.02,9.33,87365485,821264576.000
2012-03-05,9.45,9.59,9.29,9.32,74599686,716134080.000
2012-03-06,9.35,9.85,9.31,9.59,132285291,1301137280.000
2012-03-07,9.52,9.86,9.41,9.79,98627819,972454144.000
2012-03-08,9.85,9.99,9.70,9.78,84699730,847981440.000
2012-03-09,9.80,10.08,9.68,9.95,77564323,783465472.000
2012-03-12,9.90,10.19,9.87,10.06,61052396,624321216.000
2012-03-13,10.06,10.06,9.90,10.03,40958458,416903232.000
2012-03-14,10.10,10.27,9.11,9.33,102233278,1031264704.000
2012-03-15,9.38,9.54,9.07,9.40,73512873,701225408.000
2012-03-16,9.36,9.58,9.14,9.54,66533742,638755264.000
2012-03-19,9.45,9.52,9.26,9.50,43334159,416220896.000
2012-03-20,9.45,9.45,8.98,8.99,42894064,402006496.000
2012-03-21,9.05,9.15,8.92,9.05,34790140,320889056.000
2012-03-22,9.00,9.10,8.82,8.93,28264871,258081440.000
2012-03-23,8.91,9.07,8.78,8.86,30148331,275428512.000
2012-03-26,8.87,9.05,8.80,8.97,21788893,198995008.000
2012-03-27,9.00,9.11,8.92,8.94,23218573,213972800.000
2012-03-28,8.82,8.89,8.22,8.36,39390408,342454720.000
2012-03-29,8.26,8.40,7.86,8.03,30065481,250436144.000
2012-03-30,8.03,8.30,7.79,7.98,21565761,176217536.000
2012-04-05,8.00,8.24,7.92,8.21,22134557,184110496.000
2012-04-06,8.20,8.43,8.14,8.35,30849416,261548992.000
2012-04-09,8.26,8.28,8.07,8.11,18769736,157536224.000
2012-04-10,8.07,8.26,7.89,8.25,22029544,183249424.000
2012-04-11,8.11,8.29,8.07,8.21,17136128,143773648.000
2012-04-12,8.21,8.45,8.16,8.41,29559307,251780672.000
2012-04-13,8.42,8.70,8.38,8.55,38766787,339049152.000
2012-04-16,8.50,8.59,8.39,8.52,19477029,169268784.000
2012-04-17,8.53,8.62,8.41,8.43,22556234,196418864.000
2012-04-18,8.46,8.67,8.45,8.61,25912922,227580160.000
2012-04-19,8.61,8.72,8.56,8.64,19306145,170730048.000
2012-04-20,8.61,8.78,8.56,8.73,24995004,221970816.000
2012-04-23,8.70,8.71,8.25,8.39,30802540,268319376.000
2012-04-24,8.30,8.44,7.94,8.18,32004149,265903824.000
2012-04-25,8.16,8.91,8.09,8.66,43659345,378486336.000
2012-04-26,8.55,8.89,8.52,8.66,33783217,300801440.000
2012-04-27,8.70,9.00,8.70,8.77,37484293,339261088.000
2012-05-02,8.91,9.19,8.81,9.08,39375494,364426080.000
2012-05-03,9.10,9.12,8.95,8.98,26651605,246070304.000
2012-05-07,9.03,9.48,8.81,9.37,50333398,471598176.000
2012-05-08,9.38,9.67,9.24,9.31,50702475,489659392.000
2012-05-09,9.25,9.40,9.15,9.19,26371162,249750336.000
2012-05-10,9.15,9.27,9.06,9.19,22091083,206885008.000
2012-05-11,9.23,9.33,9.09,9.10,16785837,158468192.000
2012-05-14,9.25,9.28,8.96,8.98,16538571,154074496.000
2012-05-15,8.89,8.91,8.71,8.87,17298500,155763104.000
2012-05-16,8.87,8.92,8.61,8.62,13057005,117064128.000
2012-05-17,8.66,8.93,8.61,8.88,18700705,168282208.000
2012-05-18,8.78,8.81,8.62,8.64,12527393,111493568.000
2012-05-21,8.61,8.71,8.55,8.66,8751979,77420336.000
2012-05-22,8.72,8.84,8.72,8.81,11329152,101954720.000
2012-05-23,8.77,9.00,8.75,8.85,15922413,144380880.000
2012-05-25,8.82,8.82,8.20,8.38,27073736,233278496.000
2012-05-28,8.35,8.53,8.13,8.50,11982704,102335488.000
2012-05-29,8.50,8.79,8.50,8.78,14629080,128734800.000
2012-05-30,8.79,8.94,8.74,8.83,13148937,117700728.000
2012-05-31,8.77,8.90,8.67,8.80,10374123,92389968.000
2012-06-01,8.77,8.83,8.69,8.74,7710102,68282704.000
2012-06-04,8.63,8.63,8.28,8.28,13452520,115231184.000
2012-06-05,8.28,8.39,8.26,8.33,8912799,75295912.000
2012-06-06,8.33,8.38,8.14,8.18,11781543,98470024.000
2012-06-07,8.22,8.29,8.08,8.15,11887476,98532376.000
2012-06-08,8.23,8.26,8.12,8.13,9989800,82998392.000
2012-06-11,8.18,8.31,8.12,8.30,9187493,76730432.000
2012-06-12,8.25,8.34,8.18,8.25,7747113,64918704.000
2012-06-13,8.28,8.43,8.26,8.42,11942737,101317296.000
2012-06-14,8.39,8.60,8.37,8.40,12742535,109610960.000
2012-06-15,8.42,8.49,8.32,8.42,6562548,55987592.000
2012-06-18,8.48,8.60,8.46,8.52,7892219,68421856.000
2012-06-19,8.56,8.65,8.44,8.48,7675093,66618872.000
2012-06-20,8.53,8.59,8.33,8.38,6737719,57944956.000
2012-06-21,8.35,8.38,8.12,8.33,8665656,72305680.000
2012-06-25,8.28,8.30,8.13,8.15,6847337,57139176.000
2012-06-26,8.09,8.16,7.89,8.15,6449166,52767684.000
2012-06-27,8.16,8.28,8.10,8.20,6731141,56240144.000
2012-06-28,8.18,8.33,8.16,8.23,7635214,63972876.000
2012-06-29,8.23,8.48,8.10,8.48,12898725,109086744.000
2012-07-02,8.50,8.53,8.36,8.46,6918905,59270216.000
2012-07-03,8.48,8.58,8.41,8.43,7501580,64609648.000
2012-07-04,8.42,8.49,8.27,8.35,5812789,49372324.000
2012-07-05,8.30,8.33,8.14,8.28,5978052,49922084.000
2012-07-06,8.31,8.53,8.23,8.46,8270653,70341664.000
2012-07-09,8.33,8.47,8.20,8.21,7614445,64422276.000
2012-07-10,8.16,8.72,8.14,8.60,19916434,172819008.000
2012-07-11,8.56,8.73,8.51,8.60,12291864,107564952.000
2012-07-12,8.60,8.65,8.34,8.56,11575954,99929680.000
2012-07-13,8.49,8.93,8.46,8.83,22419940,198670688.000
2012-07-16,8.78,8.93,8.70,8.73,21384750,191485552.000
2012-07-17,8.68,8.90,8.55,8.85,14772559,131308064.000
2012-07-18,8.87,8.98,8.68,8.90,16573419,148853616.000
2012-07-19,8.90,9.25,8.88,9.14,27020187,248703056.000
2012-07-20,9.20,9.20,8.84,8.85,21988370,200257728.000
2012-07-23,8.73,8.95,8.64,8.83,11320774,100936344.000
2012-07-24,8.72,8.95,8.67,8.89,10010656,89520848.000
2012-07-25,8.83,9.03,8.75,8.83,9726488,87939792.000
2012-07-26,8.79,8.93,8.71,8.89,10320381,92520912.000
2012-07-27,8.89,9.00,8.82,8.83,9621295,86897424.000
2012-07-30,8.82,8.88,8.38,8.41,10301159,90170120.000
2012-07-31,8.41,8.46,8.23,8.26,8224349,69550960.000
2012-08-01,8.20,8.54,8.20,8.48,5944587,50908800.000
2012-08-02,8.45,8.56,8.35,8.42,4323583,37022620.000
2012-08-03,8.47,8.73,8.38,8.68,8074974,70572008.000
2012-08-06,8.68,8.96,8.64,8.91,9792846,87912488.000
2012-08-07,8.90,9.14,8.78,8.87,13185143,119870768.000
2012-08-08,8.88,8.96,8.76,8.93,7021169,63146272.000
2012-08-09,8.95,9.01,8.82,8.95,6615428,59854132.000
2012-08-10,8.97,8.97,8.73,8.78,6231609,55733336.000
2012-08-13,8.75,8.81,8.59,8.61,6075981,53550828.000
2012-08-14,8.61,8.77,8.39,8.77,6992346,61189216.000
2012-08-15,8.75,8.88,8.71,8.74,6359391,56729548.000
2012-08-16,8.78,8.80,8.61,8.63,3436925,30227592.000
2012-08-17,8.63,8.81,8.54,8.80,8214880,72707880.000
2012-08-20,8.76,8.90,8.66,8.87,9232217,82409128.000
2012-08-21,8.86,8.96,8.84,8.92,10648075,96120120.000
2012-08-22,8.90,9.13,8.87,8.99,19852633,181231968.000
2012-08-23,8.89,9.03,8.84,8.97,10024914,90792760.000
2012-08-24,8.97,9.02,8.64,8.65,10427288,92825232.000
2012-08-27,8.64,8.76,8.53,8.56,6231184,54635400.000
2012-08-28,8.56,8.72,8.46,8.63,5727938,49788572.000
2012-08-29,8.59,8.66,8.47,8.49,5535957,47981776.000
2012-08-30,8.49,8.67,8.33,8.54,8447963,73020264.000
2012-08-31,8.50,8.58,8.43,8.50,5119275,44170832.000
2012-09-03,8.48,8.76,8.44,8.68,12201635,106494080.000
2012-09-04,8.67,8.80,8.58,8.60,9668357,85283360.000
2012-09-05,8.60,8.96,8.57,8.81,14583410,130240664.000
2012-09-06,8.83,9.02,8.77,8.96,14144734,127967120.000
2012-09-07,9.00,9.37,8.88,9.19,26758698,248143504.000
2012-09-10,9.18,9.27,9.08,9.16,14988557,139179056.000
2012-09-11,9.16,9.46,9.09,9.19,26550106,250322816.000
2012-09-12,9.22,9.27,8.94,9.17,18335197,169355248.000
2012-09-13,9.26,9.26,8.95,8.97,10483232,96597752.000
2012-09-14,8.99,9.12,8.90,8.99,12825757,116912072.000
2012-09-17,8.98,9.00,8.58,8.61,13193614,117094952.000
2012-09-18,8.63,8.68,8.54,8.63,7358679,64173376.000
2012-09-19,8.63,8.70,8.59,8.67,7658905,67077336.000
2012-09-20,8.63,8.65,8.26,8.34,12627100,107794400.000
2012-09-21,8.36,8.41,8.19,8.26,10858509,91380264.000
2012-09-24,8.24,8.49,8.18,8.38,15536602,131552408.000
2012-09-25,8.32,8.34,8.20,8.28,7383556,61963588.000
2012-09-26,8.32,8.32,7.92,8.00,10391836,84663784.000
2012-09-27,8.02,8.23,7.88,8.14,17655310,144305088.000
2012-09-28,8.07,8.23,8.01,8.21,14949831,123091584.000
2012-10-08,8.22,8.28,8.14,8.20,7989124,66591072.000
2012-10-09,8.23,8.44,8.22,8.41,14854232,125857752.000
2012-10-10,8.36,8.49,8.33,8.48,11815535,100689504.000
2012-10-11,8.45,8.45,8.24,8.28,9803777,83024952.000
2012-10-12,8.84,9.12,8.34,8.37,37289906,325974912.000
2012-10-15,8.23,8.23,8.06,8.21,16609504,136965792.000
2012-10-16,8.14,8.32,8.10,8.24,10885788,90725104.000
2012-10-17,8.24,8.28,8.07,8.12,10671595,88029704.000
2012-10-18,8.13,8.24,8.13,8.22,12669761,105327184.000
2012-10-19,8.22,8.27,8.16,8.22,8375936,69710896.000
2012-10-22,8.17,8.23,8.09,8.22,9342153,77271248.000
2012-10-23,8.15,8.22,8.11,8.14,7996668,66217808.000
2012-10-24,8.09,8.14,8.07,8.09,7688159,63207780.000
2012-10-25,8.09,8.14,7.98,8.01,8774966,71730408.000
2012-10-26,8.01,8.05,7.76,7.87,12634805,101209336.000
2012-10-29,7.87,7.88,7.75,7.81,7232424,57359352.000
2012-10-30,7.81,7.86,7.74,7.79,6924579,54761892.000
2012-10-31,7.80,7.82,7.72,7.78,7074317,55737396.000
2012-11-01,7.79,7.97,7.78,7.93,13410667,107299976.000
2012-11-02,7.98,8.00,7.88,7.97,9038421,71838880.000
2012-11-05,7.97,8.08,7.93,7.98,9537624,76308800.000
2012-11-06,7.99,8.01,7.70,7.86,10150719,79510168.000
2012-11-07,7.83,7.90,7.81,7.89,5947823,46794124.000
2012-11-08,7.85,7.85,7.71,7.72,8866159,68824568.000
2012-11-09,7.70,7.74,7.38,7.53,17029527,127975992.000
2012-11-12,7.51,7.52,7.39,7.46,8317141,61880012.000
2012-11-13,7.47,7.47,7.17,7.18,11900950,86767744.000
2012-11-14,7.12,7.26,7.07,7.21,10632360,76153960.000
2012-11-15,7.17,7.20,7.03,7.04,9905713,70324016.000
2012-11-16,7.00,7.02,6.74,6.93,13507013,92212736.000
2012-11-19,6.87,6.90,6.76,6.88,7996549,54604744.000
2012-11-20,6.88,6.93,6.75,6.76,7291307,49788144.000
2012-11-21,6.76,6.84,6.60,6.83,9847503,66332224.000
2012-11-22,6.79,6.79,6.67,6.69,5853298,39247808.000
2012-11-23,6.69,6.76,6.67,6.67,6391271,42868884.000
2012-11-26,6.65,6.66,6.43,6.54,11221416,73604320.000
2012-11-27,6.48,6.52,6.26,6.32,14857580,95070072.000
2012-11-28,6.30,6.31,6.18,6.28,8963546,55944376.000
2012-11-29,6.28,6.34,6.11,6.23,7773408,48321120.000
2012-11-30,6.16,6.32,6.14,6.26,11553917,71932992.000
2012-12-03,6.22,6.22,5.90,5.97,9887622,60169736.000
2012-12-04,5.95,5.98,5.75,5.93,11591503,67937624.000
2012-12-05,5.91,6.23,5.89,6.11,28255657,172078784.000
2012-12-06,6.11,6.25,6.00,6.19,24175222,148468544.000
2012-12-07,6.15,6.38,6.08,6.36,23718154,148555328.000
2012-12-10,6.35,6.55,6.30,6.47,23824731,153105840.000
2012-12-11,6.43,6.50,6.36,6.39,14268252,91549880.000
2012-12-12,6.39,6.43,6.25,6.41,14277409,90314360.000
2012-12-13,6.36,6.44,6.29,6.29,9886044,62889088.000
2012-12-14,6.29,6.63,6.29,6.59,21081803,137266640.000
2012-12-17,6.56,6.76,6.52,6.69,27069693,179449776.000
2012-12-18,6.65,6.79,6.57,6.61,20204433,134488064.000
2012-12-19,6.68,6.74,6.59,6.61,15014598,99766144.000
2012-12-20,6.59,6.59,6.43,6.53,12787963,83481320.000
2012-12-21,6.53,6.68,6.49,6.59,16724868,110037352.000
2012-12-24,6.56,6.64,6.51,6.54,10284130,67419384.000
2012-12-25,6.53,6.78,6.49,6.72,27123553,181152896.000
2012-12-26,6.72,6.90,6.71,6.88,32341324,220084448.000
2012-12-27,6.92,6.96,6.74,6.76,23169656,158127632.000
2012-12-28,6.73,6.82,6.71,6.79,12287912,83163776.000
2012-12-31,6.82,6.87,6.70,6.78,19351573,131110912.000
2013-01-04,6.82,6.85,6.65,6.71,17563855,118254336.000
2013-01-07,6.69,6.84,6.65,6.83,16560166,112238784.000
2013-01-08,6.85,6.91,6.74,6.90,22055296,151035632.000
2013-01-09,6.91,6.97,6.83,6.90,21698049,149613952.000
2013-01-10,6.87,7.22,6.85,7.10,46730394,330300672.000
2013-01-11,7.11,7.19,6.86,6.89,28307894,199438384.000
2013-01-14,6.88,7.16,6.79,7.14,25250389,176978656.000
2013-01-15,7.14,7.85,7.14,7.85,80414895,610607296.000
2013-01-16,7.80,7.86,7.60,7.77,42024504,324010912.000
2013-01-17,7.78,7.93,7.50,7.51,36050649,277624928.000
2013-01-18,7.55,7.65,7.35,7.55,30712247,230482240.000
2013-01-21,7.56,7.74,7.44,7.63,23202096,176739744.000
2013-01-22,7.60,7.64,7.35,7.39,15797876,118165576.000
2013-01-23,7.38,7.47,7.22,7.37,13058866,95815872.000
2013-01-24,7.39,7.54,7.13,7.21,19429963,142652976.000
2013-01-25,7.18,7.41,7.11,7.32,16276102,118344256.000
2013-01-28,7.29,7.54,7.26,7.51,16665171,124031048.000
2013-01-29,7.49,7.62,7.39,7.49,19711678,147776032.000
2013-01-30,7.48,7.49,7.34,7.40,11026813,81681840.000
2013-01-31,7.41,7.52,7.35,7.51,9857242,73191328.000
2013-02-01,7.47,7.65,7.45,7.59,18160308,137219888.000
2013-02-04,7.58,7.62,7.43,7.47,13447969,100736000.000
2013-02-05,7.43,7.58,7.42,7.54,10834602,81194440.000
2013-02-06,7.53,7.61,7.51,7.59,11876191,89769768.000
2013-02-07,7.60,7.77,7.52,7.75,21719848,166870960.000
2013-02-08,7.75,7.79,7.68,7.73,11777408,91120232.000
2013-02-18,7.72,7.77,7.57,7.68,14510829,111401464.000
2013-02-19,7.71,7.74,7.20,7.36,15094539,112741312.000
2013-02-20,7.34,7.56,7.33,7.51,12376300,92349592.000
2013-02-21,7.48,7.51,7.25,7.32,13036990,96142384.000
2013-02-22,7.34,7.89,7.32,7.67,33534144,257502368.000
2013-02-25,7.69,7.85,7.58,7.80,27777025,215000496.000
2013-02-26,7.78,8.18,7.72,7.95,48184163,387018688.000
2013-02-27,8.07,8.14,7.86,7.99,24692808,196293376.000
2013-02-28,7.99,8.24,7.92,8.14,30431480,246920832.000
2013-03-01,8.14,8.22,8.00,8.14,26728356,216816784.000
2013-03-04,8.10,8.10,7.71,7.86,21301302,168054400.000
2013-03-05,7.82,7.93,7.73,7.90,16192274,126677040.000
2013-03-06,7.90,8.01,7.76,7.93,24319719,191945920.000
2013-03-07,7.88,7.89,7.48,7.65,32871670,252655376.000
2013-03-08,7.62,7.78,7.57,7.61,18451842,141766208.000
2013-03-11,7.68,7.69,7.48,7.48,18071623,136349424.000
2013-03-12,7.41,7.53,7.09,7.16,24619910,178579024.000
2013-03-13,7.14,7.21,6.92,7.00,12991786,91200992.000
2013-03-14,6.97,7.10,6.95,7.00,9241624,64900664.000
2013-03-15,7.01,7.10,6.80,6.86,19675986,137102480.000
2013-03-18,6.86,6.93,6.82,6.87,9252567,63701480.000
2013-03-19,6.87,6.98,6.87,6.98,9643583,66803704.000
2013-03-20,6.95,7.17,6.95,7.16,14398875,102243576.000
2013-03-21,7.16,7.24,7.11,7.15,16588693,118939184.000
2013-03-22,7.19,7.19,7.09,7.13,7482171,53376444.000
2013-03-25,7.14,7.18,7.01,7.07,8628018,60928584.000
2013-03-26,7.04,7.07,6.92,6.97,7115019,49531140.000
2013-03-27,6.94,7.12,6.94,6.98,7989548,56112728.000
2013-03-28,6.90,6.90,6.64,6.65,10539752,71241208.000
2013-03-29,6.71,6.72,6.60,6.69,7855373,52297384.000
2013-04-01,6.64,6.79,6.64,6.73,5354590,35967568.000
2013-04-02,6.72,6.78,6.65,6.67,4884946,32774156.000
2013-04-03,6.74,6.74,6.56,6.67,6244293,41488892.000
2013-04-08,6.58,6.62,6.48,6.59,5978800,39203808.000
2013-04-09,6.64,6.71,6.62,6.64,5923246,39418824.000
2013-04-10,6.69,6.70,6.61,6.70,5418304,36089480.000
2013-04-11,6.75,6.76,6.66,6.68,5766823,38659912.000
2013-04-12,6.68,6.72,6.52,6.57,7306074,48302488.000
2013-04-15,6.56,6.57,6.35,6.37,7160857,46144920.000
2013-04-16,6.34,6.48,6.28,6.45,5009974,31916956.000
2013-04-17,6.45,6.49,6.39,6.46,4141781,26708940.000
2013-04-18,6.40,6.56,6.40,6.51,5349724,34749056.000
2013-04-19,6.55,6.73,6.53,6.71,10524161,70034432.000
2013-04-22,6.70,6.94,6.67,6.93,21182777,144608736.000
2013-04-23,6.91,6.92,6.68,6.76,12034649,81476592.000
2013-04-24,6.74,7.05,6.74,6.96,20271967,141076944.000
2013-04-25,6.96,6.96,6.78,6.79,18191203,124622800.000
2013-04-26,6.85,7.05,6.68,6.85,13986219,95838080.000
2013-05-02,6.85,6.96,6.77,6.90,7384383,50883708.000
2013-05-03,6.90,7.05,6.89,6.91,11577247,80708760.000
2013-05-06,7.00,7.60,6.97,7.56,71542327,533091296.000
2013-05-07,7.37,7.67,7.35,7.50,33118299,249078944.000
2013-05-08,7.49,7.70,7.46,7.61,20410587,155425456.000
2013-05-09,7.64,7.79,7.49,7.77,25819531,197019392.000
2013-05-10,7.71,7.98,7.62,7.80,21906943,171023840.000
2013-05-13,7.78,7.78,7.50,7.63,13743071,104857544.000
2013-05-14,7.61,7.71,7.42,7.48,11138469,83826672.000
2013-05-15,7.51,7.80,7.51,7.79,12244038,93734536.000
2013-05-16,7.82,8.12,7.76,8.03,34748221,278494656.000
2013-05-17,8.04,8.49,7.93,8.30,46922747,386035520.000
2013-05-20,8.38,8.75,8.30,8.49,40141766,344197440.000
2013-05-21,8.52,8.96,8.40,8.95,43565958,381164864.000
2013-05-22,8.89,8.95,8.47,8.80,37228708,323012064.000
2013-05-23,8.75,9.24,8.58,8.85,35230325,313538592.000
2013-05-24,8.82,9.34,8.73,9.23,49258263,452582880.000
2013-05-27,9.23,9.50,9.16,9.22,27613853,256684256.000
2013-05-28,9.28,9.28,8.71,8.98,27124516,242275248.000
2013-05-29,8.98,9.22,8.85,9.16,17849202,161040560.000
2013-05-30,8.99,9.18,8.83,8.84,25558127,228693824.000
2013-05-31,8.75,8.85,8.50,8.62,22577755,195470400.000
2013-06-03,8.68,8.80,8.56,8.66,16776452,145680608.000
2013-06-04,8.60,8.80,8.07,8.39,27207808,229499888.000
2013-06-05,8.48,8.61,8.38,8.45,19293854,163490832.000
2013-06-06,8.47,8.57,8.42,8.49,10830287,92056872.000
2013-06-07,8.48,8.68,8.21,8.54,16038287,136216624.000
2013-06-13,8.39,8.39,7.85,8.05,18656990,150570496.000
2013-06-14,8.11,8.57,7.98,8.49,28378942,238604704.000
2013-06-17,8.55,8.96,8.52,8.58,47514079,415847040.000
2013-06-18,8.56,8.68,8.28,8.60,17519877,148697296.000
2013-06-19,8.40,8.50,8.09,8.35,18350836,152632608.000
2013-06-20,8.24,8.58,8.15,8.28,18636400,155881456.000
2013-06-21,8.04,8.38,7.90,8.26,10879555,89037336.000
2013-06-24,8.20,8.23,7.56,7.73,17446680,137351456.000
2013-06-25,7.80,7.96,6.96,7.45,29261268,215114176.000
2013-06-26,7.43,7.87,7.20,7.80,34414130,259440016.000
2013-06-27,7.83,8.19,7.70,7.80,29086886,230500336.000
2013-06-28,7.67,8.45,7.60,8.41,49227187,404776736.000
2013-07-01,8.36,8.86,8.20,8.72,40208711,347182112.000
2013-07-02,8.60,8.80,8.40,8.53,76740737,652411136.000
2013-07-03,8.33,8.94,8.27,8.85,68015486,587738368.000
2013-07-04,8.68,8.89,8.59,8.68,38032227,331949824.000
2013-07-05,8.72,8.91,8.36,8.39,38481130,332504704.000
2013-07-08,8.25,8.28,7.81,7.88,26306094,211755456.000
2013-07-09,7.80,8.29,7.80,8.20,20283287,164118208.000
2013-07-10,8.17,8.67,8.09,8.61,32216170,274208736.000
2013-07-11,8.57,8.88,8.48,8.86,52991220,463244544.000
2013-07-12,8.94,9.62,8.79,9.09,89688979,825561984.000
数据来源:通达信
