600346 大橡塑 日线
      日期	    开盘	    最高	    最低	    收盘	    成交量	    成交额
2007-01-11,2.19,2.26,2.16,2.22,3046171,13770375.000
2007-01-12,2.20,2.25,2.10,2.11,1636630,7294309.000
2007-01-15,2.12,2.22,2.10,2.21,1865271,8317772.000
2007-01-16,2.23,2.38,2.19,2.32,5238760,24515300.000
2007-01-17,2.30,2.33,2.24,2.27,2820679,13144547.000
2007-01-18,2.27,2.31,2.20,2.30,2604934,11964851.000
2007-01-19,2.29,2.38,2.29,2.36,4177324,19828464.000
2007-01-22,2.37,2.50,2.37,2.47,3670662,18180352.000
2007-01-23,2.48,2.49,2.34,2.46,3161333,15610055.000
2007-01-24,2.46,2.60,2.46,2.49,2321156,11934856.000
2007-01-25,2.48,2.48,2.33,2.35,2368217,11529175.000
2007-01-26,2.34,2.35,2.23,2.34,1762591,8237122.000
2007-01-30,2.46,2.50,2.38,2.41,3145255,15589140.000
2007-01-31,2.41,2.53,2.36,2.40,3278024,16299887.000
2007-02-01,2.34,2.46,2.31,2.45,2093402,10183254.000
2007-02-02,2.43,2.57,2.43,2.49,3188744,16276269.000
2007-02-05,2.55,2.58,2.48,2.57,1968811,10162389.000
2007-02-06,2.56,2.64,2.52,2.55,2542100,13354290.000
2007-02-07,2.56,2.61,2.54,2.61,1928049,10058477.000
2007-02-08,2.60,2.61,2.56,2.58,1896138,9923664.000
2007-02-09,2.56,2.60,2.51,2.52,1560611,8065690.000
2007-02-12,2.53,2.60,2.52,2.59,1813307,9407206.000
2007-02-13,2.62,2.62,2.56,2.61,1213139,6387962.000
2007-02-14,2.62,2.74,2.61,2.66,2416996,13203636.000
2007-02-15,2.66,2.73,2.65,2.73,2372085,12964085.000
2007-02-16,2.75,2.85,2.71,2.77,2319140,13088264.000
2007-02-26,2.80,3.05,2.76,3.00,5424245,32510364.000
2007-02-27,3.02,3.16,2.70,2.72,5254876,31199790.000
2007-02-28,2.70,2.99,2.66,2.99,7213271,42682568.000
2007-03-01,2.98,3.10,2.90,3.06,5518075,33527736.000
2007-03-02,3.03,3.21,3.03,3.09,4000063,25336388.000
2007-03-05,3.08,3.10,2.89,3.06,4281527,26141184.000
2007-03-06,3.01,3.37,3.01,3.37,9551792,64070764.000
2007-03-07,3.35,3.38,3.25,3.35,5290786,35634104.000
2007-03-08,3.31,3.40,3.26,3.36,3733568,25213042.000
2007-03-09,3.36,3.36,3.25,3.30,3233427,21580180.000
2007-03-12,3.30,3.42,3.24,3.40,2837996,19146224.000
2007-03-13,3.39,3.55,3.31,3.44,3341695,23107848.000
2007-03-14,3.41,3.45,3.09,3.32,3089805,20954400.000
2007-03-15,3.32,3.41,3.31,3.35,2235264,15221569.000
2007-03-16,3.36,3.53,3.34,3.40,3954720,27388564.000
2007-03-19,3.33,3.46,3.22,3.38,2369096,16198528.000
2007-03-20,3.39,3.69,3.34,3.61,4431241,31746922.000
2007-03-21,3.63,3.63,3.48,3.59,2882302,20779212.000
2007-03-22,3.56,3.71,3.55,3.58,2942100,21470068.000
2007-03-23,3.58,3.74,3.55,3.64,2945251,21694728.000
2007-03-26,3.68,3.78,3.66,3.75,2937117,22108684.000
2007-03-27,3.78,3.94,3.72,3.86,3094092,24077428.000
2007-03-28,3.87,3.97,3.61,3.86,3529304,27165836.000
2007-03-29,3.85,4.05,3.71,3.73,3482998,27313452.000
2007-03-30,3.64,3.81,3.64,3.75,2125935,16071300.000
2007-04-02,3.75,3.83,3.69,3.81,1677290,12801995.000
2007-04-03,3.86,3.95,3.78,3.91,2681924,20996448.000
2007-04-04,3.93,4.01,3.86,3.88,2323717,18475956.000
2007-04-05,3.88,3.99,3.86,3.96,2126510,16830084.000
2007-04-06,3.87,4.01,3.87,3.96,2598368,20856144.000
2007-04-09,3.96,4.16,3.94,4.07,3582956,29435280.000
2007-04-10,4.07,4.40,3.88,4.36,5009817,42178952.000
2007-04-11,4.35,4.74,4.26,4.62,7308225,66915988.000
2007-04-12,4.95,4.95,4.62,4.73,9798922,93996216.000
2007-04-13,4.75,5.18,4.66,4.96,8463324,84006488.000
2007-04-16,5.01,5.13,4.90,5.03,7543340,75875936.000
2007-04-17,5.03,5.03,4.79,4.99,5164895,51198792.000
2007-04-18,4.97,5.46,4.87,5.45,6598823,68373568.000
2007-04-19,5.36,5.71,5.16,5.40,10502715,116780144.000
2007-04-20,5.45,5.60,5.24,5.46,8042408,87905800.000
2007-04-23,5.46,5.68,5.36,5.57,7358720,82128320.000
2007-04-24,5.61,5.81,5.56,5.68,6133342,70122080.000
2007-04-25,5.61,5.61,5.31,5.44,4470081,48915568.000
2007-04-26,5.45,5.51,5.34,5.39,2414907,26262276.000
2007-04-27,5.38,5.45,5.11,5.14,3751442,39581992.000
2007-04-30,5.11,5.36,5.01,5.22,4904450,51279048.000
2007-05-08,5.26,5.40,5.25,5.35,3258062,35011264.000
2007-05-09,5.35,5.35,4.99,5.28,3953439,41326616.000
2007-05-10,5.22,5.47,5.18,5.39,4121266,44478384.000
2007-05-11,5.40,5.67,5.27,5.60,5719692,63731400.000
2007-05-14,5.59,5.67,5.47,5.53,4135626,46328468.000
2007-05-15,5.53,5.57,5.10,5.26,4465827,48224456.000
2007-05-16,5.26,5.35,5.15,5.28,3161259,33321140.000
2007-05-17,5.41,5.46,5.26,5.39,3178401,34470592.000
2007-05-21,5.17,5.51,5.06,5.46,4169124,45025320.000
2007-05-22,5.49,5.68,5.49,5.57,6937930,78274448.000
2007-05-23,5.64,6.09,5.64,5.96,7561198,89643072.000
2007-05-24,5.97,5.97,5.47,5.72,6121308,70562040.000
2007-05-25,5.70,5.84,5.62,5.79,3808116,44131304.000
2007-05-28,5.82,6.05,5.82,6.01,5926272,71080128.000
2007-05-29,6.04,6.29,6.02,6.21,8065632,100500776.000
2007-05-30,5.66,5.94,5.59,5.59,4547136,52807044.000
2007-05-31,5.44,5.45,5.03,5.03,4796142,49135876.000
2007-06-01,4.90,5.02,4.52,4.52,4278901,40186560.000
2007-06-04,4.31,4.34,4.07,4.07,1749166,14541107.000
2007-06-05,3.66,3.96,3.65,3.91,5726026,43024240.000
2007-06-06,3.93,4.01,3.66,3.95,4418300,34833716.000
2007-06-07,3.86,4.13,3.86,4.11,4474662,36280948.000
2007-06-08,4.15,4.22,4.07,4.14,3892045,32639290.000
2007-06-11,4.25,4.29,4.09,4.15,3645695,30842570.000
2007-06-12,4.18,4.50,4.15,4.43,7570395,66431488.000
2007-06-13,4.47,4.66,4.36,4.55,5242075,47645128.000
2007-06-14,4.60,5.01,4.46,4.75,8039845,77870384.000
2007-06-15,4.61,4.82,4.47,4.65,4159937,38826552.000
2007-06-18,4.76,4.90,4.63,4.76,5651589,54442260.000
2007-06-19,4.73,4.82,4.53,4.72,3115441,29356474.000
2007-06-20,4.69,4.78,4.53,4.54,2570380,24198392.000
2007-06-21,4.53,4.62,4.38,4.53,2571052,23331252.000
2007-06-22,4.51,4.51,4.07,4.07,3359021,28629592.000
2007-06-25,4.07,4.20,3.66,3.66,2334083,18199040.000
2007-06-26,3.58,3.76,3.37,3.68,2353907,16782268.000
2007-06-27,3.68,3.83,3.64,3.81,2497783,18787892.000
2007-06-28,3.77,3.80,3.42,3.42,2210312,16281319.000
2007-06-29,3.31,3.40,3.08,3.13,2148900,14027846.000
2007-07-02,3.14,3.37,3.14,3.36,1852395,12200795.000
2007-07-03,3.39,3.50,3.30,3.48,1658147,11381104.000
2007-07-04,3.48,3.54,3.40,3.43,1124963,7872723.000
2007-07-05,3.36,3.40,3.17,3.18,992886,6581894.000
2007-07-06,3.13,3.50,3.13,3.50,1740637,11986543.000
2007-07-09,3.50,3.71,3.41,3.69,2854205,20868276.000
2007-07-10,3.70,3.70,3.51,3.53,1676549,12203415.000
2007-07-11,3.53,3.66,3.47,3.58,691676,4992234.000
2007-07-12,3.58,3.61,3.50,3.57,674328,4852593.000
2007-07-13,3.53,3.61,3.47,3.49,707685,5028684.000
2007-07-16,3.51,3.55,3.37,3.38,569782,4008394.000
2007-07-17,3.35,3.48,3.32,3.46,717559,4957633.000
2007-07-18,3.44,3.52,3.41,3.46,574660,4036617.000
2007-07-19,3.53,3.66,3.52,3.61,1656021,12100178.000
2007-07-20,3.61,3.86,3.56,3.76,2640049,19981012.000
2007-07-23,3.73,4.03,3.71,3.95,3247603,25509368.000
2007-07-24,3.95,4.02,3.87,3.89,3275383,26046824.000
2007-07-25,3.86,4.03,3.85,4.01,2136451,17132856.000
2007-07-26,3.97,4.13,3.97,4.10,1775833,14599243.000
2007-07-27,4.51,4.51,4.51,4.51,1935969,17636678.000
2007-07-30,4.95,4.97,4.72,4.97,12200046,121299528.000
2007-07-31,5.01,5.47,4.97,5.47,10060129,106911432.000
2007-08-01,5.74,6.02,5.53,6.02,13401230,160567584.000
2007-08-02,6.21,6.26,5.63,5.96,12856065,152461232.000
2007-08-03,5.95,6.41,5.80,5.95,8698561,107262384.000
2007-08-06,5.84,6.40,5.49,6.19,8403690,100030560.000
2007-08-07,6.16,6.82,5.90,6.82,7530164,98729536.000
2007-08-08,7.23,7.45,6.60,7.07,12088528,174083888.000
2007-08-09,6.83,7.13,6.64,6.82,4959691,68354784.000
2007-08-10,6.72,6.96,6.46,6.53,4896293,65768624.000
2007-08-13,6.53,6.68,5.96,6.03,5668877,70712776.000
2007-08-14,5.91,6.28,5.88,6.11,3953971,48627912.000
2007-08-15,6.10,6.23,5.85,5.95,3423208,41362856.000
2007-08-16,5.95,6.55,5.76,6.55,5532695,68775584.000
2007-08-17,6.46,7.06,6.29,6.45,7509896,101557808.000
2007-08-20,6.45,6.86,6.42,6.61,3832212,51041404.000
2007-08-21,6.71,6.84,6.46,6.59,3156607,42114608.000
2007-08-22,6.47,6.78,6.46,6.65,3498713,46529104.000
2007-08-23,6.65,6.73,6.48,6.57,3085785,40692032.000
2007-08-24,6.63,6.80,6.50,6.59,2775335,37029056.000
2007-08-27,6.63,6.71,6.45,6.51,2948043,38703464.000
2007-08-28,6.51,7.16,6.51,6.91,6591981,91579824.000
2007-08-29,6.71,7.45,6.68,7.21,6348911,90763888.000
2007-08-30,7.29,7.35,7.03,7.11,3912546,56244792.000
2007-08-31,7.03,7.82,7.03,7.82,3810572,59251352.000
2007-09-03,8.28,8.36,7.71,7.89,6871035,110442688.000
2007-09-04,7.76,7.97,7.46,7.55,3597921,55438452.000
2007-09-05,7.57,7.78,7.31,7.77,3014889,45256840.000
2007-09-06,7.71,8.36,7.66,7.88,3260591,52917448.000
2007-09-07,7.85,7.86,7.48,7.50,2907159,44482288.000
2007-09-10,7.26,7.51,7.13,7.40,2266333,33370764.000
2007-09-11,7.41,7.69,6.88,6.97,2401975,35877668.000
2007-09-12,6.94,7.18,6.61,6.94,2327232,32186304.000
2007-09-13,6.95,7.06,6.81,7.03,1405655,19613332.000
2007-09-14,7.03,7.24,6.78,7.17,2482635,35097928.000
2007-09-17,7.07,7.71,7.07,7.46,2595397,38867952.000
2007-09-18,7.46,7.63,7.21,7.48,1882085,27946662.000
2007-09-19,7.36,7.53,7.11,7.14,1448277,21173180.000
2007-09-20,7.18,7.30,6.96,7.01,1924914,27284792.000
2007-09-21,7.04,7.16,6.53,6.66,3053581,41222664.000
2007-09-24,6.63,6.81,6.56,6.65,1596498,21446372.000
2007-09-25,6.66,6.90,6.56,6.73,1042428,14120340.000
2007-09-26,6.84,6.84,6.46,6.47,1176620,15604657.000
2007-09-27,6.56,6.61,6.42,6.57,760662,9992293.000
2007-09-28,6.57,7.01,6.57,6.80,1337289,18247752.000
2007-10-08,6.91,6.91,6.56,6.59,1012313,13614883.000
2007-10-09,6.59,6.80,6.56,6.72,867645,11656095.000
2007-10-10,6.78,6.78,6.59,6.59,813337,10845507.000
2007-10-11,6.57,6.66,6.31,6.32,1555412,20087716.000
2007-10-12,6.31,6.46,5.69,5.90,2022841,24360146.000
2007-10-15,5.91,6.01,5.61,5.72,1370133,15853024.000
2007-10-16,5.71,6.13,5.71,5.93,1224234,14693255.000
2007-10-17,5.91,5.95,5.68,5.84,940001,10964462.000
2007-10-18,5.84,6.06,5.80,5.84,1012037,12077411.000
2007-10-19,5.85,5.88,5.61,5.66,664181,7691959.000
2007-10-22,5.60,5.66,5.36,5.37,576586,6418295.000
2007-10-23,5.34,5.46,4.99,5.22,1205304,12599819.000
2007-10-24,5.26,5.40,5.01,5.01,1348902,14077789.000
2007-10-25,4.97,5.01,4.53,4.61,1592695,15153967.000
2007-10-26,4.57,4.70,4.45,4.63,1126733,10401990.000
2007-10-29,4.62,4.76,4.42,4.74,1551935,14189843.000
2007-10-30,4.77,5.05,4.36,4.91,1841391,18101840.000
2007-10-31,4.89,5.35,4.86,5.34,1891762,19485726.000
2007-11-01,5.20,5.45,5.11,5.21,1868286,19843578.000
2007-11-02,5.21,5.25,4.85,4.86,1169506,11955843.000
2007-11-05,4.77,5.09,4.61,4.96,754052,7362107.000
2007-11-06,4.94,5.06,4.86,4.99,716807,7197644.000
2007-11-07,5.06,5.07,4.86,5.05,873012,8718124.000
2007-11-08,5.03,5.03,4.82,4.87,533461,5288571.000
2007-11-09,4.86,5.21,4.66,5.06,1654086,16626125.000
2007-11-12,4.99,5.18,4.88,5.15,1218825,12388348.000
2007-11-13,5.11,5.36,5.04,5.14,799367,8373226.000
2007-11-14,5.26,5.29,5.06,5.22,578184,6043158.000
2007-11-15,5.21,5.29,5.03,5.07,602132,6252733.000
2007-11-16,5.05,5.16,4.86,5.15,652982,6625017.000
2007-11-19,5.25,5.40,5.05,5.32,1104153,11729077.000
2007-11-20,5.26,5.40,5.26,5.28,755385,8077646.000
2007-11-21,5.22,5.36,5.03,5.13,721375,7549349.000
2007-11-22,5.01,5.16,4.92,4.97,570188,5829786.000
2007-11-23,4.86,5.07,4.86,5.03,404800,4070498.000
2007-11-26,5.03,5.18,4.94,4.97,444430,4522558.000
2007-11-27,5.11,5.47,4.96,5.47,1098902,11992800.000
2007-11-28,5.68,6.03,5.63,6.03,7946396,93913968.000
2007-11-29,6.03,6.63,5.54,6.37,8748950,111909760.000
2007-11-30,6.20,7.01,6.15,7.01,9283656,129048048.000
2007-12-03,7.21,7.71,6.72,7.09,12514628,182548384.000
2007-12-04,6.86,7.30,6.74,7.18,6947411,97783376.000
2007-12-05,7.01,7.15,6.82,6.86,4943678,68847336.000
2007-12-06,6.90,7.11,6.77,7.04,3741701,52479556.000
2007-12-07,7.01,7.23,6.91,7.09,4575107,64911788.000
2007-12-10,7.03,7.46,6.96,7.30,6531400,95142088.000
2007-12-11,7.34,7.35,7.11,7.29,3762962,54606864.000
2007-12-12,7.28,8.02,7.21,8.02,9232935,143771312.000
2007-12-13,7.91,8.06,7.22,7.22,6214337,96159824.000
2007-12-14,6.96,7.21,6.64,7.01,5334597,73858208.000
2007-12-17,6.93,7.45,6.69,7.18,4814954,68148096.000
2007-12-18,7.01,7.28,6.93,6.95,1926995,27354932.000
2007-12-19,6.91,7.13,6.86,7.00,2164789,30433636.000
2007-12-20,6.86,7.34,6.86,7.12,2344532,33857896.000
2007-12-21,7.10,7.53,7.03,7.36,3116071,45785008.000
2007-12-24,7.36,7.58,7.28,7.39,2879260,42905488.000
2007-12-25,7.39,7.73,7.36,7.59,2783595,42228476.000
2007-12-26,7.61,7.70,7.39,7.59,2845723,42896588.000
2007-12-27,7.63,7.71,7.41,7.57,3160631,48205672.000
2007-12-28,7.61,7.66,7.32,7.34,2691919,40208108.000
2008-01-02,7.34,7.61,7.34,7.55,2299181,34620888.000
2008-01-03,7.57,8.06,7.37,7.93,4458699,68580952.000
2008-01-04,7.86,7.96,7.65,7.69,2497232,38814144.000
2008-01-07,7.69,8.06,7.58,8.03,4432616,69659256.000
2008-01-08,7.96,8.42,7.96,8.08,7202065,118268960.000
2008-01-09,8.02,8.14,7.76,8.06,2889575,46176200.000
2008-01-10,7.98,8.29,7.71,7.82,3998638,63789136.000
2008-01-11,7.81,7.82,7.41,7.55,3150385,47998320.000
2008-01-14,7.55,7.70,7.41,7.59,2002161,30382954.000
2008-01-15,7.59,7.73,7.50,7.65,1668983,25581304.000
2008-01-16,7.59,7.66,7.11,7.13,4014654,58811448.000
2008-01-17,7.13,7.30,6.68,6.91,2419761,33916528.000
2008-01-18,6.91,7.26,6.91,7.11,1564768,22262822.000
2008-01-21,7.13,7.21,6.56,6.61,1906650,26159764.000
2008-01-22,6.59,6.59,5.94,5.94,1806958,22117408.000
2008-01-23,5.91,6.16,5.76,6.11,1801030,21786276.000
2008-01-24,6.11,6.31,5.96,6.20,1996206,24662142.000
2008-01-25,6.17,6.34,6.07,6.23,1544891,19365776.000
2008-01-28,6.11,6.21,5.61,5.61,1451302,16785232.000
2008-01-29,5.51,5.81,5.47,5.71,993185,11306425.000
2008-01-30,5.86,5.92,5.64,5.88,1182668,13846878.000
2008-01-31,5.94,5.96,5.71,5.76,799373,9411361.000
2008-02-01,5.74,5.93,5.21,5.53,874923,9828366.000
2008-02-04,5.63,6.03,5.60,5.99,913326,10813738.000
2008-02-05,5.96,6.21,5.81,6.09,988879,11995502.000
2008-02-13,6.03,6.20,5.90,5.99,573989,6939264.000
2008-02-14,6.00,6.34,6.00,6.21,756493,9407786.000
2008-02-15,6.20,6.20,5.91,6.09,974517,11765821.000
2008-02-18,6.07,6.40,6.07,6.30,1823926,22976092.000
2008-02-19,6.30,6.45,6.22,6.39,1635682,20908848.000
2008-02-20,6.44,6.44,6.28,6.31,1135493,14467406.000
2008-02-21,6.29,6.38,6.07,6.31,1015078,12733147.000
2008-02-22,6.26,6.94,6.26,6.94,5990027,82221568.000
2008-02-25,7.12,7.59,7.11,7.28,9481927,140524448.000
2008-02-26,7.28,7.36,6.55,6.67,4385861,60723032.000
2008-02-27,6.75,6.91,6.49,6.88,3261708,43596968.000
2008-02-28,6.86,7.16,6.60,6.95,2924683,40550884.000
2008-02-29,6.86,7.07,6.82,6.84,1805966,25144936.000
2008-03-03,6.81,7.05,6.59,7.05,2641261,36451356.000
2008-03-04,7.01,7.34,6.86,7.22,3534833,50890904.000
2008-03-05,7.23,7.41,6.95,7.13,1984068,28485220.000
2008-03-06,7.06,7.20,6.95,7.09,2109486,29998940.000
2008-03-07,7.09,7.28,6.71,6.77,1577351,22195636.000
2008-03-10,6.61,6.71,6.21,6.23,1710212,22098404.000
2008-03-11,6.16,6.38,5.96,6.37,980384,12168411.000
2008-03-12,6.44,6.53,6.07,6.07,936823,11868280.000
2008-03-13,6.07,6.16,5.76,5.90,1089900,13080008.000
2008-03-14,5.91,6.16,5.82,6.05,820785,9987847.000
2008-03-17,6.15,6.31,5.71,5.80,1376152,16907838.000
2008-03-18,5.66,5.90,5.21,5.22,1408583,15344386.000
2008-03-19,5.28,5.61,5.11,5.41,1086587,11762023.000
2008-03-20,5.21,5.65,4.99,5.59,1214329,13235265.000
2008-03-21,5.59,5.71,5.49,5.64,1082988,12254040.000
2008-03-24,5.74,6.21,5.56,6.16,3480460,42432028.000
2008-03-25,5.96,6.15,5.82,6.00,2125009,25573072.000
2008-03-26,6.10,6.25,5.90,5.92,1320959,16112003.000
2008-03-27,5.86,5.86,5.38,5.38,1292047,14516151.000
2008-03-28,5.36,5.65,5.04,5.57,1153967,12449254.000
2008-03-31,5.36,5.44,5.16,5.20,992002,10555136.000
2008-04-01,5.09,5.31,4.67,4.67,1382310,13482610.000
2008-04-02,4.67,5.07,4.30,4.60,1994786,19382636.000
2008-04-03,4.47,4.82,4.47,4.76,765112,7230222.000
2008-04-07,4.68,5.03,4.62,5.00,1459021,14510270.000
2008-04-08,4.93,5.11,4.93,5.03,960800,9751512.000
2008-04-09,5.03,5.03,4.59,4.61,1324072,12955000.000
2008-04-10,4.51,4.75,4.51,4.73,627561,5911481.000
2008-04-11,5.01,5.20,5.01,5.20,1873571,19628298.000
2008-04-14,5.16,5.16,4.74,4.75,1879003,18536768.000
2008-04-15,4.71,5.02,4.66,5.01,723619,7080354.000
2008-04-16,5.01,5.01,4.72,4.82,694578,6832120.000
2008-04-17,4.76,5.03,4.61,4.81,761513,7467337.000
2008-04-18,4.76,4.78,4.40,4.47,732056,6763309.000
2008-04-21,4.72,4.86,4.06,4.07,1409427,12652282.000
2008-04-22,4.06,4.06,3.65,3.85,1357905,10431307.000
2008-04-23,3.76,4.11,3.76,4.03,1059243,8422110.000
2008-04-24,4.36,4.43,4.26,4.43,2541886,22497230.000
2008-04-25,4.43,4.64,4.36,4.43,1445428,13130283.000
2008-04-28,4.41,4.45,4.28,4.43,1114207,9836860.000
2008-04-29,4.43,4.55,4.43,4.49,1037946,9406181.000
2008-04-30,4.50,4.78,4.49,4.66,1362698,12664483.000
2008-05-05,4.66,4.83,4.49,4.76,1590453,15038827.000
2008-05-06,4.76,4.90,4.61,4.86,1889708,18169432.000
2008-05-07,4.86,5.18,4.76,4.82,2851046,28759096.000
2008-05-08,4.81,4.93,4.56,4.92,1752504,16812308.000
2008-05-09,4.96,4.96,4.65,4.74,1516179,14644401.000
2008-05-12,4.68,4.84,4.60,4.82,1239804,11817730.000
2008-05-13,4.61,4.82,4.56,4.67,1287322,12158384.000
2008-05-14,4.67,5.14,4.67,4.99,2568468,25652972.000
2008-05-15,4.96,5.03,4.84,4.92,1735587,17265916.000
2008-05-16,4.95,5.18,4.86,5.05,2488993,25284636.000
2008-05-19,5.13,5.13,4.81,4.85,1470856,14625010.000
2008-05-21,4.44,4.72,4.36,4.63,2459980,22148596.000
2008-05-22,4.63,4.63,4.47,4.50,1469047,13430628.000
2008-05-23,4.51,4.60,4.41,4.55,1053666,9604742.000
2008-05-26,4.50,4.59,4.36,4.47,1042879,9398784.000
2008-05-27,4.45,4.59,4.36,4.56,973982,8906295.000
2008-05-28,4.66,5.02,4.66,5.02,7719599,77892272.000
2008-05-29,5.07,5.07,4.70,4.71,5420042,53183664.000
2008-05-30,4.64,4.71,4.47,4.59,2607198,24021252.000
2008-06-02,4.59,4.68,4.47,4.63,1230934,11318954.000
2008-06-03,4.57,4.63,4.51,4.53,1222680,11220371.000
2008-06-04,4.49,4.53,4.38,4.42,1246987,11167462.000
2008-06-05,4.40,4.45,4.28,4.32,939064,8253748.000
2008-06-06,4.32,4.42,4.30,4.32,497009,4376240.000
2008-06-10,4.15,4.16,3.89,3.89,846520,6797071.000
2008-06-11,3.79,4.04,3.66,3.86,827290,6515489.000
2008-06-12,3.86,3.95,3.69,3.79,743773,5684969.000
2008-06-13,3.88,3.88,3.51,3.51,559292,4184246.000
2008-06-16,3.52,3.52,3.26,3.45,736232,5065853.000
2008-06-17,3.70,3.70,3.26,3.31,690847,4781120.000
2008-06-18,3.31,3.53,3.21,3.53,772764,5338650.000
2008-06-19,3.48,3.63,3.19,3.21,1078054,7441150.000
2008-06-20,3.29,3.53,2.99,3.39,1480340,10020729.000
2008-06-23,3.31,3.47,3.25,3.34,1661173,11171433.000
2008-06-24,3.35,3.45,3.26,3.39,989038,6665275.000
2008-06-25,3.35,3.63,3.33,3.60,1453099,10346995.000
2008-06-26,3.58,3.73,3.53,3.68,1582377,11533700.000
2008-06-27,3.48,3.55,3.31,3.32,1466413,10019608.000
2008-06-30,3.37,3.37,3.14,3.25,569354,3732735.000
2008-07-01,3.30,3.30,3.13,3.19,386902,2493264.000
2008-07-02,3.21,3.27,3.17,3.22,484504,3132117.000
2008-07-03,3.17,3.38,3.11,3.35,840276,5588110.000
2008-07-04,3.33,3.46,3.31,3.34,718512,4863496.000
2008-07-07,3.29,3.54,3.23,3.53,1262019,8819983.000
2008-07-08,3.49,3.66,3.47,3.56,1081309,7710892.000
2008-07-09,3.57,3.69,3.56,3.67,1470989,10712259.000
2008-07-10,3.63,3.75,3.58,3.61,1472428,10853689.000
2008-07-11,3.58,3.63,3.45,3.54,1069304,7568458.000
2008-07-14,3.51,3.67,3.51,3.66,1160289,8400487.000
2008-07-15,3.71,3.83,3.57,3.81,2546328,18965120.000
2008-07-16,3.83,3.88,3.58,3.65,2124729,15748043.000
2008-07-17,4.01,4.01,4.01,4.01,1813195,14614352.000
2008-07-18,4.22,4.42,4.13,4.41,13782236,119089336.000
2008-07-21,4.24,4.68,4.10,4.53,10212262,90245704.000
2008-07-22,4.44,4.70,4.28,4.47,7073793,64174512.000
2008-07-23,4.41,4.53,4.30,4.33,4366740,38334432.000
2008-07-24,4.31,4.59,4.28,4.51,4699066,41721328.000
2008-07-25,4.39,4.49,4.32,4.37,2933714,25818634.000
2008-07-28,4.53,4.53,4.30,4.39,2949097,26122904.000
2008-07-29,4.33,4.35,4.18,4.22,2495959,21237080.000
2008-07-30,4.34,4.35,4.16,4.25,1963411,16754996.000
2008-07-31,4.26,4.26,4.04,4.06,1929769,16018184.000
2008-08-01,4.07,4.36,4.05,4.28,2650991,22425792.000
2008-08-04,4.21,4.33,4.09,4.10,1707488,14436476.000
2008-08-05,4.10,4.15,3.69,3.73,1977236,15407226.000
2008-08-06,3.78,3.83,3.53,3.64,1973450,14436665.000
2008-08-07,3.58,3.78,3.58,3.74,1048383,7710626.000
2008-08-08,3.73,3.80,3.38,3.40,1394822,9978725.000
2008-08-11,3.43,3.45,3.06,3.06,1512722,9646195.000
2008-08-12,3.01,3.08,2.89,3.03,981350,5941811.000
2008-08-13,3.06,3.08,2.91,3.06,771931,4655602.000
2008-08-14,3.06,3.26,3.01,3.24,1315358,8377064.000
2008-08-15,3.23,3.24,3.10,3.18,1159970,7429775.000
2008-08-18,3.18,3.18,2.89,2.90,1027640,6200100.000
2008-08-19,3.09,3.13,2.96,3.01,847983,5158069.000
2008-08-20,3.01,3.32,2.91,3.32,1749817,11240890.000
2008-08-21,3.23,3.33,3.16,3.18,1604195,10394806.000
2008-08-22,3.15,3.18,2.99,3.14,901392,5569546.000
2008-08-25,3.07,3.18,3.05,3.11,562988,3535708.000
2008-08-26,3.06,3.09,2.92,2.96,813201,4864358.000
2008-08-27,2.98,3.02,2.82,2.89,721900,4234778.000
2008-08-28,2.92,2.93,2.78,2.82,900562,5171504.000
2008-08-29,2.83,3.10,2.83,2.98,1296661,7713564.000
2008-09-01,2.97,2.97,2.86,2.87,630511,3673284.000
2008-09-02,2.87,2.95,2.79,2.91,535887,3104766.000
2008-09-03,2.87,3.20,2.87,3.20,4151579,26074768.000
2008-09-04,3.23,3.41,3.14,3.17,5629857,37141864.000
2008-09-05,3.03,3.07,2.87,2.96,2486404,14995170.000
2008-09-09,2.83,2.90,2.74,2.82,1795108,10147303.000
2008-09-10,2.78,2.89,2.72,2.83,1484190,8417839.000
2008-09-11,2.84,2.85,2.68,2.71,1182439,6550795.000
2008-09-12,2.71,2.78,2.68,2.72,753024,4122809.000
2008-09-16,2.70,2.73,2.60,2.60,852450,4553197.000
2008-09-17,2.59,2.67,2.49,2.50,838435,4327545.000
2008-09-18,2.42,2.46,2.25,2.38,1291652,6070749.000
2008-09-19,2.62,2.62,2.52,2.62,1544830,8074192.000
2008-09-22,2.78,2.88,2.61,2.74,2893450,16006655.000
2008-09-23,2.66,2.66,2.51,2.51,1098820,5682635.000
2008-09-24,2.46,2.61,2.46,2.60,622429,3192156.000
2008-09-25,2.58,2.78,2.58,2.73,1599178,8642856.000
2008-09-26,2.93,3.00,2.78,2.80,3389480,19835960.000
2008-10-06,2.68,2.68,2.52,2.60,1890135,9896070.000
2008-10-07,2.53,2.62,2.51,2.59,930536,4811249.000
2008-10-08,2.58,2.68,2.51,2.66,1447010,7574348.000
2008-10-09,2.67,2.72,2.58,2.65,1040334,5529591.000
2008-10-10,2.52,2.63,2.43,2.57,1288990,6477453.000
2008-10-13,2.58,2.81,2.56,2.81,4094146,22090244.000
2008-10-14,2.75,3.00,2.75,2.79,5121482,29490408.000
2008-10-15,2.73,2.77,2.51,2.57,2573469,13493502.000
2008-10-16,2.44,2.52,2.31,2.31,1915043,9356359.000
2008-10-17,2.36,2.43,2.31,2.34,982373,4664824.000
2008-10-20,2.36,2.43,2.32,2.42,872187,4198037.000
2008-10-21,2.43,2.48,2.40,2.42,972518,4796362.000
2008-10-22,2.41,2.56,2.38,2.47,1679858,8414017.000
2008-10-23,2.41,2.54,2.34,2.51,1161694,5780337.000
2008-10-24,2.51,2.51,2.39,2.42,948847,4668261.000
2008-10-27,2.38,2.38,2.17,2.17,1100691,5002020.000
2008-10-28,2.11,2.26,2.08,2.23,789957,3467333.000
2008-10-29,2.23,2.29,2.18,2.21,1191231,5380712.000
2008-10-30,2.31,2.31,2.19,2.25,921826,4177417.000
2008-10-31,2.27,2.27,2.17,2.19,436827,1955869.000
2008-11-03,2.17,2.22,2.13,2.17,257400,1131032.000
2008-11-04,2.17,2.38,2.04,2.29,1336300,5870324.000
2008-11-05,2.37,2.37,2.26,2.29,1825249,8504941.000
2008-11-06,2.31,2.42,2.30,2.38,3480281,16610088.000
2008-11-07,2.28,2.34,2.19,2.31,1533423,7082490.000
2008-11-10,2.33,2.49,2.31,2.48,2398363,11715830.000
2008-11-11,2.42,2.50,2.37,2.38,2381243,11721140.000
2008-11-12,2.38,2.44,2.34,2.44,1023306,4957554.000
2008-11-13,2.40,2.56,2.38,2.51,2464302,12378895.000
2008-11-14,2.52,2.62,2.46,2.62,2830450,14557999.000
2008-11-17,2.64,2.74,2.59,2.72,2624537,14060583.000
2008-11-18,2.71,2.73,2.45,2.46,2835013,14697248.000
2008-11-19,2.46,2.64,2.41,2.63,2033333,10390473.000
2008-11-20,2.58,2.81,2.53,2.80,3911757,21121992.000
2008-11-21,2.70,2.90,2.66,2.87,3743946,21060148.000
2008-11-24,2.97,2.98,2.76,2.82,3335170,19094096.000
2008-11-25,2.87,2.88,2.65,2.80,3445339,19478632.000
2008-11-26,2.91,2.91,2.71,2.83,3073855,17483760.000
2008-11-27,3.03,3.03,2.82,2.83,5344785,31350042.000
2008-11-28,2.77,2.81,2.61,2.63,2577659,13922975.000
2008-12-01,2.66,2.72,2.59,2.71,1946063,10454560.000
2008-12-02,2.64,2.83,2.62,2.81,2884520,15972844.000
2008-12-03,2.82,2.94,2.80,2.92,3739056,21640864.000
2008-12-04,2.96,3.11,2.89,2.98,5208984,31379354.000
2008-12-05,2.96,3.01,2.88,2.97,3157321,18734412.000
2008-12-08,3.07,3.11,3.01,3.09,3250163,19944812.000
2008-12-09,3.12,3.12,2.92,2.93,2276437,13727291.000
2008-12-10,2.95,3.03,2.90,3.03,1941085,11576980.000
2008-12-11,3.06,3.06,2.86,2.87,1733564,10313451.000
2008-12-12,2.81,2.86,2.64,2.68,1962380,10774111.000
2008-12-15,2.73,2.79,2.66,2.77,1289043,7079857.000
2008-12-16,2.76,2.87,2.64,2.85,1797135,9966742.000
2008-12-17,2.81,2.88,2.79,2.81,1800307,10279187.000
2008-12-18,2.83,3.00,2.75,2.98,2985190,17436038.000
2008-12-19,2.97,3.06,2.93,3.01,4264280,25898576.000
2008-12-22,3.03,3.05,2.88,3.03,2406441,14383130.000
2008-12-23,3.03,3.03,2.89,2.91,2370127,14061994.000
2008-12-24,2.91,3.21,2.82,3.21,10039488,62768264.000
2008-12-25,3.23,3.37,3.13,3.15,11099055,72113656.000
2008-12-26,3.06,3.31,2.91,3.23,8000593,49663744.000
2008-12-29,3.17,3.41,3.10,3.32,7953992,52377468.000
2008-12-30,3.31,3.33,3.08,3.09,5434279,35103068.000
2008-12-31,3.03,3.16,2.78,2.82,4369680,25904396.000
2009-01-05,2.83,2.93,2.82,2.93,2795384,16151899.000
2009-01-06,2.89,3.01,2.87,2.99,2920864,17381656.000
2009-01-07,2.98,3.07,2.96,3.01,2614472,15908135.000
2009-01-08,2.98,2.98,2.85,2.87,2179625,12751418.000
2009-01-09,2.93,2.99,2.88,2.96,2144843,12663730.000
2009-01-12,2.96,3.16,2.96,3.11,3898024,24270658.000
2009-01-13,3.10,3.13,2.97,3.01,2611585,16010485.000
2009-01-14,3.03,3.13,3.01,3.13,2421817,15057474.000
2009-01-15,3.10,3.18,3.06,3.12,3203908,20101916.000
2009-01-16,3.20,3.21,3.10,3.17,3617972,23001580.000
2009-01-19,3.17,3.21,3.06,3.08,1981678,12392379.000
2009-01-20,3.10,3.11,3.03,3.11,1228915,7597142.000
2009-01-21,3.10,3.15,3.05,3.08,1247320,7777910.000
2009-01-22,3.08,3.16,3.08,3.12,1708439,10759604.000
2009-01-23,3.15,3.15,3.05,3.06,1248736,7757413.000
2009-02-02,3.11,3.18,3.05,3.16,1517275,9544285.000
2009-02-03,3.16,3.30,3.15,3.29,4109546,26845008.000
2009-02-04,3.28,3.44,3.27,3.38,4724864,31785572.000
2009-02-05,3.37,3.72,3.33,3.72,13145091,96736288.000
2009-02-06,3.66,3.80,3.59,3.77,11188472,83297896.000
2009-02-09,3.72,3.85,3.65,3.84,8165056,61177120.000
2009-02-10,3.72,3.83,3.71,3.77,5146321,38879140.000
2009-02-11,3.71,4.14,3.69,3.94,9186250,73454080.000
2009-02-12,3.90,4.03,3.81,3.93,4298987,33952000.000
2009-02-13,3.91,4.32,3.88,4.32,10763696,90487856.000
2009-02-16,4.32,4.57,4.21,4.54,7083532,61583472.000
2009-02-17,4.49,4.51,4.22,4.27,5143427,44801532.000
2009-02-18,4.14,4.24,3.98,3.99,3988722,32742804.000
2009-02-19,4.00,4.39,3.98,4.39,6058051,51473388.000
2009-02-20,4.43,4.74,4.25,4.58,5849072,52878848.000
2009-02-23,4.55,4.98,4.49,4.93,4926513,47491720.000
2009-02-24,4.78,4.92,4.51,4.57,4606902,43442996.000
2009-02-25,4.61,4.67,4.36,4.60,4704704,42812928.000
2009-02-26,4.55,4.60,4.14,4.14,3088683,26996954.000
2009-02-27,4.14,4.14,3.72,3.72,3360279,26157220.000
2009-03-02,3.61,3.87,3.53,3.86,5985269,45057564.000
2009-03-04,3.87,4.12,3.87,4.10,4586425,36977968.000
2009-03-05,4.07,4.49,4.01,4.36,6871289,58310144.000
2009-03-06,4.24,4.59,4.12,4.41,6694572,58445792.000
2009-03-09,4.32,4.61,4.26,4.27,8040234,71993320.000
2009-03-10,4.16,4.24,3.94,4.11,6286284,51095968.000
2009-03-11,4.16,4.20,3.98,4.03,3870804,31694898.000
2009-03-12,4.03,4.08,3.85,4.00,2503179,19867984.000
2009-03-13,4.01,4.03,3.88,3.89,2292682,18238820.000
2009-03-16,3.81,4.07,3.79,4.05,2478722,19751540.000
2009-03-17,4.07,4.25,4.07,4.20,3552882,29790332.000
2009-03-18,4.18,4.40,4.18,4.37,4794943,41437224.000
2009-03-19,4.48,4.48,4.27,4.37,5985075,52240036.000
2009-03-20,4.28,4.39,4.16,4.22,4554499,38718720.000
2009-03-23,4.14,4.33,4.14,4.28,3232265,27624846.000
2009-03-24,4.34,4.45,4.24,4.42,5114812,44665076.000
2009-03-25,4.38,4.41,4.24,4.24,3586137,31095986.000
2009-03-26,4.26,4.59,4.22,4.59,8096869,72929840.000
2009-03-27,4.57,4.62,4.49,4.51,5678823,51721532.000
2009-03-30,4.53,4.53,4.34,4.43,2109848,18810608.000
2009-03-31,4.32,4.39,4.14,4.36,2839953,24544284.000
2009-04-01,4.37,4.79,4.36,4.79,8083390,75300576.000
2009-04-02,4.81,5.18,4.79,4.80,13069690,129339968.000
2009-04-03,4.76,4.76,4.53,4.57,6107518,57009688.000
2009-04-07,4.57,4.68,4.53,4.63,2772650,25705932.000
2009-04-08,4.59,4.63,4.36,4.37,3641023,32731626.000
2009-04-09,4.32,4.47,4.32,4.46,2152653,19074056.000
2009-04-10,4.51,4.63,4.41,4.59,2742490,24939908.000
2009-04-13,4.59,4.67,4.56,4.59,3396103,31387780.000
2009-04-14,4.57,4.66,4.51,4.63,3089421,28554634.000
2009-04-15,4.62,5.09,4.59,5.09,9549921,93765472.000
2009-04-16,5.09,5.53,4.99,5.26,12136904,125691296.000
2009-04-17,5.20,5.77,4.99,5.66,13003213,142502016.000
2009-04-20,5.88,6.23,5.68,5.88,16246015,193284320.000
2009-04-21,5.79,5.99,5.72,5.91,7686274,90564656.000
2009-04-22,5.89,5.93,5.41,5.61,6854749,78557472.000
2009-04-23,5.53,5.93,5.53,5.89,4555616,52174160.000
2009-04-24,5.80,5.92,5.57,5.57,4283122,49218244.000
2009-04-27,5.50,5.59,5.09,5.11,4028527,42605184.000
2009-04-28,5.09,5.32,5.07,5.26,2254218,23642150.000
2009-04-29,5.28,5.53,5.20,5.49,3022844,32524348.000
2009-04-30,5.49,5.59,5.41,5.45,2614732,28812040.000
2009-05-04,5.49,5.68,5.47,5.64,2813196,31541780.000
2009-05-05,5.66,6.10,5.64,6.00,5692924,67325600.000
2009-05-06,5.95,6.11,5.84,5.99,4182310,50153024.000
2009-05-07,6.01,6.14,5.80,5.91,3987144,47248136.000
2009-05-08,5.89,5.89,5.66,5.80,3099126,35887312.000
2009-05-11,5.80,5.91,5.53,5.54,3125336,35847000.000
2009-05-12,5.53,5.78,5.49,5.78,2317216,26296856.000
2009-05-13,5.76,5.91,5.72,5.88,2899876,33952568.000
2009-05-14,5.86,5.93,5.78,5.89,2796655,32919852.000
2009-05-15,5.95,6.11,5.93,6.02,4211598,51021256.000
2009-05-18,6.01,6.01,5.81,5.93,2243460,26512560.000
2009-05-19,5.97,6.06,5.89,5.91,2975145,35613216.000
2009-05-21,5.88,6.06,5.70,5.72,3474328,40742384.000
2009-05-22,5.68,5.81,5.66,5.71,1402976,16143394.000
2009-05-25,5.57,5.70,5.47,5.66,2016480,22495848.000
2009-05-26,5.68,5.93,5.66,5.82,2298060,26738716.000
2009-05-27,5.83,5.93,5.74,5.91,2443602,28700228.000
2009-06-01,5.96,6.24,5.91,6.23,5766932,70389808.000
2009-06-02,6.31,6.37,6.03,6.11,5798091,71294832.000
2009-06-03,6.13,6.22,6.09,6.20,3389405,41838012.000
2009-06-04,6.18,6.18,5.93,5.97,3613610,43517288.000
2009-06-08,6.03,6.07,5.86,5.88,3442612,40907888.000
2009-06-09,5.95,6.26,5.89,6.11,5092960,31209516.000
2009-06-10,5.99,6.01,5.86,5.95,7264398,43203892.000
2009-06-11,5.95,5.97,5.80,5.84,5118876,30148968.000
2009-06-12,5.84,5.84,5.59,5.66,4436165,25373244.000
2009-06-15,5.64,5.82,5.63,5.80,2774375,15973450.000
2009-06-16,5.80,5.84,5.72,5.78,2337248,13481800.000
2009-06-17,5.78,5.82,5.66,5.78,2723113,15701605.000
2009-06-18,5.82,5.91,5.78,5.82,3499675,20469036.000
2009-06-19,5.86,5.86,5.78,5.78,3825314,22299912.000
2009-06-22,5.80,5.93,5.76,5.82,3862763,22605534.000
2009-06-23,5.78,5.88,5.68,5.82,3716380,21573480.000
2009-06-24,5.80,6.18,5.80,6.07,11828759,71544224.000
2009-06-25,6.03,6.14,5.91,6.07,6730310,40590584.000
2009-06-26,6.09,6.11,5.99,6.05,5446467,32979622.000
2009-06-29,6.09,6.66,6.03,6.66,20586698,132270144.000
2009-06-30,6.74,7.11,6.38,6.59,30426046,207363152.000
2009-07-01,6.39,6.53,6.26,6.51,11079303,71000472.000
2009-07-02,6.53,6.53,6.28,6.38,8294737,52954696.000
2009-07-03,6.45,6.59,6.36,6.38,6944441,44847508.000
2009-07-06,6.39,6.45,6.26,6.36,5110663,32359318.000
2009-07-07,6.32,6.47,6.26,6.41,4531558,28949864.000
2009-07-08,6.41,6.66,6.30,6.64,9644228,62852576.000
2009-07-09,6.55,7.18,6.49,7.03,17245069,118992096.000
2009-07-10,6.99,7.22,6.88,6.89,10828363,75724848.000
2009-07-13,6.82,7.18,6.80,6.91,8734193,61380920.000
2009-07-14,6.84,7.07,6.84,6.95,7139184,49721932.000
2009-07-15,6.97,7.09,6.91,7.07,10444370,72955536.000
2009-07-16,7.14,7.68,7.14,7.47,20421410,153216832.000
2009-07-17,7.36,7.66,7.20,7.61,13855290,103974592.000
2009-07-20,7.59,7.99,7.49,7.70,12167630,94717232.000
2009-07-21,7.64,7.64,7.24,7.28,8699329,64964640.000
2009-07-22,7.24,7.55,7.22,7.45,5468446,40506016.000
2009-07-23,7.49,7.89,7.49,7.64,8165474,63004672.000
2009-07-24,7.66,7.78,7.26,7.53,5823624,43714936.000
2009-07-27,7.55,7.63,7.20,7.51,7528199,56163812.000
2009-07-28,7.51,7.51,7.34,7.51,6689760,49660408.000
2009-07-29,7.51,7.65,6.76,6.99,8395557,61748480.000
2009-07-30,6.99,7.16,6.53,6.93,6209627,42791720.000
2009-07-31,6.97,7.34,6.89,7.24,6515428,46725112.000
2009-08-03,7.28,7.51,7.18,7.36,6073477,44737408.000
2009-08-04,7.28,7.72,7.18,7.70,13413435,101344008.000
2009-08-05,7.72,8.23,7.53,8.22,22995262,184366688.000
2009-08-06,8.08,8.15,7.70,7.89,12594855,100321784.000
2009-08-07,7.88,8.04,7.45,7.49,7728769,59708284.000
2009-08-10,7.53,7.65,7.22,7.45,6971726,51915584.000
2009-08-11,7.49,7.72,7.38,7.63,7781751,59121692.000
2009-08-12,7.63,7.70,7.14,7.22,4833036,36037040.000
2009-08-13,7.16,7.59,6.99,7.38,4755316,34874732.000
2009-08-14,7.34,7.41,6.84,6.86,4230441,29873064.000
2009-08-17,6.78,6.78,6.18,6.18,4823943,31279656.000
2009-08-18,6.07,6.34,5.99,6.28,3217763,20141646.000
2009-08-19,6.34,6.34,5.66,5.70,3923854,23487364.000
2009-08-20,5.70,5.97,5.66,5.93,3570245,20941656.000
2009-08-21,5.97,6.26,5.86,6.20,4550062,27879864.000
2009-08-24,6.22,6.38,6.14,6.30,4452419,27982712.000
2009-08-25,6.30,6.36,5.97,6.32,5191785,32115744.000
2009-08-26,6.34,6.95,6.16,6.95,9361474,62833040.000
2009-08-27,7.16,7.57,6.95,7.16,16017049,116116344.000
2009-08-28,7.09,7.09,6.76,6.82,5698213,39052304.000
2009-08-31,6.80,6.80,6.14,6.18,4550436,29095552.000
2009-09-01,6.09,6.53,6.01,6.36,3091473,19553340.000
2009-09-02,6.36,6.43,6.09,6.26,2232054,13996797.000
2009-09-03,6.24,6.66,6.24,6.57,3702940,24085296.000
2009-09-04,6.61,6.99,6.49,6.72,5063456,34341344.000
2009-09-07,6.78,6.88,6.66,6.76,3955985,26840808.000
2009-09-08,6.74,6.99,6.49,6.91,5515144,37700192.000
2009-09-09,6.88,6.91,6.63,6.86,4369013,29667688.000
2009-09-10,6.91,6.95,6.76,6.80,4667180,32118974.000
2009-09-11,6.84,6.93,6.70,6.86,4393371,30187444.000
2009-09-14,6.89,7.03,6.86,7.03,5693635,39675956.000
2009-09-15,7.03,7.24,6.95,7.11,6954334,49829200.000
2009-09-16,7.11,7.13,6.88,7.03,5138602,36147964.000
2009-09-17,7.13,7.53,7.07,7.38,10496188,76576608.000
2009-09-18,7.34,7.34,6.93,6.99,7159261,51286336.000
2009-09-21,6.88,6.97,6.63,6.93,3617452,24675650.000
2009-09-22,6.89,7.13,6.78,6.82,3516341,24531736.000
2009-09-23,6.84,6.97,6.64,6.68,3108913,21197684.000
2009-09-24,6.63,6.64,6.26,6.43,3259175,21089860.000
2009-09-28,6.43,6.57,6.16,6.18,1510221,9684071.000
2009-09-29,6.18,6.26,5.93,5.99,2093646,12670193.000
2009-09-30,6.09,6.16,6.01,6.09,1496976,9127249.000
2009-10-09,6.11,6.43,6.11,6.41,2136177,13561274.000
2009-10-12,6.47,6.68,6.32,6.53,3207634,20874860.000
2009-10-13,6.45,6.59,6.45,6.59,1437447,9428093.000
2009-10-14,6.61,6.72,6.57,6.68,3032098,20199796.000
2009-10-15,6.76,6.76,6.57,6.74,3000114,20058088.000
2009-10-16,7.05,7.41,7.05,7.18,20713295,150322512.000
2009-10-19,6.93,7.24,6.78,7.18,11809048,82974560.000
2009-10-20,7.11,7.24,7.01,7.18,9162639,65396528.000
2009-10-21,7.18,7.36,7.09,7.09,7679672,55578300.000
2009-10-22,7.18,7.38,7.09,7.30,9379545,68168896.000
2009-10-23,7.34,7.38,7.13,7.16,8483162,61455236.000
2009-10-26,7.18,7.28,7.01,7.24,6044649,43221896.000
2009-10-27,7.18,7.78,6.53,7.47,19371491,145912800.000
2009-10-28,7.36,7.47,7.14,7.34,7922703,57896480.000
2009-10-29,7.20,7.20,6.86,6.93,6429628,45366872.000
2009-10-30,6.97,7.07,6.88,6.97,4818562,33802096.000
2009-11-02,6.86,7.13,6.70,7.11,4381037,30590770.000
2009-11-03,7.01,7.36,7.01,7.30,6766771,49035740.000
2009-11-04,7.28,7.43,7.20,7.26,5635663,41210356.000
2009-11-05,7.28,7.57,7.26,7.51,9495803,70795664.000
2009-11-06,7.57,7.78,7.45,7.63,12495892,95812280.000
2009-11-09,7.61,7.61,7.38,7.53,7362669,55332124.000
2009-11-10,7.53,7.84,7.49,7.78,11347343,87358848.000
2009-11-11,7.68,7.88,7.49,7.80,7381368,57031888.000
2009-11-12,7.72,8.16,7.72,8.01,14019181,111831024.000
2009-11-13,8.00,8.13,7.82,8.03,9581206,76570496.000
2009-11-16,8.05,8.26,8.01,8.12,9582772,78136136.000
2009-11-17,8.15,8.18,7.88,7.95,8474493,67823576.000
2009-11-18,7.97,8.00,7.82,7.93,5290143,41823616.000
2009-11-19,7.93,8.17,7.90,8.16,7065268,57019776.000
2009-11-20,8.18,8.34,8.10,8.23,9577715,79077504.000
2009-11-23,8.26,8.38,8.13,8.27,6972867,57559020.000
2009-11-24,8.28,9.10,8.20,9.09,32652698,287182912.000
2009-11-25,8.83,9.96,8.58,9.61,35774720,340246464.000
2009-11-26,9.50,9.64,8.90,8.96,20990056,195550032.000
2009-11-27,8.68,8.76,8.08,8.19,13042788,110008352.000
2009-11-30,8.23,8.71,8.15,8.56,9837239,82873504.000
2009-12-01,8.46,8.83,8.38,8.70,10523721,90743776.000
2009-12-02,8.78,9.08,8.65,8.96,10865036,96402272.000
2009-12-03,8.92,9.13,8.78,9.03,8777472,78779456.000
2009-12-04,8.96,9.05,8.34,8.45,14277819,122980592.000
2009-12-07,8.43,8.61,8.28,8.54,7152075,60408256.000
2009-12-08,8.50,8.55,8.27,8.37,5028638,42245164.000
2009-12-09,8.28,8.50,8.21,8.33,4004020,33524270.000
2009-12-10,8.34,8.57,8.33,8.51,4045321,34338960.000
2009-12-11,8.51,8.57,8.35,8.37,3684923,31227416.000
2009-12-14,8.38,8.48,8.08,8.27,3899376,32159048.000
2009-12-15,8.30,9.04,8.27,8.94,13397192,117325344.000
2009-12-16,8.86,8.98,8.63,8.67,7655530,67282624.000
2009-12-17,8.75,8.76,8.28,8.32,4622120,39051284.000
2009-12-18,8.26,8.26,7.78,7.84,4473576,35928468.000
2009-12-21,7.86,7.97,7.78,7.95,2803183,22119396.000
2009-12-22,7.99,8.03,7.34,7.49,3838210,29436968.000
2009-12-23,7.49,7.57,7.36,7.53,2531366,18960926.000
2009-12-24,7.55,7.82,7.49,7.80,3111656,24040620.000
2009-12-25,7.80,8.14,7.74,7.95,4386132,35206440.000
2009-12-28,7.99,8.07,7.90,8.06,2952232,23667158.000
2009-12-29,8.06,8.13,7.84,8.06,2499374,20060860.000
2009-12-30,8.06,8.11,7.91,7.99,2443010,19489868.000
2009-12-31,8.00,8.10,7.95,8.05,2267798,18291724.000
2010-01-04,8.08,8.26,8.07,8.08,3377085,27567212.000
2010-01-05,8.13,8.45,8.08,8.38,6082517,50463624.000
2010-01-06,8.37,8.45,8.19,8.22,4189030,34908072.000
2010-01-07,8.18,8.25,7.84,7.88,4002517,32116142.000
2010-01-08,7.80,7.97,7.76,7.93,2237972,17605182.000
2010-01-11,7.99,8.02,7.78,7.84,2655226,20970380.000
2010-01-12,7.82,8.08,7.80,8.05,3139942,25173836.000
2010-01-13,7.95,8.17,7.89,7.97,4081512,32796496.000
2010-01-14,7.99,8.33,7.99,8.25,5044613,41393320.000
2010-01-15,8.28,8.33,8.15,8.31,4503893,37276488.000
2010-01-18,8.31,8.45,8.27,8.42,4316003,36269696.000
2010-01-19,8.42,8.42,8.25,8.31,3934772,32778200.000
2010-01-20,8.31,8.38,7.95,7.95,5249358,42779076.000
2010-01-21,7.86,8.03,7.86,8.00,2172881,17365710.000
2010-01-22,8.00,8.06,7.78,8.03,3458003,27422502.000
2010-01-25,7.97,8.38,7.90,8.32,6806024,56005544.000
2010-01-26,8.30,8.87,7.99,8.83,20422180,173480576.000
2010-01-27,8.56,8.77,8.28,8.38,12889791,110099592.000
2010-01-28,8.27,8.27,7.88,7.97,8048671,64513728.000
2010-01-29,7.88,8.07,7.70,7.95,6272040,49564024.000
2010-02-01,7.78,7.95,7.59,7.61,4765173,36920384.000
2010-02-02,7.65,7.78,7.53,7.53,3637879,27890540.000
2010-02-03,7.53,7.84,7.40,7.82,4566612,35015224.000
2010-02-04,7.80,8.01,7.68,7.97,4774555,37830144.000
2010-02-05,7.89,8.57,7.74,8.47,14386060,119617128.000
2010-02-08,8.36,8.80,8.30,8.73,13882030,120204664.000
2010-02-09,8.62,9.08,8.35,8.81,12116512,105852632.000
2010-02-10,8.73,8.75,8.48,8.58,6337455,54682868.000
2010-02-11,8.53,8.66,8.36,8.52,4615171,39309900.000
2010-02-12,8.44,8.60,8.44,8.47,3499760,29871214.000
2010-02-22,8.38,8.96,8.38,8.75,6774234,59240744.000
2010-02-23,8.83,9.53,8.76,9.32,16559759,152458288.000
2010-02-24,9.17,9.61,9.09,9.50,13703555,129459456.000
2010-02-25,9.50,9.78,9.33,9.77,12363686,118533216.000
2010-02-26,9.70,10.12,9.56,9.88,13465954,133024704.000
2010-03-01,9.92,10.22,9.78,10.12,11623235,116897952.000
2010-03-02,10.07,10.48,9.82,9.94,10563743,106345648.000
2010-03-03,9.91,10.43,9.83,10.05,9380452,94645280.000
2010-03-04,10.08,10.13,9.40,9.43,9241954,90387672.000
2010-03-05,9.41,9.93,9.41,9.78,7536790,73399504.000
2010-03-08,9.78,10.76,9.78,10.67,14863675,155108512.000
2010-03-09,10.67,11.04,10.39,10.75,10820203,116779280.000
2010-03-10,10.73,10.86,10.33,10.50,7034021,74518104.000
2010-03-11,10.50,10.73,10.30,10.65,4356494,45981440.000
2010-03-12,10.58,10.78,10.20,10.40,6809158,70954856.000
2010-03-15,10.57,10.57,9.84,9.96,4928370,49567512.000
2010-03-16,9.90,10.19,9.85,10.03,3285281,32936232.000
2010-03-17,10.08,10.18,9.87,10.11,9901124,99421920.000
2010-03-18,10.13,10.63,9.96,10.40,13311832,137155264.000
2010-03-19,10.36,11.31,10.26,11.13,14492368,157663184.000
2010-03-22,11.13,12.20,10.98,11.98,13950286,162157040.000
2010-03-23,11.98,12.00,11.53,11.69,7390486,87155320.000
2010-03-24,11.78,12.42,11.67,11.87,10523629,126485752.000
2010-03-25,11.73,12.08,11.43,11.81,5559872,65801624.000
2010-03-26,11.78,12.68,11.68,12.61,10289696,126993224.000
2010-03-29,12.41,12.96,12.30,12.46,7054897,88534696.000
2010-03-30,12.38,12.77,11.96,12.09,10934457,133256464.000
2010-03-31,11.98,12.13,11.78,11.93,13043724,155933840.000
2010-04-01,11.96,12.06,11.58,11.93,15310732,180772832.000
2010-04-02,11.98,12.02,11.66,11.74,10277981,121241760.000
2010-04-06,11.74,12.84,11.66,12.48,21321249,262664304.000
2010-04-07,12.30,12.46,11.84,12.06,13019132,156885376.000
2010-04-08,11.86,11.95,11.66,11.78,7860924,92569056.000
2010-04-09,11.83,12.05,11.76,11.81,6225256,73875808.000
2010-04-12,11.79,12.35,11.78,12.09,10059196,121647024.000
2010-04-13,12.10,12.22,10.89,11.22,11426332,131027024.000
2010-04-14,11.15,11.37,10.99,11.28,6251345,70059968.000
2010-04-15,11.33,11.44,10.69,10.88,8897148,98142304.000
2010-04-16,10.80,10.96,10.53,10.82,4713141,50591320.000
2010-04-19,10.80,10.80,9.88,9.94,6508817,67478024.000
2010-04-20,9.91,10.13,9.69,10.13,7124553,70883832.000
2010-04-21,10.08,10.88,10.05,10.79,9118958,95575240.000
2010-04-22,10.76,11.15,10.56,11.08,10972020,120125928.000
2010-04-23,11.02,11.50,10.88,10.95,7953010,89066952.000
2010-04-26,10.84,10.97,10.48,10.60,4240772,45669216.000
2010-04-27,10.58,10.60,10.00,10.41,3852742,39557400.000
2010-04-28,10.40,10.63,10.20,10.50,3762068,39476432.000
2010-04-29,10.43,10.64,9.68,9.79,4286462,44098808.000
2010-04-30,9.82,9.95,8.94,9.16,5380242,50166428.000
2010-05-04,8.99,9.37,8.86,9.09,2788842,25558868.000
2010-05-05,8.98,9.48,8.91,9.47,3473075,32356008.000
2010-05-06,9.53,9.68,8.92,8.98,4406675,41192928.000
2010-05-07,9.07,9.07,8.58,8.75,6020476,53080988.000
2010-05-10,8.75,8.97,8.44,8.81,3959958,34576692.000
2010-05-11,9.00,9.08,8.53,8.55,4391107,38369672.000
2010-05-12,8.56,8.56,7.99,8.09,3718652,30726132.000
2010-05-13,8.14,8.28,7.74,8.28,5887451,47408112.000
2010-05-14,8.18,8.31,8.03,8.18,3482286,28538740.000
2010-05-17,8.08,8.08,7.40,7.43,6688069,51762536.000
2010-05-18,7.43,7.61,7.16,7.49,5323841,39219392.000
2010-05-19,7.45,7.59,7.24,7.47,5057156,37590192.000
2010-05-21,7.05,7.45,6.88,7.43,5450706,39445520.000
2010-05-24,7.45,7.97,7.43,7.88,7328083,56730132.000
2010-05-25,7.78,7.95,7.68,7.82,5851505,45866360.000
2010-05-26,7.80,8.10,7.74,8.00,5885782,46886108.000
2010-05-27,8.06,8.14,7.84,8.13,5434381,43649888.000
2010-05-28,8.24,8.31,7.99,8.11,4295889,34901656.000
2010-05-31,8.00,8.08,7.78,7.80,3968549,31460882.000
2010-06-01,7.63,8.10,7.49,7.88,7373055,57977332.000
2010-06-02,7.68,7.80,7.45,7.72,5437274,41612184.000
2010-06-03,7.78,7.84,7.49,7.65,4141677,31995878.000
2010-06-04,7.57,8.07,7.39,7.97,7843333,60985752.000
2010-06-07,7.78,8.46,7.76,8.25,9741233,79127784.000
2010-06-08,8.28,8.68,8.13,8.64,10693705,90359976.000
2010-06-09,8.61,9.47,8.46,9.33,12960410,114906768.000
2010-06-10,9.18,9.45,8.84,8.91,20968892,190988912.000
2010-06-11,8.86,8.95,8.67,8.71,7567669,66595184.000
2010-06-17,8.76,8.83,8.44,8.48,5067996,43802320.000
2010-06-18,8.48,8.83,8.35,8.57,6668582,57617724.000
2010-06-21,8.52,8.83,8.35,8.75,5190613,44955328.000
2010-06-23,8.70,8.90,8.44,8.58,4984795,43306344.000
2010-06-24,8.53,8.60,8.38,8.45,3098425,26233584.000
2010-06-25,8.40,8.43,8.03,8.10,4062341,33395390.000
2010-06-28,8.10,8.23,7.84,7.89,3021712,24267688.000
2010-06-29,7.88,7.99,7.32,7.32,4100388,30930316.000
2010-06-30,7.22,7.26,6.95,7.18,3016755,21487448.000
2010-07-01,7.16,7.28,7.01,7.11,2216981,15939663.000
2010-07-02,7.05,7.16,6.61,7.16,2995858,20961520.000
2010-07-05,7.01,7.11,6.84,7.03,2840367,19903676.000
2010-07-06,6.99,7.28,6.93,7.20,4184961,30075822.000
2010-07-07,7.22,7.47,7.14,7.41,4539649,33220832.000
2010-07-08,7.43,7.47,7.24,7.38,3365676,24823864.000
2010-07-09,7.38,7.57,7.30,7.55,4791635,35938212.000
2010-07-12,7.55,7.74,7.45,7.64,4417924,33676296.000
2010-07-13,7.53,7.55,7.20,7.36,4036516,29826330.000
2010-07-14,7.34,7.55,7.28,7.43,3535908,26324774.000
2010-07-15,7.36,7.84,7.30,7.57,8890721,67895424.000
2010-07-16,7.61,8.32,7.49,8.15,15457064,122671168.000
2010-07-19,7.93,8.33,7.82,8.32,12185385,98184408.000
2010-07-20,8.18,8.53,8.08,8.33,12052924,100819712.000
2010-07-21,8.29,8.35,8.14,8.19,7314309,60423224.000
2010-07-22,8.14,8.42,8.03,8.37,8603993,71347984.000
2010-07-23,8.37,8.43,8.10,8.23,5529751,45562500.000
2010-07-26,8.25,8.53,8.19,8.49,7464767,62699512.000
2010-07-27,8.43,8.55,8.30,8.34,4853940,40924852.000
2010-07-28,8.28,8.53,8.28,8.47,6372476,53890032.000
2010-07-29,8.53,8.85,8.45,8.53,7662485,66054340.000
2010-07-30,8.53,8.53,8.27,8.39,4538275,38204080.000
2010-08-02,8.39,8.59,8.29,8.53,5551027,47262804.000
2010-08-03,8.55,8.93,8.49,8.59,11648256,102158048.000
2010-08-04,8.56,8.96,8.54,8.96,12597362,111215728.000
2010-08-05,8.91,8.95,8.73,8.78,8077672,71501512.000
2010-08-06,8.66,8.93,8.52,8.91,7630450,66792280.000
2010-08-09,8.93,9.74,8.91,9.50,18407584,172942256.000
2010-08-10,9.61,10.34,9.61,9.75,31006525,308331392.000
2010-08-11,9.69,10.17,9.54,9.81,17997965,177453664.000
2010-08-12,9.65,10.79,9.34,10.79,31885876,329040672.000
2010-08-13,10.67,10.95,10.33,10.60,21722042,230629648.000
2010-08-16,10.70,11.15,10.51,10.96,18586724,201315424.000
2010-08-17,10.87,11.14,10.63,10.88,14950311,162260336.000
2010-08-18,10.88,11.40,10.88,11.12,19396464,217355968.000
2010-08-19,11.23,12.12,11.23,11.64,20649276,241786704.000
2010-08-20,11.44,11.86,11.35,11.69,14610975,170894400.000
2010-08-23,11.68,11.83,11.18,11.29,13885200,159068112.000
2010-08-24,11.18,11.51,11.03,11.40,9317143,105241384.000
2010-08-25,11.33,11.45,10.66,11.08,13046007,143958352.000
2010-08-26,11.08,11.43,11.00,11.28,8152825,92017928.000
2010-08-27,11.27,11.27,10.88,11.06,5584136,61655756.000
2010-08-30,11.09,11.58,10.78,11.38,12329957,137951216.000
2010-08-31,11.24,11.53,10.98,11.32,9467575,106555040.000
2010-09-01,11.35,11.42,10.78,10.90,9435034,104011216.000
2010-09-02,10.99,11.18,10.83,11.11,9206651,101683008.000
2010-09-03,11.09,12.14,11.09,11.97,22470312,264869072.000
2010-09-06,11.99,12.78,11.65,12.33,22511590,276547296.000
2010-09-07,12.35,12.42,12.01,12.27,7873382,96229128.000
2010-09-08,12.28,13.02,12.11,13.00,14011957,177262592.000
2010-09-09,12.92,13.22,12.49,12.69,11736587,150701696.000
2010-09-10,12.65,12.86,11.96,12.39,10096371,124049992.000
2010-09-13,12.45,12.48,12.04,12.26,12133533,148028464.000
2010-09-14,12.35,12.59,12.16,12.52,11397372,141179920.000
2010-09-15,12.48,12.64,11.95,11.97,9745859,120069904.000
2010-09-16,11.97,12.03,10.85,10.93,11451155,128884016.000
2010-09-17,10.98,11.19,10.54,10.77,5842360,63306368.000
2010-09-20,10.81,10.99,10.64,10.73,4067054,44215196.000
2010-09-21,10.68,10.91,10.58,10.67,2176390,23383424.000
2010-09-27,10.73,10.97,10.73,10.96,3890031,42441888.000
2010-09-28,11.00,11.29,10.94,11.00,4262648,47341360.000
2010-09-29,11.01,11.06,10.30,10.42,5802755,61851076.000
2010-09-30,10.23,10.67,10.14,10.62,3271129,34171312.000
2010-10-08,10.65,10.95,10.65,10.93,4107738,44813096.000
2010-10-11,10.91,11.14,10.73,10.78,6636400,72339960.000
2010-10-12,10.78,11.38,10.67,11.24,14006199,156732544.000
2010-10-13,11.13,11.38,10.94,11.24,6621677,73755624.000
2010-10-14,11.33,11.33,10.45,10.49,8982892,96707888.000
2010-10-15,10.48,10.78,10.19,10.26,6602881,68940080.000
2010-10-18,10.26,10.33,9.38,9.65,7803066,76039392.000
2010-10-19,9.63,10.02,9.60,9.91,5539982,54690604.000
2010-10-20,9.78,10.32,9.63,10.25,7031503,71177688.000
2010-10-21,10.24,10.28,9.98,10.13,5189737,52445660.000
2010-10-22,10.11,10.40,10.03,10.28,4578278,47091264.000
2010-10-25,10.36,10.78,10.18,10.60,7367594,77716976.000
2010-10-26,10.59,10.90,10.52,10.72,5776949,62026984.000
2010-10-27,10.72,10.86,10.35,10.39,8085922,84860608.000
2010-10-28,10.55,10.61,10.26,10.32,5955943,61891780.000
2010-10-29,10.23,10.51,10.23,10.45,4096476,42624684.000
2010-11-01,10.47,11.50,10.47,11.50,16365614,184086720.000
2010-11-02,11.97,12.18,11.20,11.31,27573705,324092320.000
2010-11-03,11.08,11.58,11.01,11.33,9466738,107612872.000
2010-11-04,11.23,11.77,11.23,11.63,10518092,122335416.000
2010-11-05,11.67,11.83,11.49,11.65,9384865,109241920.000
2010-11-08,11.71,11.78,11.25,11.55,9587278,110145096.000
2010-11-09,11.56,11.63,11.34,11.61,7530180,86318008.000
2010-11-10,11.55,11.98,11.54,11.72,12090028,142721408.000
2010-11-11,11.72,12.08,11.42,11.47,13216469,156640384.000
2010-11-12,11.48,11.53,10.36,10.38,11595840,126925640.000
2010-11-15,10.67,10.67,10.05,10.62,7378885,76994264.000
2010-11-16,10.73,10.73,9.87,10.03,6852733,69984416.000
2010-11-17,9.97,10.05,9.64,9.71,3140575,31054648.000
2010-11-18,9.76,9.93,9.71,9.82,2720560,26740860.000
2010-11-19,9.88,10.05,9.72,10.03,3646265,36231200.000
2010-11-22,9.98,10.16,9.90,10.08,4158013,41884160.000
2010-11-23,10.10,10.23,9.81,10.01,3971862,39947852.000
2010-11-24,9.98,10.20,9.90,10.19,4621593,46695012.000
2010-11-25,10.19,10.50,10.19,10.46,5337966,55560156.000
2010-11-26,10.47,10.47,10.08,10.17,3756220,38428472.000
2010-11-29,10.17,10.43,9.89,10.38,4621070,46956688.000
2010-11-30,10.31,10.57,9.93,10.33,6198593,64172464.000
2010-12-01,10.38,10.78,10.20,10.74,8360605,88099920.000
2010-12-02,10.84,10.86,10.54,10.77,10148904,109254888.000
2010-12-03,10.68,10.78,10.28,10.68,5363157,56585756.000
2010-12-06,10.68,10.87,10.13,10.16,7202275,74912144.000
2010-12-07,10.09,10.09,9.68,9.99,3869283,38189256.000
2010-12-08,10.00,10.07,9.89,9.94,2388702,23848348.000
2010-12-09,9.92,10.03,9.71,9.72,1960686,19312220.000
2010-12-10,9.72,9.87,9.53,9.82,2046124,19828038.000
2010-12-13,9.87,10.15,9.83,10.08,2775398,27827378.000
2010-12-14,10.08,10.23,10.00,10.21,3496757,35367488.000
2010-12-15,10.36,11.23,10.36,10.99,21794455,240934640.000
2010-12-16,10.72,10.93,10.63,10.70,8146360,87684464.000
2010-12-17,10.61,10.87,10.60,10.71,4246386,45598696.000
2010-12-20,10.88,10.88,9.96,10.26,7287038,75527424.000
2010-12-21,10.36,10.54,10.08,10.41,6034873,62222028.000
2010-12-22,10.41,10.55,10.28,10.45,4455345,46460420.000
2010-12-23,10.48,10.48,10.16,10.29,2710305,28016824.000
2010-12-24,10.29,10.29,9.88,9.90,3579352,35994608.000
2010-12-27,9.93,10.11,9.38,9.49,4382374,42961160.000
2010-12-28,9.49,9.49,9.18,9.29,2237594,20974472.000
2010-12-29,9.34,9.59,9.29,9.53,2399490,22622018.000
2010-12-30,9.54,9.63,9.37,9.42,2256545,21412682.000
2010-12-31,9.38,9.67,9.38,9.66,2467131,23567418.000
2011-01-04,9.69,9.96,9.53,9.91,3297912,32324536.000
2011-01-05,9.91,10.05,9.74,9.99,2651227,26314230.000
2011-01-06,9.99,10.08,9.82,9.91,2594719,25892926.000
2011-01-07,9.89,10.06,9.77,9.78,2120684,21028792.000
2011-01-10,9.77,9.87,9.36,9.69,2810568,26977612.000
2011-01-11,9.61,9.61,9.36,9.46,1477396,14012663.000
2011-01-12,9.55,9.66,9.38,9.56,1028601,9804489.000
2011-01-13,9.51,9.88,9.46,9.85,2663939,25844458.000
2011-01-14,9.98,10.22,9.71,9.81,5797252,57822184.000
2011-01-17,9.59,9.60,9.06,9.08,3663732,33844448.000
2011-01-18,9.07,9.85,8.76,9.72,6207348,58623308.000
2011-01-19,9.72,10.28,9.50,10.25,11446001,115471136.000
2011-01-20,10.16,10.26,9.88,10.03,8394408,84776752.000
2011-01-21,10.03,10.19,9.83,9.86,7330886,73496248.000
2011-01-24,9.88,9.88,9.11,9.19,5778644,54466688.000
2011-01-25,9.19,9.61,9.19,9.50,5943162,56368728.000
2011-01-26,9.50,9.80,9.38,9.68,5761189,55670928.000
2011-01-27,9.63,10.65,9.60,10.63,19944710,206847536.000
2011-01-28,10.48,10.83,10.38,10.76,20504559,218889712.000
2011-01-31,10.66,11.14,10.56,11.04,18692023,204777616.000
2011-02-01,10.98,11.03,10.64,10.72,10341354,111961168.000
2011-02-09,10.73,11.14,10.43,11.01,12821373,138817216.000
2011-02-10,10.91,11.04,10.71,10.98,9354549,101867712.000
2011-02-11,11.03,11.27,10.88,10.91,11311371,125385888.000
2011-02-14,10.76,11.43,10.74,11.28,13108623,146435712.000
2011-02-15,11.24,11.48,10.99,11.04,11725345,131847408.000
2011-02-16,11.00,11.62,10.94,11.36,10896705,123892800.000
2011-02-17,11.29,11.97,11.29,11.70,14448006,169333472.000
2011-02-18,11.71,11.88,11.38,11.40,9203918,106863848.000
2011-02-21,11.38,11.61,11.17,11.58,8052180,91979792.000
2011-02-22,11.78,12.18,11.46,11.51,15716816,186079424.000
2011-02-23,11.28,11.46,10.98,11.18,9033729,100853280.000
2011-02-24,11.12,11.30,10.99,11.24,4987882,55869968.000
2011-02-25,11.17,11.24,10.86,11.03,5446960,60020180.000
2011-02-28,11.03,11.33,10.98,11.21,4501720,50401816.000
2011-03-01,11.24,11.41,11.07,11.26,5520627,62074672.000
2011-03-02,11.20,11.64,10.81,11.62,10401040,117466416.000
2011-03-03,11.56,11.60,11.18,11.20,5317524,60812944.000
2011-03-04,11.09,11.83,11.09,11.67,11787392,137299168.000
2011-03-07,11.66,12.03,11.58,11.79,10458978,123459048.000
2011-03-08,11.63,12.28,11.63,12.01,10628382,128025904.000
2011-03-09,12.02,12.13,11.73,11.81,7491270,88852432.000
2011-03-10,11.78,11.92,11.48,11.65,5760949,67151968.000
2011-03-11,11.59,12.17,11.58,11.90,13551145,161932736.000
2011-03-14,11.89,12.26,11.75,12.17,9531368,115073008.000
2011-03-15,12.14,12.44,11.84,12.36,14216473,173074608.000
2011-03-16,12.24,12.44,12.02,12.26,8863038,108388512.000
2011-03-17,12.17,12.18,11.49,11.58,9915892,117450720.000
2011-03-18,11.68,11.82,11.61,11.76,4845683,56920456.000
2011-03-21,11.76,11.84,11.63,11.72,4357472,51269460.000
2011-03-22,11.75,11.83,11.43,11.67,4229470,49047276.000
2011-03-23,11.65,11.80,11.63,11.75,3286099,38582580.000
2011-03-24,11.74,11.98,11.74,11.81,3553788,42220908.000
2011-03-25,11.86,12.10,11.76,12.08,6804896,81943456.000
2011-03-28,12.17,12.41,11.90,11.91,6488347,78827416.000
2011-03-29,11.88,12.08,11.63,11.66,5160690,61178328.000
2011-03-30,11.76,12.36,11.62,12.11,9186880,111299208.000
2011-03-31,12.15,12.22,11.18,11.39,7373490,86253448.000
2011-04-01,11.21,11.65,11.21,11.42,3414949,38987684.000
2011-04-06,11.27,11.42,11.04,11.27,4651565,52139500.000
2011-04-07,11.13,11.33,11.09,11.27,2791184,31320114.000
2011-04-08,11.24,11.49,11.23,11.41,3025283,34371760.000
2011-04-11,11.42,11.49,11.19,11.44,3029138,34489356.000
2011-04-12,11.48,11.48,11.10,11.20,3419440,38429872.000
2011-04-13,11.23,11.27,11.11,11.25,1872106,21002240.000
2011-04-14,11.30,11.50,11.24,11.32,3087131,35131816.000
2011-04-15,11.29,11.46,11.15,11.27,2893737,32576848.000
2011-04-18,11.35,11.35,10.98,11.06,3968523,44160128.000
2011-04-19,10.96,11.05,10.54,10.69,4028887,43451088.000
2011-04-20,10.62,10.80,10.62,10.69,2397933,25662872.000
2011-04-21,10.69,11.03,10.59,10.92,3227116,34976072.000
2011-04-22,10.91,10.99,10.80,10.87,1928660,21015322.000
2011-04-25,10.83,10.91,10.48,10.50,1606401,17161274.000
2011-04-26,10.46,10.59,10.18,10.20,1550469,16082866.000
2011-04-27,10.25,10.50,10.20,10.34,1318666,13660538.000
2011-04-28,10.38,10.58,9.95,9.98,2073400,21107200.000
2011-04-29,10.02,10.08,9.78,10.05,2230961,22244904.000
2011-05-03,10.09,10.18,9.89,10.15,1601077,16150816.000
2011-05-04,10.13,10.40,10.00,10.19,2322820,23819520.000
2011-05-05,10.13,10.64,10.13,10.60,3393172,35666688.000
2011-05-06,10.60,10.67,10.41,10.63,2148854,22810852.000
2011-05-09,10.64,10.68,10.47,10.51,2112422,22326856.000
2011-05-10,10.51,10.82,10.51,10.77,2869465,30827016.000
2011-05-11,10.77,10.84,10.62,10.68,2066083,22139432.000
2011-05-12,10.63,10.85,10.61,10.72,3412581,36697472.000
2011-05-13,10.68,11.22,10.68,11.15,6319156,69735128.000
2011-05-16,11.08,11.29,11.05,11.17,3492459,39095808.000
2011-05-31,10.36,10.62,10.05,10.45,7348524,75359656.000
2011-06-01,10.98,11.50,10.83,11.50,5702343,65229504.000
2011-06-02,12.10,12.65,11.89,12.44,33887087,420760832.000
2011-06-03,12.38,12.65,12.30,12.48,18238831,227753872.000
2011-06-07,12.51,12.53,12.06,12.45,16168051,198482352.000
2011-06-08,12.28,12.93,12.18,12.52,23833841,300598144.000
2011-06-09,12.28,13.08,11.99,12.59,21259254,266476176.000
2011-06-10,12.34,13.16,12.13,12.88,21416664,271089632.000
2011-06-13,12.56,13.22,12.31,13.16,17352951,221214832.000
2011-06-14,13.07,13.25,12.88,13.00,15119850,197330128.000
2011-06-15,12.91,13.04,12.06,12.12,17505028,219644784.000
2011-06-16,11.78,11.94,11.33,11.38,13649482,159317952.000
2011-06-17,11.46,11.76,11.05,11.25,10521245,121372672.000
2011-06-20,11.18,11.37,11.04,11.28,5638201,63364100.000
2011-06-21,11.41,11.44,10.72,11.10,7945694,87931952.000
2011-06-22,11.01,11.78,11.01,11.44,9838749,112226904.000
2011-06-23,11.33,11.71,11.08,11.64,8331882,95919144.000
2011-06-24,11.58,12.73,11.44,12.07,12953328,156252080.000
2011-06-27,12.06,12.81,12.06,12.70,13201744,164145824.000
2011-06-28,12.46,12.63,12.16,12.32,10556740,130259816.000
2011-06-29,12.28,12.56,11.76,11.77,7787750,94452056.000
2011-06-30,11.78,12.34,11.77,12.07,6736390,81556944.000
2011-07-04,12.17,13.08,11.98,12.75,12133471,152087136.000
2011-07-05,12.71,12.90,12.48,12.73,8301303,105090408.000
2011-07-06,12.73,13.38,12.54,13.18,17540640,229327152.000
2011-07-07,13.05,13.35,12.89,13.05,12110027,158262192.000
2011-07-08,13.03,13.27,12.59,13.16,9142244,118430816.000
2011-07-11,13.02,13.85,12.90,13.36,16348422,220776112.000
2011-07-12,13.10,13.44,12.92,13.16,8606283,113549984.000
2011-07-14,13.45,13.60,12.83,13.01,11099618,145783616.000
2011-07-15,12.95,13.30,12.65,13.19,9894500,128984752.000
2011-07-18,13.19,13.78,12.93,13.67,15016066,201792352.000
2011-07-19,13.63,13.63,13.15,13.23,6752341,90362976.000
2011-07-20,13.28,13.41,12.83,13.08,8058199,105181488.000
2011-07-21,13.09,13.25,12.91,12.96,4337608,56822748.000
2011-07-22,12.95,13.18,12.80,13.02,3889817,50538296.000
2011-07-25,12.89,13.02,11.75,11.84,11055842,135420720.000
2011-07-26,11.70,11.96,11.38,11.90,6134603,71812352.000
2011-07-27,11.80,12.14,11.63,12.03,5652039,67328312.000
2011-07-28,11.90,12.09,11.81,11.88,3856322,45947072.000
2011-07-29,11.90,11.98,11.55,11.61,3086141,36186752.000
2011-08-01,11.56,11.91,11.52,11.85,2877049,33947584.000
2011-08-02,11.85,12.20,11.63,12.16,4923681,58708736.000
2011-08-03,11.90,12.32,11.90,12.18,3598559,43890936.000
2011-08-04,12.09,12.27,11.86,11.88,3267034,39382300.000
2011-08-05,11.51,12.25,11.28,12.04,6951507,82986704.000
2011-08-08,11.90,12.10,11.12,11.53,4997944,57953548.000
2011-08-09,11.32,11.32,10.68,11.04,5844019,64193744.000
2011-08-10,11.26,11.48,10.97,11.03,4423046,49504616.000
2011-08-11,10.85,11.29,10.73,11.22,3833336,42390836.000
2011-08-12,11.25,11.51,11.16,11.30,4938359,56005856.000
2011-08-15,11.35,11.60,11.21,11.50,3128494,35920504.000
2011-08-16,11.43,11.56,11.20,11.28,3037996,34491452.000
2011-08-17,11.28,11.48,11.01,11.33,2847627,32147348.000
2011-08-18,11.22,11.44,11.08,11.14,1922797,21634752.000
2011-08-19,10.88,11.20,10.78,11.09,1923890,21201636.000
2011-08-22,11.10,11.40,11.05,11.15,1411270,15749964.000
2011-08-23,11.18,11.40,11.12,11.39,2206502,24894184.000
2011-08-24,11.41,11.78,11.37,11.50,6551541,76046320.000
2011-08-25,11.51,11.63,11.41,11.60,3617570,41740208.000
2011-08-26,11.63,11.76,11.53,11.59,2369000,27519104.000
2011-08-29,11.56,11.56,11.20,11.23,2739787,31090548.000
2011-08-30,11.25,11.41,11.08,11.17,2451841,27610156.000
2011-08-31,11.13,11.30,11.11,11.17,1540321,17206712.000
2011-09-01,11.29,11.29,10.88,10.95,2037928,22494826.000
2011-09-02,10.90,10.97,10.47,10.48,3279140,34887512.000
2011-09-05,10.20,10.54,10.09,10.27,1307911,13519986.000
2011-09-06,10.27,10.48,10.25,10.32,1816301,18820162.000
2011-09-07,10.36,10.60,10.35,10.53,1749673,18359968.000
2011-09-08,10.60,10.60,10.31,10.32,1644499,17174784.000
2011-09-09,10.32,10.43,9.99,10.04,2745062,27757044.000
2011-09-13,10.07,10.15,9.85,10.13,1722293,17310812.000
2011-09-14,10.20,10.24,9.98,10.17,1310387,13235183.000
2011-09-15,10.20,11.09,10.16,10.74,6574259,70274680.000
2011-09-16,10.65,10.83,10.60,10.75,3389881,36292744.000
2011-09-19,10.55,10.72,10.40,10.42,1305098,13717777.000
2011-09-20,10.49,10.70,10.40,10.58,1462350,15464623.000
2011-09-21,10.67,10.87,10.42,10.82,3046687,32714164.000
2011-09-22,10.70,10.82,10.48,10.50,2353042,25067482.000
2011-09-23,10.38,10.49,10.23,10.47,1195757,12391382.000
2011-09-26,10.45,10.61,10.27,10.32,1030367,10726445.000
2011-09-27,10.39,10.44,10.25,10.32,1073937,11097332.000
2011-09-28,10.36,10.40,9.99,10.00,1430189,14506434.000
2011-09-29,10.00,10.07,9.75,9.77,1759830,17409324.000
2011-09-30,9.78,9.88,9.63,9.72,767291,7459191.000
2011-10-10,9.80,9.91,9.66,9.83,1065896,10442541.000
2011-10-11,10.12,10.24,9.40,9.77,2394406,23406044.000
2011-10-12,9.80,10.20,9.57,10.15,2869664,28755448.000
2011-10-13,10.14,10.41,10.06,10.29,2740311,28137802.000
2011-10-14,10.19,10.35,9.95,10.11,1972448,20021396.000
2011-10-17,10.09,10.50,10.05,10.30,1714018,17707478.000
2011-10-18,10.40,10.42,10.08,10.09,2397935,24699698.000
2011-10-19,10.09,10.26,9.78,9.84,1620386,16311089.000
2011-10-20,9.89,9.95,9.51,9.63,1620584,15680491.000
2011-10-21,9.55,9.72,9.45,9.54,1336895,12786427.000
2011-10-24,9.54,9.68,9.42,9.68,782297,7489953.000
2011-10-25,9.67,9.94,9.66,9.89,2003495,19707174.000
2011-10-26,9.76,10.10,9.73,9.90,2334832,23182800.000
2011-10-27,9.90,10.10,9.85,9.86,1348150,13414210.000
2011-10-28,9.98,10.23,9.94,10.20,2983672,30131664.000
2011-10-31,10.37,10.37,10.00,10.21,2518742,25629524.000
2011-11-01,10.10,10.30,10.04,10.12,1855912,18880340.000
2011-11-02,9.99,10.48,9.93,10.40,3595343,36654876.000
2011-11-03,10.39,10.62,10.31,10.46,4822330,50369192.000
2011-11-04,10.55,10.55,10.25,10.38,3227238,33471556.000
2011-11-07,10.33,10.50,10.33,10.38,1136041,11820973.000
2011-11-08,10.38,10.43,10.12,10.15,1509679,15496657.000
2011-11-09,10.26,10.26,9.94,10.19,2351541,23674844.000
2011-11-10,10.01,10.13,9.95,9.97,1699015,17043692.000
2011-11-11,9.98,10.15,9.92,10.02,2367339,23686524.000
2011-11-15,10.20,10.82,10.15,10.52,5647519,59583636.000
2011-11-16,10.54,10.70,10.33,10.63,5878897,62204644.000
2011-11-17,10.60,10.84,10.56,10.67,5639644,60517200.000
2011-11-18,10.64,10.65,10.18,10.27,2878014,29922278.000
2011-11-21,10.30,10.60,10.20,10.58,1870039,19437808.000
2011-11-22,10.53,10.97,10.45,10.88,6053834,65217212.000
2011-11-23,10.81,10.93,10.60,10.66,2536140,27242940.000
2011-11-24,10.60,11.22,10.55,11.01,7854001,86577416.000
2011-11-25,11.02,11.21,10.91,11.03,5007351,55444940.000
2011-11-28,11.00,11.16,10.73,10.96,4098181,44548536.000
2011-11-29,11.03,11.09,10.83,11.03,3739601,40996788.000
2011-11-30,11.03,11.22,10.46,10.57,5637275,61310020.000
2011-12-01,10.87,10.89,10.66,10.78,3523849,37949868.000
2011-12-02,10.68,10.76,9.91,9.98,4812830,49618000.000
2011-12-05,9.99,10.00,9.45,9.52,3394355,32800552.000
2011-12-06,9.49,9.93,9.45,9.81,2708731,26068796.000
2011-12-07,9.80,10.03,9.61,9.93,3425694,33573280.000
2011-12-08,9.84,10.25,9.63,9.72,5545621,54067648.000
2011-12-09,9.61,9.61,9.00,9.05,4652865,42926544.000
2011-12-12,9.05,9.24,8.91,8.93,1730009,15728349.000
2011-12-13,8.88,8.89,8.28,8.32,2560104,21678872.000
2011-12-14,8.34,8.46,8.21,8.28,1175635,9789864.000
2011-12-15,8.25,8.30,7.88,7.96,1809926,14645828.000
2011-12-16,7.97,8.35,7.96,8.32,1882739,15314265.000
2011-12-19,8.29,8.32,8.04,8.25,1468959,11991606.000
2011-12-20,8.13,8.35,8.13,8.28,1252937,10362099.000
2011-12-21,8.35,8.41,8.00,8.00,1554029,12855330.000
2011-12-22,7.90,7.90,7.36,7.60,2167163,16454861.000
2011-12-23,7.60,8.15,7.52,7.75,1916465,15011636.000
2011-12-26,7.75,7.85,7.64,7.65,978099,7567639.000
2011-12-27,7.65,7.68,7.27,7.31,1266489,9436161.000
2011-12-28,7.25,7.47,6.95,7.44,1805617,12899941.000
2011-12-29,7.24,7.58,7.24,7.35,1223846,9094046.000
2011-12-30,7.36,7.48,7.35,7.40,937815,6945730.000
2012-01-04,7.47,7.48,7.03,7.07,1063301,7719821.000
2012-01-05,7.01,7.16,6.85,6.86,1175200,8264072.000
2012-01-06,6.85,6.90,6.17,6.40,3954912,25164030.000
2012-01-09,6.30,6.64,6.21,6.64,2515784,16290660.000
2012-01-10,6.60,7.25,6.55,7.02,4027277,28009156.000
2012-01-11,7.02,7.24,6.92,7.14,2885513,20593420.000
2012-01-12,7.01,7.33,7.01,7.07,1911322,13719790.000
2012-01-13,7.10,7.22,6.71,6.81,1797078,12411667.000
2012-01-16,6.79,6.79,6.48,6.52,1010715,6709946.000
2012-01-18,7.00,7.08,6.70,6.77,2536220,17470500.000
2012-01-19,6.80,6.84,6.65,6.79,1313927,8886101.000
2012-01-20,6.80,6.91,6.75,6.84,1257159,8611982.000
2012-01-30,6.85,7.20,6.81,7.14,2609184,18435808.000
2012-01-31,7.13,7.23,7.02,7.22,1389437,9903327.000
2012-02-01,7.22,7.29,7.10,7.16,1358046,9763140.000
2012-02-02,7.09,7.27,7.09,7.19,1593128,11466111.000
2012-02-03,7.20,7.48,7.15,7.37,3537664,26066428.000
2012-02-06,7.35,7.45,7.30,7.36,2281840,16834070.000
2012-02-07,7.33,7.33,7.10,7.17,1708982,12269291.000
2012-02-08,7.15,7.42,7.15,7.38,1819322,13347003.000
2012-02-09,7.33,7.72,7.33,7.55,3373703,25561556.000
2012-02-10,7.58,7.80,7.54,7.68,3435789,26425600.000
2012-02-13,7.62,7.95,7.57,7.82,3506684,27254716.000
2012-02-14,7.83,8.03,7.78,7.89,3747524,29707624.000
2012-02-15,7.80,7.97,7.76,7.93,2947717,23251304.000
2012-02-16,7.90,7.94,7.75,7.88,2622759,20554320.000
2012-02-17,7.85,7.95,7.72,7.79,2873829,22401590.000
2012-02-20,7.87,7.93,7.79,7.80,3030552,23803520.000
2012-02-21,7.80,7.90,7.70,7.89,2060698,16137438.000
2012-02-22,7.92,8.15,7.85,8.08,4443418,35683868.000
2012-02-23,8.08,8.33,8.03,8.19,5143363,42003360.000
2012-02-24,8.15,8.20,8.03,8.18,3133678,25515774.000
2012-02-27,8.20,8.34,8.12,8.17,4171443,34311856.000
2012-02-28,8.10,8.20,7.91,8.01,3507346,28191032.000
2012-02-29,8.12,8.18,7.96,8.05,1881897,15159628.000
2012-03-01,8.05,8.27,7.98,8.26,2936286,24012736.000
2012-03-02,8.27,8.33,8.19,8.32,2471607,20449000.000
2012-03-05,8.37,9.15,8.34,8.95,10748422,95225648.000
2012-03-06,8.88,9.50,8.75,9.31,14621515,134157576.000
2012-03-07,9.11,9.69,9.01,9.25,12118431,111827536.000
2012-03-08,9.14,9.28,9.03,9.07,5962046,54256428.000
2012-03-09,9.07,9.08,8.82,8.96,4777578,42564464.000
2012-03-12,8.97,9.12,8.93,9.01,2883130,25998040.000
2012-03-13,9.02,9.06,8.88,8.98,2333725,20908998.000
2012-03-14,9.00,9.13,8.26,8.33,6325458,55449816.000
2012-03-15,8.27,8.39,7.90,8.15,3468893,28236930.000
2012-03-16,8.16,8.27,8.10,8.26,2636101,21591076.000
2012-03-19,8.27,8.47,8.20,8.45,2173480,18192544.000
2012-03-20,8.46,8.51,8.20,8.21,1915026,15943977.000
2012-03-21,8.16,8.34,8.11,8.23,1763720,14500768.000
2012-03-22,8.24,8.29,8.08,8.14,1624035,13251966.000
2012-03-23,8.14,8.14,7.88,7.92,1336452,10661557.000
2012-03-26,8.00,8.05,7.81,7.94,1105131,8749415.000
2012-03-27,7.96,8.03,7.92,7.98,879660,7016348.000
2012-03-28,7.88,7.98,7.70,7.70,1640288,12795929.000
2012-03-29,7.70,8.39,7.53,8.24,3091145,24538952.000
2012-03-30,8.12,8.48,8.03,8.17,3461377,28230800.000
2012-04-05,8.00,8.33,8.00,8.32,2565017,20999548.000
2012-04-06,8.26,8.56,8.15,8.54,3374723,28130396.000
2012-04-09,8.45,8.58,8.10,8.20,2841615,23929560.000
2012-04-10,8.10,8.20,7.84,8.19,1857642,14906812.000
2012-04-11,8.12,8.25,8.04,8.14,1651937,13447718.000
2012-04-12,8.50,8.85,8.41,8.77,6959845,60036992.000
2012-04-13,8.60,8.82,8.48,8.56,4657799,40266344.000
2012-04-16,8.55,8.74,8.42,8.60,2733462,23530544.000
2012-04-17,8.68,8.68,8.40,8.41,2046549,17375412.000
2012-04-18,8.45,8.55,8.22,8.52,2732315,23007232.000
2012-04-19,8.46,8.81,8.44,8.72,4221921,36638204.000
2012-04-20,8.63,8.77,8.61,8.69,2955621,25687532.000
2012-04-23,8.61,8.74,8.50,8.60,1933106,16642378.000
2012-04-24,8.52,8.60,8.10,8.34,2092618,17422082.000
2012-04-25,8.30,8.48,8.21,8.32,2229847,18650764.000
2012-04-26,8.32,8.96,8.15,8.73,5412972,46769372.000
2012-04-27,8.69,8.69,8.34,8.38,2832873,24072838.000
2012-05-02,8.49,8.59,8.41,8.51,2510843,21362216.000
2012-05-03,8.41,8.74,8.41,8.69,3196625,27708914.000
2012-05-04,8.69,8.89,8.60,8.86,3914756,34479468.000
2012-05-07,8.87,9.18,8.80,9.03,4879180,44015208.000
2012-05-08,9.00,9.07,8.81,8.87,2563429,22787930.000
2012-05-09,8.75,8.79,8.61,8.62,2085615,18119096.000
2012-05-10,8.61,8.78,8.60,8.69,1079309,9385637.000
2012-05-11,8.63,8.86,8.62,8.71,1429931,12497746.000
2012-05-14,8.82,8.83,8.60,8.61,2032718,17723924.000
2012-05-15,8.61,8.61,8.36,8.46,1561669,13193444.000
2012-05-16,8.50,8.56,8.38,8.49,1369197,11593126.000
2012-05-17,8.48,8.76,8.43,8.69,2437405,21043978.000
2012-05-21,8.72,8.85,8.45,8.77,3442405,29812718.000
2012-05-22,8.71,8.85,8.67,8.79,2264687,19831508.000
2012-05-23,8.79,8.93,8.67,8.91,3770279,33246308.000
2012-05-24,8.88,9.07,8.82,8.91,4523066,40568648.000
2012-05-25,8.90,8.97,8.62,8.68,2703501,23810996.000
2012-05-28,8.66,8.68,8.21,8.59,3147053,26586706.000
2012-05-29,8.60,8.72,8.53,8.71,2348460,20286940.000
2012-05-30,8.71,8.82,8.61,8.67,1714651,14920067.000
2012-05-31,8.59,8.65,8.45,8.49,2142247,18267932.000
2012-06-01,8.61,9.14,8.57,8.84,7754213,68952144.000
2012-06-04,8.60,8.66,8.35,8.37,3853520,32827922.000
2012-06-05,8.38,8.49,8.25,8.27,1671043,13937454.000
2012-06-06,8.31,8.40,8.20,8.28,1238413,10253560.000
2012-06-07,8.40,8.45,8.20,8.28,1031013,8556682.000
2012-06-08,8.36,8.38,8.15,8.18,1101380,9085709.000
2012-06-11,8.10,8.30,8.00,8.24,1221036,9959605.000
2012-06-12,8.20,8.29,8.16,8.19,855003,7016179.000
2012-06-13,8.19,8.33,8.19,8.27,840460,6941092.000
2012-06-14,8.30,8.38,8.25,8.28,1043650,8668370.000
2012-06-15,8.29,8.36,8.12,8.21,1001599,8239304.000
2012-06-18,8.25,8.30,8.20,8.22,969688,7972302.000
2012-06-19,8.21,8.24,8.10,8.12,1353491,11016443.000
2012-06-20,8.12,8.15,7.90,7.94,1735440,13877510.000
2012-06-21,7.91,8.03,7.61,7.67,1467595,11413051.000
2012-06-25,7.66,7.85,7.56,7.64,1221670,9409285.000
2012-06-26,7.62,7.62,7.30,7.37,1976143,14614574.000
2012-06-27,7.40,7.46,7.26,7.27,957953,7061555.000
2012-06-28,7.36,7.36,7.16,7.17,1028631,7435815.000
2012-06-29,7.14,7.31,7.01,7.30,851074,6167635.000
2012-07-02,7.37,7.40,7.26,7.38,746410,5477436.000
2012-07-03,7.24,7.40,7.19,7.28,906246,6616692.000
2012-07-04,7.31,7.51,7.23,7.42,1547000,11468326.000
2012-07-05,7.39,7.40,7.12,7.15,765200,5541210.000
2012-07-06,7.15,7.27,7.01,7.18,866600,6176040.000
2012-07-09,7.20,7.20,7.02,7.03,698381,4962488.000
2012-07-10,7.02,7.03,6.60,6.78,1046508,7121943.000
2012-07-11,6.81,7.08,6.73,6.93,1029698,7116020.000
2012-07-12,6.87,6.93,6.70,6.88,1737774,11846686.000
2012-07-13,6.89,6.92,6.68,6.70,1057597,7146133.000
2012-07-16,6.73,6.74,6.32,6.33,1214683,7869599.000
2012-07-17,6.32,6.41,6.28,6.35,748803,4749389.000
2012-07-18,6.34,6.35,6.20,6.35,1029202,6468340.000
2012-07-19,6.34,6.56,6.33,6.47,1145790,7434889.000
2012-07-20,6.47,6.60,6.41,6.50,905000,5895327.000
2012-07-23,6.41,6.49,6.33,6.43,669970,4292481.000
2012-07-24,6.36,6.69,6.36,6.64,969231,6354604.000
2012-07-25,6.64,6.96,6.57,6.78,2264410,15379059.000
2012-07-26,6.68,6.80,6.57,6.59,1161477,7761834.000
2012-07-27,6.50,6.68,6.50,6.52,745310,4900209.000
2012-07-30,6.55,6.55,6.21,6.24,1126843,7121860.000
2012-07-31,6.34,6.35,5.89,6.00,841908,5068543.000
2012-08-01,6.00,6.19,6.00,6.12,376044,2296139.000
2012-08-02,6.10,6.16,5.98,6.05,473523,2864691.000
2012-08-03,6.03,6.15,6.03,6.13,516600,3157467.000
2012-08-06,6.12,6.35,6.08,6.32,976954,6102509.000
2012-08-07,6.32,6.74,6.30,6.67,3272644,21419016.000
2012-08-08,6.60,6.66,6.45,6.54,1264128,8255354.000
2012-08-09,6.52,6.65,6.42,6.61,1134028,7455379.000
2012-08-10,6.60,7.26,6.60,6.87,5144446,35832120.000
2012-08-13,6.83,7.05,6.73,6.96,1989920,13700639.000
2012-08-14,6.91,7.64,6.78,7.42,3091509,21993256.000
2012-08-15,7.44,8.10,7.25,7.26,8930441,68133064.000
2012-08-16,7.26,7.36,6.85,6.91,5402959,37627124.000
2012-08-17,6.89,6.89,6.59,6.65,2202189,14692170.000
2012-08-20,6.61,6.70,6.49,6.66,1691598,11174163.000
2012-08-21,6.66,6.84,6.66,6.75,1474420,9978856.000
2012-08-22,6.69,6.81,6.67,6.68,988345,6648292.000
2012-08-23,6.68,6.79,6.66,6.76,922443,6209463.000
2012-08-24,6.76,6.78,6.59,6.64,1151363,7669446.000
2012-08-27,6.48,6.64,6.32,6.33,1134358,7323131.000
2012-08-28,6.40,6.48,6.32,6.47,617584,3948608.000
2012-08-29,6.45,6.74,6.45,6.61,989639,6528833.000
2012-08-30,6.63,6.92,6.53,6.88,2599140,17584984.000
2012-08-31,6.78,6.95,6.75,6.81,935546,6379469.000
2012-09-03,6.81,6.86,6.63,6.82,1216464,8252875.000
2012-09-04,6.86,6.91,6.58,6.61,1094534,7316348.000
2012-09-05,6.60,6.65,6.50,6.56,692950,4560767.000
2012-09-06,6.56,6.66,6.53,6.60,807641,5321454.000
2012-09-07,6.60,6.88,6.60,6.84,1908989,12979898.000
2012-09-10,6.76,7.09,6.76,7.04,3096167,21662352.000
2012-09-11,7.04,7.05,6.83,6.89,2139730,14710784.000
2012-09-12,6.96,7.20,6.90,7.13,3216648,22755036.000
2012-09-13,7.11,7.13,6.89,6.90,1819249,12762621.000
2012-09-14,6.91,7.02,6.80,6.87,1324248,9128702.000
2012-09-17,6.89,6.89,6.57,6.58,1184500,7934361.000
2012-09-18,6.55,6.67,6.50,6.59,746326,4925197.000
2012-09-19,6.61,6.68,6.59,6.65,447251,2964931.000
2012-09-20,6.65,6.65,6.30,6.37,1091349,7039169.000
2012-09-21,6.38,6.47,6.19,6.25,709143,4507183.000
2012-09-24,6.28,6.35,6.21,6.32,612455,3857924.000
2012-09-25,6.43,6.43,6.27,6.31,654753,4166578.000
2012-09-26,6.31,6.36,6.11,6.17,479639,2972938.000
2012-09-27,6.17,6.42,6.17,6.27,1557541,9733376.000
2012-09-28,6.27,6.37,6.27,6.36,662741,4198381.000
2012-10-08,6.44,6.65,6.36,6.48,1396070,9079594.000
2012-10-09,6.43,6.60,6.41,6.59,1857173,12153685.000
2012-10-10,6.52,6.71,6.52,6.68,1789985,11945674.000
2012-10-11,6.65,6.75,6.51,6.51,1333183,8856876.000
2012-10-12,6.55,6.70,6.46,6.53,891528,5849608.000
2012-10-15,6.53,6.53,6.28,6.40,798311,5091965.000
2012-10-16,6.41,6.51,6.33,6.45,632275,4072871.000
2012-10-17,6.50,6.59,6.35,6.58,906561,5877871.000
2012-10-18,6.62,6.71,6.58,6.61,2535392,16848328.000
2012-10-19,6.65,6.67,6.50,6.58,949541,6239987.000
2012-10-22,6.52,6.62,6.52,6.61,924558,6084373.000
2012-10-23,6.63,6.93,6.60,6.66,3468557,23464680.000
2012-10-24,6.60,6.65,6.48,6.58,1183038,7778270.000
2012-10-25,6.56,6.65,6.50,6.56,1114840,7326319.000
2012-10-26,6.52,6.65,6.31,6.41,1165373,7529680.000
2012-10-29,6.38,6.55,6.26,6.37,2175940,13896282.000
2012-10-30,6.37,6.39,6.11,6.20,1190004,7444659.000
2012-10-31,6.20,6.26,6.08,6.20,1093545,6738684.000
2012-11-01,6.20,6.40,6.20,6.39,1483779,9391062.000
2012-11-02,6.39,6.74,6.35,6.64,3276575,21476280.000
2012-11-05,6.56,6.64,6.45,6.50,1972548,12855715.000
2012-11-06,6.55,6.55,6.35,6.43,855391,5491826.000
2012-11-07,6.37,6.49,6.37,6.44,711110,4575370.000
2012-11-08,6.38,6.38,6.20,6.25,1258898,7904762.000
2012-11-09,6.11,6.30,6.10,6.27,613508,3837552.000
2012-11-12,6.38,6.38,6.28,6.32,409600,2585867.000
2012-11-13,6.38,6.38,6.18,6.33,761215,4767594.000
2012-11-14,6.37,6.77,6.31,6.73,4693001,30791220.000
2012-11-15,6.56,6.62,6.36,6.42,2893308,18860928.000
2012-11-16,6.41,6.41,6.17,6.22,1228203,7672947.000
2012-11-19,6.22,6.27,6.17,6.26,660958,4116864.000
2012-11-20,6.30,6.30,6.20,6.25,573566,3576423.000
2012-11-21,6.25,6.38,6.24,6.36,2134040,13451738.000
2012-11-22,6.30,6.34,6.21,6.23,821396,5131852.000
2012-11-23,6.26,6.34,6.20,6.30,689854,4318385.000
2012-11-26,6.33,6.43,6.22,6.26,929220,5898945.000
2012-11-27,6.23,6.28,6.00,6.02,1048148,6420651.000
2012-11-28,6.02,6.10,5.83,5.88,790394,4706321.000
2012-11-29,5.90,5.97,5.59,5.67,702361,4055850.000
2012-11-30,5.71,5.83,5.71,5.78,496444,2867786.000
2012-12-03,5.73,5.75,5.52,5.58,1142600,6418425.000
2012-12-04,5.58,5.58,5.34,5.54,1346582,7354641.000
2012-12-05,5.58,5.82,5.48,5.79,1893503,10814456.000
2012-12-06,5.79,5.88,5.65,5.80,1357321,7792284.000
2012-12-07,5.78,5.96,5.73,5.89,1382730,8122121.000
2012-12-10,5.88,6.30,5.85,6.14,2350810,14240938.000
2012-12-11,6.08,6.14,5.95,6.07,1320533,7978054.000
2012-12-12,6.02,6.09,5.93,6.01,936940,5613847.000
2012-12-13,6.01,6.05,5.94,5.95,810955,4862289.000
2012-12-14,6.00,6.25,5.95,6.15,2787800,17103332.000
2012-12-17,6.22,6.50,6.11,6.48,4519989,28660864.000
2012-12-18,6.48,6.49,6.34,6.43,3640918,23338056.000
2012-12-19,6.39,6.44,6.32,6.42,1400866,8958109.000
2012-12-20,6.46,6.46,6.28,6.38,1185452,7526443.000
2012-12-21,6.36,6.44,6.30,6.34,1848490,11744633.000
2012-12-24,6.31,6.36,6.27,6.33,1204475,7604161.000
2012-12-25,6.33,6.88,6.27,6.80,8981301,59582176.000
2012-12-26,6.70,6.87,6.67,6.83,4919690,33339310.000
2012-12-27,6.75,6.80,6.58,6.61,4131218,27515908.000
2012-12-28,6.58,6.65,6.54,6.64,1443001,9528375.000
2012-12-31,6.61,6.72,6.57,6.61,1098612,7285260.000
2013-01-04,6.65,6.87,6.61,6.76,3548311,24002764.000
2013-01-07,6.75,6.85,6.72,6.80,1899926,12908400.000
2013-01-08,6.75,6.90,6.72,6.89,2281121,15602232.000
2013-01-09,6.88,7.11,6.83,6.99,4395126,30599986.000
2013-01-10,7.61,7.63,6.90,7.01,5740152,41324972.000
2013-01-11,6.90,7.01,6.57,6.63,3681531,24929844.000
2013-01-14,6.60,6.87,6.43,6.77,2647786,17837120.000
2013-01-15,6.80,7.08,6.77,7.01,3557365,24661096.000
2013-01-23,7.30,7.37,6.71,6.87,6303446,44325960.000
2013-01-24,6.71,6.88,6.51,6.54,3848185,25635544.000
2013-01-25,6.49,6.57,6.41,6.42,1348192,8725002.000
2013-01-28,6.31,6.62,6.31,6.59,1252647,8141699.000
2013-01-29,6.55,6.75,6.55,6.69,2147990,14280810.000
2013-01-30,6.66,6.68,6.53,6.59,1471204,9711835.000
2013-01-31,6.62,6.65,6.53,6.60,1259595,8301381.000
2013-02-01,6.55,6.61,6.54,6.59,1162213,7644097.000
2013-02-04,6.60,6.65,6.43,6.43,1443999,9424652.000
2013-02-05,6.42,6.56,6.38,6.52,1146139,7455492.000
2013-02-06,6.50,6.56,6.45,6.53,1351528,8799214.000
2013-02-07,6.56,6.56,6.39,6.46,1732547,11153761.000
2013-02-08,6.48,6.58,6.40,6.55,2079388,13505254.000
2013-02-18,6.56,6.64,6.54,6.60,1817120,11982616.000
2013-02-19,6.63,6.65,6.54,6.61,2187698,14432532.000
2013-02-20,6.60,6.73,6.57,6.70,2175180,14502648.000
2013-02-21,6.68,6.89,6.65,6.69,4973057,33610012.000
2013-02-22,6.70,6.78,6.65,6.67,1951509,13107385.000
2013-02-25,6.68,6.70,6.57,6.67,1801448,11944013.000
2013-02-26,6.67,6.84,6.61,6.67,2723629,18368556.000
2013-02-27,6.69,6.88,6.61,6.86,2851404,19379572.000
2013-02-28,6.84,6.96,6.79,6.91,3130341,21557776.000
2013-03-01,6.87,6.95,6.80,6.92,2261713,15554872.000
2013-03-04,6.91,6.91,6.50,6.60,3002083,20100200.000
2013-03-05,6.65,6.73,6.55,6.69,1398998,9297326.000
2013-03-06,6.69,6.81,6.66,6.78,2040375,13774474.000
2013-03-07,6.80,7.15,6.71,7.03,5951128,41222224.000
2013-03-08,6.97,7.26,6.90,7.06,6219651,43848016.000
2013-03-11,7.06,7.25,6.94,7.20,9400792,67154288.000
2013-03-12,7.03,7.22,6.75,6.87,5406120,37898768.000
2013-03-13,6.90,6.94,6.75,6.88,2633620,18027314.000
2013-03-14,6.90,6.94,6.73,6.75,1923942,13111927.000
2013-03-15,6.73,6.80,6.62,6.67,2523748,16866068.000
2013-03-18,6.67,6.67,6.36,6.38,2326547,15196267.000
2013-03-19,6.33,6.49,6.33,6.48,2108782,13512414.000
2013-03-20,6.48,6.65,6.40,6.60,3616352,23525366.000
2013-03-21,6.55,6.96,6.50,6.77,4227355,28715680.000
2013-03-22,6.69,6.75,6.64,6.70,2276557,15225175.000
2013-03-25,6.70,6.80,6.67,6.78,1354434,9119230.000
2013-03-26,6.78,6.78,6.52,6.65,1573342,10411988.000
2013-03-27,6.65,6.68,6.54,6.59,950109,6273926.000
2013-03-28,6.53,6.53,6.35,6.35,1554100,9972028.000
2013-03-29,6.40,6.50,6.36,6.46,920992,5918924.000
2013-04-01,6.41,6.50,6.39,6.44,894601,5761298.000
2013-04-02,6.42,6.48,6.39,6.41,936312,6029377.000
2013-04-03,6.46,6.47,6.19,6.24,1135458,7134465.000
2013-04-08,6.20,6.28,6.12,6.28,692040,4289891.000
2013-04-09,6.28,6.50,6.22,6.42,1375811,8837379.000
2013-04-10,6.39,6.45,6.30,6.39,753038,4799736.000
2013-04-11,6.42,6.46,6.33,6.34,818554,5226787.000
2013-04-12,6.37,6.40,6.24,6.28,728385,4581769.000
2013-04-15,6.28,6.31,6.10,6.14,815895,5022240.000
2013-04-16,6.03,6.22,6.01,6.19,407705,2506451.000
2013-04-17,6.24,6.24,6.16,6.23,421773,2616036.000
2013-04-18,6.23,6.25,6.16,6.23,721718,4481367.000
2013-04-19,6.23,6.45,6.23,6.36,1186755,7542341.000
2013-04-22,6.31,6.35,6.27,6.33,665779,4198727.000
2013-04-23,6.36,6.41,6.10,6.16,1247567,7816094.000
2013-04-24,6.17,6.26,6.12,6.20,841464,5216990.000
2013-04-25,6.20,6.23,6.09,6.10,899702,5527657.000
2013-04-26,6.12,6.14,6.01,6.03,723300,4379494.000
2013-05-02,6.03,6.12,6.03,6.07,469221,2848148.000
2013-05-03,6.07,6.20,6.00,6.15,1150462,7037813.000
2013-05-06,6.16,6.27,6.12,6.23,998412,6199244.000
2013-05-07,6.24,6.32,6.19,6.29,1147035,7181214.000
2013-05-08,6.28,6.31,6.24,6.28,851491,5343537.000
2013-05-09,6.28,6.35,6.20,6.29,1395605,8767599.000
2013-05-10,6.27,6.40,6.23,6.36,1640046,10394698.000
2013-05-13,6.34,6.41,6.26,6.41,1292453,8196067.000
2013-05-14,6.41,6.41,6.18,6.30,1538834,9661185.000
2013-05-15,6.24,6.33,6.24,6.30,761699,4800557.000
2013-05-16,6.34,6.38,6.27,6.35,1567427,9911554.000
2013-05-17,6.36,6.55,6.31,6.43,4409056,28335996.000
2013-05-20,6.40,6.72,6.35,6.67,5687471,37195184.000
2013-05-21,6.60,6.66,6.50,6.62,2911203,19208852.000
2013-05-22,6.60,6.80,6.56,6.69,4953351,33149116.000
2013-05-23,6.62,6.68,6.50,6.54,2991161,19672692.000
2013-05-24,6.52,6.59,6.52,6.54,1633205,10701336.000
2013-05-27,6.54,6.67,6.52,6.59,1561899,10317271.000
2013-05-28,6.59,6.73,6.52,6.71,3360380,22268534.000
2013-05-29,6.71,6.74,6.65,6.68,2117173,14165021.000
2013-05-30,6.66,6.83,6.63,6.77,3654605,24694622.000
2013-05-31,6.80,6.80,6.70,6.72,2553611,17203960.000
2013-06-03,6.69,6.74,6.50,6.56,2317636,15359639.000
2013-06-04,6.56,6.56,6.38,6.41,2132392,13761310.000
2013-06-05,6.41,6.49,6.40,6.48,951681,6128911.000
2013-06-06,6.41,6.46,6.30,6.38,1018885,6493622.000
2013-06-07,6.37,6.42,6.20,6.23,1255024,7922454.000
2013-06-13,6.18,6.23,6.02,6.10,820095,4989969.000
2013-06-14,6.11,6.18,6.10,6.15,1040363,6394225.000
2013-06-17,6.55,6.55,6.13,6.17,1916012,11884715.000
2013-06-18,6.18,6.20,6.07,6.13,796223,4879752.000
2013-06-19,6.10,6.17,6.08,6.13,788800,4821784.000
2013-06-20,6.06,6.14,5.97,5.98,766000,4637051.000
2013-06-21,5.99,5.99,5.75,5.84,998214,5805023.000
2013-06-24,5.84,5.85,5.26,5.35,1859049,10076223.000
2013-06-25,5.30,5.33,4.82,5.25,1511435,7712628.000
2013-06-26,5.24,5.30,5.08,5.20,1370623,7091576.000
2013-06-27,5.24,5.26,5.06,5.08,759400,3933755.000
2013-06-28,5.08,5.30,5.01,5.23,1063950,5509358.000
2013-07-01,5.19,5.39,5.10,5.30,1014510,5370086.000
2013-07-02,5.30,5.31,5.23,5.30,981307,5185848.000
2013-07-03,5.30,5.30,5.10,5.20,835302,4313811.000
2013-07-04,5.19,5.29,5.12,5.26,1075143,5634191.000
2013-07-05,5.61,5.79,5.61,5.79,4508901,25905768.000
2013-07-08,5.70,6.24,5.40,6.11,8535874,50046964.000
2013-07-09,5.84,6.35,5.84,6.07,6405975,38903184.000
2013-07-10,5.95,6.18,5.92,6.13,4413838,26765956.000
2013-07-11,6.12,6.23,6.02,6.15,4831218,29526572.000
2013-07-12,6.14,6.16,5.90,5.91,3553422,21435994.000
数据来源:通达信
