600301 *ST南化 日线
      日期	    开盘	    最高	    最低	    收盘	    成交量	    成交额
2007-01-11,3.97,4.12,3.92,3.97,3463748,15526510.000
2007-01-12,3.97,4.05,3.76,3.78,2879160,12482863.000
2007-01-15,3.75,4.20,3.75,4.20,3887822,17386112.000
2007-01-16,4.21,4.35,4.21,4.24,9222622,43576148.000
2007-01-17,4.25,4.55,4.25,4.52,6772480,33065012.000
2007-01-18,4.55,4.67,4.39,4.52,4570456,22731976.000
2007-01-19,4.65,4.93,4.58,4.69,6011163,30721272.000
2007-01-22,4.73,4.80,4.65,4.76,6218536,32145344.000
2007-01-23,4.78,4.83,4.65,4.81,5204905,26991522.000
2007-01-24,4.83,4.93,4.74,4.78,3348527,17595116.000
2007-01-25,4.75,4.75,4.55,4.61,3633478,18513208.000
2007-01-26,4.53,4.61,4.26,4.56,3483307,17062462.000
2007-01-29,4.60,4.79,4.50,4.78,3338690,17106528.000
2007-01-30,4.79,4.82,4.67,4.71,2740955,14234603.000
2007-01-31,4.69,4.70,4.44,4.47,2665690,13427635.000
2007-02-01,4.40,4.55,4.38,4.48,1754810,8641625.000
2007-02-02,4.53,4.68,4.45,4.54,2147156,10809135.000
2007-02-05,4.57,4.80,4.57,4.75,3248292,16761559.000
2007-02-06,4.75,4.95,4.75,4.86,3261125,17309028.000
2007-02-07,4.88,4.96,4.79,4.92,3146315,16700293.000
2007-02-08,4.90,5.04,4.85,5.03,4127346,22346892.000
2007-02-09,5.02,5.02,4.85,4.88,2560950,13769388.000
2007-02-12,4.88,5.04,4.87,4.96,2618304,14152133.000
2007-02-14,5.07,5.50,5.07,5.50,2616933,15234633.000
2007-02-15,5.85,6.10,5.65,6.07,10526189,66184892.000
2007-02-16,6.00,6.23,5.76,5.79,7281550,46981704.000
2007-02-26,5.75,6.13,5.75,6.11,4765422,30850604.000
2007-02-27,6.15,6.27,5.45,5.45,7352827,46478324.000
2007-02-28,5.33,5.95,5.33,5.93,5159981,31663528.000
2007-03-01,5.93,5.93,5.56,5.68,4945334,30615628.000
2007-03-02,5.70,5.78,5.62,5.67,3429087,21075796.000
2007-03-05,5.67,5.91,5.55,5.68,5707315,35339896.000
2007-03-06,5.68,5.79,5.60,5.72,2932886,17978020.000
2007-03-07,5.71,5.81,5.70,5.78,3319658,20606826.000
2007-03-08,5.78,5.93,5.73,5.90,3400367,21416902.000
2007-03-09,5.95,5.97,5.74,5.79,3428508,21504136.000
2007-03-12,5.82,6.12,5.75,6.10,5109815,32795806.000
2007-03-13,6.07,6.48,6.03,6.36,8301573,56281248.000
2007-03-14,6.30,6.47,5.83,6.26,7381003,49457316.000
2007-03-15,6.24,6.45,6.24,6.36,4213132,28715480.000
2007-03-16,6.38,6.43,6.00,6.09,5258631,34768864.000
2007-03-19,5.85,6.15,5.76,6.04,3516051,22748390.000
2007-03-20,6.07,6.27,6.05,6.25,2675817,17770080.000
2007-03-21,6.28,6.45,6.22,6.44,4731050,32193756.000
2007-03-22,6.55,6.83,6.35,6.62,7992453,56745180.000
2007-03-23,6.63,6.87,6.50,6.83,6296856,44919012.000
2007-03-26,6.85,7.13,6.83,6.97,5199274,38647828.000
2007-03-27,6.95,7.18,6.90,7.12,4091630,30550700.000
2007-03-28,7.07,7.15,6.64,6.93,6544226,48180844.000
2007-03-29,6.93,6.93,6.56,6.57,4712493,33863448.000
2007-03-30,6.57,6.78,6.50,6.69,2719106,19387932.000
2007-04-02,6.69,6.92,6.69,6.92,2682041,19509658.000
2007-04-03,7.02,7.02,6.92,6.98,2188606,16239619.000
2007-04-04,7.03,7.14,6.88,7.09,3732790,27875460.000
2007-04-05,7.12,7.50,6.97,7.39,5073233,39397668.000
2007-04-06,7.29,7.70,7.24,7.69,5041975,40702960.000
2007-04-09,7.73,7.81,7.62,7.80,5665360,46238092.000
2007-04-10,7.80,7.83,7.46,7.74,4919887,40026228.000
2007-04-11,7.75,8.55,7.75,8.32,11335200,97455920.000
2007-04-12,8.25,9.00,8.10,8.79,10494948,95182744.000
2007-04-13,8.75,8.95,8.55,8.71,10614209,98083144.000
2007-04-16,8.71,8.89,8.62,8.79,7744195,71214688.000
2007-04-17,8.83,8.95,8.63,8.88,9723678,89682432.000
2007-04-18,8.92,9.45,8.76,9.18,12522208,118396688.000
2007-04-19,9.15,9.15,8.22,8.30,9115161,83012736.000
2007-04-20,8.28,8.85,8.28,8.74,5265431,47931540.000
2007-04-23,8.86,9.38,8.86,9.25,9266412,89023272.000
2007-04-24,9.25,9.42,9.08,9.31,11081611,108004968.000
2007-04-25,9.25,9.79,9.07,9.75,16714875,165443824.000
2007-04-26,9.73,9.94,9.53,9.63,8309901,84157664.000
2007-04-27,9.45,9.55,9.25,9.40,8806970,86386936.000
2007-04-30,9.36,9.56,9.15,9.51,9858058,96369648.000
2007-05-08,9.75,9.85,9.58,9.66,15779958,160102400.000
2007-05-09,9.66,9.69,9.03,9.39,9349286,91821024.000
2007-05-10,9.35,9.71,9.25,9.65,8746135,87496392.000
2007-05-11,9.70,10.23,9.51,9.98,14276785,147523536.000
2007-05-14,9.75,9.97,9.58,9.70,7251940,74100296.000
2007-05-15,9.75,9.91,9.06,9.12,7336565,72668880.000
2007-05-16,9.06,9.34,8.78,9.27,5034092,48002356.000
2007-05-17,9.30,9.63,9.30,9.50,4873790,48155792.000
2007-05-18,9.52,9.55,9.29,9.44,7633827,75084128.000
2007-05-21,9.30,10.43,9.15,10.43,15867802,165330896.000
2007-05-22,10.75,11.52,10.70,11.19,29812022,344009408.000
2007-05-23,11.18,11.19,10.75,11.07,12529454,143503888.000
2007-05-24,11.10,11.23,10.60,10.94,9622165,109121848.000
2007-05-25,10.85,11.10,10.80,10.91,8012558,91235568.000
2007-05-28,10.92,11.35,10.92,11.02,10407543,120457480.000
2007-05-29,11.15,11.22,10.86,11.03,7402674,84623832.000
2007-05-30,10.35,11.10,9.88,9.88,9730089,105222808.000
2007-05-31,9.60,9.94,8.85,9.01,8921198,85156816.000
2007-06-01,9.05,9.25,8.06,8.06,8387780,75351264.000
2007-06-04,8.06,8.27,7.23,7.65,10464722,84465448.000
2007-06-05,7.65,8.46,7.37,8.40,9430010,78688264.000
2007-06-06,8.41,8.70,8.06,8.37,8067061,71893864.000
2007-06-07,8.25,8.86,8.23,8.85,6252678,56467952.000
2007-06-08,8.82,8.99,8.61,8.68,5851184,53888696.000
2007-06-11,8.65,9.10,8.55,8.90,7394712,68302208.000
2007-06-12,8.77,9.10,8.37,9.08,6353387,58759352.000
2007-06-13,9.12,9.79,8.98,9.63,10936249,108867376.000
2007-06-14,9.68,9.69,9.20,9.25,6327510,62415292.000
2007-06-15,9.35,10.15,9.26,9.81,10704784,109260032.000
2007-06-18,10.05,10.84,10.05,10.84,7052083,77930040.000
2007-06-19,11.25,11.85,11.11,11.47,21984867,261658960.000
2007-06-20,11.42,11.77,10.77,10.87,11589699,136346832.000
2007-06-21,10.82,11.12,10.25,10.79,7695275,85746944.000
2007-06-22,10.73,10.95,9.70,10.27,6841691,73404096.000
2007-06-25,10.06,11.34,9.84,11.34,18494956,210806304.000
2007-06-26,11.21,11.21,10.17,10.96,9907920,110515736.000
2007-06-27,10.95,12.10,10.75,11.80,16449311,198597536.000
2007-06-28,11.55,11.95,10.58,10.58,10508278,123236032.000
2007-06-29,10.00,10.29,9.48,9.58,7988391,81287488.000
2007-07-02,9.13,10.05,9.13,9.67,5746159,57843380.000
2007-07-03,9.80,10.03,9.55,9.93,3501344,35880288.000
2007-07-04,10.04,10.04,9.35,9.37,3230117,32359600.000
2007-07-05,9.29,9.30,8.39,8.39,4409909,40319948.000
2007-07-06,8.37,8.91,7.75,8.74,4420769,39266360.000
2007-07-09,8.90,9.15,8.66,8.97,3104446,29151404.000
2007-07-10,8.88,8.94,8.27,8.79,3539253,31813152.000
2007-07-11,8.83,9.35,8.71,9.23,5383782,51364848.000
2007-07-12,9.15,9.25,8.95,9.13,2183326,20833180.000
2007-07-13,9.05,9.13,8.74,8.84,1819301,16937738.000
2007-07-16,8.80,8.80,8.24,8.25,2203600,19794072.000
2007-07-17,8.26,8.57,8.26,8.44,1228210,10962001.000
2007-07-18,8.44,8.67,8.37,8.51,1231379,11092810.000
2007-07-19,8.56,8.63,8.45,8.60,826399,7441020.000
2007-07-20,8.60,9.05,8.60,8.94,2030792,18983334.000
2007-07-23,9.00,9.83,8.90,9.69,4923658,48340056.000
2007-07-24,9.63,10.04,9.35,9.60,3868782,39718456.000
2007-07-25,9.53,10.05,9.41,9.93,2706164,27903532.000
2007-07-26,9.99,10.45,9.80,10.42,4438779,46555140.000
2007-07-27,10.25,10.75,10.06,10.39,3372204,36744548.000
2007-07-30,10.30,11.05,10.26,10.75,5830321,65089184.000
2007-07-31,10.70,11.87,10.70,11.87,10415764,124364464.000
2007-08-01,12.05,12.05,10.96,11.01,8701985,104227920.000
2007-08-02,11.01,12.16,11.01,12.16,6520525,81498544.000
2007-08-03,13.42,13.42,13.15,13.42,4022614,55733684.000
2007-08-06,14.43,14.43,13.25,13.58,16049023,228559360.000
2007-08-07,13.54,14.98,12.95,14.47,18936791,283402848.000
2007-08-09,14.65,15.33,13.60,13.69,16131993,237717776.000
2007-08-10,13.75,15.10,13.65,15.10,15581316,235221152.000
2007-08-13,15.19,16.66,15.15,16.43,15999811,266799408.000
2007-08-14,16.07,17.02,15.83,16.44,6722567,113096744.000
2007-08-15,15.95,15.95,14.75,14.75,9122932,141288208.000
2007-08-16,13.35,14.37,13.23,13.69,18850483,262905152.000
2007-08-17,13.35,14.26,13.17,13.32,9796795,137283280.000
2007-08-20,13.75,13.80,13.25,13.52,11134315,155066560.000
2007-08-21,13.42,13.85,12.55,13.39,10548835,144642416.000
2007-08-22,13.25,13.63,13.13,13.60,10939970,150696992.000
2007-08-23,13.90,14.05,13.57,13.88,12162241,173381888.000
2007-08-24,13.90,14.02,13.35,13.46,9719184,136481456.000
2007-08-27,13.49,13.54,13.04,13.13,7554988,102788320.000
2007-08-28,13.14,13.53,12.68,13.42,7317559,99184224.000
2007-08-29,13.20,13.20,12.68,12.75,5313083,70852048.000
2007-08-30,12.73,13.12,12.73,13.03,3998561,53480104.000
2007-08-31,13.13,13.43,13.04,13.29,5004476,68577656.000
2007-09-03,13.42,13.54,13.29,13.44,6601633,91384400.000
2007-09-04,13.46,13.53,13.04,13.13,6120290,83702608.000
2007-09-05,13.10,13.23,12.69,12.98,5890938,78407472.000
2007-09-06,13.08,13.28,12.98,13.07,4958234,67255768.000
2007-09-10,12.58,12.82,12.27,12.73,5023874,65535392.000
2007-09-11,12.55,13.00,11.85,11.94,4329639,56431792.000
2007-09-12,11.85,12.34,11.37,11.72,4068282,49282848.000
2007-09-13,11.73,12.03,11.72,11.86,3209916,39411228.000
2007-09-14,11.95,13.09,11.85,13.09,6451882,84007888.000
2007-09-17,13.16,13.48,12.86,13.11,7154147,97784832.000
2007-09-18,13.23,13.25,12.65,12.85,4017893,53359740.000
2007-09-19,12.91,13.03,12.40,12.52,3175791,41392232.000
2007-09-20,12.45,12.73,12.28,12.51,2175600,27628290.000
2007-09-21,12.45,12.51,11.95,12.34,2495059,31018544.000
2007-09-24,12.56,13.35,12.56,13.02,5185475,68781520.000
2007-09-25,13.09,13.09,12.45,12.63,2330915,30095204.000
2007-09-26,12.63,12.63,12.11,12.20,2356845,29546856.000
2007-09-27,12.25,12.44,12.03,12.31,1835091,22758612.000
2007-09-28,12.35,12.65,12.32,12.45,2098170,26707604.000
2007-10-08,12.60,12.65,12.25,12.29,2290722,29120604.000
2007-10-09,12.50,13.10,12.50,12.94,5170328,67796656.000
2007-10-10,12.95,13.02,12.56,12.74,3304064,42913384.000
2007-10-11,12.66,13.31,12.66,13.22,7650637,102257208.000
2007-10-12,13.25,13.34,11.87,12.52,5559812,71369640.000
2007-10-15,12.47,12.75,11.91,12.15,3951118,49171552.000
2007-10-16,12.13,12.20,11.74,12.09,2915174,35569016.000
2007-10-17,11.87,12.27,11.87,12.15,2038658,25190272.000
2007-10-18,12.15,12.27,11.86,11.92,1887807,23128040.000
2007-10-19,11.92,12.11,11.58,11.64,2241393,27008646.000
2007-10-22,11.55,11.56,10.78,10.78,2473990,28164180.000
2007-10-23,10.82,11.00,10.29,10.75,2029628,21963656.000
2007-10-24,10.83,10.84,10.45,10.46,1320811,14346283.000
2007-10-25,10.48,10.50,9.42,9.45,2702729,27059048.000
2007-10-26,9.45,9.70,9.17,9.47,1762995,17108260.000
2007-10-29,9.55,9.69,9.17,9.66,1692970,16289014.000
2007-10-30,9.85,10.35,9.85,10.32,2966914,30901036.000
2007-10-31,10.35,10.70,10.13,10.47,2860933,30520412.000
2007-11-01,10.50,10.60,9.95,9.96,1862069,19345468.000
2007-11-02,9.84,9.84,9.50,9.56,1697207,16722527.000
2007-11-05,9.25,9.94,9.25,9.73,1198854,11912888.000
2007-11-06,9.75,10.20,9.55,10.07,1332407,13710752.000
2007-11-07,10.07,10.28,9.75,10.04,1030982,10508770.000
2007-11-08,10.06,10.06,9.58,9.63,953969,9565437.000
2007-11-09,9.57,9.65,9.27,9.37,1142661,11083670.000
2007-11-12,9.35,9.35,8.76,8.97,1432564,13244754.000
2007-11-13,9.10,9.20,8.88,9.02,1248049,11614700.000
2007-11-14,9.05,9.67,9.05,9.62,1788223,17149732.000
2007-11-15,9.55,9.90,9.45,9.86,2843526,28430062.000
2007-11-16,9.91,10.05,9.66,9.94,4116442,41807616.000
2007-11-19,9.96,10.96,9.96,10.72,6134445,66802112.000
2007-11-20,10.59,10.59,10.36,10.50,2584494,27679336.000
2007-11-21,10.46,10.73,10.26,10.26,1762216,18826110.000
2007-11-22,10.20,10.20,9.55,9.62,1572586,15909767.000
2007-11-23,9.46,9.87,9.38,9.85,1159764,11461148.000
2007-11-26,9.94,10.03,9.63,9.64,1110855,11228298.000
2007-11-27,9.72,9.74,9.55,9.56,816628,8052133.000
2007-11-28,9.56,9.92,9.53,9.72,725929,7209454.000
2007-11-29,9.78,10.00,9.71,9.98,1587922,16069982.000
2007-11-30,9.98,10.01,9.70,9.74,809169,8144192.000
2007-12-03,9.86,9.94,9.59,9.79,766196,7673395.000
2007-12-04,9.76,9.94,9.76,9.83,692259,6994207.000
2007-12-05,9.80,10.23,9.80,10.21,1744055,17922592.000
2007-12-06,10.23,10.30,10.00,10.28,2353715,24536548.000
2007-12-07,10.36,10.75,10.35,10.57,4422195,47617088.000
2007-12-10,10.27,10.71,10.23,10.65,2908544,31450596.000
2007-12-11,10.61,10.74,10.46,10.73,2100976,22707244.000
2007-12-12,10.74,11.00,10.57,10.94,2650741,29175604.000
2007-12-13,10.84,11.08,10.30,10.32,2678273,29477592.000
2007-12-14,10.25,10.73,10.20,10.67,1760296,18807392.000
2007-12-17,10.69,10.94,10.63,10.82,2079078,22979400.000
2007-12-18,10.80,10.85,10.50,10.56,1059892,11534870.000
2007-12-19,10.66,10.94,10.60,10.81,1789487,19776392.000
2007-12-20,10.95,11.18,10.77,11.05,2616772,29472096.000
2007-12-21,10.95,11.24,10.95,11.20,2011755,22828960.000
2007-12-24,11.24,11.68,11.18,11.57,3628638,42589320.000
2007-12-25,11.75,12.75,11.75,12.54,15586006,198525632.000
2007-12-26,12.45,12.87,12.36,12.69,8990456,116101616.000
2007-12-27,12.78,12.93,12.55,12.70,5880718,76362056.000
2007-12-28,12.74,12.90,12.43,12.66,4132012,53165444.000
2008-01-02,12.74,13.24,12.46,13.16,5207341,68890624.000
2008-01-03,13.05,13.65,12.96,13.22,5294553,72216496.000
2008-01-04,13.18,13.18,12.80,13.04,4772735,62887148.000
2008-01-07,13.05,14.33,12.95,13.94,7241102,101333160.000
2008-01-08,13.94,14.15,13.18,13.41,5865451,81655448.000
2008-01-09,13.50,14.51,13.45,14.45,8825231,127097072.000
2008-01-10,14.38,14.63,14.00,14.29,7188656,104661704.000
2008-01-11,14.36,14.36,13.60,13.91,4707486,66390568.000
2008-01-14,13.83,13.98,13.56,13.77,3364871,47040900.000
2008-01-15,13.67,14.07,13.60,13.83,3000340,42170872.000
2008-01-16,13.73,13.75,13.16,13.48,5277909,71993440.000
2008-01-17,13.55,13.90,12.65,12.99,4175279,56657432.000
2008-01-18,12.95,13.22,12.60,12.84,2922368,38260792.000
2008-01-21,12.86,13.04,12.35,12.36,2429764,31663904.000
2008-01-22,11.98,12.10,11.10,11.10,5198418,59939284.000
2008-01-23,11.12,11.70,10.96,11.68,2983918,34890016.000
2008-01-24,11.70,12.59,11.70,12.29,2932412,36461432.000
2008-01-25,12.10,12.84,12.06,12.23,2852105,36300280.000
2008-01-28,12.17,12.58,11.35,11.63,3056729,37615064.000
2008-01-29,11.72,12.15,11.55,11.97,1358020,16468487.000
2008-01-30,12.20,12.40,11.75,12.13,1696709,20956996.000
2008-01-31,12.12,12.40,11.65,11.67,1141170,14009046.000
2008-02-01,11.73,11.82,10.50,11.12,2891844,32791116.000
2008-02-04,11.36,12.09,11.36,12.08,1292529,15631435.000
2008-02-05,12.08,12.18,11.81,11.94,1336472,16379130.000
2008-02-13,11.94,12.08,11.73,11.95,1025708,12527692.000
2008-02-14,11.95,12.35,11.95,12.26,1015014,12648320.000
2008-02-15,12.22,12.55,11.95,12.30,1765032,22142150.000
2008-02-18,12.43,12.82,12.43,12.75,2365822,30649532.000
2008-02-19,12.75,13.15,12.65,13.07,2124751,28103900.000
2008-02-20,13.15,13.17,12.70,12.92,2600333,34270136.000
2008-02-21,12.84,13.68,12.79,13.58,4382933,59463584.000
2008-02-22,13.77,14.35,13.25,13.71,11266036,159817488.000
2008-02-25,13.61,13.85,12.31,12.74,4658270,62569864.000
2008-02-26,13.04,13.24,11.90,12.36,3339337,42719920.000
2008-02-27,12.37,12.85,12.37,12.74,1605843,20784748.000
2008-02-28,12.76,13.10,12.65,12.93,2002308,26264386.000
2008-02-29,12.93,13.10,12.75,12.94,1654340,21851692.000
2008-03-03,12.85,13.54,12.75,13.39,2608681,35323640.000
2008-03-04,13.43,14.01,13.15,13.70,5685906,79118416.000
2008-03-05,13.70,14.10,13.26,13.66,4226205,58833852.000
2008-03-06,13.74,14.25,13.53,14.02,8610533,123082040.000
2008-03-07,14.03,14.15,13.32,13.55,3257713,45380080.000
2008-03-10,13.51,13.51,12.50,12.55,3709946,48694320.000
2008-03-11,12.43,13.00,12.29,13.00,2132258,27681120.000
2008-03-12,13.32,13.32,12.52,12.73,2092397,27321186.000
2008-03-13,12.52,12.71,11.70,12.00,1972058,24556942.000
2008-03-14,11.85,12.18,11.74,12.01,1362527,16616089.000
2008-03-17,12.00,12.10,10.93,10.95,1552670,18137898.000
2008-03-18,10.97,11.10,9.83,9.94,2480914,26169664.000
2008-03-19,10.03,10.64,10.03,10.41,1555289,16470267.000
2008-03-20,9.75,10.98,9.38,10.67,2411380,25482858.000
2008-03-21,10.65,11.05,10.50,10.67,1602295,17626880.000
2008-03-24,10.80,11.15,10.50,10.56,1499772,16677215.000
2008-03-25,10.47,10.72,10.13,10.62,1328815,14182977.000
2008-03-26,10.75,11.05,10.62,10.72,1365128,15080852.000
2008-03-27,10.65,10.65,9.95,9.96,1377215,14402402.000
2008-03-28,9.75,10.25,9.56,10.15,1568542,15996167.000
2008-03-31,9.95,9.95,9.50,9.52,1228100,12220419.000
2008-04-01,9.45,9.69,8.54,8.54,1858867,17004828.000
2008-04-02,8.75,8.87,7.90,8.08,1765416,15048714.000
2008-04-03,8.08,8.60,7.95,8.44,943268,8018218.000
2008-04-07,8.25,9.00,8.15,8.98,1561145,14090008.000
2008-04-08,9.00,9.28,8.91,9.09,1317986,12308381.000
2008-04-09,8.99,9.23,8.33,8.36,1268404,11610737.000
2008-04-10,8.25,8.83,8.16,8.80,939892,8287144.000
2008-04-14,8.80,8.80,8.26,8.34,1042279,9144033.000
2008-04-15,8.32,9.08,8.15,9.06,1292049,11371411.000
2008-04-16,9.00,9.05,8.44,8.69,1074658,9699947.000
2008-04-17,8.50,8.94,8.25,8.50,878311,7716034.000
2008-04-18,8.43,8.64,8.05,8.30,1108329,9582635.000
2008-04-21,8.95,8.99,8.15,8.28,1200172,10569357.000
2008-04-22,8.09,8.29,7.43,7.84,2056775,16206010.000
2008-04-23,7.83,8.43,7.67,8.28,1597491,13231226.000
2008-04-24,9.09,9.11,8.76,9.11,3117669,28084230.000
2008-04-25,9.13,9.47,8.90,9.11,2386103,21920632.000
2008-04-28,9.00,9.38,8.81,9.30,1768557,16152223.000
2008-04-29,8.92,9.10,8.75,8.93,3395643,30164896.000
2008-04-30,8.98,9.12,8.76,9.08,4800387,42855848.000
2008-05-05,9.12,9.47,9.04,9.46,4302059,39765012.000
2008-05-06,9.32,9.44,9.12,9.21,2727960,25260406.000
2008-05-07,9.15,9.38,8.80,8.81,2637421,24176748.000
2008-05-08,8.66,8.96,8.42,8.89,2877196,24949686.000
2008-05-09,8.89,9.05,8.62,9.00,2569763,22746824.000
2008-05-12,8.84,9.40,8.76,9.30,3222040,29402684.000
2008-05-13,8.99,9.79,8.80,9.76,6286270,59907788.000
2008-05-14,9.63,9.88,9.50,9.85,3452846,33419380.000
2008-05-15,9.80,9.95,9.50,9.52,3190840,31053980.000
2008-05-16,9.47,9.71,9.34,9.46,1787449,16944156.000
2008-05-19,9.64,9.87,9.58,9.75,2949955,28681744.000
2008-05-20,9.75,10.73,9.65,10.14,11935383,123362072.000
2008-05-21,10.22,11.10,10.00,11.06,13989218,147256192.000
2008-05-22,10.80,11.18,10.50,10.62,8575776,92834512.000
2008-05-23,10.40,10.65,9.98,10.29,4560381,46644056.000
2008-05-26,10.12,10.12,9.45,9.93,3207210,31368628.000
2008-05-27,9.68,9.96,9.48,9.88,2234768,21801540.000
2008-05-28,9.88,10.18,9.72,10.08,2005308,20050972.000
2008-05-29,10.10,10.11,9.48,9.52,2533931,24717308.000
2008-05-30,9.50,9.67,8.89,9.16,2232461,20518042.000
2008-06-02,9.19,9.60,9.00,9.29,1300508,12038519.000
2008-06-03,9.38,9.38,9.01,9.09,1350301,12320139.000
2008-06-04,9.08,9.15,8.90,9.14,1039896,9396614.000
2008-06-05,8.81,9.29,8.81,9.12,1314697,11769399.000
2008-06-06,9.00,9.22,8.90,9.20,1431971,12968642.000
2008-06-10,9.00,9.00,8.28,8.28,1360250,11498536.000
2008-06-11,7.85,8.18,7.45,7.45,3088575,23417940.000
2008-06-12,7.35,7.55,7.17,7.31,1995517,14643762.000
2008-06-13,7.36,7.42,6.85,7.00,1672490,11946419.000
2008-06-16,7.15,7.15,6.70,6.90,938455,6499478.000
2008-06-17,6.90,6.99,6.51,6.54,1108019,7388048.000
2008-06-18,6.71,7.09,6.39,7.00,1692051,11390245.000
2008-06-19,6.97,7.00,6.30,6.30,1901433,12699862.000
2008-06-20,6.40,6.86,6.06,6.45,1191800,7668904.000
2008-06-23,6.30,6.60,6.24,6.50,1592610,10321406.000
2008-06-24,6.49,6.64,6.40,6.60,1720602,11266176.000
2008-06-25,6.62,7.00,6.56,6.85,1489933,10137083.000
2008-06-26,6.85,7.08,6.68,7.00,1760383,12163024.000
2008-06-27,6.78,6.81,6.31,6.38,1647467,10715148.000
2008-06-30,6.50,6.54,6.25,6.46,737547,4728943.000
2008-07-01,6.42,6.54,6.26,6.47,486277,3122640.000
2008-07-02,6.50,6.61,6.37,6.51,528385,3447344.000
2008-07-03,6.39,6.81,6.27,6.70,1196667,7926767.000
2008-07-04,6.56,6.87,6.56,6.82,1056109,7111538.000
2008-07-07,6.85,7.30,6.82,7.25,2190395,15620510.000
2008-07-08,7.33,7.39,7.03,7.25,3235045,23393848.000
2008-07-09,7.36,7.45,7.28,7.44,3032675,22350584.000
2008-07-10,7.42,7.42,7.23,7.36,1931046,14119556.000
2008-07-11,7.25,7.32,7.06,7.11,1193496,8502165.000
2008-07-14,7.01,7.15,6.98,7.15,996539,7060077.000
2008-07-15,7.19,7.35,7.10,7.12,1288406,9285954.000
2008-07-16,7.10,7.23,6.41,6.65,1264345,8626283.000
2008-07-17,6.70,6.85,6.51,6.68,899751,6006422.000
2008-07-18,6.71,7.08,6.56,7.03,949445,6418486.000
2008-07-21,7.00,7.32,6.93,7.24,1717260,12235004.000
2008-07-22,7.24,7.30,7.10,7.23,1318378,9478358.000
2008-07-23,7.22,7.38,7.10,7.21,1477554,10702151.000
2008-07-24,7.28,7.53,7.22,7.43,2644039,19479616.000
2008-07-25,7.32,7.32,7.15,7.23,1253696,9059294.000
2008-07-28,7.17,7.33,7.17,7.32,1124947,8167613.000
2008-07-29,7.26,7.26,7.00,7.08,1789524,12710349.000
2008-07-30,7.30,7.30,6.96,6.99,865017,6121760.000
2008-07-31,7.00,7.15,6.61,6.62,1115104,7555716.000
2008-08-01,6.66,6.85,6.51,6.73,874400,5843987.000
2008-08-04,6.63,6.77,6.58,6.76,524904,3497609.000
2008-08-05,6.73,6.79,6.51,6.60,832894,5494347.000
2008-08-06,6.55,6.75,6.46,6.66,528655,3488467.000
2008-08-07,6.77,6.78,6.51,6.72,411899,2740230.000
2008-08-08,6.61,6.90,6.12,6.43,1205962,7836575.000
2008-08-11,6.40,6.43,5.79,5.79,929702,5530352.000
2008-08-12,5.74,5.79,5.35,5.59,538047,3028455.000
2008-08-13,5.39,5.60,5.11,5.57,701070,3750419.000
2008-08-14,5.40,5.55,5.35,5.44,354350,1920088.000
2008-08-15,5.45,5.49,5.32,5.39,294250,1593149.000
2008-08-18,5.33,5.43,4.88,4.90,297251,1524860.000
2008-08-19,4.90,5.00,4.78,4.93,393631,1941763.000
2008-08-20,4.80,5.34,4.80,5.32,537565,2793253.000
2008-08-21,5.20,5.30,5.02,5.13,507141,2622019.000
2008-08-22,5.00,5.00,4.79,4.88,633803,3090739.000
2008-08-25,4.88,5.19,4.71,5.18,1329061,6673099.000
2008-08-26,5.05,5.18,4.73,4.86,879450,4383424.000
2008-08-27,4.70,4.98,4.57,4.81,609682,2898562.000
2008-08-28,4.80,4.86,4.71,4.84,372609,1779882.000
2008-08-29,4.85,5.10,4.79,5.06,1036676,5136553.000
2008-09-01,5.06,5.06,4.83,5.00,993398,4894289.000
2008-09-02,4.97,5.15,4.90,5.07,1192999,5989473.000
2008-09-03,5.01,5.10,4.81,4.97,656620,3238460.000
2008-09-04,4.97,5.01,4.85,4.96,465596,2302572.000
2008-09-05,4.84,4.84,4.60,4.63,398500,1884685.000
2008-09-08,4.68,4.68,4.30,4.33,547180,2401505.000
2008-09-09,4.25,4.38,4.23,4.32,299000,1289053.000
2008-09-10,4.32,4.42,4.26,4.34,392600,1711440.000
2008-09-11,4.35,4.35,4.12,4.16,337000,1414569.000
2008-09-12,4.20,4.58,4.15,4.58,3010233,13650752.000
2008-09-16,4.58,4.80,4.49,4.67,4279239,19902880.000
2008-09-17,4.68,4.69,4.20,4.20,2360138,10328478.000
2008-09-18,4.00,4.18,3.79,4.00,1642847,6471547.000
2008-09-19,4.34,4.40,4.26,4.40,1468251,6416373.000
2008-09-22,4.65,4.84,4.45,4.62,2625197,12205509.000
2008-09-23,4.45,4.50,4.20,4.22,1126798,4875851.000
2008-09-24,4.12,4.36,4.03,4.33,598670,2562382.000
2008-09-25,4.32,4.47,4.26,4.42,1112013,4885730.000
2008-09-26,4.39,4.49,4.21,4.38,877980,3820024.000
2008-10-06,4.26,4.26,4.01,4.15,567400,2360443.000
2008-10-07,4.01,4.23,4.01,4.19,452560,1865066.000
2008-10-08,4.15,4.18,4.00,4.04,529723,2145110.000
2008-10-09,4.08,4.10,4.01,4.05,372020,1504945.000
2008-10-10,3.90,3.98,3.78,3.80,565300,2169983.000
2008-10-13,3.70,4.00,3.68,3.96,363661,1378181.000
2008-10-14,4.06,4.06,3.76,3.81,533790,2111233.000
2008-10-15,3.81,3.81,3.72,3.79,245100,924859.000
2008-10-16,3.61,3.76,3.50,3.53,323900,1176357.000
2008-10-17,3.66,3.66,3.52,3.59,193006,689768.000
2008-10-20,3.53,3.72,3.41,3.66,361553,1302435.000
2008-10-21,3.70,3.77,3.64,3.74,404390,1494813.000
2008-10-22,3.75,3.90,3.62,3.73,679561,2567890.000
2008-10-23,3.53,3.72,3.53,3.67,467349,1715625.000
2008-10-24,3.50,3.58,3.41,3.44,938780,3288928.000
2008-10-27,3.35,3.35,3.10,3.10,984736,3098411.000
2008-10-28,2.95,3.16,2.88,3.08,863374,2572950.000
2008-10-29,3.10,3.14,2.89,2.89,623494,1851639.000
2008-10-30,2.90,2.94,2.84,2.88,573190,1661386.000
2008-10-31,2.89,2.93,2.80,2.80,371109,1051125.000
2008-11-03,2.79,2.95,2.75,2.88,615408,1773430.000
2008-11-04,2.88,2.92,2.83,2.91,266683,765236.000
2008-11-05,2.97,3.10,2.91,3.03,851789,2576493.000
2008-11-06,2.95,2.99,2.85,2.91,513180,1489811.000
2008-11-07,2.89,3.00,2.87,2.94,395000,1173572.000
2008-11-10,3.00,3.19,3.00,3.13,1013505,3134891.000
2008-11-11,3.18,3.35,3.18,3.26,2286680,7488673.000
2008-11-13,3.30,3.42,3.26,3.34,2039869,6827045.000
2008-11-14,3.38,3.48,3.30,3.45,2509200,8535085.000
2008-11-17,3.44,3.70,3.39,3.67,2494863,8908497.000
2008-11-18,3.67,4.03,3.32,3.99,3828401,13979062.000
2008-11-19,3.73,4.38,3.73,4.25,7897263,32881588.000
2008-11-20,4.14,4.43,3.91,4.18,4230037,17604840.000
2008-11-21,4.10,4.10,3.76,3.88,3493305,13689426.000
2008-11-24,3.85,3.90,3.56,3.58,1527299,5706590.000
2008-11-25,3.61,3.72,3.58,3.64,1687364,6138533.000
2008-11-26,3.56,3.75,3.56,3.72,947968,3488374.000
2008-11-27,3.95,4.01,3.75,3.77,1769168,6810210.000
2008-11-28,3.77,3.80,3.65,3.68,673750,2501086.000
2008-12-01,3.47,3.68,3.31,3.62,5397972,18628604.000
2008-12-02,3.47,3.90,3.35,3.87,5007937,17984566.000
2008-12-03,3.75,4.04,3.75,3.96,4787350,18794368.000
2008-12-04,3.96,4.05,3.86,3.87,4717624,18800880.000
2008-12-05,3.88,4.12,3.85,4.11,3616090,14518381.000
2008-12-08,4.09,4.26,4.06,4.22,3911285,16279435.000
2008-12-09,4.20,4.32,4.02,4.29,4256858,17686220.000
2008-12-10,4.22,4.55,4.21,4.51,5917479,26206508.000
2008-12-11,4.50,4.54,4.30,4.39,3368418,14733540.000
2008-12-12,4.38,4.38,4.15,4.24,3373354,14281429.000
2008-12-15,4.28,4.58,4.19,4.46,3921882,17151944.000
2008-12-16,4.38,4.60,4.25,4.57,2530830,11212689.000
2008-12-17,4.55,4.63,4.35,4.46,3332795,14935614.000
2008-12-18,4.44,4.50,4.30,4.40,2016545,8860378.000
2008-12-19,4.38,4.66,4.33,4.54,3940520,17860852.000
2008-12-22,4.50,4.58,4.39,4.44,1720014,7659723.000
2008-12-23,4.50,4.55,4.32,4.33,2825081,12438048.000
2008-12-24,4.28,4.33,4.10,4.12,1846766,7747082.000
2008-12-25,4.15,4.48,4.12,4.35,3151505,13639767.000
2008-12-26,4.37,4.46,4.28,4.35,1840844,8009327.000
2008-12-29,4.30,4.34,4.15,4.32,686440,2897290.000
2008-12-30,4.37,4.43,4.16,4.38,1248018,5373602.000
2008-12-31,4.31,4.40,4.24,4.36,862454,3738517.000
2009-01-05,4.45,4.54,4.39,4.53,1780745,7961299.000
2009-01-06,4.51,4.92,4.45,4.78,3191572,15128193.000
2009-01-07,4.70,4.88,4.68,4.77,2016723,9660510.000
2009-01-08,4.69,4.76,4.55,4.63,1528962,7111303.000
2009-01-09,4.62,4.78,4.61,4.70,1134280,5329386.000
2009-01-12,4.61,4.77,4.60,4.75,1514734,7114812.000
2009-01-13,4.72,4.77,4.61,4.70,875188,4109487.000
2009-01-14,4.70,4.88,4.66,4.79,2154095,10351748.000
2009-01-15,4.74,4.88,4.65,4.86,1991256,9445796.000
2009-01-16,4.85,5.05,4.81,4.87,2977888,14664315.000
2009-01-19,4.89,4.96,4.65,4.72,1957690,9326337.000
2009-01-21,4.61,4.70,4.50,4.60,1838965,8436486.000
2009-01-22,4.60,4.68,4.55,4.67,1358500,6262503.000
2009-01-23,4.67,4.80,4.56,4.79,2117630,9842089.000
2009-02-02,4.78,4.86,4.72,4.80,1406641,6729113.000
2009-02-03,4.79,4.90,4.74,4.89,1968729,9535032.000
2009-02-04,4.97,4.98,4.85,4.97,2390886,11779761.000
2009-02-05,4.97,5.09,4.91,4.98,2437485,12187387.000
2009-02-06,4.98,5.30,4.90,5.18,3757253,19464496.000
2009-02-09,5.25,5.38,5.13,5.29,3498663,18298736.000
2009-02-10,5.25,5.41,5.16,5.39,2799714,14753766.000
2009-02-11,5.30,5.69,5.27,5.42,4277201,23312252.000
2009-02-12,5.40,5.79,5.40,5.78,4195021,23451420.000
2009-02-13,5.80,5.90,5.65,5.88,3691311,21383894.000
2009-02-16,5.83,6.33,5.74,6.30,6044950,36757748.000
2009-02-17,6.31,6.55,5.98,6.02,10345932,65937644.000
2009-02-18,5.75,5.89,5.53,5.78,4304413,24453272.000
2009-02-19,5.77,5.88,5.62,5.79,2428180,13919498.000
2009-02-20,5.82,5.95,5.80,5.94,2666308,15698955.000
2009-02-23,5.98,6.08,5.80,6.03,2920220,17345186.000
2009-02-24,5.99,5.99,5.58,5.60,3141862,18144316.000
2009-02-25,5.60,5.70,5.52,5.70,2338360,13120530.000
2009-02-26,5.63,5.77,5.13,5.16,2221739,12156717.000
2009-02-27,5.08,5.25,4.76,4.99,2654094,13270110.000
2009-03-02,4.82,5.10,4.82,5.09,1026640,5134496.000
2009-03-03,5.04,5.13,4.80,5.12,887699,4479151.000
2009-03-04,5.09,5.43,5.01,5.38,1402089,7431072.000
2009-03-05,5.38,5.73,5.38,5.66,3168079,17591986.000
2009-03-06,5.55,5.90,5.40,5.75,2802493,16024527.000
2009-03-09,5.75,5.94,5.50,5.58,2527731,14550891.000
2009-03-10,5.45,5.60,5.36,5.59,1380025,7571622.000
2009-03-11,5.60,5.95,5.51,5.91,2679777,15356369.000
2009-03-12,5.84,5.95,5.72,5.86,2748747,16062113.000
2009-03-13,5.76,5.91,5.62,5.65,1415300,8197217.000
2009-03-16,5.69,5.90,5.56,5.86,1952775,11225504.000
2009-03-17,5.90,6.13,5.86,6.12,3967044,23924916.000
2009-03-18,6.14,6.17,6.00,6.10,3356356,20442502.000
2009-03-19,6.10,6.23,5.99,6.16,2767017,16874292.000
2009-03-20,6.12,6.37,6.07,6.35,6328473,39705460.000
2009-03-23,6.32,6.50,6.29,6.48,3701259,23656818.000
2009-03-24,6.10,6.80,5.92,6.46,27336058,169744064.000
2009-03-25,6.21,6.31,6.03,6.06,12837511,79432384.000
2009-03-26,6.00,6.08,5.78,5.98,7723016,45833528.000
2009-03-27,5.91,6.00,5.82,5.95,7570092,44689528.000
2009-03-30,5.90,6.12,5.88,6.02,6223809,37317576.000
2009-03-31,5.90,6.15,5.83,6.08,6350785,38161644.000
2009-04-01,6.08,6.15,6.02,6.06,7373793,44770144.000
2009-04-02,6.08,6.10,5.96,5.97,6528144,39158848.000
2009-04-03,6.00,6.03,5.70,5.94,6298497,36872304.000
2009-04-07,5.88,6.06,5.86,6.03,4609762,27595054.000
2009-04-08,6.02,6.02,5.82,5.92,3520468,20828552.000
2009-04-09,5.88,5.94,5.71,5.89,2683494,15618156.000
2009-04-10,5.90,6.04,5.82,6.00,7188018,42621608.000
2009-04-13,6.00,6.05,5.94,6.03,5339584,32023604.000
2009-04-14,6.05,6.05,5.85,5.96,6219998,36852068.000
2009-04-15,5.93,6.06,5.85,6.06,7676996,46074308.000
2009-04-16,6.09,6.45,6.07,6.39,12002425,75422368.000
2009-04-17,6.33,6.41,6.07,6.18,7517025,46750184.000
2009-04-20,6.18,6.27,6.11,6.24,4311887,26813252.000
2009-04-21,6.19,6.35,6.10,6.27,4403257,27461450.000
2009-04-22,6.30,6.34,5.90,5.92,5394194,33304636.000
2009-04-23,5.71,5.79,5.33,5.57,7810670,43177192.000
2009-04-24,5.54,5.55,5.39,5.41,4469997,24294952.000
2009-04-27,5.42,5.66,5.19,5.23,3597759,19462380.000
2009-04-28,5.24,5.60,5.20,5.59,5227838,28430456.000
2009-04-29,5.65,5.75,5.49,5.58,4660093,26268932.000
2009-04-30,5.59,5.95,5.50,5.85,6094208,34799192.000
2009-05-04,5.80,6.02,5.70,5.95,4726037,27762144.000
2009-05-05,5.90,5.93,5.80,5.86,3286338,19205060.000
2009-05-06,5.89,5.90,5.76,5.87,2457639,14365436.000
2009-05-07,5.87,5.89,5.60,5.78,3211730,18397414.000
2009-05-08,5.70,5.89,5.68,5.81,2889514,16770331.000
2009-05-11,5.85,5.95,5.70,5.87,4820597,28140364.000
2009-05-12,5.85,6.45,5.77,6.35,11908233,73502840.000
2009-05-13,6.20,6.34,6.08,6.21,9481183,58786152.000
2009-05-14,6.15,6.15,6.00,6.09,3883947,23592124.000
2009-05-18,5.99,6.23,5.88,6.15,3725200,22449588.000
2009-05-19,6.16,6.45,6.07,6.29,7208263,45402832.000
2009-05-20,6.24,6.45,6.10,6.36,6393771,40455448.000
2009-05-21,6.36,6.66,6.19,6.39,6387615,40970976.000
2009-05-22,6.26,6.37,6.20,6.25,3066027,19221342.000
2009-05-25,6.00,6.24,5.90,6.11,3086446,18738342.000
2009-05-26,6.11,6.18,6.01,6.15,3118874,18957572.000
2009-05-27,6.06,6.25,6.00,6.13,2970172,18217540.000
2009-06-01,6.19,6.25,6.11,6.13,8082010,49896964.000
2009-06-02,6.15,6.18,6.02,6.03,4476498,27185876.000
2009-06-03,6.06,6.42,6.05,6.38,9573518,60145784.000
2009-06-04,6.38,6.38,6.18,6.28,3810586,23911322.000
2009-06-05,6.30,6.38,6.15,6.25,2899119,18199798.000
2009-06-08,6.26,6.66,6.26,6.46,6339163,41087500.000
2009-06-09,6.50,6.98,6.41,6.90,8204715,55257468.000
2009-06-10,6.81,6.93,6.70,6.84,5357680,36374544.000
2009-06-11,6.82,7.50,6.72,7.11,9012748,64580692.000
2009-06-12,7.03,7.46,6.80,7.05,8178576,58543832.000
2009-06-15,7.05,7.31,6.85,7.25,4733325,33764336.000
2009-06-16,7.23,7.65,7.12,7.40,6657502,49687104.000
2009-06-17,7.41,8.14,7.41,8.11,10466474,82597288.000
2009-06-18,8.26,8.40,7.82,8.22,12339325,99636040.000
2009-06-19,8.08,8.34,7.86,7.97,6493897,52556256.000
2009-06-22,7.94,8.24,7.85,8.00,5509904,44015668.000
2009-06-23,8.01,8.80,7.99,8.52,15267225,130421832.000
2009-06-24,8.15,8.45,7.81,8.19,13447754,108890200.000
2009-06-25,8.07,8.07,7.77,7.80,6540293,51674804.000
2009-06-26,7.66,7.89,7.50,7.74,5916064,45526512.000
2009-06-29,7.68,7.86,7.61,7.80,4093380,31794306.000
2009-06-30,7.80,7.84,7.53,7.60,3108574,23730604.000
2009-07-01,7.60,7.88,7.51,7.75,3263603,25292192.000
2009-07-02,7.75,8.10,7.70,8.04,5092442,40653408.000
2009-07-03,8.00,8.16,7.94,7.96,3988878,31992044.000
2009-07-06,7.95,7.95,7.67,7.72,4425844,34301328.000
2009-07-07,7.75,7.90,7.62,7.79,2322152,18063772.000
2009-07-08,7.78,7.79,7.65,7.78,1655448,12762377.000
2009-07-09,7.78,8.05,7.77,7.99,3023330,24091096.000
2009-07-10,8.05,8.08,7.90,8.02,3239168,25825424.000
2009-07-13,8.08,8.21,7.91,8.19,4388441,35330200.000
2009-07-14,8.21,8.53,8.21,8.24,5983361,49966188.000
2009-07-15,8.20,8.21,8.05,8.17,3171566,25803184.000
2009-07-16,8.20,8.22,8.05,8.06,2450422,19834052.000
2009-07-17,7.99,8.38,7.91,8.31,5669224,46254532.000
2009-07-20,8.40,9.14,8.32,8.33,11371278,96575536.000
2009-07-21,8.45,8.45,7.92,7.94,5453218,44501488.000
2009-07-22,8.00,8.18,7.90,8.10,3695152,29818516.000
2009-07-23,8.10,8.26,8.00,8.05,4216796,34189656.000
2009-07-24,8.05,8.17,7.91,8.00,4070343,32568840.000
2009-07-27,8.01,8.05,7.87,7.96,4898209,38819056.000
2009-07-28,7.94,8.07,7.82,8.06,5065442,40142316.000
2009-07-29,8.04,8.04,7.25,7.47,4564084,35558528.000
2009-07-30,7.43,7.63,7.10,7.32,3770844,27536716.000
2009-07-31,7.40,7.78,7.29,7.73,3760265,28241848.000
2009-08-03,7.68,7.97,7.60,7.96,4201203,32969884.000
2009-08-04,8.01,8.15,7.92,8.04,6248146,50183284.000
2009-08-05,8.05,8.10,7.65,7.81,3887588,30490220.000
2009-08-06,7.80,7.80,7.50,7.57,2946355,22372148.000
2009-08-07,7.54,7.67,7.40,7.43,2306805,17361682.000
2009-08-10,7.46,7.54,7.20,7.38,2199542,16205327.000
2009-08-12,7.39,7.44,6.93,7.27,3310461,23579976.000
2009-08-13,7.11,7.50,7.07,7.46,3117447,22733008.000
2009-08-14,7.46,8.00,7.35,7.91,9135816,70788232.000
2009-08-17,7.78,7.96,7.12,7.12,6203719,46706868.000
2009-08-18,6.68,6.86,6.41,6.83,4962320,32948682.000
2009-08-19,6.77,6.77,6.40,6.44,2483524,16228965.000
2009-08-20,6.41,6.69,6.39,6.62,1843269,12102527.000
2009-08-21,6.30,7.28,6.30,7.28,6959395,49510152.000
2009-08-24,7.28,7.94,7.28,7.73,6177191,46976508.000
2009-08-25,7.54,7.75,7.11,7.70,4182602,31118978.000
2009-08-26,7.50,8.00,7.42,7.83,5869505,46071688.000
2009-08-27,7.76,8.40,7.72,8.00,5545126,44973952.000
2009-08-28,7.81,8.13,7.80,7.93,2630256,20853832.000
2009-08-31,8.00,8.00,7.41,7.52,3159510,23993202.000
2009-09-01,7.64,8.27,7.45,8.26,5873664,47231624.000
2009-09-02,8.00,8.48,7.91,8.16,8588262,70914744.000
2009-09-03,8.18,8.42,7.95,8.36,8374957,69019728.000
2009-09-04,8.25,8.52,8.21,8.42,8693664,72988248.000
2009-09-07,8.45,8.57,8.26,8.50,8853271,74608312.000
2009-09-08,8.42,8.99,8.29,8.80,8512964,72846680.000
2009-09-09,8.75,8.87,8.47,8.63,6720521,58303904.000
2009-09-10,8.60,8.88,8.50,8.64,5352302,46439576.000
2009-09-11,8.45,8.65,8.40,8.48,4006225,34141896.000
2009-09-14,8.48,8.76,8.41,8.64,5280058,45472568.000
2009-09-15,8.64,9.08,8.00,8.79,13623799,120785688.000
2009-09-16,8.77,9.08,8.56,8.93,8512222,75688592.000
2009-09-17,8.90,9.08,8.71,8.83,8087198,71690456.000
2009-09-18,8.83,9.04,8.66,8.95,8015954,70966784.000
2009-09-21,8.95,9.04,8.73,8.92,6109776,54170176.000
2009-09-22,8.77,9.17,8.75,9.15,8512988,76483952.000
2009-09-23,9.10,9.23,8.51,8.55,7890403,69662640.000
2009-09-24,8.55,8.70,8.36,8.38,5113404,43590072.000
2009-09-25,8.38,8.48,8.16,8.36,2614709,21739592.000
2009-09-28,8.30,8.46,7.90,7.96,2183705,17905858.000
2009-09-29,8.00,8.20,7.53,8.05,2622226,20815144.000
2009-09-30,8.30,8.30,7.76,7.85,1928677,15416279.000
2009-10-09,7.88,8.56,7.88,8.55,2999944,24945964.000
2009-10-12,8.60,9.00,8.48,8.83,4297163,37987724.000
2009-10-13,8.68,8.94,8.66,8.82,1796948,15849258.000
2009-10-14,8.88,9.08,8.76,9.01,4768681,42710264.000
2009-10-15,8.99,9.01,8.80,8.93,3084195,27468188.000
2009-10-16,8.90,9.08,8.77,8.99,3020796,27038936.000
2009-10-19,9.01,9.03,8.71,8.80,8325303,73120824.000
2009-10-20,8.78,8.78,8.44,8.49,13906902,118799728.000
2009-10-21,8.46,8.55,8.38,8.44,7182845,60719464.000
2009-10-22,8.43,8.51,8.20,8.45,5752608,48156408.000
2009-10-23,8.40,8.51,8.35,8.41,4863398,41022984.000
2009-10-26,8.33,8.46,8.18,8.36,4868756,40366512.000
2009-10-27,8.38,8.48,8.21,8.28,5809970,48336560.000
2009-10-28,8.25,8.36,8.17,8.34,4612416,38122284.000
2009-10-29,8.35,8.35,8.19,8.22,3302132,27206290.000
2009-10-30,8.29,8.35,8.23,8.26,3047724,25264290.000
2009-11-02,8.17,8.36,7.91,8.29,4561971,37188116.000
2009-11-03,8.35,8.63,8.26,8.55,8267117,69539760.000
2009-11-04,8.48,8.55,8.30,8.44,4543213,38367048.000
2009-11-05,8.40,8.51,8.36,8.48,4024111,34021040.000
2009-11-06,8.48,8.66,8.46,8.50,5577332,47668528.000
2009-11-09,8.50,8.63,8.47,8.55,4963152,42380696.000
2009-11-10,8.55,8.59,8.34,8.38,6327625,53251484.000
2009-11-11,8.31,8.35,8.18,8.24,5387563,44257652.000
2009-11-13,8.27,8.42,8.19,8.42,5790198,48210676.000
2009-11-16,8.48,8.70,8.48,8.58,8108871,69353864.000
2009-11-17,8.61,8.75,8.51,8.73,8041575,69598288.000
2009-11-18,8.75,8.80,8.60,8.68,5942579,51663424.000
2009-11-19,8.71,8.90,8.62,8.81,6682476,58463872.000
2009-11-20,8.80,9.15,8.72,9.04,10208959,91469200.000
2009-11-23,9.15,9.94,9.14,9.94,29141735,288126272.000
2009-11-24,9.94,10.05,9.47,9.60,20129840,197553616.000
2009-11-25,9.60,10.50,9.45,10.31,17060057,172718448.000
2009-11-26,10.20,10.28,9.75,9.82,10344568,103924776.000
2009-11-27,10.11,10.29,9.80,10.17,10923986,110054624.000
2009-11-30,10.05,10.48,9.70,10.40,14976247,152390144.000
2009-12-01,10.27,10.49,10.10,10.39,10694461,109968856.000
2009-12-02,10.88,10.88,10.06,10.14,14464565,149038080.000
2009-12-03,10.06,10.24,9.70,9.79,15473092,152098448.000
2009-12-04,9.84,9.99,9.36,9.50,13359661,129184768.000
2009-12-07,9.50,9.97,9.50,9.94,9197217,90126808.000
2009-12-08,9.94,9.94,9.65,9.81,5253929,51436188.000
2009-12-09,9.64,9.80,9.51,9.77,3703941,35793424.000
2009-12-10,9.81,10.00,9.64,9.69,2799613,27348004.000
2009-12-11,9.74,9.91,9.60,9.62,3054900,29950192.000
2009-12-14,9.77,9.79,9.42,9.72,3051768,29222816.000
2009-12-15,9.74,9.81,9.52,9.78,2899078,28218144.000
2009-12-16,9.81,9.86,9.60,9.61,2540870,24712476.000
2009-12-17,9.62,9.69,9.16,9.39,3112930,29138908.000
2009-12-18,9.21,9.38,9.02,9.15,2041526,18743660.000
2009-12-21,9.15,9.25,8.85,9.15,2615912,23614610.000
2009-12-22,9.11,9.13,8.56,8.59,1777351,15668435.000
2009-12-23,8.63,9.02,8.60,9.01,2231560,19779888.000
2009-12-24,9.00,9.31,8.88,9.28,2539598,23158588.000
2009-12-25,9.26,9.29,9.05,9.26,1956931,17908804.000
2009-12-28,9.27,9.28,9.08,9.10,5299132,48386384.000
2009-12-30,9.12,9.21,8.81,8.83,2897621,25941444.000
2009-12-31,8.93,9.27,8.82,9.20,3479795,31525184.000
2010-01-04,9.25,9.26,9.09,9.14,1719822,15723583.000
2010-01-05,9.14,9.28,9.05,9.23,3140081,28840776.000
2010-01-06,9.26,9.31,9.15,9.28,3215402,29732744.000
2010-01-07,9.29,9.49,9.25,9.36,5016552,47053460.000
2010-01-08,9.36,9.40,9.06,9.26,2025866,18638128.000
2010-01-11,9.28,9.39,9.05,9.10,2608982,23822038.000
2010-01-12,9.14,9.25,8.91,9.17,3597593,32706422.000
2010-01-13,8.99,9.10,8.89,8.99,2892506,25912922.000
2010-01-14,9.09,9.15,8.99,9.15,1872875,16989488.000
2010-01-15,9.17,9.50,9.00,9.47,8143723,75817000.000
2010-01-18,9.43,9.65,9.27,9.63,5603447,53151480.000
2010-01-19,9.63,9.93,9.00,9.79,6749311,65850128.000
2010-01-20,9.78,9.78,9.25,9.30,4546393,43087616.000
2010-01-21,9.28,9.40,9.17,9.29,1998384,18526106.000
2010-01-22,9.26,9.26,8.81,9.17,2889520,26075092.000
2010-01-25,9.00,9.28,8.99,9.00,1622020,14721138.000
2010-01-26,9.00,9.11,8.62,8.80,2127065,18645352.000
2010-01-27,8.80,8.80,8.21,8.35,3072387,25661186.000
2010-01-28,8.29,8.30,7.95,8.23,3072009,24794252.000
2010-01-29,8.13,8.30,8.00,8.18,2430262,19797288.000
2010-02-01,8.15,8.18,7.72,7.86,1884325,14879818.000
2010-02-02,7.80,8.65,7.80,8.28,5516241,46038448.000
2010-02-03,8.28,8.55,8.20,8.45,3032560,25512552.000
2010-02-04,8.40,8.55,8.10,8.35,2414022,20311912.000
2010-02-05,8.20,8.75,8.09,8.64,3727093,31990968.000
2010-02-08,8.63,8.74,8.46,8.68,1642389,14156976.000
2010-02-09,8.54,8.73,8.40,8.50,1000301,8549122.000
2010-02-10,8.45,8.62,8.45,8.49,714699,6097519.000
2010-02-11,8.43,8.76,8.43,8.52,1252152,10803039.000
2010-02-12,8.62,8.62,8.51,8.58,574151,4905569.000
2010-02-22,8.60,8.90,8.59,8.68,1869951,16376795.000
2010-02-23,8.68,8.79,8.36,8.63,1141942,9768713.000
2010-02-24,8.63,8.76,8.50,8.72,1361220,11799887.000
2010-02-25,8.62,8.98,8.62,8.90,4305172,37884608.000
2010-02-26,8.84,8.85,8.65,8.74,3740864,32593222.000
2010-03-01,8.73,8.89,8.67,8.88,3090865,27198326.000
2010-03-03,8.80,8.90,8.70,8.82,5369382,47161880.000
2010-03-04,8.82,8.94,8.30,8.39,5498609,47970232.000
2010-03-05,8.42,8.60,8.19,8.56,3906538,32485764.000
2010-03-08,8.66,9.22,8.60,9.03,14761657,132622384.000
2010-03-09,8.90,9.10,8.80,8.92,5711125,51143988.000
2010-03-10,8.92,9.00,8.68,8.78,2758506,24218264.000
2010-03-11,8.78,8.84,8.50,8.59,2175200,18757340.000
2010-03-12,8.60,8.73,8.48,8.49,1888759,16258865.000
2010-03-15,8.57,9.34,8.51,9.34,18666986,173319696.000
2010-03-16,9.38,9.38,9.00,9.35,12665339,116396704.000
2010-03-17,9.22,9.58,9.14,9.50,11426591,107063384.000
2010-03-18,9.51,9.53,9.26,9.37,6122869,57666772.000
2010-03-19,9.35,9.67,9.32,9.47,6826247,65086856.000
2010-03-22,9.38,9.48,9.23,9.27,5609713,52252472.000
2010-03-23,9.31,9.37,9.05,9.21,4451421,40961432.000
2010-03-24,9.20,9.28,9.13,9.25,3326110,30674928.000
2010-03-25,9.21,9.21,9.06,9.07,3063717,27916036.000
2010-03-26,9.10,9.23,9.00,9.20,2212190,20206168.000
2010-03-29,9.20,9.29,9.02,9.22,3095570,28306254.000
2010-03-30,9.25,9.26,9.05,9.15,3381967,30894150.000
2010-03-31,9.17,9.22,9.06,9.22,3399964,31013208.000
2010-04-01,9.24,9.90,9.22,9.69,11035440,106527264.000
2010-04-02,9.63,9.73,9.43,9.55,5445878,52061552.000
2010-04-06,9.55,9.84,9.50,9.73,6967564,67569408.000
2010-04-07,9.70,9.88,9.60,9.78,6386104,62336416.000
2010-04-08,9.60,9.74,9.43,9.51,5259364,50368788.000
2010-04-09,9.48,9.61,9.40,9.57,3857036,36685712.000
2010-04-12,9.57,9.79,9.43,9.54,5109686,49144832.000
2010-04-13,9.46,9.58,9.01,9.17,5601470,51865224.000
2010-04-14,9.23,9.40,9.09,9.25,2504374,23161812.000
2010-04-15,9.22,9.34,9.12,9.15,2081905,19185290.000
2010-04-16,9.16,9.20,9.00,9.06,2546136,23075292.000
2010-04-19,9.15,9.15,8.48,8.65,4494347,39471920.000
2010-04-20,8.70,8.72,8.40,8.64,3039678,26072552.000
2010-04-21,8.64,8.82,8.25,8.76,3841287,33017598.000
2010-04-22,8.69,8.69,8.40,8.42,4432396,37849196.000
2010-04-26,8.00,8.00,8.00,8.00,1934700,15477600.000
2010-04-27,7.60,7.60,7.60,7.60,948400,7207840.000
2010-04-28,7.22,7.43,7.22,7.30,9754348,70844344.000
2010-04-30,6.94,7.13,6.94,6.94,2512283,17503784.000
2010-05-04,6.60,6.96,6.59,6.77,3561238,23930396.000
2010-05-05,6.69,6.91,6.61,6.90,1830003,12453080.000
2010-05-06,6.88,7.04,6.78,6.82,2210261,15242331.000
2010-05-07,6.70,6.99,6.62,6.89,1391118,9559256.000
2010-05-10,6.85,6.93,6.66,6.75,1452562,9860709.000
2010-05-11,6.80,6.90,6.50,6.54,1763601,11861835.000
2010-05-12,6.50,6.68,6.21,6.21,2748193,17276712.000
2010-05-13,6.05,6.23,5.90,6.07,4843914,28932196.000
2010-05-17,5.95,6.05,5.77,5.77,3079860,17956744.000
2010-05-18,5.51,5.58,5.48,5.48,5092016,28001904.000
2010-05-19,5.36,5.54,5.35,5.45,2270269,12352686.000
2010-05-20,5.54,5.55,5.36,5.38,2245019,12294530.000
2010-05-21,5.24,5.53,5.11,5.51,2431844,12836108.000
2010-05-24,5.60,5.77,5.48,5.76,3580803,20358332.000
2010-05-25,5.60,5.77,5.55,5.66,2755243,15615571.000
2010-05-26,5.75,5.77,5.65,5.73,1855528,10574487.000
2010-05-27,5.75,5.98,5.63,5.90,2075980,12020220.000
2010-05-28,5.92,5.94,5.76,5.93,2380897,13928454.000
2010-05-31,5.96,5.96,5.63,5.71,2323771,13545219.000
2010-06-01,5.60,5.76,5.42,5.60,2064715,11424627.000
2010-06-02,5.60,5.69,5.40,5.68,1303181,7206768.000
2010-06-03,5.71,5.79,5.60,5.61,1886728,10754794.000
2010-06-04,5.61,5.71,5.53,5.65,1407552,7910716.000
2010-06-07,5.56,5.93,5.50,5.93,5087694,29867924.000
2010-06-08,5.88,5.97,5.77,5.89,2143144,12552946.000
2010-06-09,5.93,6.15,5.85,6.02,3277162,19658308.000
2010-06-10,6.00,6.09,5.88,5.94,1675448,10058396.000
2010-06-11,5.96,6.14,5.91,5.96,1157298,6941748.000
2010-06-17,6.03,6.05,5.93,5.95,1129540,6757516.000
2010-06-18,5.95,6.01,5.65,5.65,1547290,8919376.000
2010-06-21,5.61,5.93,5.53,5.92,2232726,12871324.000
2010-06-22,5.93,6.07,5.81,5.97,1077097,6416145.000
2010-06-23,6.00,6.05,5.85,5.93,1079760,6424938.000
2010-06-24,5.98,6.05,5.89,5.96,1539546,9169384.000
2010-06-25,5.91,5.99,5.86,5.96,1658305,9829320.000
2010-06-28,6.00,6.00,5.79,5.89,2135176,12518367.000
2010-06-29,5.90,5.96,5.60,5.60,1101550,6302664.000
2010-06-30,5.40,5.50,5.32,5.32,1062200,5667118.000
2010-07-01,5.44,5.57,5.21,5.54,1969849,10634688.000
2010-07-02,5.55,5.66,5.40,5.58,1462218,8082484.000
2010-07-05,5.60,5.68,5.47,5.53,1072598,5974615.000
2010-07-06,5.60,5.61,5.49,5.56,1069970,5943621.000
2010-07-07,5.56,5.67,5.50,5.61,1307320,7303490.000
2010-07-08,5.61,5.78,5.61,5.73,2688615,15369949.000
2010-07-09,5.74,5.99,5.68,5.90,2005020,11616208.000
2010-07-12,5.92,6.00,5.80,5.89,3024388,17747656.000
2010-07-13,5.91,5.91,5.72,5.82,1100289,6368430.000
2010-07-14,5.84,5.96,5.77,5.83,1147338,6717124.000
2010-07-15,5.85,5.87,5.54,5.64,1707100,9730020.000
2010-07-16,5.59,5.76,5.50,5.59,1748100,9787639.000
2010-07-19,5.52,5.66,5.52,5.64,1316901,7380833.000
2010-07-20,5.69,5.88,5.64,5.80,2898157,16776452.000
2010-07-21,5.75,5.91,5.75,5.84,3307927,19287256.000
2010-07-22,5.77,5.87,5.74,5.86,2228268,12949673.000
2010-07-23,5.86,6.13,5.82,6.01,4610860,27439684.000
2010-07-26,6.00,6.03,5.88,6.01,2479859,14779856.000
2010-07-27,6.01,6.29,5.94,6.11,4685994,28800534.000
2010-07-28,6.15,6.21,6.09,6.18,4403065,27040850.000
2010-07-29,6.21,6.47,6.06,6.41,6162521,38774064.000
2010-07-30,6.40,6.50,6.30,6.39,2663451,17022948.000
2010-08-02,6.39,6.46,6.30,6.42,3707092,23639996.000
2010-08-03,6.40,6.45,6.28,6.29,3097194,19725340.000
2010-08-04,6.25,6.34,6.14,6.26,2259043,14073113.000
2010-08-05,6.30,6.31,6.22,6.28,1534194,9610039.000
2010-08-06,6.29,6.45,6.16,6.40,3002752,18979642.000
2010-08-09,6.38,6.72,6.30,6.70,6482485,43229452.000
2010-08-10,6.69,6.71,6.38,6.42,3485062,22748874.000
2010-08-11,6.47,6.49,6.20,6.44,1444597,9245645.000
2010-08-12,6.39,6.39,6.12,6.15,2509495,15740155.000
2010-08-13,6.16,6.38,6.16,6.37,2735150,17310522.000
2010-08-16,6.42,6.55,6.39,6.47,3578349,23164500.000
2010-08-17,6.49,6.54,6.35,6.53,3513534,22660528.000
2010-08-18,6.50,6.57,6.42,6.48,1834203,11884954.000
2010-08-19,6.50,6.58,6.37,6.47,2758168,17869400.000
2010-08-20,6.40,6.53,6.38,6.46,2120400,13712131.000
2010-08-23,6.44,6.78,6.44,6.78,6420208,43317856.000
2010-08-24,6.83,7.09,6.68,6.71,5334760,36779704.000
2010-08-25,6.77,6.86,6.61,6.73,3224941,21576180.000
2010-08-26,6.69,6.85,6.63,6.85,3097450,20963412.000
2010-08-27,6.87,6.87,6.65,6.82,2185561,14786467.000
2010-08-30,6.83,7.15,6.80,6.97,3424481,23960944.000
2010-08-31,6.97,7.32,6.97,7.23,4406548,31811900.000
2010-09-01,7.19,7.24,6.87,6.95,3252763,22824506.000
2010-09-02,6.99,7.10,6.91,7.04,2091375,14648511.000
2010-09-03,7.00,7.15,6.90,7.00,2497759,17534234.000
2010-09-06,6.95,7.09,6.94,7.04,2306772,16159754.000
2010-09-07,6.98,7.12,6.95,7.05,1572738,11071835.000
2010-09-08,7.04,7.04,6.93,6.98,2045584,14252442.000
2010-09-09,7.00,7.25,7.00,7.08,3295001,23409816.000
2010-09-10,7.02,7.43,7.02,7.36,4310164,31407800.000
2010-09-13,7.30,7.43,7.22,7.40,2449813,18008536.000
2010-09-14,7.41,7.70,7.38,7.46,2391395,18060476.000
2010-09-15,7.46,7.65,7.36,7.41,1864840,13970008.000
2010-09-16,7.41,7.43,7.11,7.18,3949973,28583152.000
2010-09-17,7.18,7.29,7.10,7.20,1452334,10453795.000
2010-09-20,7.18,7.36,7.18,7.29,1626432,11819261.000
2010-09-21,7.29,7.46,7.28,7.40,1503074,11054748.000
2010-09-27,7.40,7.54,7.34,7.52,2049461,15254801.000
2010-09-28,7.52,7.63,7.43,7.53,1844600,13900567.000
2010-09-30,7.50,7.57,7.26,7.44,1846791,13654284.000
2010-10-08,7.50,7.60,7.40,7.58,2839206,21252048.000
2010-10-11,7.60,7.66,7.51,7.59,2713783,20578804.000
2010-10-12,7.59,7.97,7.43,7.86,3488129,27176984.000
2010-10-13,7.83,8.17,7.75,8.10,2942868,23279580.000
2010-10-14,8.12,8.13,7.83,7.85,1587900,12640549.000
2010-10-15,7.81,8.10,7.80,7.82,2050617,16276730.000
2010-10-19,8.21,8.21,7.80,8.03,5114376,41102220.000
2010-10-20,7.83,8.07,7.63,7.73,4388135,34202576.000
2010-10-21,7.65,7.82,7.56,7.63,1680633,12904894.000
2010-10-22,7.63,7.85,7.60,7.68,2223620,17196846.000
2010-10-25,7.70,7.88,7.69,7.84,1988299,15508404.000
2010-10-26,7.80,7.80,7.63,7.78,2629351,20195496.000
2010-10-27,7.77,7.77,7.47,7.50,3091869,23400200.000
2010-10-28,7.46,7.54,7.35,7.50,1935033,14391039.000
2010-10-29,7.49,7.54,7.30,7.49,1297511,9626263.000
2010-11-01,7.50,7.57,7.27,7.32,7408664,54407336.000
2010-11-02,7.30,7.40,7.10,7.39,6446036,46546352.000
2010-11-03,7.29,7.45,7.21,7.36,4142782,30373444.000
2010-11-04,7.38,7.48,7.30,7.48,3636859,26950560.000
2010-11-05,7.53,7.54,7.42,7.50,5158086,38669168.000
2010-11-08,7.59,7.71,7.47,7.71,4583343,34825640.000
2010-11-09,7.70,7.90,7.69,7.79,5345520,41571948.000
2010-11-10,7.85,7.85,7.69,7.75,3178390,24614524.000
2010-11-11,7.73,7.79,7.68,7.72,4735815,36643712.000
2010-11-12,7.69,7.88,7.33,7.33,5554328,42421392.000
2010-11-15,7.23,7.50,7.14,7.50,3261319,24050366.000
2010-11-16,7.59,7.59,7.14,7.24,2986721,22020104.000
2010-11-17,7.29,7.33,7.10,7.18,1707018,12328681.000
2010-11-18,7.26,7.27,7.15,7.24,1881746,13600989.000
2010-11-19,7.60,7.60,7.60,7.60,1562420,11874392.000
2010-11-22,7.98,7.98,7.82,7.98,20074217,160137856.000
2010-11-23,7.90,7.90,7.58,7.58,6687100,51141264.000
2010-11-24,7.46,7.67,7.36,7.66,2685865,20295944.000
2010-11-25,7.64,8.04,7.55,8.04,6972988,55710220.000
2010-11-26,8.15,8.44,7.96,8.43,8185537,66949744.000
2010-11-29,8.40,8.43,8.20,8.27,3378900,27999934.000
2010-11-30,8.21,8.63,8.00,8.39,4753548,39678240.000
2010-12-01,8.31,8.45,8.10,8.21,2692315,22232772.000
2010-12-02,8.29,8.34,8.10,8.21,2048507,16812832.000
2010-12-03,8.21,8.24,7.81,7.92,2403094,19128552.000
2010-12-06,7.58,7.94,7.58,7.66,2007717,15384794.000
2010-12-07,7.63,7.80,7.61,7.76,965319,7454058.000
2010-12-08,7.77,7.95,7.66,7.86,1064838,8384622.000
2010-12-09,7.83,7.99,7.78,7.82,1637746,12859491.000
2010-12-10,7.75,7.98,7.75,7.90,1452386,11445600.000
2010-12-13,7.87,8.30,7.87,8.19,2526636,20518128.000
2010-12-14,8.15,8.39,8.13,8.24,2138975,17663840.000
2010-12-15,8.11,8.28,8.05,8.09,1499410,12210655.000
2010-12-16,8.05,8.24,7.96,8.09,1583841,12772701.000
2010-12-17,8.09,8.24,7.97,8.00,1479058,11869676.000
2010-12-20,8.08,8.25,7.80,8.03,2142355,17242376.000
2010-12-21,8.03,8.14,7.99,8.06,3667953,29560888.000
2010-12-22,8.04,8.09,7.93,8.01,1896916,15180224.000
2010-12-23,7.94,8.00,7.75,7.77,1431418,11228244.000
2010-12-24,7.75,7.77,7.43,7.52,1812176,13691230.000
2010-12-27,7.52,7.67,7.19,7.26,1270607,9488217.000
2010-12-28,7.18,7.42,7.18,7.26,1607455,11678407.000
2010-12-29,7.27,7.36,7.10,7.15,1359095,9823816.000
2010-12-30,7.17,7.32,7.07,7.31,1020390,7359553.000
2010-12-31,7.24,7.50,7.24,7.40,838608,6165168.000
2011-01-04,7.38,7.41,7.20,7.34,1493508,10843404.000
2011-01-05,7.35,7.37,7.25,7.28,821621,6012970.000
2011-01-06,7.30,7.43,7.24,7.38,1133511,8319331.000
2011-01-07,7.38,7.46,7.31,7.39,1047035,7726775.000
2011-01-10,7.40,7.44,7.20,7.26,781205,5704564.000
2011-01-11,7.21,7.23,7.04,7.11,799986,5699785.000
2011-01-12,7.11,7.39,7.11,7.35,1346332,9788849.000
2011-01-13,7.35,7.38,7.26,7.33,528904,3873144.000
2011-01-14,7.51,7.65,7.39,7.50,1416888,10612678.000
2011-01-17,7.48,7.48,7.13,7.18,1389207,10055786.000
2011-01-18,7.23,7.27,7.11,7.14,630512,4521342.000
2011-01-19,7.07,7.27,7.07,7.25,464199,3329270.000
2011-01-20,7.22,7.33,6.91,7.00,908407,6438988.000
2011-01-21,6.99,7.10,6.86,7.10,657870,4648171.000
2011-01-24,7.02,7.22,6.95,6.98,601099,4229253.000
2011-01-25,6.98,6.98,6.71,6.78,598799,4087296.000
2011-01-26,6.75,6.89,6.73,6.85,387769,2647364.000
2011-01-27,6.85,6.97,6.78,6.92,473518,3269613.000
2011-01-28,7.02,7.03,6.90,6.96,478514,3322251.000
2011-01-31,6.91,7.12,6.90,7.09,938313,6599820.000
2011-02-01,7.04,7.15,7.04,7.14,510042,3623523.000
2011-02-09,7.05,7.15,7.02,7.06,630889,4473462.000
2011-02-10,7.02,7.15,7.01,7.14,704260,4987648.000
2011-02-11,7.14,7.20,7.12,7.18,757980,5424547.000
2011-02-14,7.21,7.27,7.11,7.23,1202896,8657751.000
2011-02-15,7.22,7.26,7.17,7.19,906159,6525875.000
2011-02-16,7.15,7.28,7.15,7.28,1183149,8524872.000
2011-02-17,7.30,7.30,7.17,7.26,1295326,9355169.000
2011-02-18,7.26,7.28,7.19,7.24,967908,7000492.000
2011-02-21,7.11,7.48,7.11,7.40,1548936,11443228.000
2011-02-22,7.40,7.48,7.30,7.30,1207322,8894139.000
2011-02-23,7.34,7.35,7.23,7.33,1292949,9431447.000
2011-02-24,7.37,7.70,7.31,7.70,4347200,33225272.000
2011-02-25,7.70,7.92,7.58,7.70,2717166,20979564.000
2011-02-28,7.74,7.79,7.67,7.70,1622387,12504659.000
2011-03-01,7.72,7.86,7.64,7.69,2496374,19272538.000
2011-03-02,7.73,7.75,7.60,7.65,2433710,18655912.000
2011-03-03,7.71,7.97,7.65,7.69,3938126,30635872.000
2011-03-04,7.77,7.90,7.66,7.80,2893413,22590704.000
2011-03-07,7.80,7.92,7.75,7.78,2849168,22274844.000
2011-03-08,7.80,7.97,7.75,7.89,3220771,25265196.000
2011-03-09,7.88,7.92,7.75,7.85,2444154,19097798.000
2011-03-11,7.83,7.83,7.71,7.74,1980957,15364078.000
2011-03-14,7.70,7.80,7.63,7.76,2361720,18288842.000
2011-03-15,7.78,7.79,7.58,7.67,2052690,15708793.000
2011-03-16,7.63,7.82,7.62,7.78,2564067,19886224.000
2011-03-17,7.77,7.87,7.58,7.68,2894010,22336550.000
2011-03-18,7.70,7.76,7.49,7.51,3446363,26155206.000
2011-03-21,7.52,7.61,7.48,7.57,1542945,11652195.000
2011-03-22,7.57,7.57,7.44,7.54,1613108,12105341.000
2011-03-23,7.55,7.62,7.50,7.60,1105113,8376899.000
2011-03-24,7.62,7.94,7.56,7.83,3706541,28834276.000
2011-03-25,7.88,8.04,7.83,7.88,2985369,23644342.000
2011-03-28,7.98,8.21,7.86,8.13,4769623,38333776.000
2011-03-29,7.99,8.27,7.93,8.00,3896443,31257708.000
2011-03-30,7.98,8.10,7.94,8.07,2688435,21590692.000
2011-03-31,8.10,8.36,8.00,8.27,3935398,32347280.000
2011-04-01,8.28,8.34,8.19,8.28,2760217,22810564.000
2011-04-06,8.28,8.32,8.08,8.19,2459091,20103396.000
2011-04-07,8.21,8.21,8.04,8.08,2922163,23744016.000
2011-04-08,8.05,8.29,8.02,8.15,2137645,17455884.000
2011-04-11,8.15,8.41,8.10,8.25,3605472,29753184.000
2011-04-12,8.25,8.32,8.12,8.19,1879773,15363316.000
2011-04-13,8.19,8.35,8.06,8.25,2315813,19095444.000
2011-04-14,8.30,8.30,8.10,8.17,1859600,15188003.000
2011-04-15,8.11,8.18,7.92,8.06,2871459,23054216.000
2011-04-18,8.01,8.39,7.99,8.22,3528636,28905884.000
2011-04-19,8.20,8.63,8.04,8.63,9357628,79633968.000
2011-04-20,8.62,8.63,8.35,8.36,4902521,41406120.000
2011-04-21,8.37,8.58,8.32,8.38,3858675,32642764.000
2011-04-25,8.36,8.36,7.96,7.96,4297084,34582892.000
2011-04-26,7.80,7.96,7.56,7.76,3315759,25522566.000
2011-04-27,7.76,7.79,7.50,7.62,1633287,12481879.000
2011-04-28,7.64,7.65,7.24,7.25,2998624,22132926.000
2011-04-29,7.20,7.40,7.17,7.36,1361892,9922724.000
2011-05-03,7.40,7.47,7.23,7.43,1271934,9337332.000
2011-05-04,7.44,7.44,7.18,7.25,1287033,9396201.000
2011-05-05,7.23,7.54,7.21,7.43,1279359,9483132.000
2011-05-06,7.38,7.59,7.30,7.54,1042967,7803189.000
2011-05-09,7.50,7.62,7.50,7.54,688017,5193832.000
2011-05-10,7.54,7.72,7.45,7.65,1390658,10541692.000
2011-05-11,7.64,7.67,7.48,7.50,1345756,10186836.000
2011-05-12,7.46,7.63,7.37,7.38,1762118,13241620.000
2011-05-13,7.37,7.56,7.37,7.51,1189536,8902514.000
2011-05-16,7.45,7.58,7.44,7.49,1101218,8264834.000
2011-05-17,7.48,7.48,7.19,7.32,1582830,11573819.000
2011-05-18,7.38,7.39,7.23,7.34,996685,7284362.000
2011-05-19,7.38,7.42,7.26,7.35,788550,5797877.000
2011-05-20,7.35,7.39,7.28,7.33,909711,6666611.000
2011-05-23,7.28,7.32,6.96,6.96,2284891,16111535.000
2011-05-24,6.96,6.96,6.77,6.83,1075354,7375480.000
2011-05-25,6.86,7.04,6.84,6.98,1006423,6995021.000
2011-05-26,6.98,7.28,6.96,7.03,1473357,10408406.000
2011-05-27,7.01,7.25,6.90,7.09,2202243,15585426.000
2011-05-30,7.06,7.20,6.75,6.93,2149739,14980196.000
2011-05-31,6.91,7.12,6.72,6.98,2123050,14616265.000
2011-06-01,6.95,7.03,6.88,7.01,761170,5305559.000
2011-06-02,6.88,6.96,6.73,6.86,1154786,7883419.000
2011-06-03,6.86,7.01,6.79,6.93,1670971,11550369.000
2011-06-07,6.87,7.11,6.80,7.11,1646700,11539480.000
2011-06-08,7.01,7.11,6.99,7.07,1133830,7972056.000
2011-06-09,7.09,7.09,6.89,6.93,947691,6608292.000
2011-06-10,6.93,7.09,6.85,7.07,1067556,7421105.000
2011-06-13,7.00,7.42,6.93,7.35,2863426,20824116.000
2011-06-14,7.30,7.36,7.22,7.29,1545735,11285116.000
2011-06-15,7.35,7.35,7.18,7.20,864265,6256742.000
2011-06-16,7.11,7.15,6.99,7.03,748250,5269736.000
2011-06-17,7.06,7.21,6.79,6.84,1337907,9352021.000
2011-06-20,6.87,6.87,6.50,6.61,1657248,10970647.000
2011-06-21,6.66,6.82,6.57,6.80,1010198,6792458.000
2011-06-22,6.80,6.85,6.70,6.78,533088,3603231.000
2011-06-23,6.72,6.90,6.68,6.85,1516045,10253089.000
2011-06-24,6.84,7.02,6.78,6.99,1428281,9915369.000
2011-06-27,6.99,7.05,6.93,7.01,1238289,8642747.000
2011-06-28,7.00,7.12,6.93,7.03,1509591,10591540.000
2011-06-29,6.93,7.09,6.93,7.04,1873031,13152633.000
2011-06-30,7.00,7.28,7.00,7.15,2361380,16797852.000
2011-07-01,7.15,7.23,7.06,7.17,2481300,17785084.000
2011-07-04,7.24,7.37,7.11,7.28,3145149,22842340.000
2011-07-05,7.27,7.35,7.20,7.28,1976062,14408340.000
2011-07-06,7.30,7.49,7.25,7.42,3639684,26873370.000
2011-07-07,7.40,7.55,7.24,7.33,2757698,20238944.000
2011-07-08,7.28,7.35,7.21,7.30,1777099,12972188.000
2011-07-11,7.31,7.48,7.25,7.35,2005839,14766653.000
2011-07-12,7.32,7.37,7.20,7.28,2583123,18787910.000
2011-07-13,7.38,7.38,7.26,7.34,1809624,13243362.000
2011-07-14,7.30,7.38,7.30,7.33,1412799,10357825.000
2011-07-15,7.30,7.44,7.30,7.39,1739131,12826608.000
2011-07-19,7.38,7.38,7.10,7.21,1971104,14260388.000
2011-07-20,7.25,7.34,7.17,7.26,1646161,11925378.000
2011-07-21,7.21,7.33,7.17,7.27,1289900,9352018.000
2011-07-22,7.25,7.44,7.24,7.37,2918840,21471982.000
2011-07-25,7.25,7.40,7.08,7.21,2641637,19160892.000
2011-07-26,7.10,7.28,7.05,7.19,1761361,12687224.000
2011-07-27,7.17,7.30,7.15,7.27,2093960,15207772.000
2011-07-28,7.20,7.29,7.19,7.27,1040523,7544453.000
2011-07-29,7.28,7.63,7.27,7.48,8003106,60695240.000
2011-08-01,7.52,7.52,7.33,7.44,2113403,15633930.000
2011-08-02,7.42,7.42,7.07,7.11,3984059,28442994.000
2011-08-03,7.05,7.17,6.95,7.08,1361713,9629267.000
2011-08-04,7.14,7.25,7.08,7.16,1410445,10074561.000
2011-08-05,6.83,7.10,6.80,7.05,2747488,19153844.000
2011-08-08,6.94,7.07,6.70,6.70,2183047,14838083.000
2011-08-09,6.49,6.63,6.37,6.55,2294288,14808111.000
2011-08-10,6.70,6.70,6.45,6.53,1480402,9766313.000
2011-08-11,6.40,6.75,6.29,6.70,1780898,11642700.000
2011-08-12,6.66,6.84,6.66,6.75,1440885,9718872.000
2011-08-15,6.81,6.81,6.67,6.76,1780977,12008985.000
2011-08-16,6.76,6.82,6.63,6.71,1206948,8109359.000
2011-08-17,6.71,6.75,6.62,6.66,742700,4973985.000
2011-08-18,6.71,6.71,6.54,6.59,958100,6312560.000
2011-08-19,6.48,6.67,6.44,6.66,2093809,13767798.000
2011-08-22,6.65,6.75,6.56,6.67,2112085,14068238.000
2011-08-23,6.65,6.82,6.61,6.78,1854979,12491258.000
2011-08-24,6.79,6.83,6.72,6.75,918661,6207657.000
2011-08-25,6.79,6.92,6.71,6.84,2733778,18685070.000
2011-08-26,6.89,6.96,6.79,6.87,1643722,11312262.000
2011-08-29,6.85,6.87,6.74,6.76,954712,6492628.000
2011-08-30,6.77,6.85,6.66,6.74,1137809,7677783.000
2011-08-31,6.74,6.81,6.65,6.75,1388930,9367043.000
2011-09-01,6.72,6.97,6.71,6.86,3386201,23274876.000
2011-09-02,6.85,6.87,6.60,6.71,1283349,8622942.000
2011-09-05,6.65,6.73,6.51,6.57,1296310,8569898.000
2011-09-06,6.57,6.66,6.50,6.59,653366,4295015.000
2011-09-07,6.63,6.68,6.53,6.68,810525,5353896.000
2011-09-08,6.70,6.71,6.57,6.62,1573469,10448688.000
2011-09-09,6.63,6.66,6.56,6.59,562499,3714567.000
2011-09-13,6.51,6.59,6.40,6.57,1230700,7989756.000
2011-09-14,6.58,6.64,6.53,6.61,860974,5666387.000
2011-09-15,6.63,6.80,6.59,6.61,1688841,11262850.000
2011-09-16,6.64,6.68,6.58,6.64,853388,5650969.000
2011-09-20,6.53,6.56,6.42,6.50,904432,5863217.000
2011-09-21,6.53,6.66,6.48,6.65,1026527,6797626.000
2011-09-22,6.61,6.74,6.59,6.66,3023760,20125392.000
2011-09-23,6.58,6.66,6.44,6.64,1884535,12310561.000
2011-09-26,6.64,6.64,6.31,6.59,2660384,17201272.000
2011-09-27,6.53,6.62,6.40,6.49,1351500,8812095.000
2011-09-28,6.55,6.56,6.32,6.49,963189,6186085.000
2011-09-29,6.41,6.50,6.25,6.31,694998,4409338.000
2011-09-30,6.31,6.38,6.12,6.19,1311918,8202155.000
2011-10-10,6.25,6.25,6.10,6.17,384890,2364629.000
2011-10-11,6.22,6.29,6.03,6.14,1232389,7565626.000
2011-10-12,6.15,6.28,6.05,6.23,1712656,10617774.000
2011-10-13,6.20,6.27,6.19,6.23,863841,5375482.000
2011-10-14,6.24,6.24,6.15,6.21,581061,3599239.000
2011-10-17,6.21,6.23,6.15,6.20,762071,4719053.000
2011-10-18,6.18,6.20,5.96,6.01,1256874,7587074.000
2011-10-19,5.97,6.25,5.95,6.05,2372706,14461743.000
2011-10-20,6.10,6.10,5.75,5.75,2420611,14043689.000
2011-10-21,5.74,5.78,5.59,5.62,1080699,6158523.000
2011-10-24,5.62,5.77,5.51,5.70,949296,5392650.000
2011-10-25,5.70,5.84,5.65,5.76,2473843,14227257.000
2011-10-26,5.77,6.04,5.71,5.98,2304493,13437561.000
2011-10-27,6.00,6.05,5.82,5.89,2608373,15471824.000
2011-10-28,5.97,6.00,5.91,5.92,1753701,10440897.000
2011-10-31,5.92,5.95,5.87,5.93,675858,4003810.000
2011-11-01,5.81,6.19,5.81,6.08,2994309,17859328.000
2011-11-02,6.03,6.38,5.99,6.22,4388750,26799208.000
2011-11-03,6.20,6.26,6.12,6.18,1961941,12122730.000
2011-11-04,6.21,6.30,6.16,6.22,1322289,8213718.000
2011-11-07,6.20,6.25,6.12,6.16,920000,5684931.000
2011-11-08,6.12,6.19,6.05,6.09,1003200,6139959.000
2011-11-09,6.09,6.14,6.01,6.11,777758,4736549.000
2011-11-10,6.05,6.14,6.01,6.06,1250077,7575394.000
2011-11-11,6.04,6.14,6.00,6.11,1161764,7058718.000
2011-11-14,6.11,6.22,6.06,6.19,1706101,10494093.000
2011-11-15,6.22,6.25,6.16,6.22,1396699,8649910.000
2011-11-16,6.22,6.24,6.04,6.07,1928202,11843957.000
2011-11-17,6.06,6.23,6.06,6.16,1943454,11988606.000
2011-11-18,6.12,6.17,6.03,6.10,1205200,7356208.000
2011-11-21,6.07,6.11,5.94,6.01,1243118,7468243.000
2011-11-22,5.92,6.06,5.81,6.03,1883020,11272796.000
2011-11-23,6.00,6.08,5.91,5.99,704539,4241623.000
2011-11-24,5.97,6.04,5.87,5.98,796684,4740483.000
2011-11-25,5.92,6.04,5.75,5.87,876100,5170203.000
2011-11-28,5.81,5.90,5.77,5.82,731308,4273194.000
2011-11-29,5.91,5.91,5.76,5.83,993879,5766371.000
2011-11-30,5.78,5.80,5.54,5.54,1831486,10326498.000
2011-12-01,5.65,5.74,5.58,5.60,1590768,8970110.000
2011-12-02,5.51,5.59,5.34,5.34,1097114,5925285.000
2011-12-05,5.33,5.33,5.14,5.18,1315809,6850342.000
2011-12-06,5.16,5.21,5.01,5.12,733276,3742160.000
2011-12-07,5.05,5.15,5.05,5.14,376651,1923171.000
2011-12-08,5.11,5.16,5.03,5.12,631890,3225259.000
2011-12-09,5.11,5.13,4.95,4.99,569980,2858754.000
2011-12-12,4.92,4.99,4.76,4.80,1134159,5477939.000
2011-12-19,4.61,4.61,4.56,4.56,964900,4411065.000
2011-12-20,4.33,4.77,4.33,4.50,1660683,7485676.000
2011-12-21,4.50,4.54,4.28,4.28,1495719,6527347.000
2011-12-22,4.07,4.15,4.07,4.07,2587138,10553410.000
2011-12-23,4.07,4.22,4.06,4.12,1456285,6018433.000
2011-12-26,4.11,4.16,4.05,4.09,560200,2300131.000
2011-12-27,4.08,4.08,3.92,3.92,723501,2896519.000
2011-12-28,3.92,3.92,3.72,3.77,1350600,5064684.000
2011-12-29,3.76,3.81,3.72,3.78,802840,3022207.000
2011-12-30,3.77,3.88,3.76,3.86,1217171,4663451.000
2012-01-04,3.89,4.03,3.80,3.86,899603,3519800.000
2012-01-05,3.92,3.92,3.69,3.71,743490,2800332.000
2012-01-06,3.72,3.80,3.65,3.79,474062,1766179.000
2012-01-09,3.79,3.96,3.72,3.93,1106866,4305123.000
2012-01-10,3.92,4.11,3.91,4.04,1470110,5917271.000
2012-01-11,4.03,4.12,4.00,4.06,1299380,5270772.000
2012-01-12,4.05,4.12,4.04,4.05,678300,2766432.000
2012-01-13,4.06,4.08,3.87,3.90,904401,3581944.000
2012-01-16,3.80,3.95,3.80,3.83,796400,3072266.000
2012-01-17,3.87,4.02,3.83,4.02,1378428,5464513.000
2012-01-18,4.07,4.07,3.91,3.96,841319,3354825.000
2012-01-19,3.94,3.99,3.90,3.95,509999,2022440.000
2012-01-20,3.96,4.10,3.94,4.02,1112848,4458821.000
2012-01-30,4.03,4.10,3.99,4.06,1300668,5254008.000
2012-01-31,4.07,4.26,4.00,4.26,3446991,14378862.000
2012-02-01,4.23,4.31,4.13,4.17,2213086,9384592.000
2012-02-02,4.22,4.25,4.14,4.19,1765556,7393345.000
2012-02-03,4.18,4.39,4.16,4.37,2329216,10052906.000
2012-02-06,4.37,4.48,4.34,4.45,2996167,13261216.000
2012-02-07,4.37,4.39,4.23,4.26,2463356,10528802.000
2012-02-08,4.27,4.33,4.21,4.30,1682465,7197650.000
2012-02-09,4.31,4.34,4.26,4.31,1580740,6786075.000
2012-02-10,4.31,4.39,4.28,4.37,1631030,7083030.000
2012-02-13,4.35,4.44,4.27,4.40,1482561,6495285.000
2012-02-14,4.38,4.58,4.38,4.54,2934848,13172977.000
2012-02-15,4.55,4.72,4.49,4.64,3704852,17165618.000
2012-02-16,4.65,4.65,4.46,4.52,2768340,12556758.000
2012-02-17,4.52,4.58,4.45,4.50,1756119,7921687.000
2012-02-20,4.56,4.64,4.47,4.49,1840919,8352139.000
2012-02-21,4.49,4.55,4.44,4.54,1566060,7050782.000
2012-02-22,4.54,4.70,4.53,4.62,2227468,10255866.000
2012-02-23,4.62,4.74,4.58,4.63,2372489,11025568.000
2012-02-24,4.65,4.81,4.61,4.73,4372728,20666980.000
2012-02-27,4.78,4.88,4.69,4.69,3497701,16684838.000
2012-02-28,4.74,4.92,4.69,4.92,6639709,32472784.000
2012-02-29,4.94,5.02,4.79,4.84,4394873,21535412.000
2012-03-01,4.82,4.85,4.69,4.77,2385496,11334094.000
2012-03-02,4.73,4.82,4.73,4.79,1536146,7349230.000
2012-03-05,4.78,4.87,4.76,4.79,1822128,8755671.000
2012-03-06,4.79,4.79,4.65,4.73,1812202,8541358.000
2012-03-07,4.67,4.75,4.66,4.68,1150247,5418731.000
2012-03-08,4.72,4.87,4.69,4.75,1424365,6786814.000
2012-03-09,4.79,4.79,4.70,4.76,1739240,8229638.000
2012-03-12,4.76,4.79,4.70,4.78,1126235,5357378.000
2012-03-13,4.73,4.97,4.73,4.83,2747817,13317876.000
2012-03-14,4.82,4.88,4.59,4.59,3354909,16005432.000
2012-03-15,4.59,4.64,4.36,4.51,2111253,9401231.000
2012-03-16,4.49,4.53,4.45,4.49,1778001,7995771.000
2012-03-19,4.52,4.71,4.50,4.71,2330562,10914648.000
2012-03-20,4.70,4.85,4.70,4.73,3046382,14498445.000
2012-03-21,4.73,4.93,4.68,4.76,2122428,10163598.000
2012-03-22,4.77,4.86,4.68,4.81,2053880,9834227.000
2012-03-23,4.84,5.05,4.75,5.02,6860390,34146964.000
2012-03-26,5.01,5.11,4.80,4.93,4029952,19970444.000
2012-03-27,4.97,5.14,4.81,5.01,4729706,23606968.000
2012-03-28,5.00,5.09,4.83,4.90,4548339,22597152.000
2012-03-29,4.88,4.98,4.66,4.66,3698714,17687540.000
2012-03-30,4.66,4.73,4.44,4.47,1743853,7951050.000
2012-04-05,4.47,4.69,4.47,4.62,1788758,8261273.000
2012-04-06,4.61,4.71,4.61,4.62,927555,4329354.000
2012-04-09,4.62,4.71,4.58,4.65,1341025,6234521.000
2012-04-10,4.64,4.88,4.50,4.79,3345619,15805117.000
2012-04-11,4.72,4.96,4.66,4.78,3355630,15980855.000
2012-04-13,4.82,4.90,4.81,4.85,3270420,15866100.000
2012-04-16,4.80,4.85,4.75,4.76,2743827,13132887.000
2012-04-17,4.74,4.80,4.72,4.76,1647643,7852000.000
2012-04-18,4.78,4.86,4.66,4.80,3266844,15608571.000
2012-04-19,4.80,4.87,4.75,4.80,2559150,12333600.000
2012-04-20,4.80,4.92,4.76,4.87,2784825,13498984.000
2012-04-23,4.86,4.91,4.78,4.85,3005414,14563667.000
2012-04-24,4.75,4.75,4.61,4.61,1522200,7025698.000
2012-04-25,4.38,4.46,4.38,4.40,5177080,22728398.000
2012-04-26,4.40,4.42,4.30,4.37,2341642,10226553.000
2012-04-27,4.32,4.35,4.15,4.18,2815188,11815280.000
2012-05-02,3.97,4.10,3.97,3.97,4451100,17707924.000
2012-05-03,3.88,3.95,3.80,3.91,2854585,11044609.000
2012-05-04,3.84,4.02,3.84,3.98,2671835,10592237.000
2012-05-07,3.98,4.11,3.93,4.08,2368130,9583822.000
2012-05-08,4.07,4.20,4.04,4.15,1780640,7315108.000
2012-05-09,4.12,4.36,4.09,4.29,3944762,16781328.000
2012-05-10,4.26,4.43,4.24,4.38,2751700,11887795.000
2012-05-11,4.37,4.40,4.32,4.33,1128400,4914016.000
2012-05-14,4.35,4.46,4.26,4.38,2462124,10727983.000
2012-05-15,4.30,4.46,4.25,4.37,3238919,14105189.000
2012-05-16,4.33,4.33,4.15,4.24,1806951,7617997.000
2012-05-17,4.20,4.23,4.04,4.15,2813705,11557415.000
2012-05-18,4.08,4.20,4.05,4.18,1505172,6234163.000
2012-05-21,4.17,4.19,4.02,4.10,1195792,4904755.000
2012-05-22,4.13,4.13,4.05,4.10,655848,2682951.000
2012-05-23,4.10,4.14,4.07,4.12,896801,3678911.000
2012-05-24,4.15,4.15,3.91,3.93,1897690,7596279.000
2012-05-28,3.88,4.00,3.88,3.98,1093911,4315361.000
2012-05-29,3.96,4.06,3.95,4.06,888136,3571637.000
2012-05-30,4.06,4.16,4.04,4.11,1008136,4137677.000
2012-05-31,4.10,4.14,4.06,4.10,682901,2801518.000
2012-06-01,4.09,4.19,4.09,4.16,1285810,5340758.000
2012-06-04,4.09,4.14,4.03,4.05,917539,3739998.000
2012-06-05,4.10,4.10,4.01,4.04,983529,3979303.000
2012-06-06,4.01,4.06,3.99,4.00,940801,3778198.000
2012-06-07,4.00,4.06,3.99,4.03,1990711,8011949.000
2012-06-08,4.06,4.06,3.94,3.98,1291601,5163900.000
2012-06-11,3.95,4.16,3.91,4.05,2057000,8323248.000
2012-06-12,4.02,4.06,4.00,4.03,829938,3342345.000
2012-06-13,4.02,4.13,4.02,4.10,1967778,8055987.000
2012-06-14,4.07,4.12,4.04,4.08,1169179,4774264.000
2012-06-15,4.12,4.24,4.06,4.11,2360652,9738282.000
2012-06-18,4.11,4.15,4.07,4.15,1795300,7391362.000
2012-06-19,4.15,4.20,4.15,4.19,1779138,7437593.000
2012-06-20,4.20,4.22,4.15,4.16,1928149,8033146.000
2012-06-21,4.13,4.20,4.13,4.16,2496279,10405203.000
2012-06-25,4.18,4.18,3.97,3.98,2058100,8361661.000
2012-06-26,3.96,4.04,3.90,4.03,975400,3898882.000
2012-06-27,4.03,4.05,3.96,3.99,983699,3945829.000
2012-06-28,3.99,4.03,3.93,3.96,684797,2719118.000
2012-06-29,4.01,4.01,3.88,4.00,739106,2923568.000
2012-07-02,4.00,4.05,3.98,4.03,581009,2332453.000
2012-07-03,4.03,4.11,4.01,4.10,1231198,5007339.000
2012-07-04,4.09,4.11,4.01,4.04,881599,3563252.000
2012-07-05,3.95,4.02,3.89,3.94,1049200,4123238.000
2012-07-06,3.97,3.99,3.85,3.97,934989,3653440.000
2012-07-09,3.96,3.97,3.85,3.87,1315768,5115552.000
2012-07-10,3.85,3.88,3.79,3.82,734477,2811095.000
2012-07-11,3.86,3.90,3.80,3.86,366500,1411725.000
2012-07-12,3.86,3.94,3.76,3.87,3462801,13473419.000
2012-07-13,3.91,3.93,3.84,3.87,2000050,7826199.000
2012-07-16,3.88,3.88,3.68,3.69,2325099,8683049.000
2012-07-17,3.68,3.87,3.65,3.79,2088040,7828583.000
2012-07-18,3.80,3.80,3.72,3.79,866605,3257984.000
2012-07-19,3.79,3.87,3.76,3.85,1622083,6200254.000
2012-07-20,3.81,3.84,3.72,3.78,902547,3419468.000
2012-07-23,3.72,3.77,3.66,3.71,914599,3390167.000
2012-07-24,3.73,3.76,3.67,3.72,751580,2794379.000
2012-07-25,3.70,3.73,3.61,3.64,1330199,4878144.000
2012-07-26,3.62,3.65,3.56,3.58,791200,2856340.000
2012-07-27,3.59,3.62,3.56,3.60,589108,2113305.000
2012-07-30,3.42,3.42,3.42,3.42,305400,1044468.000
2012-07-31,3.25,3.25,3.25,3.25,24400,79300.000
2012-08-01,3.09,3.09,3.09,3.09,458700,1417383.000
2012-08-02,2.94,3.09,2.94,2.94,5541619,16321961.000
2012-08-03,2.92,3.03,2.83,2.96,3632420,10591784.000
2012-08-06,2.92,3.03,2.91,3.02,1698441,5077519.000
2012-08-07,3.02,3.07,3.00,3.07,1971791,5994066.000
2012-08-08,3.05,3.09,3.04,3.05,1546850,4745987.000
2012-08-09,3.05,3.10,3.02,3.08,1914097,5864207.000
2012-08-10,3.05,3.11,3.04,3.08,2264777,6988446.000
2012-08-13,3.09,3.09,2.93,2.95,2288590,6880395.000
2012-08-14,2.95,2.99,2.90,2.98,1819018,5356844.000
2012-08-15,2.97,3.04,2.93,3.01,2082610,6263478.000
2012-08-16,3.02,3.05,2.96,3.02,1399390,4219484.000
2012-08-17,3.02,3.04,2.99,3.03,1618100,4880788.000
2012-08-20,3.03,3.05,2.97,3.04,1282641,3863517.000
2012-08-21,3.04,3.15,3.02,3.13,3088268,9619040.000
2012-08-22,3.15,3.29,3.14,3.29,8999186,29339504.000
2012-08-28,3.62,3.62,3.62,3.62,742107,2686427.000
2012-08-29,3.63,3.79,3.48,3.55,15436272,55790464.000
2012-08-30,3.49,3.49,3.21,3.33,8000727,26736930.000
2012-08-31,3.30,3.66,3.26,3.66,10005366,35756460.000
2012-09-03,3.69,3.75,3.57,3.65,10416679,38019832.000
2012-09-04,3.58,3.81,3.51,3.62,9628988,35524504.000
2012-09-05,3.55,3.67,3.46,3.56,5180893,18418128.000
2012-09-06,3.52,3.70,3.52,3.63,6802751,24528536.000
2012-09-07,3.62,3.79,3.60,3.68,7764581,28746884.000
2012-09-10,3.64,3.90,3.64,3.74,7494682,28371080.000
2012-09-11,3.71,3.91,3.68,3.81,7872729,30105868.000
2012-09-12,3.80,3.90,3.74,3.89,6414599,24392978.000
2012-09-13,3.87,3.95,3.77,3.79,5807474,22475924.000
2012-09-14,3.77,3.84,3.66,3.70,3945024,14674380.000
2012-09-17,3.69,3.75,3.54,3.60,2965909,10714020.000
2012-09-18,3.58,3.74,3.55,3.68,3542272,13031295.000
2012-09-19,3.69,3.72,3.61,3.70,2759696,10124547.000
2012-09-20,3.66,3.74,3.55,3.55,2899015,10527866.000
2012-09-21,3.50,3.55,3.33,3.34,3810783,13100726.000
2012-09-24,3.33,3.42,3.28,3.36,1998573,6733279.000
2012-09-25,3.36,3.46,3.32,3.40,1695740,5777066.000
2012-09-26,3.40,3.74,3.40,3.74,6473410,24069050.000
2012-09-27,3.76,4.11,3.76,4.11,13872008,56247972.000
2012-09-28,4.42,4.52,4.42,4.52,6855572,30801248.000
2012-10-09,4.97,4.97,4.97,4.97,2867999,14253955.000
2012-10-10,5.20,5.47,5.01,5.47,37253596,196589088.000
2012-10-11,5.20,5.98,5.18,5.68,39997429,224701088.000
2012-10-15,5.23,6.03,5.23,5.94,32978315,185048768.000
2012-10-16,5.79,6.53,5.72,6.53,31810199,199207488.000
2012-10-17,6.79,7.07,6.04,6.20,49648734,325343904.000
2012-10-18,6.05,6.30,5.97,6.12,34571620,211221312.000
2012-10-19,6.02,6.14,5.84,5.92,32722229,195183680.000
2012-10-22,5.88,6.03,5.87,5.93,23470581,139696352.000
2012-10-23,5.91,6.13,5.73,6.05,34884157,207858256.000
2012-10-24,5.90,5.96,5.68,5.82,22701242,132024264.000
2012-10-25,5.74,5.85,5.24,5.36,25701704,141615008.000
2012-10-26,5.36,5.45,5.16,5.38,16645127,88524240.000
2012-10-29,5.38,5.40,5.19,5.36,11669614,62086356.000
2012-10-30,5.29,5.38,5.01,5.09,15535655,79984752.000
2012-10-31,5.02,5.27,5.02,5.17,10331124,53055040.000
2012-11-01,5.12,5.35,5.11,5.22,13713820,71768696.000
2012-11-02,5.19,5.39,5.08,5.32,13562886,70842184.000
2012-11-05,5.29,5.64,5.16,5.58,28812459,157004416.000
2012-11-06,5.51,5.64,5.10,5.20,25428187,135720608.000
2012-11-07,5.06,5.07,4.76,4.81,18944598,92510704.000
2012-11-08,4.73,4.86,4.70,4.74,10350527,49378472.000
2012-11-09,4.69,4.74,4.54,4.66,8744448,40554176.000
2012-11-12,4.66,4.75,4.61,4.74,7214499,33726048.000
2012-11-13,4.73,4.73,4.47,4.48,6893412,31560358.000
2012-11-14,4.47,4.57,4.45,4.55,4946793,22318992.000
2012-11-15,4.50,4.54,4.40,4.41,4574544,20443624.000
2012-11-16,4.41,4.48,4.38,4.45,3701590,16406921.000
2012-11-19,4.48,4.61,4.42,4.58,5787610,26219288.000
2012-11-20,4.61,4.74,4.54,4.62,9996879,46450620.000
2012-11-21,4.65,4.69,4.17,4.44,12552905,54941392.000
2012-11-22,4.37,4.43,4.26,4.27,7309536,31590686.000
2012-11-23,4.22,4.34,4.21,4.23,5756930,24544636.000
2012-11-26,4.23,4.27,4.10,4.11,4492689,18640230.000
2012-11-27,4.04,4.09,3.86,3.87,6634083,26195616.000
2012-11-28,3.82,3.95,3.80,3.83,5396266,20919920.000
2012-11-29,3.81,3.96,3.75,3.88,5989078,23101128.000
2012-11-30,3.85,4.16,3.80,4.10,13206697,53410316.000
2012-12-03,3.95,4.07,3.93,3.99,7669690,30658340.000
2012-12-04,3.91,4.39,3.76,4.39,16595064,68366864.000
2012-12-05,4.39,4.58,4.26,4.49,23577358,104227272.000
2012-12-06,4.38,4.71,4.32,4.45,17798919,80161376.000
2012-12-07,4.41,4.55,4.25,4.49,15078609,66862936.000
2012-12-10,4.46,4.92,4.37,4.73,25853356,120756304.000
2012-12-11,4.65,4.91,4.55,4.61,20011446,94321704.000
2012-12-12,4.50,4.69,4.43,4.65,12504527,56788988.000
2012-12-13,4.61,5.12,4.56,5.12,13032812,65230748.000
2012-12-14,5.15,5.61,5.02,5.34,38392087,206050992.000
2012-12-17,5.18,5.39,4.81,5.25,23958050,124759712.000
2012-12-18,5.20,5.21,5.01,5.04,15238666,77666680.000
2012-12-19,4.94,5.23,4.94,5.15,13382356,68324448.000
2012-12-20,5.10,5.13,4.96,5.02,9495943,47732836.000
2012-12-21,5.00,5.09,4.82,4.87,10323068,50837364.000
2012-12-24,4.84,5.22,4.75,5.20,19782568,100362512.000
2012-12-25,5.17,5.26,5.09,5.25,18299659,94773632.000
2012-12-26,5.25,5.41,5.15,5.22,13290111,70041528.000
2012-12-27,5.19,5.62,5.00,5.35,25737623,137458128.000
2012-12-28,5.27,5.47,5.18,5.30,14503055,76877672.000
2012-12-31,5.38,5.43,5.21,5.24,10577939,56377248.000
2013-01-04,5.24,5.32,5.08,5.09,9550727,49224448.000
2013-01-07,5.09,5.25,5.07,5.14,7806720,40262176.000
2013-01-08,5.15,5.31,5.07,5.28,11424164,59476744.000
2013-01-09,5.28,5.34,5.14,5.19,9816442,51480540.000
2013-01-10,5.08,5.20,5.02,5.11,8289730,42378716.000
2013-01-11,5.08,5.11,4.80,4.81,9202927,45747200.000
2013-01-14,4.73,4.93,4.65,4.91,9605690,46035776.000
2013-01-15,4.90,5.38,4.90,5.27,15696869,81167760.000
2013-01-23,5.80,5.80,5.80,5.80,2488254,14431873.000
2013-01-24,6.38,6.38,5.56,6.00,41326824,250902464.000
2013-01-25,5.85,5.96,5.40,5.46,21465525,119811840.000
2013-01-28,5.30,5.31,4.93,5.24,17346795,89865168.000
2013-01-29,5.20,5.39,5.07,5.37,15048296,78767944.000
2013-01-30,5.30,5.37,5.15,5.19,9823160,51336392.000
2013-01-31,5.19,5.24,5.05,5.07,7365881,37720996.000
2013-02-01,5.09,5.11,4.96,5.06,6812487,34214160.000
2013-02-04,5.06,5.16,5.01,5.15,6875426,35038952.000
2013-02-05,5.10,5.13,5.00,5.07,4301148,21765728.000
2013-02-06,5.09,5.13,5.00,5.03,5774572,29102492.000
2013-02-07,5.03,5.11,4.98,5.06,4432612,22478080.000
2013-02-08,5.06,5.11,5.02,5.06,3956699,20057128.000
2013-02-18,5.14,5.57,5.05,5.57,16096724,85458168.000
2013-02-19,5.55,5.59,5.30,5.34,13443544,73116376.000
2013-02-20,5.34,5.87,5.26,5.87,23355053,133276176.000
2013-02-21,6.10,6.46,5.91,6.39,36185677,223600112.000
2013-02-25,6.16,6.87,5.92,6.70,30837172,197656800.000
2013-02-26,6.47,6.86,6.36,6.39,21449030,141163936.000
2013-02-27,6.30,6.76,6.17,6.56,20526742,132189648.000
2013-02-28,6.51,7.07,6.43,6.63,26521169,179098368.000
2013-03-01,6.63,7.29,6.56,7.15,28062500,198848544.000
2013-03-04,7.11,7.87,7.00,7.87,33069849,248571280.000
2013-03-05,7.87,8.66,7.73,8.43,35200726,291339840.000
2013-03-06,8.34,8.96,8.10,8.25,32420732,275347136.000
2013-03-07,8.38,9.08,8.03,9.07,37345372,317614176.000
2013-03-08,8.81,9.38,8.65,8.85,33339058,299335168.000
2013-03-11,8.67,8.69,7.97,7.97,26242156,212594832.000
2013-03-12,7.90,8.37,7.72,8.17,25576653,206326992.000
2013-03-13,8.07,8.08,7.50,7.82,21542236,167829376.000
2013-03-14,7.66,7.92,7.58,7.65,14268828,110291024.000
2013-03-15,7.66,8.03,7.44,7.71,19011187,147790096.000
2013-03-18,7.78,8.02,7.58,7.83,15766716,123660000.000
2013-03-19,7.81,7.88,7.20,7.38,17898017,133429816.000
2013-03-20,7.30,7.65,7.25,7.53,13933360,104056176.000
2013-03-21,7.41,8.28,7.41,8.28,29729003,236187776.000
2013-03-22,8.35,8.42,8.04,8.15,24540234,202188768.000
2013-03-25,8.05,8.38,7.89,8.36,18592012,151364464.000
2013-03-26,8.20,8.36,8.00,8.02,14638570,118909392.000
2013-03-27,8.05,8.13,7.54,7.73,15548784,120588808.000
2013-03-28,7.53,7.53,7.15,7.22,13652396,100020584.000
2013-03-29,7.20,7.45,7.07,7.29,10779353,78433168.000
2013-04-01,7.29,7.35,7.10,7.23,9266033,66783584.000
2013-04-02,7.20,7.49,7.09,7.17,10883265,79553696.000
2013-04-03,7.02,7.33,6.98,7.09,7192189,50966944.000
2013-04-08,6.93,7.27,6.61,7.19,10552050,73164800.000
2013-04-09,7.12,7.39,7.10,7.23,7255569,52492532.000
2013-04-10,7.22,7.43,7.07,7.40,8565801,62124364.000
2013-04-11,7.50,8.08,7.32,7.77,20339648,157320800.000
2013-04-12,7.50,7.50,6.99,7.13,15258140,109796392.000
2013-04-15,6.95,7.17,6.80,6.97,6652981,46535328.000
2013-04-16,6.89,6.99,6.75,6.90,4183587,28813460.000
2013-04-17,6.87,7.13,6.85,7.04,5135454,35962040.000
2013-04-18,6.95,7.38,6.82,7.22,9607919,68643864.000
2013-04-19,7.16,7.35,7.01,7.23,9730566,70108608.000
2013-04-22,7.13,7.35,7.06,7.25,7337463,53112016.000
2013-04-23,7.20,7.29,6.96,7.12,7368720,52381624.000
2013-04-24,7.15,7.40,7.01,7.16,11181681,81187168.000
2013-04-25,7.20,7.40,7.01,7.13,12094055,87404768.000
2013-04-26,7.00,7.00,6.49,6.50,13551157,90497104.000
2013-05-03,6.19,6.31,6.18,6.18,9350561,57885368.000
2013-05-06,6.20,6.49,6.20,6.49,4069386,26081332.000
2013-05-07,6.81,6.81,6.81,6.81,1034261,7043317.000
2013-05-08,7.15,7.15,7.01,7.15,9975715,71068928.000
2013-05-10,7.27,7.51,7.17,7.36,11843980,87568728.000
2013-05-13,7.32,7.73,7.32,7.73,5801100,44457628.000
2013-05-14,7.88,8.12,7.88,8.12,4193052,33862972.000
2013-05-16,8.30,8.53,8.25,8.53,1915151,16148395.000
2013-05-17,8.96,8.96,8.11,8.56,20691435,177945632.000
2013-05-20,8.76,8.96,8.44,8.68,8239129,71739600.000
2013-05-21,8.62,9.11,8.62,9.11,6916785,61915700.000
2013-05-22,9.35,9.48,8.65,8.65,12512372,113315032.000
2013-05-23,8.32,8.66,8.30,8.48,8878517,75043352.000
2013-05-24,8.61,8.72,8.42,8.63,3739573,32049788.000
2013-05-27,8.65,8.69,8.30,8.48,5499158,46554056.000
2013-05-28,8.53,8.58,8.28,8.32,5419985,45467520.000
2013-05-29,8.27,8.74,8.17,8.74,9473400,81357344.000
2013-05-30,8.79,8.99,8.50,8.52,6487796,56633936.000
2013-05-31,8.45,8.75,8.32,8.35,5339299,45297648.000
2013-06-03,8.38,8.65,8.29,8.42,3608890,30542032.000
2013-06-04,8.42,8.78,8.33,8.63,6623851,56923584.000
2013-06-05,8.69,8.95,8.60,8.82,7398587,64961720.000
2013-06-06,8.84,8.89,8.38,8.38,8077480,68952896.000
2013-06-07,8.43,8.58,8.23,8.44,4717930,39847020.000
2013-06-13,8.30,8.40,8.05,8.10,5031471,41085976.000
2013-06-14,8.10,8.28,8.10,8.18,3155457,25810608.000
2013-06-17,8.15,8.44,8.09,8.32,3215922,26637276.000
2013-06-18,8.31,8.49,8.19,8.24,2721098,22581608.000
2013-06-19,8.06,8.26,7.88,8.01,4674954,37521960.000
2013-06-20,7.91,7.99,7.61,7.61,5904419,45777092.000
2013-06-21,7.50,7.69,7.23,7.55,5307376,39614720.000
2013-06-24,7.40,7.50,7.17,7.17,4211952,30592360.000
2013-06-25,6.91,7.00,6.81,6.91,5025217,34471720.000
2013-06-26,6.90,7.12,6.74,7.07,4473740,31015876.000
2013-06-27,7.02,7.16,6.72,6.72,5585731,38643820.000
2013-06-28,6.57,6.88,6.38,6.55,4420619,29126684.000
2013-07-01,6.40,6.88,6.40,6.88,2651500,17684784.000
2013-07-02,7.20,7.22,6.88,7.22,2209448,15779801.000
2013-07-03,7.41,7.57,7.21,7.55,6791587,50333096.000
2013-07-04,7.42,7.75,7.35,7.46,4964643,37269008.000
2013-07-05,7.46,7.59,7.35,7.35,3365699,25119744.000
2013-07-08,7.13,7.14,6.98,6.98,3720825,26054860.000
2013-07-09,6.72,7.03,6.69,6.96,2014583,13813270.000
2013-07-10,7.01,7.31,6.94,7.31,2239987,15913219.000
2013-07-11,7.48,7.67,7.27,7.40,4892418,36456088.000
2013-07-12,7.40,7.53,7.18,7.26,2933499,21556596.000
数据来源:通达信
