600359 新农开发 日线
      日期	    开盘	    最高	    最低	    收盘	    成交量	    成交额
2007-01-11,3.78,3.92,3.75,3.80,8449438,34627580.000
2007-01-12,3.78,3.86,3.55,3.60,4559637,18184762.000
2007-01-15,3.62,3.88,3.61,3.86,5972499,24076824.000
2007-01-16,3.91,4.03,3.82,3.98,9099807,37813732.000
2007-01-17,3.98,4.10,3.80,3.96,8727578,36893312.000
2007-01-18,4.06,4.19,4.05,4.17,19018014,83111504.000
2007-01-19,4.17,4.40,4.07,4.32,14290456,64045764.000
2007-01-22,4.33,4.40,4.23,4.38,10850881,49714656.000
2007-01-23,4.38,4.38,4.16,4.34,8772017,39733464.000
2007-01-24,4.32,4.54,4.27,4.37,7961973,37140492.000
2007-01-25,4.38,4.38,4.09,4.10,6323104,28193452.000
2007-01-26,4.05,4.11,3.85,4.03,5229600,22134534.000
2007-01-29,4.06,4.25,4.06,4.25,5782062,25557196.000
2007-01-30,4.41,4.70,4.41,4.70,9325007,45714300.000
2007-01-31,4.84,4.88,4.23,4.33,17213753,84334944.000
2007-02-01,4.24,4.60,4.21,4.51,9649653,44873372.000
2007-02-02,4.50,4.53,4.20,4.24,6143931,28367878.000
2007-02-05,4.26,4.43,4.25,4.31,4432437,20355260.000
2007-02-06,4.33,4.48,4.31,4.47,4826409,22443128.000
2007-02-07,4.50,4.53,4.39,4.46,5004664,23513312.000
2007-02-08,4.47,4.70,4.32,4.55,10688516,50698128.000
2007-02-09,4.56,5.03,4.50,4.89,16830575,84306360.000
2007-02-12,4.82,5.10,4.82,5.10,17783827,92953848.000
2007-02-13,5.25,5.35,5.12,5.34,16033811,88114944.000
2007-02-14,5.43,5.43,5.12,5.25,13550091,74433160.000
2007-02-15,5.31,5.33,5.13,5.33,11505643,63082952.000
2007-02-16,5.33,5.45,5.20,5.33,11862225,65883672.000
2007-02-26,5.35,5.70,5.26,5.62,8500899,48890728.000
2007-02-27,5.62,5.71,5.03,5.03,12035458,67281592.000
2007-02-28,4.94,5.35,4.91,5.27,11247573,60782928.000
2007-03-01,5.27,5.60,4.95,5.56,18734392,106079704.000
2007-03-02,5.53,5.94,5.48,5.78,19480831,117126792.000
2007-03-05,5.81,5.90,5.25,5.45,15377312,89649256.000
2007-03-06,5.45,5.46,5.22,5.36,6031495,33792160.000
2007-03-07,5.36,5.44,5.33,5.43,6411453,36150120.000
2007-03-08,5.43,5.53,5.30,5.52,7440199,42094224.000
2007-03-09,5.51,5.75,5.33,5.57,10358917,60135928.000
2007-03-12,5.55,5.80,5.51,5.75,10912608,64506248.000
2007-03-13,5.76,6.04,5.69,5.95,17993726,110295264.000
2007-03-14,5.83,5.92,5.55,5.76,14648253,88090976.000
2007-03-15,5.74,6.00,5.70,5.91,11743742,71929224.000
2007-03-16,5.96,6.11,5.65,5.74,13331920,82284752.000
2007-03-19,5.43,5.73,5.43,5.67,8003881,47029332.000
2007-03-20,5.67,5.93,5.58,5.85,7673658,46287880.000
2007-03-21,5.85,5.91,5.75,5.89,8951725,54615132.000
2007-03-22,5.90,6.50,5.85,6.19,22426827,143202512.000
2007-03-23,6.25,6.68,6.17,6.59,29514184,197453824.000
2007-03-26,6.85,6.99,6.65,6.82,23584639,165431168.000
2007-03-27,6.81,6.87,6.66,6.86,13384377,93759760.000
2007-03-28,6.84,6.84,6.31,6.61,12620335,86896752.000
2007-03-29,6.66,6.68,6.23,6.24,9694689,64842016.000
2007-03-30,6.24,6.40,6.13,6.35,4971071,32643538.000
2007-04-02,6.46,6.55,6.35,6.55,4269627,28645084.000
2007-04-03,6.55,6.64,6.48,6.58,4632004,31508518.000
2007-04-04,6.55,6.65,6.48,6.56,5324281,36220448.000
2007-04-05,6.58,6.67,6.45,6.65,7372203,50302964.000
2007-04-06,6.60,6.81,6.50,6.74,9481860,66094160.000
2007-04-09,6.78,6.94,6.73,6.77,9350709,66096200.000
2007-04-10,6.67,6.72,6.38,6.66,8690939,59369896.000
2007-04-11,6.68,6.90,6.60,6.88,15756332,111227208.000
2007-04-12,6.87,7.14,6.76,7.11,15727863,112660872.000
2007-04-13,7.11,7.11,6.82,6.91,11673461,84720800.000
2007-04-16,6.90,7.20,6.85,7.15,12410160,90718800.000
2007-04-17,7.20,7.84,7.13,7.69,18297776,141529600.000
2007-04-18,7.99,8.44,7.82,8.18,24195446,203126176.000
2007-04-19,8.22,8.22,7.34,7.48,13523311,108002368.000
2007-04-20,7.57,8.25,7.57,8.25,13022487,107348432.000
2007-04-23,8.48,9.10,8.46,9.10,37762998,340676352.000
2007-04-24,9.25,9.85,8.85,9.32,32162337,305841088.000
2007-04-25,9.22,9.22,8.66,8.90,17146595,156246880.000
2007-04-26,8.90,8.96,8.58,8.90,12760158,115095976.000
2007-04-27,8.92,9.06,8.71,9.02,16703564,152695984.000
2007-04-30,9.16,9.65,9.03,9.47,28371535,271000160.000
2007-05-08,9.60,9.69,9.35,9.49,19179905,186487216.000
2007-05-09,9.45,9.45,8.88,9.24,15278527,143726176.000
2007-05-11,9.19,9.19,8.85,8.95,10195897,93751048.000
2007-05-14,8.89,9.02,8.65,8.87,9739930,88570528.000
2007-05-15,8.87,9.08,8.47,8.48,10620578,96234000.000
2007-05-16,8.35,8.78,8.35,8.77,6662468,58680324.000
2007-05-17,8.79,9.41,8.75,9.35,16463996,153812656.000
2007-05-18,9.51,10.24,9.50,9.63,35052831,349606880.000
2007-05-21,9.03,9.82,8.93,9.51,15144826,147544352.000
2007-05-22,9.51,9.71,9.50,9.55,14201883,139472112.000
2007-05-23,9.58,10.10,9.58,9.94,19987278,202244784.000
2007-05-24,9.93,9.98,9.33,9.63,16864179,166491968.000
2007-05-25,9.60,10.05,9.45,9.91,19111878,192027840.000
2007-05-28,10.04,10.49,9.91,10.16,23945383,251151840.000
2007-05-29,10.06,10.70,9.85,10.66,30916935,328163968.000
2007-05-30,9.86,10.60,9.57,9.65,26251883,267324912.000
2007-05-31,9.86,10.12,8.81,9.10,28679157,275922752.000
2007-06-01,8.80,9.05,8.17,8.17,12582180,109295136.000
2007-06-04,7.60,7.83,7.33,7.33,4422311,33913820.000
2007-06-05,6.57,6.95,6.57,6.90,15459124,106647400.000
2007-06-06,6.95,7.11,6.45,6.86,11771043,83567952.000
2007-06-07,6.85,7.24,6.76,7.23,14444015,104559944.000
2007-06-08,7.23,7.80,7.09,7.73,20162812,157086416.000
2007-06-11,8.05,8.29,7.81,7.85,27824485,230755616.000
2007-06-12,7.90,8.10,7.55,8.03,15867045,129145368.000
2007-06-13,8.21,8.43,7.95,8.29,14345590,121092496.000
2007-06-14,8.21,8.22,7.82,7.86,10552693,87103216.000
2007-06-15,8.00,8.15,7.71,7.90,8622369,70949688.000
2007-06-18,7.93,8.15,7.87,8.00,9535466,78590272.000
2007-06-19,7.92,8.00,7.65,7.92,8358937,67632488.000
2007-06-20,7.93,8.03,7.44,7.45,8700738,70459232.000
2007-06-21,7.47,7.72,7.15,7.32,7589757,58261876.000
2007-06-22,7.32,7.55,6.65,6.86,8906622,65556168.000
2007-06-25,6.90,7.05,6.15,6.15,6963850,46678468.000
2007-06-26,6.03,6.23,5.86,6.22,6178032,38667640.000
2007-06-27,6.25,6.34,6.00,6.33,5771003,37236884.000
2007-06-28,6.30,6.30,5.67,5.67,6576553,41188816.000
2007-06-29,5.49,5.61,5.21,5.32,6336865,35917632.000
2007-07-02,5.35,5.73,5.35,5.63,5464252,31688816.000
2007-07-03,5.69,5.87,5.60,5.80,5287098,31731724.000
2007-07-04,5.80,5.84,5.51,5.60,3404771,20131804.000
2007-07-05,5.47,5.58,5.12,5.18,2736129,15197723.000
2007-07-06,5.16,5.66,5.16,5.63,4907392,27717280.000
2007-07-09,5.70,5.99,5.67,5.86,7104986,42919156.000
2007-07-10,5.91,6.15,5.80,5.87,8276986,51083800.000
2007-07-11,5.90,6.11,5.80,6.04,5247781,32508492.000
2007-07-12,6.08,6.13,5.87,5.96,3412994,20912096.000
2007-07-13,5.97,5.97,5.65,5.78,3678385,21838492.000
2007-07-16,5.84,5.98,5.57,5.77,3316494,19871252.000
2007-07-17,5.68,5.88,5.64,5.83,2919445,17437804.000
2007-07-18,5.83,5.86,5.68,5.75,2943215,17621792.000
2007-07-19,5.77,5.91,5.70,5.81,1731542,10391973.000
2007-07-20,5.78,6.10,5.77,5.98,4426045,27290992.000
2007-07-23,6.00,6.46,5.99,6.43,10553975,67948800.000
2007-07-24,6.50,6.60,6.26,6.31,8905926,59150708.000
2007-07-25,6.29,6.54,6.24,6.50,6753816,44658740.000
2007-07-26,6.56,6.90,6.40,6.88,9613919,65877344.000
2007-07-27,6.72,7.08,6.65,6.91,9206786,65128076.000
2007-07-30,6.95,7.10,6.89,7.00,10786010,77702112.000
2007-07-31,6.95,7.22,6.77,7.21,10006102,72048344.000
2007-08-01,7.22,7.30,6.69,6.76,11642428,84516832.000
2007-08-02,6.80,7.46,6.80,7.46,18987032,141100912.000
2007-08-03,7.80,8.23,7.68,8.23,35019894,288212128.000
2007-08-06,8.10,8.15,7.69,7.99,17493281,142253728.000
2007-08-07,8.05,8.57,7.71,8.09,15661757,130990432.000
2007-08-08,8.03,8.40,7.70,8.04,10439170,85787392.000
2007-08-09,8.00,8.29,7.90,8.07,7639522,63058516.000
2007-08-10,7.94,8.06,7.37,7.53,8292629,65023000.000
2007-08-13,7.48,7.65,7.25,7.34,6615846,50749296.000
2007-08-14,7.34,7.65,7.25,7.57,4024947,31108688.000
2007-08-15,7.60,7.69,7.15,7.35,5658657,42659436.000
2007-08-16,7.39,7.65,7.22,7.53,5545107,42753096.000
2007-08-17,7.39,7.65,7.32,7.35,4521287,34595768.000
2007-08-20,7.43,7.69,7.34,7.65,5206922,40467036.000
2007-08-21,7.71,7.99,7.60,7.93,7865383,63093184.000
2007-08-22,7.72,7.97,7.71,7.82,6227448,50104396.000
2007-08-23,7.85,7.98,7.73,7.92,7263327,58307200.000
2007-08-24,7.92,7.96,7.72,7.75,5430524,43538352.000
2007-08-27,7.76,7.87,7.45,7.49,6334577,49246632.000
2007-08-28,7.42,7.46,7.28,7.35,7244275,54683064.000
2007-08-29,7.40,8.11,7.30,8.11,15567405,124774944.000
2007-08-30,8.21,8.38,7.97,8.15,22335136,187547104.000
2007-08-31,8.13,8.60,7.92,8.29,19257812,161170976.000
2007-09-03,8.40,8.49,8.25,8.29,13678142,116906840.000
2007-09-04,8.31,8.60,8.10,8.32,11583007,99313032.000
2007-09-05,8.32,8.47,7.95,8.13,8426480,70663656.000
2007-09-06,8.17,8.35,8.06,8.22,7262373,60911232.000
2007-09-07,8.19,8.19,7.81,7.82,7478736,60928756.000
2007-09-10,7.70,7.99,7.48,7.94,5347621,42370064.000
2007-09-11,7.82,8.28,7.49,7.51,7984343,65615364.000
2007-09-12,7.60,7.90,7.41,7.83,6586876,51806256.000
2007-09-13,8.03,8.18,7.90,8.04,7317797,60163856.000
2007-09-14,8.09,8.38,7.83,8.30,13635808,114099600.000
2007-09-17,8.33,9.10,8.26,8.86,24297574,217173472.000
2007-09-18,8.79,9.53,8.57,9.30,24856723,230283216.000
2007-09-19,9.20,9.20,8.68,8.92,14363787,130832296.000
2007-09-20,8.92,9.28,8.60,8.79,12727963,116674488.000
2007-09-21,8.79,8.88,8.31,8.62,9307105,81336080.000
2007-09-24,8.60,9.05,8.49,8.90,10047767,91342184.000
2007-09-25,8.81,8.97,8.40,8.53,6366714,56178024.000
2007-09-26,8.53,8.70,8.40,8.43,3673579,32023504.000
2007-09-27,8.38,8.53,8.32,8.45,3315748,28665186.000
2007-09-28,8.50,8.74,8.50,8.55,4643378,40965960.000
2007-10-08,8.70,8.90,8.47,8.48,5208402,46304704.000
2007-10-09,8.49,8.90,8.26,8.82,5745661,50969724.000
2007-10-10,8.86,9.00,8.68,8.77,8589247,77851024.000
2007-10-11,8.73,9.18,8.64,9.13,13355502,122475864.000
2007-10-12,9.19,9.93,8.40,9.67,23027990,218428608.000
2007-10-15,9.65,9.89,9.30,9.47,13169128,128603584.000
2007-10-16,9.35,9.35,8.88,9.06,9210247,85438352.000
2007-10-17,9.10,9.18,8.78,9.01,6729534,61345860.000
2007-10-18,8.95,9.12,8.65,8.71,4355879,39179160.000
2007-10-19,8.79,8.94,8.62,8.80,3901748,35046048.000
2007-10-22,8.79,8.79,7.90,7.90,6473892,55068312.000
2007-10-23,7.92,8.05,7.25,7.53,8749346,67626888.000
2007-10-24,7.40,7.65,6.91,6.93,8428441,62218780.000
2007-10-25,6.93,6.93,6.25,6.34,6270834,41625132.000
2007-10-26,6.38,6.59,6.30,6.40,4039042,26908136.000
2007-10-29,6.52,6.52,6.09,6.50,3773145,24519900.000
2007-10-30,6.51,6.96,6.30,6.77,6051980,41442668.000
2007-10-31,6.70,7.09,6.62,6.92,5865077,41640196.000
2007-11-01,6.92,7.04,6.60,6.62,4281202,30166488.000
2007-11-02,6.50,7.24,6.32,7.14,7141216,50052576.000
2007-11-05,7.05,7.69,6.90,7.52,11915136,90797888.000
2007-11-06,7.50,7.52,7.23,7.29,4527677,34209168.000
2007-11-07,7.31,7.56,6.95,7.17,3861008,28639568.000
2007-11-08,7.07,7.43,6.96,7.02,3386501,25125564.000
2007-11-09,7.03,7.55,6.90,7.35,6063343,45592636.000
2007-11-12,7.25,7.69,7.16,7.61,7359779,56662832.000
2007-11-13,7.54,7.94,7.54,7.85,9933405,79612064.000
2007-11-14,7.90,8.06,7.72,7.89,6811951,55158616.000
2007-11-15,7.87,8.00,7.74,7.76,4266172,34274052.000
2007-11-16,7.75,8.12,7.61,8.06,6268054,51439400.000
2007-11-19,8.09,8.19,7.95,8.10,4152039,34316456.000
2007-11-20,8.14,8.15,7.96,8.03,3498582,28795388.000
2007-11-21,8.04,8.06,7.60,7.62,5600851,44919748.000
2007-11-22,7.50,7.82,7.42,7.46,3664183,28580024.000
2007-11-23,7.40,7.70,7.30,7.58,2169198,16741227.000
2007-11-26,7.80,8.00,7.63,7.86,5423346,43658988.000
2007-11-27,7.72,7.88,7.55,7.71,2515416,19868420.000
2007-11-28,7.74,7.78,7.55,7.58,2394266,18704016.000
2007-11-29,7.60,7.86,7.43,7.80,2949298,23347236.000
2007-11-30,7.88,8.18,7.60,7.89,4464111,36741076.000
2007-12-03,7.75,8.12,7.61,7.90,2377649,19383212.000
2007-12-04,7.88,8.04,7.83,7.96,1806983,14678715.000
2007-12-05,7.96,8.28,7.90,8.16,5105015,42653848.000
2007-12-06,8.11,8.20,7.98,8.08,2279225,18844604.000
2007-12-07,8.07,8.45,8.03,8.22,4271387,36167476.000
2007-12-10,8.11,8.59,8.06,8.47,6860833,59341188.000
2007-12-11,8.44,8.60,8.31,8.49,4376745,37881980.000
2007-12-12,8.52,8.73,8.41,8.56,3530692,31080496.000
2007-12-13,8.60,8.97,8.38,8.43,5869968,52515840.000
2007-12-14,8.31,8.85,8.20,8.77,4840906,42226396.000
2007-12-17,8.82,9.18,8.75,8.91,7854794,72441776.000
2007-12-18,8.88,8.98,8.58,8.63,3165333,28259238.000
2007-12-19,8.63,8.85,8.63,8.73,2660257,23739988.000
2007-12-20,8.68,9.16,8.68,9.00,4071857,37435216.000
2007-12-21,9.25,9.45,9.05,9.06,6718548,63440944.000
2007-12-24,9.16,9.35,9.09,9.14,5275291,49640296.000
2007-12-25,9.15,9.67,9.15,9.65,7333097,71039160.000
2007-12-26,9.72,10.09,9.56,10.08,10046827,101096544.000
2007-12-27,9.98,10.45,9.97,9.99,9926685,103411408.000
2007-12-28,9.97,10.25,9.71,10.10,8145023,83141984.000
2008-01-02,10.19,11.00,10.08,10.59,12097623,130737360.000
2008-01-03,10.64,10.95,10.36,10.77,13043672,141144448.000
2008-01-04,10.75,11.45,10.41,11.30,12759702,142687312.000
2008-01-07,11.14,12.37,10.83,11.89,25159728,304790400.000
2008-01-08,11.90,12.00,11.42,11.54,12390847,147132144.000
2008-01-09,11.37,12.71,11.31,12.71,25293933,321524832.000
2008-01-10,12.90,14.00,12.71,13.32,30376171,411738592.000
2008-01-11,13.08,13.40,12.70,13.09,11282309,148753968.000
2008-01-14,13.15,14.28,13.12,14.02,15046246,211122192.000
2008-01-15,13.88,15.40,13.58,15.39,18415013,273942720.000
2008-01-16,15.38,16.80,14.71,16.01,26579698,431413504.000
2008-01-23,14.39,17.27,14.39,16.59,29009471,448655040.000
2008-01-24,15.68,17.30,15.55,16.00,32967128,554521920.000
2008-01-25,15.65,15.75,14.38,14.38,34456547,512868960.000
2008-01-28,13.60,13.70,12.92,12.92,11696695,155478976.000
2008-01-29,12.20,13.09,11.80,12.38,22594488,282900480.000
2008-01-30,12.55,13.64,12.21,13.64,24611154,323217792.000
2008-01-31,13.48,13.48,12.26,12.26,15260422,198415392.000
2008-02-01,11.70,12.74,11.01,11.92,17010892,200032480.000
2008-02-04,12.09,12.92,12.09,12.73,12040447,154644144.000
2008-02-05,12.59,13.30,11.90,12.70,10956475,140177360.000
2008-02-13,12.60,13.80,12.33,13.22,13102038,176902752.000
2008-02-14,13.25,14.21,13.25,13.76,11871654,166579568.000
2008-02-15,13.78,15.10,13.30,14.94,19809982,287677536.000
2008-02-18,14.80,16.35,14.68,16.05,24653991,395401600.000
2008-02-19,16.08,16.24,15.40,15.73,18938040,303064640.000
2008-02-20,15.75,17.00,15.22,16.19,24341683,398207104.000
2008-02-21,16.26,16.70,15.60,15.70,17589444,285073760.000
2008-02-22,15.54,16.66,15.00,16.08,20610146,332389184.000
2008-02-25,15.80,17.04,15.40,16.49,24868603,416754560.000
2008-02-26,16.73,17.76,15.68,16.56,23175206,394142688.000
2008-02-27,16.30,17.00,15.60,16.96,19388240,322518304.000
2008-02-28,16.96,17.77,16.55,17.16,19742221,348392000.000
2008-02-29,17.02,17.60,16.80,16.96,12805450,222602080.000
2008-03-03,17.30,18.68,17.18,18.68,29206654,538157568.000
2008-03-05,16.80,19.48,16.80,18.61,24085541,448837280.000
2008-03-06,18.69,18.80,17.66,17.95,16018059,293227360.000
2008-03-07,17.40,18.78,16.38,17.60,16714412,300856896.000
2008-03-10,16.80,18.05,16.58,17.16,9066483,160213040.000
2008-03-11,16.88,17.80,16.88,17.50,7834102,137926544.000
2008-03-12,17.90,18.08,16.31,16.37,9381232,162456656.000
2008-03-13,15.86,15.97,14.71,14.71,11091922,169105200.000
2008-03-14,14.60,15.50,14.08,15.12,8325576,127410080.000
2008-03-17,14.80,14.98,13.59,13.59,7680709,109214552.000
2008-03-18,12.95,14.20,12.39,12.82,10137977,134233168.000
2008-03-19,13.15,14.12,12.81,14.12,13911364,193186144.000
2008-03-20,13.80,15.55,13.60,15.55,18953877,284568384.000
2008-03-21,15.54,16.31,15.20,15.42,16249431,258440144.000
2008-03-24,15.42,15.99,15.10,15.22,9944168,156796768.000
2008-03-25,14.80,15.66,14.30,15.42,8372982,127141088.000
2008-03-26,15.46,15.85,14.60,14.79,6774714,103937016.000
2008-03-27,15.10,15.65,14.67,14.69,11807791,182678000.000
2008-03-28,14.67,15.11,13.30,14.89,9951505,143181440.000
2008-03-31,14.22,15.29,13.70,13.74,8517832,124136528.000
2008-04-01,13.28,13.85,12.35,12.35,7403243,95111088.000
2008-04-02,12.55,12.55,11.10,11.10,9626140,111082592.000
2008-04-03,10.64,12.02,9.98,11.69,8672592,98894784.000
2008-04-07,11.60,12.40,11.10,12.35,12579630,154566416.000
2008-04-09,12.65,13.18,11.29,11.37,15166345,193619744.000
2008-04-10,10.80,12.53,10.71,12.53,13779217,166085344.000
2008-04-11,12.62,13.05,12.50,12.57,12192415,157972912.000
2008-04-14,11.98,13.10,11.90,12.39,11949753,153208320.000
2008-04-15,12.10,13.10,12.10,13.08,10796525,140600624.000
2008-04-16,13.09,13.39,12.60,12.83,9448603,125024800.000
2008-04-17,12.72,13.18,11.86,12.18,6948073,87771704.000
2008-04-18,12.03,12.55,10.98,11.47,8479249,101789936.000
2008-04-21,12.35,12.48,11.40,11.54,7982276,96491432.000
2008-04-22,11.21,11.69,10.58,11.22,5625471,63497824.000
2008-04-23,11.06,11.99,10.70,11.96,16267004,186944240.000
2008-04-24,13.00,13.17,12.28,13.14,29538035,385487360.000
2008-04-25,12.99,14.03,12.55,13.13,31201101,419973376.000
2008-04-28,12.60,14.22,12.35,13.83,32239183,444769664.000
2008-04-29,13.65,13.95,13.12,13.29,19231941,261957920.000
2008-04-30,13.34,13.76,12.85,13.52,24638986,335355584.000
2008-05-06,13.80,14.42,13.60,14.03,27036306,386866976.000
2008-05-07,14.00,14.30,13.25,13.30,17437064,245440784.000
2008-05-08,13.10,13.78,12.96,13.64,10189465,138974640.000
2008-05-09,13.69,14.35,13.48,13.98,16456982,233307296.000
2008-05-12,13.80,15.14,13.61,14.93,24660703,364278784.000
2008-05-13,14.50,16.40,14.45,16.05,32817820,515803520.000
2008-05-14,15.80,16.21,14.68,15.22,25474977,393888960.000
2008-05-15,15.10,15.39,14.49,14.70,16217589,244539760.000
2008-05-16,14.71,15.40,14.55,14.98,12678833,192905760.000
2008-05-19,15.09,15.09,14.10,14.20,10321430,149948032.000
2008-05-20,14.28,14.45,12.76,12.97,11656364,162927808.000
2008-05-21,12.79,13.38,11.80,13.10,12961407,163744992.000
2008-05-22,12.94,13.53,12.60,12.97,10278538,137462336.000
2008-05-23,12.98,13.20,12.30,12.68,6753090,87729512.000
2008-05-26,12.50,13.40,12.00,12.89,9138547,119273200.000
2008-05-27,12.92,13.40,12.92,13.26,7501862,100643680.000
2008-05-28,13.30,14.07,13.00,13.74,11500472,157934144.000
2008-05-29,13.55,13.88,13.00,13.03,7458657,101754504.000
2008-05-30,12.99,13.23,12.45,12.69,6274023,81129000.000
2008-06-02,12.78,12.78,12.10,12.37,5333621,66544500.000
2008-06-03,12.28,12.65,12.00,12.37,4958820,61396156.000
2008-06-04,12.34,12.34,11.66,11.74,4830904,57996128.000
2008-06-05,11.62,11.79,11.21,11.46,4761665,55153344.000
2008-06-06,11.30,11.67,11.23,11.34,2625504,30348988.000
2008-06-10,11.05,11.05,10.20,10.20,3528901,37092724.000
2008-06-11,9.85,10.86,9.48,10.49,8474717,86964816.000
2008-06-13,10.30,10.60,9.43,9.43,5707835,56727880.000
2008-06-16,8.71,9.47,8.52,8.59,5733325,51701548.000
2008-06-17,8.57,8.80,7.72,7.72,8882365,72602776.000
2008-06-18,7.72,8.33,7.15,8.14,10153354,80349280.000
2008-06-19,7.90,7.99,7.32,7.39,9134830,70138432.000
2008-06-20,7.40,7.80,6.80,7.35,8025905,60262868.000
2008-06-23,7.19,7.40,6.62,6.76,5645890,40050780.000
2008-06-24,6.78,7.45,6.78,7.45,7353715,54770256.000
2008-06-25,7.73,8.21,7.73,8.21,14087159,114211416.000
2008-06-26,8.70,9.04,8.69,9.04,15667171,142123936.000
2008-06-27,8.90,9.50,8.75,9.44,34412800,318382848.000
2008-06-30,9.16,9.90,8.75,9.51,27504978,263221808.000
2008-07-01,9.35,9.37,8.92,9.23,16869051,154968352.000
2008-07-02,9.14,10.16,9.06,10.16,31786170,317786784.000
2008-07-03,9.88,11.19,9.76,11.19,32228501,344678976.000
2008-07-04,11.23,12.25,10.76,11.74,27900461,319817696.000
2008-07-07,12.08,12.68,11.61,11.85,25785345,311745504.000
2008-07-08,11.68,13.05,11.30,13.05,36360200,450935488.000
2008-07-09,13.06,13.55,12.52,12.85,35374377,464862144.000
2008-07-10,12.50,13.55,11.94,12.03,29227360,375771552.000
2008-07-11,11.58,11.98,10.88,11.34,22977534,261682320.000
2008-07-14,11.10,11.89,11.01,11.60,16005466,186932560.000
2008-07-15,11.60,12.70,11.45,12.42,23428004,285260320.000
2008-07-16,12.13,12.77,11.70,11.81,17335778,213476032.000
2008-07-17,11.95,12.18,10.67,10.78,13625424,155449840.000
2008-07-18,10.73,11.53,10.20,11.24,12571238,136255168.000
2008-07-21,11.02,12.10,10.90,11.88,14318613,167527200.000
2008-07-22,11.60,12.10,11.41,11.45,12682840,149629504.000
2008-07-23,11.40,12.56,11.10,12.36,28185142,342381920.000
2008-07-24,12.20,12.54,12.00,12.37,23104439,286030144.000
2008-07-25,12.28,12.88,12.09,12.17,17868515,226152656.000
2008-07-28,12.26,12.38,11.98,12.10,11636984,142508656.000
2008-07-29,11.98,12.27,11.60,11.70,9366210,112194976.000
2008-07-30,11.70,12.30,11.69,11.91,9206455,111683872.000
2008-07-31,11.94,11.98,11.20,11.27,9208016,106817280.000
2008-08-01,10.88,11.45,10.81,11.31,7045783,78925584.000
2008-08-04,11.27,11.65,11.00,11.10,5466140,62422132.000
2008-08-05,10.95,11.20,10.20,10.22,6928640,73874344.000
2008-08-06,10.23,10.66,9.70,10.30,7122783,73031528.000
2008-08-07,10.27,10.38,9.80,9.89,5908053,59796176.000
2008-08-08,9.92,10.03,8.90,8.91,5616774,54145024.000
2008-08-11,8.78,8.90,8.01,8.01,5997442,50326408.000
2008-08-12,7.90,8.40,7.40,8.20,9660372,77180064.000
2008-08-13,7.99,8.82,7.88,8.66,14499314,124535392.000
2008-08-14,8.48,9.20,8.41,8.96,13259469,118628096.000
2008-08-15,8.79,8.96,8.53,8.65,7832275,69033240.000
2008-08-18,8.65,8.70,7.78,7.78,5418890,44135956.000
2008-08-19,7.40,8.30,7.23,8.24,8391901,68385992.000
2008-08-20,8.12,8.99,7.90,8.95,12120212,105225648.000
2008-08-21,8.70,9.25,8.27,8.28,9253625,81307096.000
2008-08-22,8.08,8.25,7.60,7.89,6334611,50742484.000
2008-08-25,7.80,8.15,7.70,7.84,3831539,30881184.000
2008-08-26,7.72,7.80,7.05,7.05,5468528,40284160.000
2008-08-27,7.05,7.29,6.70,6.99,4891138,34815688.000
2008-08-28,7.03,7.70,6.87,7.70,13278124,101254728.000
2008-08-29,7.90,8.28,7.75,7.84,16132935,131456912.000
2008-09-01,7.55,7.83,7.40,7.60,8899624,68378064.000
2008-09-02,7.44,7.90,7.30,7.72,8113030,62487856.000
2008-09-03,7.53,7.68,7.20,7.26,6472306,48608268.000
2008-09-04,7.25,7.55,7.11,7.34,3366294,25221976.000
2008-09-05,7.01,7.15,6.80,6.88,5253418,37126736.000
2008-09-08,6.95,7.00,6.24,6.30,4679976,30913792.000
2008-09-09,6.31,6.60,6.08,6.52,5151558,33229060.000
2008-09-10,6.40,6.63,6.25,6.36,4698143,30810574.000
2008-09-11,6.30,6.49,6.23,6.24,2858962,18338688.000
2008-09-12,6.24,6.45,6.15,6.26,2838069,18126140.000
2008-09-16,6.26,6.35,6.05,6.18,3256886,20507748.000
2008-09-17,6.17,6.75,6.17,6.58,9116574,59881528.000
2008-09-18,6.41,7.01,5.96,6.74,10382286,68741512.000
2008-09-19,7.40,7.42,7.20,7.42,8314596,62138976.000
2008-09-22,8.13,8.17,7.30,7.80,13188659,104459864.000
2008-09-23,7.46,7.58,7.10,7.12,7596901,56432820.000
2008-09-24,6.90,7.38,6.85,7.33,6245082,45655268.000
2008-09-25,7.25,7.96,7.25,7.69,13453735,103173208.000
2008-09-26,7.80,7.83,7.43,7.45,8932831,68719000.000
2008-10-06,7.57,8.21,7.37,8.21,17415230,142634624.000
2008-10-07,8.40,8.64,8.01,8.28,25699972,218326880.000
2008-10-08,8.01,8.48,8.01,8.43,14424161,121421280.000
2008-10-14,8.40,8.70,7.92,7.97,20497806,174362448.000
2008-10-15,7.91,7.92,7.16,7.16,10790762,80483112.000
2008-10-16,6.80,7.10,6.48,6.74,9277399,63101820.000
2008-10-17,6.75,7.00,6.68,6.81,6601299,45745568.000
2008-10-20,7.00,7.35,7.00,7.31,11408048,83035136.000
2008-10-21,7.29,7.76,7.20,7.31,12021646,90835024.000
2008-10-22,7.02,7.33,6.86,6.88,7395730,52799300.000
2008-10-23,6.62,7.07,6.50,6.94,5656096,39332108.000
2008-10-24,6.92,7.02,6.69,6.85,4045648,28241308.000
2008-10-27,6.67,6.80,6.16,6.17,6340239,41244616.000
2008-10-28,6.05,6.57,5.90,6.52,6401204,41226576.000
2008-10-29,6.62,6.67,6.11,6.13,4625808,30044160.000
2008-10-30,6.25,6.45,6.10,6.25,5700484,36432852.000
2008-10-31,6.24,6.34,6.10,6.14,3818587,24090568.000
2008-11-03,6.25,6.76,6.20,6.49,13133309,87525072.000
2008-11-04,6.32,6.76,6.25,6.69,12591764,83632112.000
2008-11-05,6.70,6.85,6.51,6.77,13090761,89160624.000
2008-11-06,6.60,6.63,6.23,6.31,7532410,49127992.000
2008-11-07,6.20,6.42,6.14,6.35,4264626,27376172.000
2008-11-10,6.59,6.90,6.46,6.81,10530883,71323696.000
2008-11-11,6.81,7.30,6.65,7.04,14236105,101635272.000
2008-11-12,7.01,7.15,6.91,7.12,9026626,64461232.000
2008-11-13,7.08,7.75,6.99,7.39,14408286,107802288.000
2008-11-14,7.73,8.08,7.57,7.84,21900127,172672912.000
2008-11-17,7.85,8.00,7.62,7.96,17493776,138540512.000
2008-11-18,7.89,7.89,7.15,7.15,13051432,98431792.000
2008-11-19,6.97,7.70,6.95,7.61,11580793,86930392.000
2008-11-20,7.50,7.77,7.38,7.46,9135767,69854488.000
2008-11-21,7.38,7.50,6.99,7.28,6847402,50322632.000
2008-11-24,7.30,7.64,7.29,7.37,7200816,54262972.000
2008-11-25,7.42,7.64,7.31,7.54,10944092,83316288.000
2008-11-26,7.59,7.62,7.26,7.37,5602130,42093988.000
2008-11-27,7.90,7.90,7.32,7.35,9723882,74812008.000
2008-11-28,7.31,7.43,6.97,7.08,5768362,41873576.000
2008-12-01,7.07,7.34,6.91,7.26,5980182,43551892.000
2008-12-02,7.15,7.59,7.08,7.40,8443145,63454656.000
2008-12-03,7.48,7.79,7.41,7.70,11840727,91379576.000
2008-12-04,7.78,7.99,7.61,7.64,16383191,129326496.000
2008-12-05,7.59,8.38,7.55,8.28,20824587,168666928.000
2008-12-08,8.35,8.77,8.20,8.71,26705813,226461200.000
2008-12-09,8.60,8.60,8.31,8.33,14835410,126722464.000
2008-12-10,8.34,8.70,8.34,8.60,13192470,113864040.000
2008-12-11,8.70,8.89,8.41,8.46,15030190,132477640.000
2008-12-12,8.45,8.70,8.36,8.59,15163062,131431848.000
2008-12-15,8.79,8.87,8.40,8.69,11908342,104070920.000
2008-12-16,8.65,8.70,8.25,8.67,10371516,89231952.000
2008-12-17,8.75,8.86,8.65,8.67,15672648,138732720.000
2008-12-18,8.56,8.85,8.50,8.82,13066842,115083248.000
2008-12-19,8.93,9.22,8.66,8.72,22894704,207721824.000
2008-12-22,8.70,8.70,8.28,8.41,11806213,101000888.000
2008-12-23,8.43,8.50,7.75,8.04,9350713,77407096.000
2008-12-24,7.92,8.11,7.80,8.10,8307514,67051028.000
2008-12-25,8.15,8.48,8.11,8.29,14051600,118050320.000
2008-12-26,8.22,8.35,7.93,8.10,6867255,56527284.000
2008-12-29,8.13,8.24,7.90,8.08,6179711,50399828.000
2008-12-30,8.01,8.22,7.73,7.75,5279860,42590880.000
2008-12-31,7.79,7.85,7.48,7.65,6412518,49581312.000
2009-01-05,7.78,8.00,7.64,7.92,6688438,53049232.000
2009-01-06,7.98,8.24,7.85,8.16,9798624,79750952.000
2009-01-07,8.28,8.60,8.02,8.05,16718391,139743152.000
2009-01-08,7.80,7.87,7.55,7.70,8411202,65712780.000
2009-01-09,7.80,8.48,7.76,8.48,19627750,165808256.000
2009-01-12,8.64,9.28,8.27,8.99,20047835,177001968.000
2009-01-13,8.75,9.19,8.50,8.51,29622788,258058880.000
2009-01-14,8.28,8.65,8.22,8.64,14351987,122450880.000
2009-01-15,8.48,8.76,8.40,8.60,11376771,99065512.000
2009-01-16,8.60,8.69,8.50,8.53,11070299,96280208.000
2009-01-19,8.55,8.59,8.23,8.50,8072820,68711200.000
2009-01-20,8.68,8.68,8.39,8.52,6797008,58632428.000
2009-01-21,8.45,8.74,8.41,8.60,9047979,78911976.000
2009-01-22,8.69,8.69,8.46,8.54,4957505,42838952.000
2009-01-23,8.49,8.62,8.30,8.32,8646378,73881400.000
2009-02-02,8.61,8.70,8.54,8.63,10336628,90218880.000
2009-02-03,8.63,8.76,8.60,8.75,12587355,110647184.000
2009-02-04,8.78,8.88,8.62,8.85,14702280,130389408.000
2009-02-05,8.95,9.09,8.71,8.99,19606490,177303072.000
2009-02-06,9.11,9.35,9.02,9.26,19527942,181639808.000
2009-02-09,9.40,9.45,9.09,9.27,18541782,173444960.000
2009-02-10,9.25,9.62,9.08,9.38,17806926,169106688.000
2009-02-11,9.20,9.38,9.00,9.13,15337212,142052512.000
2009-02-12,9.10,9.16,8.79,9.01,14217041,128488408.000
2009-02-13,8.98,9.25,8.96,9.20,17064553,157709056.000
2009-02-16,9.30,9.85,9.18,9.81,23731186,225354880.000
2009-02-17,9.70,9.74,9.20,9.22,15911532,152149888.000
2009-02-18,9.01,9.40,8.98,9.07,11719559,108439720.000
2009-02-19,9.11,9.99,9.05,9.78,27330643,265926992.000
2009-02-20,9.80,10.03,9.60,9.95,24692323,246973296.000
2009-02-23,9.95,10.34,9.81,10.18,18612671,191508592.000
2009-02-24,10.00,10.18,9.40,9.60,20082004,198234784.000
2009-02-25,9.70,10.15,9.62,9.79,18441971,183050160.000
2009-02-26,9.85,9.98,8.80,8.86,15077247,142701584.000
2009-02-27,8.78,9.01,8.02,8.13,11533581,97202928.000
2009-03-02,7.93,8.37,7.91,8.31,7772493,64754328.000
2009-03-03,8.15,8.40,7.95,8.30,7765891,64788936.000
2009-03-04,8.31,8.78,8.31,8.75,11316284,98074384.000
2009-03-05,8.76,8.84,8.41,8.59,12639605,110438952.000
2009-03-06,8.40,8.56,8.30,8.48,8173501,69457464.000
2009-03-09,8.45,8.54,7.86,7.88,10030107,82652600.000
2009-03-10,7.82,8.10,7.73,8.09,5776410,46632176.000
2009-03-11,8.18,8.23,8.01,8.07,6692374,55008508.000
2009-03-12,8.03,8.20,7.98,8.11,5351423,43832896.000
2009-03-13,8.06,8.15,7.90,7.93,5079540,41252364.000
2009-03-17,8.00,8.20,7.85,8.17,9426228,76808752.000
2009-03-18,8.20,8.43,8.16,8.38,11147630,93644848.000
2009-03-19,8.35,8.88,8.31,8.84,15374194,133512200.000
2009-03-20,8.87,8.96,8.70,8.72,19616617,174910848.000
2009-03-23,8.70,9.06,8.46,9.00,15868707,141427440.000
2009-03-24,9.03,9.03,8.74,8.81,11009367,98530744.000
2009-03-25,8.75,8.78,8.42,8.44,8176512,71454008.000
2009-03-26,8.39,8.58,8.27,8.58,6636569,56722144.000
2009-03-27,8.59,8.63,8.46,8.54,7576208,65378272.000
2009-03-30,8.55,8.55,8.39,8.47,9522759,81502656.000
2009-03-31,8.33,8.49,8.29,8.47,5609646,47602320.000
2009-04-01,8.48,8.82,8.48,8.76,11215359,98520064.000
2009-04-02,8.78,8.83,8.58,8.60,9133937,80205584.000
2009-04-03,8.70,9.11,8.34,8.79,20117865,178908368.000
2009-04-07,8.79,8.99,8.71,8.84,11126784,99389032.000
2009-04-08,8.85,8.85,8.36,8.37,9139612,79200200.000
2009-04-09,8.50,8.60,8.29,8.45,6453482,55288984.000
2009-04-10,8.47,8.70,8.34,8.65,9852351,85064800.000
2009-04-13,8.65,8.80,8.61,8.73,10306306,90412728.000
2009-04-14,8.70,8.79,8.60,8.68,9208593,80784832.000
2009-04-15,8.68,8.68,8.47,8.61,9837471,85029144.000
2009-04-16,8.62,9.05,8.58,8.96,22244623,199218304.000
2009-04-17,8.96,8.99,8.62,8.68,12080651,107272944.000
2009-04-20,8.60,9.42,8.58,9.14,21999822,201763856.000
2009-04-21,9.00,9.32,8.93,9.17,14484603,134027536.000
2009-04-22,9.28,9.84,9.10,9.58,33323152,318934400.000
2009-04-23,9.59,10.22,9.41,9.53,32768032,325056320.000
2009-04-24,9.54,9.56,9.10,9.18,15781718,148284112.000
2009-04-27,9.16,9.16,8.32,8.36,11994770,104665688.000
2009-04-28,8.25,8.46,8.11,8.43,7134904,59951832.000
2009-04-29,8.45,8.69,8.30,8.53,7818989,67088352.000
2009-04-30,8.52,8.60,8.33,8.44,6744761,57548860.000
2009-05-04,8.48,8.82,8.47,8.76,8147155,71840704.000
2009-05-05,8.82,8.87,8.59,8.81,15104089,133039464.000
2009-05-06,8.73,9.00,8.66,8.96,12767957,114218704.000
2009-05-07,9.00,9.04,8.60,8.71,12732488,113725464.000
2009-05-11,8.75,8.79,8.30,8.33,9422353,81407608.000
2009-05-12,8.29,8.56,8.25,8.54,4256018,36265568.000
2009-05-13,8.52,8.74,8.38,8.66,8350802,72427072.000
2009-05-14,8.52,8.73,8.50,8.60,5900457,51391200.000
2009-05-15,8.66,8.80,8.55,8.74,7374989,64794340.000
2009-05-18,8.71,8.87,8.68,8.80,9620593,85436880.000
2009-05-19,8.81,8.86,8.66,8.83,10320490,91441848.000
2009-05-20,8.82,8.86,8.66,8.71,7700374,68212416.000
2009-05-21,8.71,8.74,8.38,8.44,7632411,65563676.000
2009-05-22,8.40,8.49,8.35,8.40,5235744,44547816.000
2009-05-25,8.28,8.28,8.08,8.25,6411505,53025576.000
2009-05-26,8.25,8.37,8.20,8.35,5090218,42805840.000
2009-05-27,8.41,8.41,8.20,8.24,4324763,36170528.000
2009-06-01,8.32,8.35,8.21,8.33,5108264,42840644.000
2009-06-02,8.35,8.79,8.29,8.65,14321363,124618928.000
2009-06-03,8.60,8.72,8.52,8.62,7417599,64626396.000
2009-06-04,8.52,8.61,8.32,8.46,7087778,60547848.000
2009-06-05,8.50,8.87,8.45,8.70,13590925,119662960.000
2009-06-08,8.70,8.77,8.51,8.60,8706511,76224032.000
2009-06-09,8.60,8.60,8.26,8.46,5669168,48278712.000
2009-06-10,8.53,8.66,8.45,8.60,6356764,54918404.000
2009-06-11,8.55,8.79,8.51,8.68,9029063,79238128.000
2009-06-12,8.71,8.74,8.30,8.41,7501639,64797940.000
2009-06-15,8.41,8.64,8.33,8.61,4953676,42598184.000
2009-06-16,8.51,8.59,8.42,8.49,3470085,29826056.000
2009-06-17,8.45,8.80,8.42,8.73,10757498,94514024.000
2009-06-18,8.75,8.84,8.63,8.74,10432346,92204160.000
2009-06-19,8.71,9.04,8.64,8.87,14559899,130789880.000
2009-06-22,8.88,8.93,8.68,8.76,12106531,107354528.000
2009-06-23,8.65,8.92,8.62,8.79,9450366,84321152.000
2009-06-24,8.75,8.99,8.64,8.93,10465951,93289952.000
2009-06-25,8.92,8.92,8.72,8.76,6802858,60566280.000
2009-06-26,8.77,8.99,8.77,8.98,12540031,112863672.000
2009-06-29,8.99,9.19,8.86,8.88,11689545,106291168.000
2009-06-30,8.89,8.98,8.68,8.72,7561397,67162056.000
2009-07-01,8.66,8.90,8.66,8.77,6427881,56880312.000
2009-07-02,8.78,8.96,8.71,8.90,9142498,81503040.000
2009-07-03,8.81,9.33,8.79,9.04,18362411,168545488.000
2009-07-06,8.96,9.02,8.75,8.88,9754288,87421032.000
2009-07-07,8.82,8.96,8.77,8.84,7595063,67928984.000
2009-07-08,8.74,8.96,8.73,8.94,9551244,85735288.000
2009-07-09,8.94,9.05,8.90,9.04,13923859,126272840.000
2009-07-10,9.06,9.15,8.97,9.03,12259077,112235696.000
2009-07-13,9.01,9.22,9.01,9.07,11965091,110231440.000
2009-07-14,9.10,9.49,9.06,9.30,17567533,165330704.000
2009-07-15,9.30,9.45,9.16,9.39,13788957,129461488.000
2009-07-16,9.38,9.46,9.21,9.25,10699793,100818864.000
2009-07-17,9.25,9.30,9.04,9.20,9464495,87591592.000
2009-07-20,9.22,9.52,9.17,9.40,13123358,123884288.000
2009-07-21,9.40,9.40,8.91,8.99,14233566,131181776.000
2009-07-22,9.00,9.22,8.99,9.14,13016948,119764368.000
2009-07-23,9.14,9.40,9.09,9.37,14702956,137710848.000
2009-07-24,9.37,9.37,9.06,9.20,11475895,107030768.000
2009-07-27,9.35,9.54,9.20,9.43,16222451,154058912.000
2009-07-28,9.40,10.05,9.30,9.89,29334657,286921504.000
2009-07-29,9.80,9.90,8.89,9.03,23272575,223232880.000
2009-07-30,9.09,9.23,8.71,9.08,12189891,110931192.000
2009-07-31,9.08,9.34,9.04,9.29,10886149,100964536.000
2009-08-03,9.29,9.68,9.20,9.65,16968900,162223808.000
2009-08-04,9.58,10.63,9.52,10.63,45050003,464175744.000
2009-08-05,11.36,11.70,11.18,11.70,67017290,780688192.000
2009-08-07,11.59,11.74,10.59,10.98,42288992,472249696.000
2009-08-10,11.18,11.67,10.79,11.20,32316926,367241472.000
2009-08-11,11.00,11.08,10.60,10.76,15857159,173125920.000
2009-08-12,10.64,10.75,10.03,10.37,18710622,195472080.000
2009-08-13,10.28,10.58,10.15,10.22,12970822,135891296.000
2009-08-14,10.27,10.61,9.71,9.83,18000650,184277984.000
2009-08-17,9.64,10.09,9.58,9.80,19476793,192798672.000
2009-08-18,9.72,9.86,9.24,9.71,14124097,136080368.000
2009-08-19,9.71,10.39,9.45,9.90,26042094,261231760.000
2009-08-20,9.65,10.20,9.51,10.15,20078335,201218320.000
2009-08-21,9.95,10.85,9.92,10.53,26674954,279517408.000
2009-08-24,10.43,10.65,10.20,10.50,19475589,204400848.000
2009-08-25,10.40,10.43,9.57,9.99,18481557,184508480.000
2009-08-26,9.92,11.00,9.76,11.00,37007059,404188736.000
2009-08-27,10.95,11.23,10.62,11.04,38415384,424851072.000
2009-08-28,10.89,10.95,10.45,10.47,16215978,174740784.000
2009-08-31,10.20,10.90,10.01,10.13,18317950,193282016.000
2009-09-01,9.96,10.23,9.51,9.67,13226244,130996576.000
2009-09-02,9.50,9.74,9.16,9.54,10507447,100103472.000
2009-09-03,9.53,10.00,9.43,9.88,12364363,121949392.000
2009-09-04,9.76,10.60,9.70,10.18,18140164,186101520.000
2009-09-07,10.18,10.90,10.01,10.88,25725366,273574752.000
2009-09-08,10.70,11.12,10.52,10.78,23150347,253073024.000
2009-09-09,10.94,11.20,10.70,10.88,22801276,251334224.000
2009-09-10,10.95,11.28,10.66,11.14,24805183,275931168.000
2009-09-11,10.90,11.27,10.70,11.00,19053019,211741056.000
2009-09-14,11.00,11.80,11.00,11.25,24029057,275826432.000
2009-09-15,11.27,12.39,11.11,12.04,37866949,449629696.000
2009-09-16,11.88,12.18,11.60,11.68,25590695,306398816.000
2009-09-17,11.75,11.97,11.60,11.71,17420458,206572064.000
2009-09-18,11.75,12.30,10.80,11.02,21187382,250974864.000
2009-09-21,11.08,11.55,10.75,11.54,16629914,187248256.000
2009-09-22,11.35,11.47,10.95,10.97,12077057,136435888.000
2009-09-23,10.90,11.09,10.31,10.36,10245215,109851128.000
2009-09-24,10.37,10.72,10.34,10.59,8012083,85101248.000
2009-09-25,10.44,10.70,10.41,10.49,4697524,50022204.000
2009-09-28,10.65,10.65,9.78,9.87,8481666,87426816.000
2009-09-29,9.76,10.00,9.40,9.75,7175945,70139888.000
2009-09-30,9.80,9.99,9.64,9.70,5276173,52234748.000
2009-10-09,9.94,10.30,9.86,10.29,6644036,67980272.000
2009-10-12,10.45,11.17,10.25,10.77,13528901,146661840.000
2009-10-13,10.69,11.86,10.62,11.86,35374098,415778208.000
2009-10-14,12.30,13.06,12.09,13.06,41407000,526889184.000
2009-10-16,13.26,13.68,12.78,13.54,44032693,585737344.000
2009-10-19,13.29,13.54,13.08,13.42,33732078,452311872.000
2009-10-20,13.34,14.42,13.28,13.67,39362820,547712576.000
2009-10-21,13.60,14.05,13.45,13.47,25079579,346170208.000
2009-10-22,13.37,13.88,13.18,13.75,19242648,263130368.000
2009-10-23,13.80,15.14,13.60,15.14,27881687,410464864.000
2009-10-29,14.31,16.46,13.90,15.69,40126967,613855616.000
2009-10-30,15.50,16.32,15.21,15.66,17437326,276064480.000
2009-11-02,15.38,16.10,15.02,15.91,14151183,223013248.000
2009-11-03,15.78,16.68,15.68,16.21,12439499,202912832.000
2009-11-04,16.20,16.55,15.60,15.97,12292349,198638896.000
2009-11-05,16.11,17.37,15.82,16.95,13763870,228899008.000
2009-11-06,16.95,17.29,16.47,16.63,9577755,161414560.000
2009-11-09,16.63,17.20,16.10,16.90,10443352,174498640.000
2009-11-10,16.90,17.66,16.85,17.22,7250873,125034576.000
2009-11-11,17.37,17.38,16.80,17.27,6071077,104618024.000
2009-11-12,17.25,17.55,17.00,17.03,6445438,111591432.000
2009-11-16,17.03,18.74,17.02,18.74,13001378,240807872.000
2009-11-17,19.00,19.56,18.20,18.96,11460119,216887376.000
2009-11-18,18.68,20.58,18.65,20.14,12395387,246735552.000
2009-11-19,20.14,21.78,20.14,20.87,10760706,227310064.000
2009-11-20,20.59,22.00,20.28,20.47,17490475,371741408.000
2009-11-23,20.20,21.23,19.85,20.89,11922347,246224096.000
2009-11-24,20.90,21.40,19.31,19.54,13588842,277960544.000
2009-11-25,19.48,20.79,19.41,20.67,11460708,231865232.000
2009-11-26,20.75,21.38,19.70,20.01,10530177,215777936.000
2009-11-27,19.40,19.86,18.70,18.74,12619101,243632944.000
2009-11-30,18.95,20.62,18.95,20.62,10655992,215121952.000
2009-12-01,21.18,21.65,20.73,21.57,14713019,314129856.000
2009-12-02,21.41,22.03,21.18,21.70,11948406,258801824.000
2009-12-03,21.75,23.88,21.75,23.88,16045796,375646336.000
2009-12-04,24.20,25.80,23.40,24.93,22817625,565320448.000
2009-12-07,25.00,25.40,24.31,24.73,11998552,298823520.000
2009-12-08,24.70,24.70,23.68,24.29,10892731,263525248.000
2009-12-09,23.70,24.14,23.10,23.39,12388172,291784768.000
2009-12-10,23.70,24.28,23.26,23.66,9667255,230030992.000
2009-12-11,23.70,23.90,23.05,23.29,8303709,195644032.000
2009-12-14,23.29,23.44,21.78,22.77,7587947,171324624.000
2009-12-15,22.77,24.25,22.27,23.91,10702431,251276224.000
2009-12-16,23.75,24.35,23.23,23.32,9197117,220383664.000
2009-12-17,23.29,23.60,21.58,21.73,9736293,217315520.000
2009-12-21,21.30,22.12,20.01,20.77,18649165,397566304.000
2010-01-21,18.95,22.26,18.95,21.13,26593229,561742080.000
2010-01-22,20.65,21.30,19.01,19.01,17787374,350789600.000
2010-01-25,18.99,19.29,17.90,18.30,13150569,245487072.000
2010-01-26,18.48,18.61,17.82,17.90,11760074,215522544.000
2010-01-27,17.92,18.59,17.92,18.21,11875676,218014096.000
2010-01-28,18.24,18.26,17.33,17.83,10799591,192071376.000
2010-02-01,18.10,19.45,18.10,19.39,25201170,479083488.000
2010-02-02,19.41,19.49,18.61,18.83,13126146,250065904.000
2010-02-03,18.79,18.79,17.05,18.24,14809257,264980944.000
2010-02-04,18.06,18.75,17.26,17.97,15896522,290458624.000
2010-02-05,17.30,18.70,17.10,17.91,16590630,301885312.000
2010-02-08,17.82,18.07,17.05,17.12,9890933,171616576.000
2010-02-09,17.06,17.06,16.42,16.74,9420453,157843072.000
2010-02-10,16.90,17.00,16.55,16.81,6179323,103983664.000
2010-02-11,16.89,17.04,16.70,16.87,5220905,88566576.000
2010-02-12,17.05,17.58,16.92,17.57,8399397,146010192.000
2010-02-22,17.70,18.96,17.70,18.50,17572542,325568416.000
2010-02-23,18.69,19.23,18.18,18.87,15420222,290478432.000
2010-02-24,18.70,19.08,18.40,18.80,11450272,215668704.000
2010-02-25,19.00,19.88,18.71,19.67,18757471,364977216.000
2010-02-26,19.60,19.85,19.50,19.74,13617054,269303200.000
2010-03-01,19.77,19.78,19.40,19.58,15218340,299380512.000
2010-03-02,19.53,19.54,18.94,19.15,15047317,289639104.000
2010-03-03,19.15,21.08,18.91,21.08,33052074,678297024.000
2010-03-04,21.35,21.35,19.36,19.82,25830905,528940608.000
2010-03-05,19.74,19.91,19.02,19.13,11301148,219388480.000
2010-03-08,19.15,19.40,18.75,19.12,8881850,169788672.000
2010-03-09,19.05,19.17,18.65,19.15,7817265,148700816.000
2010-03-10,19.20,19.20,18.50,18.54,7375361,138983104.000
2010-03-11,18.40,18.53,17.70,17.90,9185996,166188368.000
2010-03-12,18.05,18.44,17.91,17.98,7338729,134250368.000
2010-03-15,18.00,18.30,17.80,18.05,4634557,83853952.000
2010-03-16,18.10,18.20,17.55,17.80,4223014,75541328.000
2010-03-17,17.87,18.25,17.70,18.13,5223500,94674048.000
2010-03-18,18.25,18.29,18.08,18.24,5171052,94504016.000
2010-03-19,18.26,18.30,17.78,18.30,11837496,214976560.000
2010-03-22,18.25,18.66,18.20,18.39,7919279,146488288.000
2010-03-23,18.49,19.40,18.49,19.06,16698526,319707136.000
2010-03-24,19.10,19.11,18.67,18.74,8335262,157705152.000
2010-03-26,18.15,18.49,17.90,18.33,7677466,140232512.000
2010-03-29,18.25,18.44,18.05,18.24,6085675,111177568.000
2010-03-30,18.17,18.29,18.01,18.17,6571283,119725816.000
2010-03-31,18.17,18.28,17.87,17.94,5843019,105841088.000
2010-04-01,17.90,18.05,17.85,18.01,6050157,109293920.000
2010-04-02,18.01,18.02,17.80,17.94,6572637,118002200.000
2010-04-06,17.95,18.59,17.82,18.57,11878031,218232192.000
2010-04-07,18.60,18.84,18.52,18.80,11334659,212837824.000
2010-04-08,18.88,18.96,18.40,18.46,8608099,161476352.000
2010-04-09,18.55,18.65,18.25,18.51,7075952,131049392.000
2010-04-12,18.70,18.70,18.30,18.59,6824493,126655720.000
2010-04-13,18.60,18.64,17.70,18.20,6565483,120122920.000
2010-04-14,18.11,18.80,18.00,18.55,8973631,167290816.000
2010-04-15,18.71,19.25,18.71,19.11,17585835,337063232.000
2010-04-16,19.18,19.20,18.50,18.68,9262144,174491408.000
2010-04-19,18.36,18.52,17.82,17.82,6370518,116452824.000
2010-04-20,17.94,18.45,17.94,18.23,8265120,151429120.000
2010-04-21,18.24,18.65,18.06,18.64,8611648,158959136.000
2010-04-22,18.59,20.38,18.41,19.76,29682615,586727040.000
2010-04-23,19.74,20.67,19.52,20.38,27738842,565900160.000
2010-04-26,20.80,21.78,20.12,20.30,24574788,514116800.000
2010-04-27,20.10,20.10,18.71,19.58,14553851,282918560.000
2010-04-28,19.25,19.98,18.89,19.89,10690731,211212288.000
2010-04-29,19.92,20.55,18.65,18.73,15445938,307811808.000
2010-04-30,18.40,18.40,16.85,17.14,12478900,217513504.000
2010-05-04,16.64,17.60,15.98,17.21,6377362,109901808.000
2010-05-05,16.90,17.88,16.77,17.83,7458234,132237696.000
2010-05-06,17.98,18.27,17.06,17.09,8724031,155955008.000
2010-05-07,16.72,18.20,16.10,17.48,10127666,177742208.000
2010-05-10,17.28,18.10,16.61,17.14,7493959,131493200.000
2010-05-11,17.64,17.68,16.27,16.47,5734318,97276400.000
2010-05-12,16.30,16.30,14.81,14.81,8019442,122428296.000
2010-05-13,14.81,15.07,13.90,15.00,8323802,120865448.000
2010-05-14,14.70,15.36,14.35,15.14,8643962,129691520.000
2010-05-17,14.78,15.30,14.40,14.41,6974436,104739928.000
2010-05-18,14.52,15.09,14.17,14.88,6484598,95776816.000
2010-05-19,15.14,16.17,15.00,15.75,13594880,212841792.000
2010-05-20,15.50,16.09,15.08,15.23,10579095,164845328.000
2010-05-21,15.23,16.30,14.91,16.27,15641618,249372752.000
2010-05-24,16.48,17.30,16.29,16.90,14082575,237282464.000
2010-05-25,16.70,16.70,16.14,16.34,9257900,151372448.000
2010-05-26,16.35,17.00,16.01,16.78,11079477,184996112.000
2010-05-27,16.78,16.95,16.36,16.85,8427632,141067600.000
2010-05-28,16.96,16.96,16.44,16.56,7481280,124446352.000
2010-05-31,16.42,16.74,15.76,15.77,5858515,95615920.000
2010-06-01,15.47,15.66,14.35,14.90,7893275,118349656.000
2010-06-02,14.80,15.05,14.45,15.04,4759033,70136512.000
2010-06-03,15.15,15.56,14.96,14.98,6623008,101204768.000
2010-06-04,14.70,14.98,14.58,14.89,4052406,59864992.000
2010-06-07,14.48,14.87,14.30,14.70,4351835,63442156.000
2010-06-08,14.69,15.24,14.69,15.18,5931212,88901008.000
2010-06-09,15.19,15.40,14.87,15.36,7083730,107309360.000
2010-06-10,15.52,15.98,15.52,15.72,11016657,174065136.000
2010-06-11,15.75,15.75,15.31,15.46,5888094,91022584.000
2010-06-17,15.53,15.64,15.20,15.20,2911380,44711648.000
2010-06-18,15.10,15.28,14.50,14.59,3559205,52632220.000
2010-06-21,14.59,15.25,14.22,15.14,4357255,64323224.000
2010-06-22,15.30,15.48,15.20,15.27,5137763,78855488.000
2010-06-23,15.19,15.43,14.89,15.11,4597819,69588648.000
2010-06-24,15.11,15.19,14.78,14.94,2762755,41313120.000
2010-06-25,14.95,14.95,14.51,14.69,2595678,38068036.000
2010-06-28,14.70,14.90,14.50,14.57,2097197,30812492.000
2010-06-29,14.52,14.65,13.48,13.48,4680136,65195288.000
2010-06-30,13.14,13.36,12.45,12.51,3923143,49787488.000
2010-07-01,12.50,12.73,12.01,12.07,3074536,37714512.000
2010-07-02,11.97,12.25,11.36,12.06,4327868,51682360.000
2010-07-05,11.90,11.97,11.52,11.76,2834757,33224872.000
2010-07-06,11.68,12.25,11.58,12.13,3774485,45395480.000
2010-07-07,12.21,12.65,12.21,12.50,4366032,54363176.000
2010-07-08,12.50,12.68,12.05,12.21,3712487,45772136.000
2010-07-09,12.20,12.97,12.10,12.74,6806502,86168936.000
2010-07-12,12.99,13.26,12.85,13.00,6406092,83472160.000
2010-07-13,12.97,12.97,12.55,12.71,3491747,44424448.000
2010-07-14,12.75,13.60,12.75,13.34,8443010,111365016.000
2010-07-15,13.21,13.27,12.68,12.69,5322446,69168608.000
2010-07-19,12.69,13.08,12.50,12.99,5203911,67236808.000
2010-07-20,12.97,13.52,12.88,13.51,8582945,113595208.000
2010-07-21,13.50,13.88,13.31,13.78,10297080,139831792.000
2010-07-22,13.60,13.76,13.42,13.72,7180739,97942896.000
2010-07-23,13.68,13.93,13.46,13.63,6106290,83600360.000
2010-07-26,13.75,13.90,13.57,13.86,6750396,92933672.000
2010-07-27,13.86,13.95,13.58,13.71,5944498,81750176.000
2010-07-28,13.71,14.26,13.70,13.99,9449776,132455408.000
2010-07-29,14.11,14.28,13.89,14.20,7602548,107117736.000
2010-07-30,14.20,14.80,14.01,14.64,12231890,177073296.000
2010-08-02,14.77,14.78,14.40,14.75,9396886,137259520.000
2010-08-03,14.75,14.78,14.27,14.30,8674912,126119352.000
2010-08-04,14.15,15.18,14.11,15.16,12309527,180346688.000
2010-08-05,15.05,15.85,14.90,15.52,16469423,253471616.000
2010-08-06,15.61,17.07,15.52,17.07,34038406,570354688.000
2010-08-09,17.30,17.70,16.90,17.14,31197940,538442816.000
2010-08-10,17.18,17.19,16.25,16.37,17660786,293474912.000
2010-08-11,16.24,16.77,16.12,16.63,11967677,198432688.000
2010-08-12,16.40,16.66,15.89,16.10,11024687,178897440.000
2010-08-13,16.15,16.27,15.74,16.20,8521047,136704512.000
2010-08-16,15.88,16.56,15.74,16.39,11774112,191492336.000
2010-08-17,16.42,16.49,16.11,16.30,9166838,149031856.000
2010-08-18,16.31,16.45,16.01,16.18,7384413,119617896.000
2010-08-19,16.40,16.88,16.22,16.72,15799154,262842992.000
2010-08-20,16.50,16.63,15.95,16.00,9079375,146911760.000
2010-08-23,15.83,16.15,15.75,15.89,5594830,89018256.000
2010-08-24,16.01,16.69,16.00,16.59,13437428,221415728.000
2010-08-25,16.60,16.61,16.05,16.14,6029253,98202680.000
2010-08-26,16.10,16.29,15.89,16.07,4475217,71676024.000
2010-08-27,16.18,16.62,16.18,16.29,8660319,142532896.000
2010-08-30,16.51,16.80,16.50,16.66,11116008,184975008.000
2010-08-31,16.85,17.45,16.76,16.96,16209642,276743328.000
2010-09-01,16.94,16.95,16.42,16.64,9899594,164873072.000
2010-09-02,17.25,17.59,17.00,17.42,19522745,337784192.000
2010-09-03,17.46,17.56,17.11,17.36,11686144,201658848.000
2010-09-06,17.61,17.80,17.31,17.39,11489349,201114416.000
2010-09-07,17.57,17.58,16.94,17.30,8321161,142589984.000
2010-09-08,17.22,17.29,16.99,17.28,6521513,111850472.000
2010-09-09,17.21,17.65,16.89,16.94,10639049,183355712.000
2010-09-10,16.90,17.03,16.37,16.72,7151780,119106792.000
2010-09-13,16.95,17.66,16.95,17.25,12958873,224669648.000
2010-09-14,17.10,17.20,16.80,16.89,8238810,139547856.000
2010-09-15,17.15,17.54,16.96,17.08,12890477,222946928.000
2010-09-16,17.06,17.85,16.79,17.68,25297042,440297920.000
2010-09-17,17.50,17.53,16.88,17.04,11719066,200645056.000
2010-09-20,17.35,17.75,17.04,17.07,10346356,179319568.000
2010-09-21,16.85,16.88,15.82,15.99,12491127,202692224.000
2010-09-27,17.59,17.59,17.12,17.59,24750418,432194688.000
2010-09-28,17.59,17.94,17.00,17.63,22843535,397481152.000
2010-09-29,17.55,17.55,16.80,16.91,10224109,175273504.000
2010-09-30,16.58,16.97,16.40,16.89,6248633,104903536.000
2010-10-08,17.40,18.30,17.09,17.85,20948463,370475136.000
2010-10-11,18.73,19.59,18.28,19.03,33850546,643797504.000
2010-10-12,18.77,19.35,18.35,18.87,19198632,361862016.000
2010-10-13,18.83,19.67,18.41,19.24,18901271,363212960.000
2010-10-14,19.41,19.65,18.79,19.33,24279262,468411904.000
2010-10-15,19.38,19.90,18.61,18.88,20330027,389613632.000
2010-10-18,18.26,18.53,16.99,16.99,21279889,369677280.000
2010-10-19,16.95,17.42,16.92,17.40,8264234,142065024.000
2010-10-20,16.98,17.80,16.60,17.70,15522136,269486912.000
2010-10-21,18.03,18.20,17.60,17.75,12339545,220104288.000
2010-10-22,17.80,17.90,17.32,17.57,9642208,168877584.000
2010-10-25,18.08,19.20,17.70,18.96,23307899,431918240.000
2010-10-26,19.14,19.36,18.51,18.70,17566121,331142912.000
2010-10-27,18.80,18.94,18.19,18.28,10906477,202344128.000
2010-10-28,18.10,18.80,18.10,18.53,9645279,178769712.000
2010-10-29,18.69,18.69,18.00,18.17,8492932,154659376.000
2010-11-01,18.48,19.06,18.17,18.88,15228937,285901568.000
2010-11-02,19.10,19.54,18.72,18.90,18834842,359941952.000
2010-11-03,19.25,20.31,19.03,19.42,20582504,405404768.000
2010-11-04,19.43,19.43,18.86,19.31,12079351,230771216.000
2010-11-05,19.61,19.79,19.23,19.40,12257668,237526880.000
2010-11-08,19.70,20.86,19.70,20.52,26949906,546857600.000
2010-11-09,20.52,20.53,19.90,20.15,15679394,315037184.000
2010-11-10,20.08,20.84,19.97,20.09,14904510,302454720.000
2010-11-11,19.80,20.20,18.08,19.38,16371464,321086368.000
2010-11-12,19.00,19.29,17.50,17.65,14441035,266199904.000
2010-11-15,17.75,18.18,17.21,17.89,7290726,129097400.000
2010-11-16,18.00,18.20,17.00,17.29,8443969,148979968.000
2010-11-17,16.91,17.10,16.10,16.25,6166460,102729032.000
2010-11-18,16.38,16.67,16.00,16.41,5153963,83796888.000
2010-11-19,16.45,16.55,16.01,16.53,6016539,97975808.000
2010-11-22,16.30,16.47,16.14,16.45,6044252,98837920.000
2010-11-23,16.38,16.38,15.19,15.39,7217365,112816016.000
2010-11-24,15.30,15.68,15.16,15.64,6263632,97022128.000
2010-11-25,15.70,16.00,15.53,15.97,6690000,105321832.000
2010-11-26,16.08,16.08,15.47,15.70,5857973,92003712.000
2010-11-29,15.76,15.79,15.45,15.70,4363770,68072336.000
2010-11-30,15.55,15.70,14.64,15.11,6045498,91088656.000
2010-12-01,15.15,15.35,15.00,15.30,3998587,60997248.000
2010-12-02,15.52,15.80,15.39,15.72,5778192,90158936.000
2010-12-03,15.69,15.87,15.36,15.64,4196989,65549560.000
2010-12-06,15.70,15.86,15.26,15.42,2921255,45222088.000
2010-12-07,15.36,15.55,14.80,15.48,3217798,48780376.000
2010-12-08,15.43,15.49,15.27,15.29,3118894,47893184.000
2010-12-09,15.12,15.61,15.11,15.20,4189979,64579252.000
2010-12-10,15.05,15.40,15.00,15.34,2954910,44972300.000
2010-12-13,15.57,16.05,15.48,16.04,8806348,138658976.000
2010-12-14,16.14,17.44,16.04,17.18,17790133,299502112.000
2010-12-15,17.20,17.86,17.00,17.24,17377428,303786944.000
2010-12-16,17.18,17.29,16.82,16.91,7075342,120278336.000
2010-12-17,16.87,17.35,16.87,17.24,7258851,124901328.000
2010-12-20,17.40,17.76,16.95,17.63,10113504,176403824.000
2010-12-21,17.50,17.61,17.14,17.56,5802927,100593120.000
2010-12-22,17.55,17.88,17.18,17.36,7620290,133447216.000
2010-12-23,17.10,17.33,16.38,16.43,8258073,137917984.000
2010-12-24,16.23,16.55,15.62,15.90,3571475,57070460.000
2010-12-27,15.90,16.40,15.68,15.71,3790726,60721200.000
2010-12-28,15.80,16.10,15.26,15.56,2767553,43357240.000
2010-12-29,15.50,15.78,15.31,15.69,1870970,29085022.000
2010-12-30,15.69,15.69,15.40,15.60,2232679,34731608.000
2010-12-31,15.60,15.99,15.60,15.97,2618635,41583744.000
2011-01-04,16.05,16.50,16.05,16.44,3762679,61416784.000
2011-01-05,16.41,17.12,16.17,17.06,6641431,110913376.000
2011-01-06,16.90,16.90,16.50,16.54,5120401,85390432.000
2011-01-07,16.55,16.75,16.30,16.43,3422674,56333996.000
2011-01-10,16.70,16.94,15.80,15.87,4342474,70623648.000
2011-01-11,15.55,15.80,15.28,15.67,2236413,34682756.000
2011-01-12,15.80,15.90,15.46,15.59,2440878,38040140.000
2011-01-14,15.70,15.70,15.01,15.18,2099983,31965598.000
2011-01-17,15.12,15.49,14.66,14.70,2604202,39086868.000
2011-01-18,14.61,14.83,14.50,14.76,1302186,19141060.000
2011-01-19,14.75,15.13,14.63,15.07,3819583,56635680.000
2011-01-20,15.06,15.06,14.03,14.14,3540064,51098552.000
2011-01-21,14.07,14.53,14.00,14.36,2983527,42582932.000
2011-01-24,14.51,14.78,14.12,14.18,2764269,39860436.000
2011-01-25,14.26,14.32,13.53,13.60,2434569,33544880.000
2011-01-26,13.55,13.88,13.55,13.80,1816527,24921336.000
2011-01-27,13.71,14.43,13.61,14.39,3557157,49978336.000
2011-01-28,14.20,14.44,14.17,14.36,2984903,42667328.000
2011-01-31,14.37,14.75,14.30,14.67,3032299,44278280.000
2011-02-01,14.69,14.91,14.58,14.88,2946122,43530624.000
2011-02-09,14.68,15.94,14.68,15.27,6411228,99308112.000
2011-02-10,15.50,16.42,15.50,16.28,10570257,169830480.000
2011-02-11,16.40,16.40,15.78,15.97,6088825,97108544.000
2011-02-14,15.98,16.15,15.70,16.11,6916522,110125496.000
2011-02-15,16.08,16.31,15.88,16.01,6903193,110950648.000
2011-02-16,15.94,16.05,15.80,16.01,5239762,83429280.000
2011-02-17,16.09,16.45,16.02,16.29,8911643,144950864.000
2011-02-18,16.34,16.34,16.01,16.09,5546089,89626304.000
2011-02-21,16.05,16.63,15.91,16.58,9723907,159741984.000
2011-02-22,16.59,17.19,16.44,16.94,16987887,287301312.000
2011-02-23,16.90,16.99,16.30,16.76,6814299,113283752.000
2011-02-24,16.68,16.75,16.41,16.63,4387667,72678968.000
2011-02-25,16.63,17.14,16.50,16.79,5895041,99536184.000
2011-02-28,16.80,17.15,16.80,16.89,6572755,111469272.000
2011-03-01,16.95,17.20,16.78,17.01,7152453,121664696.000
2011-03-02,16.96,17.79,16.78,17.69,16187853,282603968.000
2011-03-03,17.70,17.76,17.05,17.08,8417821,145581232.000
2011-03-04,17.30,17.30,16.78,17.10,5123181,86951656.000
2011-03-07,17.09,17.26,16.82,17.25,6409788,109332704.000
2011-03-08,17.01,17.17,16.83,16.97,4617975,78319352.000
2011-03-09,16.98,17.04,16.75,16.82,4367872,73571568.000
2011-03-10,16.80,17.14,16.68,16.81,4420036,74881856.000
2011-03-11,16.73,17.29,16.51,16.87,5650072,95490632.000
2011-03-14,16.68,16.81,16.35,16.50,4703925,77644600.000
2011-03-15,16.50,16.63,15.82,16.10,4950194,79954864.000
2011-03-16,16.05,16.36,16.05,16.28,3124539,50785872.000
2011-03-17,16.20,16.53,15.85,16.19,4178951,67875616.000
2011-03-18,16.39,16.46,16.22,16.24,2110959,34452720.000
2011-03-21,16.23,16.24,15.96,16.00,2634202,42251808.000
2011-03-22,16.10,16.14,15.82,15.96,1459641,23280220.000
2011-03-23,16.00,16.37,15.88,16.35,2800856,45243236.000
2011-03-24,16.34,16.41,16.13,16.20,2335865,37896336.000
2011-03-25,16.22,16.39,16.15,16.26,2264385,36765624.000
2011-03-28,16.25,16.58,16.21,16.40,4316778,70921512.000
2011-03-29,16.37,16.73,16.28,16.50,5642773,93552864.000
2011-03-30,16.41,16.55,15.63,15.76,4781761,76148224.000
2011-03-31,15.78,15.91,15.50,15.51,2740885,43064572.000
2011-04-01,15.48,15.70,15.38,15.59,1796212,27856230.000
2011-04-06,15.59,15.64,15.16,15.24,3065542,46833048.000
2011-04-07,15.24,15.47,14.92,15.40,3012984,45887308.000
2011-04-08,15.38,15.68,15.27,15.60,2241587,34833240.000
2011-04-11,15.61,15.76,15.35,15.40,2019692,31320784.000
2011-04-12,15.40,15.58,15.25,15.57,2260398,34765824.000
2011-04-13,15.57,15.61,15.33,15.60,1881452,29131632.000
2011-04-14,15.60,16.15,15.50,16.03,5420136,86303768.000
2011-04-15,16.01,16.01,15.58,15.71,3076592,48438932.000
2011-04-18,15.73,15.95,15.50,15.69,2455589,38591004.000
2011-04-19,15.69,16.12,15.60,15.83,4136050,65717816.000
2011-04-20,15.68,15.81,15.38,15.50,2768323,42888236.000
2011-04-21,15.50,15.59,15.26,15.35,2543982,39153220.000
2011-04-22,15.15,15.33,15.13,15.19,2094907,31838764.000
2011-04-25,15.16,15.16,14.65,14.68,2686305,39903664.000
2011-04-26,14.67,14.89,14.30,14.37,1846589,26746166.000
2011-04-27,14.37,14.47,14.05,14.12,1737492,24791716.000
2011-04-28,14.10,14.27,13.81,13.84,1481848,20864684.000
2011-04-29,13.94,14.20,13.91,14.14,1216103,17080252.000
2011-05-03,14.25,14.59,14.20,14.54,1737375,25202848.000
2011-05-04,14.60,14.61,14.31,14.41,1832367,26502276.000
2011-05-05,14.32,14.47,14.17,14.31,1220819,17512340.000
2011-05-06,14.24,14.41,14.09,14.34,1067849,15217108.000
2011-05-09,14.36,14.66,14.27,14.55,1289692,18771738.000
2011-05-10,14.56,14.57,14.39,14.53,932986,13481380.000
2011-05-11,14.53,14.74,14.53,14.58,1573318,23013668.000
2011-05-12,14.58,14.58,14.10,14.11,1802144,25788528.000
2011-05-13,14.06,14.19,13.95,14.15,1273052,17900048.000
2011-05-16,14.13,14.21,14.06,14.13,913861,12915625.000
2011-05-17,14.12,14.28,14.03,14.25,1048073,14856504.000
2011-05-18,14.27,14.43,14.15,14.41,1499286,21418164.000
2011-05-19,14.40,14.53,14.20,14.27,2331052,33383730.000
2011-05-20,14.18,14.25,14.02,14.09,1410426,19890880.000
2011-05-23,14.10,14.53,13.98,14.00,2695647,38382844.000
2011-05-24,13.91,13.92,13.20,13.57,2032062,27289802.000
2011-05-25,13.57,13.80,13.48,13.50,902244,12288442.000
2011-05-26,13.50,13.81,13.50,13.66,1801199,24722250.000
2011-05-30,13.29,14.00,13.29,13.57,2191394,30239436.000
2011-05-31,13.55,13.76,13.39,13.75,1292222,17488492.000
2011-06-01,13.77,14.23,13.67,14.10,2957781,41508132.000
2011-06-02,13.95,13.98,13.58,13.73,2086687,28653148.000
2011-06-03,13.99,14.29,13.90,13.92,1998503,28158076.000
2011-06-07,13.73,13.93,13.73,13.88,1249657,17272722.000
2011-06-08,14.03,14.03,13.56,13.93,1324722,18329600.000
2011-06-09,13.87,13.91,13.49,13.51,1234791,16906572.000
2011-06-10,13.52,13.72,13.33,13.47,873399,11758657.000
2011-06-13,13.38,13.55,13.34,13.44,849631,11421081.000
2011-06-14,13.43,13.71,13.40,13.61,1353414,18390944.000
2011-06-15,13.61,14.50,13.61,14.00,5001225,70693360.000
2011-06-16,13.79,13.94,13.50,13.51,2160848,29543668.000
2011-06-17,13.50,13.67,13.25,13.34,1340500,18071660.000
2011-06-20,13.36,13.47,13.12,13.13,1138709,15092973.000
2011-06-21,13.14,13.30,13.00,13.24,888254,11687183.000
2011-06-22,13.26,13.29,13.05,13.14,866901,11380727.000
2011-06-23,13.08,13.28,12.80,13.25,2063152,26922222.000
2011-06-24,13.05,13.60,13.05,13.51,3895676,52400888.000
2011-06-27,13.56,13.87,13.51,13.71,3505235,48034156.000
2011-06-28,13.71,13.71,13.45,13.63,2011449,27270980.000
2011-06-29,13.61,13.63,13.30,13.37,1874410,25193692.000
2011-06-30,13.25,13.65,13.22,13.50,2230347,30090996.000
2011-07-01,13.57,13.62,13.39,13.53,1940462,26260758.000
2011-07-04,13.50,14.17,13.47,14.02,5721311,79160024.000
2011-07-05,13.90,13.97,13.79,13.87,3535323,48992912.000
2011-07-06,13.86,14.04,13.73,13.93,2959561,41125488.000
2011-07-07,13.92,14.35,13.81,14.19,5967429,84283864.000
2011-07-08,14.25,14.27,13.90,13.97,3635060,51146744.000
2011-07-11,13.99,14.14,13.82,14.03,2438601,34207496.000
2011-07-12,14.06,14.06,13.62,13.64,2319132,32016256.000
2011-07-13,13.61,14.05,13.61,13.95,2497195,34653088.000
2011-07-14,14.00,14.16,13.92,14.08,2914312,40959272.000
2011-07-15,14.11,14.11,13.88,14.02,3254353,45486376.000
2011-07-18,14.02,14.47,13.96,14.31,6092818,86899560.000
2011-07-19,14.20,14.56,14.16,14.47,7582613,109311184.000
2011-07-20,14.47,14.55,14.26,14.37,3287984,47281828.000
2011-07-21,14.39,14.51,13.96,14.05,2969098,42232724.000
2011-07-22,14.03,14.20,13.96,14.07,1764007,24830514.000
2011-07-25,14.30,14.30,13.30,13.69,3261227,44771584.000
2011-07-26,13.65,13.78,13.40,13.57,1817761,24554472.000
2011-07-27,13.58,13.75,13.55,13.73,2093844,28591412.000
2011-07-28,13.62,13.70,13.40,13.47,1704037,23003144.000
2011-07-29,13.48,13.58,13.02,13.34,2517225,33322912.000
2011-08-01,13.31,13.37,13.06,13.22,1464714,19391112.000
2011-08-02,13.21,13.35,13.09,13.33,1923437,25401478.000
2011-08-03,13.36,13.60,13.15,13.47,2266719,30416376.000
2011-08-04,13.41,13.54,13.24,13.37,1824768,24414950.000
2011-08-05,13.06,13.26,12.85,13.16,2404019,31424112.000
2011-08-08,12.86,12.99,11.84,12.08,3385024,41833324.000
2011-08-09,11.68,11.97,11.15,11.73,3179988,36685708.000
2011-08-10,11.95,12.15,11.78,11.80,2802938,33526898.000
2011-08-11,11.50,12.02,11.33,11.96,3532066,41690108.000
2011-08-12,12.01,12.15,11.95,12.02,2751351,33188818.000
2011-08-15,12.05,12.39,12.05,12.34,2751482,33781168.000
2011-08-16,12.39,12.43,12.13,12.17,2085349,25572172.000
2011-08-17,12.31,12.34,12.10,12.11,2086993,25456904.000
2011-08-18,12.13,12.27,12.00,12.02,1663044,20198056.000
2011-08-19,11.80,11.87,11.55,11.72,1949755,22838884.000
2011-08-22,11.78,12.18,11.69,11.81,2996450,35808860.000
2011-08-23,11.90,12.16,11.78,12.13,2294784,27704208.000
2011-08-24,12.15,12.30,12.04,12.07,2298298,27869474.000
2011-08-25,12.07,12.30,12.07,12.30,3415693,41747160.000
2011-08-26,12.22,12.29,12.15,12.23,2000801,24432940.000
2011-08-29,12.20,12.49,12.08,12.32,3690714,45566832.000
2011-08-30,12.40,12.59,12.14,12.15,3527392,43843484.000
2011-08-31,11.90,11.90,11.29,11.59,5537989,64147576.000
2011-09-01,11.56,11.67,11.40,11.57,2765658,31814608.000
2011-09-02,11.56,11.56,11.20,11.33,2075824,23548146.000
2011-09-05,11.17,11.17,10.94,10.95,1798738,19824928.000
2011-09-06,10.85,11.07,10.80,11.03,904220,9879060.000
2011-09-07,11.02,11.24,11.02,11.24,1210366,13504806.000
2011-09-08,11.26,11.31,11.05,11.06,1291210,14444362.000
2011-09-09,11.09,11.40,11.06,11.19,1598553,18008254.000
2011-09-13,11.00,11.04,10.80,10.89,1166675,12717544.000
2011-09-14,11.04,11.06,10.81,10.96,797515,8720348.000
2011-09-15,10.96,11.11,10.82,11.02,1398492,15368250.000
2011-09-16,11.01,11.15,10.92,10.97,1234908,13609607.000
2011-09-19,10.87,10.87,10.61,10.66,1117813,11994068.000
2011-09-20,10.66,10.67,10.40,10.57,856810,8993623.000
2011-09-21,10.56,10.93,10.40,10.86,1749265,18778712.000
2011-09-22,10.78,10.90,10.52,10.53,1576030,16899236.000
2011-09-23,10.50,10.80,10.21,10.51,1310634,13665291.000
2011-09-26,10.51,10.68,10.38,10.42,779761,8195859.000
2011-09-27,10.45,10.60,10.39,10.43,925475,9688247.000
2011-09-28,10.35,10.58,10.28,10.39,854305,8872024.000
2011-09-29,10.28,10.60,10.19,10.20,1357281,14080240.000
2011-09-30,10.21,10.31,9.77,10.11,1531278,15285862.000
2011-10-10,10.11,10.15,9.81,10.11,930182,9272075.000
2011-10-11,10.23,10.35,9.78,9.90,1350332,13580437.000
2011-10-12,9.80,10.14,9.75,10.08,2038524,20491920.000
2011-10-13,10.02,10.29,10.01,10.28,2348148,23882428.000
2011-10-14,10.22,10.28,10.03,10.16,1562848,15855932.000
2011-10-17,10.25,10.35,10.08,10.14,1637096,16653517.000
2011-10-18,10.10,10.34,10.00,10.03,2595262,26376588.000
2011-10-19,9.99,10.10,9.82,9.85,1358373,13431828.000
2011-10-20,9.80,9.84,9.20,9.33,1729418,16317328.000
2011-10-21,9.31,9.39,9.10,9.10,771009,7088249.000
2011-10-24,9.10,9.26,8.77,9.07,2122431,19056232.000
2011-10-25,9.07,9.23,8.91,9.20,2163712,19767856.000
2011-10-26,9.13,9.40,9.02,9.32,4142119,37983952.000
2011-10-27,9.24,10.05,9.21,10.00,7125875,68260208.000
2011-10-28,9.84,10.05,9.72,9.98,7522985,74344400.000
2011-10-31,9.95,10.28,9.82,10.05,5110940,51715000.000
2011-11-01,9.90,10.28,9.87,9.95,4181428,42031888.000
2011-11-02,9.86,10.03,9.63,10.02,3280052,32129684.000
2011-11-03,10.14,10.55,10.10,10.13,7263965,75103000.000
2011-11-04,10.15,10.87,10.01,10.66,9431350,99216344.000
2011-11-07,10.54,10.62,10.40,10.49,4072324,42686464.000
2011-11-08,10.36,10.46,10.10,10.13,3378455,34627808.000
2011-11-09,10.13,10.36,10.13,10.32,2269382,23265816.000
2011-11-10,10.16,10.30,10.10,10.12,2180947,22224612.000
2011-11-11,10.11,10.18,9.99,10.11,1568103,15838971.000
2011-11-14,10.17,10.43,10.14,10.32,2296978,23607612.000
2011-11-15,10.31,10.35,10.18,10.32,2100102,21532348.000
2011-11-16,10.26,10.36,9.83,9.94,2489874,25060440.000
2011-11-17,9.97,10.06,9.72,9.77,1619341,15963325.000
2011-11-18,9.77,9.77,9.31,9.42,1883091,17874668.000
2011-11-21,9.42,9.51,9.32,9.50,1117865,10510171.000
2011-11-22,9.46,9.55,9.37,9.48,1094112,10367583.000
2011-11-23,9.49,9.95,9.49,9.76,3941889,38335848.000
2011-11-24,9.66,9.99,9.51,9.76,2513775,24424784.000
2011-11-25,9.80,9.81,9.40,9.46,1325324,12721394.000
2011-11-28,9.44,9.80,9.44,9.72,2467696,23898088.000
2011-11-29,9.86,10.40,9.80,10.30,7869326,80463752.000
2011-11-30,10.16,10.20,9.55,9.78,5009959,49504664.000
2011-12-01,10.01,10.31,9.85,10.19,5192324,52501224.000
2011-12-02,10.05,10.08,9.60,9.70,2962832,29174568.000
2011-12-05,9.68,9.68,9.17,9.18,2178789,20335908.000
2011-12-06,9.19,9.29,8.90,9.04,1378446,12506077.000
2011-12-07,9.00,9.13,8.95,9.10,743670,6734076.000
2011-12-08,9.09,9.40,8.85,9.24,1920505,17520744.000
2011-12-09,9.11,9.23,9.05,9.07,762044,6960348.000
2011-12-12,9.08,9.22,8.90,8.94,919850,8336985.000
2011-12-13,9.00,9.01,8.40,8.48,1695105,14546291.000
2011-12-14,7.88,8.34,7.63,7.73,5301359,42320228.000
2011-12-15,7.50,7.50,6.96,6.96,6760589,47966064.000
2011-12-16,6.62,6.93,6.56,6.92,5179956,34941184.000
2011-12-19,6.80,6.80,6.33,6.68,4159371,27338556.000
2011-12-20,6.61,6.84,6.50,6.72,3392768,22735898.000
2011-12-21,6.69,6.82,6.40,6.43,2548738,16969402.000
2011-12-22,6.29,6.32,5.94,6.17,3404708,20686456.000
2011-12-23,6.14,6.39,6.01,6.28,3087075,19243464.000
2011-12-26,6.28,6.91,6.22,6.91,8222543,55205824.000
2011-12-28,6.47,6.91,6.28,6.84,7775896,51606200.000
2011-12-29,6.80,7.24,6.61,7.18,8196189,57738900.000
2011-12-30,7.15,7.34,7.01,7.23,6865625,49265872.000
2012-01-04,7.25,7.34,7.05,7.11,6204680,44581232.000
2012-01-05,7.00,7.05,6.40,6.40,5207805,34971672.000
2012-01-06,6.31,6.75,6.07,6.70,4598610,29309992.000
2012-01-09,6.65,6.99,6.46,6.98,4819692,32854648.000
2012-01-10,7.03,7.68,7.03,7.68,6409215,48640544.000
2012-01-11,7.90,8.45,7.80,8.30,19285481,158930336.000
2012-01-12,8.09,8.27,7.97,8.17,9469588,76882432.000
2012-01-13,8.11,8.29,7.67,7.87,8317603,66343832.000
2012-01-16,7.63,8.11,7.63,7.78,5011086,39665228.000
2012-01-17,7.75,8.29,7.46,8.28,9190227,73356016.000
2012-01-18,8.25,8.30,7.79,7.90,7695860,62039864.000
2012-01-19,7.81,8.05,7.66,7.83,4184386,32793844.000
2012-01-20,7.90,8.25,7.90,8.05,6881226,55582976.000
2012-01-30,8.08,8.12,7.80,7.82,4072682,32221358.000
2012-01-31,7.82,7.82,7.28,7.59,5910373,44096836.000
2012-02-01,7.51,7.73,7.40,7.47,4690838,35448800.000
2012-02-02,7.63,8.22,7.62,8.22,7033058,57224004.000
2012-02-03,8.70,8.71,8.24,8.44,18066499,152641200.000
2012-02-06,8.36,8.58,8.25,8.54,11125934,93103312.000
2012-02-07,8.41,8.42,8.17,8.23,6392682,52922028.000
2012-02-08,8.23,8.45,8.13,8.41,7786306,64796308.000
2012-02-09,8.40,8.66,8.30,8.54,11157208,94577080.000
2012-02-10,8.44,9.27,8.31,9.01,17004662,150296080.000
2012-02-13,8.73,8.97,8.67,8.94,10141324,89720256.000
2012-02-14,8.94,8.95,8.69,8.78,5384537,47302400.000
2012-02-15,8.78,8.92,8.66,8.91,6770957,59705712.000
2012-02-16,8.90,9.05,8.70,8.80,8919204,79497656.000
2012-02-17,8.76,8.84,8.50,8.63,4886290,42288772.000
2012-02-20,8.81,8.90,8.67,8.73,4997198,43835184.000
2012-02-21,8.85,8.98,8.60,8.85,6138152,54159448.000
2012-02-22,8.76,8.96,8.71,8.94,7606531,67447704.000
2012-02-23,8.90,9.07,8.81,8.97,7630583,68211632.000
2012-02-24,8.97,9.00,8.80,8.99,7981937,71176920.000
2012-02-27,8.93,9.27,8.93,8.99,11378208,103749152.000
2012-02-28,9.00,9.69,8.95,9.46,18656432,173752960.000
2012-02-29,9.44,9.44,9.10,9.12,9688265,89458016.000
2012-03-01,9.08,9.49,9.03,9.45,9058252,84219144.000
2012-03-02,9.43,9.86,9.36,9.76,14051530,135195568.000
2012-03-05,9.80,10.16,9.65,10.00,13982156,138068288.000
2012-03-06,10.18,10.58,9.72,9.86,16542916,167659248.000
2012-03-07,9.66,9.86,9.38,9.57,8094199,77735592.000
2012-03-08,9.51,9.70,9.51,9.64,5851229,56243204.000
2012-03-09,9.71,9.97,9.70,9.81,5807867,56942776.000
2012-03-12,9.81,9.81,9.57,9.66,6022315,58018192.000
2012-03-13,9.66,9.70,9.47,9.63,5555354,53101980.000
2012-03-14,9.64,9.65,9.00,9.04,8676214,81592584.000
2012-03-15,9.00,9.09,8.30,8.70,6471857,56041916.000
2012-03-16,8.69,8.94,8.60,8.84,3816013,33523216.000
2012-03-19,8.84,9.15,8.68,9.08,4568862,41145420.000
2012-03-20,9.00,9.00,8.68,8.70,5056166,44349072.000
2012-03-21,8.73,8.87,8.60,8.79,3115915,27168272.000
2012-03-22,8.70,8.75,8.61,8.64,2492616,21569522.000
2012-03-23,8.61,8.61,8.36,8.39,2665247,22522876.000
2012-03-26,8.25,8.38,8.03,8.14,3506472,28772240.000
2012-03-27,8.16,8.38,8.11,8.17,2425367,20004628.000
2012-03-28,8.15,8.19,7.70,7.72,2847553,22292262.000
2012-03-29,7.66,7.66,7.33,7.38,2421154,18105164.000
2012-03-30,7.38,7.56,7.34,7.44,1900400,14178559.000
2012-04-06,7.65,8.18,7.62,8.18,4854602,39003856.000
2012-04-09,8.32,8.68,8.14,8.16,9787969,82166400.000
2012-04-10,7.93,8.26,7.73,8.25,5547561,44180840.000
2012-04-11,8.08,8.20,7.96,8.13,4468040,36107576.000
2012-04-12,8.18,8.24,8.01,8.19,5164104,42033416.000
2012-04-13,8.21,8.35,8.05,8.27,4932035,40656728.000
2012-04-16,8.20,8.34,8.07,8.31,4439911,36566940.000
2012-04-17,8.19,8.58,8.18,8.28,5185464,43379656.000
2012-04-18,8.27,8.41,8.11,8.40,5672255,47141176.000
2012-04-19,8.40,8.48,8.23,8.40,3691148,30789548.000
2012-04-20,8.38,8.56,8.34,8.50,5717182,48468160.000
2012-04-23,8.47,8.48,8.11,8.13,4869566,40270280.000
2012-04-24,8.05,8.24,7.70,7.95,3805497,30140856.000
2012-04-25,7.92,8.08,7.83,8.06,2263579,18110988.000
2012-04-26,8.03,8.75,8.01,8.37,7433032,62583388.000
2012-04-27,8.26,8.26,8.05,8.12,3946122,32148734.000
2012-05-03,7.71,7.71,7.71,7.71,283600,2186556.000
2012-05-04,7.32,7.32,7.32,7.32,505400,3699528.000
2012-05-07,6.95,6.95,6.95,6.95,674100,4684995.000
2012-05-08,6.60,6.90,6.60,6.77,15802545,105548976.000
2012-05-09,6.66,6.68,6.57,6.61,8565857,56715260.000
2012-05-10,6.62,6.72,6.61,6.66,4857021,32304920.000
2012-05-11,6.66,6.71,6.61,6.66,5213211,34759876.000
2012-05-14,6.69,6.70,6.46,6.47,7244277,47354564.000
2012-05-15,6.40,6.41,6.15,6.22,7088516,43976928.000
2012-05-16,6.17,6.26,6.13,6.21,3716723,23032696.000
2012-05-17,6.20,6.26,6.15,6.23,3540633,21984436.000
2012-05-18,6.18,6.46,6.06,6.38,8656375,54032976.000
2012-05-22,6.18,6.30,6.09,6.23,5028417,31178692.000
2012-05-23,6.19,6.22,5.98,6.09,5216567,31744132.000
2012-05-24,6.03,6.06,5.95,5.98,3860590,23179334.000
2012-05-25,5.95,6.01,5.70,5.71,6020334,34932760.000
2012-05-28,5.81,6.00,5.75,6.00,3788157,22624304.000
2012-05-29,6.30,6.30,6.30,6.30,1382470,8709561.000
2012-05-30,6.58,6.58,6.30,6.38,12153544,78255280.000
2012-05-31,6.40,6.66,6.35,6.56,9741887,63826184.000
2012-06-01,6.51,6.58,6.42,6.51,4047120,26256716.000
2012-06-04,6.40,6.50,6.18,6.25,3746230,23838980.000
2012-06-05,6.27,6.35,6.15,6.30,3199416,20077032.000
2012-06-06,6.35,6.53,6.25,6.51,4632566,29878044.000
2012-06-07,6.63,6.63,6.41,6.42,3667906,23881716.000
2012-06-08,6.47,6.48,6.21,6.28,3484385,22018596.000
2012-06-11,6.25,6.33,6.19,6.31,1824160,11435070.000
2012-06-12,6.30,6.35,6.19,6.32,1771858,11138084.000
2012-06-13,6.35,6.48,6.28,6.37,2144269,13699869.000
2012-06-15,6.45,6.68,6.37,6.53,4097041,26773520.000
2012-06-18,6.50,6.60,6.41,6.52,2957027,19190900.000
2012-06-19,6.51,6.65,6.50,6.59,3209428,21142484.000
2012-06-20,6.61,6.64,6.42,6.52,3156446,20485030.000
2012-06-21,6.49,6.50,6.24,6.28,2124497,13483974.000
2012-06-25,6.28,6.36,5.97,6.03,2735409,16879026.000
2012-06-26,6.03,6.12,5.94,6.04,1863137,11213910.000
2012-06-27,6.06,6.06,5.86,5.90,1879457,11256031.000
2012-06-28,5.87,5.97,5.75,5.76,1607414,9422307.000
2012-06-29,5.74,5.75,5.60,5.70,2276381,12931329.000
2012-07-02,5.80,5.99,5.71,5.99,3102911,18308312.000
2012-07-03,6.00,6.04,5.90,5.91,1744700,10402263.000
2012-07-04,5.89,5.94,5.82,5.86,1448689,8490688.000
2012-07-05,5.80,5.85,5.59,5.60,1825948,10401691.000
2012-07-06,5.61,5.81,5.55,5.77,1970732,11219621.000
2012-07-09,5.76,5.76,5.59,5.62,1678161,9509735.000
2012-07-10,5.53,5.69,5.49,5.62,905501,5089890.000
2012-07-11,5.69,5.81,5.64,5.81,2158962,12428446.000
2012-07-12,5.78,5.86,5.73,5.82,1357174,7876434.000
2012-07-13,5.82,5.86,5.75,5.85,1368749,7942152.000
2012-07-16,5.77,5.84,5.56,5.60,1538770,8710679.000
2012-07-17,5.58,5.58,5.36,5.53,1886537,10354639.000
2012-07-18,5.50,5.58,5.41,5.57,1362843,7498936.000
2012-07-19,5.56,5.74,5.53,5.69,1634055,9227616.000
2012-07-20,5.62,5.72,5.61,5.62,1137006,6442362.000
2012-07-23,5.59,5.80,5.46,5.63,1572032,8899269.000
2012-07-24,5.56,5.71,5.53,5.68,1417510,8002923.000
2012-07-25,5.66,5.67,5.51,5.56,1284255,7189747.000
2012-07-26,5.60,5.64,5.52,5.58,833097,4646045.000
2012-07-27,5.59,5.68,5.54,5.64,1255578,7045740.000
2012-07-30,5.36,5.36,5.36,5.36,337400,1808464.000
2012-07-31,5.09,5.09,5.09,5.09,91300,464717.000
2012-08-01,4.84,4.84,4.84,4.84,1131100,5474524.000
2012-08-02,4.61,4.84,4.60,4.60,4475176,20750120.000
2012-08-03,4.48,4.58,4.37,4.50,9986570,43817260.000
2012-08-06,4.42,4.57,4.39,4.54,6156220,27539640.000
2012-08-07,4.54,4.75,4.51,4.67,7444870,34524588.000
2012-08-08,4.64,4.87,4.64,4.71,5796850,27360556.000
2012-08-09,4.74,4.82,4.65,4.74,3877771,18360792.000
2012-08-10,4.71,4.77,4.65,4.72,3037765,14260169.000
2012-08-13,4.69,4.82,4.64,4.66,4353005,20589528.000
2012-08-14,4.66,4.69,4.43,4.51,5308599,23728596.000
2012-08-15,4.56,4.67,4.48,4.50,4741476,21665432.000
2012-08-16,4.44,4.52,4.29,4.46,3233290,14272728.000
2012-08-17,4.43,4.55,4.40,4.50,2916494,13066588.000
2012-08-20,4.49,4.73,4.40,4.71,5709653,26416552.000
2012-08-21,4.72,4.75,4.67,4.72,3675545,17317524.000
2012-08-22,4.72,4.92,4.71,4.84,6188027,29932932.000
2012-08-23,4.88,5.08,4.83,5.08,6832700,34056028.000
2012-08-24,5.00,5.05,4.83,4.83,8566746,41607376.000
2012-08-27,4.67,4.81,4.59,4.68,4398749,20596384.000
2012-08-28,4.60,4.79,4.60,4.69,2949119,13919208.000
2012-08-29,4.71,4.87,4.68,4.78,4763913,22686744.000
2012-08-30,4.76,4.77,4.54,4.59,3766305,17415282.000
2012-08-31,4.54,4.77,4.54,4.71,2604869,12170578.000
2012-09-03,4.85,4.85,4.70,4.80,3211957,15311340.000
2012-09-04,4.81,5.04,4.80,4.93,6714876,33127482.000
2012-09-05,4.90,5.01,4.81,4.90,3679902,18045704.000
2012-09-06,4.92,5.04,4.85,4.96,3592995,17714084.000
2012-09-07,4.97,5.15,4.94,5.07,6331291,31927514.000
2012-09-10,5.07,5.20,4.90,5.07,5007913,25268938.000
2012-09-11,5.04,5.12,4.96,5.06,3260065,16406245.000
2012-09-12,5.06,5.15,5.05,5.09,4228593,21513784.000
2012-09-13,5.11,5.29,5.06,5.09,4623717,23883974.000
2012-10-22,5.34,5.34,5.34,5.34,363212,1939552.000
2012-10-23,5.61,5.61,5.61,5.61,402691,2259097.000
2012-10-24,5.89,5.89,5.80,5.89,7835051,46138040.000
2012-10-25,5.94,6.06,5.60,5.62,11639018,66653892.000
2012-10-26,5.55,5.67,5.34,5.34,7345103,39634800.000
2012-10-29,5.34,5.41,5.16,5.37,3411209,18043468.000
2012-10-30,5.36,5.51,5.32,5.35,3080312,16650559.000
2012-10-31,5.35,5.39,5.19,5.24,3149488,16615452.000
2012-11-01,5.24,5.35,5.21,5.32,3258110,17263840.000
2012-11-02,5.33,5.58,5.33,5.50,6208880,33900040.000
2012-11-05,5.48,5.78,5.41,5.78,7005764,39629144.000
2012-11-06,5.88,5.89,5.56,5.65,6128965,34927032.000
2012-11-07,5.62,5.78,5.53,5.60,3688833,20815864.000
2012-11-08,5.54,5.60,5.32,5.32,4282802,23137696.000
2012-11-09,5.20,5.47,5.20,5.37,3491895,18774296.000
2012-11-12,5.36,5.41,5.27,5.36,1966297,10487798.000
2012-11-13,5.29,5.33,5.18,5.20,2221587,11634308.000
2012-11-14,5.23,5.46,5.20,5.35,2714419,14424784.000
2012-11-15,5.29,5.29,5.10,5.13,2060250,10700725.000
2012-11-16,5.08,5.16,5.02,5.08,1545633,7860348.000
2012-11-19,5.12,5.19,5.03,5.17,1553475,7950917.000
2012-11-20,5.24,5.30,5.12,5.17,1556609,8108777.000
2012-11-21,5.15,5.27,5.12,5.24,1592171,8277022.000
2012-11-22,5.24,5.35,5.18,5.26,2239392,11832363.000
2012-11-23,5.22,5.31,5.22,5.24,1551110,8152995.000
2012-11-26,5.25,5.29,5.08,5.10,1710726,8785485.000
2012-11-27,5.13,5.13,4.85,4.85,2412218,11805937.000
2012-11-28,4.84,4.84,4.61,4.61,2485018,11518816.000
2012-11-29,4.61,4.64,4.43,4.45,1938776,8801181.000
2012-11-30,4.46,4.56,4.40,4.55,1242311,5580477.000
2012-12-03,4.40,4.52,4.34,4.34,1308554,5794406.000
2012-12-04,4.56,4.56,4.56,4.56,796492,3632004.000
2012-12-05,4.78,4.79,4.67,4.72,4611492,21862756.000
2012-12-06,4.68,4.76,4.68,4.69,1372944,6459279.000
2012-12-07,4.69,4.91,4.69,4.90,3437996,16608215.000
2012-12-10,4.88,5.02,4.81,4.98,2728104,13455417.000
2012-12-11,4.95,5.10,4.91,4.97,2385449,11918634.000
2012-12-12,4.97,5.04,4.84,5.00,2221357,10962130.000
2012-12-13,4.99,5.18,4.95,5.04,3006392,15283413.000
2012-12-14,5.04,5.21,5.00,5.20,3303113,16946964.000
2012-12-17,5.13,5.25,5.11,5.16,3268232,16884816.000
2012-12-18,5.16,5.34,5.12,5.22,3778735,19826916.000
2012-12-19,5.20,5.36,5.20,5.27,2790638,14736299.000
2012-12-20,5.22,5.53,5.19,5.46,5641962,30242306.000
2012-12-21,5.47,5.52,5.36,5.38,3139556,16981828.000
2012-12-24,5.35,5.38,5.15,5.21,3686708,19345404.000
2012-12-25,5.18,5.30,5.15,5.28,3390257,17810748.000
2012-12-26,5.27,5.30,5.16,5.26,4267949,22276316.000
2012-12-27,5.28,5.43,5.23,5.30,4479474,23856904.000
2012-12-28,5.32,5.38,5.23,5.37,2837046,15082182.000
2012-12-31,5.44,5.49,5.39,5.45,3396618,18480116.000
2013-01-04,5.39,5.39,5.18,5.18,2617060,13595156.000
2013-01-07,5.13,5.25,5.12,5.22,2065541,10728404.000
2013-01-08,5.21,5.34,5.21,5.26,2684980,14158033.000
2013-01-09,5.25,5.42,5.24,5.34,2644402,14074091.000
2013-01-10,5.34,5.44,5.27,5.39,2481894,13321992.000
2013-01-11,5.39,5.42,5.34,5.37,2725170,14651486.000
2013-01-14,5.36,5.48,5.34,5.45,2727072,14819425.000
2013-01-15,5.46,5.58,5.43,5.52,2876683,15780056.000
2013-01-16,5.51,5.68,5.48,5.58,2672713,14854722.000
2013-01-17,5.60,5.67,5.52,5.54,2058478,11496402.000
2013-01-18,5.54,5.65,5.53,5.64,1959341,10972072.000
2013-01-21,5.64,5.92,5.62,5.92,4769461,27869756.000
2013-01-22,5.96,6.03,5.75,5.88,4688133,27655044.000
2013-01-23,5.88,5.89,5.59,5.70,4226360,24224692.000
2013-01-24,5.67,5.82,5.55,5.61,3061335,17461428.000
2013-01-25,5.65,5.89,5.64,5.89,3077263,17880236.000
2013-01-28,5.89,6.11,5.89,5.92,3290660,19624892.000
2013-01-29,5.95,6.08,5.89,6.05,2806228,16759696.000
2013-01-30,6.11,6.11,5.84,5.85,4343505,25702944.000
2013-01-31,5.83,5.93,5.80,5.86,2123758,12432314.000
2013-02-01,5.90,6.02,5.86,5.98,4121667,24518250.000
2013-02-04,5.96,6.00,5.76,5.87,3162497,18581892.000
2013-02-05,5.81,5.87,5.75,5.83,2592584,15039240.000
2013-02-06,5.82,5.94,5.80,5.90,2574354,15171926.000
2013-02-07,5.90,5.99,5.87,5.96,2752598,16354409.000
2013-02-08,5.95,5.96,5.80,5.85,3178745,18612682.000
2013-02-18,5.85,5.92,5.85,5.89,2028031,11926589.000
2013-02-19,5.89,5.90,5.72,5.77,2731105,15867482.000
2013-02-20,5.77,5.78,5.69,5.78,2232971,12797053.000
2013-02-21,5.75,5.75,5.49,5.50,3907370,21785604.000
2013-02-22,5.55,5.63,5.50,5.55,2302091,12795865.000
2013-02-25,5.56,5.62,5.52,5.59,1534139,8557148.000
2013-02-26,5.60,5.75,5.55,5.56,2539686,14355910.000
2013-02-27,5.60,5.63,5.53,5.58,1708636,9519791.000
2013-02-28,5.58,5.69,5.56,5.67,2054611,11604971.000
2013-03-01,5.77,5.95,5.71,5.90,4211410,24547108.000
2013-03-04,5.89,5.97,5.67,5.75,3494538,20431972.000
2013-03-05,5.75,5.96,5.75,5.90,2755291,16235539.000
2013-03-06,5.96,6.20,5.90,6.20,4461985,27383238.000
2013-03-07,6.27,6.27,5.90,5.97,4993537,30211336.000
2013-03-08,6.00,6.15,5.99,6.05,3144882,19012490.000
2013-03-11,6.02,6.15,5.97,6.04,2018469,12256335.000
2013-03-12,6.06,6.07,5.74,5.75,4194989,24424360.000
2013-03-13,5.71,5.82,5.69,5.80,2155501,12410429.000
2013-03-14,5.80,5.96,5.72,5.91,2049282,12071257.000
2013-03-15,5.89,6.02,5.87,5.88,2072733,12324097.000
2013-03-18,5.84,5.99,5.83,5.93,1757400,10433826.000
2013-03-19,5.89,6.10,5.89,6.07,2890026,17426222.000
2013-03-20,6.08,6.13,6.04,6.11,2849085,17347560.000
2013-03-21,6.11,6.28,6.07,6.25,3416757,21165376.000
2013-03-22,6.25,6.56,6.22,6.42,4683223,30114654.000
2013-03-25,6.40,6.73,6.40,6.73,4434222,29409336.000
2013-03-26,6.69,6.80,6.55,6.72,4192368,27995994.000
2013-03-27,6.71,6.80,6.59,6.67,3596452,24016712.000
2013-03-28,6.64,6.64,6.44,6.53,4003726,26111764.000
2013-03-29,6.58,6.77,6.56,6.63,4233692,28233578.000
2013-04-01,6.64,6.80,6.57,6.64,4076502,27251312.000
2013-04-10,6.18,6.35,6.02,6.07,12606874,77914496.000
2013-04-11,5.99,6.24,5.94,6.09,6566487,39859864.000
2013-04-12,6.05,6.23,5.90,5.98,4397246,26552836.000
2013-04-15,5.91,6.16,5.65,6.14,6444217,37928796.000
2013-04-16,6.01,6.30,5.98,6.16,6282547,38506048.000
2013-04-17,6.18,6.27,6.08,6.15,2999749,18470936.000
2013-04-18,6.05,6.68,6.05,6.36,12464345,79725240.000
2013-04-19,6.30,6.49,6.25,6.43,8788918,55815656.000
2013-04-22,6.40,6.40,6.11,6.28,5047211,31621076.000
2013-04-23,6.30,6.31,6.00,6.04,3655104,22329528.000
2013-04-24,6.04,6.15,6.00,6.09,2803465,17026288.000
2013-04-25,6.08,6.17,5.71,5.73,5864212,35183528.000
2013-04-26,5.78,5.78,5.49,5.50,4733533,26575572.000
2013-05-02,5.59,5.65,5.48,5.54,2256419,12560710.000
2013-05-03,5.54,5.69,5.54,5.67,1900918,10737571.000
2013-05-06,5.67,5.80,5.61,5.77,2125945,12204520.000
2013-05-07,5.95,5.95,5.75,5.76,2344994,13618163.000
2013-05-08,5.74,5.82,5.65,5.71,2698715,15401497.000
2013-05-09,5.71,5.76,5.64,5.74,2949430,16801516.000
2013-05-10,5.72,6.02,5.64,5.90,5047376,29467956.000
2013-05-13,5.87,5.92,5.78,5.90,3428411,20045396.000
2013-05-14,5.90,5.91,5.77,5.82,2002268,11666604.000
2013-05-15,5.84,5.85,5.77,5.85,1818505,10564158.000
2013-05-16,5.86,5.88,5.75,5.86,2904044,16971388.000
2013-05-17,5.86,5.91,5.82,5.87,3563506,20902012.000
2013-05-20,5.88,6.05,5.87,6.01,5473725,32771244.000
2013-05-21,6.01,6.04,5.95,6.02,4319199,25883568.000
2013-05-22,6.03,6.12,5.96,6.08,4814014,29152616.000
2013-05-23,6.05,6.05,5.95,5.98,3543627,21251310.000
2013-05-24,5.96,6.00,5.85,5.97,3396165,20119612.000
2013-05-27,5.93,6.30,5.91,6.27,10127827,62279952.000
2013-05-28,6.26,6.45,6.17,6.39,9198910,58212016.000
2013-05-29,6.33,6.47,6.23,6.26,9703679,61640176.000
2013-05-30,6.26,6.35,6.14,6.34,5949908,37066832.000
2013-05-31,6.33,6.34,6.16,6.19,3329066,20818908.000
2013-06-03,6.20,6.34,6.15,6.30,4603760,28701736.000
2013-06-04,6.25,6.29,6.10,6.17,4135455,25559596.000
2013-06-05,6.14,6.24,6.10,6.17,3391832,20919764.000
2013-06-06,6.13,6.22,5.98,6.01,3304053,20081012.000
2013-06-07,6.05,6.06,5.68,5.81,3444975,20135684.000
2013-06-13,5.75,5.75,5.50,5.65,2135329,11953178.000
2013-06-14,5.66,5.72,5.60,5.70,1182991,6720530.000
2013-06-17,5.70,5.80,5.68,5.75,1551859,8895836.000
2013-06-18,5.75,5.93,5.72,5.83,1983490,11586816.000
2013-06-19,5.79,5.79,5.63,5.72,1399809,7971618.000
2013-06-20,5.69,5.70,5.54,5.56,2052506,11528804.000
2013-06-21,5.50,5.57,5.33,5.54,1909830,10434562.000
2013-06-24,5.51,5.51,4.99,4.99,3890553,19954896.000
2013-06-25,4.99,4.99,4.49,4.81,3733944,17565896.000
2013-06-26,4.77,4.85,4.67,4.82,1845929,8794068.000
2013-06-27,4.82,4.86,4.67,4.75,2743644,13118432.000
2013-06-28,4.65,4.81,4.62,4.73,1511953,7131584.000
2013-07-01,4.71,4.78,4.64,4.74,1579197,7445635.000
2013-07-02,4.75,4.84,4.72,4.83,2270397,10837171.000
2013-07-03,4.79,4.79,4.65,4.76,2196940,10410321.000
2013-07-04,4.76,4.95,4.73,4.84,2986180,14491916.000
2013-07-05,4.85,4.96,4.83,4.92,2530732,12423965.000
2013-07-08,4.88,4.88,4.62,4.65,1868583,8809600.000
2013-07-09,4.59,4.70,4.59,4.63,1017253,4704829.000
2013-07-10,4.64,4.85,4.61,4.84,2611971,12443998.000
2013-07-11,4.82,5.04,4.77,5.00,4341067,21471372.000
2013-07-12,4.94,5.10,4.94,4.96,3201486,16075274.000
数据来源:通达信
