600485 中创信测 日线
      日期	    开盘	    最高	    最低	    收盘	    成交量	    成交额
2007-01-11,14.61,14.89,14.35,14.42,3194731,46660728.000
2007-01-12,14.38,14.38,13.31,13.33,3170725,43763024.000
2007-01-15,13.33,14.35,13.06,14.14,2272284,31306082.000
2007-01-16,14.10,14.59,13.90,14.21,2868482,40770192.000
2007-01-17,14.20,15.26,13.93,15.10,6655021,97251912.000
2007-01-18,14.86,15.90,14.78,15.30,5633232,86391728.000
2007-01-19,15.33,15.89,15.28,15.78,4368081,68185472.000
2007-01-22,15.85,16.30,15.50,16.25,5258198,83743192.000
2007-01-23,15.98,16.15,14.63,15.29,5001329,76549384.000
2007-01-24,15.06,15.46,14.91,15.26,2596723,39433108.000
2007-01-25,15.26,15.26,14.33,14.36,2412633,35502644.000
2007-01-26,14.20,14.62,13.63,14.39,2460781,34525300.000
2007-01-29,14.31,15.83,14.31,15.83,5874981,89079200.000
2007-01-30,15.79,15.79,15.05,15.07,2985937,45931612.000
2007-02-01,14.09,14.74,13.80,14.28,2475450,35184548.000
2007-02-02,14.40,14.50,13.76,13.80,1340531,18881634.000
2007-02-05,14.09,14.31,13.00,14.30,1703859,23837472.000
2007-02-06,14.31,14.65,14.12,14.64,1527266,22059454.000
2007-02-07,14.74,14.90,14.50,14.68,1780902,26176876.000
2007-02-08,14.60,15.14,14.46,15.09,1894647,28085480.000
2007-02-09,14.98,15.20,14.66,14.72,1461205,21633374.000
2007-02-12,14.63,15.44,14.56,15.38,2323645,35213872.000
2007-02-13,15.49,16.20,15.40,15.81,3514170,55484292.000
2007-02-14,16.00,16.36,15.50,15.60,3940978,62848472.000
2007-02-15,16.00,16.99,15.68,16.68,6220249,101724848.000
2007-02-16,16.99,17.55,16.60,16.93,5208485,89196976.000
2007-02-26,17.28,17.75,16.88,17.59,3333927,57881120.000
2007-02-27,17.70,17.85,15.83,15.83,6369553,106786344.000
2007-02-28,16.15,17.12,15.80,16.96,4183000,69706688.000
2007-03-01,16.87,16.95,15.80,16.46,3417403,55693540.000
2007-03-02,16.46,17.27,16.32,16.83,3227647,54642572.000
2007-03-05,16.85,17.40,16.20,16.54,2664662,44648460.000
2007-03-06,16.54,17.28,16.52,17.15,2827377,48137464.000
2007-03-07,17.18,17.68,16.20,16.72,6423526,107737448.000
2007-03-08,16.54,16.55,15.98,16.34,4317401,70117760.000
2007-03-09,16.33,16.33,15.95,16.13,2538394,40795104.000
2007-03-12,16.00,16.30,15.91,16.18,2071780,33551784.000
2007-03-13,16.10,16.58,15.88,16.40,4424859,71637080.000
2007-03-14,16.25,16.35,15.72,16.01,2266738,36307000.000
2007-03-15,15.92,16.53,15.88,16.17,2478487,40182648.000
2007-03-16,16.16,16.45,15.95,16.39,2999213,48724712.000
2007-03-19,15.76,16.69,15.70,16.63,3343621,55118580.000
2007-03-20,16.90,17.00,16.25,16.47,3632414,60097476.000
2007-03-21,16.35,16.49,16.01,16.20,4233897,68506136.000
2007-03-22,16.08,16.34,15.98,16.07,3445915,55559368.000
2007-03-23,16.07,16.15,15.56,15.90,2785521,44075776.000
2007-03-26,16.15,16.65,16.15,16.47,4478645,73775800.000
2007-03-27,16.43,16.64,16.20,16.60,3884910,63901232.000
2007-03-28,16.69,16.90,15.91,16.44,5104390,84538112.000
2007-03-29,16.43,16.74,15.60,15.65,3982197,64312152.000
2007-04-02,15.69,16.00,15.59,15.87,1901538,29939840.000
2007-04-03,15.87,15.88,15.50,15.72,3720023,58158372.000
2007-04-04,15.71,16.24,15.71,16.06,3090238,49357240.000
2007-04-05,15.96,16.01,15.70,15.88,2796549,44248696.000
2007-04-06,15.78,16.01,15.60,15.88,2939154,46625076.000
2007-04-09,15.88,16.36,15.88,16.34,5683349,91999616.000
2007-04-10,16.34,16.54,15.80,16.24,4135142,67182696.000
2007-04-11,16.26,16.69,16.21,16.66,6938165,114691288.000
2007-04-12,16.72,16.81,16.49,16.77,5131768,85369160.000
2007-04-13,16.80,16.85,16.00,16.27,4398998,72843848.000
2007-04-16,16.10,16.79,16.10,16.66,4575373,75970528.000
2007-04-17,16.78,16.85,16.17,16.73,4716119,78030568.000
2007-04-18,16.75,17.18,16.35,17.14,6338954,106259720.000
2007-04-19,17.18,17.27,15.57,16.13,5855683,97367728.000
2007-04-20,16.15,16.59,16.15,16.48,3551209,58388728.000
2007-04-23,16.50,17.40,16.50,17.39,7569237,128915880.000
2007-04-24,17.45,18.42,17.04,17.76,11152389,199237136.000
2007-04-25,17.50,17.98,17.06,17.39,4090457,71251816.000
2007-04-26,17.55,17.77,17.18,17.31,3132389,54359592.000
2007-04-27,17.30,17.31,16.60,16.67,3757749,63306496.000
2007-04-30,16.18,16.63,16.10,16.38,3641453,59343464.000
2007-05-08,16.45,17.09,16.45,17.00,4609494,77310560.000
2007-05-09,16.80,17.50,16.66,17.22,5378430,92110504.000
2007-05-10,17.15,17.40,16.88,16.97,3374834,57689560.000
2007-05-11,17.10,17.72,16.82,17.53,5363345,93012072.000
2007-05-14,17.21,18.00,17.00,17.29,4398316,77199120.000
2007-05-16,16.55,16.90,16.18,16.85,3191646,52976428.000
2007-05-17,17.05,17.17,16.78,17.04,3501312,59467360.000
2007-05-18,17.09,17.12,16.55,16.65,3601027,60217044.000
2007-05-21,16.20,16.64,16.00,16.56,3674562,60338368.000
2007-05-22,16.70,16.96,16.64,16.83,4179546,70129232.000
2007-05-23,16.80,17.47,16.71,17.42,5831917,100173072.000
2007-05-24,17.30,18.40,16.98,18.04,11528257,204285856.000
2007-05-25,18.04,18.80,17.88,18.50,13110563,241782384.000
2007-05-28,18.80,19.00,18.20,18.41,6597945,122011536.000
2007-05-29,18.43,18.60,18.08,18.44,5432860,99618904.000
2007-05-30,16.99,17.88,16.60,16.60,5128817,87571472.000
2007-05-31,16.50,16.60,14.94,15.38,4727337,73261792.000
2007-06-01,15.40,15.80,13.84,13.84,4894031,72514128.000
2007-06-04,14.30,14.80,13.60,14.32,6350716,91013248.000
2007-06-05,13.99,14.70,12.89,14.49,3876423,54002200.000
2007-06-06,14.68,14.73,14.10,14.52,3010649,43522848.000
2007-06-07,14.54,14.97,14.33,14.86,4443017,65220980.000
2007-06-08,14.87,15.00,14.52,14.60,3406063,50109156.000
2007-06-11,14.58,14.75,14.32,14.48,3307243,47806152.000
2007-06-12,14.51,14.74,13.80,14.57,3416524,48878628.000
2007-06-13,14.61,15.43,14.60,15.27,4856032,73043864.000
2007-06-14,15.00,15.24,14.62,14.73,3083923,45973936.000
2007-06-15,14.57,14.85,14.46,14.62,2661373,38922680.000
2007-06-18,15.03,15.19,14.88,14.98,3106281,46656512.000
2007-06-19,15.00,15.46,15.00,15.39,3301943,50426032.000
2007-06-20,15.68,15.70,14.65,14.78,2742896,41910040.000
2007-06-21,14.99,14.99,14.30,14.51,2043368,29821644.000
2007-06-22,14.41,14.79,13.31,13.52,1836374,25735860.000
2007-06-25,13.59,13.91,12.23,12.38,1953310,25643772.000
2007-06-26,12.38,12.98,12.18,12.84,1595831,20134974.000
2007-06-27,12.87,12.96,12.06,12.83,1618378,20512924.000
2007-06-29,11.80,12.00,11.55,11.55,3646080,42487980.000
2007-07-02,11.55,12.35,11.30,12.19,2623279,30871964.000
2007-07-03,12.02,12.27,11.62,11.91,2027596,24017154.000
2007-07-04,11.90,11.90,11.41,11.50,1081111,12621443.000
2007-07-05,11.39,11.58,10.77,10.78,1224411,13763282.000
2007-07-06,10.79,11.50,10.52,11.41,1902114,21183920.000
2007-07-09,11.43,11.75,11.20,11.62,1697150,19587824.000
2007-07-10,11.60,11.60,11.23,11.25,1234828,13984910.000
2007-07-11,11.25,11.49,11.15,11.38,826356,9372340.000
2007-07-12,11.45,11.52,11.22,11.50,840194,9559703.000
2007-07-13,11.60,11.99,11.40,11.80,2528059,29705090.000
2007-07-16,11.79,11.79,11.20,11.23,1014803,11571408.000
2007-07-17,11.29,11.85,11.03,11.52,1038638,11985272.000
2007-07-18,11.40,11.70,11.32,11.42,942131,10826822.000
2007-07-19,11.35,11.61,11.35,11.57,763117,8798110.000
2007-07-20,11.72,11.88,11.58,11.86,1693558,19967632.000
2007-07-23,11.62,12.45,11.62,12.35,2781038,33897324.000
2007-07-24,12.39,12.55,12.20,12.24,2101064,26021366.000
2007-07-25,12.21,12.99,12.13,12.77,2277401,28593052.000
2007-07-26,12.80,13.05,12.60,13.04,2554127,32760184.000
2007-07-27,12.85,13.35,12.80,13.10,2531700,33280820.000
2007-07-30,13.10,13.57,13.05,13.30,2128571,28393764.000
2007-07-31,13.32,13.65,13.20,13.58,2096690,28253000.000
2007-08-01,13.67,13.75,12.34,12.50,2617235,34334492.000
2007-08-02,12.46,12.95,12.40,12.78,1547029,19645696.000
2007-08-03,12.78,12.98,12.58,12.73,1529931,19441302.000
2007-08-06,12.80,13.08,12.63,12.90,1813970,23333228.000
2007-08-07,12.95,13.00,12.51,12.85,2170793,27577730.000
2007-08-08,12.67,12.83,12.37,12.53,1404644,17664242.000
2007-08-09,12.61,12.87,12.53,12.63,1195782,15158046.000
2007-08-10,12.59,13.13,12.53,13.00,2469189,31759796.000
2007-08-13,13.10,13.15,12.66,12.91,1770094,22751404.000
2007-08-14,12.88,13.40,12.85,13.29,2984115,39209996.000
2007-08-15,13.29,13.39,12.48,12.93,2393489,31107058.000
2007-08-16,12.93,12.95,12.51,12.83,1272616,16177531.000
2007-08-17,12.83,13.60,12.72,13.37,4141064,54760604.000
2007-08-20,13.79,14.27,13.37,14.05,5978507,83197920.000
2007-08-21,14.00,14.00,13.66,13.80,2248521,31001816.000
2007-08-22,13.68,14.00,13.60,13.88,2662437,36847880.000
2007-08-23,13.91,13.99,13.65,13.82,1779169,24572708.000
2007-08-24,13.82,13.99,13.63,13.87,2141086,29575600.000
2007-08-27,13.90,14.08,13.52,13.56,1812961,24841590.000
2007-08-28,13.42,13.51,13.00,13.08,2198519,28894440.000
2007-08-29,13.00,13.30,12.80,13.16,1439709,18810532.000
2007-08-30,13.16,13.65,13.00,13.55,2723571,36450880.000
2007-08-31,13.50,13.78,13.26,13.41,2180957,29494484.000
2007-09-03,13.42,13.85,13.42,13.84,3387260,46409912.000
2007-09-04,13.87,14.68,13.66,14.30,6081655,86364408.000
2007-09-05,14.39,14.88,14.34,14.60,8611582,125780544.000
2007-09-06,14.68,14.77,14.28,14.36,3884355,56072128.000
2007-09-07,14.21,14.22,13.78,13.78,2708159,37695296.000
2007-09-10,13.70,14.10,13.38,13.98,1763795,24186904.000
2007-09-11,13.85,14.13,12.80,12.91,2107091,29062760.000
2007-09-12,12.91,13.34,12.45,12.90,1643694,21207968.000
2007-09-13,12.96,13.09,12.68,12.99,1545121,19827162.000
2007-09-14,12.98,13.17,12.75,13.04,1709320,22165304.000
2007-09-18,13.27,13.64,13.02,13.32,2104527,28070112.000
2007-09-19,13.48,13.48,12.97,13.02,1376264,18024888.000
2007-09-20,13.02,13.18,12.91,13.03,1630741,21260568.000
2007-09-21,13.11,13.20,12.68,12.92,1159020,15019471.000
2007-09-24,12.93,13.12,12.40,12.61,1217550,15356000.000
2007-09-25,12.60,12.77,12.41,12.51,926529,11605165.000
2007-09-26,12.61,12.64,12.15,12.24,1212061,14949458.000
2007-09-27,12.32,12.48,12.15,12.43,735214,9079238.000
2007-09-28,12.45,12.69,12.43,12.60,1058017,13338418.000
2007-10-08,12.75,12.81,12.51,12.57,924756,11662566.000
2007-10-09,12.55,12.98,12.51,12.91,1107015,14125765.000
2007-10-10,12.94,13.00,12.57,12.59,1248107,15855895.000
2007-10-11,12.59,12.62,12.17,12.24,1253886,15415967.000
2007-10-12,12.24,12.30,11.11,11.68,1733217,20107636.000
2007-10-15,11.45,11.80,11.25,11.53,790481,9163721.000
2007-10-16,11.50,11.95,11.42,11.86,861611,10089141.000
2007-10-17,11.80,12.44,11.65,12.12,1382718,16768121.000
2007-10-18,12.20,12.20,11.61,11.66,623037,7353221.000
2007-10-19,11.65,11.75,11.30,11.38,686505,7959879.000
2007-10-22,11.25,11.40,11.10,11.14,534824,5995688.000
2007-10-23,11.10,11.64,11.08,11.38,879750,9977122.000
2007-10-24,11.38,11.45,10.80,10.87,1259080,13882701.000
2007-10-25,10.77,10.80,9.78,9.78,1734870,17586128.000
2007-10-26,9.94,9.99,9.35,9.66,825223,7979068.000
2007-10-30,9.93,9.95,9.51,9.88,873599,8483057.000
2007-10-31,9.81,10.57,9.81,10.40,1346919,13784474.000
2007-11-01,10.45,10.45,9.90,9.91,880700,8851289.000
2007-11-02,9.75,9.88,9.51,9.62,677225,6542363.000
2007-11-05,9.65,10.15,9.60,10.04,945442,9396312.000
2007-11-06,10.05,10.35,10.01,10.10,937823,9560259.000
2007-11-07,10.16,10.18,9.70,10.00,860730,8518280.000
2007-11-08,9.99,9.99,9.62,9.66,613095,6010967.000
2007-11-09,9.66,10.05,9.48,9.84,903193,8873542.000
2007-11-12,9.80,10.67,9.65,10.57,2573127,26404396.000
2007-11-13,10.80,10.90,10.38,10.52,2118905,22431352.000
2007-11-14,10.55,10.67,10.37,10.64,1058676,11146341.000
2007-11-15,10.60,10.70,10.36,10.58,950580,10021879.000
2007-11-16,10.41,10.67,10.32,10.48,696700,7288580.000
2007-11-19,10.45,11.00,10.45,10.75,1079659,11633471.000
2007-11-20,10.75,11.07,10.68,10.87,1045154,11354405.000
2007-11-21,10.51,10.95,10.48,10.49,981162,10435712.000
2007-11-22,10.40,10.40,9.91,9.95,886938,9038210.000
2007-11-23,9.80,10.21,9.80,10.18,611456,6156211.000
2007-11-26,10.21,10.39,9.91,10.03,517985,5291878.000
2007-11-27,10.20,10.20,9.95,10.09,358114,3597273.000
2007-11-28,10.27,10.27,10.01,10.07,295900,3002764.000
2007-11-29,10.20,10.42,10.00,10.34,736647,7550875.000
2007-11-30,10.35,10.35,9.90,10.01,930951,9389080.000
2007-12-03,10.00,10.18,9.91,10.14,361470,3646313.000
2007-12-04,10.18,10.98,10.18,10.65,2519155,26776192.000
2007-12-05,10.51,10.61,10.36,10.60,1105614,11609433.000
2007-12-06,10.64,10.85,10.41,10.83,1369997,14599827.000
2007-12-07,10.64,10.83,10.64,10.77,885285,9527092.000
2007-12-10,10.58,11.11,10.50,11.04,1944094,21182282.000
2007-12-11,10.98,11.21,10.86,11.18,1546550,17112320.000
2007-12-12,11.15,11.43,11.05,11.32,1818179,20522966.000
2007-12-13,11.20,11.38,10.81,10.84,1260908,14027614.000
2007-12-14,10.80,11.20,10.59,11.19,869605,9502570.000
2007-12-17,11.20,11.76,11.20,11.48,2094056,24118614.000
2007-12-18,11.33,11.70,11.18,11.18,1118831,12700389.000
2007-12-19,11.25,11.67,11.25,11.50,1386442,15961490.000
2007-12-20,11.49,11.70,11.37,11.54,1036825,11967792.000
2007-12-21,11.48,11.75,11.32,11.64,1015806,11776595.000
2007-12-24,11.77,12.10,11.66,11.96,2192019,26119084.000
2007-12-25,11.83,12.17,11.83,11.95,1259635,15115947.000
2007-12-26,11.95,12.13,11.85,12.09,1295170,15569827.000
2007-12-27,13.00,13.30,13.00,13.30,1515908,20117868.000
2007-12-28,13.77,14.63,13.58,14.63,16074881,230761392.000
2008-01-02,14.95,16.01,14.90,15.99,15023628,234187904.000
2008-01-03,15.88,16.43,15.46,15.73,10621293,168461904.000
2008-01-04,15.56,16.10,15.32,15.96,7186811,112933112.000
2008-01-07,15.66,16.38,15.30,16.17,8498978,135578768.000
2008-01-08,16.17,16.17,14.75,15.09,6693341,103281472.000
2008-01-09,14.81,15.65,14.78,15.34,3358184,51456408.000
2008-01-10,15.30,16.27,15.13,16.21,7608016,119669000.000
2008-01-11,16.45,17.05,16.20,16.55,12073491,201099808.000
2008-01-14,16.55,17.10,15.85,16.68,6582005,108099952.000
2008-01-15,16.68,17.50,16.34,17.17,5792161,98586536.000
2008-01-16,16.81,17.52,16.70,17.22,5362604,91999216.000
2008-01-17,16.96,18.94,16.88,18.44,9065339,166110704.000
2008-01-18,18.20,18.78,17.78,18.10,4403808,80733104.000
2008-01-21,18.47,19.42,18.08,18.40,5989740,112928624.000
2008-01-22,17.77,18.18,16.56,16.56,6338039,107261680.000
2008-01-23,16.38,17.99,16.22,17.89,7905678,134864992.000
2008-01-24,17.90,18.93,17.50,18.06,5978664,109373568.000
2008-01-25,18.20,18.58,17.10,17.24,4412132,78640488.000
2008-01-28,17.01,17.01,15.52,15.65,5735740,90299456.000
2008-01-29,15.70,16.26,15.10,16.09,2614434,41361600.000
2008-01-30,16.11,16.88,15.60,16.14,2115101,34469532.000
2008-01-31,16.10,16.37,14.88,14.93,1279815,20007272.000
2008-02-01,14.98,15.40,13.46,13.88,2825261,39521868.000
2008-02-04,14.18,15.05,14.16,14.83,4568535,67293808.000
2008-02-05,14.55,14.80,14.05,14.39,3344723,48268920.000
2008-02-13,13.88,15.83,13.88,15.63,5766040,87998240.000
2008-02-14,15.78,17.08,15.13,17.03,7712273,127570872.000
2008-02-15,17.10,17.37,16.51,16.84,4553858,77021552.000
2008-02-18,17.11,18.26,17.00,18.02,4744921,84012472.000
2008-02-19,17.95,18.35,17.65,18.15,2841116,51202224.000
2008-02-20,18.05,18.05,17.18,17.32,4186475,73362816.000
2008-02-21,17.52,18.75,17.20,18.23,4561485,82228080.000
2008-02-22,17.90,18.13,16.81,17.34,2831850,49481164.000
2008-02-25,17.50,17.55,15.61,15.62,3725837,60139076.000
2008-02-26,16.29,16.40,15.45,16.29,1824576,29017770.000
2008-02-27,16.29,16.65,15.81,16.50,1950878,31908248.000
2008-02-28,16.30,16.70,15.90,16.25,1426203,23256196.000
2008-02-29,16.05,16.75,16.05,16.60,1556344,25666250.000
2008-03-03,16.40,17.28,16.15,17.14,3005719,50742768.000
2008-03-04,17.22,17.84,17.01,17.12,3337870,58001184.000
2008-03-05,17.00,17.47,16.80,17.38,2801890,48031284.000
2008-03-06,17.65,18.20,17.35,17.43,3484372,61717980.000
2008-03-07,17.32,17.45,16.10,16.19,3330818,55336064.000
2008-03-10,16.00,16.00,15.10,15.43,2169039,33483908.000
2008-03-11,15.35,15.92,15.25,15.76,1011319,15778711.000
2008-03-12,15.87,16.29,15.02,15.08,1250583,19534868.000
2008-03-13,15.37,16.59,14.48,16.18,2827623,44103032.000
2008-03-14,15.72,16.00,15.45,15.69,1414233,22311720.000
2008-03-17,15.60,15.65,14.19,14.25,1421421,21149160.000
2008-03-18,13.80,14.48,12.83,12.85,1546109,20808532.000
2008-03-19,13.08,13.87,12.68,13.55,1496013,20031768.000
2008-03-20,13.46,14.54,12.33,14.14,1907191,25861000.000
2008-03-21,14.00,14.75,14.00,14.47,1477179,21350256.000
2008-03-24,14.24,15.30,14.24,14.61,2193555,32482868.000
2008-03-25,14.34,15.06,14.11,14.94,1544626,22779560.000
2008-03-26,14.95,15.24,14.20,14.39,1775488,26195508.000
2008-03-27,13.81,14.10,12.95,12.96,1581169,21361176.000
2008-03-28,12.59,14.12,12.40,13.86,1720870,23014200.000
2008-03-31,13.65,14.61,13.20,14.07,2690717,38295796.000
2008-04-01,14.00,14.30,12.66,12.68,1685219,22107408.000
2008-04-02,12.98,13.10,11.41,11.42,1450067,17449924.000
2008-04-03,11.39,11.75,10.28,11.26,1318640,14511800.000
2008-04-07,11.30,12.11,11.16,11.99,944095,11219195.000
2008-04-08,12.00,12.53,11.80,12.38,1169373,14330364.000
2008-04-09,12.38,12.58,11.15,11.18,1219150,14538598.000
2008-04-10,10.98,11.60,10.50,11.48,1786147,19644132.000
2008-04-11,11.33,12.19,11.25,11.88,1417712,16816316.000
2008-04-14,11.05,11.70,10.85,10.86,1150101,12686652.000
2008-04-15,10.60,11.27,10.55,11.21,708032,7752148.000
2008-04-16,11.15,11.80,10.63,11.29,1263640,14379328.000
2008-04-17,11.20,11.63,10.74,10.91,903041,10023305.000
2008-04-18,10.90,10.90,9.90,9.92,1027908,10670093.000
2008-04-21,10.82,10.90,9.60,10.28,1224912,12733436.000
2008-04-22,10.00,10.24,9.40,9.91,846189,8242296.000
2008-04-23,9.70,10.35,9.70,10.29,952961,9610685.000
2008-04-24,11.20,11.32,10.92,11.32,2513944,28092556.000
2008-04-25,11.30,11.97,11.10,11.62,2310803,26778392.000
2008-04-28,11.69,11.87,11.45,11.73,1597190,18573784.000
2008-04-29,11.61,11.78,11.50,11.62,1282174,14895242.000
2008-04-30,11.90,12.48,11.73,12.37,2503659,30659910.000
2008-05-05,12.51,13.20,12.45,13.16,3141499,40222004.000
2008-05-06,13.00,13.47,12.60,13.00,2404216,31188084.000
2008-05-07,13.00,13.59,12.60,12.63,3755874,49737632.000
2008-05-08,12.33,13.89,12.21,13.89,6082816,82864808.000
2008-05-09,14.40,14.95,13.88,14.38,7906194,114146792.000
2008-05-12,14.00,14.99,13.61,14.55,5380485,78647664.000
2008-05-13,13.95,14.89,13.73,14.10,4068010,57700428.000
2008-05-14,13.88,15.00,13.80,14.97,3991108,57505656.000
2008-05-15,15.18,15.18,14.55,14.57,2887189,42880760.000
2008-05-16,14.60,14.62,13.95,14.29,2074144,29419602.000
2008-05-19,14.02,14.75,13.88,14.30,2169529,31323288.000
2008-05-20,14.40,14.68,12.87,12.89,2276759,31225528.000
2008-05-21,12.77,13.38,11.60,13.12,3021964,37245748.000
2008-05-22,12.80,14.08,12.67,13.21,2782363,37349644.000
2008-05-23,13.25,14.53,13.25,14.53,4649928,65413368.000
2008-05-26,15.98,15.98,15.50,15.98,16774679,266758336.000
2008-05-27,15.47,17.49,14.85,16.90,17245844,271950080.000
2008-05-28,16.20,17.58,16.03,16.56,15341958,259039472.000
2008-05-29,16.00,17.56,15.58,16.35,13554074,226231856.000
2008-06-02,15.60,17.99,15.10,17.99,16500615,273859744.000
2008-06-03,18.09,19.00,16.19,16.39,22319167,396052672.000
2008-06-04,15.50,16.32,15.20,15.33,10220244,159596784.000
2008-06-05,15.11,15.68,14.58,14.79,6802108,102483832.000
2008-06-06,14.90,15.35,14.55,15.02,6120077,91902800.000
2008-06-10,13.88,14.30,13.52,13.52,6159548,84580808.000
2008-06-11,13.25,14.00,13.02,13.11,6643282,89955160.000
2008-06-12,12.86,13.80,12.21,13.75,9388141,122286464.000
2008-06-13,13.48,13.81,12.38,12.38,5860286,76042344.000
2008-06-16,11.93,12.29,11.20,11.23,4807744,56715820.000
2008-06-17,11.03,11.57,10.59,10.66,5760844,64171920.000
2008-06-18,10.70,11.48,9.77,11.27,6634479,71536864.000
2008-06-19,11.00,11.04,10.14,10.14,3703032,39192740.000
2008-06-20,9.90,10.75,9.13,9.98,6588213,65902928.000
2008-06-23,9.63,10.13,9.38,9.56,3068829,29840842.000
2008-06-24,9.66,10.52,9.60,10.52,4108245,41840840.000
2008-06-25,10.82,11.57,10.72,11.57,8683161,96125776.000
2008-06-26,11.30,12.00,11.18,11.56,7726486,89465976.000
2008-06-30,10.40,11.30,10.40,10.93,5459108,59315288.000
2008-07-01,10.86,11.18,10.38,10.40,3606331,38411320.000
2008-07-02,10.38,11.44,10.31,11.44,8869153,99570192.000
2008-07-03,11.00,12.35,10.90,11.90,10072073,117244400.000
2008-07-04,11.75,12.00,11.50,11.73,5722743,67387456.000
2008-07-07,11.56,12.60,11.56,12.33,5664405,69418856.000
2008-07-08,12.30,12.98,12.09,12.51,6906443,86198728.000
2008-07-09,12.52,12.80,12.25,12.59,6730117,84043456.000
2008-07-11,12.58,12.59,11.52,11.86,4518113,54053000.000
2008-07-14,11.38,12.19,11.38,12.11,2930609,35108796.000
2008-07-15,12.06,12.20,11.48,11.49,3401588,40075540.000
2008-07-16,11.40,12.64,11.31,12.10,10507486,128934696.000
2008-07-17,12.33,12.54,11.14,11.21,8043176,95563640.000
2008-07-18,11.21,12.19,10.46,11.74,5711520,63653848.000
2008-07-21,11.66,12.80,11.50,12.50,7167696,88158624.000
2008-07-22,12.33,12.70,12.21,12.45,5236706,65234896.000
2008-07-23,12.52,13.58,12.50,12.76,7748459,100742688.000
2008-07-24,12.91,13.36,12.86,12.98,6370687,83350976.000
2008-07-25,12.97,13.49,12.78,13.00,6146102,80810488.000
2008-07-28,13.38,13.39,13.02,13.28,3980649,52394728.000
2008-07-29,13.12,13.12,12.50,12.63,4205003,53459288.000
2008-07-30,12.85,13.70,12.73,13.26,8878238,118458408.000
2008-07-31,13.26,13.97,13.13,13.49,9778877,133097384.000
2008-08-01,13.39,14.66,12.71,14.23,8520698,116175536.000
2008-08-04,14.30,14.85,13.82,13.97,8420219,121259856.000
2008-08-05,13.76,14.89,13.76,14.60,8024317,116609608.000
2008-08-06,14.70,14.88,14.17,14.73,5331366,77118856.000
2008-08-07,14.63,14.83,14.01,14.44,4576255,65873216.000
2008-08-08,14.50,14.50,13.11,13.14,4930954,67867888.000
2008-08-11,13.10,13.78,12.00,12.34,5591125,72597440.000
2008-08-12,12.40,12.68,12.04,12.39,4048768,50283692.000
2008-08-13,12.09,12.38,11.40,12.09,4032211,47825840.000
2008-08-14,11.88,12.30,11.58,12.06,2900973,34832784.000
2008-08-15,12.06,12.28,11.70,11.90,2881941,34566804.000
2008-08-19,10.72,11.98,10.72,11.60,5135584,58268792.000
2008-08-20,11.28,12.67,11.13,12.52,5457668,65970568.000
2008-08-21,12.11,12.50,11.51,11.72,4665890,55891036.000
2008-08-22,11.45,11.98,11.31,11.49,2607023,30327776.000
2008-08-25,11.38,11.70,10.82,10.89,1917824,21735564.000
2008-08-26,10.61,10.70,9.80,9.80,3102520,31379016.000
2008-08-27,9.60,9.86,8.88,9.28,3999207,37363692.000
2008-08-28,9.07,9.50,9.05,9.38,2517432,23549192.000
2008-08-29,9.30,9.85,9.30,9.79,2861936,27582036.000
2008-09-01,9.66,10.09,9.27,9.43,2873115,28020032.000
2008-09-02,9.35,10.36,9.10,10.08,4616346,45779872.000
2008-09-03,9.98,10.07,9.60,9.75,2924838,28642052.000
2008-09-04,9.71,9.99,9.60,9.77,1411305,13826224.000
2008-09-05,9.43,9.50,9.01,9.03,1956372,18110064.000
2008-09-08,9.02,9.19,8.30,8.35,2217582,19542964.000
2008-09-09,8.35,8.56,8.20,8.40,1625488,13618287.000
2008-09-10,8.43,8.85,8.25,8.53,1663409,14232073.000
2008-09-11,8.46,8.53,7.80,8.03,1946627,15891124.000
2008-09-12,8.03,8.12,7.81,7.91,1389065,11098544.000
2008-09-16,7.90,8.40,7.71,8.11,3078196,25033040.000
2008-09-17,8.13,8.44,8.06,8.32,3293902,27100390.000
2008-09-18,8.12,8.99,7.78,8.65,3813873,32004406.000
2008-09-19,9.52,9.52,9.31,9.52,3408283,32396556.000
2008-09-22,10.19,10.47,9.55,9.87,5175777,51880156.000
2008-09-23,9.50,9.65,9.25,9.25,2493514,23405996.000
2008-09-24,9.10,9.90,8.99,9.82,3565755,34203600.000
2008-09-25,9.97,10.22,9.70,9.90,3318955,32829236.000
2008-09-26,9.85,10.14,9.69,9.74,3128223,31039174.000
2008-10-06,9.48,9.79,9.30,9.62,1788812,16971358.000
2008-10-07,9.50,9.83,9.20,9.66,1420135,13588496.000
2008-10-08,9.50,9.72,8.90,9.12,1740953,16244759.000
2008-10-09,9.34,9.47,9.02,9.27,1670446,15456368.000
2008-10-10,8.93,9.16,8.62,8.90,1960398,17560636.000
2008-10-13,8.66,9.17,8.61,9.11,1516368,13619059.000
2008-10-14,9.39,9.41,8.80,8.82,2140427,19524416.000
2008-10-15,8.67,8.95,7.94,8.02,2048108,16967808.000
2008-10-16,7.71,8.78,7.50,8.40,4066508,33461532.000
2008-10-17,8.20,8.40,7.81,7.91,2800317,22538956.000
2008-10-20,7.85,8.14,7.60,8.09,2069818,16382608.000
2008-10-21,8.20,8.35,8.03,8.07,2268774,18609846.000
2008-10-22,7.90,8.00,7.51,7.55,1872122,14491011.000
2008-10-23,7.30,7.72,7.22,7.60,1181391,8843292.000
2008-10-24,7.59,7.77,7.55,7.70,1213364,9268403.000
2008-10-27,7.70,7.70,6.93,6.94,1341652,9826903.000
2008-10-28,6.68,7.25,6.68,7.17,1166328,8210471.000
2008-10-29,7.26,7.56,7.04,7.13,1665807,12098112.000
2008-10-30,7.12,7.45,7.07,7.30,1826798,13348207.000
2008-10-31,7.15,7.45,7.10,7.11,1189265,8629804.000
2008-11-04,7.11,7.11,6.70,6.75,802984,5506197.000
2008-11-05,6.75,7.19,6.70,7.11,1562659,10989556.000
2008-11-06,6.93,7.08,6.76,6.97,1113022,7724971.000
2008-11-07,6.94,7.23,6.81,7.21,1259341,9001710.000
2008-11-10,7.43,7.83,7.30,7.80,2718481,20579200.000
2008-11-11,7.70,8.18,7.56,7.87,2413802,19054022.000
2008-11-12,7.76,8.14,7.70,8.11,1672797,13379340.000
2008-11-13,8.01,8.59,7.85,8.51,2614194,21875068.000
2008-11-14,8.63,8.86,8.40,8.81,2663942,22970342.000
2008-11-17,8.82,9.69,8.73,9.69,4562463,42630800.000
2008-11-18,9.60,9.60,8.72,8.72,4158670,37944372.000
2008-11-19,9.59,9.59,9.59,9.59,1289045,12361942.000
2008-11-20,10.55,10.55,10.48,10.55,4985661,52589080.000
2008-11-21,10.20,10.55,9.55,9.82,6697092,66888612.000
2008-11-24,9.58,9.70,8.90,8.95,3344668,31008732.000
2008-11-25,9.15,9.85,8.90,9.80,4108672,38060776.000
2008-11-26,9.85,10.53,9.50,10.08,6838058,69029272.000
2008-11-27,10.70,10.86,9.70,9.71,5326047,54470044.000
2008-11-28,9.20,9.69,9.20,9.32,2649184,24824696.000
2008-12-01,9.15,9.95,9.15,9.69,2334331,22492660.000
2008-12-02,9.49,10.50,9.32,9.91,4026674,40213404.000
2008-12-03,9.93,10.59,9.85,10.43,4920005,50552888.000
2008-12-04,10.60,11.00,10.38,10.40,6666263,71218032.000
2008-12-05,10.73,11.28,10.60,10.90,5524917,60332528.000
2008-12-08,10.91,11.28,10.72,11.14,5702243,62919688.000
2008-12-09,11.24,11.24,10.32,10.62,4784801,51349448.000
2008-12-10,10.42,11.35,10.30,11.16,5006907,54635236.000
2008-12-11,11.00,11.09,10.69,10.76,2864553,31099710.000
2008-12-12,10.51,11.65,10.41,11.30,8493910,95039096.000
2008-12-15,11.70,11.96,10.85,11.13,7265451,83422104.000
2008-12-16,10.70,10.90,10.14,10.79,4207933,44115284.000
2008-12-17,10.69,11.30,10.69,11.07,3741629,41177292.000
2008-12-18,10.91,11.41,10.77,11.16,2930609,32665398.000
2008-12-19,11.14,11.40,11.05,11.34,3226337,36392984.000
2008-12-22,11.48,12.47,11.40,12.32,8775456,106316192.000
2008-12-23,12.15,12.45,11.70,11.95,6180876,74157096.000
2008-12-24,11.81,12.18,11.10,11.55,3813455,44588088.000
2008-12-25,11.50,12.18,11.43,12.13,3530928,41874440.000
2008-12-26,12.05,12.22,11.67,11.74,3060237,36533492.000
2008-12-29,11.58,11.71,11.18,11.56,1761913,20100684.000
2008-12-30,11.42,11.99,11.42,11.60,2185135,25742816.000
2008-12-31,11.70,12.09,11.55,11.81,2621084,31173016.000
2009-01-05,12.28,12.40,11.94,12.05,5160403,62445928.000
2009-01-06,11.91,12.64,11.88,12.60,6899077,84995512.000
2009-01-07,12.36,12.78,11.80,11.93,9585127,117527768.000
2009-01-08,11.39,11.39,10.74,10.74,10551106,115187200.000
2009-01-09,10.60,10.93,10.55,10.80,8608078,92709976.000
2009-01-12,10.74,11.05,10.71,11.02,5429296,59549276.000
2009-01-13,11.00,11.26,10.81,10.85,4646512,51092816.000
2009-01-14,10.85,11.34,10.81,11.32,5308590,58936608.000
2009-01-15,11.18,12.27,11.15,12.00,10111750,119996576.000
2009-01-16,11.90,12.36,11.90,11.97,7496847,91190160.000
2009-01-19,12.01,12.36,11.71,11.99,3928149,47098436.000
2009-01-20,11.80,12.07,11.68,12.03,2823189,33609072.000
2009-01-21,12.17,12.45,12.04,12.06,4099361,50135460.000
2009-01-22,12.08,12.17,11.74,12.03,3272746,39204968.000
2009-01-23,12.00,13.10,12.00,12.80,6887703,87318448.000
2009-02-02,12.90,13.55,12.52,13.42,5504299,72295376.000
2009-02-03,13.25,13.65,13.24,13.41,5021445,67450568.000
2009-02-04,13.35,14.08,13.35,13.89,4575102,62980884.000
2009-02-05,13.92,14.22,13.80,14.02,5205991,72924976.000
2009-02-06,13.91,14.60,13.91,14.42,2968224,42501680.000
2009-02-09,14.42,15.86,14.41,15.86,3329597,51663176.000
2009-02-10,15.98,17.25,15.98,17.06,5343524,89970312.000
2009-02-11,16.80,16.95,15.69,16.14,5919005,96984992.000
2009-02-12,16.17,16.85,15.93,16.40,4924337,80664040.000
2009-02-13,16.40,17.00,15.85,16.80,4939010,80971648.000
2009-02-16,16.88,16.90,16.06,16.35,4727113,77154280.000
2009-02-17,16.29,16.29,14.85,15.22,6734528,104233680.000
2009-02-18,14.88,15.70,14.55,15.34,4981824,75032032.000
2009-02-19,15.68,15.75,14.91,15.45,5288090,81158944.000
2009-02-20,15.28,15.88,14.96,15.78,5275370,82095584.000
2009-02-23,15.55,16.12,15.37,15.96,3321685,52422272.000
2009-02-24,15.75,16.50,15.07,15.09,3318330,52528848.000
2009-02-25,15.11,15.45,14.10,14.65,2747828,40379328.000
2009-02-26,14.32,14.96,13.22,13.76,2427951,34757880.000
2009-02-27,13.78,14.30,13.01,13.96,3516176,48764368.000
2009-03-02,13.80,14.50,13.65,14.24,2304331,32926308.000
2009-03-03,14.23,15.50,13.70,15.18,4350640,64824128.000
2009-03-04,15.06,15.80,14.98,15.73,3397913,52504232.000
2009-03-05,15.86,15.86,15.19,15.74,4616397,71717856.000
2009-03-06,15.37,15.83,15.30,15.53,2071836,32183974.000
2009-03-09,15.66,15.85,14.38,15.79,4763576,71820800.000
2009-03-10,15.30,15.60,14.88,15.32,2544179,38787252.000
2009-03-11,15.68,15.68,14.95,15.00,2318291,35148384.000
2009-03-12,14.75,14.96,14.12,14.50,1915882,27752474.000
2009-03-13,14.59,14.74,14.13,14.23,1292194,18669064.000
2009-03-16,14.50,14.80,14.20,14.45,2143682,30942140.000
2009-03-17,14.52,14.95,14.38,14.79,4091245,60103200.000
2009-03-18,14.87,15.25,14.75,15.15,4541142,68246112.000
2009-03-19,15.35,16.48,15.30,16.31,8550859,136849472.000
2009-03-20,16.22,16.22,15.82,15.88,6342729,101337616.000
2009-03-23,15.55,16.17,15.30,15.88,6289237,99095664.000
2009-03-24,15.99,16.37,15.84,16.15,4970840,80102376.000
2009-03-25,16.02,16.20,15.50,15.53,4450575,70496792.000
2009-03-26,15.36,15.65,15.07,15.65,3868757,59434940.000
2009-03-27,15.64,16.06,15.49,15.65,3329309,52426632.000
2009-03-30,15.73,16.50,15.45,16.28,7110524,115081616.000
2009-03-31,15.78,16.97,15.68,16.79,6793936,112216072.000
2009-04-01,17.05,17.65,16.32,16.70,9905608,168416800.000
2009-04-02,16.70,16.80,16.33,16.42,5355989,88312040.000
2009-04-03,16.45,16.80,16.09,16.43,5877327,96771632.000
2009-04-07,16.40,16.70,16.23,16.62,3295478,54247588.000
2009-04-08,16.66,16.66,15.58,15.60,4662755,74761856.000
2009-04-09,15.60,15.99,15.20,15.83,3807003,59575604.000
2009-04-10,16.00,16.44,15.76,16.25,4235527,68315032.000
2009-04-13,16.20,16.45,16.05,16.24,3260460,52852724.000
2009-04-14,16.18,17.00,16.15,16.89,5216273,86531504.000
2009-04-15,16.89,18.58,16.52,18.58,10698790,188990000.000
2009-04-16,18.60,18.96,17.79,17.80,13877453,253240080.000
2009-04-17,17.60,17.70,16.48,16.58,11161087,188229904.000
2009-04-20,16.00,17.17,16.00,16.86,7144163,120083072.000
2009-04-21,16.68,17.18,16.36,17.00,5221144,87896688.000
2009-04-22,17.00,17.80,16.50,16.69,8354813,143899312.000
2009-04-23,16.50,16.65,16.12,16.51,3677305,60123136.000
2009-04-27,16.20,16.50,15.40,15.82,3339269,52617792.000
2009-04-28,15.82,15.90,15.48,15.76,1556739,24471344.000
2009-04-29,15.85,16.20,15.75,16.09,1824636,29193612.000
2009-04-30,16.20,17.15,16.15,16.61,3951964,66014264.000
2009-05-04,16.92,17.02,16.36,16.90,3776352,63053976.000
2009-05-05,17.00,17.38,16.70,17.25,4016455,68585112.000
2009-05-06,17.17,17.50,16.86,17.48,5605094,96571504.000
2009-05-07,17.80,17.88,16.70,16.92,6359619,108816704.000
2009-05-08,16.56,16.79,16.00,16.44,4342605,71199160.000
2009-05-11,16.60,16.80,16.01,16.09,3571340,58349384.000
2009-05-12,16.09,16.44,16.01,16.42,1966196,31761628.000
2009-05-13,16.22,16.63,16.19,16.47,1895104,31001852.000
2009-05-14,16.34,16.95,16.20,16.71,2645210,43921112.000
2009-05-18,16.49,16.49,16.00,16.26,2092861,33913704.000
2009-05-19,16.26,16.49,16.20,16.26,2539487,41379508.000
2009-05-20,16.38,16.45,15.90,15.94,3434829,55489344.000
2009-05-21,15.85,16.28,15.58,15.66,4221416,67451848.000
2009-05-22,15.65,15.88,15.30,15.39,2440989,37954464.000
2009-05-25,15.20,15.42,14.81,15.40,2227773,33642608.000
2009-05-26,15.41,15.89,15.33,15.69,3176349,49648240.000
2009-05-27,15.78,15.80,15.18,15.30,1800583,27748732.000
2009-06-01,15.43,15.56,15.19,15.47,2195523,33715404.000
2009-06-02,15.25,16.00,14.88,15.88,8689791,133354112.000
2009-06-03,15.60,16.12,15.46,15.62,4615451,72946408.000
2009-06-04,15.60,15.69,15.22,15.43,2792734,43127368.000
2009-06-05,15.35,15.50,15.03,15.07,2261716,34435144.000
2009-06-08,15.06,15.32,14.70,14.85,2183547,32699540.000
2009-06-09,14.84,14.84,14.53,14.67,3058194,44744780.000
2009-06-10,14.69,14.90,14.65,14.83,2742738,40534400.000
2009-06-11,14.84,15.10,14.72,15.00,2745892,41064252.000
2009-06-12,15.02,15.02,14.52,14.58,1897865,28008344.000
2009-06-15,14.58,14.68,14.14,14.40,1854978,26516842.000
2009-06-16,14.21,14.57,14.21,14.49,1452233,20859668.000
2009-06-17,14.41,14.59,14.36,14.58,1455518,21082802.000
2009-06-18,14.58,14.74,14.53,14.71,1643663,24036452.000
2009-06-19,14.71,14.82,14.43,14.58,1786059,26010958.000
2009-06-22,14.66,15.05,14.55,14.96,3457630,51409880.000
2009-06-23,14.85,14.85,14.58,14.72,1544387,22737776.000
2009-06-24,14.78,14.85,14.30,14.43,4791867,69100880.000
2009-06-25,14.48,15.09,14.35,14.96,7371971,109894728.000
2009-06-26,15.08,15.10,14.58,14.64,3152827,46377440.000
2009-06-29,14.75,14.75,14.25,14.34,4057074,58355960.000
2009-06-30,14.41,14.47,14.20,14.23,2342299,33412214.000
2009-07-01,14.27,14.56,14.22,14.38,2200769,31631296.000
2009-07-02,14.39,14.39,14.21,14.33,2870928,41002008.000
2009-07-03,14.28,14.39,14.20,14.30,2461192,35114472.000
2009-07-06,14.30,14.54,14.19,14.45,3591529,51506492.000
2009-07-07,14.40,14.93,14.36,14.78,6184331,91057680.000
2009-07-08,14.68,14.87,14.48,14.68,2514884,36811624.000
2009-07-09,14.69,15.35,14.69,15.20,5784556,87100440.000
2009-07-10,15.20,15.21,14.92,15.00,4198453,63146040.000
2009-07-13,15.00,15.35,14.86,15.19,3723437,56200360.000
2009-07-14,15.20,15.33,15.09,15.23,2963626,45061720.000
2009-07-15,15.22,15.44,14.98,15.09,5026059,76078456.000
2009-07-16,15.12,15.18,14.90,14.94,3489870,52286656.000
2009-07-17,14.90,15.27,14.85,15.02,3047683,45860036.000
2009-07-20,15.02,16.04,15.02,16.03,10120868,158370944.000
2009-07-21,15.89,16.47,15.44,16.21,11036430,175214112.000
2009-07-22,16.10,16.35,15.94,16.15,6114611,98713784.000
2009-07-23,15.86,16.90,15.86,16.45,9418791,155062288.000
2009-07-24,16.38,16.60,15.60,16.13,7014961,112807640.000
2009-07-27,16.14,17.60,16.08,17.02,11824040,197981984.000
2009-07-28,16.88,17.18,16.50,16.77,7055304,118437928.000
2009-07-29,16.86,17.24,15.82,16.87,14963317,250163584.000
2009-07-30,17.03,17.78,16.82,17.49,20607690,357931744.000
2009-07-31,17.25,17.42,16.91,17.36,10731704,184441264.000
2009-08-03,17.30,17.30,16.73,16.99,8669069,146596640.000
2009-08-04,16.99,17.00,16.28,16.45,6720667,111077136.000
2009-08-05,16.44,16.97,16.23,16.74,5335215,88841880.000
2009-08-06,16.68,16.68,15.85,16.13,5054340,81775032.000
2009-08-07,16.13,16.40,15.65,15.76,5847869,93633984.000
2009-08-10,16.00,16.18,15.73,16.10,3284898,52451136.000
2009-08-11,16.13,16.28,15.88,15.96,1840815,29476032.000
2009-08-12,15.90,16.07,15.20,15.25,2885954,45608732.000
2009-08-13,15.27,15.43,15.00,15.11,1700555,25742092.000
2009-08-14,15.12,15.25,13.60,13.60,6359184,89975368.000
2009-08-17,13.40,13.40,12.26,12.28,5139036,66692040.000
2009-08-18,12.23,12.70,12.23,12.63,2639950,33108520.000
2009-08-19,12.60,12.78,11.82,12.20,3087393,38159280.000
2009-08-20,12.30,12.70,12.11,12.68,2459438,30631366.000
2009-08-21,12.65,13.20,12.45,13.13,4939115,64049636.000
2009-08-24,13.15,13.40,12.95,13.19,3408876,44880696.000
2009-08-25,13.01,13.10,12.35,12.76,3459112,43674540.000
2009-08-26,12.65,13.65,12.41,13.60,4650192,62215396.000
2009-08-27,13.41,14.18,13.38,13.99,5486651,76283688.000
2009-08-28,13.92,13.92,13.10,13.50,3992753,53687912.000
2009-08-31,13.07,13.30,12.45,12.76,2801346,35791932.000
2009-09-01,12.68,13.60,12.68,13.28,3108686,41156996.000
2009-09-02,13.20,13.78,13.00,13.76,3198893,43428992.000
2009-09-03,13.90,14.29,13.71,14.19,5295544,74067296.000
2009-09-04,14.05,14.58,13.80,14.36,4965653,71087232.000
2009-09-07,14.23,14.54,13.87,14.04,4964540,70657472.000
2009-09-08,13.98,14.38,13.70,14.19,3962133,55832792.000
2009-09-09,14.20,14.28,13.84,14.10,2728240,38243432.000
2009-09-10,14.05,14.40,13.87,14.24,2650907,37408976.000
2009-09-11,14.18,14.37,14.01,14.26,2516483,35776188.000
2009-09-15,14.61,15.69,14.61,15.69,11997030,184159424.000
2009-09-16,15.43,15.88,15.28,15.52,10415845,161789184.000
2009-09-17,15.52,16.38,15.28,15.89,9174007,146376064.000
2009-09-18,15.75,15.83,14.30,14.68,7230577,110070344.000
2009-09-21,14.40,15.27,14.15,15.16,3925909,57768560.000
2009-09-22,15.12,15.86,14.91,15.43,6921949,107446512.000
2009-09-23,15.49,16.26,15.40,15.95,8493375,135153136.000
2009-09-24,15.78,15.78,14.62,15.13,3126645,47981968.000
2009-09-25,15.03,16.35,15.00,15.47,5140511,81872152.000
2009-09-28,15.47,16.09,14.91,15.22,3052942,47458488.000
2009-09-29,15.02,15.59,14.11,14.36,3612662,53624484.000
2009-09-30,14.34,14.70,14.15,14.29,2059126,29670396.000
2009-10-09,14.54,15.72,14.31,15.72,4757630,73112576.000
2009-10-12,15.69,16.18,15.45,15.87,5809097,92135768.000
2009-10-13,15.66,15.87,15.38,15.72,3659040,56959136.000
2009-10-14,15.74,16.08,15.50,15.60,4172835,65839572.000
2009-10-15,15.60,16.45,15.36,16.15,6673048,106924640.000
2009-10-19,16.17,16.50,15.90,16.35,5730523,93081536.000
2009-10-20,16.34,16.66,16.05,16.19,4885691,79586704.000
2009-10-21,16.18,16.18,15.66,15.77,3831217,60628276.000
2009-10-22,15.73,16.18,15.60,15.93,3285269,52170520.000
2009-10-23,15.90,16.09,15.66,15.68,3426846,54253264.000
2009-10-26,15.70,15.75,15.35,15.69,3042995,47242576.000
2009-10-27,15.51,15.90,15.39,15.67,2549523,40047248.000
2009-10-28,15.65,16.18,15.65,16.17,4750545,75890896.000
2009-10-29,15.70,16.06,15.17,15.20,3606785,56314524.000
2009-10-30,15.40,15.49,15.01,15.24,2488933,38000056.000
2009-11-02,15.00,15.45,14.42,15.43,2649363,39968712.000
2009-11-03,15.41,16.29,15.20,15.96,5383402,86207472.000
2009-11-04,15.98,16.50,15.90,16.29,5486801,89242208.000
2009-11-05,16.15,16.52,16.01,16.40,4518281,73835760.000
2009-11-06,16.50,16.55,16.12,16.14,3240322,52658076.000
2009-11-09,16.01,16.26,15.88,15.99,3493172,55960492.000
2009-11-10,16.17,16.50,16.01,16.39,4451593,72571680.000
2009-11-11,16.49,16.98,16.29,16.78,7454237,124449088.000
2009-11-12,16.80,16.87,16.20,16.26,4840880,80019312.000
2009-11-13,16.27,16.44,15.92,16.33,2628063,42570624.000
2009-11-16,16.48,16.75,16.30,16.67,4163222,69020552.000
2009-11-17,16.63,16.99,16.60,16.65,3385156,56810760.000
2009-11-18,16.70,16.70,16.26,16.49,3887697,63787964.000
2009-11-19,16.54,17.16,16.51,17.04,6333744,107094936.000
2009-11-20,17.00,17.33,16.88,17.05,4499435,77087432.000
2009-11-23,17.11,17.74,17.10,17.51,5302676,92387392.000
2009-11-24,17.45,17.94,16.30,16.45,5054187,86935728.000
2009-11-25,16.34,16.80,16.18,16.71,3737077,61786668.000
2009-11-26,16.71,16.76,15.30,15.54,4679344,75245936.000
2009-11-27,15.40,15.85,15.18,15.77,3374032,52859576.000
2009-11-30,15.84,16.67,15.80,16.56,3644952,59260684.000
2009-12-01,16.74,17.11,16.50,16.96,4631568,77920160.000
2009-12-02,16.93,17.90,16.93,17.40,7230827,126758648.000
2009-12-03,17.22,17.60,17.10,17.43,3126094,54316336.000
2009-12-04,17.56,18.40,17.23,17.67,7523409,133916920.000
2009-12-07,17.61,18.20,17.45,17.61,11332730,202497040.000
2009-12-08,17.47,17.47,16.53,16.79,7620402,128723528.000
2009-12-09,16.51,16.99,16.45,16.82,3231339,54249572.000
2009-12-10,16.83,16.94,16.22,16.47,4489900,73820968.000
2009-12-11,16.47,16.58,16.03,16.22,9095633,148427024.000
2009-12-14,16.15,16.43,15.83,16.31,8112804,130909424.000
2009-12-15,16.25,16.78,16.03,16.64,6388429,105658392.000
2009-12-16,16.68,16.70,16.16,16.47,4850093,79261320.000
2009-12-17,16.47,16.47,15.60,15.62,6131492,98123352.000
2009-12-18,15.50,15.63,15.20,15.37,3118231,47904496.000
2009-12-21,15.37,15.95,15.22,15.94,2797612,43929644.000
2009-12-22,15.96,16.25,15.73,16.01,4627550,74310296.000
2009-12-23,15.90,17.20,15.71,17.01,8823224,147520064.000
2009-12-24,16.91,17.33,16.78,17.27,7640693,130783424.000
2009-12-25,17.12,17.48,17.00,17.01,5891636,101697016.000
2009-12-28,16.96,17.38,16.88,17.26,5337264,91539336.000
2009-12-29,17.15,17.90,17.15,17.49,6499365,114033400.000
2009-12-30,17.55,17.97,16.92,17.11,8411799,146966128.000
2009-12-31,17.15,17.37,16.93,17.29,4172340,71597336.000
2010-01-04,17.40,18.42,17.32,18.05,9298233,166186624.000
2010-01-05,18.00,19.38,17.88,19.26,14317763,268834720.000
2010-01-06,19.00,19.65,18.68,18.81,8103813,153994768.000
2010-01-07,18.81,19.04,18.41,18.57,7024666,131292728.000
2010-01-08,18.50,18.53,17.90,18.47,6676919,121524128.000
2010-01-11,18.43,20.30,18.31,19.63,12811324,249286672.000
2010-01-12,19.56,20.62,19.20,20.08,13894775,277939424.000
2010-01-13,19.63,20.86,19.50,20.29,10395494,211886288.000
2010-01-14,20.25,22.32,19.96,22.32,9808414,214527216.000
2010-01-15,22.79,22.85,21.28,21.53,12192985,266284592.000
2010-01-18,21.60,21.97,21.11,21.56,9743557,209275568.000
2010-01-19,21.58,21.64,20.90,21.13,6703749,141976064.000
2010-01-20,20.70,20.73,19.02,19.07,14570242,292750048.000
2010-01-21,19.05,19.49,18.57,19.29,9739009,185047568.000
2010-01-22,18.90,19.26,18.55,18.95,5103019,96016536.000
2010-01-25,18.66,19.10,18.04,18.46,5999683,110811248.000
2010-01-26,18.39,18.59,17.62,18.27,5279415,95833288.000
2010-01-27,18.20,18.84,18.07,18.43,4322188,79947328.000
2010-01-28,18.43,18.83,18.20,18.69,4055612,75373728.000
2010-01-29,18.60,19.10,18.05,18.20,4944967,92450936.000
2010-02-01,17.90,17.90,16.85,16.93,5827866,100004880.000
2010-02-02,16.95,17.63,16.90,16.98,5391253,92631048.000
2010-02-03,17.01,17.30,16.30,17.23,4379618,73776024.000
2010-02-04,17.29,17.53,17.10,17.34,3720532,64459852.000
2010-02-05,16.71,16.96,16.50,16.70,3763366,62891604.000
2010-02-08,16.70,17.29,16.70,16.95,2504118,42612864.000
2010-02-09,16.95,17.30,16.73,16.92,2461902,42008276.000
2010-02-10,17.05,17.40,16.97,17.39,2940917,50596248.000
2010-02-11,17.39,17.90,17.20,17.27,2832438,49546280.000
2010-02-12,17.25,17.46,17.01,17.38,2247897,38853404.000
2010-02-22,17.25,17.73,17.02,17.54,2965543,52020836.000
2010-02-23,17.54,18.36,17.41,18.21,4510112,80771160.000
2010-02-24,18.00,18.66,17.87,18.60,4406176,81064376.000
2010-02-25,18.60,18.96,18.30,18.68,5559479,103278192.000
2010-02-26,18.58,19.00,18.45,18.70,3484137,65477104.000
2010-03-01,18.69,18.84,18.40,18.77,3969681,73970832.000
2010-03-02,18.77,19.48,18.60,18.90,5591351,106419296.000
2010-03-03,19.00,19.00,18.45,18.83,4521980,84847416.000
2010-03-04,18.86,19.20,17.82,17.91,3987708,73978592.000
2010-03-05,17.95,18.20,17.72,17.88,2489115,44848076.000
2010-03-08,17.95,18.32,17.81,18.28,2926687,52997456.000
2010-03-09,18.29,18.35,17.92,18.09,1831831,33099100.000
2010-03-10,18.03,18.68,18.03,18.26,2723945,50000952.000
2010-03-11,18.21,18.66,18.05,18.25,3176960,58160192.000
2010-03-12,18.22,18.28,17.37,17.39,3059304,54092496.000
2010-03-15,17.39,17.50,17.04,17.25,2596206,44766928.000
2010-03-16,17.25,17.56,17.20,17.46,1680274,29203366.000
2010-03-17,17.36,18.10,17.36,18.06,2751067,48999100.000
2010-03-18,18.31,18.49,18.07,18.22,2964618,54064120.000
2010-03-19,18.22,18.70,18.22,18.50,3321873,61428592.000
2010-03-22,18.53,18.92,18.35,18.87,3475685,65227600.000
2010-03-23,18.96,18.97,18.51,18.63,2580570,48270360.000
2010-03-24,18.62,18.85,18.35,18.40,1746254,32374284.000
2010-03-25,18.35,18.73,18.35,18.58,2502992,46543940.000
2010-03-26,18.56,18.88,18.43,18.87,2287433,42813736.000
2010-03-29,18.97,19.15,18.72,19.15,3432314,65134144.000
2010-03-30,19.11,19.13,18.56,18.98,2671867,50717372.000
2010-03-31,19.00,19.00,18.70,18.99,3368948,63344084.000
2010-04-01,18.93,19.30,18.85,19.17,3773224,71983152.000
2010-04-02,19.00,19.22,18.75,18.86,2906291,55015332.000
2010-04-06,18.87,19.00,18.65,18.94,2900034,54620448.000
2010-04-07,18.99,19.94,18.77,19.79,7669279,148854800.000
2010-04-08,19.80,20.17,19.55,19.79,5601080,111282952.000
2010-04-09,19.80,20.18,19.50,20.09,4508360,89745096.000
2010-04-12,19.90,20.85,19.80,20.51,8202463,167418912.000
2010-04-13,20.60,20.88,19.40,20.09,5970392,121593096.000
2010-04-14,20.09,20.57,20.00,20.37,3276250,66833236.000
2010-04-15,20.40,20.83,19.82,20.66,4354955,89111432.000
2010-04-16,20.60,20.84,20.12,20.60,3202771,66130964.000
2010-04-19,20.21,20.50,19.50,19.84,4038452,80893928.000
2010-04-20,19.71,20.62,19.00,20.59,4261508,84695768.000
2010-04-21,20.59,21.35,20.47,21.07,4245188,89297616.000
2010-04-22,21.00,21.35,20.62,20.79,3427241,71781424.000
2010-04-23,20.80,21.19,20.00,20.38,2415294,49568500.000
2010-04-26,20.20,21.05,19.61,20.94,2960021,60171636.000
2010-04-27,20.98,20.98,20.05,20.52,2409599,49105532.000
2010-04-28,20.30,20.49,19.08,19.60,3291299,65002552.000
2010-04-29,19.42,19.75,19.00,19.19,1807985,35029672.000
2010-04-30,19.10,19.10,17.36,18.50,2190168,39713420.000
2010-05-04,18.15,18.15,17.46,17.51,3124128,55289108.000
2010-05-06,17.87,18.97,17.87,18.09,3231210,59440236.000
2010-05-07,17.50,18.33,17.01,17.24,2200731,39139064.000
2010-05-10,17.10,17.30,15.52,15.52,6960245,110029520.000
2010-05-11,15.65,15.94,15.38,15.59,3139240,48890308.000
2010-05-13,15.40,16.08,14.82,15.98,3668237,56308764.000
2010-05-14,15.69,16.52,15.45,16.17,4522987,72940168.000
2010-05-17,15.95,15.95,14.55,14.58,3181228,48082352.000
2010-05-18,14.62,14.87,13.50,14.32,3214255,45428120.000
2010-05-19,14.10,14.68,13.70,14.41,2365794,33786624.000
2010-05-20,14.25,14.55,13.41,13.57,2966922,41573980.000
2010-05-21,13.20,13.97,12.90,13.90,4265613,57749120.000
2010-05-24,14.10,14.76,13.95,14.60,4217951,60623248.000
2010-05-25,14.35,14.97,14.31,14.95,4604522,67859448.000
2010-05-26,14.85,15.28,14.68,15.25,2770833,41441556.000
2010-05-27,15.11,15.65,14.82,15.41,2318850,35364056.000
2010-05-28,15.41,15.85,15.40,15.65,2681188,41753928.000
2010-05-31,15.54,16.39,15.38,15.82,4220457,67224024.000
2010-06-01,15.75,16.26,15.52,16.14,5717630,90962592.000
2010-06-02,16.00,16.17,15.21,15.97,3392707,53555212.000
2010-06-03,16.10,16.17,15.51,15.58,2478474,39361404.000
2010-06-04,15.50,15.59,14.97,15.13,2566756,39001660.000
2010-06-07,14.82,15.61,14.61,15.55,2702110,41054048.000
2010-06-08,15.58,16.08,15.50,15.99,2837607,44807504.000
2010-06-09,15.99,16.06,15.58,16.01,2401216,38017056.000
2010-06-10,15.95,16.24,15.77,15.91,2583072,41376200.000
2010-06-11,15.90,16.05,15.61,15.70,1795706,28294376.000
2010-06-17,15.70,15.87,15.28,15.31,1139789,17683778.000
2010-06-18,15.38,15.40,14.38,14.55,1253672,18725270.000
2010-06-21,14.40,14.84,14.39,14.80,1984046,29023654.000
2010-06-22,14.78,15.08,14.70,14.81,1096461,16286193.000
2010-06-23,14.81,14.97,14.48,14.58,1338031,19658588.000
2010-06-24,14.65,15.17,14.65,14.98,2183927,32716608.000
2010-06-25,14.98,14.98,14.41,14.61,1120970,16396972.000
2010-06-28,14.56,14.65,13.60,14.06,2540432,35331636.000
2010-06-29,14.00,14.07,13.05,13.21,1783092,24131260.000
2010-06-30,13.08,13.29,12.73,12.97,1044091,13545865.000
2010-07-01,12.97,13.19,12.85,13.15,1108931,14438587.000
2010-07-02,13.14,13.15,12.20,12.84,1451112,18527704.000
2010-07-05,12.58,12.75,12.41,12.60,596014,7487314.000
2010-07-06,12.70,13.17,12.61,12.98,1252242,16230399.000
2010-07-07,13.00,13.20,12.80,13.18,990983,12923153.000
2010-07-08,13.25,13.27,12.90,12.96,754754,9847193.000
2010-07-09,12.94,13.63,12.94,13.49,1579824,21053618.000
2010-07-12,13.48,13.88,13.31,13.87,1366369,18675340.000
2010-07-13,13.65,13.95,13.65,13.85,1382314,19092664.000
2010-07-14,13.80,14.15,13.80,13.92,1426980,19953060.000
2010-07-15,13.92,14.06,13.41,13.42,803199,10970815.000
2010-07-16,13.42,13.80,13.13,13.76,945628,12819349.000
2010-07-19,13.69,14.10,13.69,14.08,1357940,18981220.000
2010-07-20,14.08,14.37,14.01,14.30,2816472,40149408.000
2010-07-21,14.38,14.76,14.20,14.49,2969078,43175396.000
2010-07-22,14.31,14.53,14.29,14.51,1968036,28405896.000
2010-07-23,14.52,14.58,14.17,14.35,1545660,22160954.000
2010-07-26,14.35,14.66,14.10,14.60,1986365,28740344.000
2010-07-27,14.52,14.83,14.27,14.33,2709666,39467704.000
2010-07-28,14.43,14.75,14.29,14.73,2413374,35366000.000
2010-07-29,14.75,14.91,14.50,14.77,2291539,33681096.000
2010-07-30,14.72,14.83,14.47,14.57,1346966,19682172.000
2010-08-02,14.64,14.86,14.48,14.85,2687467,39550620.000
2010-08-03,14.88,15.26,14.78,14.81,3193462,48067704.000
2010-08-04,14.81,15.23,14.68,15.22,2285698,34032524.000
2010-08-05,15.15,15.27,14.76,14.85,2224557,33284204.000
2010-08-06,14.80,15.07,14.56,15.03,1935542,28785282.000
2010-08-09,15.00,15.54,14.90,15.53,3126029,47675872.000
2010-08-10,15.52,15.53,14.71,15.06,2768611,41931664.000
2010-08-11,15.08,15.17,14.85,15.14,1985827,29904566.000
2010-08-12,14.99,15.14,14.73,14.74,1415794,21141900.000
2010-08-13,14.75,15.38,14.73,15.27,2018718,30436130.000
2010-08-16,15.28,15.57,15.14,15.43,2994781,46083228.000
2010-08-17,15.42,15.52,15.33,15.44,1904189,29372384.000
2010-08-18,15.50,15.82,15.44,15.73,2852216,44691008.000
2010-08-19,15.73,15.82,15.27,15.30,3655632,56307192.000
2010-08-20,15.28,15.36,14.56,14.61,2882103,42896788.000
2010-08-23,14.60,14.86,14.18,14.28,2693368,39117248.000
2010-08-24,14.28,15.71,13.88,15.71,12120716,176093488.000
2010-08-25,15.50,15.50,14.48,14.60,11511273,172998432.000
2010-08-26,14.50,16.06,14.21,16.06,16590357,256546688.000
2010-08-27,16.20,17.56,16.20,16.30,23048720,386530336.000
2010-08-30,16.28,17.44,16.00,17.20,13855602,234157888.000
2010-08-31,17.01,18.49,16.72,17.95,13546916,238775232.000
2010-09-01,17.71,18.18,17.00,17.41,11225856,196386288.000
2010-09-02,17.51,17.94,17.31,17.83,9359014,165197792.000
2010-09-03,17.68,17.84,17.08,17.36,8533725,148112224.000
2010-09-06,17.34,17.44,16.85,17.21,6425637,109904720.000
2010-09-07,17.15,17.51,17.01,17.41,5574292,96288040.000
2010-09-08,17.40,17.40,16.77,17.12,5674456,96735888.000
2010-09-09,17.15,17.84,16.88,17.19,8613728,149588016.000
2010-09-10,16.90,17.25,16.35,16.91,5862803,98313008.000
2010-09-13,16.88,17.44,16.70,17.35,5044997,86909064.000
2010-09-14,17.35,17.70,17.05,17.69,7511339,130323200.000
2010-09-15,17.51,17.69,16.65,16.90,5467424,94042304.000
2010-09-16,16.89,16.90,15.79,15.98,6168577,99738560.000
2010-09-17,16.08,16.65,16.08,16.46,5827579,95998864.000
2010-09-20,16.38,16.43,15.80,15.82,3092211,49754232.000
2010-09-21,15.75,16.13,15.50,15.63,1792258,28123664.000
2010-09-27,15.90,16.12,15.60,16.11,1679721,26879996.000
2010-09-28,16.13,16.49,16.06,16.23,2475872,40317792.000
2010-09-29,16.16,16.32,15.50,15.64,2489213,39491184.000
2010-09-30,15.48,15.95,15.45,15.88,1404465,22157220.000
2010-10-08,15.96,16.32,15.91,16.22,2494430,40363588.000
2010-10-11,16.21,16.37,16.00,16.19,5064503,81885032.000
2010-10-12,16.19,16.87,16.13,16.79,5693364,94369880.000
2010-10-13,16.73,16.75,16.33,16.58,4309995,71152576.000
2010-10-14,16.58,16.73,15.66,15.68,5374124,85902296.000
2010-10-15,15.52,15.86,14.88,14.93,8649539,132907784.000
2010-10-18,15.00,15.00,14.23,14.72,8704931,126157600.000
2010-10-19,14.70,15.29,14.54,15.20,5909589,88590216.000
2010-10-20,14.89,15.44,14.66,14.99,5067311,76704760.000
2010-10-21,15.03,15.30,14.98,15.25,3511152,53192412.000
2010-10-22,15.21,15.58,15.16,15.48,5115540,78616496.000
2010-10-25,15.55,16.12,15.50,15.79,6565694,104049696.000
2010-10-26,15.84,16.25,15.61,16.21,6720000,107360168.000
2010-10-27,16.28,16.30,15.70,15.71,4835617,77307584.000
2010-10-28,15.75,16.12,15.69,15.92,3868989,61458876.000
2010-10-29,15.89,16.47,15.89,16.29,6535304,106225464.000
2010-11-01,16.20,16.95,16.11,16.48,9162546,150979856.000
2010-11-02,16.45,16.50,16.06,16.13,6728181,109395752.000
2010-11-03,16.15,16.55,15.87,16.24,6185569,100645080.000
2010-11-04,16.17,16.89,16.10,16.78,8217236,136585632.000
2010-11-05,16.95,17.45,16.70,17.14,10013451,171554048.000
2010-11-08,17.50,17.57,16.90,17.14,6697797,114628872.000
2010-11-09,17.50,17.50,16.90,17.02,6416720,109822736.000
2010-11-10,17.02,17.50,16.73,17.30,6832879,116939816.000
2010-11-11,17.22,17.67,16.80,16.86,7807519,135313600.000
2010-11-12,16.90,17.08,15.33,15.40,8125255,130394616.000
2010-11-15,15.24,16.24,15.24,16.11,3687861,57921616.000
2010-11-16,16.24,16.29,15.35,15.60,3897197,61895240.000
2010-11-17,15.50,15.80,14.90,15.16,2723679,42079776.000
2010-11-18,15.25,15.50,15.17,15.28,2257842,34665256.000
2010-11-19,15.38,16.17,15.31,16.07,6495129,102955680.000
2010-11-22,16.04,17.68,15.95,17.68,18004406,313774784.000
2010-11-23,17.60,17.60,16.90,17.12,11983693,205134272.000
2010-11-24,17.02,17.76,17.00,17.63,8946717,156008368.000
2010-11-25,17.75,18.15,17.38,17.61,8322468,147930576.000
2010-11-26,17.63,18.29,17.61,17.77,9691728,173949360.000
2010-11-29,17.80,18.70,17.78,18.34,10094173,184795744.000
2010-11-30,18.50,18.51,17.10,17.76,7936689,141065568.000
2010-12-01,17.70,19.50,17.30,18.80,10435044,192846544.000
2010-12-02,19.00,20.68,19.00,20.68,18676336,381958624.000
2010-12-03,21.13,21.16,19.96,20.45,12375957,253423648.000
2010-12-06,20.16,20.28,19.28,19.76,7568460,149087888.000
2010-12-07,19.51,19.94,18.90,19.65,4817421,93782088.000
2010-12-08,19.49,20.23,18.98,19.31,6496053,126587216.000
2010-12-09,19.00,19.49,18.80,19.17,3906766,74895784.000
2010-12-10,18.98,20.18,18.65,19.85,6900886,135538240.000
2010-12-13,19.84,20.83,19.54,20.35,7821468,157070704.000
2010-12-14,20.25,20.80,19.85,20.69,8389115,171484288.000
2010-12-15,20.48,21.30,20.40,20.90,6836597,142870592.000
2010-12-16,20.80,20.99,20.12,20.60,4895937,100363912.000
2010-12-17,20.13,20.38,19.76,19.91,4518770,90783816.000
2010-12-20,20.03,20.30,19.51,20.06,4693078,93233504.000
2010-12-21,20.07,20.14,19.40,19.89,3147577,62029240.000
2010-12-22,19.80,20.22,19.70,20.17,3135556,62598144.000
2010-12-23,20.10,20.33,18.92,19.02,3881774,75353600.000
2010-12-24,19.20,19.20,18.06,18.30,2511636,46285812.000
2010-12-27,18.32,18.68,17.30,17.41,2563889,46114608.000
2010-12-28,17.41,17.65,17.00,17.37,2270656,39507892.000
2010-12-29,17.32,18.25,17.32,18.06,2220688,39549952.000
2010-12-30,18.00,18.30,17.40,17.44,4644838,83333120.000
2010-12-31,17.52,18.95,17.50,18.66,3863998,71167832.000
2011-01-04,18.73,19.80,18.60,19.41,7362341,143079888.000
2011-01-05,19.33,20.03,19.25,19.61,4130011,81374064.000
2011-01-06,19.46,19.87,19.32,19.66,2104344,41270064.000
2011-01-07,19.58,19.75,19.15,19.46,2328900,45339520.000
2011-01-10,19.18,20.23,18.90,19.06,5744709,113594944.000
2011-01-11,19.10,19.25,18.86,19.10,2409814,45837220.000
2011-01-12,19.38,20.14,19.20,19.80,4549030,90174056.000
2011-01-13,20.08,20.21,19.46,19.64,2100389,41640068.000
2011-01-14,19.50,19.50,18.18,18.43,4276841,79407136.000
2011-01-17,18.10,18.75,17.48,17.59,2771263,50125496.000
2011-01-18,17.52,18.05,17.51,17.90,2429367,43377264.000
2011-01-19,17.80,18.41,17.80,18.31,1311933,23863412.000
2011-01-20,18.31,18.78,17.70,17.72,3462326,63606428.000
2011-01-21,17.55,18.48,17.53,17.93,2248701,40417068.000
2011-01-24,18.20,18.20,16.58,16.83,3850978,66626288.000
2011-01-25,16.71,17.20,16.00,17.13,1368275,22869404.000
2011-01-26,17.00,17.90,17.00,17.47,1558623,27300128.000
2011-01-27,17.48,17.77,17.07,17.51,1666088,29104224.000
2011-01-28,17.67,17.73,17.18,17.23,2084235,36262272.000
2011-01-31,17.19,17.64,17.18,17.63,1914842,33438216.000
2011-02-01,17.63,18.19,17.55,17.93,1984052,35535272.000
2011-02-09,17.85,18.45,17.60,17.92,2279838,41444104.000
2011-02-10,17.80,19.10,17.80,18.98,3680663,69034520.000
2011-02-11,18.85,19.75,18.80,19.56,4022543,78224768.000
2011-02-14,19.56,19.85,19.30,19.53,3953050,77540504.000
2011-02-15,19.48,20.04,19.40,19.47,3015374,59544996.000
2011-02-16,19.50,19.99,19.35,19.73,3613982,70979616.000
2011-02-17,19.71,20.45,19.50,19.68,3069351,61090612.000
2011-02-18,18.88,19.36,18.29,18.52,9558171,177813040.000
2011-02-21,17.97,18.80,17.60,18.69,6316206,115245512.000
2011-02-22,18.56,20.40,18.46,20.04,10057252,194907248.000
2011-02-23,19.80,20.94,19.60,20.68,10552376,216001312.000
2011-02-24,20.42,20.95,20.13,20.93,6763028,138993296.000
2011-02-25,20.99,21.25,20.30,20.63,7621723,158349984.000
2011-02-28,20.60,20.75,20.12,20.67,4525949,92457792.000
2011-03-01,20.69,20.96,20.24,20.54,5627556,115681944.000
2011-03-02,20.30,20.48,19.51,19.72,6465543,128243104.000
2011-03-03,19.70,20.08,19.25,19.44,3549969,69618640.000
2011-03-04,19.42,19.89,19.35,19.85,2512724,49403548.000
2011-03-07,19.84,20.22,19.50,19.67,5378904,106211320.000
2011-03-08,19.75,20.22,19.42,20.21,5046540,100044640.000
2011-03-09,20.15,20.36,19.90,20.28,4447941,89789232.000
2011-03-10,20.25,20.54,19.60,19.65,4216125,84469280.000
2011-03-11,19.47,19.88,19.20,19.39,2815831,55110304.000
2011-03-14,19.10,19.78,19.10,19.74,2498567,48687176.000
2011-03-15,19.76,19.76,19.08,19.32,2583976,50133888.000
2011-03-16,19.35,20.30,19.33,20.22,3985673,79345440.000
2011-03-17,20.00,20.81,19.89,20.37,7127427,145746000.000
2011-03-18,20.50,20.64,20.01,20.26,4281274,86718056.000
2011-03-21,20.15,20.28,19.48,19.88,4832172,95867472.000
2011-03-22,19.79,19.85,19.04,19.52,2927477,56732680.000
2011-03-23,19.40,19.65,19.38,19.50,2019499,39328080.000
2011-03-24,19.65,19.75,19.42,19.50,1760600,34481692.000
2011-03-25,19.68,19.68,19.30,19.38,2922796,56799652.000
2011-03-28,19.48,19.50,18.48,18.69,5326203,100744560.000
2011-03-29,18.54,18.89,18.30,18.67,2331217,43493540.000
2011-03-30,18.45,18.80,18.22,18.49,1853985,34185928.000
2011-03-31,18.49,18.69,18.33,18.43,1519947,28121956.000
2011-04-01,18.42,18.60,18.00,18.57,1114094,20432670.000
2011-04-06,18.52,18.76,18.23,18.51,1313254,24287712.000
2011-04-07,18.41,18.60,18.21,18.29,1350747,24728316.000
2011-04-08,18.30,18.45,18.00,18.22,2816752,51193228.000
2011-04-11,18.20,18.22,17.66,17.72,3126442,55986720.000
2011-04-12,17.75,17.90,17.50,17.62,2648404,46816456.000
2011-04-13,17.68,18.01,17.65,18.00,2183785,39014448.000
2011-04-14,18.10,18.12,17.60,17.73,2139877,37999072.000
2011-04-15,17.73,17.88,17.48,17.88,1256926,22237452.000
2011-04-18,17.81,17.88,17.66,17.84,1263685,22414908.000
2011-04-19,17.80,17.80,17.30,17.39,1517918,26516396.000
2011-04-20,17.38,17.66,17.38,17.60,1199401,21020904.000
2011-04-21,17.65,17.96,17.61,17.82,1861273,33129834.000
2011-04-22,17.88,17.88,17.65,17.72,1274696,22616642.000
2011-04-25,17.70,17.72,17.12,17.18,1063681,18472374.000
2011-04-26,17.15,17.15,16.17,16.33,2755793,45509328.000
2011-04-27,16.27,16.45,15.95,16.17,1330391,21552584.000
2011-04-28,16.19,16.33,15.00,15.41,1633414,25784010.000
2011-04-29,15.41,15.89,15.39,15.84,1432384,22368572.000
2011-05-03,15.95,16.17,15.75,16.09,1074970,17234544.000
2011-05-04,16.10,16.10,15.30,15.48,1396162,21823780.000
2011-05-05,15.40,15.73,15.40,15.70,599484,9362311.000
2011-05-06,15.60,16.13,15.45,15.98,1094240,17411848.000
2011-05-10,16.00,16.35,16.00,16.25,1346461,21839088.000
2011-05-11,16.30,16.32,16.05,16.16,905504,14637934.000
2011-05-12,16.02,16.46,15.85,15.90,1070851,17352656.000
2011-05-13,15.90,16.35,15.76,16.31,1170531,18871740.000
2011-05-16,16.30,16.42,16.15,16.20,809716,13173836.000
2011-05-17,16.01,16.18,15.63,16.00,1001886,15910412.000
2011-05-18,15.91,16.12,15.72,16.10,683141,10922014.000
2011-05-19,16.09,16.11,15.70,15.75,896791,14269886.000
2011-05-20,15.75,15.94,15.55,15.65,773099,12101417.000
2011-05-23,15.70,15.71,14.89,15.05,1009562,15393922.000
2011-05-24,15.00,15.00,14.45,14.68,1408083,20632856.000
2011-05-25,14.80,14.80,14.45,14.50,950895,13864860.000
2011-05-26,14.52,14.74,14.40,14.41,756225,11027918.000
2011-05-27,14.58,14.63,14.36,14.48,687287,9945846.000
2011-05-30,14.41,14.48,13.50,13.61,1253108,17735866.000
2011-05-31,13.78,13.95,13.60,13.91,1063617,14659049.000
2011-06-01,13.98,14.09,13.82,14.02,1178900,16441577.000
2011-06-02,13.90,14.13,13.70,13.93,1319863,18402068.000
2011-06-03,13.99,14.25,13.92,14.12,1347514,19012788.000
2011-06-07,14.00,14.22,14.00,14.21,857180,12134463.000
2011-06-08,14.19,14.30,13.81,14.24,1786640,25016816.000
2011-06-09,14.20,14.29,13.79,14.08,2192988,30707852.000
2011-06-10,13.94,14.58,13.93,14.42,3538808,50743812.000
2011-06-13,14.50,14.69,14.10,14.22,1921298,27576312.000
2011-06-14,14.30,14.53,14.15,14.47,1641668,23533814.000
2011-06-15,14.47,14.48,14.01,14.17,1538438,21895914.000
2011-06-16,14.09,14.09,13.19,13.35,2714960,36681152.000
2011-06-17,13.34,13.44,13.18,13.19,937901,12493198.000
2011-06-20,13.20,13.24,12.75,12.88,1169841,15099742.000
2011-06-21,12.90,12.99,12.50,12.76,2659770,33799452.000
2011-06-22,12.88,12.95,12.75,12.84,1465474,18783062.000
2011-06-23,12.81,13.20,12.71,13.12,2464023,32019136.000
2011-06-24,13.03,13.55,13.03,13.47,3648037,48625512.000
2011-06-27,14.75,14.75,13.79,14.09,8636229,123530192.000
2011-06-28,14.30,15.50,14.20,15.50,15140728,232149808.000
2011-06-29,14.95,15.43,14.83,15.11,7693306,116354992.000
2011-06-30,14.98,15.30,14.98,15.29,4335071,65745668.000
2011-07-01,15.29,15.36,14.93,15.02,3975152,60019872.000
2011-07-04,14.90,15.27,14.90,15.15,3750380,56644460.000
2011-07-05,15.10,16.23,15.06,15.59,7548476,118424248.000
2011-07-06,15.16,15.28,14.75,15.25,6227819,93282184.000
2011-07-07,15.33,15.40,14.93,15.12,4154146,62962616.000
2011-07-08,15.35,15.77,15.18,15.70,6007094,93053712.000
2011-07-11,15.52,15.84,15.32,15.81,4066635,63438324.000
2011-07-12,15.63,15.94,15.34,15.36,4464278,69690344.000
2011-07-13,15.37,15.60,15.22,15.46,3212357,49555728.000
2011-07-14,15.47,15.99,15.43,15.97,5232022,82200336.000
2011-07-15,15.76,16.06,15.60,15.68,4937787,78098520.000
2011-07-18,15.62,15.83,15.34,15.52,4345797,67392248.000
2011-07-19,15.55,15.60,15.15,15.30,2208122,33731664.000
2011-07-20,15.35,15.46,15.16,15.34,1574538,24135440.000
2011-07-21,15.33,15.39,14.80,14.86,2239191,33664080.000
2011-07-22,14.82,15.07,14.82,14.91,1427237,21337542.000
2011-07-25,14.88,14.95,13.81,13.86,2596707,37120856.000
2011-07-26,13.86,14.12,13.76,14.00,1465741,20427098.000
2011-07-27,13.99,14.48,13.82,14.31,1738800,24810148.000
2011-07-28,14.23,14.47,14.00,14.42,1590691,22718686.000
2011-07-29,14.42,14.95,14.34,14.73,2811305,41383320.000
2011-08-01,14.65,14.68,14.47,14.60,1709595,24912664.000
2011-08-02,14.55,14.63,13.90,14.24,1760869,24874836.000
2011-08-03,14.13,14.74,14.08,14.60,2155851,31433628.000
2011-08-04,14.88,15.79,14.66,15.16,5534953,84704448.000
2011-08-05,14.50,15.17,14.25,14.77,3001772,44314100.000
2011-08-08,14.35,14.64,13.48,14.01,3499566,49418264.000
2011-08-09,13.59,14.17,13.40,14.02,2341645,32178348.000
2011-08-10,14.29,14.50,14.08,14.10,2493429,35626932.000
2011-08-11,13.91,14.89,13.81,14.86,3363216,48547472.000
2011-08-12,14.79,15.35,14.69,15.05,4925816,74184528.000
2011-08-15,15.10,15.34,14.88,15.27,2509988,38130584.000
2011-08-16,15.34,15.95,15.23,15.53,6488347,101541184.000
2011-08-17,15.46,15.86,15.32,15.62,3423530,53611432.000
2011-08-18,15.75,15.81,15.12,15.21,2230004,34355080.000
2011-08-19,14.90,15.25,14.80,15.24,1710612,25751304.000
2011-08-22,15.04,15.71,14.90,15.56,3383818,52265532.000
2011-08-23,15.54,15.79,15.40,15.59,2336070,36472068.000
2011-08-24,15.59,15.95,15.47,15.70,3106542,48908468.000
2011-08-25,15.58,15.77,15.19,15.30,5402508,82917184.000
2011-08-26,15.27,15.37,15.12,15.26,2350392,35821952.000
2011-08-29,15.22,15.42,15.06,15.28,1626575,24877260.000
2011-08-30,15.30,15.66,15.14,15.27,2280466,35226896.000
2011-08-31,15.30,15.94,15.18,15.79,4754509,74192656.000
2011-09-01,15.66,16.20,15.54,16.13,6527999,104217608.000
2011-09-02,16.14,16.20,15.00,15.12,4763953,73955512.000
2011-09-05,14.63,15.02,14.32,14.55,2389071,35247352.000
2011-09-06,14.38,14.63,14.00,14.42,1365579,19602104.000
2011-09-07,14.51,14.90,14.46,14.77,1285032,18917736.000
2011-09-08,14.80,14.85,14.60,14.64,858047,12604878.000
2011-09-09,14.63,14.87,14.51,14.65,877474,12925846.000
2011-09-13,14.51,14.70,14.01,14.59,996380,14351701.000
2011-09-14,14.52,14.82,14.40,14.80,1198063,17603040.000
2011-09-15,14.75,15.00,14.70,14.90,971602,14440476.000
2011-09-16,14.90,14.97,14.55,14.74,822881,12169169.000
2011-09-19,14.57,14.81,14.02,14.10,1294486,18478456.000
2011-09-20,14.04,14.29,14.03,14.14,646380,9128571.000
2011-09-21,14.14,14.56,14.14,14.52,945756,13600794.000
2011-09-22,14.48,14.48,14.03,14.05,893862,12723415.000
2011-09-23,13.94,14.14,13.40,13.66,2353624,32390708.000
2011-09-26,13.64,13.79,13.40,13.48,660206,8926417.000
2011-09-27,13.55,13.80,13.38,13.55,532111,7198659.000
2011-09-28,13.63,13.79,13.21,13.57,779272,10509534.000
2011-09-29,13.36,13.51,12.90,12.91,1262893,16594967.000
2011-09-30,12.94,13.24,12.63,13.17,625450,8142345.000
2011-10-10,13.17,13.50,12.86,12.94,395280,5164251.000
2011-10-11,13.10,13.80,12.58,12.60,1012078,13078489.000
2011-10-12,12.52,13.07,12.51,13.01,881034,11321004.000
2011-10-13,13.19,13.25,12.98,13.17,1461958,19188320.000
2011-10-14,13.11,13.27,13.00,13.20,675512,8885521.000
2011-10-17,13.20,13.32,13.16,13.24,672076,8914846.000
2011-10-18,13.23,13.33,13.00,13.00,918598,12081944.000
2011-10-19,13.05,13.15,12.75,12.79,617107,7937456.000
2011-10-20,12.70,12.85,11.81,11.96,993392,12064407.000
2011-10-21,11.95,11.99,11.00,11.45,954288,11112208.000
2011-10-24,11.35,11.64,10.80,11.58,1084396,12219520.000
2011-10-25,11.52,11.96,11.43,11.88,1291735,15267735.000
2011-10-26,11.82,12.23,11.82,11.90,1492586,17978244.000
2011-10-27,11.92,12.14,11.76,11.81,833615,9968858.000
2011-10-28,12.00,12.20,11.89,12.09,1313892,15809543.000
2011-10-31,12.16,12.26,12.00,12.20,1093528,13318491.000
2011-11-01,12.10,12.22,11.88,12.08,1239548,14958048.000
2011-11-02,11.86,13.05,11.79,12.77,3505615,44080628.000
2011-11-03,12.79,13.60,12.77,13.06,4125962,54539476.000
2011-11-04,13.10,13.16,12.85,12.99,1360005,17690560.000
2011-11-07,12.90,13.28,12.90,12.97,1160264,15148878.000
2011-11-08,13.08,13.15,12.50,12.64,1604265,20447920.000
2011-11-09,12.66,12.88,12.51,12.88,648852,8253625.000
2011-11-10,12.77,13.18,12.52,12.80,1435631,18643442.000
2011-11-11,12.88,13.13,12.85,12.98,973716,12635710.000
2011-11-14,13.09,13.28,12.96,13.20,1082707,14249263.000
2011-11-15,12.91,13.75,12.91,13.40,1929870,26033104.000
2011-11-16,13.28,13.77,13.10,13.43,3505328,47391932.000
2011-11-17,13.43,13.96,13.42,13.86,3771180,52023260.000
2011-11-18,13.65,14.18,13.52,13.53,4852283,67571264.000
2011-11-21,13.30,13.74,13.05,13.72,1657294,22044028.000
2011-11-22,13.67,13.72,13.37,13.62,906457,12270578.000
2011-11-23,13.57,13.85,13.40,13.43,600272,8181707.000
2011-11-24,13.39,13.55,12.85,13.11,1504144,19735404.000
2011-11-25,13.11,13.45,13.01,13.37,1049748,13997216.000
2011-11-28,12.95,13.90,12.90,13.78,1546206,21050678.000
2011-11-29,13.75,13.99,13.64,13.82,1146781,15744773.000
2011-11-30,13.87,13.87,12.98,13.21,2495553,33329658.000
2011-12-01,13.52,13.80,13.00,13.05,2597520,35047164.000
2011-12-02,12.98,13.10,12.30,12.30,2605974,32763196.000
2011-12-05,12.30,12.40,11.53,11.78,1293356,15674667.000
2011-12-06,11.77,12.01,11.59,11.82,696811,8197230.000
2011-12-07,11.76,12.08,11.50,11.97,908949,10756239.000
2011-12-08,11.92,12.10,11.57,12.03,792123,9393407.000
2011-12-09,11.93,12.00,11.78,11.92,238520,2836866.000
2011-12-12,11.93,11.94,11.68,11.75,369553,4365142.000
2011-12-13,11.75,11.75,11.00,11.45,1666571,18847946.000
2011-12-14,11.40,11.45,11.06,11.09,372713,4190799.000
2011-12-15,11.09,11.20,10.71,10.98,767973,8370268.000
2011-12-16,10.81,11.28,10.80,11.13,715330,7909606.000
2011-12-19,11.15,11.50,11.00,11.11,2074406,23354426.000
2011-12-20,11.11,11.39,11.09,11.13,1114614,12552420.000
2011-12-21,11.13,11.29,10.51,10.57,602441,6658126.000
2011-12-22,10.48,10.60,10.13,10.46,1878151,19445952.000
2011-12-23,10.49,11.00,10.39,10.81,704643,7585485.000
2011-12-26,10.81,11.32,10.57,10.61,1044597,11613733.000
2011-12-27,10.61,10.70,10.31,10.39,875714,9174567.000
2011-12-28,10.35,10.72,10.35,10.65,1323917,14069824.000
2011-12-29,10.52,10.70,10.41,10.66,539907,5703580.000
2011-12-30,10.92,10.92,10.51,10.69,1577845,16905352.000
2012-01-04,10.80,10.80,10.21,10.26,435624,4611932.000
2012-01-05,10.25,10.25,9.23,9.23,1522800,14517580.000
2012-01-09,9.21,9.58,9.12,9.57,2108204,19845526.000
2012-01-10,9.60,9.99,9.45,9.99,2170796,21262320.000
2012-01-11,9.83,10.19,9.76,9.86,3251056,32215752.000
2012-01-12,9.82,9.96,9.69,9.74,1943489,19013368.000
2012-01-13,9.69,9.75,8.77,8.80,3841938,34666888.000
2012-01-16,8.74,8.74,8.11,8.26,2295774,19205440.000
2012-01-17,8.16,8.68,8.10,8.66,4368242,36867224.000
2012-01-18,8.66,8.75,8.26,8.31,2917095,24723448.000
2012-01-19,8.29,8.44,8.12,8.39,1629513,13520054.000
2012-01-20,8.39,8.57,8.37,8.52,1416498,12031385.000
2012-01-30,8.55,8.69,8.38,8.60,1662776,14284741.000
2012-01-31,8.53,8.64,8.46,8.62,972619,8322850.000
2012-02-01,8.60,8.79,8.45,8.50,1437429,12385003.000
2012-02-02,8.52,8.67,8.50,8.65,1696911,14539771.000
2012-02-03,8.67,9.03,8.63,8.97,3204615,28422178.000
2012-02-06,9.00,9.15,8.89,9.01,2502793,22596200.000
2012-02-07,9.00,9.00,8.73,8.82,1629522,14433174.000
2012-02-09,9.15,9.70,9.15,9.58,11259150,106910312.000
2012-02-10,9.35,9.48,9.32,9.40,5869966,55177812.000
2012-02-13,9.39,9.62,9.29,9.55,4425450,42016400.000
2012-02-14,9.56,9.68,9.43,9.52,2805442,26735616.000
2012-02-15,9.52,10.10,9.48,9.86,6703422,66055528.000
2012-02-16,9.70,9.95,9.70,9.91,3854928,37899168.000
2012-02-17,9.91,9.99,9.70,9.93,2926325,28849348.000
2012-02-20,10.03,10.14,9.84,9.92,4286829,42918984.000
2012-02-21,9.95,9.95,9.70,9.93,4172995,40969072.000
2012-02-22,9.92,10.22,9.89,10.02,5652566,56897664.000
2012-02-23,10.04,10.19,9.85,10.01,4856872,48704328.000
2012-02-24,9.94,10.17,9.94,10.14,5226611,52601300.000
2012-02-27,10.17,10.29,10.06,10.15,5198211,52940500.000
2012-02-28,10.15,10.25,9.81,9.94,3383242,33823944.000
2012-02-29,9.91,10.02,9.74,9.78,2217753,21879296.000
2012-03-01,9.76,10.60,9.70,10.04,9269013,94690000.000
2012-03-02,10.04,10.25,9.98,10.18,3998438,40422216.000
2012-03-05,10.29,10.38,10.15,10.17,3867532,39647760.000
2012-03-06,10.08,10.49,10.08,10.47,7725218,79881544.000
2012-03-07,10.35,10.60,10.27,10.33,5907140,61623236.000
2012-03-08,10.37,10.48,10.29,10.44,4146246,43052520.000
2012-03-09,10.49,10.78,10.40,10.66,5271811,55876296.000
2012-03-12,10.68,11.18,10.61,11.09,8381319,91895736.000
2012-03-13,11.09,11.26,11.00,11.10,5757677,63934868.000
2012-03-14,11.17,11.28,10.11,10.95,7550320,82470576.000
2012-03-15,10.81,11.01,10.61,10.85,4085433,44279464.000
2012-03-16,10.85,11.32,10.35,11.15,9404156,102013872.000
2012-03-19,11.07,11.66,11.00,11.60,6437293,73026728.000
2012-03-20,11.41,11.73,11.22,11.52,5475104,62948176.000
2012-03-21,11.54,11.64,11.07,11.32,3632966,41109952.000
2012-03-22,11.22,11.30,11.03,11.06,1765258,19673212.000
2012-03-23,11.03,11.04,10.52,10.57,3298443,35326312.000
2012-03-26,10.56,10.99,10.35,10.85,3439404,36572736.000
2012-03-27,10.85,10.96,10.66,10.66,2420118,26092732.000
2012-03-28,10.60,10.60,9.61,9.81,3832749,38826624.000
2012-03-29,9.80,9.80,9.00,9.29,3972326,37133536.000
2012-03-30,9.29,9.38,8.84,8.99,3234931,29421300.000
2012-04-05,9.04,9.30,8.99,9.30,2205407,20300484.000
2012-04-06,9.30,9.49,9.24,9.44,2732960,25612838.000
2012-04-09,9.40,9.43,9.10,9.11,2142814,19822172.000
2012-04-10,9.02,9.25,8.81,9.23,1808217,16322751.000
2012-04-11,9.12,9.29,9.05,9.27,1664882,15304676.000
2012-04-12,9.34,9.64,9.29,9.55,3205277,30300592.000
2012-04-13,9.50,9.73,9.49,9.63,2589653,24834400.000
2012-04-16,9.61,9.87,9.53,9.80,2458391,23940648.000
2012-04-17,9.79,9.95,9.65,9.80,2432252,23787378.000
2012-04-18,9.72,10.17,9.71,10.12,3574983,35791600.000
2012-04-19,10.02,10.14,9.93,10.06,1940042,19456880.000
2012-04-20,10.06,10.30,9.99,10.14,2377033,24092708.000
2012-04-23,10.15,10.18,9.77,9.89,2692192,26753912.000
2012-04-24,9.74,9.87,9.03,9.44,3713039,35055872.000
2012-04-25,9.40,9.78,9.22,9.75,3314591,31271396.000
2012-04-26,9.74,9.85,9.40,9.53,3117453,29943612.000
2012-04-27,9.55,9.60,9.38,9.47,1323090,12525816.000
2012-05-02,9.53,9.53,9.16,9.32,2981513,27689474.000
2012-05-03,9.34,9.58,9.30,9.53,2171117,20515464.000
2012-05-04,9.52,9.62,9.46,9.58,2551990,24322844.000
2012-05-07,9.55,9.72,9.47,9.70,2502519,23951804.000
2012-05-08,9.63,9.97,9.63,9.85,3655203,35931320.000
2012-05-09,9.75,10.05,9.65,9.89,3360336,33205524.000
2012-05-10,9.84,10.26,9.81,10.22,4419947,44725800.000
2012-05-11,10.23,10.32,9.97,10.14,3421536,34648836.000
2012-05-14,10.17,10.25,9.98,10.08,2564321,25928134.000
2012-05-15,9.90,10.12,9.68,9.93,1975798,19614360.000
2012-05-16,9.95,9.99,9.73,9.73,1120302,11025369.000
2012-05-17,9.72,9.86,9.56,9.80,1234315,11998321.000
2012-05-21,9.60,9.83,9.58,9.81,1018341,9893421.000
2012-05-22,9.80,9.94,9.75,9.93,1555016,15303495.000
2012-05-23,9.92,10.27,9.87,10.16,2539675,25596218.000
2012-05-24,10.17,10.25,9.96,10.09,1444548,14538518.000
2012-05-25,10.13,10.13,9.82,9.99,1208176,12037040.000
2012-05-28,9.82,10.00,9.62,9.98,1196876,11753113.000
2012-05-29,10.00,10.32,9.98,10.24,2986012,30471396.000
2012-05-30,10.22,10.45,10.10,10.38,2763606,28452934.000
2012-05-31,10.39,10.44,10.24,10.28,1987577,20535014.000
2012-06-01,10.27,10.48,10.20,10.37,1675188,17323228.000
2012-06-04,10.10,10.27,9.91,9.96,1706703,17187604.000
2012-06-05,9.98,10.06,9.66,9.83,1442909,14178726.000
2012-06-06,9.88,9.88,9.46,9.61,1341113,12953449.000
2012-06-07,9.70,9.73,9.41,9.54,1105929,10621825.000
2012-06-08,9.55,9.64,9.42,9.52,1150020,10959838.000
2012-06-11,9.50,9.65,9.40,9.56,1490531,14248275.000
2012-06-12,9.53,9.66,9.44,9.49,820601,7839183.000
2012-06-13,9.48,9.55,9.10,9.44,3700807,34406528.000
2012-06-14,9.35,9.42,9.14,9.15,1857980,17298978.000
2012-06-15,9.18,9.28,9.08,9.21,1292467,11883361.000
2012-06-18,9.25,9.38,9.24,9.37,1156474,10780355.000
2012-06-19,9.37,9.48,9.31,9.35,1176810,11044091.000
2012-06-20,9.37,9.45,9.12,9.19,1091081,10206768.000
2012-06-21,9.25,9.50,9.24,9.29,1563802,14664516.000
2012-06-25,9.13,9.14,8.80,8.81,1412294,12595464.000
2012-06-26,8.75,8.90,8.60,8.89,874179,7638227.000
2012-06-27,8.89,8.95,8.77,8.85,723180,6396738.000
2012-06-28,8.95,8.95,8.66,8.79,1018466,8998246.000
2012-06-29,8.70,8.81,8.52,8.80,953594,8255739.000
2012-07-02,9.11,9.63,9.00,9.22,3456043,32194192.000
2012-07-03,9.10,9.29,9.02,9.08,1670540,15276548.000
2012-07-04,9.08,9.35,9.08,9.19,975738,8970138.000
2012-07-05,9.10,9.19,8.80,8.82,920116,8212199.000
2012-07-06,8.85,9.04,8.58,9.02,940808,8321378.000
2012-07-09,8.99,9.13,8.78,8.78,878674,7839065.000
2012-07-10,8.75,8.80,8.58,8.65,656877,5707013.000
2012-07-11,8.62,8.79,8.62,8.79,427318,3733333.000
2012-07-12,8.79,9.00,8.72,8.94,774663,6871979.000
2012-07-13,8.91,8.94,8.81,8.83,529527,4703583.000
2012-07-16,8.83,8.85,7.95,7.95,2584906,21157638.000
2012-07-17,7.95,8.05,7.70,8.04,1083554,8589249.000
2012-07-18,7.99,8.07,7.89,8.06,650151,5189418.000
2012-07-19,8.05,8.28,8.01,8.25,1254181,10301450.000
2012-07-20,8.26,8.32,8.19,8.24,939339,7742987.000
2012-07-23,8.25,8.25,7.96,7.99,1425134,11457756.000
2012-07-24,7.94,8.10,7.84,8.04,1073767,8580035.000
2012-07-25,8.04,8.06,7.90,7.94,626578,4997354.000
2012-07-26,7.95,8.05,7.69,7.73,1682190,13217727.000
2012-07-27,7.80,7.90,7.70,7.85,919054,7174275.000
2012-07-30,7.85,7.88,7.47,7.47,1016099,7746277.000
2012-07-31,7.47,7.60,7.32,7.38,790620,5839367.000
2012-08-01,7.38,7.52,7.35,7.42,991947,7372050.000
2012-08-02,7.48,7.54,7.36,7.42,1102127,8202788.000
2012-08-03,7.37,7.56,7.36,7.56,1158412,8656731.000
2012-08-06,7.50,7.78,7.49,7.77,1650558,12616134.000
2012-08-07,7.77,7.90,7.71,7.81,1373528,10735059.000
2012-08-08,7.86,7.94,7.75,7.83,1100751,8638461.000
2012-08-09,7.75,8.01,7.74,7.99,2416769,19120166.000
2012-08-10,7.90,8.11,7.86,7.98,2130294,17067106.000
2012-08-13,7.98,7.98,7.73,7.74,1456121,11441620.000
2012-08-14,7.77,8.07,7.72,8.05,2207580,17455176.000
2012-08-15,8.06,8.10,7.70,7.80,1282928,10220960.000
2012-08-16,8.01,8.58,8.00,8.03,6603151,55529684.000
2012-08-17,7.74,7.78,7.53,7.65,4812233,36798620.000
2012-08-20,7.63,7.63,7.35,7.54,1653473,12344088.000
2012-08-21,7.55,7.85,7.52,7.80,2967876,22850830.000
2012-08-22,7.81,7.82,7.71,7.76,1364446,10590746.000
2012-08-23,7.76,7.90,7.69,7.90,1724912,13481316.000
2012-08-24,7.91,7.91,7.72,7.75,1205611,9400233.000
2012-08-27,7.69,7.74,7.41,7.42,934926,7020390.000
2012-08-28,7.33,7.57,7.33,7.52,723574,5414184.000
2012-08-29,7.55,7.67,7.48,7.50,1004152,7593814.000
2012-08-30,7.44,7.64,7.25,7.46,1283842,9576305.000
2012-08-31,7.43,7.49,7.29,7.40,880490,6507766.000
2012-09-03,7.50,7.55,7.42,7.55,863551,6467476.000
2012-09-04,7.53,7.61,7.43,7.48,824780,6203866.000
2012-09-05,7.48,7.74,7.42,7.63,1626635,12398286.000
2012-09-06,7.70,7.80,7.58,7.76,1652602,12746333.000
2012-09-07,7.85,8.04,7.77,7.96,2919989,23213658.000
2012-09-10,7.95,8.08,7.91,8.03,2083434,16682116.000
2012-09-11,8.04,8.12,7.94,8.00,1584045,12705665.000
2012-09-12,8.00,8.08,7.92,8.02,1384954,11070398.000
2012-09-13,8.06,8.06,7.90,7.95,1417390,11324373.000
2012-09-14,7.98,8.08,7.89,8.05,1686191,13492253.000
2012-09-17,8.00,8.07,7.75,7.80,1375103,10874531.000
2012-09-18,7.70,7.83,7.70,7.77,593726,4604365.000
2012-09-19,7.80,8.23,7.79,7.94,2520874,20259484.000
2012-09-20,7.80,8.04,7.49,7.50,1785102,13762382.000
2012-09-21,7.42,7.58,7.37,7.42,1408799,10521012.000
2012-09-24,7.31,7.49,7.31,7.40,1257896,9313967.000
2012-09-25,7.40,7.46,7.12,7.24,1331576,9725126.000
2012-09-26,7.24,7.37,7.14,7.27,1319464,9562702.000
2012-09-27,7.22,7.50,7.18,7.39,1832076,13449746.000
2012-09-28,7.38,7.49,7.25,7.47,1177860,8702695.000
2012-10-08,7.47,7.52,7.38,7.40,641429,4767971.000
2012-10-09,7.45,7.60,7.41,7.57,1005412,7583396.000
2012-10-10,7.63,7.78,7.53,7.68,1549219,11915229.000
2012-10-11,7.66,7.90,7.60,7.64,1806605,14000414.000
2012-10-12,7.64,7.79,7.58,7.69,1143960,8767734.000
2012-10-15,7.76,7.76,7.50,7.67,981746,7487468.000
2012-10-16,7.69,7.73,7.57,7.67,733070,5616015.000
2012-10-17,7.70,7.70,7.48,7.52,1762944,13311325.000
2012-10-18,7.58,7.88,7.52,7.70,4744054,36541876.000
2012-10-19,7.68,7.78,7.61,7.72,2394934,18433480.000
2012-10-22,7.65,7.76,7.60,7.75,1388693,10677694.000
2012-10-23,7.71,7.79,7.69,7.74,1644994,12746141.000
2012-10-24,7.72,7.88,7.68,7.84,2189489,17065422.000
2012-10-25,7.80,7.91,7.69,7.76,2184132,17057236.000
2012-10-26,7.77,7.79,7.36,7.37,1947499,14632321.000
2012-10-29,7.43,7.43,7.20,7.38,875403,6412627.000
2012-10-30,7.40,7.50,7.29,7.46,1337410,9842968.000
2012-10-31,7.37,7.37,7.20,7.33,1108500,8051320.000
2012-11-01,7.32,7.48,7.29,7.44,1266539,9386626.000
2012-11-02,7.48,7.51,7.40,7.46,1228711,9165101.000
2012-11-05,7.42,7.49,7.33,7.43,699833,5193603.000
2012-11-06,7.41,7.43,7.27,7.37,717948,5265006.000
2012-11-07,7.37,7.40,7.30,7.38,461602,3393158.000
2012-11-08,7.30,7.30,7.06,7.07,1405618,10137479.000
2012-11-09,7.03,7.15,7.02,7.08,666594,4721592.000
2012-11-12,7.10,7.15,7.08,7.14,397371,2831702.000
2012-11-13,7.18,7.18,6.92,6.99,777760,5473577.000
2012-11-14,6.99,7.03,6.88,6.99,312299,2176944.000
2012-11-15,7.00,7.04,6.78,6.80,615139,4229650.000
2012-11-16,6.82,6.82,6.67,6.75,627516,4231974.000
2012-11-19,6.80,6.85,6.71,6.78,680110,4600656.000
2012-11-20,6.84,6.85,6.75,6.78,604289,4106617.000
2012-11-21,6.78,6.83,6.60,6.80,1050493,7066689.000
2012-11-22,6.80,6.84,6.70,6.73,543197,3673501.000
2012-11-23,6.73,6.87,6.70,6.79,896428,6107273.000
2012-11-26,6.79,6.81,6.65,6.69,418258,2815580.000
2012-11-27,6.67,6.67,6.30,6.35,751529,4859682.000
2012-11-28,6.28,6.39,6.16,6.35,908667,5670038.000
2012-11-29,6.32,6.33,6.11,6.31,1129059,7049110.000
2012-11-30,6.24,6.39,6.17,6.33,683951,4290756.000
2012-12-03,6.32,6.34,6.09,6.22,636202,3950369.000
2012-12-04,6.22,6.35,6.03,6.33,1041486,6443730.000
2012-12-05,6.32,6.62,6.27,6.51,1639265,10640772.000
2012-12-06,6.50,6.58,6.40,6.43,708961,4581025.000
2012-12-07,6.44,6.58,6.40,6.57,1194174,7797378.000
2012-12-10,6.56,6.74,6.55,6.69,1292173,8567239.000
2012-12-11,6.66,6.69,6.56,6.59,1018810,6759734.000
2012-12-12,6.59,6.66,6.49,6.57,1025150,6714392.000
2012-12-13,6.58,6.74,6.52,6.58,1307725,8685921.000
2012-12-14,6.57,6.82,6.53,6.80,1795401,12061479.000
2012-12-17,6.84,6.93,6.75,6.82,1542519,10542728.000
2012-12-18,6.77,6.86,6.74,6.77,1505632,10218272.000
2012-12-19,6.73,6.87,6.73,6.77,1046151,7120785.000
2012-12-20,6.75,6.80,6.67,6.78,812716,5471515.000
2012-12-21,6.78,6.84,6.68,6.73,1656543,11162037.000
2012-12-24,6.68,6.97,6.66,6.93,1377560,9369759.000
2012-12-25,6.86,7.15,6.84,7.01,2844166,19930604.000
2012-12-26,7.04,7.07,6.92,7.06,2262816,15791731.000
2012-12-27,7.07,7.11,6.94,6.96,1721500,12095796.000
2012-12-28,6.96,7.19,6.96,7.18,3208094,22845176.000
2012-12-31,7.18,7.25,7.13,7.16,1297173,9291784.000
2013-01-04,7.21,7.21,7.00,7.09,1322292,9414912.000
2013-01-07,7.09,7.16,7.04,7.14,989903,7037268.000
2013-01-08,7.12,7.31,7.11,7.30,2625291,19014564.000
2013-01-09,7.30,7.34,7.20,7.26,1688391,12282315.000
2013-01-10,7.34,7.45,7.23,7.33,2105743,15382990.000
2013-01-11,7.34,7.99,7.25,7.30,6816106,51131372.000
2013-01-14,7.18,7.85,7.09,7.78,9073623,67675856.000
2013-01-15,7.65,8.13,7.61,8.02,10575648,83008120.000
2013-01-16,7.82,7.94,7.68,7.76,6839420,53439932.000
2013-01-17,7.76,8.00,7.62,7.63,3714241,28977856.000
2013-01-18,7.63,7.74,7.57,7.69,2285126,17485460.000
2013-01-21,7.66,7.75,7.61,7.64,2394901,18349916.000
2013-01-22,7.60,7.69,7.40,7.47,2330181,17601044.000
2013-01-23,7.35,7.37,7.15,7.29,4326877,31347204.000
2013-01-24,7.27,7.40,7.05,7.15,2763396,19995356.000
2013-01-25,7.15,7.25,7.10,7.16,1320625,9457885.000
2013-01-28,7.20,7.43,7.20,7.37,3039001,22329584.000
2013-01-29,7.40,7.46,7.32,7.41,2133885,15759214.000
2013-01-30,7.41,7.55,7.28,7.54,2861146,21190908.000
2013-01-31,7.45,7.50,7.30,7.35,1542501,11402608.000
2013-02-01,7.36,7.68,7.30,7.53,2413397,18131166.000
2013-02-04,7.53,7.78,7.40,7.50,2522811,19127544.000
2013-02-05,7.43,7.48,7.30,7.45,1837660,13534061.000
2013-02-06,7.45,7.47,7.40,7.45,1455553,10819182.000
2013-02-07,7.41,7.43,7.33,7.37,1190082,8766230.000
2013-02-08,7.37,7.43,7.35,7.40,2064600,15233979.000
2013-02-18,7.43,7.48,7.34,7.39,3608549,26644930.000
2013-02-19,7.41,7.41,7.27,7.32,1793260,13138084.000
2013-02-20,7.33,7.59,7.27,7.58,4098952,30642592.000
2013-02-21,7.50,7.62,7.37,7.53,3224316,24224402.000
2013-02-22,7.61,7.64,7.46,7.53,3100026,23340160.000
2013-02-25,7.65,7.67,7.53,7.62,2802163,21276544.000
2013-02-26,7.56,7.60,7.41,7.42,1756936,13195220.000
2013-02-27,7.42,7.49,7.28,7.31,1694773,12468353.000
2013-02-28,7.36,7.73,7.29,7.64,4622933,34877540.000
2013-03-01,7.61,7.74,7.57,7.68,3378800,25879804.000
2013-03-04,7.63,7.98,7.51,7.83,6890098,53507452.000
2013-03-05,7.78,7.89,7.64,7.86,4357692,33846912.000
2013-03-06,7.82,8.28,7.76,8.08,7311186,59387732.000
2013-03-07,8.04,8.17,7.94,8.11,4964682,40002460.000
2013-03-08,8.08,8.20,7.90,7.96,2608233,20917392.000
2013-03-11,7.89,7.93,7.68,7.87,1952809,15291322.000
2013-03-12,7.82,7.89,7.53,7.67,2628279,20241008.000
2013-03-13,7.63,7.67,7.43,7.54,1300762,9790562.000
2013-03-14,7.54,7.63,7.47,7.54,1113423,8397675.000
2013-03-15,7.51,7.73,7.50,7.62,1743346,13301875.000
2013-03-18,7.65,7.82,7.55,7.56,1544741,11860490.000
2013-03-19,7.52,7.59,7.36,7.45,1491040,11132948.000
2013-03-20,7.41,7.60,7.41,7.60,2196941,16572644.000
2013-03-21,7.60,7.74,7.56,7.71,2273463,17411268.000
2013-03-22,7.68,7.78,7.64,7.74,1160382,8944344.000
2013-03-25,7.70,7.82,7.61,7.64,1701108,13070536.000
2013-03-26,7.62,7.70,7.50,7.58,1221645,9235079.000
2013-03-27,7.62,7.67,7.51,7.58,1005896,7623872.000
2013-03-28,7.51,7.51,7.16,7.19,2059101,15015047.000
2013-03-29,7.23,7.36,7.18,7.27,1240521,9034565.000
2013-04-01,7.33,7.37,7.26,7.28,758971,5548513.000
2013-04-02,7.29,7.38,7.22,7.33,904946,6613460.000
2013-04-03,7.33,7.33,7.05,7.09,1242782,8871834.000
2013-04-08,7.09,7.11,6.90,7.10,709725,4977641.000
2013-04-09,7.09,7.16,7.08,7.12,761800,5426241.000
2013-04-10,7.11,7.25,7.09,7.16,881662,6302830.000
2013-04-11,7.13,7.32,7.11,7.25,1332095,9607524.000
2013-04-12,7.24,7.24,7.05,7.08,879651,6253392.000
2013-04-15,7.01,7.10,6.92,6.97,620774,4329291.000
2013-04-16,6.88,7.10,6.86,7.08,1011290,7045172.000
2013-04-17,7.06,7.19,6.96,7.17,1252325,8878825.000
2013-04-18,7.10,7.19,7.02,7.15,767933,5478915.000
2013-04-19,7.15,7.27,7.12,7.23,941076,6798323.000
2013-04-22,7.23,7.33,7.16,7.32,1142181,8288268.000
2013-04-23,7.27,7.31,7.07,7.10,661615,4728473.000
2013-04-24,7.07,7.43,7.07,7.41,2616310,19241408.000
2013-04-25,7.38,7.42,7.17,7.19,1468542,10722482.000
2013-04-26,7.19,7.30,7.12,7.22,1902981,13761328.000
2013-05-02,7.26,7.39,7.21,7.38,780003,5721825.000
2013-05-03,7.30,7.65,7.30,7.57,2675562,20173312.000
2013-05-06,7.54,7.73,7.54,7.62,1945458,14894759.000
2013-05-07,7.63,7.64,7.52,7.64,1092787,8289074.000
2013-05-08,7.63,7.69,7.60,7.65,1197862,9162417.000
2013-05-09,7.65,7.80,7.58,7.75,2765296,21382446.000
2013-05-10,7.75,7.93,7.69,7.85,2902284,22739016.000
2013-05-13,7.84,8.04,7.72,7.95,2947007,23295346.000
2013-05-14,7.95,8.15,7.81,7.90,4061516,32513192.000
2013-05-15,7.90,8.10,7.81,8.02,2569205,20406456.000
2013-05-16,8.05,8.13,7.95,8.05,3252287,26107768.000
2013-05-17,8.01,8.08,7.95,8.00,2517302,20161262.000
2013-05-20,8.00,8.25,7.89,8.19,3732697,30306710.000
2013-05-21,8.19,8.39,8.14,8.29,3925041,32411630.000
2013-05-22,8.29,8.32,8.03,8.10,3025104,24655368.000
2013-05-23,8.10,8.24,7.90,7.97,3779910,30658340.000
2013-05-24,8.50,8.77,8.50,8.77,10469566,91682488.000
2013-05-27,9.10,9.59,8.77,9.29,21039701,193836480.000
2013-05-28,9.15,9.26,8.92,9.08,8381368,76272200.000
2013-05-29,8.95,9.15,8.95,8.98,5064771,45716128.000
2013-05-30,8.97,9.14,8.89,8.95,4760600,42846544.000
2013-05-31,8.95,9.00,8.73,8.76,4759949,42013768.000
2013-06-03,8.80,8.88,8.72,8.81,3399635,29902582.000
2013-06-04,8.83,8.87,8.31,8.44,4554965,38614216.000
2013-06-05,8.30,8.46,8.22,8.39,2506170,20934152.000
2013-06-06,8.32,8.53,8.23,8.34,2882839,24144932.000
2013-06-07,8.36,8.46,8.05,8.13,2436619,20062796.000
2013-06-13,7.94,7.94,7.40,7.64,2314551,17694328.000
2013-06-14,7.63,7.90,7.63,7.86,1723741,13409465.000
2013-06-17,7.87,7.95,7.80,7.89,1446454,11383902.000
2013-06-18,7.91,8.17,7.80,8.10,2635293,21145004.000
2013-06-19,8.07,8.10,7.83,8.10,1670663,13309797.000
2013-06-20,8.02,8.09,7.83,7.94,1234829,9838914.000
2013-06-21,7.71,7.99,7.62,7.98,1157328,9064388.000
2013-06-24,7.98,8.05,7.19,7.70,2159110,16597759.000
2013-06-25,7.44,7.70,7.04,7.68,1769393,13195053.000
2013-06-26,7.69,8.06,7.53,7.99,2058152,16131883.000
2013-06-27,7.99,8.09,7.70,7.71,1922638,15211993.000
2013-06-28,7.66,7.68,7.40,7.47,2042637,15360895.000
2013-07-01,7.45,7.60,7.42,7.58,925784,6930284.000
2013-07-02,7.63,7.78,7.54,7.75,1930855,14884778.000
2013-07-03,7.70,7.79,7.48,7.73,1606529,12267979.000
2013-07-04,7.69,8.05,7.63,7.99,3192271,25234680.000
2013-07-05,7.95,8.04,7.86,7.87,2136621,17013422.000
2013-07-08,7.80,7.80,7.20,7.31,1944788,14491501.000
2013-07-09,7.11,7.42,7.11,7.31,996521,7242936.000
2013-07-10,7.23,7.48,7.20,7.45,1271745,9374951.000
2013-07-11,7.55,7.68,7.42,7.61,2233430,16934936.000
2013-07-12,7.63,7.71,7.50,7.55,1613802,12288321.000
数据来源:通达信
