600435 北方导航 日线
      日期	    开盘	    最高	    最低	    收盘	    成交量	    成交额
2007-01-11,2.10,2.20,2.06,2.07,9932573,70474992.000
2007-01-12,2.05,2.09,1.91,1.93,5811883,39004824.000
2007-01-15,1.91,2.01,1.90,2.00,4755621,31543002.000
2007-01-16,2.01,2.11,2.00,2.10,8631195,59421272.000
2007-01-17,2.10,2.16,1.95,2.01,7824506,54266232.000
2007-01-18,2.00,2.11,1.97,2.08,6185193,42011536.000
2007-01-19,2.07,2.25,2.07,2.23,14749448,107091504.000
2007-01-22,2.26,2.33,2.25,2.33,12817964,97249992.000
2007-01-23,2.33,2.33,2.19,2.28,9026157,67411880.000
2007-01-24,2.28,2.47,2.25,2.39,10805835,83976672.000
2007-01-25,2.36,2.36,2.19,2.20,7564634,56920960.000
2007-01-26,2.13,2.23,2.00,2.16,5796737,40834212.000
2007-01-29,2.17,2.24,2.16,2.23,5874821,42798728.000
2007-01-30,2.23,2.32,2.21,2.30,7374265,55464712.000
2007-01-31,2.29,2.35,2.12,2.16,8343495,62699440.000
2007-02-01,2.13,2.23,2.07,2.20,8152897,58795476.000
2007-02-02,2.23,2.29,2.20,2.21,12136027,89725784.000
2007-02-05,2.18,2.30,2.14,2.28,6325082,46743620.000
2007-02-06,2.29,2.39,2.27,2.39,9842845,76408728.000
2007-02-07,2.39,2.45,2.34,2.38,7889038,62144464.000
2007-02-08,2.38,2.50,2.35,2.46,8627328,69151008.000
2007-02-09,2.47,2.48,2.39,2.44,5178908,41373112.000
2007-02-12,2.44,2.48,2.39,2.46,6567538,52649168.000
2007-02-13,2.46,2.51,2.44,2.47,4853270,39386744.000
2007-02-14,2.47,2.50,2.42,2.49,7703706,62241064.000
2007-02-15,2.49,2.59,2.43,2.59,8183421,67879528.000
2007-02-16,2.60,2.75,2.57,2.63,9182691,79715568.000
2007-02-26,2.64,2.87,2.64,2.82,7403032,66995700.000
2007-02-27,2.83,3.09,2.51,2.52,15298025,141340752.000
2007-02-28,2.53,2.80,2.53,2.80,8403822,73961224.000
2007-03-01,2.84,3.03,2.80,3.01,13616080,128912592.000
2007-03-02,2.99,3.00,2.83,2.90,9188270,86348824.000
2007-03-05,2.84,2.88,2.61,2.75,7743976,69534608.000
2007-03-06,2.77,2.84,2.73,2.75,3782398,34144992.000
2007-03-07,2.77,3.05,2.76,3.05,10159705,95564824.000
2007-03-08,3.06,3.28,3.00,3.19,15736031,160915840.000
2007-03-09,3.18,3.54,3.13,3.54,25040878,280014368.000
2007-03-12,3.63,3.65,3.37,3.49,15219784,170946128.000
2007-03-13,3.55,3.59,3.44,3.54,9910780,111250496.000
2007-03-14,3.54,3.76,3.38,3.67,13126936,151235888.000
2007-03-15,3.68,3.69,3.56,3.66,9461486,109077520.000
2007-03-16,3.65,3.65,3.35,3.42,16021323,177509072.000
2007-03-19,3.30,3.49,3.22,3.42,6225620,67429256.000
2007-03-20,3.44,3.52,3.39,3.48,4842371,53673000.000
2007-03-21,3.50,3.50,3.36,3.45,6114844,66869876.000
2007-03-22,3.46,3.50,3.39,3.46,5899275,65261480.000
2007-03-23,3.47,3.59,3.44,3.55,8136251,91768168.000
2007-03-26,3.60,3.93,3.60,3.93,20795631,249047088.000
2007-03-27,3.91,3.98,3.76,3.88,12485108,153705280.000
2007-03-28,3.88,3.90,3.49,3.70,10937640,129435160.000
2007-03-29,3.70,3.70,3.47,3.61,8777916,100420488.000
2007-03-30,3.55,3.73,3.53,3.70,5626142,65761164.000
2007-04-03,3.77,3.86,3.70,3.72,12135814,145617168.000
2007-04-04,3.70,3.71,3.57,3.66,7319837,84967376.000
2007-04-05,3.65,3.77,3.59,3.73,7128020,83319728.000
2007-04-06,3.70,3.73,3.63,3.69,6261052,73560664.000
2007-04-09,3.69,3.87,3.65,3.84,12026945,143874400.000
2007-04-10,3.84,3.86,3.63,3.84,8842101,105699480.000
2007-04-11,3.87,4.03,3.87,3.92,12738125,159695200.000
2007-04-12,3.92,4.02,3.85,3.90,7244333,89755424.000
2007-04-13,3.90,3.93,3.70,3.74,9044405,109599752.000
2007-04-16,3.69,3.80,3.67,3.76,8673455,103108088.000
2007-04-17,3.77,3.83,3.64,3.80,9688229,115400760.000
2007-04-18,3.82,4.01,3.74,3.95,12669945,157088736.000
2007-04-19,3.95,3.95,3.53,3.56,8567225,102988448.000
2007-04-20,3.58,3.84,3.58,3.76,6952724,82279024.000
2007-04-23,3.77,3.92,3.77,3.88,9068108,111257920.000
2007-04-24,3.94,4.14,3.86,4.10,16769610,213576320.000
2007-04-25,4.09,4.23,3.95,3.98,12424997,160923232.000
2007-04-27,4.03,4.06,3.80,3.83,8459056,104537256.000
2007-04-30,3.78,3.78,3.60,3.72,7971576,93720496.000
2007-05-08,3.73,3.87,3.70,3.82,8009732,96548488.000
2007-05-09,3.84,3.92,3.57,3.89,8857798,105461472.000
2007-05-10,3.94,4.03,3.90,3.98,14262880,179612368.000
2007-05-11,3.99,4.11,3.82,4.07,13167550,167128208.000
2007-05-14,3.97,4.27,3.91,4.17,13369628,176833472.000
2007-05-15,4.24,4.24,3.86,3.89,8545932,109963104.000
2007-05-16,3.88,3.97,3.77,3.94,5662449,69983608.000
2007-05-17,3.98,4.07,3.88,4.03,7856049,99310688.000
2007-05-18,3.98,4.26,3.90,4.15,12448307,161488416.000
2007-05-21,3.98,4.59,3.97,4.59,21005675,293599904.000
2007-05-22,4.59,4.72,4.43,4.46,18636082,268725504.000
2007-05-23,4.46,4.56,4.37,4.51,12412288,174536160.000
2007-05-24,4.52,4.52,4.21,4.33,11542338,157660272.000
2007-05-25,4.35,4.43,4.27,4.38,8084971,111730264.000
2007-05-28,4.42,4.61,4.37,4.53,11907519,168613904.000
2007-05-29,4.51,4.59,4.30,4.49,10372568,146201824.000
2007-05-30,4.07,4.35,4.02,4.02,8467918,111359128.000
2007-05-31,3.87,3.93,3.59,3.59,11453259,132885496.000
2007-06-01,3.59,3.67,3.21,3.21,8547224,91175256.000
2007-06-04,3.07,3.21,2.87,2.87,8370764,79292128.000
2007-06-05,2.62,2.82,2.56,2.77,9349608,80485704.000
2007-06-06,2.80,2.85,2.70,2.78,6536945,59303976.000
2007-06-07,2.76,2.93,2.71,2.91,6845557,63191900.000
2007-06-08,2.95,3.03,2.87,2.93,7741173,73993048.000
2007-06-11,2.98,3.02,2.88,2.90,6262564,59565080.000
2007-06-12,2.93,2.93,2.61,2.89,8070514,73363480.000
2007-06-13,2.90,3.17,2.90,3.16,10592246,104546160.000
2007-06-14,3.16,3.16,3.03,3.04,7616965,75908432.000
2007-06-15,3.00,3.06,2.91,2.94,5303493,50914624.000
2007-06-18,3.00,3.10,2.94,3.08,6378655,62410092.000
2007-06-19,3.05,3.19,3.03,3.15,6394400,64412792.000
2007-06-20,3.15,3.23,2.97,3.01,8942069,90690520.000
2007-06-21,2.99,3.16,2.83,3.09,8061067,78343608.000
2007-06-22,3.10,3.13,2.77,2.80,5559428,52250624.000
2007-06-25,2.83,2.96,2.67,2.77,8418850,76964080.000
2007-06-26,2.72,2.73,2.53,2.69,4467284,38038808.000
2007-06-27,2.72,2.79,2.65,2.74,3350619,29821328.000
2007-06-28,2.69,2.85,2.56,2.58,3486980,30686140.000
2007-06-29,2.56,2.56,2.30,2.35,2790283,22059152.000
2007-07-02,2.33,2.43,2.24,2.43,2468225,19202852.000
2007-07-03,2.44,2.49,2.34,2.43,1819185,14487081.000
2007-07-04,2.43,2.46,2.33,2.34,1488828,11667608.000
2007-07-05,2.29,2.31,2.14,2.16,2097753,15352308.000
2007-07-06,2.12,2.37,2.12,2.33,2617369,19440684.000
2007-07-09,2.33,2.43,2.31,2.40,2773502,21776172.000
2007-07-10,2.40,2.47,2.29,2.43,3348543,26266444.000
2007-07-11,2.45,2.70,2.45,2.70,6190559,53518440.000
2007-07-12,2.87,2.87,2.70,2.73,9215706,83528568.000
2007-07-13,2.73,3.03,2.67,3.01,9510473,90767264.000
2007-07-16,2.93,3.26,2.91,3.12,11380429,114527432.000
2007-07-17,3.10,3.13,2.96,3.09,4221096,41703440.000
2007-07-18,3.07,3.20,2.99,3.01,3207794,31817836.000
2007-07-19,3.00,3.22,2.99,3.19,6893713,69610432.000
2007-07-20,3.20,3.27,3.15,3.23,4810613,49926604.000
2007-07-23,3.23,3.58,3.23,3.50,8961857,99294168.000
2007-07-24,3.51,3.80,3.46,3.74,11260491,131378312.000
2007-07-25,3.70,4.14,3.67,4.14,12544414,158594192.000
2007-07-26,4.18,4.22,3.95,4.16,9242635,119830728.000
2007-07-27,4.10,4.50,4.03,4.43,11278764,154011008.000
2007-07-30,4.43,4.55,4.27,4.34,6362705,88304240.000
2007-07-31,4.30,4.38,4.07,4.20,7818868,103600856.000
2007-08-01,4.25,4.29,4.00,4.03,6739977,88589760.000
2007-08-02,4.03,4.21,3.90,4.10,5568607,72077408.000
2007-08-03,4.16,4.16,3.70,3.87,11980325,148120048.000
2007-08-06,3.87,4.28,3.74,4.28,16533089,212461728.000
2007-08-07,4.36,4.74,4.27,4.74,16885857,243741328.000
2007-08-08,4.68,4.98,4.44,4.66,11786636,175845856.000
2007-08-09,4.68,4.83,4.55,4.67,9000981,133415456.000
2007-08-10,4.60,5.16,4.58,5.15,27077864,429698240.000
2007-08-13,5.12,5.68,5.07,5.68,22570374,385759360.000
2007-08-14,5.70,5.99,5.46,5.68,16408823,294240896.000
2007-08-15,5.67,5.68,5.27,5.36,10221157,173969008.000
2007-08-16,5.40,5.53,5.27,5.39,5076710,85785592.000
2007-08-17,5.39,5.59,5.10,5.40,4441323,75753552.000
2007-08-20,5.54,5.58,5.38,5.53,5170448,88518480.000
2007-08-21,5.50,5.52,5.10,5.19,12948582,211197536.000
2007-08-22,5.10,5.73,4.90,5.73,14426203,241440480.000
2007-08-23,5.76,6.33,5.76,6.30,21587171,419336768.000
2008-05-30,6.95,6.95,6.30,6.95,23599851,505215392.000
2008-06-02,7.20,7.67,7.10,7.67,16737707,388471680.000
2008-06-03,7.93,8.07,7.29,7.57,11150596,262256160.000
2008-06-04,7.51,7.87,7.31,7.67,6579872,154290448.000
2008-06-05,7.53,7.63,7.04,7.10,4880052,110907952.000
2008-06-06,7.05,7.30,6.75,6.82,4810378,104056648.000
2008-06-10,6.37,6.60,6.27,6.40,5681518,113586160.000
2008-06-11,6.37,6.76,6.37,6.46,4758380,96820256.000
2008-06-12,6.30,6.53,6.20,6.21,3394583,66908240.000
2008-06-13,6.27,6.80,6.27,6.49,6246724,128035136.000
2008-06-16,6.54,6.63,5.82,5.82,6861565,126488504.000
2008-06-18,5.53,6.16,5.21,5.80,5327895,92689176.000
2008-06-19,5.63,5.70,5.19,5.19,2396370,40311564.000
2008-06-20,4.98,5.53,4.77,4.92,4429582,70853696.000
2008-06-23,4.87,5.22,4.78,5.12,3036982,48458184.000
2008-06-24,5.03,5.43,4.99,5.42,2275977,37707888.000
2008-06-25,5.53,5.72,5.38,5.61,2681124,46392368.000
2008-06-26,5.49,5.62,5.27,5.43,3100644,52802480.000
2008-06-27,5.30,5.30,4.89,5.13,2436508,38633000.000
2008-06-30,5.03,5.37,4.98,5.22,1519435,24850740.000
2008-07-01,5.22,5.38,4.84,5.09,2569245,40502968.000
2008-07-02,5.09,5.37,5.03,5.31,2211274,36349616.000
2008-07-03,5.31,5.87,5.11,5.82,6578434,117698880.000
2008-07-04,5.70,5.90,5.58,5.74,3287825,58450004.000
2008-07-07,5.77,6.17,5.74,6.10,4015118,74479584.000
2008-07-08,6.09,6.36,5.96,6.29,3808326,72530032.000
2008-07-09,6.24,6.37,6.04,6.15,3431555,66065276.000
2008-07-10,6.10,6.27,5.93,5.94,2589165,49203192.000
2008-07-11,5.90,6.55,5.85,6.55,7702431,154190704.000
2008-07-14,6.55,6.89,6.44,6.76,6749757,140562688.000
2008-07-15,6.54,6.82,6.40,6.66,3679561,75446928.000
2008-07-16,6.50,6.89,6.37,6.74,4161059,85853568.000
2008-07-17,6.73,7.17,6.67,7.04,6586965,142840032.000
2008-07-18,7.04,7.15,6.33,6.72,5714715,119755744.000
2008-07-21,6.69,7.02,6.46,6.93,3378788,71865616.000
2008-07-22,6.93,7.00,6.70,6.73,2492733,53188816.000
2008-07-23,6.75,7.42,6.60,7.26,4460115,97595136.000
2008-07-24,7.26,7.50,7.25,7.39,3482892,79525792.000
2008-07-25,7.28,7.37,7.10,7.12,2614679,58236888.000
2008-07-28,7.17,7.26,7.00,7.17,2251019,49601268.000
2008-07-29,7.14,7.20,7.00,7.03,1180320,25832132.000
2008-07-30,6.63,6.86,6.30,6.33,8378125,167530240.000
2008-07-31,6.14,6.46,6.14,6.21,2865495,56338312.000
2008-08-01,6.10,6.32,6.01,6.19,2152449,41188828.000
2008-08-04,6.17,6.43,6.05,6.26,1559617,30554672.000
2008-08-05,6.23,6.33,6.07,6.11,1080978,20782312.000
2008-08-06,6.15,6.28,5.67,5.69,2316763,42087912.000
2008-08-07,5.60,5.89,5.60,5.80,1000199,18005136.000
2008-08-08,5.86,5.88,5.40,5.44,1210125,21330060.000
2008-08-11,5.03,5.46,5.02,5.02,1333670,21609436.000
2008-08-12,4.93,5.15,4.87,5.06,1051757,16688813.000
2008-08-13,5.01,5.30,5.01,5.27,1298328,21050142.000
2008-08-14,5.18,5.56,5.14,5.49,1227733,20947868.000
2008-08-15,5.53,5.55,5.30,5.41,992412,16843060.000
2008-08-18,5.37,5.43,4.85,4.85,1385920,21845600.000
2008-08-19,4.83,5.03,4.77,5.00,821944,12756223.000
2008-08-20,4.90,5.52,4.77,5.52,1625468,27087692.000
2008-08-21,5.47,5.53,5.20,5.22,1238108,20750552.000
2008-08-22,5.10,5.21,4.89,5.04,702212,11096281.000
2008-08-25,5.10,5.27,4.93,5.06,432838,6995544.000
2008-08-26,5.02,5.15,4.53,4.57,967658,14390242.000
2008-08-27,4.56,4.66,4.29,4.37,1432498,20173328.000
2008-08-28,4.37,4.69,4.37,4.62,757914,10753898.000
2008-08-29,4.62,4.93,4.56,4.79,1021080,15288799.000
2008-09-02,4.65,4.65,4.40,4.50,956071,13596228.000
2008-09-03,4.43,4.73,4.40,4.52,649292,9408782.000
2008-09-04,4.45,4.83,4.45,4.69,520738,7682070.000
2008-09-05,4.53,4.88,4.47,4.70,760180,11318302.000
2008-09-08,4.71,4.77,4.53,4.63,658055,9556452.000
2008-09-09,4.63,4.63,4.49,4.61,416556,6018140.000
2008-09-10,4.61,4.74,4.47,4.68,483244,7072960.000
2008-09-11,4.72,4.72,4.55,4.64,450997,6570739.000
2008-09-12,4.60,4.87,4.57,4.73,812704,12174305.000
2008-09-16,4.70,4.86,4.66,4.76,1128692,16962214.000
2008-09-17,4.86,4.87,4.60,4.65,1016669,15039454.000
2008-09-18,4.54,4.61,4.16,4.30,2440396,33027108.000
2008-09-19,4.75,4.75,4.62,4.75,3720161,55553868.000
2008-09-25,5.25,5.25,5.25,5.25,581094,9558996.000
2008-09-26,5.76,5.76,5.38,5.44,4648129,80533008.000
2008-10-06,5.16,5.24,4.87,4.87,2007787,31557822.000
2008-10-07,4.69,5.09,4.57,4.91,1463287,22008652.000
2008-10-08,4.77,5.08,4.67,4.74,764446,11719513.000
2008-10-09,4.77,4.96,4.70,4.70,766464,11578855.000
2008-10-10,4.52,4.64,4.30,4.35,975557,13696078.000
2008-10-13,4.27,4.47,4.10,4.43,1030065,14003289.000
2008-10-14,4.60,4.70,4.17,4.20,1077705,15008243.000
2008-10-16,4.27,4.48,3.91,4.31,2430275,33388760.000
2008-10-17,4.29,4.40,4.23,4.34,567200,7694928.000
2008-10-20,4.22,4.36,4.14,4.34,705654,9556498.000
2008-10-21,4.37,4.43,4.22,4.38,794257,10892364.000
2008-10-22,4.32,4.40,4.25,4.27,461558,6315813.000
2008-10-23,4.22,4.27,4.15,4.19,482851,6426473.000
2008-10-24,4.18,4.22,4.11,4.14,600801,7920323.000
2008-10-27,4.06,4.10,3.71,3.73,1775346,21600964.000
2008-10-28,3.60,3.87,3.33,3.75,2858730,32832282.000
2008-10-29,3.77,3.81,3.52,3.67,1186022,13753657.000
2008-10-30,3.73,3.73,3.57,3.58,974757,11379388.000
2008-11-03,3.76,3.88,3.60,3.65,2467127,29465368.000
2008-11-04,3.55,3.72,3.55,3.66,654105,7588349.000
2008-11-05,3.58,3.80,3.58,3.73,1244326,14854329.000
2008-11-06,3.67,3.80,3.61,3.70,698512,8324335.000
2008-11-07,3.61,3.76,3.61,3.73,795701,9413776.000
2008-11-10,3.80,3.97,3.77,3.95,3195984,39596840.000
2008-11-11,3.93,4.13,3.90,4.04,1995759,25530564.000
2008-11-12,4.00,4.08,3.94,4.07,1363544,17371126.000
2008-11-13,4.01,4.23,3.98,4.22,2211257,29072346.000
2008-11-14,4.26,4.63,4.24,4.49,3117225,44063620.000
2008-11-17,4.53,4.71,4.44,4.67,2305199,33325794.000
2008-11-18,4.60,4.86,4.33,4.37,2790464,40414384.000
2008-11-19,4.38,4.80,4.38,4.77,2467529,35828616.000
2008-11-20,4.73,5.03,4.67,4.89,2705646,41397488.000
2008-11-21,4.73,4.98,4.62,4.86,1896150,28449812.000
2008-11-24,4.83,4.90,4.48,4.59,1600182,23501928.000
2008-11-25,4.65,4.87,4.65,4.85,2476489,37231840.000
2008-11-26,4.85,5.23,4.78,5.11,2947118,47121796.000
2008-11-27,5.30,5.43,5.07,5.24,4097485,67070372.000
2008-11-28,5.23,5.25,4.90,4.92,3581686,56833000.000
2008-12-01,4.93,5.04,4.78,5.01,1403426,21770544.000
2008-12-02,4.90,5.16,4.77,5.12,1685179,26564760.000
2008-12-03,5.07,5.43,5.07,5.43,2984291,49338648.000
2008-12-04,5.43,5.71,5.25,5.32,2846383,48969680.000
2008-12-05,5.33,5.63,5.33,5.49,1892384,32551464.000
2008-12-08,5.51,5.81,5.10,5.66,2883836,50323096.000
2008-12-09,5.90,6.03,5.66,6.00,4630868,84598752.000
2008-12-10,6.20,6.40,6.03,6.18,9132567,177409360.000
2008-12-11,6.06,6.09,5.77,5.78,5360962,98318496.000
2008-12-12,5.65,6.07,5.37,5.44,4377925,77111056.000
2008-12-15,5.47,5.65,5.33,5.52,4059476,69532936.000
2008-12-16,5.54,5.77,5.42,5.71,2935443,51385932.000
2008-12-17,5.73,5.88,5.61,5.78,3035681,54761536.000
2008-12-18,5.80,5.80,5.53,5.71,2463307,43552652.000
2008-12-19,5.75,5.90,5.68,5.72,2991838,54211568.000
2008-12-22,5.65,5.72,5.56,5.68,2010660,35336976.000
2008-12-23,5.69,5.81,5.44,5.49,1904828,33508532.000
2008-12-24,5.43,5.58,5.28,5.56,2249259,38050576.000
2008-12-25,5.51,5.60,5.44,5.53,817900,14084776.000
2008-12-26,5.50,5.59,5.44,5.53,822987,14243036.000
2008-12-29,5.56,5.93,5.46,5.84,3206455,58065708.000
2008-12-30,5.84,6.00,5.78,5.85,2289611,42056368.000
2008-12-31,6.04,6.36,6.00,6.16,5131408,98855568.000
2009-01-05,6.21,6.44,6.17,6.42,4652979,91537680.000
2009-01-06,6.43,6.43,6.23,6.40,2725506,53755440.000
2009-01-07,6.37,6.59,6.30,6.53,3414342,68472080.000
2009-01-08,6.43,6.58,6.20,6.34,2469596,49303824.000
2009-01-09,6.32,6.52,6.32,6.46,2554376,50957264.000
2009-01-12,6.47,6.83,6.37,6.41,4587071,94618648.000
2009-01-13,6.35,6.60,6.20,6.24,4186655,83009272.000
2009-01-14,6.20,6.60,6.20,6.52,3962035,79864528.000
2009-01-15,6.77,7.20,6.61,7.20,17393778,373683872.000
2009-01-16,7.51,7.94,7.51,7.80,14132996,337456512.000
2009-01-19,7.72,7.87,7.30,7.40,9740168,228263376.000
2009-01-20,7.39,7.85,7.37,7.65,7314532,172608656.000
2009-01-21,7.50,8.43,7.50,8.43,12810356,320864192.000
2009-01-22,8.69,8.96,8.47,8.55,13094949,349339776.000
2009-01-23,8.44,9.42,8.37,9.19,11154634,307881920.000
2009-02-02,9.33,9.49,9.11,9.28,6149671,175733424.000
2009-02-03,9.27,9.45,9.12,9.39,7385708,210794112.000
2009-02-04,9.37,9.67,9.17,9.51,7544113,217691872.000
2009-02-05,9.44,9.53,9.17,9.32,7008850,200942784.000
2009-02-06,9.30,10.28,9.27,10.28,9307941,287459264.000
2009-02-09,10.75,11.33,10.57,11.33,11250556,381938176.000
2009-02-10,11.33,12.02,10.90,11.70,8460198,296149920.000
2009-02-12,11.70,12.90,11.37,12.90,10728601,410670848.000
2009-02-13,12.90,13.36,12.60,12.88,8826976,348379936.000
2009-02-16,12.63,13.09,12.22,12.48,7923440,302260544.000
2009-02-17,12.34,12.34,11.21,11.33,14671448,520484000.000
2009-02-18,11.93,12.28,11.17,11.32,14456425,518566144.000
2009-02-19,11.19,11.66,10.73,11.24,11896599,401919840.000
2009-02-20,11.13,12.39,10.99,12.39,13033900,469094624.000
2009-02-23,12.49,12.80,11.70,12.04,19187124,706557632.000
2009-02-24,12.05,13.27,11.89,13.27,37329157,737842816.000
2009-02-25,12.63,13.00,11.92,12.06,52840441,994127104.000
2009-02-26,11.63,11.75,10.83,10.83,31662962,547157952.000
2009-02-27,10.30,11.53,9.85,11.08,42014520,688779008.000
2009-03-02,10.76,11.03,10.25,10.85,23584667,385601440.000
2009-03-03,10.44,11.23,10.37,10.70,21948346,365358272.000
2009-03-04,10.70,11.27,10.47,11.07,35430072,597719040.000
2009-03-05,11.17,12.21,11.03,12.03,50570138,912189440.000
2009-03-06,11.77,12.07,11.42,11.59,28789710,513083264.000
2009-03-09,11.60,11.63,10.43,10.44,30170868,504835360.000
2009-03-10,10.30,10.73,10.07,10.63,16362814,262373952.000
2009-03-11,10.71,10.94,10.43,10.53,13803027,225469568.000
2009-03-12,10.30,10.83,10.23,10.70,14148882,230775008.000
2009-03-13,10.73,10.75,10.30,10.40,12774960,205831952.000
2009-03-16,10.30,10.46,10.03,10.34,11068130,173861344.000
2009-03-17,10.40,11.19,10.26,10.97,22622085,374911584.000
2009-03-18,10.97,11.84,10.87,11.53,32553074,568231936.000
2009-03-19,11.52,11.89,11.43,11.64,23071193,410376448.000
2009-03-20,11.65,11.91,11.19,11.65,25634354,452633696.000
2009-03-23,11.67,12.75,11.43,12.29,35296507,660396224.000
2009-03-24,12.40,12.77,12.18,12.51,29349388,560614464.000
2009-03-25,12.35,12.49,11.74,11.76,24148471,448969632.000
2009-03-26,11.59,12.06,11.31,11.99,22801930,408343584.000
2009-03-27,12.03,12.03,11.64,11.74,18367809,332082720.000
2009-03-30,11.63,12.21,11.53,11.87,14764073,269416896.000
2009-03-31,11.63,11.90,11.43,11.89,14130588,252606400.000
2009-04-01,11.94,12.33,11.93,12.07,17653428,326029824.000
2009-04-02,12.10,13.30,11.92,13.30,38224352,748383936.000
2009-04-03,13.77,14.65,13.77,14.65,51331620,1112781312.000
2009-04-07,15.03,15.03,13.97,14.27,44143140,976384128.000
2009-04-08,14.18,14.21,13.37,13.37,32384152,679890560.000
2009-04-09,13.23,13.91,13.23,13.87,27204299,567795776.000
2009-04-10,13.87,14.16,13.54,13.94,27922426,591456192.000
2009-04-13,13.94,15.17,13.77,14.47,35795047,788998528.000
2009-04-14,14.41,14.43,13.91,14.28,21620951,467900928.000
2009-04-15,14.19,14.66,13.94,14.30,22235154,483834944.000
2009-04-16,14.40,14.83,14.17,14.54,26540441,585246144.000
2009-04-17,14.43,14.54,13.57,13.71,21784170,463196896.000
2009-04-21,13.84,14.77,13.83,14.01,21082900,457567232.000
2009-04-22,13.96,14.15,12.64,12.93,19713211,404798208.000
2009-04-23,12.78,12.99,12.30,12.82,15510781,299436352.000
2009-04-24,12.82,12.93,12.40,12.41,10809746,207309296.000
2009-04-27,12.26,12.43,11.77,11.78,10115157,186767328.000
2009-04-28,11.77,12.47,11.70,12.28,11588559,216102288.000
2009-04-29,12.30,12.52,12.03,12.47,13467481,252102576.000
2009-04-30,12.48,12.53,12.32,12.44,10832857,205936224.000
2009-05-04,12.45,13.01,12.45,12.91,11440712,223104176.000
2009-05-05,12.90,13.50,12.84,13.29,16601550,335988192.000
2009-05-06,13.12,13.69,13.12,13.40,15916385,326323712.000
2009-05-07,13.61,13.61,13.07,13.17,12767820,259378896.000
2009-05-08,13.10,13.11,12.53,12.77,12958539,252728128.000
2009-05-11,12.77,12.83,12.17,12.19,10653808,202336080.000
2009-05-12,12.07,12.70,12.01,12.52,8234164,157033808.000
2009-05-13,12.53,12.67,12.43,12.54,8042497,154108672.000
2009-05-14,12.47,12.70,12.30,12.57,7706718,147300576.000
2009-05-15,12.63,12.70,12.43,12.47,4834392,92358368.000
2009-05-18,12.50,12.50,12.15,12.40,5825449,109286048.000
2009-05-19,12.60,12.60,12.37,12.51,6762881,128667912.000
2009-05-20,12.53,13.33,12.47,13.03,19778007,395327008.000
2009-05-21,13.10,13.18,12.43,12.52,11333555,219632832.000
2009-05-22,12.52,12.63,12.25,12.37,6187074,117190368.000
2009-05-26,12.39,12.86,12.39,12.51,8164711,157916080.000
2009-05-27,12.51,12.66,12.30,12.40,5516422,104683264.000
2009-06-01,12.44,12.71,12.35,12.57,7943083,152120016.000
2009-06-02,12.61,13.10,12.52,12.81,16653498,327282176.000
2009-06-03,12.75,12.81,12.56,12.66,9011170,174091616.000
2009-06-04,12.68,13.03,12.54,12.79,11628721,227240480.000
2009-06-05,12.82,13.12,12.63,13.09,17460984,343292512.000
2009-06-08,13.29,13.30,12.64,12.69,14095665,279221888.000
2009-06-09,12.64,12.70,12.31,12.53,10109701,192494480.000
2009-06-10,12.53,12.59,12.37,12.56,6045925,115256512.000
2009-06-11,12.59,12.59,12.37,12.41,6058940,115158424.000
2009-06-15,12.41,12.43,12.09,12.29,5596970,104471072.000
2009-06-16,12.33,13.49,12.33,13.29,29441776,586346432.000
2009-06-17,13.17,13.25,12.81,13.02,15334272,304341152.000
2009-06-18,13.00,13.16,12.79,12.93,10053227,198153920.000
2009-06-19,12.93,13.07,12.74,12.81,8963159,175785760.000
2009-06-22,12.89,13.03,12.73,12.85,7664188,150344656.000
2009-06-23,12.63,12.85,12.57,12.65,5515959,106852368.000
2009-06-24,12.53,12.73,12.53,12.65,5455190,105133768.000
2009-06-25,12.75,13.13,12.67,12.81,12645566,249594560.000
2009-06-26,12.83,12.97,12.59,12.63,7539928,145943856.000
2009-06-29,12.63,12.74,12.52,12.53,7990985,153582928.000
2009-06-30,12.54,12.73,12.48,12.55,6346024,121782528.000
2009-07-01,12.49,12.59,12.43,12.53,5977581,114171488.000
2009-07-02,12.59,12.87,12.57,12.70,10866778,211028016.000
2009-07-03,12.70,12.70,12.43,12.53,9011150,172388304.000
2009-07-06,12.57,13.22,12.43,12.95,17512130,342986304.000
2009-07-07,12.93,12.93,12.49,12.65,9782683,189465168.000
2009-07-08,12.70,13.50,12.57,13.21,26089199,522284192.000
2009-07-09,13.23,14.55,13.04,14.55,42724652,925306944.000
2009-07-10,15.10,15.52,14.59,14.62,47109335,1078630272.000
2009-07-13,14.87,15.43,14.63,15.03,23160308,533718464.000
2009-07-14,15.02,15.26,14.65,15.18,19752701,450294240.000
2009-07-15,15.20,16.69,14.97,16.30,31983236,769643136.000
2009-07-16,16.09,16.95,15.75,15.91,30335010,749810880.000
2009-07-17,15.80,16.07,15.50,15.67,17712361,424720992.000
2009-07-20,15.50,16.15,15.31,15.78,19424053,464924448.000
2009-07-21,15.76,15.76,14.87,15.03,16825175,393999520.000
2009-07-22,14.89,15.43,14.89,15.21,15287834,352206144.000
2009-07-23,15.20,15.66,15.03,15.63,16532788,388176864.000
2009-07-24,15.77,15.77,14.84,15.11,16907703,394145664.000
2009-07-27,15.43,16.63,15.19,16.39,34441369,849838592.000
2009-07-28,16.40,16.82,16.01,16.50,25615849,643955072.000
2009-07-29,16.50,16.77,14.83,15.21,24164340,584568448.000
2009-07-30,15.46,16.43,14.90,16.33,22569716,536045024.000
2009-07-31,16.34,16.75,16.08,16.44,26549316,665153216.000
2009-08-03,16.47,16.66,16.09,16.44,20734715,517786400.000
2009-08-04,16.44,16.45,15.71,16.18,17968275,439844096.000
2009-08-05,16.17,16.57,15.87,16.44,19624731,486530208.000
2009-08-06,16.27,16.36,15.94,15.97,12835308,315320512.000
2009-08-07,15.97,16.16,14.90,15.06,15097574,355297824.000
2009-08-10,15.24,15.47,14.91,15.36,8635519,200113824.000
2009-08-11,15.43,15.47,15.11,15.33,5270102,122923952.000
2009-08-12,15.36,15.47,14.46,14.69,8245517,187942480.000
2009-08-13,14.74,14.89,14.31,14.53,7436662,164733616.000
2009-08-14,14.55,14.60,13.60,13.63,9388245,202054208.000
2009-08-17,13.33,13.33,12.65,12.78,9859560,194364384.000
2009-08-18,12.79,13.25,12.55,13.03,8000072,157259200.000
2009-08-19,13.03,13.06,11.84,12.01,8401105,161704528.000
2009-08-20,11.97,12.57,11.87,12.50,9567624,179291552.000
2009-08-21,12.43,12.69,12.27,12.68,9882666,189103824.000
2009-08-24,12.77,13.97,12.60,13.97,13803978,286576448.000
2009-08-25,14.73,15.37,14.42,14.62,37364583,846117312.000
2009-08-26,14.30,15.75,14.21,15.29,27658866,638339456.000
2009-08-27,15.23,15.23,14.57,14.84,18591034,422783808.000
2009-08-28,14.87,15.43,14.58,15.13,18248036,418616544.000
2009-08-31,14.90,14.95,14.17,14.46,13162824,291955872.000
2009-09-01,14.31,14.57,13.02,13.17,14301857,297027008.000
2009-09-02,13.30,13.69,12.80,13.41,9508824,191356736.000
2009-09-03,13.41,14.33,13.23,14.16,10542141,223378256.000
2009-09-04,14.18,15.21,13.88,14.77,15297966,340682080.000
2009-09-07,14.85,15.10,14.51,14.74,15096698,341980320.000
2009-09-08,14.33,16.24,14.33,16.24,24099247,582108032.000
2009-09-09,16.43,16.43,15.53,15.75,32129930,777092480.000
2009-09-11,15.10,16.23,15.10,15.75,18139521,434666304.000
2009-09-14,15.77,16.21,15.51,15.97,18033817,437949632.000
2009-09-15,15.97,16.21,15.63,15.89,14202042,345509216.000
2009-09-16,15.93,15.99,15.35,15.55,13126460,311462112.000
2009-09-17,15.59,16.43,15.50,16.01,17953169,437934272.000
2009-09-18,16.02,16.33,15.10,15.51,13936373,337694560.000
2009-09-21,15.63,15.83,15.03,15.55,11268993,264665280.000
2009-09-22,15.67,15.73,14.70,14.73,12742493,295720608.000
2009-09-23,14.73,15.03,13.57,13.85,12116756,261989488.000
2009-09-24,13.53,13.93,13.11,13.62,8332600,172524080.000
2009-09-25,13.65,14.15,13.64,13.89,9295311,198531632.000
2009-09-28,13.90,14.23,12.83,12.99,8319788,170895456.000
2009-09-29,13.00,13.67,12.11,13.52,10582893,207838848.000
2009-09-30,13.50,13.53,12.82,12.87,9604999,193019360.000
2009-10-09,12.98,13.41,12.77,13.33,8621702,173382000.000
2009-10-12,13.37,13.43,13.17,13.21,6601464,133773040.000
2009-10-13,13.35,13.89,13.18,13.82,10378782,213997088.000
2009-10-14,13.82,14.11,13.63,13.80,10771488,227847616.000
2009-10-15,13.81,13.97,13.71,13.75,8679607,182978816.000
2009-10-16,13.80,13.89,13.23,13.50,8263176,169476768.000
2009-10-19,13.42,13.68,13.27,13.67,10000282,206608144.000
2009-10-20,13.71,14.32,13.61,14.16,14574357,311809280.000
2009-10-21,14.23,14.23,13.84,14.03,10684669,228224112.000
2009-10-22,14.01,14.01,13.66,13.77,8941110,188099920.000
2009-10-23,13.87,14.07,13.77,13.93,8420578,178629584.000
2009-10-26,13.93,14.05,13.67,14.04,8737860,185289408.000
2009-10-27,13.97,14.00,13.29,13.31,8435206,175124640.000
2009-10-28,13.31,13.50,13.03,13.49,6982695,141854656.000
2009-10-29,13.17,13.33,12.90,13.09,6773996,135237376.000
2009-10-30,13.30,13.41,13.07,13.19,5791116,117130280.000
2009-11-02,13.03,13.41,12.82,13.39,8119361,163011488.000
2009-11-03,13.50,14.06,13.37,13.87,10461800,218311056.000
2009-11-04,13.97,13.97,13.62,13.85,9582563,201376416.000
2009-11-05,13.83,15.05,13.78,14.89,27238043,599134080.000
2009-11-06,14.89,14.90,14.35,14.46,19030774,422543936.000
2009-11-09,14.45,14.66,14.17,14.36,10732667,235289328.000
2009-11-10,14.39,14.71,14.25,14.48,11292846,249871136.000
2009-11-11,14.57,14.75,14.43,14.55,8253590,183737680.000
2009-11-12,14.60,14.63,14.20,14.42,10790549,236008016.000
2009-11-13,14.43,14.43,14.07,14.29,7196394,156160432.000
2009-11-16,14.41,14.83,14.41,14.69,13899247,309817952.000
2009-11-17,14.80,15.03,14.57,14.94,13898237,313844384.000
2009-11-18,14.98,15.03,14.63,14.71,9563702,215689664.000
2009-11-19,14.76,14.92,14.69,14.78,9662277,217291408.000
2009-11-20,14.83,15.30,14.74,15.03,16444027,378615936.000
2009-11-23,15.14,15.47,14.93,15.36,14524217,338031328.000
2009-11-24,15.38,15.95,14.43,14.45,20509154,477071584.000
2009-11-25,14.45,15.20,14.45,15.11,12375146,279480192.000
2009-11-26,15.37,15.37,14.37,14.43,12301138,278484608.000
2009-11-27,14.49,14.49,13.72,13.97,9514461,204111200.000
2009-11-30,14.08,14.53,13.97,14.47,7964536,173061520.000
2009-12-01,14.51,14.95,14.43,14.93,9085314,203924144.000
2009-12-02,14.99,15.20,14.83,15.09,11106991,253967776.000
2009-12-03,15.13,15.20,14.77,15.02,8251596,188221328.000
2009-12-04,14.97,15.08,14.17,14.64,9852180,220723072.000
2009-12-07,14.64,14.86,14.53,14.77,6981982,156401936.000
2009-12-08,14.77,14.81,14.41,14.62,5258096,117207144.000
2009-12-09,14.51,14.83,14.34,14.61,5987891,133507872.000
2009-12-10,14.83,15.43,14.83,14.99,11778234,270726560.000
2009-12-11,15.03,15.09,14.67,14.81,5995273,135871568.000
2009-12-14,14.82,14.82,14.42,14.72,5433972,120945552.000
2009-12-15,14.68,14.75,14.47,14.59,4166550,92735808.000
2009-12-16,14.52,14.66,14.37,14.45,5277637,116483448.000
2009-12-17,14.41,14.50,13.88,14.05,5047142,109153584.000
2009-12-18,14.07,14.83,14.07,14.22,9736755,214780704.000
2009-12-21,13.97,14.15,13.77,13.93,4805534,101986480.000
2009-12-23,13.77,13.77,13.43,13.76,4742143,98430696.000
2009-12-24,13.81,14.15,13.65,14.13,5024317,106736344.000
2009-12-25,14.19,14.50,13.92,14.32,4871592,105796136.000
2009-12-28,14.10,15.05,14.10,14.88,9564208,213980896.000
2009-12-29,14.95,15.15,14.72,14.99,9425315,214323264.000
2009-12-30,15.00,15.14,14.62,14.75,8209979,186204288.000
2009-12-31,14.77,15.75,14.77,15.35,19250647,449532864.000
2010-01-04,15.52,16.15,15.52,15.87,25474840,616002688.000
2010-01-06,16.10,16.29,15.64,15.71,21301199,517539136.000
2010-01-07,15.67,16.10,15.50,15.73,14844544,355408608.000
2010-01-08,15.72,16.83,15.51,16.35,22573355,552779584.000
2010-01-11,16.47,17.23,16.32,17.14,28819079,738491264.000
2010-01-12,17.15,17.39,16.95,17.23,18366770,479844448.000
2010-01-13,16.90,18.35,16.73,18.05,23110816,617121664.000
2010-01-14,18.03,18.23,17.65,18.05,16791399,458820896.000
2010-01-15,17.98,18.55,17.87,18.17,14380559,396771808.000
2010-01-18,18.36,18.69,17.97,18.16,15784410,439192512.000
2010-01-19,17.63,17.90,17.02,17.20,29776829,783180032.000
2010-01-20,17.08,17.37,16.27,16.51,21717216,553943232.000
2010-01-21,16.53,16.69,16.18,16.41,14810862,370348480.000
2010-01-22,16.29,16.29,15.09,15.71,18002784,428863712.000
2010-01-25,15.83,17.31,15.81,17.07,27963145,711706496.000
2010-01-26,16.90,17.35,16.51,16.89,14957813,385322016.000
2010-01-27,17.09,17.20,16.70,16.84,10019703,258326256.000
2010-01-28,16.79,16.79,15.13,15.29,30543615,714954944.000
2010-01-29,15.17,15.87,14.70,15.69,16993442,395268384.000
2010-02-01,15.09,15.74,14.82,14.95,14643392,341136672.000
2010-02-02,14.95,15.23,14.83,15.05,10604307,242728544.000
2010-02-03,15.09,15.09,14.09,14.61,13781318,304330048.000
2010-02-04,14.61,15.10,14.37,14.89,10761830,241902816.000
2010-02-05,14.63,14.63,14.23,14.41,7519240,165648176.000
2010-02-08,14.47,14.53,14.30,14.36,5483394,120348520.000
2010-02-09,14.36,14.67,14.17,14.64,6379343,140905344.000
2010-02-10,15.10,15.63,14.80,15.47,12126048,281134720.000
2010-02-11,15.49,15.49,15.13,15.19,8032898,186857936.000
2010-02-12,15.30,15.52,15.13,15.31,7108109,165504976.000
2010-02-23,15.43,16.09,15.34,15.93,13679562,327609312.000
2010-02-24,15.83,15.99,15.67,15.97,9223345,222536384.000
2010-02-25,15.97,16.11,15.83,15.97,11076620,268922048.000
2010-02-26,15.97,16.43,15.84,16.22,15308394,377071616.000
2010-03-01,16.25,16.34,16.01,16.21,11822901,290051392.000
2010-03-02,16.29,16.37,15.82,16.15,12529722,307622816.000
2010-03-03,16.09,16.23,15.97,16.08,10527459,257770160.000
2010-03-04,16.20,16.35,15.30,15.41,14376995,348851264.000
2010-03-05,15.47,15.53,14.97,15.24,9976379,231611440.000
2010-03-08,15.24,15.50,15.13,15.39,6967416,162392896.000
2010-03-09,15.45,15.47,15.23,15.34,4935202,115047336.000
2010-03-10,15.39,15.39,14.88,15.06,7374862,169320224.000
2010-03-11,15.15,15.33,15.07,15.31,9516346,221010560.000
2010-03-12,15.37,15.73,15.32,15.50,11774950,278296736.000
2010-03-16,15.40,15.41,14.91,15.19,7012392,161501248.000
2010-03-17,15.20,16.40,15.20,15.81,14926965,239134240.000
2010-03-18,15.61,15.78,15.35,15.66,13378529,209389776.000
2010-03-19,15.71,15.78,15.38,15.47,14042281,218814992.000
2010-03-22,15.50,15.55,15.30,15.45,9249697,143266480.000
2010-03-23,15.55,15.76,15.30,15.63,18447495,289511712.000
2010-03-24,15.70,16.37,15.52,15.98,49383552,800447552.000
2010-03-25,15.80,16.55,15.75,16.39,37204397,607363008.000
2010-03-26,16.35,16.35,15.98,16.25,18932317,307471136.000
2010-03-29,16.27,16.35,16.02,16.16,15660538,254273008.000
2010-03-30,16.19,16.20,15.92,16.06,15625111,251853744.000
2010-03-31,16.05,16.05,15.74,15.86,13387157,213323552.000
2010-04-02,16.15,16.36,16.09,16.20,21284916,346932288.000
2010-04-06,16.25,16.27,16.02,16.13,11973238,193658896.000
2010-04-07,16.11,16.11,15.92,15.98,12055586,193882336.000
2010-04-08,15.92,16.17,15.76,16.07,13696273,220607696.000
2010-04-09,16.07,16.13,15.87,16.01,14368242,231079184.000
2010-04-12,16.02,16.09,15.79,15.82,15801386,252123360.000
2010-04-13,15.80,16.08,15.40,15.77,13800601,219022176.000
2010-04-14,15.70,16.03,15.51,15.94,12522404,200161200.000
2010-04-15,15.95,15.99,15.55,15.66,10255770,162406608.000
2010-04-16,15.60,15.75,15.48,15.56,6640772,104125752.000
2010-04-19,15.47,15.47,14.74,14.77,12333210,187849472.000
2010-04-20,14.77,15.03,14.50,14.96,8045789,119752016.000
2010-04-21,15.00,15.36,14.88,15.32,11039302,167391040.000
2010-04-22,15.34,15.34,14.97,14.98,10278154,156464096.000
2010-04-23,14.89,14.89,14.41,14.51,15056229,220983200.000
2010-04-26,14.51,14.63,14.13,14.17,8743518,125826912.000
2010-04-27,14.20,14.20,13.11,13.50,10047774,137457408.000
2010-04-28,13.35,13.53,13.07,13.15,6743820,89690712.000
2010-04-29,13.18,13.48,13.00,13.01,6425023,85902160.000
2010-04-30,13.01,13.20,12.80,12.96,5510376,71976792.000
2010-05-04,12.80,12.86,12.59,12.69,4918333,62983712.000
2010-05-05,12.72,13.88,12.65,13.80,12401026,166593760.000
2010-05-06,13.65,14.06,13.24,13.25,11922633,164293488.000
2010-05-07,12.80,13.20,12.45,13.05,6713833,87515704.000
2010-05-10,13.07,13.49,12.91,13.46,7788050,104086704.000
2010-05-11,13.65,13.85,13.08,13.12,7557308,102409856.000
2010-05-12,13.00,13.15,12.53,12.74,5420060,70153368.000
2010-05-13,12.79,13.10,12.56,13.10,5794314,74855824.000
2010-05-14,12.90,13.18,12.83,12.99,4464331,58467028.000
2010-05-17,12.71,12.84,11.90,11.93,6307618,79015808.000
2010-05-18,11.90,12.08,11.01,11.81,7011349,81961408.000
2010-05-19,11.75,11.80,11.40,11.55,5210601,60894268.000
2010-05-20,11.39,11.81,11.27,11.32,5932271,69194328.000
2010-05-21,10.95,11.39,10.78,11.35,6629245,74466856.000
2010-05-24,11.41,12.50,11.41,12.50,12615180,152785296.000
2010-05-25,12.43,12.46,11.98,12.08,11306336,139271824.000
2010-05-26,12.39,13.30,12.19,13.13,27785177,366987424.000
2010-05-27,12.89,13.25,12.58,13.20,22009485,286452864.000
2010-05-28,13.26,13.36,12.88,13.10,13567105,179198464.000
2010-05-31,13.05,13.08,12.21,12.28,9330586,119606240.000
2010-06-01,12.16,12.75,12.00,12.70,9693017,121689888.000
2010-06-02,12.59,12.63,12.10,12.58,6176337,77308016.000
2010-06-03,12.74,12.80,12.42,12.48,7029519,89606752.000
2010-06-04,12.28,12.48,12.18,12.39,5068534,63065912.000
2010-06-07,12.07,12.32,11.98,12.17,4990217,61089340.000
2010-06-08,12.20,13.40,12.20,13.18,28052033,371599424.000
2010-06-09,12.96,13.34,12.85,13.31,18165962,239615200.000
2010-06-10,13.22,13.25,13.00,13.08,9647450,127596072.000
2010-06-11,13.17,13.75,13.16,13.29,19925904,270604544.000
2010-06-17,13.42,13.68,13.07,13.10,10230487,138122032.000
2010-06-18,13.13,13.21,12.39,12.56,9170998,118367840.000
2010-06-21,12.56,12.92,12.36,12.83,6205186,79325632.000
2010-06-22,12.83,13.40,12.71,13.17,8479473,112612576.000
2010-06-23,13.20,13.34,12.88,13.08,7036274,92876456.000
2010-06-24,13.11,13.14,12.88,13.01,4587612,59956108.000
2010-06-25,12.92,12.95,12.62,12.78,4586698,58938192.000
2010-06-28,12.78,13.14,12.70,12.88,5177791,67618392.000
2010-06-29,12.81,12.90,11.91,11.94,8239644,101870824.000
2010-06-30,11.78,11.80,11.35,11.44,4887690,56718132.000
2010-07-01,11.46,11.64,11.37,11.41,3204964,37141596.000
2010-07-02,11.43,11.50,10.80,11.30,4815641,53988320.000
2010-07-05,11.30,11.71,10.92,11.59,5674295,65606340.000
2010-07-06,11.59,11.90,11.52,11.82,5667962,67167920.000
2010-07-07,11.78,11.95,11.61,11.82,4233074,50179096.000
2010-07-08,11.90,11.99,11.63,11.66,3717149,44035076.000
2010-07-09,11.88,12.84,11.88,12.84,25696729,327187392.000
2010-07-12,12.90,13.04,12.65,12.98,20642155,267999664.000
2010-07-13,12.80,12.87,12.55,12.75,10339293,132224104.000
2010-07-14,12.90,13.38,12.82,13.02,15591608,205659872.000
2010-07-15,12.92,13.25,12.70,12.86,14268557,187103200.000
2010-07-16,12.80,13.28,12.70,13.22,14992893,196932432.000
2010-07-19,13.01,13.76,12.90,13.53,20717351,279971840.000
2010-07-20,13.48,14.05,13.39,13.99,23491216,323334272.000
2010-07-21,13.88,13.98,13.67,13.70,17367056,241014992.000
2010-07-22,13.77,14.10,13.51,13.77,17038319,236043200.000
2010-07-23,13.78,13.80,13.36,13.53,14912278,202909520.000
2010-07-26,13.53,13.86,13.53,13.67,12085531,166557120.000
2010-07-27,13.66,14.12,13.41,14.09,21009579,290315584.000
2010-07-28,14.07,14.32,13.82,14.19,26893755,382041792.000
2010-07-29,14.21,14.68,14.08,14.22,24229266,349968608.000
2010-07-30,14.27,14.27,13.90,13.98,15638994,221186544.000
2010-08-02,13.90,14.09,13.79,14.07,32655283,457072768.000
2010-08-03,14.07,14.10,13.61,13.63,18235167,255740704.000
2010-08-04,13.55,14.05,13.50,14.02,18207173,252353984.000
2010-08-05,14.02,14.20,13.85,14.03,21128134,299221056.000
2010-08-09,14.29,14.66,14.08,14.35,42285705,610003968.000
2010-08-10,14.37,14.42,13.64,13.67,21944636,310001216.000
2010-08-11,13.51,13.81,13.39,13.60,14046077,192185456.000
2010-08-12,13.35,13.64,13.28,13.34,10443861,141399920.000
2010-08-13,13.34,14.25,13.34,14.15,20915595,291059744.000
2010-08-16,14.14,14.60,14.00,14.38,33344390,479860096.000
2010-08-17,14.29,14.61,14.17,14.41,25661337,372354912.000
2010-08-18,14.35,15.03,14.26,14.82,45816759,680327488.000
2010-08-19,14.82,14.98,14.52,14.78,28937745,429292416.000
2010-08-20,14.64,14.68,14.20,14.25,20599136,298197376.000
2010-08-23,14.23,14.75,14.22,14.38,17123536,250577920.000
2010-08-24,14.49,14.70,14.28,14.63,16029812,234659584.000
2010-08-25,14.58,14.58,13.95,14.01,14888783,214008304.000
2010-08-26,14.08,14.16,13.72,14.04,12922144,181245552.000
2010-08-27,14.04,14.15,13.82,14.08,7759983,109345584.000
2010-08-30,14.17,14.45,14.06,14.39,13500472,194561424.000
2010-08-31,14.36,14.69,14.25,14.61,19062174,278576800.000
2010-09-01,14.60,14.70,14.00,14.23,16598030,240033232.000
2010-09-02,14.50,14.60,14.28,14.56,17104325,249574496.000
2010-09-03,14.53,15.45,14.53,15.17,45990844,699386944.000
2010-09-06,15.24,15.33,14.76,15.06,24157238,364723648.000
2010-09-07,15.03,15.08,14.72,15.03,15692309,235061936.000
2010-09-08,15.01,15.23,14.80,15.16,18717605,283571488.000
2010-09-09,15.23,15.52,14.78,14.90,26312468,401864800.000
2010-09-10,14.83,15.44,14.56,15.40,24338229,368716960.000
2010-09-13,15.39,16.00,15.22,15.62,39310074,621786112.000
2010-09-14,15.65,16.39,15.50,16.20,46506985,749272192.000
2010-09-15,16.19,16.19,15.60,15.74,28033563,447207872.000
2010-09-16,15.70,16.14,15.50,15.71,27522228,437450944.000
2010-09-20,15.72,15.85,14.80,14.92,19061592,292920256.000
2010-09-21,15.02,15.15,14.55,14.60,11171608,165732768.000
2010-09-27,14.63,15.03,14.63,15.01,9602386,144142784.000
2010-09-28,14.98,15.69,14.89,15.40,18881469,289850080.000
2010-09-29,15.41,15.42,15.00,15.02,11338769,173150576.000
2010-09-30,14.91,15.22,14.82,15.12,9285295,141169248.000
2010-10-08,15.33,15.64,15.14,15.44,17955923,279503808.000
2010-10-11,15.46,15.92,15.39,15.62,22783558,358290304.000
2010-10-12,15.62,15.85,15.43,15.71,18798190,296466816.000
2010-10-13,15.72,15.83,15.16,15.49,21532039,334081152.000
2010-10-14,15.50,15.60,14.74,14.76,24132479,366467424.000
2010-10-15,14.61,15.12,14.55,14.92,15874809,238062768.000
2010-10-18,15.00,15.02,13.95,14.18,21222799,304512256.000
2010-10-19,14.18,14.63,14.10,14.58,10212570,148779856.000
2010-10-20,14.30,14.89,14.17,14.72,15855234,233917024.000
2010-10-21,14.73,15.00,14.68,14.88,12358569,184454384.000
2010-10-22,14.90,15.02,14.71,14.82,10749019,159973920.000
2010-10-25,14.83,15.58,14.69,15.50,26239159,402035264.000
2010-10-26,15.55,15.68,15.25,15.52,23419793,364192320.000
2010-10-27,15.40,16.39,15.31,15.73,43978820,708355648.000
2010-10-28,15.65,16.10,15.31,16.06,29105566,457582048.000
2010-10-29,16.10,16.84,15.81,16.68,59637151,994296640.000
2010-11-01,16.88,17.80,16.88,17.08,55020076,956521088.000
2010-11-02,17.05,17.90,16.56,17.59,56481448,987872832.000
2010-11-03,17.50,17.95,16.40,16.61,41565292,720852096.000
2010-11-04,16.65,17.88,16.50,17.73,48889410,855929984.000
2010-11-05,17.95,18.82,17.70,18.20,61052696,1125919360.000
2010-11-08,18.37,18.44,17.60,17.88,34115061,612177472.000
2010-11-09,17.88,17.88,17.29,17.44,30996351,543761600.000
2010-11-10,17.44,17.70,17.21,17.61,25168713,441908544.000
2010-11-11,17.46,17.54,16.90,16.95,31805068,552606400.000
2010-11-15,15.55,16.19,15.55,16.15,27470280,439961280.000
2010-11-16,16.18,16.25,14.70,15.01,22629614,351568832.000
2010-11-17,14.88,15.25,14.41,14.52,15776407,236195376.000
2010-11-18,14.70,14.95,14.50,14.82,10767780,159533040.000
2010-11-19,14.98,15.17,14.68,15.15,12616288,189433808.000
2010-11-22,14.99,15.67,14.90,15.36,15717236,242321968.000
2010-11-23,15.30,15.30,14.50,14.99,13570363,202787680.000
2010-11-24,15.50,16.25,15.49,15.89,28817720,458466624.000
2010-11-25,15.63,16.58,15.61,16.32,32564291,527153120.000
2010-11-26,16.15,16.21,15.85,15.98,17502696,281878176.000
2010-11-29,16.00,16.20,15.63,15.77,13596752,217450592.000
2010-11-30,15.67,15.68,14.68,14.97,16127452,245593200.000
2010-12-01,15.00,15.27,14.79,15.13,8327557,126152528.000
2010-12-02,15.30,15.37,15.00,15.01,9736087,148526976.000
2010-12-03,15.04,15.14,14.71,14.85,7457404,111415680.000
2010-12-06,14.88,14.93,14.50,14.65,7285107,107543440.000
2010-12-07,14.67,15.10,14.38,15.02,8757504,130420480.000
2010-12-08,15.02,15.17,14.90,14.99,6902246,104449432.000
2010-12-09,14.86,14.86,14.50,14.53,7001995,103102536.000
2010-12-10,14.50,14.72,14.35,14.67,5991619,87795344.000
2010-12-13,14.70,15.10,14.70,15.09,10043219,151720240.000
2010-12-14,15.15,15.27,14.94,15.19,10993205,167392800.000
2010-12-15,15.20,15.30,14.98,15.04,9013610,136911952.000
2010-12-16,15.00,15.15,14.94,14.98,6477295,97972024.000
2010-12-17,15.14,15.14,14.88,15.00,7084389,106949912.000
2010-12-20,15.20,16.51,15.20,16.51,66007347,1072832512.000
2010-12-21,16.08,16.89,15.72,16.67,71325235,1172822656.000
2010-12-22,16.29,17.89,16.08,17.38,75377283,1289935616.000
2010-12-23,17.08,17.78,16.58,16.69,52660147,909106304.000
2010-12-24,16.45,16.58,15.62,15.91,30157973,488143136.000
2010-12-27,15.83,16.17,15.00,15.29,26382834,416062432.000
2010-12-28,15.10,15.75,14.85,15.40,23633924,365507168.000
2010-12-29,15.19,16.13,15.18,15.83,20449620,321129056.000
2010-12-30,15.68,16.00,15.45,15.52,16401140,258915728.000
2010-12-31,15.52,16.00,15.46,15.81,17715603,280836832.000
2011-01-04,15.86,16.26,15.55,16.15,26598840,426593760.000
2011-01-05,16.01,16.55,15.85,16.13,25294566,413717152.000
2011-01-06,16.20,16.48,15.94,16.19,18663366,304235424.000
2011-01-07,16.18,16.45,15.91,16.10,18289764,297447808.000
2011-01-10,16.09,16.09,15.11,15.25,18286254,287179232.000
2011-01-11,15.10,15.26,14.75,14.99,10874500,163950160.000
2011-01-12,14.90,15.18,14.80,15.11,7008025,105807152.000
2011-01-13,15.10,15.16,14.96,15.00,6298532,95403896.000
2011-01-14,14.96,14.98,14.35,14.35,11802130,172756400.000
2011-01-17,14.33,14.33,13.47,13.49,11609987,160679296.000
2011-01-18,13.47,13.57,13.10,13.56,6316308,85103712.000
2011-01-19,13.57,13.90,13.43,13.83,6940935,96101168.000
2011-01-20,13.85,14.10,13.36,13.38,9160865,127042952.000
2011-01-21,13.30,13.75,13.11,13.53,6433535,87396920.000
2011-01-24,13.58,13.69,13.21,13.25,5344350,72203568.000
2011-01-25,13.24,13.35,12.65,12.81,5649542,73141864.000
2011-01-26,12.73,13.08,12.73,13.02,3736708,48822772.000
2011-01-27,12.98,13.35,12.85,13.29,5035167,66998680.000
2011-01-28,13.32,13.90,13.24,13.65,7711298,105749168.000
2011-01-31,13.58,13.81,13.46,13.72,6461689,88673448.000
2011-02-01,13.73,13.87,13.64,13.77,4976052,68922064.000
2011-02-09,13.69,14.02,13.51,13.84,7241275,100124184.000
2011-02-10,13.75,14.03,13.62,14.02,8252088,115581584.000
2011-02-11,14.02,14.18,13.92,14.09,8632079,122295840.000
2011-02-14,14.08,14.32,14.00,14.26,11394281,162611792.000
2011-02-15,14.29,14.47,14.10,14.15,12536109,180558512.000
2011-02-16,14.16,14.34,13.93,14.32,11779783,167985344.000
2011-02-17,14.40,14.87,14.02,14.66,20923679,305376160.000
2011-02-18,14.51,14.60,14.20,14.25,11207798,161898992.000
2011-02-21,14.04,14.49,14.03,14.39,9991269,143779056.000
2011-02-22,14.37,14.43,13.85,13.86,12318696,174943648.000
2011-02-23,13.86,14.10,13.82,14.09,8373492,117974216.000
2011-02-24,14.05,14.65,13.96,14.63,14827382,214121008.000
2011-02-25,14.52,14.80,14.36,14.70,16014230,236088800.000
2011-02-28,14.86,15.07,14.62,14.91,16938448,253667264.000
2011-03-01,15.01,15.02,14.68,14.87,14775916,220908736.000
2011-03-02,14.77,14.77,14.35,14.58,11171440,163475792.000
2011-03-03,14.58,14.68,14.21,14.26,10024799,145457232.000
2011-03-04,14.25,15.00,14.23,14.83,16603596,246470080.000
2011-03-07,14.84,15.08,14.77,14.98,17472440,262602160.000
2011-03-08,14.87,14.93,14.66,14.85,14117570,210065792.000
2011-03-09,14.85,14.96,14.75,14.92,13785684,206512736.000
2011-03-10,14.90,14.90,14.55,14.59,11297623,166681136.000
2011-03-11,14.48,14.65,14.28,14.36,11950714,173867152.000
2011-03-14,14.20,14.39,14.15,14.35,8992602,129297864.000
2011-03-15,14.30,14.57,13.91,14.11,10067834,143319584.000
2011-03-16,14.08,14.27,14.05,14.22,9883584,140694400.000
2011-03-17,14.02,14.14,13.72,13.79,10059517,141145888.000
2011-03-18,13.88,14.02,13.85,13.94,5920519,83113440.000
2011-03-21,14.35,14.87,14.35,14.53,27302012,402457728.000
2011-03-22,14.30,14.45,14.06,14.19,9949099,142330912.000
2011-03-23,14.21,14.32,14.05,14.29,8967177,127835184.000
2011-03-24,14.28,14.43,14.16,14.34,9529267,137399760.000
2011-03-25,14.29,14.40,14.15,14.36,9949947,143074352.000
2011-03-28,14.36,14.40,14.11,14.20,9969183,142905472.000
2011-03-30,13.99,13.99,13.56,13.57,13117965,181002480.000
2011-03-31,13.58,13.77,13.33,13.39,6886102,93814032.000
2011-04-01,13.45,13.63,13.40,13.60,4263469,57986304.000
2011-04-06,13.48,13.60,13.35,13.54,5654338,76714760.000
2011-04-07,13.65,13.75,13.50,13.68,5461932,75075136.000
2011-04-08,13.69,13.75,13.56,13.72,6047177,83269840.000
2011-04-11,13.73,13.79,13.45,13.50,7157137,97957680.000
2011-04-12,13.47,13.66,13.41,13.57,5582650,76081976.000
2011-04-13,13.52,13.71,13.37,13.68,5709072,77893728.000
2011-04-14,13.69,13.69,13.50,13.54,5722605,78334576.000
2011-04-15,13.52,13.59,13.34,13.45,5781420,78313392.000
2011-04-18,13.40,13.79,13.29,13.69,10288236,140879808.000
2011-04-19,13.55,13.87,13.42,13.82,10894724,149888848.000
2011-04-20,13.81,13.99,13.72,13.82,12291335,171562144.000
2011-04-21,13.86,13.86,13.59,13.70,8161955,112515384.000
2011-04-22,13.56,13.70,13.44,13.48,6166740,83923616.000
2011-04-25,13.53,13.53,13.08,13.11,6903307,91795368.000
2011-04-26,13.08,13.19,12.90,12.95,4732215,61989152.000
2011-04-27,13.00,13.09,12.60,12.71,6761499,87245384.000
2011-04-28,12.75,12.86,11.91,12.04,7757734,96469016.000
2011-04-29,12.05,12.35,12.00,12.31,3447845,42439288.000
2011-05-03,12.31,12.46,12.10,12.44,3524193,43719224.000
2011-05-04,12.35,12.35,12.10,12.11,3973989,48859516.000
2011-05-05,12.08,12.20,12.05,12.15,2679838,32797328.000
2011-05-06,12.05,12.31,11.94,12.20,3441843,42053860.000
2011-05-09,12.21,12.38,12.15,12.28,2980975,36928052.000
2011-05-10,12.30,12.31,12.18,12.25,2783960,34289292.000
2011-05-11,12.25,12.40,12.18,12.38,3856434,47834888.000
2011-05-12,12.30,12.30,12.00,12.02,3883928,47636512.000
2011-05-13,12.03,12.25,11.95,12.23,3237770,39432876.000
2011-05-16,12.20,12.38,12.15,12.28,3741451,46399232.000
2011-05-17,12.27,12.30,11.98,12.21,3843339,47110160.000
2011-05-18,12.18,12.31,12.12,12.25,2572023,31737780.000
2011-05-19,12.27,12.35,12.20,12.21,2773338,34300336.000
2011-05-20,12.25,12.45,12.20,12.38,5136083,63949296.000
2011-05-23,12.35,12.35,11.79,11.80,5318487,64557800.000
2011-05-24,11.80,11.80,11.25,11.48,4719266,54480000.000
2011-05-25,11.48,11.72,11.33,11.59,4351362,50684152.000
2011-05-26,11.55,11.89,11.53,11.76,4901890,58090896.000
2011-05-27,11.70,11.76,11.42,11.69,2834933,33180084.000
2011-05-30,11.65,12.26,11.45,12.06,11200579,134585568.000
2011-05-31,11.93,12.40,11.81,12.24,9011104,110259936.000
2011-06-01,12.20,12.39,12.01,12.12,5991019,73268992.000
2011-06-02,11.95,11.95,11.49,11.60,5070413,59538368.000
2011-06-03,11.50,11.87,11.50,11.76,3935933,46504056.000
2011-06-07,11.70,11.80,11.61,11.71,2880779,33982608.000
2011-06-08,11.71,11.83,11.46,11.76,4184768,49157408.000
2011-06-09,11.68,11.93,11.58,11.61,4983063,59028984.000
2011-06-10,11.55,12.08,11.50,11.97,9451591,113151632.000
2011-06-13,12.02,12.72,11.93,12.33,17215314,215089712.000
2011-06-14,12.11,12.39,12.05,12.32,10130357,124932272.000
2011-06-15,12.26,12.47,12.07,12.10,6426165,79505160.000
2011-06-16,11.95,12.20,11.68,11.70,5281547,63704744.000
2011-06-17,11.71,11.98,11.60,11.79,4861875,57643848.000
2011-06-20,11.69,11.70,11.30,11.45,4527012,52273600.000
2011-06-21,11.48,11.58,11.36,11.55,2767300,32074696.000
2011-06-22,11.55,11.75,11.46,11.49,3163884,37003880.000
2011-06-23,11.47,11.66,11.30,11.64,3729979,43286564.000
2011-06-24,11.66,12.07,11.57,12.03,8867370,106736448.000
2011-06-27,11.95,12.58,11.95,12.45,15870633,197542528.000
2011-06-28,12.45,12.45,12.18,12.30,9297695,115156376.000
2011-06-29,12.30,12.43,12.21,12.22,6867933,85232496.000
2011-06-30,12.23,12.40,12.23,12.34,7703159,95728296.000
2011-07-01,12.34,12.51,12.20,12.34,8741259,108688784.000
2011-07-04,12.34,12.62,12.34,12.55,10265865,129495752.000
2011-07-05,12.64,12.84,12.47,12.58,12336858,157540976.000
2011-07-06,12.55,12.55,12.35,12.46,6555120,82150384.000
2011-07-07,12.45,12.58,12.28,12.29,8001813,100130728.000
2011-07-08,12.29,12.44,12.11,12.39,7168760,88789312.000
2011-07-11,12.33,12.60,12.25,12.55,7327650,92099680.000
2011-07-12,12.41,12.45,12.12,12.14,7385213,91331640.000
2011-07-13,12.14,12.43,12.14,12.33,4905607,60905832.000
2011-07-14,12.40,12.55,12.34,12.47,7309079,91858984.000
2011-07-15,12.50,12.65,12.41,12.63,10171702,128873552.000
2011-07-18,12.64,12.84,12.63,12.69,10562642,135569328.000
2011-07-19,12.61,12.66,12.40,12.47,6372446,80281784.000
2011-07-20,12.51,12.59,12.24,12.40,4715526,58943776.000
2011-07-21,12.40,13.19,12.33,12.90,29262741,380658624.000
2011-07-22,12.92,13.34,12.80,13.21,25965354,343920480.000
2011-07-25,13.21,13.50,12.81,13.08,23904036,317430336.000
2011-07-26,13.08,13.63,13.00,13.61,28166024,380997024.000
2011-07-27,13.60,13.76,13.30,13.59,24759684,337319104.000
2011-07-28,13.50,13.50,12.88,13.03,18629269,245971376.000
2011-07-29,13.05,13.14,12.60,12.84,14068650,181479216.000
2011-08-02,12.80,12.80,12.27,12.39,10388904,130016488.000
2011-08-03,12.28,12.50,12.12,12.38,6542777,81422360.000
2011-08-04,12.39,12.50,12.30,12.44,5898990,73653224.000
2011-08-05,11.90,12.04,11.70,11.82,10080011,121019120.000
2011-08-08,11.60,11.70,10.63,10.70,12256712,136189712.000
2011-08-09,10.30,10.58,9.70,10.46,11255372,115589152.000
2011-08-10,10.71,10.90,10.57,10.80,9594297,103890704.000
2011-08-11,10.45,10.80,10.17,10.76,7821352,83799096.000
2011-08-12,10.90,11.08,10.81,10.82,6600852,72792992.000
2011-08-15,10.82,10.97,10.71,10.95,6023370,66015456.000
2011-08-16,10.95,11.03,10.85,10.86,5067994,55866204.000
2011-08-18,10.79,10.92,10.40,10.43,5259835,56205512.000
2011-08-19,10.09,10.29,9.95,10.14,5314080,54220636.000
2011-08-22,10.14,10.33,10.10,10.21,3131601,32258402.000
2011-08-23,10.24,10.35,10.17,10.34,2695321,27989134.000
2011-08-24,10.38,10.64,10.37,10.42,4092942,43455316.000
2011-08-25,10.49,10.65,10.31,10.65,4626090,49175744.000
2011-08-26,10.55,10.72,10.55,10.71,3531738,38005408.000
2011-08-29,10.64,10.87,10.42,10.69,6593252,70602120.000
2011-08-30,10.80,10.89,10.58,10.62,6689102,72576600.000
2011-08-31,10.63,10.63,10.26,10.33,5293739,55417532.000
2011-09-01,10.30,10.48,10.18,10.25,3693440,38406604.000
2011-09-02,10.22,10.28,9.91,10.05,4284270,43398864.000
2011-09-05,9.98,9.98,9.80,9.81,2920053,29088368.000
2011-09-06,9.74,9.89,9.70,9.84,2040390,20227672.000
2011-09-07,9.85,10.03,9.84,10.02,2283662,22952468.000
2011-09-08,10.06,10.09,9.85,9.89,3128220,31429886.000
2011-09-09,9.85,9.99,9.77,9.83,2018173,20122440.000
2011-09-13,9.68,10.11,9.60,10.05,4841130,48654836.000
2011-09-14,10.07,10.11,9.70,10.00,3841381,38407696.000
2011-09-15,10.15,10.29,9.95,9.98,3914708,40036928.000
2011-09-16,10.05,10.13,9.91,9.98,2280855,23110268.000
2011-09-19,9.95,9.95,9.75,9.85,2316910,22947720.000
2011-09-20,9.86,10.10,9.71,10.00,2788201,28029928.000
2011-09-21,10.08,10.26,9.96,10.26,5963313,61216604.000
2011-09-22,10.17,10.22,9.60,9.78,4403539,44552328.000
2011-09-23,9.61,9.75,9.55,9.74,3724912,36356424.000
2011-09-26,9.70,9.79,9.56,9.58,2529582,24662298.000
2011-09-27,9.57,9.74,9.57,9.63,1861080,18118776.000
2011-09-28,9.71,9.77,9.42,9.47,2201135,21279660.000
2011-09-29,9.47,9.49,9.09,9.14,3545049,33007210.000
2011-10-10,9.14,9.24,8.79,8.81,2737733,24656820.000
2011-10-11,8.96,9.12,8.67,8.77,2400920,21529740.000
2011-10-12,8.72,9.00,8.61,8.99,3535040,31771636.000
2011-10-13,9.02,9.47,8.93,9.43,7495276,70108552.000
2011-10-14,9.50,9.50,9.18,9.47,5549676,52276488.000
2011-10-17,9.43,9.47,9.31,9.45,2551408,24200500.000
2011-10-18,9.39,9.42,9.17,9.39,2802416,26247678.000
2011-10-19,9.37,9.59,9.19,9.38,5752761,54504996.000
2011-10-20,9.27,9.30,8.97,9.24,4394874,40400992.000
2011-10-21,9.12,9.48,9.02,9.16,6784867,62751812.000
2011-10-24,9.07,9.36,8.60,9.03,8219160,74597568.000
2011-10-25,9.04,9.13,8.76,9.09,6151029,55789476.000
2011-10-26,9.00,9.20,8.95,9.08,4560429,41964504.000
2011-10-27,9.06,9.20,9.01,9.05,3304084,30393704.000
2011-10-28,9.13,9.60,9.08,9.54,10558890,100245024.000
2011-10-31,9.50,9.53,9.35,9.44,5739119,54673136.000
2011-11-01,9.34,9.47,9.31,9.36,4439265,42026652.000
2011-11-02,9.18,9.63,9.01,9.55,8899887,84190952.000
2011-11-03,9.56,9.75,9.47,9.48,9764495,95014656.000
2011-11-04,9.52,9.74,9.44,9.69,7235410,70123784.000
2011-11-07,9.60,9.69,9.54,9.59,4826589,46872704.000
2011-11-08,9.59,9.83,9.48,9.50,5874307,57339088.000
2011-11-09,9.45,9.69,9.45,9.63,4997710,48381188.000
2011-11-10,9.53,9.61,9.35,9.36,5749801,54945564.000
2011-11-11,9.40,9.44,9.20,9.35,5295172,49716424.000
2011-11-14,9.40,9.65,9.37,9.58,6466739,62295700.000
2011-11-15,9.55,9.69,9.50,9.65,7433836,72263944.000
2011-11-16,9.73,10.00,9.53,9.71,14615166,144051152.000
2011-11-17,9.68,9.97,9.58,9.93,14089314,139771936.000
2011-11-18,9.81,9.88,9.37,9.56,8656465,84218008.000
2011-11-21,9.44,9.51,9.14,9.28,4516868,42268760.000
2011-11-22,9.16,9.20,8.94,9.11,3278374,30113100.000
2011-11-23,9.12,9.20,9.01,9.05,1906681,17515744.000
2011-11-24,8.98,9.05,8.80,8.89,3175503,28616116.000
2011-11-25,8.89,8.96,8.76,8.81,2487160,22302892.000
2011-11-28,8.88,8.92,8.80,8.89,1980196,17740308.000
2011-11-29,8.95,9.10,8.90,9.09,3071008,27984724.000
2011-11-30,9.09,9.09,8.42,8.54,4114643,36392364.000
2011-12-01,8.87,8.92,8.64,8.68,4593346,40733960.000
2011-12-02,8.59,8.67,8.10,8.27,5203246,43803576.000
2011-12-05,8.14,8.24,8.08,8.15,2649078,21831208.000
2011-12-06,8.21,8.64,8.11,8.37,4233816,35591196.000
2011-12-07,8.30,8.44,8.19,8.25,3132189,26244872.000
2011-12-08,8.26,8.34,8.00,8.33,4933584,41060560.000
2011-12-09,8.25,8.41,8.18,8.40,2987350,25168772.000
2011-12-12,8.43,9.03,8.28,8.87,11964816,105714576.000
2011-12-13,8.70,8.88,8.25,8.27,8195557,70923328.000
2011-12-14,8.22,8.22,7.65,7.67,5049896,40226480.000
2011-12-15,7.60,7.64,7.10,7.13,4097589,30260464.000
2011-12-16,7.13,7.37,7.00,7.36,2562122,18683250.000
2011-12-19,7.30,8.11,7.13,8.11,14045481,112439856.000
2011-12-20,7.90,8.17,7.80,7.93,11665891,94378744.000
2011-12-21,7.96,8.00,7.58,7.59,6455798,50723528.000
2011-12-22,7.40,7.59,7.01,7.47,5990626,44276556.000
2011-12-23,7.47,7.74,7.35,7.66,6239524,48224048.000
2011-12-26,7.52,7.64,7.32,7.34,4015777,30555400.000
2011-12-27,7.20,7.38,7.06,7.25,4179049,30399662.000
2011-12-28,7.16,7.36,7.05,7.35,3294794,24037104.000
2011-12-29,7.29,7.48,7.23,7.43,3759884,28147144.000
2011-12-30,7.45,7.53,7.36,7.50,3743192,28304932.000
2012-01-04,7.49,7.63,7.28,7.39,3762628,28427882.000
2012-01-05,7.19,7.27,6.81,6.86,3937314,28165532.000
2012-01-06,6.80,6.86,6.50,6.79,3344230,22705792.000
2012-01-09,6.78,7.05,6.75,7.05,3594199,25299096.000
2012-01-10,7.10,7.45,7.02,7.41,5914130,43656760.000
2012-01-11,7.44,7.59,7.29,7.47,5722305,43175496.000
2012-01-12,7.45,7.93,7.36,7.81,8460053,65264752.000
2012-01-13,7.74,7.79,7.38,7.54,6296282,48213752.000
2012-01-16,7.33,7.44,6.80,6.83,3906249,28525260.000
2012-01-17,6.71,7.25,6.64,7.22,4626970,32940064.000
2012-01-18,7.24,7.95,7.12,7.59,12871172,99215488.000
2012-01-19,7.41,7.81,7.37,7.63,7668331,59040332.000
2012-01-20,7.60,7.76,7.51,7.69,5657111,43994272.000
2012-01-30,7.69,7.71,7.53,7.56,3707059,28595604.000
2012-01-31,7.58,7.96,7.35,7.85,8574998,67518336.000
2012-02-01,7.70,7.85,7.57,7.84,6408880,50211544.000
2012-02-02,7.74,8.19,7.74,8.10,11840550,96331216.000
2012-02-03,8.10,8.19,7.94,8.10,7487840,61103120.000
2012-02-06,8.05,8.15,7.92,8.02,5095571,41463176.000
2012-02-07,7.96,8.35,7.90,8.24,14487428,120058096.000
2012-02-08,8.18,8.55,8.06,8.42,11963478,100331416.000
2012-02-09,8.33,8.68,8.28,8.32,11529473,98093632.000
2012-02-10,8.30,8.44,8.25,8.32,7363203,62011436.000
2012-02-13,8.40,8.40,8.24,8.30,7543352,63379452.000
2012-02-14,8.28,8.29,8.11,8.18,6078990,50311680.000
2012-02-15,8.17,8.35,8.12,8.29,8878989,74104472.000
2012-02-16,8.29,8.50,8.25,8.36,10101424,85487384.000
2012-02-17,8.42,8.88,8.17,8.76,22883522,199386624.000
2012-02-20,8.81,9.46,8.70,9.15,27155771,249758416.000
2012-02-21,9.10,9.15,8.84,9.14,14044029,127758632.000
2012-02-22,9.12,9.28,9.03,9.22,13534713,124834576.000
2012-02-23,9.26,9.27,8.97,9.09,10759876,99372392.000
2012-02-24,9.08,9.30,8.96,9.19,12017598,110843144.000
2012-02-27,9.17,9.28,9.06,9.07,13307234,123441328.000
2012-02-28,9.03,9.68,8.98,9.41,22344127,212852272.000
2012-02-29,9.30,9.60,9.11,9.37,14250528,134931200.000
2012-03-01,9.32,9.69,9.27,9.51,14305839,137951392.000
2012-03-02,9.56,9.63,9.41,9.60,10296012,99070280.000
2012-03-05,9.85,10.54,9.84,10.04,26874236,275357792.000
2012-03-06,9.90,11.05,9.81,10.80,43434972,464167136.000
2012-03-07,10.61,11.15,10.43,10.45,31621274,344066336.000
2012-03-08,10.45,10.67,10.29,10.50,16598777,175525024.000
2012-03-09,10.49,10.63,10.40,10.54,13357653,141774000.000
2012-03-12,10.54,10.79,10.25,10.59,17381963,184256672.000
2012-03-13,10.50,10.64,10.41,10.52,9779317,103729008.000
2012-03-14,10.58,10.99,9.78,10.02,23739980,252920928.000
2012-03-15,9.95,10.20,9.46,9.64,13868071,137232848.000
2012-03-16,9.56,9.88,9.47,9.84,9138886,89742672.000
2012-03-19,9.89,10.08,9.70,10.01,8498215,84703104.000
2012-03-20,10.03,10.03,9.48,9.53,8531639,83964512.000
2012-03-21,9.57,9.71,9.40,9.55,7065112,68285824.000
2012-03-23,9.47,10.07,9.40,9.85,12287901,121265600.000
2012-03-26,9.83,9.90,9.51,9.65,5376684,52657156.000
2012-03-27,9.71,9.88,9.60,9.67,6420695,63133576.000
2012-03-28,9.60,9.60,8.88,8.94,9038756,84380440.000
2012-03-29,8.75,8.78,8.32,8.43,9043649,78418904.000
2012-03-30,8.40,8.87,8.34,8.64,11380259,99000792.000
2012-04-05,8.66,8.92,8.47,8.88,8085089,71870072.000
2012-04-06,8.80,8.99,8.80,8.90,8164926,73451056.000
2012-04-09,8.90,9.29,8.85,8.98,8343224,76722600.000
2012-04-10,8.91,9.06,8.55,9.05,7133102,63312796.000
2012-04-11,8.97,9.70,8.83,9.51,14334015,135299088.000
2012-04-12,9.59,9.68,9.37,9.63,13852054,133277776.000
2012-04-13,9.47,9.56,9.39,9.45,10167324,97280528.000
2012-04-16,9.29,9.38,9.20,9.27,5918507,55522484.000
2012-04-17,9.20,9.60,9.20,9.30,7188625,68406640.000
2012-04-18,9.36,9.62,9.33,9.48,8151060,78217632.000
2012-04-19,9.50,9.73,9.43,9.69,11566075,112358736.000
2012-04-20,9.62,9.75,9.48,9.72,10645548,103512336.000
2012-04-23,9.75,10.70,9.74,10.56,35945557,375447808.000
2012-04-24,10.25,10.40,9.70,10.03,22279228,226317920.000
2012-04-25,9.98,10.29,9.74,10.18,14042786,142125552.000
2012-04-26,10.06,10.59,9.97,10.41,18683654,194895824.000
2012-04-27,10.62,11.10,10.10,10.11,20079395,213798256.000
2012-05-02,10.25,10.30,9.81,10.07,13724392,138549184.000
2012-05-03,10.07,10.07,9.86,10.05,7641557,76831288.000
2012-05-04,10.04,10.14,9.95,10.06,7183734,72791256.000
2012-05-07,10.05,10.05,9.60,9.69,12777376,125229552.000
2012-05-08,9.69,9.97,9.69,9.82,9978817,99206640.000
2012-05-09,10.05,10.49,10.03,10.23,23445786,242980416.000
2012-05-11,9.90,10.00,9.78,9.80,11028407,109999032.000
2012-05-14,9.88,9.89,9.50,9.54,8393220,81578656.000
2012-05-15,9.46,9.46,9.23,9.40,6332916,59616552.000
2012-05-16,9.38,9.45,9.25,9.26,4801369,45310304.000
2012-05-17,9.30,9.35,9.16,9.30,4799293,44966888.000
2012-05-18,9.31,9.43,9.10,9.12,5082449,47763544.000
2012-05-21,8.95,9.11,8.91,8.99,4641919,42255844.000
2012-05-22,9.08,9.15,8.99,9.11,4820413,44257000.000
2012-05-23,9.12,9.24,9.00,9.14,4908650,45250116.000
2012-05-24,9.11,9.23,9.05,9.09,3919080,36196404.000
2012-05-25,9.10,9.15,8.66,8.72,7198325,64273836.000
2012-05-28,8.70,8.80,8.40,8.80,4135422,36057192.000
2012-05-29,8.80,9.00,8.74,8.95,4385385,39644000.000
2012-05-30,8.97,9.01,8.82,8.98,4226395,38062216.000
2012-05-31,8.93,8.98,8.83,8.89,2940866,26497794.000
2012-06-01,8.90,8.98,8.80,8.85,2806979,25259728.000
2012-06-04,8.63,8.84,8.38,8.44,4452116,38569068.000
2012-06-05,8.42,8.54,8.36,8.40,2563548,21895684.000
2012-06-06,8.41,8.59,8.35,8.44,2782983,23808586.000
2012-06-07,8.48,8.56,8.18,8.19,3562432,30151724.000
2012-06-08,8.20,8.53,8.02,8.28,5687547,47659360.000
2012-06-11,8.37,8.49,8.31,8.42,3407636,29032380.000
2012-06-12,8.40,8.40,8.23,8.26,2242543,18808784.000
2012-06-13,8.27,8.39,8.26,8.36,2123034,17890276.000
2012-06-14,8.35,8.95,8.30,8.77,8287653,72480216.000
2012-06-15,8.65,8.89,8.55,8.78,8007374,70920000.000
2012-06-18,8.84,8.88,8.61,8.66,3972677,34933428.000
2012-06-19,8.67,8.68,8.40,8.43,3746261,32304530.000
2012-06-20,8.44,8.55,8.30,8.44,3448983,29329674.000
2012-06-21,8.44,8.44,8.16,8.20,2452447,20553112.000
2012-06-25,8.20,8.39,7.98,7.99,2631072,21772312.000
2012-06-26,7.97,8.01,7.80,7.96,2209927,17700106.000
2012-06-27,7.98,8.05,7.90,7.92,1982167,16017882.000
2012-06-28,7.96,8.00,7.70,7.71,2260910,17893936.000
2012-06-29,7.69,7.83,7.38,7.73,4391887,33790460.000
2012-07-02,7.80,7.84,7.69,7.73,2898693,22747850.000
2012-07-03,7.73,7.95,7.66,7.82,3060438,24294312.000
2012-07-04,7.83,8.23,7.76,8.02,5099022,41476528.000
2012-07-05,7.95,8.02,7.70,7.71,2859136,22668240.000
2012-07-06,7.75,7.93,7.64,7.87,2469952,19463572.000
2012-07-09,7.83,8.09,7.82,7.84,4597181,36984036.000
2012-07-10,7.83,7.84,7.59,7.66,2575988,20018170.000
2012-07-11,7.63,7.75,7.60,7.68,1909716,14868779.000
2012-07-12,7.70,7.86,7.63,7.84,3095829,24287416.000
2012-07-13,7.80,7.96,7.75,7.91,3451416,27566544.000
2012-07-16,7.88,8.40,7.82,7.97,8708537,71793120.000
2012-07-17,7.98,8.16,7.92,8.13,6047613,49395864.000
2012-07-18,8.11,8.55,7.96,8.35,11191474,93681296.000
2012-07-19,8.20,8.39,8.15,8.30,7106744,59503416.000
2012-07-20,8.23,8.37,8.12,8.14,4392344,36720936.000
2012-07-23,8.05,8.05,7.79,7.80,5012701,40148212.000
2012-07-24,7.72,7.89,7.67,7.80,2823633,22301896.000
2012-07-25,7.81,7.85,7.67,7.80,3330234,26167152.000
2012-07-26,7.79,7.86,7.58,7.59,3048210,23852428.000
2012-07-27,7.57,7.67,7.57,7.63,2035125,15684211.000
2012-07-30,7.63,7.73,7.43,7.45,2394875,18403676.000
2012-07-31,7.43,7.49,7.00,7.05,3693342,26651238.000
2012-08-01,7.01,7.24,7.00,7.11,1931881,13963373.000
2012-08-02,7.10,7.16,6.95,6.96,1957952,13941916.000
2012-08-03,7.01,7.12,6.97,7.12,2085159,14916415.000
2012-08-06,7.10,7.31,7.08,7.29,2772171,20254996.000
2012-08-07,7.26,7.51,7.21,7.44,4048843,30248404.000
2012-08-08,7.44,7.46,7.27,7.34,2995391,22311076.000
2012-08-09,7.34,7.43,7.27,7.41,2902587,21697212.000
2012-08-10,7.41,7.53,7.32,7.42,3389087,25464528.000
2012-08-13,7.45,7.45,7.12,7.12,3078699,22709866.000
2012-08-14,7.02,7.16,6.97,7.15,2648072,18991188.000
2012-08-15,7.16,7.33,7.15,7.18,3321213,24357542.000
2012-08-16,7.14,7.37,7.10,7.24,3414877,25183288.000
2012-08-17,7.23,7.24,7.00,7.09,3183713,22990660.000
2012-08-20,7.02,7.14,7.02,7.11,2088160,15025742.000
2012-08-21,7.11,7.28,7.11,7.20,2962194,21634846.000
2012-08-22,7.20,7.26,7.13,7.17,2184324,15915355.000
2012-08-23,7.21,7.22,7.08,7.19,2236527,16228783.000
2012-08-24,7.19,7.33,7.12,7.12,3249207,23801792.000
2012-08-27,7.02,7.04,6.82,6.84,2953282,20816044.000
2012-08-28,6.85,6.98,6.81,6.94,1957838,13692749.000
2012-08-29,7.04,7.04,6.90,6.94,1570845,11092941.000
2012-08-30,6.98,6.98,6.63,6.79,2270825,15672967.000
2012-08-31,6.69,6.79,6.68,6.75,1148108,7856548.000
2012-09-03,6.75,7.05,6.75,7.01,3329328,23597604.000
2012-09-04,6.99,7.00,6.90,6.91,1905789,13426836.000
2012-09-05,6.86,7.16,6.86,7.15,4882556,35071624.000
2012-09-06,7.10,7.14,7.02,7.13,2679103,19224846.000
2012-09-07,7.17,7.40,7.14,7.33,6626387,48971896.000
2012-09-10,7.37,7.52,7.28,7.46,7376027,55525540.000
2012-09-11,8.22,8.22,7.88,8.22,37059497,305895328.000
2012-09-12,8.00,9.05,7.88,9.05,42441767,364998432.000
2012-09-13,9.05,9.97,8.75,9.97,55120662,534397952.000
2012-09-14,10.35,10.87,9.90,10.11,73332913,761881344.000
2012-09-17,10.11,10.80,9.71,10.40,66424930,688044096.000
2012-09-18,10.02,10.39,9.60,10.00,42198786,425080416.000
2012-09-19,10.07,10.40,9.77,10.15,42706881,435083296.000
2012-09-20,10.11,10.80,9.81,9.83,50029929,520681536.000
2012-09-21,9.48,9.48,8.84,8.84,35052754,316940320.000
2012-09-24,8.65,9.04,8.58,8.73,33200595,295018976.000
2012-09-25,8.60,9.30,8.47,8.89,41803620,375366848.000
2012-09-26,8.66,8.74,8.10,8.24,34129561,289895616.000
2012-09-27,8.28,8.43,8.08,8.33,32008142,268792768.000
2012-09-28,8.24,8.56,8.21,8.45,26481398,225856960.000
2012-10-08,8.44,8.94,8.31,8.90,35166104,306831840.000
2012-10-09,8.76,9.08,8.64,8.92,35001821,313506368.000
2012-10-10,8.80,9.41,8.75,9.08,34591560,319089248.000
2012-10-11,8.96,8.97,8.46,8.48,30089201,263299712.000
2012-10-12,8.50,8.59,8.11,8.28,17425746,146626224.000
2012-10-15,8.28,8.47,8.13,8.35,12106752,101813648.000
2012-10-16,8.35,8.78,8.21,8.69,25941398,225314912.000
2012-10-17,8.59,8.63,8.28,8.43,17537529,149939376.000
2012-10-18,8.39,8.54,8.32,8.47,13580530,116002168.000
2012-10-19,8.55,8.85,8.48,8.49,19869544,173882048.000
2012-10-22,8.29,8.36,8.16,8.35,14212052,118951160.000
2012-10-23,8.31,8.45,8.23,8.25,10135370,85199232.000
2012-10-24,8.20,8.37,8.12,8.25,10093512,84098312.000
2012-10-25,8.24,8.57,8.15,8.43,23969866,204618944.000
2012-10-26,8.35,8.38,7.97,7.99,16647889,136708160.000
2012-10-29,8.03,8.04,7.59,7.63,11059893,86555616.000
2012-10-30,7.63,7.71,7.54,7.58,7537469,58175276.000
2012-10-31,7.61,7.79,7.61,7.70,7881478,61520576.000
2012-11-01,7.71,7.88,7.66,7.84,8688658,68527504.000
2012-11-02,7.83,7.88,7.72,7.82,6370536,50275000.000
2012-11-05,7.77,8.26,7.65,8.03,16822113,135825072.000
2012-11-06,7.91,7.98,7.70,7.84,9054107,71919632.000
2012-11-07,7.84,8.05,7.72,7.95,7808762,62565384.000
2012-11-08,7.70,7.84,7.55,7.56,7667194,59780712.000
2012-11-09,7.55,7.70,7.47,7.55,4899580,37591412.000
2012-11-12,7.60,7.87,7.60,7.69,6200467,48594488.000
2012-11-13,7.65,7.76,7.26,7.36,6157500,46916360.000
2012-11-14,7.34,7.46,7.11,7.29,5246754,38683372.000
2012-11-15,7.29,7.45,7.19,7.31,5301376,39326248.000
2012-11-16,7.25,7.32,7.00,7.11,5953263,42887372.000
2012-11-19,7.10,7.17,7.02,7.14,3828117,27589034.000
2012-11-20,7.16,7.28,7.12,7.15,4035351,29412332.000
2012-11-21,7.15,7.24,6.95,7.24,4952934,35749296.000
2012-11-22,7.16,7.20,7.04,7.08,3984234,28752128.000
2012-11-23,7.13,7.17,7.08,7.12,3106467,22452388.000
2012-11-26,7.23,7.35,7.10,7.11,5743809,42068076.000
2012-11-27,7.03,7.03,6.71,6.72,6052811,41909688.000
2012-11-28,6.68,6.70,6.45,6.50,4188120,27778176.000
2012-11-29,6.50,6.64,6.39,6.40,3789979,25098828.000
2012-11-30,6.41,6.57,6.41,6.56,4118131,27224540.000
2012-12-03,6.67,6.79,6.45,6.47,5728228,38670528.000
2012-12-04,6.37,7.10,6.22,6.92,12688569,87103680.000
2012-12-05,6.82,7.25,6.76,7.08,14969542,106355704.000
2012-12-06,7.08,7.30,6.97,6.99,11822989,85708592.000
2012-12-07,6.91,7.18,6.91,7.13,10216088,73155248.000
2012-12-10,7.08,7.29,7.07,7.27,12554805,91613232.000
2012-12-11,7.24,7.75,7.11,7.40,21593786,163396096.000
2012-12-12,7.31,7.59,7.17,7.34,12239667,91166400.000
2012-12-13,7.30,7.30,7.05,7.07,9554131,69318864.000
2012-12-14,7.16,7.49,7.14,7.36,13117171,97308696.000
2012-12-17,7.42,7.76,7.36,7.59,17393942,133719584.000
2012-12-18,7.52,7.68,7.36,7.45,13043484,99207640.000
2012-12-19,7.45,7.59,7.30,7.49,10546879,79843664.000
2012-12-20,7.42,7.45,7.23,7.42,9172794,68348784.000
2012-12-21,7.41,7.56,7.31,7.42,8623786,64961384.000
2012-12-24,7.43,7.63,7.36,7.52,10635622,80902120.000
2012-12-25,7.48,7.74,7.40,7.67,15058316,116168880.000
2012-12-26,7.66,8.20,7.55,8.14,21924559,173743072.000
2012-12-27,8.18,8.53,7.91,7.97,31438703,260923760.000
2012-12-28,7.95,8.46,7.91,8.16,24587594,204820000.000
2012-12-31,8.16,8.40,8.09,8.17,16118800,134141880.000
2013-01-04,8.25,8.28,7.92,7.93,15053386,121777888.000
2013-01-07,7.90,8.23,7.78,8.13,17331266,141876192.000
2013-01-08,8.08,8.95,8.01,8.95,40939929,365647488.000
2013-01-09,9.29,9.85,9.10,9.32,67888625,645634688.000
2013-01-10,9.05,9.80,8.98,9.64,53404810,514017408.000
2013-01-11,9.61,10.61,9.30,10.61,74427574,768514304.000
2013-01-14,10.90,11.68,10.73,11.68,70120422,805484416.000
2013-01-15,12.50,12.86,12.07,12.86,116464814,1476070528.000
2013-01-16,12.56,13.38,12.29,13.08,96170767,1237503360.000
2013-01-17,12.60,12.69,11.76,11.76,51176400,620159040.000
2013-01-18,11.30,12.00,11.12,11.44,58203637,675775808.000
2013-01-21,11.40,11.67,11.06,11.34,45628263,520519424.000
2013-01-22,11.34,11.47,10.87,11.09,42889444,483358976.000
2013-01-23,11.00,11.35,10.93,11.30,38528116,434933408.000
2013-01-24,11.22,12.37,11.12,11.82,76204358,897763712.000
2013-01-25,11.50,11.68,11.20,11.40,34744246,399118976.000
2013-01-28,11.35,11.74,11.34,11.42,36666027,426424896.000
2013-01-29,11.35,11.48,11.08,11.18,32562844,368877888.000
2013-01-30,11.14,12.10,11.06,11.88,68363356,806024000.000
2013-01-31,11.72,11.72,11.10,11.22,39994341,455451360.000
2013-02-01,11.10,11.38,11.06,11.19,18561857,209872592.000
2013-02-04,11.35,11.60,11.11,11.41,28823448,331236224.000
2013-02-05,11.30,11.33,10.90,11.05,24523076,273541248.000
2013-02-06,11.17,11.36,11.08,11.10,15174242,170968736.000
2013-02-07,11.05,11.31,10.90,11.15,21113735,237145536.000
2013-02-08,11.10,11.25,11.04,11.16,13593471,153119824.000
2013-02-18,11.30,11.70,11.11,11.47,31498541,362394304.000
2013-02-19,11.48,11.48,11.12,11.20,17676751,200771824.000
2013-02-20,11.21,11.30,11.10,11.28,11775664,133225160.000
2013-02-21,11.30,11.30,10.30,10.79,23784376,261000192.000
2013-02-22,10.71,11.17,10.71,10.84,17517313,193745168.000
2013-02-25,10.84,10.95,10.74,10.79,10849247,118511920.000
2013-02-26,10.68,11.08,10.41,10.81,23668717,256538944.000
2013-02-27,10.79,11.09,10.66,11.05,24980628,276233088.000
2013-02-28,11.06,11.16,10.83,11.09,19872129,221104896.000
2013-03-01,11.10,11.58,11.10,11.34,33337330,382879712.000
2013-03-04,11.34,12.48,11.10,12.14,75690079,918072448.000
2013-03-05,12.18,12.55,11.98,12.39,59562623,736391360.000
2013-03-06,12.55,12.60,11.98,12.12,38071297,468124320.000
2013-03-07,11.98,11.99,11.40,11.47,35539059,417487616.000
2013-03-08,11.51,12.05,11.51,11.68,32870179,392043712.000
2013-03-11,11.60,11.88,11.41,11.48,18267020,214039728.000
2013-03-12,11.40,11.50,10.80,10.94,22200773,248217552.000
2013-03-13,10.93,10.93,10.32,10.68,17933793,191439824.000
2013-03-14,10.54,10.78,10.51,10.53,10061667,107726880.000
2013-03-15,10.53,10.86,10.31,10.63,14835008,159438976.000
2013-03-18,10.22,10.68,10.21,10.38,10244315,108168008.000
2013-03-19,10.38,10.56,10.33,10.53,8228568,87035600.000
2013-03-20,10.53,10.85,10.53,10.84,15070869,163365104.000
2013-03-21,10.79,11.14,10.71,11.05,17954114,199080688.000
2013-03-22,11.10,11.24,10.86,10.96,13492153,150310144.000
2013-03-25,10.98,11.01,10.69,10.78,11744947,128127784.000
2013-03-26,10.64,10.75,10.40,10.45,10734312,113745432.000
2013-03-27,10.49,11.25,10.49,11.04,28380610,314519392.000
2013-03-28,10.85,10.85,10.43,10.52,15311555,163990912.000
2013-03-29,10.52,10.73,10.32,10.54,9859062,105033016.000
2013-04-01,10.55,10.97,10.37,10.66,12584559,136519040.000
2013-04-02,10.55,10.81,10.40,10.61,10509709,112046064.000
2013-04-03,10.64,11.68,10.40,11.68,64180010,745073088.000
2013-04-08,11.60,12.63,11.44,12.37,83822678,1020809344.000
2013-04-09,12.07,12.53,11.81,12.18,46876410,572887680.000
2013-04-10,12.22,13.20,12.15,12.82,78108616,998201984.000
2013-04-11,12.42,12.67,12.00,12.11,48372887,603350144.000
2013-04-12,11.90,12.49,11.72,11.99,38899212,474080640.000
2013-04-15,11.74,11.78,11.40,11.64,29713597,347203936.000
2013-04-16,11.45,11.83,11.45,11.70,24876149,292913600.000
2013-04-17,11.60,12.34,11.46,12.06,38716407,466155456.000
2013-04-18,11.90,12.13,11.81,11.97,24360969,293155040.000
2013-04-19,11.97,12.35,11.91,12.05,27275996,333008000.000
2013-04-22,12.00,12.57,11.98,12.41,39680893,492395968.000
2013-04-23,12.41,12.72,11.96,12.47,50511465,632151168.000
2013-04-24,12.22,12.47,12.04,12.27,31760257,393066176.000
2013-04-25,12.20,12.85,12.11,12.33,47478913,600599232.000
2013-04-26,12.20,12.30,11.09,11.24,43616305,510512672.000
2013-05-02,11.20,11.40,10.80,10.99,22542082,251995856.000
2013-05-03,10.99,11.45,10.99,11.21,19937930,225750320.000
2013-05-06,11.22,11.56,11.14,11.43,20565447,236014048.000
2013-05-07,11.42,11.59,11.22,11.47,20668598,237722080.000
2013-05-08,11.61,11.87,11.46,11.80,29803473,352117344.000
2013-05-09,11.75,12.25,11.58,12.00,36801648,444714912.000
2013-05-10,11.95,12.14,11.69,11.85,23727469,284114272.000
2013-05-13,11.95,13.05,11.95,13.05,50914511,656628864.000
2013-05-14,13.53,13.68,12.90,13.03,96714105,1294272000.000
2013-05-15,13.09,13.65,13.09,13.21,64157042,864044800.000
2013-05-16,12.96,13.37,12.65,13.05,50258609,658366592.000
2013-05-17,12.96,14.18,12.96,13.58,64121424,885808640.000
2013-05-20,13.80,14.40,13.61,14.31,61481871,872081920.000
2013-05-21,14.34,15.74,14.21,15.46,75997513,1150272256.000
2013-05-22,15.50,15.50,14.70,14.85,54871110,827821312.000
2013-05-23,14.78,15.98,14.60,15.21,68975774,1074085504.000
2013-05-24,15.10,15.38,14.75,15.24,40985922,621922048.000
2013-05-27,15.23,15.24,14.75,14.91,39166179,588204096.000
2013-05-28,14.81,14.82,14.06,14.40,39598294,574187456.000
2013-05-29,14.40,14.86,14.32,14.59,28853481,426318272.000
2013-05-30,14.59,14.85,14.40,14.55,20387338,300279136.000
2013-05-31,14.56,14.66,14.13,14.17,26166332,376780416.000
2013-06-03,14.20,15.38,14.20,15.21,57881174,872361280.000
2013-06-04,15.30,15.45,14.60,15.02,32971986,496288544.000
2013-06-05,14.84,15.08,14.50,14.79,18255693,267961456.000
2013-06-06,14.69,15.27,14.55,14.62,26680602,399248960.000
2013-06-07,14.57,14.65,13.52,13.70,32135709,448056160.000
2013-06-13,13.72,13.98,12.90,13.69,23264276,313637984.000
2013-06-14,13.68,14.17,13.35,13.99,24597237,340409952.000
2013-06-17,13.99,14.30,13.71,14.00,19552704,274256256.000
2013-06-18,13.95,14.35,13.90,14.03,15339927,216395680.000
2013-06-19,13.91,13.94,13.60,13.65,13552241,186018704.000
2013-06-20,13.59,13.87,12.91,13.00,18389802,246654592.000
2013-06-21,12.78,12.78,11.86,12.49,19745401,244817808.000
2013-06-24,12.49,12.64,11.24,11.39,21765729,260092544.000
2013-06-25,11.26,12.34,10.25,12.16,34102658,385909856.000
2013-06-26,12.16,12.50,11.81,12.39,28661412,350543552.000
2013-06-27,12.40,12.68,11.85,11.87,27568518,339035616.000
2013-06-28,11.57,12.14,11.46,11.84,18030843,213208880.000
2013-07-01,11.84,12.40,11.81,12.30,18473613,223970960.000
2013-07-02,12.29,12.92,12.14,12.81,30654696,386884544.000
2013-07-03,12.60,12.88,12.28,12.68,23282279,293665600.000
2013-07-04,12.50,13.16,12.40,12.81,29316288,378779456.000
2013-07-05,12.93,13.18,12.65,12.69,23515041,304626784.000
2013-07-08,12.32,12.36,11.66,11.69,19706544,237164160.000
2013-07-09,11.69,12.19,11.56,11.99,17469331,206877536.000
2013-07-10,11.90,12.28,11.85,12.26,16451783,199033056.000
2013-07-11,12.33,12.77,12.16,12.60,25985624,325218720.000
2013-07-12,12.57,12.95,12.31,12.33,22098271,279538752.000
数据来源:通达信
