600666 西南药业 日线
      日期	    开盘	    最高	    最低	    收盘	    成交量	    成交额
2007-01-11,2.51,2.66,2.48,2.50,5578852,28635980.000
2007-01-12,2.50,2.54,2.28,2.31,3782538,18312466.000
2007-01-15,2.30,2.41,2.30,2.41,2803083,13421064.000
2007-01-16,2.45,2.52,2.44,2.50,4057916,20233034.000
2007-01-17,2.51,2.53,2.36,2.44,4117379,20447640.000
2007-01-18,2.40,2.62,2.39,2.58,5560558,28110698.000
2007-01-19,2.60,2.67,2.53,2.65,6422277,33622396.000
2007-01-22,2.82,2.92,2.75,2.91,11015665,62319728.000
2007-01-23,2.91,2.91,2.76,2.84,5211592,29518324.000
2007-01-24,2.84,2.89,2.76,2.84,3612716,20396970.000
2007-01-25,2.82,2.82,2.62,2.64,4592675,24847412.000
2007-01-26,2.65,2.91,2.65,2.91,19333103,111572928.000
2007-01-29,3.00,3.02,2.85,2.99,12688485,74405872.000
2007-01-30,2.96,2.97,2.82,2.87,5079997,29382852.000
2007-01-31,2.84,2.85,2.64,2.66,5071136,27777856.000
2007-02-01,2.65,2.68,2.49,2.62,3798317,19747128.000
2007-02-02,2.59,2.67,2.54,2.55,3094107,16120999.000
2007-02-05,2.53,2.60,2.51,2.55,2643755,13513534.000
2007-02-06,2.57,2.67,2.56,2.66,2999086,15722536.000
2007-02-07,2.67,2.68,2.61,2.65,3089743,16420802.000
2007-02-08,2.65,2.74,2.64,2.71,3110980,16797152.000
2007-02-09,2.71,2.79,2.65,2.74,3570896,19488014.000
2007-02-12,2.75,2.80,2.69,2.77,2655723,14734844.000
2007-02-13,2.77,2.79,2.74,2.77,2977947,16515197.000
2007-02-14,2.79,3.00,2.78,2.91,5911422,34250392.000
2007-02-15,2.91,2.96,2.86,2.94,5332604,31185972.000
2007-02-16,2.95,3.18,2.95,3.01,7134206,43285884.000
2007-02-26,3.00,3.18,3.00,3.17,5126664,31980840.000
2007-02-27,3.23,3.23,2.85,2.85,6440352,38946128.000
2007-02-28,2.78,3.04,2.77,2.98,4640384,26893356.000
2007-03-01,2.99,3.00,2.82,2.87,5025091,29147252.000
2007-03-02,2.87,2.99,2.85,2.93,3721008,21907584.000
2007-03-05,2.95,3.01,2.80,2.90,3805661,22158546.000
2007-03-06,2.88,2.95,2.85,2.92,2476691,14436572.000
2007-03-07,2.94,3.07,2.94,3.05,5347116,32240758.000
2007-03-08,3.05,3.19,3.00,3.18,6347199,39501860.000
2007-03-09,3.20,3.51,3.20,3.51,14338757,96787952.000
2007-03-12,3.67,3.87,3.62,3.87,5427855,40688788.000
2007-03-13,4.27,4.27,3.76,4.09,19910961,159911824.000
2007-03-14,3.96,4.26,3.77,4.04,10890612,88672528.000
2007-03-15,3.97,4.16,3.92,4.08,6338732,51092744.000
2007-03-16,4.05,4.07,3.74,3.81,8472999,65500012.000
2007-03-19,3.64,3.95,3.52,3.87,5162331,39009244.000
2007-03-20,3.86,3.96,3.78,3.91,3359119,26049376.000
2007-03-21,3.91,4.17,3.91,4.08,7050241,57207472.000
2007-03-22,4.09,4.14,3.98,4.00,5576482,44818688.000
2007-03-23,4.00,4.05,3.85,3.97,3935123,30818968.000
2007-03-26,3.97,4.06,3.93,4.05,5679626,45307960.000
2007-03-27,4.09,4.23,4.09,4.23,8013439,66548964.000
2007-03-28,4.26,4.32,3.87,4.08,7707319,62677504.000
2007-03-29,4.04,4.04,3.81,3.82,5346850,41502280.000
2007-03-30,3.79,3.94,3.72,3.86,2029040,15550436.000
2007-04-02,3.84,3.92,3.72,3.91,3273606,25012494.000
2007-04-03,3.92,4.05,3.83,4.05,5001346,39615564.000
2007-04-04,4.08,4.08,3.95,3.97,3239962,25715010.000
2007-04-05,3.96,4.08,3.93,4.05,3788520,30316676.000
2007-04-09,4.10,4.25,4.05,4.21,8280251,68047632.000
2007-04-10,4.22,4.25,3.98,4.07,5953059,48412176.000
2007-04-11,4.07,4.12,3.98,4.09,5277326,42383332.000
2007-04-12,4.09,4.32,4.08,4.27,9936642,82990456.000
2007-04-13,4.30,4.41,4.19,4.24,9882354,84812064.000
2007-04-16,4.23,4.48,4.22,4.40,6663438,57859080.000
2007-04-17,4.44,4.47,4.18,4.42,9285640,80227264.000
2007-04-18,4.39,4.68,4.39,4.61,7999447,72324312.000
2007-04-19,4.60,4.60,4.15,4.21,6899916,59513504.000
2007-04-20,4.20,4.50,4.20,4.46,6127597,53425640.000
2007-04-23,4.59,4.72,4.57,4.68,7524309,69427040.000
2007-04-24,4.73,5.16,4.68,5.16,10416042,103611912.000
2007-04-25,5.16,5.16,4.79,5.00,9084542,89826904.000
2007-04-26,4.98,5.20,4.82,5.07,5242439,52906724.000
2007-04-27,5.09,5.15,4.87,4.94,4649975,45844976.000
2007-04-30,4.81,5.17,4.81,5.09,7626149,75466728.000
2007-05-08,5.34,5.59,5.15,5.38,6823709,72800440.000
2007-05-09,5.37,5.37,5.00,5.26,6846949,70638240.000
2007-05-10,5.25,5.59,5.18,5.35,5601941,60170332.000
2007-05-11,5.30,5.36,5.15,5.27,4810609,49854660.000
2007-05-14,5.21,5.40,5.05,5.28,5584101,58763476.000
2007-05-15,5.27,5.59,5.23,5.52,11106459,119019032.000
2007-05-16,5.49,5.97,5.42,5.88,11726446,134318720.000
2007-05-17,5.82,6.33,5.72,6.14,10258507,122591992.000
2007-05-18,6.08,6.31,5.97,6.26,9485852,115547536.000
2007-05-21,6.01,6.60,5.97,6.59,8381292,106017624.000
2007-05-22,6.71,6.83,6.37,6.41,11324434,146111760.000
2007-05-23,6.40,6.69,6.33,6.53,6770836,87494792.000
2007-05-24,6.53,6.85,6.02,6.74,10484734,133735272.000
2007-05-25,6.73,7.00,6.59,6.88,7613966,103096104.000
2007-05-28,6.93,7.06,6.85,6.88,5773469,78637912.000
2007-05-29,6.93,7.58,6.73,7.58,8320620,114694600.000
2007-05-30,6.84,8.34,6.83,7.85,26018444,407756608.000
2007-05-31,7.74,8.41,7.06,8.11,13515880,203733104.000
2007-06-01,7.92,8.37,7.29,7.29,7732364,117273464.000
2007-06-04,7.05,7.05,6.55,6.55,725400,9455967.000
2007-06-05,5.89,5.89,5.89,5.89,4236700,49272820.000
2007-06-06,6.44,6.48,5.89,6.15,7712171,94978184.000
2007-06-07,6.23,6.77,6.23,6.77,7657435,99734336.000
2007-06-08,6.87,7.37,6.83,7.20,8668110,120862120.000
2007-06-11,7.36,7.84,7.18,7.80,11238779,165871744.000
2007-06-12,7.72,8.59,7.54,8.57,15616521,249129184.000
2007-06-13,8.54,8.84,8.15,8.28,16062434,269408800.000
2007-06-14,8.32,8.82,7.98,8.47,15199012,252360736.000
2007-06-15,8.49,8.79,8.31,8.49,9377002,157721808.000
2007-06-18,8.72,8.74,8.38,8.48,7110922,119202176.000
2007-06-19,8.51,8.51,8.00,8.22,7791527,126024512.000
2007-06-20,8.08,8.34,7.82,8.09,6276711,100667320.000
2007-06-21,8.10,8.26,7.61,7.91,5757439,90034128.000
2007-06-22,7.92,7.92,7.11,7.15,7686536,111348752.000
2007-06-25,7.14,7.25,6.43,6.50,5571884,72367040.000
2007-06-26,6.27,7.16,5.90,7.16,5827009,74150416.000
2007-06-27,7.05,7.56,6.97,7.35,6144720,88226704.000
2007-06-28,7.10,7.38,6.60,6.60,4204059,56636372.000
2007-06-29,6.18,6.49,6.02,6.08,4044653,49642556.000
2007-07-02,6.08,6.28,5.47,5.82,4387264,50355952.000
2007-07-03,5.86,6.08,5.65,6.04,3693092,42986836.000
2007-07-04,6.08,6.08,5.65,5.68,2477533,28506528.000
2007-07-05,5.53,5.53,5.11,5.11,4347661,44974020.000
2007-07-06,4.89,5.46,4.74,5.42,4864959,49595320.000
2007-07-09,5.44,5.67,5.30,5.56,3987411,43436608.000
2007-07-10,5.56,5.56,5.15,5.16,3441992,36079884.000
2007-07-11,5.05,5.35,5.05,5.23,1255459,12953456.000
2007-07-12,5.26,5.38,5.15,5.30,1555215,16292348.000
2007-07-13,5.29,5.29,5.13,5.17,1210670,12421732.000
2007-07-16,5.17,5.25,4.85,4.91,1730880,17172720.000
2007-07-17,4.91,5.15,4.80,5.05,1699630,16866120.000
2007-07-18,5.05,5.18,4.95,5.03,1861529,18726692.000
2007-07-19,5.00,5.13,5.00,5.09,1233808,12364848.000
2007-07-20,5.09,5.46,5.09,5.37,3992079,41894552.000
2007-07-23,5.40,5.91,5.39,5.87,4679449,52777648.000
2007-07-24,5.88,6.23,5.82,5.85,4712536,56092796.000
2007-07-25,5.87,5.97,5.70,5.97,3591224,41742780.000
2007-07-26,6.04,6.14,5.92,6.08,3506370,41934384.000
2007-07-27,6.09,6.54,5.88,6.46,4831865,60084480.000
2007-07-30,6.44,6.90,6.44,6.59,5281807,68932312.000
2007-07-31,6.59,6.69,6.49,6.64,2949022,38180728.000
2007-08-01,6.70,6.78,6.13,6.14,4689676,58968148.000
2007-08-03,6.44,6.57,6.29,6.44,5199114,65647236.000
2007-08-06,6.50,6.59,6.27,6.33,3618226,45595212.000
2007-08-07,6.36,6.44,6.13,6.14,3809847,46902084.000
2007-08-08,6.08,6.22,5.86,6.07,2920328,34749608.000
2007-08-09,6.10,6.22,6.04,6.18,2953012,35762848.000
2007-08-10,6.22,6.24,5.77,5.93,2373405,27932424.000
2007-08-13,5.95,6.02,5.66,5.82,2757008,31214806.000
2007-08-14,5.79,6.05,5.77,6.01,2332213,27487048.000
2007-08-15,6.04,6.38,5.77,6.25,5478028,66100224.000
2007-08-16,6.27,6.38,5.97,6.27,3380805,41372020.000
2007-08-17,6.23,6.39,6.14,6.15,2791652,34498412.000
2007-08-20,6.30,6.58,6.18,6.54,6753166,85375688.000
2007-08-21,6.53,6.84,6.44,6.59,7318623,95953768.000
2007-08-22,6.54,6.74,6.44,6.58,5273460,68762904.000
2007-08-23,6.60,6.68,6.48,6.51,3881772,50260552.000
2007-08-24,6.55,7.10,6.55,6.89,10710463,145097408.000
2007-08-27,6.99,7.59,6.98,7.59,9512311,139399264.000
2007-08-28,7.81,8.04,7.48,7.54,9165838,139897888.000
2007-08-29,7.39,8.27,7.20,8.21,11941234,185815168.000
2007-08-30,8.18,8.44,7.97,8.20,7741862,124809280.000
2007-08-31,8.13,8.28,7.88,7.97,5750937,90707128.000
2007-09-03,8.05,8.28,7.69,8.27,7032663,109424280.000
2007-09-04,8.33,8.69,8.18,8.41,9338204,155288256.000
2007-09-05,8.44,8.46,7.96,8.23,5049242,80293712.000
2007-09-06,8.17,8.28,7.90,8.07,3160616,50291348.000
2007-09-07,7.97,8.07,7.49,7.51,5747850,86919112.000
2007-09-10,7.40,7.74,7.00,7.63,4367046,62851684.000
2007-09-11,7.56,7.59,6.89,6.93,2768017,40054472.000
2007-09-12,6.85,7.26,6.68,6.99,2756589,37563624.000
2007-09-13,7.05,7.16,6.89,7.07,2065844,28649436.000
2007-09-14,7.09,7.44,7.08,7.31,2825382,40546100.000
2007-09-17,7.21,7.76,7.20,7.52,3625586,54077912.000
2007-09-18,7.61,7.69,7.25,7.42,2880490,41756764.000
2007-09-19,7.44,7.50,7.09,7.11,2199334,31186672.000
2007-09-20,7.08,7.27,6.97,7.20,2765848,38871016.000
2007-09-21,7.20,7.62,7.15,7.62,4613693,67383904.000
2007-09-24,7.82,8.13,7.64,7.71,7795050,120951896.000
2007-09-25,7.73,7.92,7.39,7.42,3532590,53068384.000
2007-09-26,7.45,7.51,7.18,7.20,2198888,31518464.000
2007-09-27,7.21,7.29,7.05,7.20,1411557,19908572.000
2007-09-28,7.31,7.46,7.20,7.41,2049504,29690394.000
2007-10-08,7.47,7.47,7.08,7.21,3193088,45333112.000
2007-10-09,7.19,7.56,6.99,7.51,3479185,49858928.000
2007-10-10,7.81,7.81,7.28,7.51,5546243,82341632.000
2007-10-11,7.53,7.53,7.09,7.39,3144421,45126928.000
2007-10-12,7.51,7.51,6.69,7.26,3681115,51608772.000
2007-10-15,7.31,7.38,6.86,6.99,4917794,67998096.000
2007-10-16,6.97,7.12,6.89,7.06,2263579,31182060.000
2007-10-17,7.11,7.11,6.88,6.90,1644270,22511260.000
2007-10-18,6.89,7.08,6.86,7.06,2065930,28428520.000
2007-10-19,7.18,7.23,6.94,6.98,2198913,30651794.000
2007-10-22,6.79,6.88,6.38,6.44,1924880,25227156.000
2007-10-23,6.44,6.58,6.13,6.25,1596045,19908880.000
2007-10-24,6.33,6.33,6.02,6.08,1701468,20705580.000
2007-10-25,6.08,6.08,5.46,5.46,2231134,24706874.000
2007-10-26,5.31,5.46,5.05,5.45,1800713,18848504.000
2007-10-29,5.46,5.56,5.31,5.49,1129145,11991162.000
2007-10-30,5.50,5.86,5.36,5.82,1371045,15110782.000
2007-10-31,6.07,6.19,5.90,6.14,3746067,44542376.000
2007-11-01,6.13,6.13,5.82,5.82,1825884,21338332.000
2007-11-02,5.72,5.72,5.46,5.48,1345736,14788782.000
2007-11-05,5.48,5.82,5.30,5.56,1301038,14211746.000
2007-11-06,5.41,5.75,5.41,5.61,900172,9957387.000
2007-11-07,5.67,5.68,5.41,5.55,841580,9169568.000
2007-11-08,5.56,5.56,5.31,5.31,966769,10339421.000
2007-11-09,5.31,5.40,5.21,5.32,804458,8433136.000
2007-11-12,5.32,5.38,5.20,5.35,956610,9982560.000
2007-11-13,5.45,5.81,5.45,5.73,5089354,56818816.000
2007-11-14,5.70,5.81,5.69,5.80,2636219,29981752.000
2007-11-15,5.81,5.81,5.52,5.54,1781756,19851268.000
2007-11-16,5.51,5.61,5.36,5.58,1197446,12930948.000
2007-11-19,5.58,5.80,5.58,5.78,1690781,19132192.000
2007-11-20,5.72,5.95,5.71,5.82,1999765,23069228.000
2007-11-21,5.81,5.85,5.64,5.66,1270522,14394441.000
2007-11-22,5.61,5.61,5.36,5.37,1079198,11709222.000
2007-11-23,5.31,5.56,5.29,5.55,675909,7246690.000
2007-11-26,5.56,5.79,5.54,5.56,1407141,15781592.000
2007-11-27,5.57,5.77,5.51,5.77,1854509,20884932.000
2007-11-28,5.79,5.92,5.76,5.86,3550722,41058460.000
2007-11-29,5.85,6.02,5.76,6.01,3103115,36151772.000
2007-11-30,6.01,6.01,5.77,5.77,1564805,18097668.000
2007-12-03,5.77,5.92,5.67,5.86,905702,10410237.000
2007-12-04,5.87,5.92,5.74,5.81,990472,11367016.000
2007-12-05,5.75,5.89,5.72,5.85,1150693,13242396.000
2007-12-06,5.85,5.93,5.82,5.93,1379471,16046823.000
2007-12-07,5.86,6.07,5.86,6.06,1886811,22334936.000
2007-12-10,6.04,6.36,5.98,6.31,4815272,59619752.000
2007-12-11,6.31,6.41,6.18,6.32,2316930,28665604.000
2007-12-12,6.32,6.50,6.23,6.49,2602724,32824512.000
2007-12-13,6.48,6.54,6.08,6.14,2559579,32140464.000
2007-12-14,6.08,6.36,6.01,6.35,2078420,25321720.000
2007-12-17,6.44,6.96,6.39,6.81,6127552,81964168.000
2007-12-18,6.77,6.85,6.55,6.62,2277561,29969406.000
2007-12-19,6.79,6.82,6.66,6.74,1915541,25517702.000
2007-12-20,6.74,6.94,6.73,6.76,1904579,25627432.000
2007-12-21,6.76,6.88,6.63,6.79,2743610,36382080.000
2007-12-24,6.81,6.97,6.81,6.82,2507476,34118420.000
2007-12-25,6.88,7.02,6.85,7.01,2664664,36596608.000
2007-12-26,6.98,7.25,6.98,7.19,2871577,40513596.000
2007-12-27,7.26,7.49,7.14,7.14,3870279,55585496.000
2007-12-28,7.14,7.23,7.08,7.17,2377842,33465824.000
2008-01-02,7.22,7.89,7.22,7.75,5484164,82847544.000
2008-01-03,7.76,7.87,7.64,7.85,3963248,60840416.000
2008-01-04,7.85,7.85,7.59,7.69,2727934,41189204.000
2008-01-07,7.61,7.92,7.52,7.85,3670804,55888460.000
2008-01-08,7.87,7.95,7.35,7.41,4279933,64092436.000
2008-01-09,7.40,7.60,7.28,7.55,2439485,35994768.000
2008-01-10,7.56,7.73,7.44,7.47,2931216,43741928.000
2008-01-11,7.44,7.51,7.20,7.30,3209653,46096348.000
2008-01-14,7.20,7.45,7.20,7.42,2208039,32071924.000
2008-01-15,7.42,7.60,7.40,7.56,2247233,33263020.000
2008-01-16,7.54,7.81,7.36,7.68,3876030,58059988.000
2008-01-17,7.66,7.92,7.27,7.81,6612656,100483168.000
2008-01-18,7.87,7.87,7.36,7.57,3281169,49075200.000
2008-01-21,7.56,7.72,6.97,7.02,2840744,41137324.000
2008-01-22,6.79,6.79,6.31,6.31,2742985,34996272.000
2008-01-23,6.31,6.61,6.00,6.58,4079331,51351532.000
2008-01-24,6.76,7.04,6.72,6.72,4372276,59010216.000
2008-01-25,6.71,6.85,6.67,6.69,2306821,30644960.000
2008-01-28,6.62,6.64,6.01,6.01,2394963,29310130.000
2008-01-29,5.93,6.31,5.93,6.15,1261035,15279260.000
2008-01-30,6.17,6.78,6.17,6.78,5117435,65918780.000
2008-01-31,6.85,7.06,6.49,6.54,6500419,88009216.000
2008-02-01,6.38,6.40,5.90,6.12,2570209,31135344.000
2008-02-04,6.30,6.68,6.29,6.64,2222912,28560856.000
2008-02-05,6.53,6.71,6.45,6.55,1566672,20327420.000
2008-02-13,6.48,6.61,6.23,6.37,1239314,15708169.000
2008-02-14,6.55,6.92,6.41,6.89,2992280,39781392.000
2008-02-15,6.89,7.05,6.77,6.96,6175685,84878648.000
2008-02-18,7.01,7.25,7.01,7.05,3766267,52724504.000
2008-02-19,7.08,7.19,6.93,7.07,2588881,36205948.000
2008-02-20,7.10,7.25,7.07,7.20,3452785,48697812.000
2008-02-21,7.15,7.33,7.10,7.20,2953906,42074364.000
2008-02-22,7.25,7.25,6.75,6.88,2731335,37434548.000
2008-02-25,6.74,7.10,6.59,6.60,1664840,22155496.000
2008-02-26,6.79,6.90,6.41,6.65,1630453,21362174.000
2008-02-27,6.71,6.80,6.65,6.78,1265743,16887820.000
2008-02-29,6.79,7.05,6.72,7.01,1767001,24211952.000
2008-03-03,6.99,7.36,6.92,7.31,3345861,47810028.000
2008-03-04,7.31,7.36,7.11,7.16,3152614,44759740.000
2008-03-05,7.15,7.50,7.10,7.48,3796212,54556988.000
2008-03-06,7.53,7.71,7.33,7.34,4895659,72613480.000
2008-03-07,7.20,7.31,7.06,7.13,1840485,25967192.000
2008-03-10,7.09,7.13,6.85,6.90,1308602,18047788.000
2008-03-11,6.89,7.20,6.74,7.20,1382094,18954582.000
2008-03-12,7.30,7.38,6.86,6.89,1818826,25513936.000
2008-03-13,6.73,6.97,6.44,6.58,1681197,22200416.000
2008-03-14,6.57,6.81,6.52,6.65,898542,11769348.000
2008-03-17,6.65,6.76,5.98,6.00,1641445,20772216.000
2008-03-18,5.96,6.15,5.39,5.55,2181905,24486374.000
2008-03-19,5.83,5.95,5.56,5.85,1642721,18761492.000
2008-03-20,5.77,6.33,5.47,6.17,2104030,24472236.000
2008-03-21,6.18,6.31,6.01,6.14,1533710,18670912.000
2008-03-24,6.19,6.33,5.97,5.98,1426935,17369236.000
2008-03-25,5.82,6.12,5.77,6.07,1023984,12115226.000
2008-03-26,6.18,6.69,6.10,6.69,5123962,65354400.000
2008-03-27,6.66,6.77,6.23,6.27,6246918,81068112.000
2008-03-28,6.02,6.49,5.88,6.43,2435061,29875302.000
2008-03-31,6.08,6.54,6.02,6.49,2319104,29044144.000
2008-04-01,6.52,6.84,6.01,6.06,6038492,78110488.000
2008-04-02,5.97,6.18,5.45,5.48,3512983,39049712.000
2008-04-03,5.49,5.89,4.96,5.84,3034294,32847728.000
2008-04-07,5.86,6.14,5.85,6.12,5139656,61117864.000
2008-04-09,6.12,6.12,5.50,5.50,2992734,34753516.000
2008-04-10,5.34,5.67,5.26,5.61,1593209,17282900.000
2008-04-11,5.62,5.75,5.59,5.61,1274076,14258467.000
2008-04-14,5.26,5.50,5.05,5.07,1795843,18671204.000
2008-04-15,5.00,5.30,5.00,5.30,1290912,13120651.000
2008-04-16,5.30,5.35,5.11,5.17,865747,8987291.000
2008-04-17,5.17,5.27,4.90,5.05,835540,8423673.000
2008-04-18,5.05,5.05,4.59,4.71,1278450,12238687.000
2008-04-21,5.13,5.19,4.71,4.77,1495295,14613555.000
2008-04-22,4.79,4.79,4.39,4.68,1272060,11577176.000
2008-04-23,4.67,4.99,4.60,4.89,1763756,16741353.000
2008-04-24,5.39,5.39,5.16,5.39,3759782,39546388.000
2008-04-25,5.39,5.66,5.23,5.43,2812480,30429630.000
2008-04-28,5.34,5.42,5.23,5.34,1552757,16363276.000
2008-04-29,5.26,5.41,5.26,5.33,1895322,19980668.000
2008-04-30,5.36,5.54,5.31,5.51,2805274,30165836.000
2008-05-05,5.60,5.73,5.50,5.68,2918714,32249152.000
2008-05-06,5.65,5.75,5.52,5.57,2279923,25347376.000
2008-05-07,5.53,5.63,5.31,5.31,1904296,20582032.000
2008-05-08,5.20,5.54,5.19,5.52,1876539,19800430.000
2008-05-09,5.58,5.77,5.46,5.64,3234782,36053016.000
2008-05-12,5.54,6.07,5.47,5.95,4756712,55247804.000
2008-05-14,6.56,6.56,6.56,6.56,2516190,32559500.000
2008-05-15,6.91,7.22,6.72,7.22,27347760,378652768.000
2008-05-16,7.15,7.24,6.59,6.82,11423062,157085712.000
2008-05-19,6.82,7.52,6.78,7.52,12934326,189166656.000
2008-05-20,7.92,8.26,7.65,7.92,21876937,264162592.000
2008-05-22,8.72,8.72,7.50,7.64,22249420,271342656.000
2008-05-23,7.48,7.48,6.90,6.92,13960552,149501744.000
2008-05-26,6.62,7.16,6.52,6.70,8577436,88964304.000
2008-05-27,6.70,7.10,6.66,6.82,6842416,71167512.000
2008-05-28,6.86,6.98,6.72,6.90,7437746,77409944.000
2008-05-29,6.89,7.04,6.66,6.66,6782880,70570464.000
2008-05-30,6.70,6.85,6.30,6.42,6718447,66013188.000
2008-06-02,6.37,6.76,6.26,6.74,6229474,60861904.000
2008-06-03,6.62,6.66,6.40,6.48,4700521,46466760.000
2008-06-04,6.50,6.50,6.14,6.18,3800299,36012688.000
2008-06-05,6.16,6.34,6.02,6.20,3615609,34093784.000
2008-06-06,6.20,6.24,5.92,6.00,3233751,29718436.000
2008-06-10,5.74,5.74,5.40,5.40,2968597,24680196.000
2008-06-11,5.19,5.32,4.97,5.30,4428323,34659272.000
2008-06-12,5.21,5.42,5.12,5.31,4100056,32958988.000
2008-06-13,5.35,5.43,4.79,4.82,3128088,24087808.000
2008-06-16,4.78,4.91,4.46,4.60,3124443,22123690.000
2008-06-17,4.60,4.71,4.13,4.18,4078046,27064204.000
2008-06-18,4.11,4.58,3.86,4.49,6315356,40922380.000
2008-06-19,4.38,4.42,4.04,4.04,3612475,23304648.000
2008-06-20,3.92,4.27,3.68,3.95,5184226,31872496.000
2008-06-23,3.89,4.08,3.76,3.96,2841268,17168572.000
2008-06-24,3.92,4.26,3.88,4.21,4757611,30111302.000
2008-06-25,4.19,4.56,4.17,4.51,5950546,39927624.000
2008-06-26,4.52,4.62,4.35,4.53,5839631,40027948.000
2008-06-27,4.36,4.36,4.07,4.07,5121561,32643604.000
2008-06-30,4.06,4.14,3.92,4.05,2414085,14856385.000
2008-07-01,4.06,4.18,3.98,4.06,2461511,15338036.000
2008-07-02,4.10,4.26,4.06,4.16,2758022,17547288.000
2008-07-03,4.05,4.47,3.95,4.34,5498182,35824656.000
2008-07-04,4.26,4.44,4.26,4.38,3623615,24154652.000
2008-07-07,4.36,4.72,4.36,4.67,6020341,42130928.000
2008-07-08,4.66,4.72,4.53,4.70,5708176,40313592.000
2008-07-09,4.72,4.96,4.64,4.92,7806007,57067404.000
2008-07-10,4.82,5.08,4.70,4.70,6861716,51129476.000
2008-07-11,4.62,4.90,4.62,4.86,6759460,48948824.000
2008-07-14,4.83,5.10,4.80,5.06,6690932,50565748.000
2008-07-15,5.06,5.12,4.72,4.76,7031838,52670336.000
2008-07-16,4.76,4.81,4.30,4.54,5683268,39478228.000
2008-07-17,4.67,4.96,4.55,4.67,6911654,50001728.000
2008-07-18,4.72,4.82,4.39,4.78,5249551,36954348.000
2008-07-21,4.72,4.98,4.66,4.93,5738008,42514792.000
2008-07-22,4.93,5.06,4.86,4.96,5371566,40571148.000
2008-07-23,5.01,5.02,4.82,4.84,3798950,28459264.000
2008-07-24,4.89,4.97,4.82,4.96,3968953,29704152.000
2008-07-25,4.89,4.93,4.80,4.84,2730924,20278802.000
2008-07-28,4.89,5.00,4.86,4.99,3112776,23457744.000
2008-07-29,4.98,5.25,4.94,5.12,12172748,94974016.000
2008-07-30,5.18,5.22,4.92,4.96,6024563,46615136.000
2008-07-31,5.04,5.04,4.70,4.74,3785385,27811476.000
2008-08-01,4.72,4.99,4.62,4.91,2920617,21305212.000
2008-08-04,4.85,4.85,4.62,4.65,2441242,17638240.000
2008-08-05,4.67,4.68,4.18,4.32,3379773,23033612.000
2008-08-06,4.52,4.52,4.27,4.41,2149916,14488814.000
2008-08-07,4.38,4.49,4.27,4.41,1511018,10099567.000
2008-08-08,4.42,4.42,3.96,3.96,2228132,14106868.000
2008-08-11,3.99,4.06,3.59,3.64,2633159,15149542.000
2008-08-12,3.66,3.72,3.53,3.63,1550986,8579817.000
2008-08-13,3.61,3.65,3.36,3.60,2117702,11410672.000
2008-08-14,3.59,3.64,3.49,3.59,1531027,8392868.000
2008-08-15,3.58,3.66,3.50,3.58,1557424,8567530.000
2008-08-18,3.59,3.63,3.22,3.22,1631671,8476117.000
2008-08-19,3.14,3.30,3.13,3.28,1320221,6584852.000
2008-08-20,3.26,3.59,3.16,3.59,3405437,18055992.000
2008-08-21,3.53,3.79,3.45,3.48,3459199,18906710.000
2008-08-22,3.49,3.50,3.28,3.36,1831475,9458643.000
2008-08-25,3.37,3.45,3.26,3.35,1043116,5403998.000
2008-08-26,3.28,3.36,3.03,3.10,1790492,8755114.000
2008-08-27,3.04,3.16,3.02,3.11,1226869,5828166.000
2008-08-28,3.12,3.19,3.07,3.15,1298511,6289107.000
2008-08-29,3.18,3.34,3.16,3.31,1927003,9637729.000
2008-09-01,3.28,3.36,3.14,3.20,1674740,8302968.000
2008-09-02,3.19,3.28,3.12,3.25,1156850,5717529.000
2008-09-03,3.25,3.34,3.19,3.32,2184819,11015642.000
2008-09-04,3.29,3.39,3.28,3.35,1420389,7279271.000
2008-09-05,3.26,3.29,3.10,3.12,2130010,10464719.000
2008-09-08,3.16,3.17,2.90,2.92,1285601,5927901.000
2008-09-09,2.94,2.99,2.83,2.95,956831,4332800.000
2008-09-10,2.90,3.05,2.87,2.96,1003407,4606673.000
2008-09-11,3.00,3.15,2.97,2.98,2619313,12280282.000
2008-09-12,2.94,3.03,2.91,2.98,1164277,5312670.000
2008-09-16,3.00,3.00,2.83,2.88,1400200,6292337.000
2008-09-17,2.89,2.93,2.80,2.84,1241286,5485998.000
2008-09-18,2.79,2.84,2.56,2.74,1825839,7583130.000
2008-09-19,3.01,3.02,2.96,3.02,2001629,9274363.000
2008-09-22,3.28,3.34,3.07,3.27,5599983,27832796.000
2008-09-23,3.16,3.16,3.02,3.06,2638096,12533611.000
2008-09-24,3.05,3.24,3.03,3.24,4052879,19621184.000
2008-09-25,3.26,3.40,3.22,3.34,7340333,37289388.000
2008-09-26,3.32,3.34,3.18,3.22,3682082,18314766.000
2008-10-06,3.10,3.14,2.99,3.00,2120683,9969123.000
2008-10-07,2.92,3.14,2.83,3.08,2285118,10628017.000
2008-10-08,2.99,3.02,2.92,2.95,1535128,7008442.000
2008-10-09,3.06,3.06,2.95,2.96,1367029,6294554.000
2008-10-10,2.79,2.86,2.72,2.72,1933606,8262477.000
2008-10-13,2.67,2.82,2.60,2.82,1317375,5495474.000
2008-10-14,2.93,2.96,2.74,2.76,1712978,7571800.000
2008-10-15,2.71,2.90,2.70,2.85,1946191,8518462.000
2008-10-16,2.70,2.79,2.64,2.65,1567060,6552146.000
2008-10-17,2.70,2.74,2.66,2.70,1045198,4353739.000
2008-10-20,2.72,2.82,2.68,2.80,1266206,5414722.000
2008-10-21,2.83,2.89,2.80,2.82,2049315,8958473.000
2008-10-22,2.76,2.86,2.76,2.77,1177741,5093041.000
2008-10-23,2.71,2.84,2.69,2.83,1119016,4786975.000
2008-10-24,2.82,2.88,2.78,2.88,2395212,10468342.000
2008-10-27,2.86,2.98,2.76,2.90,6225841,27705286.000
2008-10-28,2.85,3.12,2.78,3.12,7448247,33762500.000
2008-10-29,3.12,3.12,2.88,2.89,6037803,27901368.000
2008-10-30,2.91,2.93,2.78,2.82,3483898,15308407.000
2008-10-31,2.82,2.85,2.64,2.67,2997856,12652045.000
2008-11-03,2.66,2.72,2.63,2.69,1384913,5726518.000
2008-11-04,2.68,2.68,2.48,2.56,2305095,9113382.000
2008-11-05,2.56,2.67,2.56,2.63,1775308,7204065.000
2008-11-06,2.56,2.61,2.52,2.56,1296664,5113569.000
2008-11-07,2.52,2.67,2.50,2.65,1626882,6581018.000
2008-11-10,2.70,2.88,2.70,2.88,3679780,15792293.000
2008-11-11,2.87,2.93,2.80,2.80,3682504,16249755.000
2008-11-12,2.80,2.91,2.77,2.89,2630872,11602595.000
2008-11-13,2.86,3.05,2.84,3.02,4593695,21067944.000
2008-11-14,2.99,3.22,2.99,3.19,6210499,29805646.000
2008-11-17,3.26,3.52,3.26,3.52,15629759,83158360.000
2008-11-18,3.52,3.62,3.16,3.16,12379377,63755160.000
2008-11-19,3.08,3.46,3.06,3.43,7150851,36274636.000
2008-11-20,3.36,3.59,3.32,3.44,7455207,39765936.000
2008-11-21,3.32,3.40,3.12,3.31,6711391,33607676.000
2008-11-24,3.31,3.51,3.26,3.28,5844657,30408770.000
2008-11-25,3.34,3.38,3.06,3.17,3805552,18764758.000
2008-11-26,3.18,3.21,3.08,3.15,2248922,10882185.000
2008-11-27,3.44,3.44,3.16,3.18,4499577,22786756.000
2008-11-28,3.17,3.22,3.12,3.16,2230512,10851113.000
2008-12-01,3.14,3.36,3.12,3.32,4559418,22915260.000
2008-12-02,3.24,3.43,3.20,3.42,5814282,29782088.000
2008-12-03,3.46,3.54,3.43,3.51,6791739,36296528.000
2008-12-04,3.53,3.56,3.42,3.44,9397431,50539568.000
2008-12-05,3.42,3.51,3.39,3.50,4243266,22469836.000
2008-12-08,3.56,3.68,3.52,3.68,6594600,36507160.000
2008-12-09,3.70,3.70,3.53,3.55,5115892,28029240.000
2008-12-10,3.56,3.77,3.52,3.76,7997259,44716096.000
2008-12-11,3.71,3.73,3.52,3.52,5787331,32158632.000
2008-12-12,3.50,3.62,3.33,3.42,7393164,39988344.000
2008-12-15,3.46,3.60,3.40,3.59,4936499,26512968.000
2008-12-16,3.52,3.74,3.38,3.72,7829494,43295476.000
2008-12-17,3.69,3.89,3.64,3.69,11431832,66171468.000
2008-12-18,3.69,3.71,3.54,3.70,5976985,33283406.000
2008-12-19,3.68,3.84,3.64,3.71,6891388,39464032.000
2008-12-22,3.71,3.81,3.66,3.76,5804219,33324532.000
2008-12-23,3.79,3.79,3.45,3.46,5981690,32769760.000
2008-12-24,3.38,3.51,3.29,3.35,3666131,19097436.000
2008-12-25,3.59,3.59,3.34,3.42,3563452,18810824.000
2008-12-29,3.34,3.40,3.19,3.35,2333188,11774286.000
2008-12-30,3.34,3.39,3.29,3.30,1906000,9775669.000
2008-12-31,3.32,3.36,3.26,3.30,2196126,11181048.000
2009-01-05,3.34,3.46,3.34,3.45,2690074,14110202.000
2009-01-06,3.45,3.61,3.42,3.57,4378368,23585540.000
2009-01-07,3.57,3.66,3.52,3.63,4783088,26500948.000
2009-01-08,3.56,3.68,3.50,3.54,3920792,21532820.000
2009-01-09,3.62,3.72,3.58,3.71,6252773,35067484.000
2009-01-12,3.66,3.78,3.65,3.68,4783979,27232076.000
2009-01-13,3.65,3.65,3.50,3.52,3423440,18668176.000
2009-01-14,3.48,3.64,3.48,3.64,2884106,15826266.000
2009-01-15,3.61,3.74,3.58,3.69,4694771,26303000.000
2009-01-16,3.69,3.84,3.69,3.76,9133513,52967232.000
2009-01-19,3.85,3.87,3.73,3.78,10207313,59327048.000
2009-01-20,3.78,3.86,3.69,3.86,5052304,29304128.000
2009-01-21,3.82,3.92,3.77,3.83,4992382,29449404.000
2009-01-22,4.00,4.09,3.88,3.93,8903489,54154216.000
2009-01-23,3.88,3.96,3.83,3.86,4564217,27080208.000
2009-02-02,3.94,3.94,3.83,3.90,3526741,20863766.000
2009-02-03,3.90,3.99,3.86,3.98,5175718,31157836.000
2009-02-04,3.98,4.05,3.94,4.04,5809217,35466044.000
2009-02-05,4.03,4.04,3.88,3.92,5932648,35881152.000
2009-02-06,3.92,4.11,3.92,4.07,6181491,38051568.000
2009-02-09,4.09,4.16,4.04,4.16,6605028,41408928.000
2009-02-10,4.12,4.38,4.09,4.36,7915341,50949452.000
2009-02-11,4.30,4.50,4.24,4.47,10728079,71347568.000
2009-02-12,4.46,4.50,4.28,4.46,8490136,56932256.000
2009-02-13,4.44,4.70,4.41,4.69,11339816,79362896.000
2009-02-16,4.81,5.06,4.78,4.98,20478748,152704240.000
2009-02-17,4.93,4.93,4.69,4.70,9178180,66883504.000
2009-02-18,4.67,4.81,4.48,4.56,6741638,47911552.000
2009-02-19,4.56,4.67,4.50,4.63,4075869,28533232.000
2009-02-20,4.63,4.76,4.56,4.76,4191623,29851970.000
2009-02-23,4.82,4.89,4.70,4.86,5244061,38472464.000
2009-02-24,4.77,4.86,4.54,4.60,7165938,50928472.000
2009-02-25,4.59,4.71,4.46,4.69,7882264,55071696.000
2009-02-26,4.71,4.80,4.22,4.29,5435812,38096508.000
2009-02-27,4.28,4.28,3.92,3.94,5886937,36209164.000
2009-03-02,3.89,4.24,3.86,4.23,7305662,45915940.000
2009-03-03,4.25,4.64,4.19,4.61,16631743,113123752.000
2009-03-04,4.59,4.82,4.52,4.81,16491535,117199232.000
2009-03-05,4.82,4.82,4.62,4.71,11319894,81361056.000
2009-03-06,4.63,4.78,4.59,4.69,5225359,37410880.000
2009-03-09,4.71,4.76,4.30,4.30,6767926,46640320.000
2009-03-10,4.20,4.48,4.20,4.48,3725597,24694960.000
2009-03-12,4.39,4.42,4.22,4.38,2980832,19654382.000
2009-03-13,4.39,4.42,4.24,4.26,2975970,19680108.000
2009-03-16,4.26,4.45,4.24,4.42,3448032,22875756.000
2009-03-17,4.44,4.73,4.44,4.72,8756482,61826728.000
2009-03-18,4.92,4.96,4.80,4.84,13708569,101811448.000
2009-03-19,4.85,5.12,4.76,5.10,13662082,103652352.000
2009-03-20,5.07,5.22,4.89,5.02,10184563,78558000.000
2009-03-23,5.02,5.32,4.94,5.31,12375837,98675296.000
2009-03-24,5.32,5.36,5.19,5.27,7990643,63995756.000
2009-03-25,5.24,5.26,4.99,5.00,7628466,59749552.000
2009-03-26,5.02,5.14,4.90,5.12,6424352,49209520.000
2009-03-27,5.16,5.16,4.99,5.04,5050963,38959200.000
2009-03-30,5.05,5.10,4.92,4.98,4443663,33795408.000
2009-03-31,4.82,4.99,4.81,4.98,3884567,29018464.000
2009-04-01,4.99,5.09,4.97,5.05,5313529,40641144.000
2009-04-02,5.05,5.10,5.00,5.00,4714258,36279556.000
2009-04-03,5.05,5.42,4.96,5.41,16668939,132955344.000
2009-04-07,5.52,5.60,5.26,5.33,23007149,191887392.000
2009-04-08,5.26,5.27,4.99,5.00,8894732,69270160.000
2009-04-09,4.96,5.05,4.84,4.98,5202484,39169880.000
2009-04-13,5.18,5.22,5.04,5.07,6918593,53668636.000
2009-04-14,5.07,5.14,4.99,5.13,4766704,36840848.000
2009-04-15,5.12,5.17,5.04,5.16,5354038,41633968.000
2009-04-16,5.16,5.39,5.13,5.34,9126086,73315360.000
2009-04-17,5.35,5.36,5.12,5.14,5454820,43201304.000
2009-04-20,5.13,5.28,5.13,5.26,4642462,36935292.000
2009-04-21,5.21,5.38,5.17,5.37,7265724,58638576.000
2009-04-22,5.37,5.52,5.13,5.14,7828534,63524312.000
2009-04-23,5.13,5.24,5.01,5.16,3870754,30116976.000
2009-04-24,5.17,5.25,5.13,5.17,3435920,27193412.000
2009-04-27,5.26,5.41,5.04,5.12,9818581,78028144.000
2009-04-28,5.16,5.64,5.14,5.64,27356406,228311392.000
2009-04-29,5.70,5.75,5.33,5.50,18952003,157803744.000
2009-04-30,5.47,5.68,5.32,5.56,14338568,120411784.000
2009-05-04,5.57,5.71,5.47,5.66,12356332,105282896.000
2009-05-05,5.66,5.67,5.46,5.52,10275182,86468680.000
2009-05-06,5.50,5.56,5.46,5.51,7685618,64356196.000
2009-05-07,5.52,5.52,5.24,5.34,11190758,91099280.000
2009-05-08,5.38,5.48,5.32,5.39,6772527,55644000.000
2009-05-11,5.48,5.55,5.26,5.38,9788884,81108048.000
2009-05-12,5.41,5.42,5.24,5.39,4848146,39222344.000
2009-05-13,5.37,5.48,5.34,5.39,6153681,50582332.000
2009-05-14,5.40,5.47,5.32,5.46,5870193,48370784.000
2009-05-15,5.48,5.62,5.46,5.53,8720103,73564016.000
2009-05-18,5.52,5.60,5.48,5.52,6464753,54355560.000
2009-05-19,5.58,5.62,5.50,5.56,6705428,56647188.000
2009-05-20,5.56,5.58,5.41,5.42,5249465,43633620.000
2009-05-21,5.37,5.38,5.14,5.22,5988616,47897944.000
2009-05-25,5.10,5.18,4.96,5.16,4064222,31355932.000
2009-05-26,5.16,5.27,5.14,5.15,2772075,21927436.000
2009-05-27,5.16,5.26,5.14,5.26,3081460,24353378.000
2009-06-01,5.34,5.40,5.25,5.32,5041846,40700896.000
2009-06-02,5.28,5.36,5.26,5.28,3615691,29170436.000
2009-06-03,5.32,5.32,5.25,5.30,3679668,29516094.000
2009-06-04,5.28,5.34,5.16,5.24,3882262,30969312.000
2009-06-05,5.24,5.29,5.18,5.24,3086409,24574480.000
2009-06-08,5.21,5.27,5.19,5.23,2398762,19082764.000
2009-06-09,5.20,5.26,5.09,5.22,2700297,21259596.000
2009-06-10,5.23,5.32,5.18,5.31,4292211,34444260.000
2009-06-11,5.31,5.43,5.29,5.38,7191739,58851700.000
2009-06-12,5.41,5.50,5.24,5.26,6467159,53025076.000
2009-06-15,5.26,5.31,5.19,5.30,2465071,19690408.000
2009-06-16,5.26,5.30,5.18,5.20,3440526,27376634.000
2009-06-17,5.20,5.32,5.16,5.30,3407905,27310344.000
2009-06-18,5.32,5.42,5.31,5.41,6455658,52747468.000
2009-06-19,5.46,5.59,5.42,5.47,12019983,101110144.000
2009-06-22,5.42,5.42,5.26,5.28,6569977,53112304.000
2009-06-23,5.19,5.30,5.18,5.24,2896479,23116750.000
2009-06-24,5.24,5.29,5.23,5.28,2609202,20884212.000
2009-06-25,5.29,5.30,5.22,5.23,2903967,23150414.000
2009-06-26,5.26,5.36,5.24,5.35,3990778,32195242.000
2009-06-29,5.36,5.36,5.31,5.33,3218218,26083114.000
2009-06-30,5.36,5.37,5.26,5.26,2822793,22798080.000
2009-07-01,5.26,5.28,5.23,5.28,3212368,25689812.000
2009-07-02,5.26,5.36,5.26,5.35,3894395,31465980.000
2009-07-03,5.33,5.34,5.27,5.31,3103759,25048752.000
2009-07-06,5.32,5.36,5.28,5.35,4084699,33105988.000
2009-07-07,5.36,5.62,5.33,5.50,13383084,112112352.000
2009-07-08,5.44,5.76,5.42,5.72,14889735,127247528.000
2009-07-09,5.74,5.94,5.70,5.84,15087262,133042040.000
2009-07-10,5.82,5.82,5.64,5.76,9275367,80474592.000
2009-07-13,5.76,5.80,5.68,5.72,7465458,65113620.000
2009-07-14,5.73,5.77,5.64,5.75,8286576,71790448.000
2009-07-15,5.69,5.80,5.68,5.70,8376664,72983592.000
2009-07-16,5.72,5.76,5.64,5.65,6320772,54673648.000
2009-07-17,5.66,5.68,5.57,5.64,5612372,47926092.000
2009-07-20,5.65,5.76,5.62,5.76,6494309,56423084.000
2009-07-21,5.78,5.78,5.51,5.52,6931844,59124060.000
2009-07-22,5.52,5.58,5.51,5.58,4908051,41347100.000
2009-07-23,5.56,5.62,5.53,5.62,4074444,34598312.000
2009-07-24,5.62,5.65,5.39,5.51,5226884,44073596.000
2009-07-27,5.54,5.64,5.54,5.62,4434254,37711204.000
2009-07-28,5.62,5.74,5.54,5.72,5535930,47500840.000
2009-07-29,5.69,5.74,5.14,5.30,6116728,51518180.000
2009-07-30,5.35,5.40,5.22,5.38,4166150,33670472.000
2009-07-31,5.40,5.52,5.38,5.50,3305746,27426038.000
2009-08-03,5.46,5.56,5.43,5.54,5486070,45936952.000
2009-08-04,5.54,5.54,5.39,5.52,6408936,53261004.000
2009-08-05,5.53,5.70,5.53,5.63,8569278,73330480.000
2009-08-06,5.65,5.75,5.52,5.64,7599509,65196076.000
2009-08-07,5.59,5.66,5.40,5.44,5085118,42985992.000
2009-08-10,5.56,5.63,5.46,5.60,5182351,43786760.000
2009-08-11,5.62,5.70,5.59,5.66,5583900,47891528.000
2009-08-12,5.68,5.68,5.32,5.35,4327671,36017000.000
2009-08-13,5.36,5.43,5.30,5.39,2434232,19883368.000
2009-08-14,5.38,5.38,5.06,5.06,3944872,31128346.000
2009-08-17,5.06,5.10,4.75,4.76,2839766,21392700.000
2009-08-18,4.76,4.91,4.72,4.87,2044942,15001324.000
2009-08-19,5.04,5.36,4.92,4.99,11490288,89646832.000
2009-08-20,4.95,5.08,4.74,5.06,6354911,47976792.000
2009-08-24,5.17,5.39,5.06,5.30,8902061,70675480.000
2009-08-25,5.30,5.34,5.05,5.15,5622252,44110988.000
2009-08-26,5.12,5.39,5.12,5.32,6880649,55601712.000
2009-08-27,5.29,5.83,5.27,5.66,14765869,126402992.000
2009-08-28,6.23,6.23,5.93,6.23,46128428,431262368.000
2009-08-31,6.11,6.23,5.60,5.60,22711541,197436720.000
2009-09-01,5.52,5.60,5.03,5.05,18697782,148269184.000
2009-09-02,4.98,5.14,4.83,5.12,9435670,71839504.000
2009-09-03,5.04,5.32,4.99,5.28,12817262,101447928.000
2009-09-04,5.25,5.57,5.18,5.42,12339355,101215296.000
2009-09-07,5.44,5.96,5.44,5.96,31342325,279741888.000
2009-09-08,5.96,5.96,5.66,5.88,18307845,160935856.000
2009-09-09,5.79,6.01,5.66,5.80,14023952,123908472.000
2009-09-10,5.72,5.75,5.55,5.56,9589770,82066960.000
2009-09-11,5.56,5.96,5.56,5.87,12697872,111189952.000
2009-09-14,5.92,6.04,5.79,5.93,13989692,126077480.000
2009-09-15,5.92,6.10,5.86,5.97,13339850,121249520.000
2009-09-16,5.90,5.97,5.72,5.84,9829971,87026440.000
2009-09-17,5.84,6.05,5.83,5.90,9014285,81488480.000
2009-09-18,5.91,6.24,5.84,5.99,17400925,159359616.000
2009-09-21,5.93,6.38,5.86,6.36,19264850,181328464.000
2009-09-22,6.26,6.34,6.00,6.01,11371470,106431472.000
2009-09-23,6.02,6.14,5.56,5.65,9655362,84827984.000
2009-09-24,5.65,5.74,5.42,5.59,5954511,50709984.000
2009-09-25,5.58,5.71,5.54,5.62,4039184,34590228.000
2009-09-28,5.64,5.80,5.44,5.50,5023709,43368552.000
2009-09-29,5.46,5.54,5.12,5.28,4964978,39832608.000
2009-09-30,5.30,5.44,5.27,5.42,3912465,31923004.000
2009-10-09,5.44,5.70,5.44,5.66,4404773,37377360.000
2009-10-12,5.70,5.70,5.53,5.57,3727617,31637024.000
2009-10-13,5.54,5.66,5.52,5.65,3043293,25875542.000
2009-10-14,5.66,5.82,5.65,5.72,5543086,48305052.000
2009-10-15,5.72,5.78,5.59,5.62,5063738,43576876.000
2009-10-19,5.74,6.19,5.74,6.04,16172826,147775088.000
2009-10-20,5.92,6.00,5.87,6.00,8989511,81022152.000
2009-10-21,5.98,5.98,5.82,5.84,6986460,62399632.000
2009-10-22,5.80,5.92,5.79,5.82,4411593,39285900.000
2009-10-23,5.86,5.91,5.80,5.86,5040325,44965820.000
2009-10-26,5.95,6.10,5.95,6.04,11289462,103310136.000
2009-10-27,6.02,6.02,5.79,5.80,7010666,62864232.000
2009-10-28,5.87,5.96,5.74,5.88,4997260,44462360.000
2009-10-29,5.83,6.14,5.78,5.98,13248983,121145608.000
2009-10-30,5.98,6.49,5.98,6.29,20914770,197952096.000
2009-11-02,6.22,6.93,6.14,6.93,24312212,248567792.000
2009-11-03,7.26,7.36,6.83,6.95,33731197,360840960.000
2009-11-04,6.83,7.16,6.68,7.04,18849308,197085408.000
2009-11-05,6.90,7.46,6.80,7.16,18543803,200577776.000
2009-11-06,7.16,7.31,6.90,6.94,14709351,157652704.000
2009-11-09,6.86,6.88,6.70,6.84,9568057,98482096.000
2009-11-10,6.85,7.26,6.82,6.97,14971862,160851792.000
2009-11-11,7.00,7.18,6.90,7.12,10492897,112201728.000
2009-11-12,7.24,7.24,6.98,7.04,9183312,99136992.000
2009-11-13,7.00,7.16,6.82,7.00,8558773,90229168.000
2009-11-16,7.20,7.40,7.11,7.15,14199050,155667328.000
2009-11-17,7.17,7.79,7.02,7.55,20908655,233174448.000
2009-11-19,7.94,8.31,7.66,8.31,30012901,368546208.000
2009-11-20,8.33,8.71,8.11,8.17,27784021,352874528.000
2009-11-23,8.07,8.46,7.96,8.38,13302670,165894000.000
2009-11-24,8.26,8.38,7.54,7.54,23909282,286385920.000
2009-11-25,7.49,7.86,7.36,7.72,11843477,136125552.000
2009-11-26,7.62,7.66,7.12,7.20,13582251,152720544.000
2009-11-27,7.03,7.41,6.95,7.06,9007804,97682256.000
2009-11-30,7.11,7.39,7.11,7.38,7490542,82697168.000
2009-12-01,7.40,7.59,7.31,7.52,10602578,120174976.000
2009-12-02,7.54,7.57,7.38,7.55,10298967,116687808.000
2009-12-03,7.49,8.10,7.44,7.93,16524650,195291776.000
2009-12-04,7.82,7.89,7.37,7.58,10740602,124058256.000
2009-12-07,7.46,7.64,7.46,7.62,4655710,53270240.000
2009-12-08,7.61,7.69,7.50,7.61,5552980,64133564.000
2009-12-09,7.56,7.83,7.43,7.53,6648258,77112920.000
2009-12-10,7.56,7.64,7.40,7.54,5750656,65209756.000
2009-12-14,7.59,7.59,7.22,7.40,3718553,41410088.000
2009-12-15,7.60,8.15,7.60,8.15,27075954,327514176.000
2009-12-16,8.16,8.81,7.79,8.28,39759557,508439776.000
2009-12-17,7.99,8.18,7.54,7.60,17100943,201988064.000
2009-12-18,7.50,7.50,7.04,7.35,10717582,118040032.000
2009-12-21,7.18,7.38,7.14,7.32,4793822,52669952.000
2009-12-23,7.06,7.30,7.00,7.23,6094461,65863364.000
2009-12-24,7.26,7.48,7.07,7.40,5945809,66334532.000
2009-12-25,7.42,7.53,7.31,7.45,4996313,56368896.000
2009-12-28,7.42,7.71,7.42,7.67,5252437,60385280.000
2009-12-29,7.69,7.73,7.46,7.60,4559310,52359776.000
2009-12-30,7.57,7.99,7.40,7.85,8631089,99979240.000
2009-12-31,7.69,7.79,7.63,7.72,5236127,61158224.000
2010-01-04,7.72,7.79,7.59,7.60,4385274,50974476.000
2010-01-05,7.59,7.67,7.38,7.66,6369090,72420048.000
2010-01-06,7.59,7.79,7.55,7.66,6887316,80372992.000
2010-01-07,7.64,7.64,7.35,7.42,5817629,65854780.000
2010-01-08,7.41,7.47,7.33,7.45,3047176,34212356.000
2010-01-11,7.52,7.56,7.39,7.50,3764276,42736964.000
2010-01-12,7.44,7.70,7.40,7.69,5104161,58580156.000
2010-01-13,7.52,7.82,7.43,7.59,6356766,73732600.000
2010-01-14,7.56,7.92,7.56,7.90,11017852,130578352.000
2010-01-15,7.91,8.12,7.80,7.84,9698651,116379352.000
2010-01-18,7.87,8.18,7.87,8.14,10395981,127214944.000
2010-01-19,8.16,8.22,7.98,8.10,8247554,100674488.000
2010-01-20,8.10,8.39,7.81,7.87,13371994,164912224.000
2010-01-21,7.87,8.00,7.66,7.86,5964968,70783568.000
2010-01-22,7.78,7.96,7.51,7.61,5933609,69339936.000
2010-01-25,7.62,7.75,7.58,7.60,2433129,28235908.000
2010-01-26,7.69,7.75,7.04,7.19,4325854,48777664.000
2010-01-27,7.20,7.24,6.90,6.94,3901678,41530400.000
2010-01-28,6.94,7.10,6.92,7.06,2407095,25605020.000
2010-01-29,7.02,7.28,6.96,7.21,3580644,38997408.000
2010-02-01,7.13,7.48,7.13,7.46,5149856,57393968.000
2010-02-02,7.55,7.67,7.39,7.46,5792538,66247832.000
2010-02-03,7.46,7.74,7.26,7.66,5395370,61685376.000
2010-02-04,7.66,7.92,7.60,7.83,6833214,80695368.000
2010-02-05,7.65,7.81,7.59,7.67,5206130,60621400.000
2010-02-08,7.57,7.65,7.44,7.52,2362471,26936688.000
2010-02-09,7.62,7.83,7.50,7.58,2783685,32341948.000
2010-02-10,7.60,7.72,7.48,7.58,1604332,18332304.000
2010-02-11,7.60,7.61,7.45,7.49,2389803,27194500.000
2010-02-12,7.49,7.64,7.46,7.52,1400437,15987403.000
2010-02-22,7.53,7.82,7.44,7.76,4775863,55893868.000
2010-02-23,7.76,7.89,7.59,7.88,4209421,49426612.000
2010-02-24,7.89,8.11,7.83,8.02,7118987,86169184.000
2010-02-25,8.14,8.14,7.95,8.02,8227319,100332056.000
2010-03-01,8.21,8.36,8.07,8.30,11009611,136807520.000
2010-03-02,8.32,8.32,8.08,8.11,6875852,84770192.000
2010-03-03,8.08,8.24,7.92,8.19,6068348,74338952.000
2010-03-04,8.16,8.25,7.72,7.80,5761436,69820904.000
2010-03-05,7.80,7.94,7.79,7.88,3778427,44991836.000
2010-03-08,7.94,8.01,7.86,7.94,3689280,44336264.000
2010-03-09,7.94,7.94,7.84,7.86,2814940,33570720.000
2010-03-10,7.84,7.90,7.56,7.66,3586892,41923032.000
2010-03-11,7.62,7.72,7.39,7.51,3221856,36713224.000
2010-03-12,7.51,7.58,7.44,7.46,2436105,27728816.000
2010-03-15,7.39,7.60,7.36,7.60,2457628,27976716.000
2010-03-16,7.64,7.73,7.56,7.66,2956009,34221524.000
2010-03-17,7.66,7.77,7.59,7.76,3155332,36778856.000
2010-03-18,7.77,7.79,7.66,7.72,2302965,26899360.000
2010-03-19,7.72,7.78,7.68,7.78,2375317,27861734.000
2010-03-22,7.79,7.85,7.68,7.79,3075546,36063472.000
2010-03-23,7.84,7.84,7.63,7.64,2661333,31044852.000
2010-03-24,7.64,7.73,7.52,7.54,3076759,35429740.000
2010-03-25,7.54,7.54,7.40,7.41,2528068,28535512.000
2010-03-26,7.39,7.58,7.39,7.52,1918253,21805476.000
2010-03-29,7.52,7.66,7.51,7.60,1907376,21942352.000
2010-03-30,7.65,7.65,7.53,7.56,1873352,21454408.000
2010-03-31,7.56,7.96,7.50,7.82,6808277,79932592.000
2010-04-01,7.76,7.87,7.72,7.84,4764812,56358136.000
2010-04-02,7.84,7.90,7.76,7.87,3967271,47099040.000
2010-04-06,7.94,8.12,7.78,7.86,6789033,81555496.000
2010-04-07,7.84,7.92,7.72,7.91,4229602,50092680.000
2010-04-08,7.88,8.10,7.86,8.00,8260413,100076344.000
2010-04-09,8.01,8.07,7.91,8.01,5601042,67799424.000
2010-04-12,8.01,8.19,8.01,8.18,9712054,119544112.000
2010-04-13,8.18,8.37,7.80,8.00,9422810,115816928.000
2010-04-14,7.95,8.31,7.95,8.29,9083057,112605008.000
2010-04-15,8.32,8.52,8.16,8.26,12443576,157570528.000
2010-04-19,8.46,9.09,8.33,8.83,35843153,475501344.000
2010-04-20,8.66,9.43,8.59,9.40,37558541,516992096.000
2010-04-21,9.43,9.70,9.13,9.68,30704938,436175680.000
2010-04-22,9.46,9.82,9.44,9.77,20825984,304039520.000
2010-04-23,9.79,10.04,9.48,9.89,19758658,292319168.000
2010-04-26,9.80,10.02,9.33,9.41,15491534,226545584.000
2010-04-27,9.39,9.79,9.18,9.77,16956455,242330896.000
2010-04-28,9.58,9.88,9.40,9.55,18051996,265569872.000
2010-04-29,9.46,9.65,9.10,9.16,13310289,190368832.000
2010-04-30,9.06,9.06,8.41,8.56,9997803,131017816.000
2010-05-04,8.59,9.04,8.47,9.01,10107256,134800992.000
2010-05-05,8.84,9.24,8.84,9.20,13480464,184852384.000
2010-05-06,9.15,9.24,8.67,8.77,11640215,159685760.000
2010-05-07,8.43,8.75,8.38,8.43,7820696,101242688.000
2010-05-10,8.52,8.66,7.58,7.58,12946773,155380224.000
2010-05-11,7.72,7.72,6.96,7.02,19145382,212497568.000
2010-05-12,6.96,7.15,6.80,7.09,10097735,107080312.000
2010-05-13,7.09,7.51,7.01,7.50,12944483,142715136.000
2010-05-14,7.43,7.78,7.30,7.58,12445993,143309392.000
2010-05-17,7.42,7.51,6.92,6.94,9182665,100413944.000
2010-05-18,7.00,7.28,6.86,7.26,7984862,85893976.000
2010-05-19,7.18,7.38,7.08,7.22,7335879,80556880.000
2010-05-20,7.02,7.30,6.91,6.94,6209210,66662600.000
2010-05-21,6.70,7.06,6.39,7.05,7523428,77562584.000
2010-05-24,7.07,7.47,7.07,7.41,9527046,105956032.000
2010-05-25,7.35,7.57,7.28,7.46,8300262,93154496.000
2010-05-26,7.39,7.48,7.28,7.40,5458165,61056948.000
2010-05-27,7.40,7.58,7.28,7.58,7867432,89183720.000
2010-05-28,7.66,8.21,7.59,8.10,18052752,216600144.000
2010-05-31,8.06,8.56,7.93,8.00,19590918,246492912.000
2010-06-01,7.82,8.16,7.54,7.86,10683869,127582656.000
2010-06-02,7.77,8.21,7.59,8.19,8081980,96874712.000
2010-06-03,8.22,8.32,8.06,8.24,10251601,127582824.000
2010-06-04,8.14,8.30,8.03,8.27,6513571,80711600.000
2010-06-07,8.02,8.12,7.86,7.92,6537931,78967096.000
2010-06-08,7.98,8.03,7.60,7.84,6615250,78766976.000
2010-06-09,7.84,8.02,7.74,8.00,6546544,78368272.000
2010-06-10,7.96,8.08,7.92,8.00,6237032,75567880.000
2010-06-11,8.02,8.10,7.79,7.83,6730707,80864912.000
2010-06-17,7.86,7.96,7.42,7.43,9205532,106245256.000
2010-06-18,7.38,7.38,6.96,7.01,7010918,75335536.000
2010-06-21,6.94,7.16,6.82,7.15,5537174,59034096.000
2010-06-22,7.15,7.23,7.05,7.19,4563062,49391920.000
2010-06-23,7.06,7.24,7.05,7.13,3666339,39562828.000
2010-06-24,7.12,7.21,7.05,7.06,4485958,48458088.000
2010-06-28,6.91,6.98,6.69,6.70,3949103,40751936.000
2010-06-29,6.66,6.76,6.20,6.21,5904334,57330568.000
2010-06-30,6.16,6.41,6.06,6.31,5318633,50352512.000
2010-07-01,6.27,6.33,6.06,6.08,2737856,25701582.000
2010-07-02,6.08,6.12,5.66,5.86,4476786,39955472.000
2010-07-05,5.76,5.87,5.69,5.82,2971705,26122710.000
2010-07-06,5.83,6.10,5.80,6.04,3823507,34788872.000
2010-07-07,6.04,6.22,6.02,6.15,2964566,27565380.000
2010-07-08,6.16,6.25,6.00,6.15,3861821,35930180.000
2010-07-09,6.16,6.38,6.11,6.36,4149209,39645752.000
2010-07-12,6.32,6.50,6.32,6.39,3514730,34261696.000
2010-07-13,6.36,6.36,6.13,6.17,4292214,40388684.000
2010-07-14,6.18,6.36,6.18,6.24,3693320,35132816.000
2010-07-15,6.12,6.17,5.99,6.03,6013693,55441608.000
2010-07-16,5.92,6.32,5.87,6.30,6290268,58303308.000
2010-07-19,6.16,6.38,6.12,6.34,6010299,57253096.000
2010-07-20,6.35,6.57,6.29,6.52,7038661,69068376.000
2010-07-21,6.46,6.63,6.43,6.46,6421391,63543056.000
2010-07-22,6.46,6.65,6.44,6.59,5565980,55373740.000
2010-07-23,6.62,6.75,6.51,6.71,9157741,91942920.000
2010-07-26,6.72,7.16,6.64,7.06,11801855,123500096.000
2010-07-27,7.02,7.24,6.93,6.97,12738354,136127808.000
2010-07-28,6.92,7.11,6.88,7.02,8447536,89471216.000
2010-07-29,7.00,7.12,6.95,7.00,8004090,85167456.000
2010-07-30,6.99,6.99,6.79,6.88,5433764,56747976.000
2010-08-02,6.88,7.08,6.88,7.04,6068279,64561792.000
2010-08-03,7.06,7.14,6.94,6.95,7610387,81523320.000
2010-08-04,6.91,7.01,6.74,6.92,6025306,62931704.000
2010-08-05,6.94,7.29,6.92,7.22,13736518,149349248.000
2010-08-06,7.15,7.32,7.08,7.29,7644000,83619088.000
2010-08-09,7.32,7.44,7.29,7.35,7327276,81801528.000
2010-08-10,7.35,7.38,7.03,7.04,6720209,73321816.000
2010-08-11,7.04,7.16,6.96,7.08,5237048,55958456.000
2010-08-12,7.03,7.08,6.92,6.93,3985347,42199788.000
2010-08-13,6.93,7.14,6.89,7.12,4716765,50241264.000
2010-08-16,7.16,7.70,7.16,7.55,15248175,173341200.000
2010-08-17,7.56,7.58,7.38,7.51,8760881,99173304.000
2010-08-18,7.46,7.70,7.46,7.55,8097807,92988840.000
2010-08-19,7.57,7.63,7.39,7.47,6424330,72702296.000
2010-08-23,7.24,7.36,7.20,7.28,7016202,77347744.000
2010-08-24,7.28,7.38,7.12,7.32,4644025,51271616.000
2010-08-25,7.26,7.31,7.06,7.06,4880318,53031440.000
2010-08-26,7.10,7.19,7.03,7.14,3089030,33281836.000
2010-08-27,7.12,7.22,7.06,7.19,3389973,36776496.000
2010-08-30,7.24,7.42,7.24,7.38,4877185,54355392.000
2010-08-31,7.39,7.49,7.32,7.46,6948680,78025024.000
2010-09-01,7.43,7.48,7.16,7.26,6668313,73968592.000
2010-09-02,7.32,7.84,7.32,7.78,18714795,217487136.000
2010-09-03,7.76,8.16,7.64,7.90,16680524,200765696.000
2010-09-06,7.82,7.86,7.56,7.68,10820050,126196720.000
2010-09-07,7.64,7.76,7.56,7.76,5252468,60919496.000
2010-09-08,7.66,7.84,7.64,7.81,7566570,88988928.000
2010-09-09,7.84,8.07,7.66,7.72,9892569,118069536.000
2010-09-10,7.74,8.12,7.60,8.03,14043289,168923328.000
2010-09-13,8.12,8.18,7.93,8.03,10536575,128001296.000
2010-09-14,8.06,8.07,7.84,7.97,7136404,85797360.000
2010-09-15,7.87,8.08,7.79,7.86,8197201,98929264.000
2010-09-16,7.86,7.92,7.36,7.44,8060771,91978368.000
2010-09-17,7.50,7.56,7.42,7.48,3634526,41294696.000
2010-09-20,7.52,7.58,7.26,7.36,2962477,33351546.000
2010-09-21,7.37,7.74,7.30,7.53,6001176,69018152.000
2010-09-27,7.60,7.72,7.50,7.72,4722893,54658568.000
2010-09-28,7.70,7.75,7.52,7.56,4566255,52699180.000
2010-09-29,7.53,7.78,7.52,7.62,5727066,66579268.000
2010-09-30,7.55,7.70,7.50,7.68,4312600,49859164.000
2010-10-08,7.75,7.92,7.62,7.84,7089672,83803536.000
2010-10-11,7.88,7.91,7.70,7.91,8737305,103225320.000
2010-10-12,7.84,7.88,7.75,7.78,6022452,71317840.000
2010-10-13,7.73,7.78,7.51,7.76,9586215,110602256.000
2010-10-14,7.80,7.80,7.42,7.44,7525188,86683408.000
2010-10-15,7.50,7.57,7.33,7.38,5806167,65529896.000
2010-10-18,7.39,7.42,6.99,7.31,6416491,69773208.000
2010-10-20,7.38,7.63,7.34,7.60,9792242,111728672.000
2010-10-21,7.57,7.62,7.44,7.58,6130691,69955296.000
2010-10-22,7.59,7.79,7.47,7.73,9284682,107089848.000
2010-10-25,7.70,7.89,7.66,7.88,9647234,113754544.000
2010-10-26,7.86,8.37,7.72,8.34,18846679,229397744.000
2010-10-27,8.32,8.89,7.95,8.02,25456491,320193120.000
2010-10-28,7.88,8.11,7.74,7.86,8804776,104321448.000
2010-10-29,7.86,7.94,7.76,7.88,5499772,65305316.000
2010-11-01,7.83,7.98,7.79,7.96,7492422,89613736.000
2010-11-02,7.93,7.93,7.78,7.80,9304860,110390096.000
2010-11-03,7.76,7.94,7.74,7.76,5224636,62003740.000
2010-11-04,7.76,8.02,7.76,8.00,8565825,102691904.000
2010-11-05,8.02,8.06,7.92,8.05,8888259,107757424.000
2010-11-08,8.05,8.27,8.05,8.26,10255057,126942352.000
2010-11-09,8.28,8.42,8.12,8.36,11748442,147661664.000
2010-11-10,8.34,8.77,8.32,8.44,15896019,205118096.000
2010-11-11,8.43,8.52,8.18,8.21,12323989,156119360.000
2010-11-12,8.16,8.28,7.59,7.62,9247763,111107976.000
2010-11-15,7.70,7.89,7.58,7.89,5657846,66406012.000
2010-11-16,7.90,8.69,7.80,8.34,25861221,328975776.000
2010-11-17,8.10,8.16,7.50,7.54,13167193,153389936.000
2010-11-18,7.54,7.75,7.34,7.46,6651457,75428600.000
2010-11-19,7.52,7.69,7.40,7.68,5435646,62066928.000
2010-11-22,7.60,7.83,7.56,7.79,6111193,71647200.000
2010-11-23,7.76,8.06,7.53,7.97,9222569,109380824.000
2010-11-24,7.84,8.26,7.79,8.18,10282869,125679112.000
2010-11-25,8.22,8.32,8.03,8.11,8342588,103122312.000
2010-11-26,8.09,8.38,8.06,8.31,11191639,139793552.000
2010-11-29,8.26,8.54,8.24,8.32,11333343,144215280.000
2010-11-30,8.29,8.39,7.72,7.92,10185235,123322184.000
2010-12-01,7.82,7.89,7.66,7.86,4510505,53212632.000
2010-12-02,7.96,8.05,7.82,7.92,4516096,54190928.000
2010-12-03,7.86,7.94,7.72,7.82,2808508,33260530.000
2010-12-06,7.76,7.85,7.56,7.66,2766499,32234968.000
2010-12-07,7.62,7.77,7.51,7.76,2313335,26894634.000
2010-12-08,7.76,7.96,7.69,7.78,2979634,35349296.000
2010-12-09,7.69,7.75,7.56,7.57,2436055,28190818.000
2010-12-10,7.58,7.76,7.57,7.74,2018070,23546936.000
2010-12-13,7.79,7.92,7.74,7.92,3723181,44358952.000
2010-12-14,7.89,8.17,7.84,8.14,7452859,90539680.000
2010-12-15,8.12,8.27,7.99,8.17,7031108,86735840.000
2010-12-16,8.16,8.51,8.04,8.05,6302427,78549000.000
2010-12-20,8.08,8.12,7.69,7.85,4281461,51082568.000
2010-12-21,7.82,7.98,7.80,7.98,2354273,28222652.000
2010-12-22,7.97,8.01,7.84,7.97,2880212,34455744.000
2010-12-23,7.96,7.96,7.78,7.80,2070880,24639058.000
2010-12-24,7.79,7.79,7.54,7.60,2072546,24006558.000
2010-12-27,7.59,7.70,7.42,7.45,1730699,19879552.000
2010-12-28,7.45,7.49,7.16,7.24,2125960,23525320.000
2010-12-29,7.26,7.37,7.26,7.34,1129049,12536574.000
2010-12-30,7.34,7.38,7.26,7.30,1900442,21052880.000
2010-12-31,7.31,7.45,7.31,7.44,1515041,16970692.000
2011-01-04,7.46,7.52,7.38,7.51,1927093,21814768.000
2011-01-05,7.48,7.59,7.41,7.50,1775219,20269264.000
2011-01-06,7.49,7.56,7.38,7.41,1883580,21172344.000
2011-01-07,7.40,7.46,7.31,7.33,2275157,25473706.000
2011-01-10,7.32,7.36,7.06,7.13,2188762,23931824.000
2011-01-11,7.13,7.13,6.94,6.99,1554399,16500540.000
2011-01-12,6.99,7.09,6.99,7.07,963331,10282028.000
2011-01-13,7.12,7.16,7.04,7.07,1256508,13524019.000
2011-01-14,7.07,7.09,6.96,7.02,1110998,11822638.000
2011-01-17,7.05,7.05,6.63,6.65,1494865,15306521.000
2011-01-18,6.66,6.72,6.64,6.70,722036,7322459.000
2011-01-19,6.70,6.82,6.68,6.81,1150932,11813278.000
2011-01-20,6.81,6.81,6.58,6.76,2209189,22257810.000
2011-01-21,6.72,6.75,6.58,6.66,1743028,17586676.000
2011-01-24,6.66,6.66,6.39,6.40,1470601,14502208.000
2011-01-25,6.46,6.46,6.24,6.31,1086521,10412081.000
2011-01-26,6.30,6.43,6.30,6.41,922076,8935731.000
2011-01-27,6.42,6.51,6.34,6.49,1152704,11294922.000
2011-01-28,6.46,6.62,6.46,6.60,1313832,13045687.000
2011-01-31,6.61,6.69,6.52,6.68,1300328,13045439.000
2011-02-01,6.68,6.80,6.59,6.79,2489697,25395384.000
2011-02-09,6.74,7.02,6.69,6.96,3350737,35008364.000
2011-02-10,6.99,7.46,6.88,7.37,12275360,133890424.000
2011-02-11,7.22,8.10,7.11,7.79,17531151,201695008.000
2011-02-14,7.66,7.89,7.56,7.72,12869908,149819920.000
2011-02-15,7.67,7.84,7.54,7.60,7483042,86467072.000
2011-02-16,7.60,7.66,7.44,7.65,6283977,72055440.000
2011-02-17,7.64,7.64,7.44,7.56,4316311,49160240.000
2011-02-18,7.51,7.64,7.49,7.56,4166009,47788452.000
2011-02-21,7.52,7.68,7.46,7.66,4775513,55089688.000
2011-02-22,7.59,7.66,7.25,7.26,5127590,57807616.000
2011-02-23,7.26,7.40,7.24,7.32,2703069,29949728.000
2011-02-24,7.28,7.44,7.26,7.42,2482514,27717460.000
2011-02-25,7.37,7.42,7.28,7.39,1920109,21424996.000
2011-02-28,7.39,7.51,7.32,7.48,2440802,27521416.000
2011-03-01,7.49,7.60,7.46,7.56,3605345,41282160.000
2011-03-02,7.58,7.68,7.52,7.66,4749077,54775692.000
2011-03-03,7.70,7.79,7.47,7.50,4841705,56044796.000
2011-03-04,7.50,7.54,7.42,7.53,2251449,25505150.000
2011-03-07,7.59,7.63,7.50,7.56,3547608,40617864.000
2011-03-08,7.52,7.59,7.46,7.58,3020470,34477696.000
2011-03-09,7.60,7.68,7.52,7.60,3702531,42702200.000
2011-03-10,7.60,7.78,7.52,7.71,7163000,83459920.000
2011-03-11,7.66,7.78,7.59,7.64,5032300,58580128.000
2011-03-14,7.59,8.07,7.59,8.05,13944751,167592800.000
2011-03-15,8.06,8.06,7.62,7.92,8748249,103702704.000
2011-03-16,7.88,8.42,7.76,8.32,18248462,226368336.000
2011-03-17,8.26,8.56,8.13,8.48,21254603,269441120.000
2011-03-18,8.79,9.34,8.79,9.34,30721989,432760800.000
2011-03-21,8.89,8.89,8.40,8.43,37481102,483610144.000
2011-03-22,8.29,8.57,8.24,8.51,19461438,248556240.000
2011-03-23,8.42,8.53,8.31,8.52,13825764,176248736.000
2011-03-24,8.46,9.38,8.40,9.38,32597495,448692608.000
2011-03-25,9.53,9.84,9.40,9.58,35928439,521674880.000
2011-03-28,9.46,10.06,9.26,9.77,29955659,435408096.000
2011-03-29,9.60,9.72,9.04,9.16,20937304,296636160.000
2011-03-30,9.06,9.22,8.70,8.91,13214559,179421040.000
2011-03-31,8.84,9.01,8.62,8.66,8663183,114567808.000
2011-04-01,8.66,8.89,8.61,8.82,6582880,87297472.000
2011-04-06,8.79,9.10,8.67,8.99,8984559,121553136.000
2011-04-07,8.92,9.38,8.78,9.28,10862623,150158624.000
2011-04-08,9.20,9.34,9.06,9.18,6656934,92126048.000
2011-04-11,9.22,9.32,8.91,9.04,8902570,122423312.000
2011-04-12,8.98,9.11,8.92,8.98,5209987,71040128.000
2011-04-13,8.91,9.11,8.91,9.08,5004912,68378368.000
2011-04-14,9.02,9.38,8.97,9.30,10151216,141193760.000
2011-04-18,9.19,9.50,9.07,9.49,9434581,132241664.000
2011-04-19,9.38,10.45,9.31,10.20,32184128,488976160.000
2011-04-20,10.04,10.40,9.73,10.12,21741171,329265216.000
2011-04-21,10.01,10.28,9.82,10.07,15233462,231081328.000
2011-04-22,10.05,10.06,9.62,9.64,9803138,145136832.000
2011-04-25,9.62,9.90,9.56,9.80,7687163,113438304.000
2011-04-26,9.69,9.76,9.32,9.54,7102758,101943392.000
2011-04-27,9.50,9.71,9.40,9.58,6070465,87635488.000
2011-04-28,9.60,9.70,8.68,8.69,8193594,114081680.000
2011-04-29,8.68,8.94,8.58,8.90,5071571,67547728.000
2011-05-03,8.90,9.12,8.70,9.04,3710647,50073956.000
2011-05-04,9.02,9.08,8.71,8.78,3878121,52230680.000
2011-05-05,8.72,9.10,8.72,8.92,3215705,43459896.000
2011-05-06,8.86,9.22,8.84,9.18,4148942,56969248.000
2011-05-09,9.15,9.80,9.09,9.46,6444287,92478528.000
2011-05-10,9.66,9.91,9.52,9.68,7925860,116592744.000
2011-05-11,9.52,9.90,9.51,9.82,6782229,100117072.000
2011-05-12,9.78,10.04,9.70,9.78,8583225,128454048.000
2011-05-13,9.69,9.92,9.34,9.62,6679806,96470280.000
2011-05-16,9.78,10.03,9.64,9.78,6255215,61595320.000
2011-05-17,9.69,9.73,9.29,9.54,8565490,81363864.000
2011-05-18,9.51,10.50,9.34,10.35,39355300,406110144.000
2011-05-19,10.12,10.45,9.97,10.21,22931709,233271648.000
2011-05-20,10.21,10.65,10.03,10.39,22813204,238072368.000
2011-05-23,10.19,10.19,9.40,9.54,18193337,178605760.000
2011-05-24,9.34,9.52,9.04,9.40,9637622,89263840.000
2011-05-25,9.21,10.16,9.21,9.64,13634239,133265984.000
2011-05-26,9.59,9.91,9.34,9.53,9003527,86628216.000
2011-05-27,9.45,9.60,8.94,8.95,9701002,88612288.000
2011-05-30,8.89,9.08,8.49,8.60,6357299,55884784.000
2011-05-31,8.62,9.04,8.54,8.99,6667767,58842980.000
2011-06-01,8.98,9.34,8.85,9.14,7656068,69834104.000
2011-06-02,8.98,9.24,8.73,9.08,7185604,64456264.000
2011-06-03,9.03,9.54,9.00,9.34,9537434,89709032.000
2011-06-07,9.34,9.87,9.29,9.67,10442456,101149456.000
2011-06-08,9.69,9.69,9.29,9.59,9557261,90675104.000
2011-06-09,9.57,9.87,9.46,9.56,12899308,124744912.000
2011-06-10,9.39,9.54,8.99,9.33,9576893,88460224.000
2011-06-13,9.23,9.26,9.01,9.18,4147828,37922964.000
2011-06-14,9.18,9.46,9.14,9.30,5706326,53258892.000
2011-06-15,9.31,9.37,9.07,9.15,5383198,49522400.000
2011-06-16,9.02,9.21,8.83,9.18,7216785,65007744.000
2011-06-17,9.14,9.16,8.88,9.01,3502655,31714752.000
2011-06-20,8.85,9.03,8.62,9.01,4002921,35428416.000
2011-06-21,9.04,9.14,8.87,9.13,3999470,36119232.000
2011-06-22,9.13,9.13,8.94,9.02,3115711,28169058.000
2011-06-23,8.99,9.17,8.79,9.08,4510270,40492760.000
2011-06-24,9.02,9.40,9.00,9.26,8333677,77113032.000
2011-06-27,9.26,9.46,9.21,9.37,7773970,72655344.000
2011-06-28,9.34,10.09,9.26,9.84,20483631,201711760.000
2011-06-29,9.70,9.93,9.61,9.69,10805019,105440880.000
2011-06-30,9.61,9.83,9.61,9.77,8011263,78022984.000
2011-07-01,9.77,9.82,9.64,9.72,6574400,64073204.000
2011-07-04,9.72,9.86,9.66,9.83,10392264,101623736.000
2011-07-05,9.81,10.14,9.73,10.11,16736039,167163776.000
2011-07-06,10.04,10.10,9.87,10.03,10037092,100268208.000
2011-07-07,10.03,10.05,9.77,9.78,10503939,103707456.000
2011-07-08,9.69,9.83,9.62,9.70,5252389,51069512.000
2011-07-11,9.67,10.28,9.59,10.22,14799086,147888560.000
2011-07-12,10.04,10.22,9.95,9.96,10295774,103458920.000
2011-07-13,9.94,10.54,9.92,10.28,18352228,190174976.000
2011-07-14,10.29,11.00,10.24,10.92,29851825,316987808.000
2011-07-15,10.79,11.28,10.72,11.13,29543719,325280480.000
2011-07-18,11.17,11.49,10.85,10.87,20152772,224369952.000
2011-07-19,10.75,11.08,10.66,10.92,11055010,120269832.000
2011-07-20,10.92,10.99,10.57,10.72,9477398,102053808.000
2011-07-21,10.69,10.93,10.60,10.77,9028398,97131416.000
2011-07-22,10.81,10.95,10.51,10.54,11226040,120428944.000
2011-07-25,10.38,10.39,9.78,9.79,13336814,134186888.000
2011-07-26,9.79,9.90,9.64,9.88,6037891,59328668.000
2011-07-27,9.83,10.28,9.69,10.16,7968353,80257736.000
2011-07-28,9.99,10.36,9.95,10.20,6968558,71314136.000
2011-07-29,10.21,10.34,10.06,10.21,5222000,53199420.000
2011-08-01,10.16,10.31,10.04,10.15,4388239,44713644.000
2011-08-02,10.08,10.28,9.79,10.28,7838475,78969056.000
2011-08-03,10.19,10.69,10.08,10.59,10445909,109773000.000
2011-08-04,10.59,10.77,10.46,10.60,5360450,56706104.000
2011-08-05,10.19,10.52,10.09,10.47,6481663,67285712.000
2011-08-08,10.29,10.47,9.42,10.10,9945392,99306848.000
2011-08-09,9.71,10.14,9.57,9.89,6479303,64188740.000
2011-08-10,10.14,10.19,9.88,9.89,6571541,66081332.000
2011-08-11,9.69,10.20,9.59,10.16,7071645,70678624.000
2011-08-12,10.22,10.29,10.09,10.18,6835630,69725632.000
2011-08-15,10.24,10.50,10.14,10.46,7852419,81398768.000
2011-08-16,10.50,10.51,10.24,10.28,5568166,57704660.000
2011-08-17,10.27,10.83,10.20,10.69,13646942,144895888.000
2011-08-18,10.60,10.78,10.29,10.32,7994381,83911376.000
2011-08-22,10.24,10.38,9.96,10.01,6144640,62262744.000
2011-08-23,10.09,10.19,9.95,10.12,4104947,41406100.000
2011-08-24,10.21,10.39,10.14,10.15,4446116,45751704.000
2011-08-25,10.17,10.34,9.99,10.32,5897766,60124212.000
2011-08-26,10.29,10.44,10.22,10.37,4700567,48712856.000
2011-08-29,10.28,10.72,10.26,10.42,7520523,79093416.000
2011-08-30,10.49,10.57,10.10,10.13,7020553,72737464.000
2011-08-31,10.09,10.35,10.08,10.26,3436083,35149552.000
2011-09-01,10.25,10.31,10.02,10.12,3450778,35072464.000
2011-09-02,10.12,10.12,9.80,9.85,4361532,43355400.000
2011-09-05,9.69,9.74,9.29,9.50,5172351,49063568.000
2011-09-06,9.44,9.47,9.34,9.43,1749657,16456234.000
2011-09-07,9.41,9.64,9.41,9.62,2196008,21015778.000
2011-09-08,9.69,9.82,9.54,9.62,3287681,31869368.000
2011-09-09,9.61,9.72,9.37,9.39,2330208,22158874.000
2011-09-13,9.27,9.27,9.09,9.13,2273503,20832874.000
2011-09-14,9.17,9.27,8.94,9.25,2172315,19833098.000
2011-09-15,9.29,9.34,9.20,9.22,1878349,17419868.000
2011-09-16,9.23,9.32,9.10,9.13,1588226,14653188.000
2011-09-19,9.11,9.11,8.86,8.87,2368700,21189288.000
2011-09-20,8.89,9.00,8.79,8.89,1346473,12011784.000
2011-09-21,8.89,9.26,8.78,9.23,3213333,29241700.000
2011-09-22,9.13,9.24,8.91,8.92,2846333,25905040.000
2011-09-23,8.77,8.94,8.67,8.93,2392534,20996868.000
2011-09-26,8.82,9.00,8.70,8.79,1584238,14008797.000
2011-09-27,8.89,8.91,8.72,8.83,1110143,9805811.000
2011-09-28,8.94,8.96,8.73,8.82,1356920,12029560.000
2011-09-29,8.82,8.82,8.39,8.45,2071383,17755232.000
2011-09-30,8.46,8.57,8.24,8.41,1486430,12436670.000
2011-10-10,8.41,8.48,8.24,8.26,930030,7760598.000
2011-10-11,8.42,8.50,8.23,8.34,1542853,12933524.000
2011-10-12,8.32,8.64,8.25,8.63,2383922,20320936.000
2011-10-13,8.57,8.89,8.53,8.76,2556514,22431732.000
2011-10-14,8.73,8.76,8.59,8.68,1277212,11083110.000
2011-10-17,8.59,8.77,8.59,8.73,1341716,11645325.000
2011-10-18,8.61,8.66,8.34,8.37,1705639,14519007.000
2011-10-19,8.45,8.45,8.18,8.23,1918624,15889964.000
2011-10-20,8.23,8.25,7.81,7.84,2179502,17387988.000
2011-10-21,7.84,7.88,7.56,7.64,1252832,9661431.000
2011-10-24,7.64,7.71,7.35,7.64,3118233,23637044.000
2011-10-25,7.65,7.96,7.43,7.93,5701764,43862432.000
2011-10-26,7.80,8.09,7.75,7.98,5231152,41643040.000
2011-10-27,7.98,8.16,7.96,8.08,4324367,34916536.000
2011-10-28,8.24,8.25,8.07,8.23,4172370,34093204.000
2011-10-31,8.23,8.42,8.23,8.41,4350754,36339788.000
2011-11-01,8.40,8.57,8.29,8.46,5225427,44175932.000
2011-11-02,8.30,8.86,8.19,8.80,10117571,86596064.000
2011-11-03,8.70,9.26,8.60,8.61,14837814,130371240.000
2011-11-04,8.53,8.82,8.39,8.73,8152323,69891408.000
2011-11-07,8.59,8.76,8.46,8.49,5643699,48457032.000
2011-11-08,8.47,8.55,8.31,8.34,2994721,25313494.000
2011-11-09,8.36,8.69,8.24,8.60,5294110,45094740.000
2011-11-10,8.48,8.76,8.37,8.51,6006831,51517108.000
2011-11-11,8.47,8.61,8.39,8.43,2893246,24561812.000
2011-11-14,8.55,8.59,8.49,8.58,4169153,35704056.000
2011-11-15,8.59,8.73,8.57,8.71,5330807,46193608.000
2011-11-16,8.72,8.76,8.34,8.36,4875856,41484032.000
2011-11-17,8.35,8.48,8.33,8.37,1966114,16520214.000
2011-11-18,8.31,8.31,7.87,7.90,4209195,33793628.000
2011-11-21,7.95,7.97,7.79,7.93,1475148,11644760.000
2011-11-22,7.89,7.92,7.77,7.84,1173163,9219117.000
2011-11-23,7.88,7.90,7.77,7.81,1208478,9488695.000
2011-11-24,7.75,7.88,7.64,7.77,1682252,13054341.000
2011-11-28,7.72,7.99,7.72,7.93,2614642,20695946.000
2011-11-29,7.99,8.29,7.98,8.23,4196468,34310680.000
2011-11-30,8.24,8.44,7.79,7.95,5250176,42925144.000
2011-12-01,8.14,8.33,8.02,8.08,4561998,37318536.000
2011-12-02,7.99,8.02,7.74,7.77,2891997,22709104.000
2011-12-05,7.77,7.77,7.39,7.39,2409738,18029068.000
2011-12-06,7.39,7.51,7.33,7.45,1358856,10094951.000
2011-12-07,7.45,7.51,7.37,7.46,1016729,7597465.000
2011-12-08,7.44,7.49,7.26,7.39,1252584,9256159.000
2011-12-09,7.28,7.40,7.15,7.21,1807610,13111245.000
2011-12-12,7.20,7.25,6.98,7.22,1955099,13954427.000
2011-12-13,7.14,7.19,6.75,7.10,4398766,30477328.000
2011-12-14,7.00,7.10,6.92,7.08,2077320,14569232.000
2011-12-15,7.04,7.04,6.79,6.91,2132879,14792123.000
2011-12-16,6.91,7.05,6.82,7.04,1299759,9024140.000
2011-12-19,7.03,7.03,6.79,6.97,1389914,9598964.000
2011-12-20,6.94,7.07,6.89,7.01,1242595,8698372.000
2011-12-21,7.03,7.08,6.92,6.92,1167067,8195976.000
2011-12-22,6.84,6.99,6.38,6.98,2648472,17741092.000
2011-12-23,6.90,7.05,6.80,7.01,1731402,12056003.000
2011-12-26,7.04,7.06,6.95,7.01,1356297,9508323.000
2011-12-27,6.91,6.96,6.79,6.89,1125600,7768568.000
2011-12-28,6.81,6.91,6.56,6.90,1420944,9600252.000
2011-12-29,6.82,6.90,6.81,6.84,621882,4270654.000
2011-12-30,6.94,6.94,6.84,6.87,627222,4319579.000
2012-01-04,6.91,6.98,6.60,6.78,839084,5724788.000
2012-01-05,6.67,6.73,6.47,6.62,1502079,9942697.000
2012-01-06,6.49,6.72,6.47,6.72,1336601,8852559.000
2012-01-09,6.73,6.96,6.57,6.94,1231122,8456798.000
2012-01-10,6.95,7.16,6.88,7.15,1876437,13281290.000
2012-01-11,7.09,7.18,7.04,7.08,1746720,12444146.000
2012-01-12,7.04,7.17,7.00,7.15,1471301,10488848.000
2012-01-13,7.17,7.18,6.80,6.96,1518426,10596291.000
2012-01-16,6.84,7.01,6.80,6.94,968055,6697644.000
2012-01-17,6.94,7.24,6.87,7.21,2497344,17729978.000
2012-01-18,7.21,7.24,6.97,6.97,1707652,12161475.000
2012-01-19,6.82,7.00,6.82,6.95,1873277,12952506.000
2012-01-20,6.97,7.00,6.89,6.97,1826589,12717705.000
2012-01-30,6.99,7.03,6.85,6.93,1896149,13148961.000
2012-01-31,6.93,6.94,6.72,6.93,2311588,15790602.000
2012-02-01,6.82,6.93,6.81,6.91,1257469,8664334.000
2012-02-02,6.85,6.98,6.84,6.96,1368473,9470816.000
2012-02-03,6.96,7.14,6.92,7.09,2471660,17472832.000
2012-02-06,7.09,7.14,7.04,7.12,2275221,16157818.000
2012-02-07,7.12,7.13,6.96,6.99,1367609,9606868.000
2012-02-08,6.96,7.13,6.93,7.11,2138791,15126299.000
2012-02-09,7.10,7.29,7.08,7.23,4537960,32728644.000
2012-02-10,7.21,7.26,7.10,7.16,3338458,24040168.000
2012-02-13,7.13,7.47,7.07,7.29,4935387,36185452.000
2012-02-14,7.30,7.44,7.25,7.34,3784825,27820084.000
2012-02-15,7.34,7.48,7.30,7.47,3916496,29081384.000
2012-02-16,7.45,7.93,7.43,7.65,7109214,54845740.000
2012-02-17,7.59,7.65,7.45,7.52,3070218,23128822.000
2012-02-20,7.61,7.64,7.41,7.45,2921090,21965774.000
2012-02-21,7.45,7.47,7.27,7.46,2171734,16046768.000
2012-02-22,7.47,7.76,7.46,7.75,5653471,43184312.000
2012-02-23,7.77,8.53,7.73,8.49,17696853,144857664.000
2012-02-24,8.34,8.79,8.23,8.45,18245554,153449680.000
2012-02-27,8.28,8.42,8.24,8.28,10021498,83253584.000
2012-02-28,8.20,8.20,8.06,8.13,5065771,41206488.000
2012-02-29,8.12,8.22,8.08,8.09,2521563,20545750.000
2012-03-01,8.08,8.16,8.02,8.09,2435285,19703506.000
2012-03-02,8.12,8.26,8.09,8.23,3472878,28476904.000
2012-03-05,8.30,8.30,8.13,8.16,3686952,30269136.000
2012-03-06,8.15,8.15,7.89,7.98,3812552,30445126.000
2012-03-07,7.91,8.04,7.81,7.88,3168508,25129400.000
2012-03-08,7.93,8.06,7.92,8.01,2940662,23517468.000
2012-03-09,8.05,8.09,7.98,8.09,2884145,23243400.000
2012-03-12,8.09,8.27,8.09,8.19,3601584,29511640.000
2012-03-13,8.24,8.26,8.12,8.15,2750107,22463700.000
2012-03-14,8.20,8.25,7.54,7.66,6592052,52669464.000
2012-03-15,7.66,7.73,7.39,7.57,4377090,33067904.000
2012-03-16,7.57,7.73,7.51,7.73,3024908,23164630.000
2012-03-19,7.71,7.89,7.69,7.83,5079154,39702840.000
2012-03-20,7.86,7.86,7.53,7.54,3673384,28082484.000
2012-03-21,7.64,7.64,7.41,7.59,2305777,17380544.000
2012-03-22,7.59,7.59,7.44,7.52,2338849,17595928.000
2012-03-23,7.52,7.65,7.41,7.50,2641212,19843752.000
2012-03-26,7.45,7.52,7.34,7.44,1825829,13589975.000
2012-03-27,7.47,7.52,7.41,7.45,1543225,11540276.000
2012-03-28,7.36,7.42,6.98,6.99,3273876,23437748.000
2012-03-29,6.99,7.22,6.77,7.08,4327863,30500772.000
2012-03-30,7.07,7.31,6.93,7.29,3748432,26909416.000
2012-04-05,7.20,7.40,7.20,7.34,1916973,14052916.000
2012-04-06,7.33,7.40,7.22,7.27,1697857,12403009.000
2012-04-09,7.29,7.29,7.11,7.12,1342653,9643498.000
2012-04-10,7.05,7.21,6.99,7.20,1345527,9543573.000
2012-04-11,7.14,7.26,7.07,7.22,1560530,11208745.000
2012-04-12,7.22,7.44,7.22,7.39,3179679,23411408.000
2012-04-16,7.44,7.67,7.30,7.60,6917878,52486196.000
2012-04-17,7.56,7.89,7.48,7.80,8811371,68443200.000
2012-04-18,7.69,7.82,7.55,7.78,6160777,47595640.000
2012-04-19,7.69,7.94,7.66,7.77,4305688,33698588.000
2012-04-20,7.69,7.77,7.59,7.65,4645108,35659376.000
2012-04-23,7.66,7.84,7.65,7.72,4489877,34867344.000
2012-04-24,7.69,7.76,7.12,7.73,5296245,39845892.000
2012-04-25,7.56,7.79,7.56,7.78,3646555,28066000.000
2012-04-26,7.69,8.02,7.68,7.80,5493961,43412324.000
2012-04-27,7.82,7.98,7.81,7.83,3795954,30005402.000
2012-05-02,7.99,8.04,7.72,7.89,3333219,26218144.000
2012-05-03,7.85,8.06,7.78,8.01,4558070,36265024.000
2012-05-04,7.97,7.99,7.82,7.86,3434729,27101378.000
2012-05-07,7.84,7.86,7.72,7.84,2498078,19468336.000
2012-05-08,7.82,7.88,7.71,7.77,2300876,17879100.000
2012-05-09,7.71,7.73,7.56,7.66,2914482,22268978.000
2012-05-10,7.60,7.80,7.60,7.71,2234568,17228604.000
2012-05-11,7.67,8.18,7.64,8.11,10829290,86561392.000
2012-05-14,8.13,8.69,8.04,8.20,17405186,144968432.000
2012-05-15,8.04,8.07,7.79,7.89,7066596,55834384.000
2012-05-16,7.84,8.38,7.79,8.17,8442496,68386128.000
2012-05-17,8.08,8.25,8.03,8.12,6427549,52476512.000
2012-05-18,8.04,8.09,7.76,7.90,5394457,42688808.000
2012-05-21,7.81,7.99,7.79,7.88,2275455,17956712.000
2012-05-22,7.85,8.12,7.85,8.11,4918678,39626596.000
2012-05-23,8.09,8.34,8.01,8.30,7699934,63016592.000
2012-05-24,8.26,8.27,8.02,8.05,4789900,39008260.000
2012-05-25,8.05,8.09,7.85,7.97,2941967,23408828.000
2012-05-30,7.82,7.90,7.61,7.78,6222215,48473316.000
2012-05-31,7.73,7.88,7.68,7.84,3326768,26066032.000
2012-06-01,7.83,7.85,7.57,7.61,4576761,35251992.000
2012-06-04,7.49,7.55,7.40,7.42,2473481,18517668.000
2012-06-05,7.42,7.63,7.42,7.53,2043324,15430525.000
2012-06-06,7.58,7.58,7.37,7.40,1722509,12845596.000
2012-06-07,7.45,7.49,7.33,7.37,1122543,8336680.000
2012-06-08,7.49,7.49,7.29,7.31,1040909,7678411.000
2012-06-11,7.34,7.42,7.26,7.41,963215,7103579.000
2012-06-12,7.42,7.49,7.37,7.43,1489154,11092614.000
2012-06-13,7.43,7.72,7.41,7.62,1941580,14725209.000
2012-06-14,7.60,7.63,7.49,7.50,1425326,10787092.000
2012-06-15,7.51,7.68,7.51,7.63,2289527,17461940.000
2012-06-18,7.67,7.85,7.62,7.80,3512586,27341728.000
2012-06-19,7.79,7.86,7.69,7.72,3111646,24281412.000
2012-06-20,7.74,7.76,7.41,7.42,3397549,25696944.000
2012-06-21,7.41,7.41,7.25,7.31,1990836,14559881.000
2012-06-25,7.30,7.31,7.17,7.18,1294055,9367669.000
2012-06-26,7.10,7.24,7.03,7.17,1196704,8545228.000
2012-06-27,7.15,7.25,7.13,7.17,935527,6741035.000
2012-06-28,7.20,7.28,7.09,7.17,1188198,8526833.000
2012-06-29,7.16,7.32,7.08,7.28,1686900,12217072.000
2012-07-02,7.28,7.47,7.28,7.39,2167556,16039498.000
2012-07-03,7.41,7.49,7.25,7.32,2035928,15082001.000
2012-07-04,7.31,7.37,7.24,7.32,1394219,10195637.000
2012-07-05,7.32,7.32,7.14,7.24,1638449,11849729.000
2012-07-06,7.29,7.51,7.16,7.46,2507281,18533358.000
2012-07-09,7.39,7.53,7.31,7.32,3862647,28756300.000
2012-07-10,7.24,7.33,7.01,7.28,2596342,18619068.000
2012-07-11,7.24,7.32,7.14,7.32,1170912,8473762.000
2012-07-12,7.34,7.62,7.27,7.46,4414347,33093468.000
2012-07-13,7.46,7.79,7.38,7.68,4880748,37021880.000
2012-07-16,7.61,7.67,7.23,7.25,4054555,30400852.000
2012-07-17,7.17,7.31,7.04,7.29,2580796,18446068.000
2012-07-18,7.17,7.32,7.07,7.24,1871238,13417590.000
2012-07-19,7.16,7.31,7.14,7.24,1843490,13379588.000
2012-07-20,7.24,7.34,7.21,7.28,1284487,9354225.000
2012-07-23,7.22,7.34,7.17,7.30,1533125,11187339.000
2012-07-24,7.25,7.44,7.20,7.43,2512292,18500988.000
2012-07-25,7.41,7.45,7.30,7.31,1565185,11554830.000
2012-07-26,7.30,7.46,7.09,7.23,2704998,19806620.000
2012-07-27,7.25,7.31,7.01,7.07,2427722,17258442.000
2012-07-30,7.09,7.11,6.79,6.85,1527431,10580065.000
2012-07-31,6.82,6.88,6.72,6.87,1117668,7608899.000
2012-08-01,6.85,6.98,6.83,6.95,737705,5120487.000
2012-08-02,6.93,7.06,6.83,6.94,1319171,9143623.000
2012-08-03,6.92,7.06,6.89,7.03,1052173,7349987.000
2012-08-06,6.98,7.14,6.96,7.13,1294122,9168313.000
2012-08-07,7.13,7.16,7.07,7.14,1835733,13086598.000
2012-08-08,7.14,7.16,7.03,7.09,1343395,9532311.000
2012-08-09,7.06,7.29,7.06,7.25,2898043,20861034.000
2012-08-10,7.25,7.25,7.12,7.23,1532718,11030821.000
2012-08-13,7.25,7.30,7.04,7.04,1532161,10948187.000
2012-08-14,7.07,7.18,7.07,7.18,1292523,9237705.000
2012-08-15,7.19,7.19,7.06,7.08,852600,6072767.000
2012-08-16,7.04,7.11,6.92,6.98,879950,6192945.000
2012-08-17,6.98,7.04,6.91,7.02,553603,3859942.000
2012-08-20,6.98,7.07,6.88,7.02,978290,6818236.000
2012-08-21,7.06,7.19,7.06,7.15,1865344,13356899.000
2012-08-22,7.12,7.15,7.00,7.04,1067307,7557305.000
2012-08-23,7.05,7.07,6.97,7.05,783947,5519804.000
2012-08-24,7.00,7.02,6.87,6.89,1334912,9260530.000
2012-08-27,6.89,6.89,6.69,6.73,1163600,7905481.000
2012-08-28,6.73,6.85,6.73,6.80,531342,3611079.000
2012-08-29,6.79,6.84,6.71,6.73,670366,4537749.000
2012-08-30,6.77,6.79,6.52,6.67,1141629,7620191.000
2012-08-31,6.65,6.72,6.60,6.69,526239,3512865.000
2012-09-03,6.69,6.78,6.64,6.78,631598,4261325.000
2012-09-04,6.79,6.82,6.65,6.72,800745,5387452.000
2012-09-05,6.66,6.80,6.66,6.79,709048,4790127.000
2012-09-06,6.81,6.82,6.77,6.82,672848,4579916.000
2012-09-07,6.84,7.13,6.83,6.99,2524946,17632922.000
2012-09-10,6.99,7.04,6.95,7.02,1499333,10498006.000
2012-09-11,6.98,7.00,6.90,7.00,1159218,8071445.000
2012-09-12,7.00,7.04,6.94,7.01,1465045,10253674.000
2012-09-13,7.01,7.03,6.91,6.92,1069750,7470545.000
2012-09-14,6.95,7.04,6.90,7.00,1224776,8538901.000
2012-09-17,7.00,7.04,6.77,6.94,1926033,13330363.000
2012-09-18,6.89,6.95,6.80,6.94,1027086,7062051.000
2012-09-19,6.89,6.95,6.87,6.94,705873,4891070.000
2012-09-20,6.93,6.93,6.60,6.73,1400671,9438196.000
2012-09-21,6.68,6.81,6.62,6.79,902548,6080680.000
2012-09-24,6.69,6.81,6.59,6.79,1002508,6745400.000
2012-09-25,6.78,6.84,6.67,6.80,888049,6017968.000
2012-09-26,6.74,6.80,6.60,6.77,1350060,9068771.000
2012-09-27,6.76,6.92,6.69,6.89,2514306,17171108.000
2012-09-28,6.85,6.89,6.71,6.86,4989342,33933324.000
2012-10-08,6.82,6.85,6.74,6.79,1670002,11349645.000
2012-10-09,6.78,6.91,6.78,6.90,1970517,13552743.000
2012-10-10,6.91,6.96,6.87,6.94,1537743,10645721.000
2012-10-11,6.95,6.95,6.84,6.84,1091969,7527311.000
2012-10-12,6.84,6.89,6.76,6.80,815135,5569422.000
2012-10-15,6.79,6.81,6.71,6.79,713546,4831173.000
2012-10-16,6.79,6.89,6.73,6.84,1320869,9049014.000
2012-10-17,6.86,6.87,6.75,6.83,722609,4922134.000
2012-10-18,6.82,6.95,6.80,6.89,1743497,12021959.000
2012-10-19,6.91,6.91,6.83,6.84,1175400,8081837.000
2012-10-22,6.79,7.19,6.79,6.98,4871847,34407092.000
2012-10-23,6.97,7.02,6.90,6.99,2503060,17462304.000
2012-10-24,6.98,7.00,6.91,6.97,1728762,12039330.000
2012-10-25,6.96,7.04,6.90,6.91,1602902,11198416.000
2012-10-26,6.90,7.03,6.85,6.92,2256464,15684543.000
2012-10-29,6.92,6.92,6.76,6.79,1196563,8165774.000
2012-10-30,6.82,6.89,6.79,6.81,643411,4407189.000
2012-10-31,6.84,6.84,6.74,6.79,824480,5601381.000
2012-11-01,6.81,6.99,6.78,6.94,1918052,13279151.000
2012-11-02,6.96,7.01,6.92,6.99,1382120,9638238.000
2012-11-05,6.98,7.16,6.94,7.09,3331739,23613480.000
2012-11-06,7.04,7.12,6.97,7.10,2388134,16867202.000
2012-11-07,7.11,7.64,7.07,7.27,9562159,70661144.000
2012-11-08,7.18,7.31,7.09,7.09,4797913,34459960.000
2012-11-09,7.00,7.07,6.87,6.94,3429242,23900400.000
2012-11-12,6.87,6.98,6.87,6.97,1837550,12721589.000
2012-11-13,6.99,7.02,6.80,6.82,1718690,11800888.000
2012-11-14,6.78,6.86,6.67,6.77,1143893,7718294.000
2012-11-15,6.77,6.81,6.60,6.66,1232112,8305214.000
2012-11-16,6.69,6.69,6.59,6.67,999212,6628939.000
2012-11-19,6.67,6.75,6.61,6.73,613299,4093332.000
2012-11-20,6.74,6.77,6.69,6.69,507326,3416204.000
2012-11-21,6.66,6.77,6.60,6.74,825821,5532315.000
2012-11-22,6.69,6.75,6.64,6.65,596670,4004909.000
2012-11-23,6.66,6.70,6.62,6.66,492471,3291427.000
2012-11-26,6.68,6.69,6.45,6.48,1334447,8768630.000
2012-11-27,6.46,6.51,6.18,6.20,1285653,8096409.000
2012-11-28,6.14,6.20,5.97,5.99,1088395,6602733.000
2012-11-29,5.99,6.13,5.90,5.99,491351,2965365.000
2012-11-30,6.00,6.08,5.98,6.07,509041,3074386.000
2012-12-03,6.05,6.08,5.67,5.68,1149000,6776584.000
2012-12-04,5.59,5.73,5.52,5.73,949950,5334736.000
2012-12-05,5.69,5.97,5.69,5.93,1558452,9189178.000
2012-12-06,5.94,5.96,5.82,5.92,969789,5715137.000
2012-12-07,5.89,6.07,5.87,6.06,1450464,8711932.000
2012-12-10,6.00,6.15,6.00,6.08,2049174,12493879.000
2012-12-11,6.07,6.07,5.97,6.00,1695821,10220737.000
2012-12-12,6.04,6.06,5.90,5.99,1132907,6765956.000
2012-12-13,5.90,6.02,5.89,5.96,1579639,9429686.000
2012-12-14,5.96,6.24,5.92,6.18,3537345,21663542.000
2012-12-17,6.16,6.23,6.10,6.19,3136422,19307532.000
2012-12-18,6.22,6.26,6.14,6.19,2632543,16336118.000
2012-12-19,6.19,6.19,6.13,6.16,1430653,8819341.000
2012-12-20,6.15,6.18,6.09,6.16,1516323,9316741.000
2012-12-21,6.15,6.26,6.14,6.19,2129713,13222725.000
2012-12-24,6.14,6.33,6.14,6.24,2476125,15507107.000
2012-12-25,6.25,6.36,6.23,6.33,3466592,21899980.000
2012-12-26,6.33,6.38,6.27,6.37,2690424,17024154.000
2012-12-27,6.37,6.41,6.29,6.29,2467526,15616502.000
2012-12-28,6.33,6.34,6.25,6.33,1930624,12218287.000
2012-12-31,6.33,6.43,6.31,6.41,2703972,17258324.000
2013-01-04,6.43,6.45,6.28,6.32,2418104,15342135.000
2013-01-07,6.34,6.52,6.34,6.50,4322093,27958368.000
2013-01-08,6.47,6.61,6.45,6.56,3708462,24241376.000
2013-01-09,6.50,6.58,6.44,6.49,2523913,16450484.000
2013-01-10,6.46,6.58,6.46,6.56,2741276,17926854.000
2013-01-11,6.56,6.62,6.44,6.45,3410564,22341660.000
2013-01-14,6.45,6.71,6.45,6.70,5125272,33921888.000
2013-01-15,6.74,6.92,6.66,6.82,5152648,35046264.000
2013-01-16,6.80,6.81,6.67,6.81,4140885,27924026.000
2013-01-17,6.80,6.80,6.64,6.67,2723162,18273994.000
2013-01-18,6.67,6.75,6.65,6.73,2135381,14327686.000
2013-01-21,6.77,6.77,6.69,6.77,2397328,16161654.000
2013-01-22,6.76,6.81,6.59,6.64,2526487,16934524.000
2013-01-23,6.59,6.81,6.54,6.75,3219024,21588022.000
2013-01-24,6.69,6.97,6.55,6.72,5321747,36330776.000
2013-01-25,6.61,6.87,6.59,6.86,5321633,36099700.000
2013-01-28,6.88,6.98,6.81,6.93,4702640,32471550.000
2013-01-29,6.89,7.05,6.86,6.92,4401928,30694220.000
2013-01-30,6.93,7.04,6.79,6.96,4405989,30442894.000
2013-01-31,6.91,6.95,6.80,6.87,2667874,18302916.000
2013-02-01,6.87,6.94,6.80,6.89,2520555,17377588.000
2013-02-04,6.89,6.92,6.74,6.75,2942367,20057468.000
2013-02-05,6.74,6.80,6.66,6.79,2829756,19020336.000
2013-02-06,6.78,6.89,6.76,6.88,2726790,18665262.000
2013-02-07,6.84,6.87,6.77,6.82,1726051,11770515.000
2013-02-08,6.82,6.95,6.82,6.91,2410580,16658838.000
2013-02-18,6.94,7.00,6.87,6.98,3610340,25082284.000
2013-02-19,6.96,6.98,6.85,6.89,2938898,20397804.000
2013-02-20,6.94,7.18,6.89,7.15,6491473,46069812.000
2013-02-21,7.17,7.41,7.00,7.10,9177244,66197760.000
2013-02-22,7.10,7.22,7.06,7.08,3869604,27614410.000
2013-02-25,7.08,7.16,7.01,7.08,2646682,18719088.000
2013-02-26,7.06,7.32,7.02,7.13,5729837,41332676.000
2013-02-27,7.14,7.18,6.97,7.00,3714113,26227760.000
2013-02-28,7.05,7.08,6.89,7.05,3342316,23398032.000
2013-03-01,7.06,7.18,7.02,7.17,4003230,28477884.000
2013-03-04,7.17,7.25,6.95,7.06,5220001,37321116.000
2013-03-05,7.09,7.26,7.05,7.25,5453018,39375016.000
2013-03-06,7.24,7.62,7.23,7.40,10827947,81058328.000
2013-03-07,7.35,7.47,7.15,7.27,5536358,40481044.000
2013-03-08,7.30,7.34,7.14,7.18,2930451,21164276.000
2013-03-11,7.18,7.47,7.10,7.46,5074621,37384656.000
2013-03-12,7.47,7.49,7.15,7.35,4932267,36132472.000
2013-03-13,7.29,7.29,7.15,7.26,2092390,15128553.000
2013-03-14,7.26,7.32,7.20,7.25,2077175,15076749.000
2013-03-15,7.25,7.49,7.20,7.40,5009742,37021840.000
2013-03-18,7.39,7.60,7.25,7.27,5034996,37473408.000
2013-03-19,7.27,7.31,6.77,6.94,6219997,43534908.000
2013-03-20,6.94,7.11,6.92,7.08,4038799,28334848.000
2013-03-21,7.13,7.61,7.12,7.41,9822466,72725792.000
2013-03-22,7.31,7.46,7.29,7.38,4626145,34160856.000
2013-03-25,7.41,7.49,7.32,7.39,2647881,19594052.000
2013-03-26,7.38,7.39,7.17,7.28,2577198,18709848.000
2013-03-27,7.27,7.33,7.19,7.29,2252726,16398242.000
2013-03-28,7.24,7.24,7.05,7.05,3141855,22406674.000
2013-03-29,7.05,7.19,7.04,7.12,1858091,13255225.000
2013-04-01,7.18,7.30,7.14,7.16,2288784,16532011.000
2013-04-02,7.13,7.19,6.93,6.97,2643671,18681746.000
2013-04-03,7.06,7.29,6.98,7.10,4418668,31595512.000
2013-04-08,7.26,7.45,7.14,7.43,8076502,59219352.000
2013-04-09,7.57,7.74,7.26,7.29,12148561,91397536.000
2013-04-10,7.20,7.24,7.05,7.12,5426118,38660432.000
2013-04-11,7.12,7.17,7.06,7.12,2765475,19658600.000
2013-04-12,7.11,7.11,6.94,6.96,2889604,20300784.000
2013-04-15,6.97,7.07,6.84,6.85,2111081,14633527.000
2013-04-16,6.74,6.79,6.59,6.77,2714285,18167808.000
2013-04-17,6.79,6.89,6.71,6.88,1865020,12720539.000
2013-04-18,6.82,6.88,6.76,6.77,2172551,14828325.000
2013-04-19,6.77,6.90,6.70,6.87,3027974,20757532.000
2013-04-22,7.55,7.55,7.19,7.29,18095875,133031480.000
2013-04-23,7.24,7.24,6.87,6.88,7580170,53166884.000
2013-04-24,6.85,7.03,6.82,6.92,4017244,27764360.000
2013-04-25,6.91,6.98,6.75,6.75,4358338,30025172.000
2013-04-26,6.74,6.81,6.54,6.56,3825641,25424892.000
2013-05-02,6.62,6.70,6.55,6.59,2020387,13340675.000
2013-05-03,6.64,6.72,6.60,6.68,2662694,17802566.000
2013-05-06,6.68,6.76,6.66,6.76,2864787,19263692.000
2013-05-07,6.76,6.77,6.68,6.73,2693954,18114198.000
2013-05-08,6.76,6.84,6.74,6.80,3519952,23947488.000
2013-05-09,6.77,6.77,6.57,6.61,4984843,33206848.000
2013-05-10,6.59,6.77,6.54,6.73,5445988,36365720.000
2013-05-14,6.98,7.40,6.90,7.14,22689980,163565840.000
2013-05-15,7.07,7.13,6.90,7.01,10556872,73844352.000
2013-05-16,6.94,7.18,6.92,7.10,7348607,52199980.000
2013-05-17,7.06,7.24,7.00,7.14,7035318,50321368.000
2013-05-20,7.13,7.15,7.03,7.12,6975534,49516088.000
2013-05-21,7.07,7.14,7.02,7.14,5761353,40841400.000
2013-05-22,7.11,7.21,7.08,7.11,5616583,40187148.000
2013-05-23,7.12,7.14,6.98,7.00,4180111,29538732.000
2013-05-24,7.00,7.23,7.00,7.14,6969074,49878100.000
2013-05-27,7.25,7.42,7.15,7.35,12289734,89971712.000
2013-05-28,7.33,7.34,7.18,7.26,6234449,45286808.000
2013-05-29,7.29,7.33,7.22,7.26,5498369,40031600.000
2013-05-30,7.23,7.41,7.19,7.35,8306417,60956524.000
2013-05-31,7.35,7.93,7.31,7.50,18121095,137856096.000
2013-06-03,7.48,7.87,7.44,7.74,17315136,133778104.000
2013-06-04,7.69,7.72,7.35,7.49,8788413,66251288.000
2013-06-05,7.48,7.98,7.38,7.95,20952793,164280976.000
2013-06-06,7.80,7.93,7.65,7.74,10845255,84343528.000
2013-06-07,7.69,7.74,7.14,7.19,12360268,91382792.000
2013-06-13,7.10,7.17,6.75,7.02,7391890,51422332.000
2013-06-14,7.02,7.21,6.98,7.11,6025246,42689420.000
2013-06-17,7.12,7.20,6.90,7.07,4925974,34804792.000
2013-06-18,7.10,7.17,7.05,7.10,3496138,24855364.000
2013-06-19,7.06,7.06,6.89,7.00,4106816,28596560.000
2013-06-20,6.98,7.05,6.78,6.81,4443047,30576674.000
2013-06-21,6.65,6.83,6.60,6.80,3676070,24694724.000
2013-06-24,6.79,6.80,6.25,6.35,4474055,29227728.000
2013-06-25,6.35,6.45,5.73,6.27,5830205,35558884.000
2013-06-26,6.28,6.39,6.11,6.37,3726536,23283720.000
2013-06-27,6.32,6.43,6.13,6.15,4381856,27563088.000
2013-06-28,6.07,6.23,6.00,6.17,2388715,14654428.000
2013-07-01,6.17,6.23,6.09,6.20,1707048,10541956.000
2013-07-02,6.22,6.34,6.18,6.33,2929187,18369360.000
2013-07-03,6.31,6.31,6.13,6.28,2523787,15683064.000
2013-07-04,6.22,6.41,6.13,6.32,3592183,22699468.000
2013-07-05,6.32,6.38,6.22,6.22,3034441,19123000.000
2013-07-08,6.14,6.14,5.87,5.89,3459426,20775842.000
2013-07-09,5.91,5.97,5.86,5.94,1576896,9322620.000
2013-07-10,5.90,6.14,5.90,6.12,2375333,14350565.000
2013-07-11,6.12,6.37,6.11,6.27,3727294,23360834.000
2013-07-12,6.28,6.35,6.17,6.20,3662910,22953894.000
数据来源:通达信
