600179 黑化股份 日线
      日期	    开盘	    最高	    最低	    收盘	    成交量	    成交额
2007-01-11,3.52,3.69,3.46,3.57,9108558,32537392.000
2007-01-12,3.60,3.89,3.57,3.61,16060674,59675096.000
2007-01-15,3.61,3.72,3.44,3.71,7406033,26722412.000
2007-01-16,3.71,3.71,3.58,3.64,5878362,21379794.000
2007-01-17,3.64,3.68,3.46,3.52,7166537,25669598.000
2007-01-18,3.50,3.61,3.45,3.60,4974413,17494836.000
2007-01-19,3.61,3.76,3.60,3.75,9329728,34385668.000
2007-01-22,3.78,3.94,3.75,3.92,12145933,46591992.000
2007-01-23,3.92,3.94,3.70,3.85,7957735,30427920.000
2007-01-24,3.84,4.08,3.75,4.02,11731571,46703440.000
2007-01-25,4.00,4.00,3.71,3.73,7738358,29916040.000
2007-01-26,3.68,3.73,3.36,3.67,6767843,24182460.000
2007-01-29,3.66,3.86,3.63,3.85,5831970,21906064.000
2007-01-30,3.89,4.08,3.75,3.96,15206061,60272764.000
2007-01-31,3.95,4.01,3.65,3.67,8972873,34663032.000
2007-02-01,3.60,3.76,3.53,3.70,5273317,19284106.000
2007-02-02,3.71,3.79,3.61,3.68,4411200,16329276.000
2007-02-05,3.65,3.83,3.65,3.80,4340590,16226301.000
2007-02-06,3.96,4.08,3.88,3.91,10218153,40519264.000
2007-02-07,3.85,4.05,3.84,4.01,9699061,38601472.000
2007-02-08,4.05,4.21,3.98,4.15,11884346,48958424.000
2007-02-09,4.14,4.23,4.04,4.11,6954224,28582412.000
2007-02-12,4.11,4.25,4.04,4.20,7862141,32416540.000
2007-02-13,4.20,4.20,4.09,4.17,4813721,19931940.000
2007-02-14,4.16,4.30,4.13,4.19,8754478,36822244.000
2007-02-15,4.18,4.37,4.18,4.34,9267834,39798096.000
2007-02-16,4.39,4.50,4.31,4.37,9342513,41265388.000
2007-02-26,4.40,4.72,4.40,4.68,9959513,45449032.000
2007-02-27,4.68,4.82,4.21,4.21,11191875,50864932.000
2007-02-28,4.18,4.52,4.11,4.47,8284986,35760036.000
2007-03-01,4.50,4.52,4.25,4.34,7850809,34213028.000
2007-03-02,4.36,4.59,4.36,4.50,8024700,36002588.000
2007-03-05,4.49,4.80,4.46,4.75,16166920,75181808.000
2007-03-06,4.70,4.71,4.55,4.65,7225206,33400662.000
2007-03-07,4.65,4.71,4.60,4.70,6198889,28889912.000
2007-03-08,4.72,4.86,4.62,4.85,7692543,36256712.000
2007-03-09,4.82,4.83,4.63,4.71,8489547,40140728.000
2007-03-12,4.70,4.83,4.69,4.81,8644504,41335292.000
2007-03-13,4.80,5.29,4.80,5.29,13528715,68954464.000
2007-03-14,5.30,5.82,5.10,5.51,33043744,181505344.000
2007-03-15,5.44,5.87,5.38,5.62,16264803,92089440.000
2007-03-16,5.62,5.68,5.20,5.38,13098934,71025904.000
2007-03-19,5.14,5.59,5.08,5.55,9121965,48555648.000
2007-03-20,5.52,5.66,5.41,5.61,7175846,39948048.000
2007-03-21,5.60,5.72,5.51,5.65,7202577,40494156.000
2007-03-22,5.61,5.79,5.60,5.62,8768581,49984212.000
2007-03-23,5.62,5.97,5.56,5.93,14427146,83935520.000
2007-03-26,5.95,6.52,5.95,6.51,25661694,164946496.000
2007-03-27,6.40,6.68,6.31,6.66,16712855,108747792.000
2007-03-28,6.65,6.71,6.16,6.45,17807924,115011200.000
2007-03-29,6.35,6.65,6.00,6.03,15245214,95362152.000
2007-03-30,5.96,6.08,5.88,6.02,8146899,48674556.000
2007-04-02,6.00,6.25,5.90,6.19,9324972,56236456.000
2007-04-03,6.22,6.44,6.12,6.40,9017199,56371304.000
2007-04-04,6.35,6.54,6.23,6.37,8592136,54981188.000
2007-04-05,6.36,6.48,6.27,6.39,7335673,46910988.000
2007-04-06,6.37,6.58,6.32,6.53,9772396,63529840.000
2007-04-09,6.53,7.18,6.53,7.18,22918839,159157936.000
2007-04-10,7.30,7.30,6.90,7.11,28194809,200770752.000
2007-04-11,7.11,7.23,7.03,7.14,13345246,95119904.000
2007-04-12,7.15,7.35,7.03,7.29,13044416,93572864.000
2007-04-13,7.29,7.29,6.98,7.03,13513329,96408240.000
2007-04-16,7.03,7.18,7.03,7.14,8421431,59925692.000
2007-04-17,7.14,7.46,7.14,7.42,14451755,105617824.000
2007-04-18,7.45,8.08,7.45,7.86,14157367,109891456.000
2007-04-19,7.75,7.75,7.07,7.19,15384376,113315232.000
2007-04-20,7.20,7.60,7.20,7.53,10712976,79902600.000
2007-04-23,7.71,8.12,7.70,7.90,12585848,99463912.000
2007-04-24,7.92,8.29,7.72,8.13,17860507,143474416.000
2007-04-25,8.09,8.80,7.85,8.62,20492130,174130912.000
2007-04-26,8.65,9.10,8.65,8.67,16564356,146037472.000
2007-04-30,8.70,8.80,8.20,8.39,12745080,106798952.000
2007-05-08,8.35,8.79,8.35,8.70,14159564,121392592.000
2007-05-09,8.65,9.20,8.41,9.20,19810606,176533728.000
2007-05-10,9.21,9.50,9.08,9.20,15133031,140145056.000
2007-05-11,9.10,9.10,8.80,8.99,10685792,95524600.000
2007-05-14,8.73,9.35,8.68,9.29,13678023,125331744.000
2007-05-15,9.41,9.85,9.10,9.15,18451936,175142816.000
2007-05-16,9.10,9.62,8.95,9.60,13176581,122265384.000
2007-05-17,9.64,10.56,9.64,10.39,22243414,227113888.000
2007-05-18,10.40,10.43,10.09,10.20,13150674,134740368.000
2007-05-21,9.70,10.84,9.62,10.53,14137831,147106928.000
2007-05-22,10.61,11.10,10.61,10.70,13588777,147270128.000
2007-05-23,10.58,10.89,10.50,10.79,13006357,138904320.000
2007-05-24,10.80,10.86,10.24,10.59,13755423,144144144.000
2007-05-25,10.50,10.85,10.33,10.70,13036655,138583088.000
2007-05-28,10.80,11.29,10.70,10.76,14686979,161283168.000
2007-05-29,10.76,11.29,10.55,11.22,20569761,224819776.000
2007-05-30,10.41,11.09,10.10,10.10,16342568,170772304.000
2007-05-31,9.85,9.89,9.09,9.09,13482019,123862528.000
2007-06-01,8.80,9.00,8.18,8.18,10136163,85506768.000
2007-06-04,7.70,7.70,7.36,7.36,3933000,29419058.000
2007-06-05,6.62,7.05,6.62,6.94,19461849,130421984.000
2007-06-06,7.05,7.29,6.68,7.00,15198792,106982504.000
2007-06-07,7.06,7.38,6.90,7.36,15576070,111632280.000
2007-06-08,7.42,7.67,7.35,7.41,13676596,102101656.000
2007-06-11,7.42,7.53,7.15,7.29,13788708,100814672.000
2007-06-12,7.25,7.32,6.56,7.11,15422361,107083840.000
2007-06-13,7.20,7.82,7.20,7.82,15812796,119601536.000
2007-06-14,8.00,8.40,7.70,8.04,25668186,208201472.000
2007-06-15,7.92,7.95,7.47,7.71,13745953,106406152.000
2007-06-18,7.85,7.98,7.72,7.81,10094816,79232808.000
2007-06-19,7.79,7.94,7.53,7.89,10526488,81243184.000
2007-06-20,7.85,8.28,7.60,7.64,12186755,97461120.000
2007-06-21,7.51,7.80,7.20,7.38,9061938,67260576.000
2007-06-22,7.35,7.36,6.64,6.67,11591011,80089808.000
2007-06-25,6.66,6.77,6.00,6.00,8077060,50059120.000
2007-06-26,5.74,6.07,5.40,6.05,8767027,49519800.000
2007-06-27,6.05,6.13,5.79,6.07,7839981,46916764.000
2007-06-28,5.99,6.25,5.46,5.56,7804922,46414472.000
2007-06-29,5.30,5.83,5.18,5.55,6933809,38296688.000
2007-07-02,5.58,5.87,5.52,5.86,5470218,31028676.000
2007-07-03,5.90,5.98,5.62,5.84,5011640,29065878.000
2007-07-04,5.88,5.90,5.40,5.49,3266049,18423814.000
2007-07-05,5.40,5.45,5.15,5.23,4556929,24154120.000
2007-07-06,5.33,5.75,5.33,5.75,14027175,79733840.000
2007-07-09,6.10,6.30,5.90,6.17,18896359,115339104.000
2007-07-10,6.09,6.09,5.82,5.88,7645735,45446860.000
2007-07-11,5.77,6.09,5.76,6.05,5263411,31578178.000
2007-07-12,6.08,6.13,5.94,6.04,3373374,20240276.000
2007-07-13,6.04,6.06,5.77,5.90,3106966,18234778.000
2007-07-16,5.89,5.91,5.43,5.61,4222888,23933100.000
2007-07-17,5.60,5.81,5.55,5.72,2498689,14241716.000
2007-07-18,5.70,5.77,5.51,5.67,3503742,19816104.000
2007-07-19,5.54,5.70,5.54,5.61,2276506,12810649.000
2007-07-20,5.66,5.99,5.61,5.89,5634997,32880260.000
2007-07-23,5.88,6.28,5.87,6.24,9500748,58459996.000
2007-07-24,6.37,6.58,6.25,6.27,11358675,72498824.000
2007-07-25,6.18,6.90,6.18,6.90,13977140,93971008.000
2007-07-26,7.18,7.23,6.93,7.06,18590114,131580928.000
2007-07-27,7.05,7.45,6.80,7.24,10407875,75050720.000
2007-07-30,7.20,7.89,7.12,7.81,16938928,125656576.000
2007-07-31,7.88,8.14,7.75,8.01,22214729,177506576.000
2007-08-01,8.02,8.05,7.21,7.21,15305608,115538520.000
2007-08-02,7.20,7.50,7.02,7.39,9742622,71191376.000
2007-08-03,7.40,7.50,7.13,7.20,8222799,59531492.000
2007-08-06,7.28,7.35,7.05,7.28,8716218,62491104.000
2007-08-07,7.29,7.40,7.08,7.24,8148001,59085120.000
2007-08-08,7.39,7.79,7.39,7.62,16959540,129015408.000
2007-08-09,7.66,7.79,7.30,7.39,8919673,66661744.000
2007-08-10,7.39,7.39,6.80,7.01,8162126,57392300.000
2007-08-13,7.06,7.11,6.74,6.93,5124066,35225632.000
2007-08-14,6.92,7.20,6.83,7.15,4869634,34421212.000
2007-08-15,7.18,7.20,6.75,6.96,5541075,38419252.000
2007-08-16,6.96,7.19,6.82,7.09,5282150,36937232.000
2007-08-17,7.12,7.24,7.00,7.09,7697597,55189388.000
2007-08-20,7.28,7.37,7.15,7.32,7506472,54669064.000
2007-08-21,7.44,7.60,7.36,7.39,9111433,68023992.000
2007-08-22,7.21,7.53,7.14,7.42,8538536,63007852.000
2007-08-23,7.48,7.97,7.34,7.80,15217073,117157200.000
2007-08-24,7.82,8.18,7.60,7.69,13272825,104517664.000
2007-08-27,7.70,7.80,7.38,7.47,9246738,69432992.000
2007-08-28,7.45,7.67,7.27,7.55,7089496,53068700.000
2007-08-29,7.54,7.54,7.20,7.28,6085935,44789368.000
2007-08-30,7.31,7.86,7.30,7.85,12580582,95722408.000
2007-08-31,8.18,8.64,8.18,8.64,44951947,382611680.000
2007-09-03,8.64,9.50,8.49,9.50,38020897,348110816.000
2007-09-05,9.80,9.80,8.60,9.10,25107573,227489392.000
2007-09-06,9.00,9.28,8.81,9.00,20466443,184821136.000
2007-09-07,8.85,8.85,8.45,8.51,15993436,137836768.000
2007-09-10,8.28,8.72,8.00,8.65,11698204,98712320.000
2007-09-11,8.59,8.85,7.79,7.79,12452598,104507128.000
2007-09-12,7.62,8.12,7.45,8.09,10568905,81725472.000
2007-09-13,8.12,8.36,7.80,8.20,9042394,73043600.000
2007-09-14,8.18,8.22,7.95,8.11,7852542,63618564.000
2007-09-17,8.08,8.60,8.00,8.44,10651441,89612360.000
2007-09-18,8.48,8.80,8.26,8.79,14038145,119726384.000
2007-09-19,8.80,9.12,8.51,8.91,19168304,170873088.000
2007-09-20,8.88,8.98,8.60,8.80,12545331,110483072.000
2007-09-21,8.96,9.18,8.70,8.99,20631190,185695712.000
2007-09-24,9.01,9.41,8.90,9.08,17938041,165418960.000
2007-09-25,9.10,9.12,8.52,8.68,9542413,83411752.000
2007-09-26,8.68,8.75,8.16,8.23,7348240,61692212.000
2007-09-27,8.30,8.50,8.20,8.40,5568149,46444616.000
2007-09-28,8.48,8.67,8.30,8.48,6775454,57636368.000
2007-10-08,8.59,8.64,8.18,8.20,8306464,68828488.000
2007-10-09,8.22,8.35,8.08,8.30,4982972,40917480.000
2007-10-10,8.35,8.50,8.16,8.20,5620562,46564388.000
2007-10-11,8.20,8.21,7.90,7.93,6976354,56012056.000
2007-10-12,7.80,7.91,7.14,7.61,8884045,66393480.000
2007-10-15,7.63,7.73,7.20,7.48,5062356,37396832.000
2007-10-16,7.48,7.80,7.30,7.73,5157784,38984616.000
2007-10-17,7.76,7.84,7.53,7.64,3742198,28572884.000
2007-10-18,7.63,7.95,7.59,7.70,5328497,41324268.000
2007-10-19,7.70,7.79,7.31,7.71,4080104,30826240.000
2007-10-22,7.82,8.13,7.81,7.87,9800969,78167808.000
2007-10-23,7.89,7.97,7.26,7.50,3792437,28652544.000
2007-10-24,7.47,7.57,7.08,7.13,3810557,27878456.000
2007-10-25,7.15,7.15,6.42,6.42,4910707,32550320.000
2007-10-26,6.38,6.55,6.10,6.47,2856311,18144730.000
2007-10-29,6.50,6.52,6.30,6.43,2508022,15943213.000
2007-10-30,6.44,6.76,6.30,6.75,3938159,25968932.000
2007-10-31,6.80,7.00,6.76,6.92,3658613,25281732.000
2007-11-01,6.98,7.61,6.97,7.61,15421680,116623272.000
2007-11-02,7.54,8.18,7.26,8.15,19853886,157537584.000
2007-11-05,7.80,8.20,7.35,7.75,9855448,77205208.000
2007-11-06,7.61,7.97,7.56,7.66,4540251,35159856.000
2007-11-07,7.66,8.09,7.61,7.93,6088280,48050708.000
2007-11-08,7.99,8.04,7.30,7.31,5106394,39047592.000
2007-11-09,7.35,7.35,6.65,7.00,5028104,35322708.000
2007-11-12,6.85,7.15,6.50,7.09,3645454,24965282.000
2007-11-13,7.06,7.27,6.80,6.94,3390796,23913686.000
2007-11-14,6.96,7.30,6.90,7.29,3570532,25398940.000
2007-11-15,7.26,7.29,7.03,7.06,2759276,19679416.000
2007-11-16,7.00,7.19,6.85,7.16,2169304,15381094.000
2007-11-19,7.09,7.38,7.09,7.29,3182841,23053798.000
2007-11-20,7.26,7.48,7.26,7.36,3305691,24442936.000
2007-11-21,7.40,7.58,7.28,7.30,2607855,19312970.000
2007-11-22,7.21,7.22,6.79,6.86,2667933,18697292.000
2007-11-23,6.80,7.10,6.78,7.09,1876988,13031606.000
2007-11-26,7.13,7.23,6.95,6.98,1766950,12549078.000
2007-11-27,6.94,7.07,6.80,6.88,1146236,7945397.000
2007-11-28,6.92,7.00,6.82,6.92,1103734,7628423.000
2007-11-29,7.00,7.16,6.89,7.14,2151551,15151682.000
2007-11-30,7.10,7.18,6.98,7.04,1641482,11579888.000
2007-12-03,7.04,7.13,6.91,7.08,1789703,12639382.000
2007-12-04,7.20,7.79,7.18,7.79,12379010,95755360.000
2007-12-05,8.02,8.09,7.66,7.99,16360905,128650752.000
2007-12-06,7.95,7.97,7.66,7.81,5857724,45727144.000
2007-12-07,7.77,8.09,7.73,7.99,7158190,56637796.000
2007-12-10,7.80,8.16,7.77,8.03,8471053,67744032.000
2007-12-11,8.05,8.08,7.86,7.99,6095167,48497048.000
2007-12-12,7.96,7.99,7.78,7.98,5152894,40704872.000
2007-12-13,8.03,8.31,7.70,7.79,6699724,54156416.000
2007-12-14,7.73,7.96,7.62,7.93,3540277,27633040.000
2007-12-17,7.93,8.12,7.80,8.01,5459444,43637440.000
2007-12-18,8.00,8.35,7.95,8.14,9212500,75576216.000
2007-12-19,8.23,8.30,7.98,8.17,5974384,48542584.000
2007-12-20,8.20,8.30,8.10,8.27,5590757,45974220.000
2007-12-21,8.22,8.32,8.06,8.21,4909070,40180376.000
2007-12-24,8.25,8.45,8.20,8.27,7625390,63392420.000
2007-12-25,8.26,8.42,8.16,8.40,6556862,54389132.000
2007-12-26,8.40,8.55,8.31,8.45,5677295,47864148.000
2007-12-27,8.47,8.70,8.40,8.55,7661713,65589720.000
2007-12-28,8.55,8.57,8.30,8.31,5530116,46403296.000
2008-01-02,8.36,8.69,8.29,8.57,6132816,52162868.000
2008-01-03,8.67,9.08,8.60,9.03,11978238,106914992.000
2008-01-04,9.00,9.08,8.75,8.91,6145189,54676248.000
2008-01-07,8.88,9.53,8.85,9.36,12632240,117172544.000
2008-01-08,9.40,9.58,9.11,9.21,15336086,143427600.000
2008-01-09,9.20,9.53,9.00,9.50,9939213,92862120.000
2008-01-10,9.60,9.63,9.14,9.25,9269423,86934544.000
2008-01-11,9.27,9.34,8.97,9.12,6798628,61792200.000
2008-01-14,9.01,9.27,9.00,9.13,5713729,52111832.000
2008-01-15,9.22,9.28,9.00,9.08,7413848,67369600.000
2008-01-17,8.89,9.35,8.70,9.10,12801696,116602184.000
2008-01-18,9.05,9.18,8.81,9.05,4963145,44649992.000
2008-01-21,9.10,9.10,8.15,8.24,7214245,62024256.000
2008-01-22,8.02,8.18,7.42,7.42,7860852,60468772.000
2008-01-23,7.51,7.87,7.32,7.79,4904773,37588220.000
2008-01-24,7.82,8.15,7.70,8.00,6323319,50560684.000
2008-01-25,8.00,8.80,7.99,8.80,8756891,75926176.000
2008-01-28,8.99,9.08,8.03,8.22,14978681,129563400.000
2008-01-29,8.47,8.60,8.10,8.59,4926502,41467848.000
2008-01-30,8.60,8.74,8.10,8.40,4813836,40591144.000
2008-01-31,8.42,8.42,7.90,7.91,3456465,28108802.000
2008-02-01,7.91,7.95,7.14,7.46,3733277,27965102.000
2008-02-04,7.65,8.20,7.65,8.20,4155125,33291948.000
2008-02-05,8.21,8.40,7.97,8.12,3785281,30721110.000
2008-02-13,7.92,8.26,7.80,8.04,2103291,16927680.000
2008-02-14,8.10,8.24,8.05,8.17,2227096,18113308.000
2008-02-15,8.19,8.35,8.01,8.32,4443331,36618396.000
2008-02-18,8.50,8.75,8.35,8.66,7073681,60711480.000
2008-02-19,8.75,8.93,8.56,8.68,6503862,56816724.000
2008-02-20,8.78,9.55,8.68,9.28,22771661,209376464.000
2008-02-21,9.18,10.21,9.04,10.21,45142294,449100832.000
2008-02-22,10.29,10.73,9.90,10.59,48945942,508469792.000
2008-02-25,10.49,10.60,9.53,9.81,22545816,226766064.000
2008-02-26,10.05,10.19,8.91,9.39,19572692,185493120.000
2008-02-27,9.42,9.75,9.13,9.73,12940789,122604736.000
2008-02-28,9.60,10.49,9.41,10.18,19010045,190126544.000
2008-02-29,10.00,10.25,9.85,9.98,11710001,117475056.000
2008-03-03,9.93,10.98,9.81,10.85,24594378,258529888.000
2008-03-04,10.74,11.85,10.63,11.04,30265155,340358720.000
2008-03-05,11.06,11.50,10.70,11.22,20863723,232669840.000
2008-03-06,11.23,11.41,10.66,10.70,17345883,191103232.000
2008-03-07,10.51,10.67,10.24,10.28,9985731,103869088.000
2008-03-10,10.02,10.52,9.99,10.04,7885119,80396328.000
2008-03-11,10.20,11.00,10.06,10.99,14038722,149825872.000
2008-03-12,11.16,11.45,10.80,10.90,16514370,183698288.000
2008-03-13,10.70,11.18,10.08,10.58,12709710,135410464.000
2008-03-14,10.36,10.65,9.90,10.05,8488930,86392464.000
2008-03-17,9.95,9.95,9.05,9.05,8019116,75677424.000
2008-03-18,8.50,9.00,8.15,8.31,9205289,77333856.000
2008-03-19,8.46,9.14,8.35,8.99,10859286,95574056.000
2008-03-20,8.80,9.62,8.35,9.39,11473900,103690856.000
2008-03-21,9.26,9.67,9.06,9.39,9296505,87698624.000
2008-03-24,9.75,9.80,9.08,9.11,8505716,80160440.000
2008-03-25,8.90,9.33,8.80,9.30,5608542,51057680.000
2008-03-26,9.16,9.72,9.16,9.30,6299089,59492952.000
2008-03-27,9.01,9.26,8.37,8.38,5667278,49534444.000
2008-03-28,8.17,8.60,7.62,8.60,7622033,62769032.000
2008-03-31,8.20,8.50,7.83,7.91,5519453,44798712.000
2008-04-01,7.80,8.08,7.12,7.12,7262843,53114992.000
2008-04-02,7.13,7.30,6.41,6.43,7246971,48333988.000
2008-04-03,6.21,6.75,6.10,6.60,3997063,25783466.000
2008-04-07,6.50,7.08,6.31,7.02,5430956,37290228.000
2008-04-08,7.05,7.39,7.05,7.19,6297006,45642136.000
2008-04-09,7.28,7.48,6.66,6.71,6906062,49372920.000
2008-04-10,6.59,7.38,6.50,7.38,8111036,57714904.000
2008-04-11,7.63,8.05,7.59,7.67,16556777,129148960.000
2008-04-14,7.44,8.12,7.32,7.91,14672275,114332472.000
2008-04-15,7.90,8.04,7.45,8.00,9471068,74176720.000
2008-04-16,8.07,8.71,8.05,8.29,16789231,141347376.000
2008-04-17,8.30,8.45,7.61,7.75,9663917,77327456.000
2008-04-18,7.61,7.68,7.00,7.02,9748190,70831920.000
2008-04-21,7.57,7.67,6.99,7.28,9107508,67326752.000
2008-04-22,7.10,7.67,6.80,7.64,8626490,62659120.000
2008-04-23,7.66,8.08,7.40,7.98,11474382,90164544.000
2008-04-24,8.65,8.78,8.23,8.78,21273985,182491888.000
2008-04-28,8.46,9.28,8.28,9.04,17218580,155189616.000
2008-04-29,8.78,9.28,8.75,8.88,13506768,121648160.000
2008-04-30,8.94,9.50,8.81,9.40,16346911,150093472.000
2008-05-05,9.71,9.89,9.44,9.62,20474079,198037168.000
2008-05-06,9.46,9.94,9.25,9.52,14014106,134723984.000
2008-05-07,9.39,10.06,9.35,9.61,18528465,180682064.000
2008-05-08,9.40,10.05,9.36,10.01,19508770,193001744.000
2008-05-09,10.15,10.39,9.60,9.89,16817539,168886720.000
2008-05-12,9.80,10.31,9.62,10.30,14825547,149513728.000
2008-05-13,9.99,10.66,9.90,10.36,19517172,200339840.000
2008-05-14,10.47,11.06,10.22,10.77,23815322,255272720.000
2008-05-15,10.73,11.05,10.43,10.44,17123470,183089600.000
2008-05-16,10.33,10.57,9.75,9.91,16162161,162673728.000
2008-05-19,9.88,10.27,9.78,10.06,8905716,89449352.000
2008-05-20,10.00,10.15,9.05,9.05,11539300,110053320.000
2008-05-21,9.00,9.80,8.70,9.70,13619676,125414984.000
2008-05-22,9.43,10.25,9.38,9.89,16445427,164342016.000
2008-05-23,9.82,9.99,9.46,9.54,7791447,75465176.000
2008-05-26,9.27,9.50,9.00,9.09,5964204,54868336.000
2008-05-27,9.21,9.51,9.06,9.36,5202828,48306688.000
2008-05-28,9.40,9.75,9.10,9.60,7245971,68820296.000
2008-05-29,9.61,9.86,9.23,9.26,7322376,70366496.000
2008-05-30,9.28,9.49,9.01,9.32,5551042,51276960.000
2008-06-02,9.23,9.75,9.20,9.62,8055535,77349704.000
2008-06-03,9.55,9.70,9.30,9.47,5465349,51914676.000
2008-06-04,9.47,9.55,8.95,9.14,5188026,47620340.000
2008-06-05,9.01,9.14,8.30,8.34,9058248,78063872.000
2008-06-06,8.32,8.52,8.10,8.27,4636182,38530976.000
2008-06-10,7.98,8.47,7.46,7.76,7330861,58575432.000
2008-06-11,7.67,8.04,7.61,8.02,6227038,49015700.000
2008-06-12,7.90,8.11,7.57,7.82,4590923,35965208.000
2008-06-13,7.81,7.99,7.13,7.15,4145891,30912424.000
2008-06-16,7.05,7.28,6.61,6.79,3760815,25978526.000
2008-06-17,6.81,7.09,6.35,6.38,4544845,30604300.000
2008-06-18,6.38,7.02,6.32,7.02,8589874,58330544.000
2008-06-19,7.16,7.48,6.71,6.84,15406615,110626576.000
2008-06-20,7.26,7.52,6.84,7.52,16091064,117981032.000
2008-06-23,7.42,7.73,7.25,7.57,11504538,86612320.000
2008-06-24,7.57,7.73,7.26,7.70,10532800,79398016.000
2008-06-25,7.56,8.10,7.51,8.10,11303717,89165192.000
2008-06-26,8.05,8.15,7.80,7.98,9471643,75527648.000
2008-06-27,7.75,7.78,7.18,7.22,7913708,58934280.000
2008-06-30,7.02,7.50,6.93,7.41,4385198,31977512.000
2008-07-01,7.39,7.66,7.22,7.47,5218690,38900832.000
2008-07-02,7.54,8.00,7.54,7.69,8441262,65503856.000
2008-07-04,8.03,8.25,7.71,7.84,12456531,99380080.000
2008-07-07,7.76,8.28,7.70,8.24,12336585,100006544.000
2008-07-08,8.28,8.74,8.24,8.36,14696619,124756664.000
2008-07-09,8.28,8.48,8.09,8.45,10867657,90200760.000
2008-07-10,8.37,8.70,8.18,8.20,10026365,84650816.000
2008-07-11,8.20,8.36,8.09,8.33,6585347,54283260.000
2008-07-14,8.30,8.53,8.20,8.37,5330584,44585160.000
2008-07-15,8.40,8.46,7.90,7.94,7065664,57396176.000
2008-07-16,7.85,7.94,7.15,7.41,6229472,47036028.000
2008-07-17,7.50,7.68,7.20,7.26,4115316,30654360.000
2008-07-18,7.31,7.64,6.91,7.55,4818795,35062104.000
2008-07-21,7.45,7.96,7.35,7.95,5983767,46186264.000
2008-07-22,8.01,8.19,7.90,8.10,6583966,53049072.000
2008-07-23,8.25,8.31,7.94,8.11,6774555,54757024.000
2008-07-24,8.18,8.28,8.10,8.26,9454541,77375280.000
2008-07-25,8.10,8.12,7.82,7.85,6397579,51079384.000
2008-07-28,7.80,7.95,7.80,7.87,4075234,32135636.000
2008-07-29,7.80,7.99,7.73,7.93,3982259,31395838.000
2008-07-30,7.98,8.05,7.70,7.74,3445068,26966892.000
2008-07-31,7.65,7.80,7.26,7.27,3645193,27152768.000
2008-08-01,7.20,7.49,7.10,7.45,3768109,27438788.000
2008-08-04,7.41,7.57,7.25,7.26,1930593,14300704.000
2008-08-05,7.26,7.38,7.00,7.04,2691271,19124276.000
2008-08-06,7.10,7.20,6.90,7.11,1928503,13639915.000
2008-08-07,7.20,7.20,7.00,7.11,1663388,11790396.000
2008-08-08,7.08,7.20,6.48,6.60,3031248,20984052.000
2008-08-11,6.45,6.59,5.94,5.94,3207232,19668912.000
2008-08-12,5.70,5.94,5.50,5.75,2683125,15424065.000
2008-08-13,5.74,5.76,5.30,5.68,3013112,16768506.000
2008-08-14,5.68,5.95,5.58,5.79,3209908,18673136.000
2008-08-15,5.77,5.77,5.50,5.67,2204733,12486627.000
2008-08-18,5.68,5.70,5.10,5.10,2718505,14322008.000
2008-08-19,4.99,5.05,4.71,4.96,3333323,16373919.000
2008-08-20,4.98,5.46,4.80,5.46,5671853,30060504.000
2008-08-21,5.42,5.62,5.15,5.18,4425032,23878344.000
2008-08-22,5.06,5.25,4.91,5.08,2409856,12241954.000
2008-08-25,5.00,5.18,4.90,5.05,1939967,9820568.000
2008-08-26,5.03,5.03,4.55,4.57,2631306,12439542.000
2008-08-27,4.59,4.75,4.23,4.41,2600702,11566465.000
2008-08-28,4.39,4.52,4.33,4.44,2263425,9997481.000
2008-08-29,4.52,4.76,4.40,4.66,3662494,16873140.000
2008-09-01,4.60,4.96,4.53,4.86,6274218,30084018.000
2008-09-02,4.91,5.26,4.91,5.19,10828500,54859848.000
2008-09-03,5.00,5.15,4.81,4.86,5628459,27809498.000
2008-09-04,4.75,4.99,4.72,4.84,2812608,13658583.000
2008-09-05,4.68,4.73,4.40,4.45,3033387,13843984.000
2008-09-08,4.44,4.50,4.11,4.13,3237231,13783958.000
2008-09-09,4.18,4.30,4.13,4.25,2176811,9187722.000
2008-09-10,4.19,4.45,4.15,4.28,2497786,10748261.000
2008-09-11,4.30,4.38,4.19,4.25,1879441,8030756.000
2008-09-12,4.26,4.35,4.18,4.24,1402673,5956043.000
2008-09-16,4.25,4.28,4.13,4.18,2138993,9002367.000
2008-09-17,4.18,4.18,3.76,3.78,5392460,21109116.000
2008-09-18,3.64,3.77,3.40,3.60,4069673,14471977.000
2008-09-19,3.95,3.96,3.82,3.96,4142348,16312742.000
2008-09-22,4.33,4.36,3.97,4.33,9934306,42003708.000
2008-09-23,4.10,4.39,4.00,4.02,6578969,27443024.000
2008-09-24,3.95,4.14,3.75,4.11,3565086,13930177.000
2008-09-25,4.11,4.26,4.05,4.17,5891572,24587012.000
2008-09-26,4.17,4.20,4.00,4.07,3519071,14450706.000
2008-10-06,4.04,4.05,3.80,3.81,2754405,10678553.000
2008-10-07,3.80,3.90,3.59,3.88,2464309,9271725.000
2008-10-08,4.05,4.27,3.92,4.13,10393128,43171040.000
2008-10-09,4.12,4.20,3.83,3.87,5045868,20296690.000
2008-10-10,3.67,3.75,3.58,3.62,3510808,12767039.000
2008-10-13,3.51,3.76,3.41,3.75,2735462,9683144.000
2008-10-14,3.87,3.94,3.56,3.59,3111344,11741470.000
2008-10-15,3.61,3.70,3.49,3.68,1891856,6763023.000
2008-10-16,3.52,3.55,3.39,3.39,1895242,6595616.000
2008-10-17,3.39,3.50,3.36,3.43,1833309,6260725.000
2008-10-20,3.43,3.60,3.39,3.58,2548983,8914370.000
2008-10-21,3.65,3.65,3.50,3.51,2993507,10732807.000
2008-10-22,3.51,3.54,3.40,3.44,1835683,6344647.000
2008-10-23,3.38,3.65,3.31,3.65,3685906,12995932.000
2008-10-24,3.58,3.67,3.45,3.52,2861270,10213133.000
2008-10-27,3.46,3.46,3.17,3.17,2973575,9854264.000
2008-10-28,3.08,3.31,3.05,3.28,2460431,7887283.000
2008-10-29,3.34,3.34,3.07,3.08,2492206,7920128.000
2008-10-30,3.14,3.16,3.06,3.12,2080420,6482964.000
2008-10-31,3.14,3.18,2.98,3.00,1942629,5941256.000
2008-11-03,2.90,3.03,2.89,2.93,1395996,4130192.000
2008-11-04,2.94,2.94,2.79,2.83,1638425,4648240.000
2008-11-05,2.87,2.98,2.85,2.95,2420100,7083477.000
2008-11-06,2.85,2.87,2.78,2.86,1704024,4828640.000
2008-11-07,2.84,3.03,2.79,3.01,3483003,10216649.000
2008-11-10,3.05,3.30,3.03,3.26,4919830,15754936.000
2008-11-11,3.35,3.50,3.25,3.25,7860880,26484724.000
2008-11-12,3.13,3.35,3.11,3.33,3077158,10007830.000
2008-11-13,3.33,3.56,3.28,3.51,7637824,26514228.000
2008-11-14,3.52,3.64,3.42,3.63,9465775,33526386.000
2008-11-17,3.60,3.78,3.53,3.76,8954910,32675740.000
2008-11-18,3.70,3.83,3.38,3.38,7037403,25208968.000
2008-11-19,3.37,3.72,3.34,3.72,10958562,39902880.000
2008-11-20,3.72,3.98,3.65,3.85,13248462,50588568.000
2008-11-21,3.70,4.18,3.61,4.00,15785445,61797064.000
2008-11-24,4.01,4.08,3.60,3.64,10077381,38354400.000
2008-11-25,3.73,3.77,3.40,3.59,5922166,21048392.000
2008-11-26,3.60,3.75,3.53,3.71,6013888,21841264.000
2008-11-27,3.95,4.05,3.68,3.70,9733639,37337364.000
2008-11-28,3.65,3.67,3.49,3.55,3978096,14189240.000
2008-12-01,3.55,3.80,3.41,3.79,6189246,22511840.000
2008-12-02,3.70,3.93,3.64,3.88,12564147,48406716.000
2008-12-03,3.95,4.27,3.90,4.26,20038106,81206072.000
2008-12-04,4.20,4.41,4.05,4.08,20839042,88166112.000
2008-12-05,4.07,4.16,4.00,4.13,8313184,34049900.000
2008-12-08,4.22,4.34,4.17,4.31,11101774,47130280.000
2008-12-09,4.31,4.37,4.19,4.20,9040641,38496428.000
2008-12-10,4.15,4.29,4.10,4.26,6843696,28790408.000
2008-12-11,4.25,4.44,4.20,4.21,11189291,48450100.000
2008-12-12,4.15,4.16,3.80,3.88,7863593,31310010.000
2008-12-15,3.89,3.99,3.82,3.94,3571401,13958982.000
2008-12-16,3.94,3.97,3.71,3.95,3877220,14915512.000
2008-12-17,3.96,4.09,3.92,3.99,5739145,22981610.000
2008-12-18,3.95,4.19,3.94,4.17,6850545,28000528.000
2008-12-19,4.13,4.24,4.10,4.18,6891121,28952400.000
2008-12-22,4.20,4.23,4.05,4.09,4832041,19888634.000
2008-12-23,4.08,4.18,3.75,3.79,5352892,21373736.000
2008-12-24,3.72,3.85,3.64,3.81,3666986,13765780.000
2008-12-25,3.84,3.85,3.60,3.70,2528454,9386795.000
2008-12-26,3.78,3.85,3.70,3.78,3896143,14719406.000
2008-12-29,3.80,3.80,3.60,3.70,2787453,10268981.000
2008-12-30,3.73,3.84,3.57,3.79,3958794,14753930.000
2008-12-31,3.73,3.79,3.60,3.60,2061620,7580193.000
2009-01-05,3.65,3.76,3.62,3.74,2190864,8140348.000
2009-01-06,3.76,4.08,3.74,4.01,11395321,45155700.000
2009-01-07,3.98,4.08,3.87,3.99,8783717,34879696.000
2009-01-08,3.88,3.97,3.80,3.81,4135635,15955916.000
2009-01-09,3.84,3.96,3.83,3.95,3901327,15257042.000
2009-01-12,3.98,4.10,3.92,4.04,7981478,32275984.000
2009-01-13,4.00,4.09,3.92,3.94,8474346,34163576.000
2009-01-14,3.90,4.08,3.90,4.07,6128353,24596034.000
2009-01-15,4.05,4.48,4.01,4.38,20944304,89444592.000
2009-01-16,4.35,4.43,4.27,4.30,19700280,85504208.000
2009-01-19,4.26,4.34,4.19,4.23,7373188,31313392.000
2009-01-20,4.23,4.27,4.11,4.23,4871533,20395460.000
2009-01-21,4.19,4.29,4.15,4.20,4323541,18262668.000
2009-01-22,4.25,4.38,4.20,4.36,9282721,39844892.000
2009-01-23,4.30,4.35,4.20,4.21,5580692,23785276.000
2009-02-02,4.26,4.31,4.21,4.30,4299859,18388486.000
2009-02-03,4.32,4.55,4.29,4.47,12106941,53922896.000
2009-02-04,4.53,4.59,4.45,4.54,11712332,52715828.000
2009-02-05,4.53,4.74,4.45,4.62,18214649,83946080.000
2009-02-06,4.64,4.99,4.64,4.91,19562458,95177056.000
2009-02-09,4.95,5.19,4.80,5.09,19588599,98083440.000
2009-02-10,5.05,5.20,4.93,5.18,15066301,76165536.000
2009-02-11,5.06,5.25,4.97,5.06,17080945,87285752.000
2009-02-12,4.99,5.38,4.81,5.34,20784937,106289608.000
2009-02-13,5.31,5.87,5.25,5.87,29439294,167478080.000
2009-02-16,5.99,6.10,5.82,5.96,21659895,129134888.000
2009-02-17,5.81,6.47,5.79,5.91,23376155,143787392.000
2009-02-18,5.75,6.06,5.47,5.49,16126401,92563800.000
2009-02-19,5.60,6.00,5.41,5.94,15755605,89243232.000
2009-02-20,5.86,6.34,5.70,6.26,21411388,130752032.000
2009-02-23,6.36,6.60,6.00,6.28,24830633,155802176.000
2009-02-24,6.18,6.25,5.81,5.82,16033719,96540424.000
2009-02-25,5.85,6.00,5.56,5.95,12702919,74002800.000
2009-02-26,5.85,6.20,5.36,5.55,14718558,87029960.000
2009-02-27,5.55,5.55,5.00,5.00,11684693,60234568.000
2009-03-02,4.88,5.45,4.80,5.36,9278153,46750688.000
2009-03-03,5.17,5.55,5.12,5.37,11348154,61025228.000
2009-03-04,5.31,5.65,5.31,5.61,11680569,64773196.000
2009-03-05,5.68,5.74,5.43,5.56,11312950,63261492.000
2009-03-06,5.43,5.72,5.38,5.67,10270878,57755560.000
2009-03-09,5.73,5.88,5.50,5.52,11501978,65522092.000
2009-03-10,5.43,5.85,5.38,5.81,8223928,46276080.000
2009-03-11,5.99,6.06,5.62,5.65,18485517,107309408.000
2009-03-12,5.60,5.64,5.38,5.56,6174810,33880152.000
2009-03-13,5.56,5.64,5.38,5.38,5891858,32262924.000
2009-03-16,5.34,5.40,5.16,5.35,4573979,24145162.000
2009-03-17,5.38,5.59,5.25,5.56,7226543,39614292.000
2009-03-18,5.57,5.93,5.56,5.86,15594627,90508304.000
2009-03-19,5.90,6.07,5.76,6.00,23507238,139108144.000
2009-03-20,5.97,5.99,5.82,5.88,11677555,68884680.000
2009-03-23,5.88,5.99,5.84,5.91,10251506,60724808.000
2009-03-24,5.96,6.01,5.85,5.92,8074003,47727972.000
2009-03-25,5.96,6.37,5.95,6.06,24652909,152150688.000
2009-03-26,6.00,6.12,5.81,6.11,13867969,83463560.000
2009-03-27,6.14,6.17,6.00,6.05,10120629,61328452.000
2009-03-30,6.06,6.11,5.89,5.95,7037720,41918076.000
2009-03-31,5.83,5.95,5.77,5.93,5918585,34655212.000
2009-04-01,5.93,6.18,5.93,6.09,10767063,65390784.000
2009-04-02,6.10,6.12,5.96,5.98,9488340,57071328.000
2009-04-03,6.03,6.06,5.86,5.87,7367523,44050500.000
2009-04-07,5.87,6.02,5.80,6.00,5216721,30694544.000
2009-04-08,6.00,6.23,5.85,6.01,15382221,93153376.000
2009-04-09,6.00,6.09,5.84,6.08,8001308,47695404.000
2009-04-10,6.11,6.60,6.09,6.50,34423462,219774400.000
2009-04-13,6.69,7.13,6.68,6.93,44237491,301797408.000
2009-04-14,6.79,6.91,6.68,6.79,16826824,113907920.000
2009-04-15,6.72,6.90,6.60,6.76,13647715,91746464.000
2009-04-16,6.66,6.77,6.51,6.60,12045955,79632848.000
2009-04-17,6.60,6.63,6.40,6.44,10066321,65157176.000
2009-04-20,6.44,6.67,6.41,6.65,8223582,54367688.000
2009-04-21,6.62,6.69,6.45,6.60,7211262,47418224.000
2009-04-22,6.66,6.68,6.10,6.20,9811606,63217036.000
2009-04-23,6.22,6.38,6.18,6.32,7779161,48914400.000
2009-04-24,6.23,6.23,5.84,5.99,13360750,80195968.000
2009-04-27,5.88,5.90,5.55,5.58,7643600,43765720.000
2009-04-28,5.57,5.67,5.49,5.65,4268865,23910368.000
2009-04-29,5.65,5.79,5.58,5.77,5136463,29404136.000
2009-04-30,5.77,6.35,5.63,6.35,23428220,143784096.000
2009-05-04,6.35,6.65,6.20,6.51,27940518,180808928.000
2009-05-05,6.40,6.48,6.31,6.38,13081659,83408992.000
2009-05-06,6.37,6.53,6.31,6.41,10776621,69203968.000
2009-05-07,6.41,6.58,6.08,6.54,13841708,87308552.000
2009-05-08,6.50,6.83,6.36,6.62,25756567,171462752.000
2009-05-11,6.51,6.68,6.13,6.16,13701937,87012944.000
2009-05-12,6.00,6.28,6.00,6.26,6482834,39930600.000
2009-05-13,6.27,6.47,6.21,6.27,8568818,54368384.000
2009-05-14,6.20,6.55,6.15,6.42,10525669,67194672.000
2009-05-15,6.49,6.55,6.30,6.40,9748222,62604852.000
2009-05-18,6.41,6.60,6.15,6.55,11402620,73061888.000
2009-05-19,6.60,6.78,6.48,6.61,19206895,127401032.000
2009-05-20,6.61,7.08,6.40,6.78,30062230,205685872.000
2009-05-21,6.77,7.05,6.68,6.86,26206118,180333376.000
2009-05-22,6.78,6.79,6.44,6.54,11885468,78598520.000
2009-05-25,6.30,6.52,6.21,6.44,8068257,51388272.000
2009-05-26,6.44,6.54,6.35,6.40,8131168,52342000.000
2009-05-27,6.40,6.59,6.38,6.51,8092357,52595016.000
2009-06-02,6.72,6.80,6.51,6.56,11938957,79053000.000
2009-06-03,6.54,6.60,6.44,6.46,8448596,54781976.000
2009-06-04,6.47,6.64,6.42,6.56,9131502,59579776.000
2009-06-05,6.56,6.70,6.51,6.61,13340680,88443576.000
2009-06-08,6.62,6.85,6.50,6.80,12674604,84451464.000
2009-06-09,7.46,7.48,7.15,7.48,60899359,448165632.000
2009-06-10,7.36,7.36,7.00,7.18,35448919,254673184.000
2009-06-11,7.03,7.09,6.85,6.89,19639065,136308464.000
2009-06-12,6.87,7.03,6.60,6.71,13569283,92797976.000
2009-06-15,6.73,6.85,6.67,6.79,7478088,50443172.000
2009-06-16,6.69,6.75,6.57,6.61,9130131,60767512.000
2009-06-17,6.62,6.69,6.41,6.68,8038137,52845056.000
2009-06-18,6.68,6.98,6.64,6.79,12222162,83422656.000
2009-06-19,6.72,6.75,6.62,6.69,8189667,54705980.000
2009-06-22,6.69,6.84,6.64,6.82,7992652,53768584.000
2009-06-23,6.71,6.77,6.60,6.68,8182606,54625756.000
2009-06-24,6.70,6.80,6.66,6.77,11639578,78329776.000
2009-06-25,6.76,6.81,6.57,6.59,9957267,66326560.000
2009-06-26,6.65,6.71,6.58,6.60,5971688,39569976.000
2009-06-29,6.61,6.67,6.52,6.64,8173628,53861524.000
2009-06-30,6.69,6.83,6.63,6.65,13561815,91445672.000
2009-07-01,6.60,6.65,6.55,6.61,8223080,54205616.000
2009-07-02,6.62,6.76,6.57,6.69,10958221,73054528.000
2009-07-03,6.66,6.90,6.60,6.89,17320642,117385560.000
2009-07-06,6.88,7.11,6.80,7.00,24198143,168029808.000
2009-07-07,6.83,6.85,6.68,6.70,17352227,117226288.000
2009-07-08,6.65,6.74,6.60,6.72,7817210,52141856.000
2009-07-09,6.68,6.77,6.65,6.76,9554929,64217680.000
2009-07-10,6.77,6.97,6.75,6.84,15727368,107975296.000
2009-07-13,6.80,7.04,6.78,6.96,19346091,134194048.000
2009-07-14,6.97,7.30,6.90,7.22,32061499,229015680.000
2009-07-15,7.18,7.27,7.06,7.17,20991630,150263936.000
2009-07-16,7.22,7.45,7.17,7.37,28661356,209957616.000
2009-07-17,7.34,7.67,7.30,7.42,28537449,213458976.000
2009-07-20,7.44,8.08,7.22,7.99,40463929,307079712.000
2009-07-21,7.88,7.88,7.33,7.40,26649007,201731536.000
2009-07-22,7.32,7.83,7.29,7.54,24089764,183626320.000
2009-07-23,7.52,7.54,7.21,7.39,17457948,128482984.000
2009-07-24,7.40,7.69,7.35,7.47,21434068,161346912.000
2009-07-27,7.45,7.53,7.30,7.46,15256728,112962312.000
2009-07-28,7.46,7.55,7.34,7.55,12833787,95669920.000
2009-07-29,7.53,7.53,6.80,6.84,15881691,114094088.000
2009-07-30,6.87,7.05,6.56,6.83,10844253,73424432.000
2009-07-31,6.90,7.15,6.80,7.13,10318356,72328808.000
2009-08-03,7.08,7.48,7.08,7.35,12996318,95005208.000
2009-08-04,7.35,7.66,7.26,7.62,21379613,160551536.000
2009-08-05,7.75,7.95,7.40,7.67,30591300,236429568.000
2009-08-06,7.55,7.55,7.25,7.30,13404011,98514088.000
2009-08-07,7.22,7.44,7.02,7.05,9077280,65451792.000
2009-08-10,7.04,7.24,6.88,7.09,5583782,39385880.000
2009-08-11,7.13,7.16,7.00,7.10,4130763,29252960.000
2009-08-12,7.12,7.13,6.59,6.65,6147729,41962072.000
2009-08-13,6.66,6.79,6.53,6.72,4610710,30761118.000
2009-08-14,6.72,6.76,6.25,6.28,5696090,36766420.000
2009-08-17,6.21,6.21,5.65,5.66,8946421,52085096.000
2009-08-18,5.59,5.83,5.50,5.79,5428416,31053632.000
2009-08-19,5.85,5.85,5.25,5.30,5359037,29829220.000
2009-08-20,5.30,5.67,5.26,5.65,6716369,36995968.000
2009-08-21,5.65,5.77,5.51,5.75,6715022,38123004.000
2009-08-24,5.77,5.85,5.63,5.79,6991291,40230768.000
2009-08-25,5.71,5.71,5.43,5.58,6874295,38100416.000
2009-08-26,5.54,5.88,5.48,5.81,7338717,42153440.000
2009-08-27,5.81,6.10,5.72,6.00,8573814,51223600.000
2009-08-28,5.99,5.99,5.50,5.81,5933015,34208132.000
2009-08-31,5.75,5.75,5.25,5.29,6752758,36560864.000
2009-09-01,5.21,5.40,5.20,5.30,3274250,17394630.000
2009-09-02,5.35,5.75,5.35,5.50,7303080,40399820.000
2009-09-03,5.42,5.72,5.34,5.69,9451430,52919900.000
2009-09-04,5.70,5.75,5.58,5.70,7612333,43205432.000
2009-09-07,5.70,5.97,5.69,5.78,10213518,59433152.000
2009-09-08,5.77,6.36,5.60,6.36,21948863,133974600.000
2009-09-09,6.50,6.59,6.16,6.35,31716100,202718304.000
2009-09-10,6.15,6.35,6.08,6.20,11675389,72492192.000
2009-09-11,6.20,6.45,6.20,6.26,13154976,83202592.000
2009-09-14,6.20,6.32,6.15,6.28,10476600,65352848.000
2009-09-15,6.28,6.45,6.26,6.40,13360174,85342144.000
2009-09-16,6.39,6.39,6.19,6.27,8440803,52890164.000
2009-09-17,6.22,6.42,6.22,6.39,10199665,64862192.000
2009-09-18,6.42,6.49,6.10,6.16,9702053,61491532.000
2009-09-21,6.05,6.44,5.86,6.41,7417261,45234056.000
2009-09-22,6.34,6.51,6.26,6.33,13307628,85261992.000
2009-09-23,6.33,6.37,6.05,6.18,5726772,35402880.000
2009-09-24,6.23,6.38,6.06,6.22,11877445,74294912.000
2009-09-25,6.17,6.17,5.83,5.84,7188852,42846696.000
2009-09-28,5.84,5.93,5.49,5.54,5473399,31231528.000
2009-09-29,5.56,5.58,5.30,5.40,3529622,19175592.000
2009-09-30,5.47,5.57,5.41,5.43,2966555,16273634.000
2009-10-09,5.54,5.86,5.51,5.84,4776157,27215292.000
2009-10-12,5.80,5.85,5.67,5.73,4117640,23710944.000
2009-10-13,5.70,5.94,5.66,5.85,4769796,27963444.000
2009-10-14,5.86,6.10,5.86,5.94,7066241,42110328.000
2009-10-15,5.96,6.05,5.90,5.93,4597166,27374408.000
2009-10-16,5.92,6.02,5.78,5.94,4884335,28951792.000
2009-10-19,5.90,6.05,5.90,6.05,5646680,33944664.000
2009-10-20,6.15,6.15,6.00,6.14,8035656,48802644.000
2009-10-21,6.12,6.13,6.02,6.05,5791813,35180472.000
2009-10-22,6.02,6.44,6.02,6.39,16173623,100925920.000
2009-10-23,6.30,6.85,6.26,6.54,24318940,158783424.000
2009-10-26,6.45,6.59,6.35,6.39,10460507,67209472.000
2009-10-27,6.32,6.32,6.04,6.06,8791601,54235560.000
2009-10-28,6.05,6.32,6.03,6.22,6315372,39161440.000
2009-10-29,6.10,6.15,6.05,6.09,4370099,26595520.000
2009-10-30,6.17,6.29,6.05,6.09,5756841,35371000.000
2009-11-02,5.89,6.24,5.82,6.18,6128926,37223088.000
2009-11-03,6.20,6.35,6.16,6.35,9369167,58836928.000
2009-11-04,6.31,6.42,6.26,6.35,8541600,54169304.000
2009-11-05,6.35,6.55,6.33,6.50,13474266,86801384.000
2009-11-06,6.50,6.60,6.44,6.53,11771201,76610640.000
2009-11-09,6.50,6.78,6.07,6.65,13405808,88777952.000
2009-11-10,6.70,6.79,6.51,6.52,11427048,75501608.000
2009-11-11,6.48,6.57,6.39,6.56,7776212,50299988.000
2009-11-12,6.55,6.94,6.53,6.83,27364327,185966000.000
2009-11-13,6.76,6.98,6.65,6.90,16878066,114698408.000
2009-11-16,7.05,7.40,6.91,7.22,31368848,224946672.000
2009-11-17,7.27,7.28,7.03,7.14,16654599,118714208.000
2009-11-18,7.14,7.60,7.13,7.33,21432314,158561664.000
2009-11-19,7.35,7.42,7.22,7.37,13871467,101345576.000
2009-11-20,7.35,7.35,7.21,7.25,10428527,75785232.000
2009-11-23,7.29,7.34,7.20,7.28,11317783,82093216.000
2009-11-24,7.28,7.45,6.86,6.89,19834847,143566704.000
2009-11-25,6.84,7.25,6.80,7.22,11519933,80534160.000
2009-11-26,7.21,7.32,6.83,6.89,11926921,84391784.000
2009-11-27,6.70,6.90,6.50,6.59,7620154,51072892.000
2009-12-01,6.91,7.25,6.82,7.25,18173678,130244088.000
2009-12-02,7.50,7.54,7.20,7.33,26483768,194335040.000
2009-12-03,7.23,7.57,7.15,7.54,19373248,142366352.000
2009-12-04,7.46,7.82,7.28,7.62,34177332,259655888.000
2009-12-07,7.68,7.89,7.49,7.61,17897146,137100144.000
2009-12-08,7.61,7.61,7.28,7.39,11924242,88274376.000
2009-12-09,7.32,7.37,7.16,7.25,8841807,63935540.000
2009-12-10,7.28,7.32,7.17,7.29,5962724,43124556.000
2009-12-11,7.28,7.31,7.20,7.21,5181202,37534112.000
2009-12-14,7.20,7.20,6.91,7.13,6492343,45871224.000
2009-12-15,7.13,7.27,7.06,7.21,4978008,35801544.000
2009-12-16,7.23,7.29,7.10,7.14,4436252,31994626.000
2009-12-17,7.20,7.23,6.82,6.84,6017472,41831824.000
2009-12-18,6.79,6.80,6.55,6.57,5238193,34802744.000
2009-12-21,6.57,6.80,6.57,6.77,3567985,23688868.000
2009-12-22,6.78,6.78,6.31,6.37,4396305,28693486.000
2009-12-23,6.38,6.54,6.38,6.48,2723373,17555832.000
2009-12-24,6.49,6.72,6.49,6.71,5295690,35145048.000
2009-12-25,6.71,6.76,6.62,6.74,3761400,25126404.000
2009-12-28,6.72,6.84,6.70,6.79,4544632,30837240.000
2009-12-29,6.80,6.84,6.65,6.77,3426815,23092192.000
2009-12-30,6.75,6.83,6.67,6.73,3934086,26472200.000
2009-12-31,6.73,6.84,6.66,6.81,4846193,32881442.000
2010-01-04,6.83,6.90,6.70,6.76,4313591,29292054.000
2010-01-05,6.80,7.30,6.80,7.23,18887046,133614952.000
2010-01-06,7.15,7.21,7.05,7.08,10056599,71608664.000
2010-01-07,7.05,7.22,6.85,6.91,8688336,61369816.000
2010-01-08,6.85,6.94,6.72,6.93,5122757,34930048.000
2010-01-11,6.94,7.05,6.85,6.92,4449673,30806528.000
2010-01-12,6.91,7.00,6.71,7.00,5911292,40811044.000
2010-01-13,6.88,7.00,6.75,6.79,5367152,36805420.000
2010-01-14,6.77,6.92,6.77,6.89,5511622,37732600.000
2010-01-15,6.86,7.07,6.86,7.04,7354735,51362168.000
2010-01-18,7.00,7.15,7.00,7.12,7563562,53529904.000
2010-01-19,7.13,7.19,7.00,7.08,7185296,50981292.000
2010-01-20,7.09,7.12,6.72,6.77,7038404,48735956.000
2010-01-21,6.72,6.82,6.65,6.71,5300620,35642140.000
2010-01-22,6.68,6.68,6.42,6.52,5012280,32812712.000
2010-01-25,6.52,6.60,6.49,6.50,2320088,15187045.000
2010-01-26,6.50,6.55,6.18,6.24,2582672,16322573.000
2010-01-27,6.24,6.32,6.13,6.23,2581675,16098012.000
2010-01-28,6.25,6.28,6.11,6.26,2221389,13807144.000
2010-01-29,6.26,6.45,6.20,6.43,4789904,30379292.000
2010-02-01,6.41,6.60,6.30,6.58,6288537,40608176.000
2010-02-02,6.60,7.00,6.51,6.95,15805100,107963072.000
2010-02-03,6.93,7.16,6.75,7.04,25874620,180832240.000
2010-02-04,6.90,7.19,6.71,7.13,17482019,121728896.000
2010-02-05,6.97,7.28,6.80,7.02,15683423,110692232.000
2010-02-08,6.90,7.16,6.82,7.01,10003632,69953272.000
2010-02-09,6.99,7.25,6.85,6.92,19315504,136597408.000
2010-02-10,6.95,7.05,6.62,6.72,9819263,66261852.000
2010-02-12,6.71,6.81,6.58,6.79,6602414,44305844.000
2010-02-22,6.87,7.25,6.86,7.12,21674829,154163296.000
2010-02-23,7.02,7.14,6.91,7.11,9016807,63349368.000
2010-02-24,7.05,7.33,7.00,7.24,14578394,104962856.000
2010-02-25,7.19,7.33,7.16,7.25,14165647,102588520.000
2010-02-26,7.24,7.52,7.18,7.20,17313143,127309216.000
2010-03-01,7.16,7.39,7.08,7.35,15430534,112000608.000
2010-03-02,7.35,7.40,7.15,7.24,11443212,82883944.000
2010-03-03,7.20,7.50,7.15,7.50,20269569,149748144.000
2010-03-04,7.46,7.55,7.05,7.08,15641021,114163360.000
2010-03-05,7.13,7.17,7.01,7.08,7260454,51499392.000
2010-03-08,7.10,7.25,7.07,7.19,5701794,40863492.000
2010-03-09,7.16,7.59,7.12,7.38,20014279,147984928.000
2010-03-10,7.30,7.36,7.08,7.11,11454504,82539544.000
2010-03-11,7.13,7.19,7.01,7.11,5651705,40082792.000
2010-03-12,7.10,7.16,6.93,6.95,6901987,48485624.000
2010-03-15,6.90,6.96,6.74,6.82,5523827,37669336.000
2010-03-16,6.82,6.88,6.71,6.87,3556766,24148112.000
2010-03-17,6.86,7.08,6.81,7.02,7158940,49868068.000
2010-03-18,7.01,7.13,6.96,7.06,7330655,51603576.000
2010-03-19,7.10,7.13,6.99,7.11,5931041,41963268.000
2010-03-22,7.10,7.20,7.05,7.18,6244737,44583788.000
2010-03-23,7.16,7.22,7.05,7.08,6467646,46077704.000
2010-03-24,7.09,7.17,7.07,7.14,4827865,34375936.000
2010-03-25,7.07,7.13,6.86,6.89,6557889,45609616.000
2010-03-26,6.87,7.02,6.82,6.95,3350914,23253124.000
2010-03-29,6.95,7.17,6.95,7.16,6730239,47786928.000
2010-03-30,7.16,7.17,7.08,7.15,5110950,36446628.000
2010-03-31,7.17,7.17,7.06,7.16,5466517,38898612.000
2010-04-01,7.16,7.26,7.16,7.22,10688937,77163152.000
2010-04-02,7.24,7.35,7.19,7.22,8393048,60841000.000
2010-04-06,7.23,7.28,7.13,7.19,6692920,48116468.000
2010-04-07,7.20,7.34,7.10,7.32,12891412,93458776.000
2010-04-08,7.29,7.30,7.13,7.16,7661864,55243752.000
2010-04-09,7.16,7.24,7.15,7.20,6081322,43740204.000
2010-04-12,7.25,7.25,7.01,7.08,8392741,59620672.000
2010-04-13,7.08,7.16,6.61,6.90,8400875,58418572.000
2010-04-14,6.91,7.04,6.83,7.03,6540106,45367844.000
2010-04-16,6.68,6.68,6.68,6.68,2371600,15842288.000
2010-04-19,6.35,6.35,6.35,6.35,2453200,15577820.000
2010-04-20,6.03,6.18,6.03,6.03,26771338,161647280.000
2010-04-21,5.96,6.09,5.92,6.07,14304296,86229000.000
2010-04-22,6.03,6.03,5.84,5.96,10956582,65145284.000
2010-04-23,5.94,6.04,5.88,6.01,8963901,53511056.000
2010-04-26,6.02,6.05,5.80,5.81,6433125,38319800.000
2010-04-27,5.75,5.75,5.52,5.52,7956072,44189040.000
2010-04-28,5.38,5.65,5.32,5.57,7849144,43066944.000
2010-04-29,5.62,5.62,5.43,5.46,7938853,43802568.000
2010-04-30,5.45,5.73,5.26,5.73,12052318,66923324.000
2010-05-04,5.63,5.85,5.58,5.79,16613082,95522048.000
2010-05-05,5.70,5.92,5.57,5.77,7968705,45601196.000
2010-05-06,5.70,5.75,5.48,5.48,5661543,31623326.000
2010-05-07,5.28,5.35,5.21,5.26,7590388,39988896.000
2010-05-10,5.13,5.33,5.11,5.26,5606628,29440040.000
2010-05-12,5.27,5.43,5.01,5.10,6798456,34962200.000
2010-05-13,5.11,5.34,5.05,5.22,11976108,62130176.000
2010-05-14,5.13,5.26,5.09,5.19,8356516,43332680.000
2010-05-17,5.13,5.21,4.93,4.93,4792822,24097770.000
2010-05-18,4.83,4.99,4.68,4.95,11522121,54715932.000
2010-05-19,4.85,5.17,4.75,4.95,11351212,56309380.000
2010-05-20,4.85,4.94,4.70,4.88,6050007,29055238.000
2010-05-21,4.71,4.97,4.71,4.93,5286100,25667900.000
2010-05-24,4.91,5.18,4.90,5.18,13890304,71594040.000
2010-05-25,5.13,5.38,5.09,5.29,19727103,102803840.000
2010-05-26,5.23,5.24,5.10,5.15,5976960,30895780.000
2010-05-27,5.15,5.20,5.00,5.16,5826400,29788856.000
2010-05-28,5.20,5.22,5.10,5.14,4696575,24207944.000
2010-05-31,5.12,5.17,4.88,4.88,4875760,24370552.000
2010-06-01,4.81,4.87,4.64,4.79,5575823,26424528.000
2010-06-02,4.72,4.87,4.69,4.85,3196065,15267953.000
2010-06-03,4.88,4.90,4.74,4.76,3986393,19261062.000
2010-06-04,4.74,4.83,4.69,4.80,3431420,16318126.000
2010-06-07,4.68,4.81,4.63,4.81,3992475,18884290.000
2010-06-08,4.75,5.05,4.75,5.05,6583012,32378988.000
2010-06-09,5.05,5.21,4.98,5.20,7661368,39133192.000
2010-06-10,5.13,5.39,5.11,5.34,7368323,38670072.000
2010-06-11,5.28,5.35,5.07,5.07,17714537,90546136.000
2010-06-17,5.02,5.07,4.90,4.90,6047708,30010720.000
2010-06-18,4.90,4.96,4.70,4.73,3960668,19241542.000
2010-06-21,4.80,4.93,4.72,4.89,3075193,14831510.000
2010-06-22,4.89,4.93,4.85,4.89,2082397,10184484.000
2010-06-23,4.85,4.96,4.81,4.88,1861923,9082721.000
2010-06-24,4.89,4.94,4.85,4.92,1755574,8590065.000
2010-06-25,4.91,4.93,4.83,4.85,2254366,11006399.000
2010-06-28,4.85,4.89,4.76,4.77,1617600,7800614.000
2010-06-29,4.76,4.89,4.53,4.53,4057720,18817124.000
2010-06-30,4.45,4.50,4.30,4.42,2966515,12963622.000
2010-07-01,4.38,4.45,4.24,4.33,2206141,9615586.000
2010-07-02,4.30,4.37,4.16,4.31,2427926,10415882.000
2010-07-05,4.28,4.53,4.24,4.53,5220781,23496316.000
2010-07-06,4.56,4.64,4.51,4.57,3242967,14843951.000
2010-07-07,4.60,4.67,4.51,4.61,1842418,8438568.000
2010-07-08,4.62,4.75,4.59,4.63,2764901,12865015.000
2010-07-09,4.69,4.74,4.60,4.68,3514278,16445510.000
2010-07-12,4.66,4.73,4.66,4.70,2290687,10761113.000
2010-07-13,4.66,4.78,4.63,4.70,2686325,12671296.000
2010-07-14,4.70,4.78,4.66,4.68,2208503,10432288.000
2010-07-15,4.70,4.70,4.45,4.49,2431136,11194302.000
2010-07-16,4.49,4.62,4.47,4.56,1856695,8455564.000
2010-07-19,4.56,4.75,4.46,4.71,3043193,14277379.000
2010-07-20,4.71,4.84,4.71,4.82,2638060,12664590.000
2010-07-21,4.82,4.91,4.77,4.86,3010094,14628471.000
2010-07-22,4.85,4.89,4.78,4.87,1836008,8898911.000
2010-07-23,4.87,5.00,4.84,4.96,3334795,16429797.000
2010-07-26,4.98,5.02,4.90,4.95,3225836,16058000.000
2010-07-27,4.95,5.20,4.91,5.20,10031638,51728752.000
2010-12-31,5.46,5.46,5.46,5.46,71121,388321.000
2011-01-04,5.73,5.73,5.73,5.73,117057,670737.000
2011-01-05,6.02,6.02,6.02,6.02,108537,653393.000
2011-01-06,6.32,6.32,6.32,6.32,277036,1750868.000
2011-01-07,6.64,6.64,6.64,6.64,518548,3443159.000
2011-01-10,6.97,6.97,6.97,6.97,434451,3028123.000
2011-01-11,7.32,7.32,7.32,7.32,902269,6604609.000
2011-01-12,7.69,7.69,7.69,7.69,447792,3443520.000
2011-01-13,8.07,8.07,8.07,8.07,458292,3698416.000
2011-01-14,8.47,8.47,8.47,8.47,2027635,17174068.000
2011-01-17,8.89,8.89,8.89,8.89,789524,7018868.000
2011-01-18,9.33,9.33,9.33,9.33,824343,7691120.000
2011-01-20,9.80,9.80,9.80,9.80,2644854,25919568.000
2011-01-21,10.29,10.29,10.29,10.29,2645842,27225714.000
2011-01-24,10.80,10.80,10.80,10.80,1569174,16947080.000
2011-01-25,11.34,11.34,10.26,10.64,78210946,840018240.000
2011-01-26,10.30,10.40,10.11,10.11,5403396,55040468.000
2011-01-27,9.61,10.27,9.60,9.60,44536594,435033472.000
2011-01-28,9.57,9.99,9.48,9.60,26415669,257598784.000
2011-01-31,9.70,9.97,9.53,9.79,18784727,183453952.000
2011-02-01,9.71,9.85,9.30,9.46,25117405,237811520.000
2011-02-09,9.37,9.93,9.37,9.93,32322391,318730368.000
2011-02-10,9.90,10.11,9.81,9.95,15572008,154562144.000
2011-02-11,9.95,10.45,9.81,10.45,17635786,181830048.000
2011-02-14,10.52,10.94,10.19,10.22,24838006,262715184.000
2011-02-15,10.15,10.73,10.09,10.73,17435581,182341056.000
2011-02-16,10.80,11.27,10.66,11.27,19666425,218239520.000
2011-02-17,11.75,11.83,11.50,11.83,6507402,76747288.000
2011-02-18,11.83,12.42,11.40,11.51,27403858,328481632.000
2011-02-21,11.49,12.09,11.41,12.09,15696025,188017648.000
2011-02-22,12.69,12.69,12.20,12.38,40296885,504785792.000
2011-02-23,12.29,12.67,11.80,12.27,20328744,248372304.000
2011-02-24,12.07,12.41,11.78,12.06,15803378,189926768.000
2011-02-25,12.10,12.28,11.81,11.91,7918198,94556640.000
2011-02-28,12.09,12.51,11.93,12.51,14095292,175675424.000
2011-03-01,13.09,13.14,12.80,13.14,11712281,153063232.000
2011-03-02,13.40,13.80,13.21,13.67,28224832,384595328.000
2011-03-03,14.30,14.30,13.26,13.35,17668652,242673952.000
2011-03-04,13.20,13.63,12.92,13.40,12194594,162287024.000
2011-03-07,13.25,14.07,13.25,14.07,16218461,224854928.000
2011-03-08,14.22,14.54,13.91,14.35,17422997,249391472.000
2011-03-09,14.17,14.80,14.11,14.41,12540763,179742496.000
2011-03-10,14.45,14.45,13.69,13.71,22220339,308552736.000
2011-03-11,13.75,14.05,13.64,13.68,10909800,150763920.000
2011-03-14,13.66,13.94,13.15,13.44,14763122,197706112.000
2011-03-15,13.40,13.40,12.78,12.88,15144951,197217696.000
2011-03-16,12.90,13.40,12.90,13.31,10750626,141828368.000
2011-03-17,13.11,13.31,12.76,12.96,7666308,99683600.000
2011-03-18,13.29,13.29,13.02,13.19,6363009,83711296.000
2011-03-21,13.16,13.38,13.02,13.36,8515990,112535504.000
2011-03-22,13.71,14.03,13.39,13.55,26027710,357911360.000
2011-03-23,12.87,13.18,12.87,12.94,23063373,297790016.000
2011-03-24,12.69,12.98,12.51,12.78,11456094,145777616.000
2011-03-25,12.79,13.00,12.63,12.80,14204689,182574976.000
2011-03-28,12.69,12.80,12.16,12.20,12387067,154398512.000
2011-03-29,12.15,12.15,11.62,11.80,14116587,167034624.000
2011-03-30,11.84,12.05,11.63,11.65,6757670,79574304.000
2011-03-31,11.52,12.23,11.52,12.13,11533091,137219680.000
2011-04-01,12.15,12.36,11.97,12.16,11533408,140235600.000
2011-04-06,12.16,12.16,11.80,11.96,7090218,84757632.000
2011-04-07,11.93,12.08,11.78,11.97,5440625,64969812.000
2011-04-08,11.97,12.37,11.90,12.30,6324202,77219328.000
2011-04-11,12.60,12.92,12.41,12.46,18866611,239991504.000
2011-04-12,12.20,12.60,11.93,12.19,8295010,101186640.000
2011-04-13,12.20,12.45,12.10,12.25,5283502,64950068.000
2011-04-14,12.31,12.75,12.25,12.64,8765154,110153064.000
2011-04-15,12.62,13.20,12.50,13.18,11746464,152016112.000
2011-04-18,13.20,13.84,13.19,13.84,20087980,276179520.000
2011-04-19,14.00,14.18,13.30,13.70,17051837,235353808.000
2011-04-20,13.70,13.88,13.02,13.04,12131990,161505488.000
2011-04-21,12.92,13.40,12.91,13.00,6699310,87925248.000
2011-04-22,13.04,13.20,12.51,13.05,8543393,110298512.000
2011-04-25,13.00,13.05,12.65,12.70,5256237,67382576.000
2011-04-26,12.68,13.12,12.60,12.76,4954744,63537416.000
2011-04-27,12.81,13.16,12.61,12.82,6398353,82559168.000
2011-04-28,12.84,12.87,12.18,12.18,4802041,59540368.000
2011-04-29,12.20,12.20,11.57,12.02,4998238,59288520.000
2011-05-03,12.04,12.27,11.82,12.25,3699418,44439196.000
2011-05-04,12.20,12.28,11.76,11.92,3463538,41464524.000
2011-05-05,11.90,12.00,11.80,11.85,2001702,23783724.000
2011-05-06,11.70,12.10,11.53,12.00,2984741,35396996.000
2011-05-09,12.00,12.18,11.90,12.04,2562650,30738540.000
2011-05-10,12.04,12.09,11.85,12.01,2920525,34965588.000
2011-05-11,12.01,12.57,11.99,12.40,4306298,52843368.000
2011-05-12,12.30,13.02,12.18,12.87,8550043,109790088.000
2011-05-13,12.89,13.12,12.60,12.92,5807019,74543720.000
2011-05-16,12.86,13.15,12.70,12.73,4429698,57263524.000
2011-05-17,13.10,13.20,12.66,12.72,5527890,71167144.000
2011-05-18,12.59,12.69,12.20,12.37,3714662,46248196.000
2011-05-19,12.32,12.44,12.21,12.27,2376192,29261506.000
2011-05-24,12.00,12.45,11.68,11.94,4696780,56391064.000
2011-05-25,11.92,12.29,11.87,11.98,2460947,29570848.000
2011-05-26,12.25,12.25,11.73,12.05,4116580,49585736.000
2011-05-27,11.98,12.20,11.75,11.76,2916990,35007044.000
2011-05-30,11.70,11.88,11.17,11.17,5959806,67835696.000
2011-05-31,11.17,11.35,10.70,11.25,3412063,37643968.000
2011-06-03,11.80,11.81,11.58,11.81,4248253,49886876.000
2011-06-07,12.01,12.03,11.68,11.84,3353054,39633048.000
2011-06-08,11.80,11.88,11.55,11.74,2182632,25467800.000
2011-06-09,11.82,11.85,11.15,11.18,4989286,56473592.000
2011-06-10,11.17,11.32,10.91,11.07,2487929,27662792.000
2011-06-13,10.98,11.00,10.52,10.97,3071528,32931112.000
2011-06-14,10.81,11.40,10.77,11.21,2936671,32882614.000
2011-06-15,11.13,11.34,11.05,11.11,1991539,22289528.000
2011-06-16,11.07,11.07,10.70,10.73,2082620,22542378.000
2011-06-17,10.60,10.85,10.52,10.55,1475927,15770563.000
2011-06-20,10.50,10.50,10.02,10.06,3174813,32111518.000
2011-06-21,10.15,10.18,9.90,10.16,1919045,19256364.000
2011-06-22,10.19,10.48,10.06,10.40,2611954,26871496.000
2011-06-23,10.23,10.80,10.23,10.64,2608087,27665472.000
2011-06-24,10.56,10.95,10.55,10.76,2677664,28773284.000
2011-06-27,10.85,11.26,10.80,11.09,2775738,30840284.000
2011-06-28,11.09,11.30,11.02,11.02,2569418,28644296.000
2011-06-30,10.90,11.28,10.86,10.98,3342955,36870648.000
2011-07-01,10.98,11.10,10.85,10.88,3284263,35942740.000
2011-07-04,10.95,11.20,10.88,11.13,3048403,33940252.000
2011-07-05,11.14,11.58,11.13,11.47,3572113,40782000.000
2011-07-06,11.51,11.72,11.00,11.27,4546679,51530908.000
2011-07-07,11.29,11.36,11.01,11.14,2644676,29600278.000
2011-07-08,11.14,11.55,11.10,11.48,4074215,46387744.000
2011-07-11,11.38,12.05,11.30,12.05,7538743,89578512.000
2011-07-12,12.08,12.65,11.82,12.40,8886759,110209952.000
2011-07-13,12.40,12.81,12.27,12.59,4473097,55947400.000
2011-07-14,12.64,12.70,12.30,12.45,3308957,41160312.000
2011-07-15,12.45,12.49,12.17,12.32,2573362,31678812.000
2011-07-18,12.34,12.56,12.20,12.38,2912702,36020404.000
2011-07-19,12.40,12.46,12.20,12.33,2286101,28250050.000
2011-07-20,12.33,12.39,12.18,12.22,2149703,26321680.000
2011-07-21,12.22,12.38,11.93,11.96,1898736,23093674.000
2011-07-22,11.66,12.08,11.66,11.81,1800829,21388040.000
2011-07-25,11.80,11.80,11.22,11.22,2495401,28455984.000
2011-07-26,11.20,11.34,11.01,11.28,1441463,16152254.000
2011-07-27,11.49,11.77,11.21,11.65,1870569,21698628.000
2011-07-28,11.65,12.18,11.46,12.14,3260553,38747424.000
2011-07-29,12.15,12.52,11.85,11.87,3522698,42952720.000
2011-08-01,12.08,12.39,11.85,12.37,3166903,38691672.000
2011-08-02,12.35,12.35,11.79,12.12,3082091,36945112.000
2011-08-03,11.98,12.39,11.79,12.12,2700526,32887968.000
2011-08-04,12.11,12.29,11.80,11.93,2984177,35659304.000
2011-08-05,11.45,11.81,11.34,11.62,2162476,25064984.000
2011-08-08,11.50,11.50,11.04,11.04,2761984,30823738.000
2011-08-09,10.65,10.98,10.49,10.80,4444148,47214848.000
2011-08-10,11.00,11.18,10.96,11.00,1926890,21318262.000
2011-08-11,10.65,11.13,10.55,11.08,2393783,26189320.000
2011-08-12,11.18,11.44,11.10,11.40,2224778,25210792.000
2011-08-15,11.57,11.67,11.30,11.59,2650193,30599148.000
2011-08-16,11.70,11.80,11.30,11.33,1957170,22493396.000
2011-08-17,11.52,11.68,11.35,11.60,2414670,27815340.000
2011-08-18,11.75,11.75,11.32,11.37,1959768,22560028.000
2011-08-19,11.19,11.19,10.95,11.15,3181148,35127916.000
2011-08-22,11.37,11.38,11.01,11.17,1580472,17676658.000
2011-08-23,11.20,11.43,11.20,11.40,1753325,19850924.000
2011-08-24,11.45,11.97,11.38,11.97,9189791,109184504.000
2011-08-25,11.93,11.96,11.50,11.88,4633439,54562120.000
2011-08-26,11.88,12.17,11.75,11.95,2772969,33162124.000
2011-08-29,12.01,12.01,11.77,11.83,3280554,38989824.000
2011-08-30,11.89,12.10,11.76,11.81,2536635,30302916.000
2011-08-31,11.90,11.90,11.70,11.73,1423906,16726631.000
2011-09-01,11.72,11.98,11.65,11.78,1615883,19057188.000
2011-09-02,11.70,11.88,11.50,11.54,1788940,20783712.000
2011-09-05,11.40,11.77,11.22,11.57,2703160,31300008.000
2011-09-06,11.49,11.62,11.39,11.46,1713249,19691308.000
2011-09-07,11.50,11.76,11.50,11.76,1714349,20040278.000
2011-09-08,11.76,11.85,11.66,11.68,1685584,19774068.000
2011-09-09,11.68,11.77,11.43,11.46,1587874,18396214.000
2011-09-13,11.46,11.46,11.14,11.22,1944991,21822920.000
2011-09-14,11.22,11.45,11.11,11.37,1747260,19625076.000
2011-09-15,11.40,11.40,11.18,11.22,1404612,15823590.000
2011-09-16,11.26,11.34,11.00,11.02,1731500,19274384.000
2011-09-19,10.92,11.09,10.92,11.00,1240618,13683489.000
2011-09-20,11.06,11.08,10.80,10.92,1818790,19881260.000
2011-09-21,11.00,11.35,10.87,11.31,2074865,23222708.000
2011-09-22,11.15,11.40,11.09,11.23,2311094,26020128.000
2011-09-23,11.15,11.21,10.98,11.02,1264074,14008869.000
2011-09-26,11.02,11.20,10.91,10.95,900721,9926169.000
2011-09-27,10.92,11.13,10.85,10.96,1448287,15843467.000
2011-09-28,11.01,11.01,10.41,10.52,2228612,23757072.000
2011-09-29,10.62,10.62,10.02,10.07,1654908,16852948.000
2011-09-30,10.06,10.35,9.91,10.31,992775,10002363.000
2011-10-10,10.35,10.66,10.12,10.19,1644871,17096436.000
2011-10-11,10.27,10.47,10.00,10.21,1593173,16252744.000
2011-10-12,10.21,10.60,9.98,10.50,1955989,20185816.000
2011-10-13,10.38,10.65,10.38,10.51,1283881,13517979.000
2011-10-14,10.51,10.65,10.41,10.58,933323,9827077.000
2011-10-17,10.65,10.65,10.40,10.50,2084284,21965596.000
2011-10-18,10.40,10.40,9.98,9.98,4118689,41284040.000
2011-10-19,10.11,10.11,9.65,9.74,1901659,18634428.000
2011-10-20,9.61,9.65,9.25,9.29,2847568,26531040.000
2011-10-21,8.85,9.10,8.83,8.83,2281425,20183352.000
2011-10-24,8.39,8.68,8.39,8.62,6269778,52847328.000
2011-10-25,8.52,8.65,8.19,8.58,4789649,40171868.000
2011-10-26,8.49,8.73,8.42,8.51,4915033,42098704.000
2011-10-27,8.45,8.62,8.45,8.57,2939087,25104600.000
2011-10-28,8.62,9.00,8.58,9.00,4087983,36068404.000
2011-10-31,8.98,9.07,8.80,8.86,3083103,27509412.000
2011-11-01,8.86,8.93,8.70,8.88,2480581,21871424.000
2011-11-02,8.87,9.32,8.65,9.29,3657509,32817648.000
2011-11-03,9.34,9.45,9.16,9.16,4083530,38011676.000
2011-11-04,9.19,9.30,9.12,9.23,2306620,21211396.000
2011-11-07,9.21,9.30,9.10,9.21,1522211,14026972.000
2011-11-08,9.13,9.67,9.13,9.53,5388634,51469608.000
2011-11-09,9.53,9.69,9.47,9.59,2270900,21701406.000
2011-11-10,9.40,9.56,9.31,9.38,2345797,22084070.000
2011-11-11,9.41,9.47,9.18,9.20,2284481,21393556.000
2011-11-14,9.24,9.47,9.20,9.36,2281649,21273684.000
2011-11-15,9.34,9.42,9.28,9.36,2572738,24068274.000
2011-11-16,9.35,9.36,8.89,8.89,4279189,38645444.000
2011-11-17,8.81,8.96,8.80,8.88,1822949,16201544.000
2011-11-18,8.86,8.86,8.44,8.44,4018009,34186384.000
2011-11-21,8.42,8.86,8.02,8.86,5876264,50599576.000
2011-11-22,8.94,9.30,8.86,9.28,7364894,67573600.000
2011-11-23,9.24,9.41,9.02,9.12,3096372,28589436.000
2011-11-24,9.02,9.16,8.75,8.98,2146645,19177264.000
2011-11-25,8.98,9.12,8.76,8.89,1883057,16856544.000
2011-11-28,8.72,8.92,8.50,8.63,1714213,14945928.000
2011-11-29,8.63,8.80,8.63,8.71,1397612,12175907.000
2011-11-30,8.71,8.83,8.27,8.34,2023015,17139196.000
2011-12-01,8.60,8.70,8.42,8.45,2101553,17953824.000
2011-12-02,8.41,8.45,8.08,8.16,1781755,14590517.000
2011-12-05,8.15,8.19,7.86,7.93,1249479,9957948.000
2011-12-06,7.93,8.08,7.90,8.01,966134,7706990.000
2011-12-07,8.00,8.11,7.91,7.93,745560,5967217.000
2011-12-08,7.92,7.92,7.53,7.70,1904248,14620921.000
2011-12-09,7.58,7.75,7.40,7.46,1377828,10402074.000
2011-12-12,7.46,7.49,7.09,7.10,1504325,10961570.000
2011-12-13,7.05,7.05,6.75,6.75,2747950,18635504.000
2011-12-14,6.41,6.56,6.41,6.41,2950174,18953712.000
2011-12-15,6.09,6.10,6.09,6.09,405500,2469531.000
2011-12-16,5.79,5.96,5.79,5.95,6280493,36550068.000
2011-12-19,5.85,5.85,5.65,5.69,3686675,20924582.000
2011-12-21,5.41,5.42,5.41,5.41,1606100,8689302.000
2011-12-22,5.14,5.14,5.14,5.14,276200,1419668.000
2011-12-23,4.88,5.28,4.88,4.94,20741511,102534920.000
2011-12-26,4.80,4.85,4.69,4.69,9657157,45482408.000
2011-12-27,4.48,4.55,4.46,4.46,7632148,34099256.000
2011-12-28,4.24,4.30,4.24,4.24,2839700,12046938.000
2011-12-29,4.09,4.13,4.03,4.03,16223865,65622624.000
2011-12-30,4.02,4.23,3.98,4.23,16577779,69284648.000
2012-01-04,4.20,4.30,4.11,4.15,16728935,70276960.000
2012-01-05,4.09,4.09,3.94,3.94,11676182,46215096.000
2012-01-06,3.78,4.10,3.74,4.09,17909061,69416320.000
2012-01-09,4.02,4.29,3.98,4.29,13651548,57590784.000
2012-01-10,4.34,4.50,4.28,4.46,24212965,106696696.000
2012-01-11,4.40,4.45,4.30,4.39,14827134,64859360.000
2012-01-12,4.36,4.41,4.30,4.36,9692142,42289336.000
2012-01-13,4.37,4.38,4.14,4.15,12040793,50309480.000
2012-01-16,4.05,4.15,3.96,3.98,4890161,19938196.000
2012-01-17,3.94,4.18,3.94,4.18,7767268,31804484.000
2012-01-18,4.18,4.26,4.14,4.15,8949113,37567748.000
2012-01-19,4.11,4.18,4.02,4.15,6191780,25547232.000
2012-01-20,4.13,4.35,4.10,4.32,8853747,37379404.000
2012-01-30,4.31,4.54,4.26,4.54,17717814,79561432.000
2012-01-31,4.54,4.77,4.48,4.77,18685647,87060936.000
2012-02-01,4.87,5.01,4.79,5.01,11094963,54789460.000
2012-02-02,5.26,5.26,5.01,5.26,11188648,58468420.000
2012-02-03,5.51,5.52,5.40,5.52,3609645,19881304.000
2012-02-06,5.80,5.80,5.80,5.80,583461,3384074.000
2012-02-07,5.77,6.09,5.51,6.09,40229837,236228944.000
2012-02-08,6.09,6.30,5.79,5.95,35619778,214114560.000
2012-02-09,5.81,5.95,5.70,5.80,22373446,130069296.000
2012-02-10,5.72,6.09,5.64,6.09,27079848,159984272.000
2012-02-13,6.15,6.39,6.10,6.39,13501571,85215896.000
2012-02-14,6.71,6.71,6.52,6.71,16183892,108398592.000
2012-02-16,6.71,7.05,6.50,7.05,33550529,233050352.000
2012-02-17,7.02,7.33,6.76,6.90,28477122,201345296.000
2012-02-20,7.00,7.00,6.62,6.88,21381781,145542752.000
2012-02-21,7.10,7.10,6.68,6.86,15046463,103182712.000
2012-02-22,6.86,6.97,6.72,6.90,16274802,111596432.000
2012-02-23,6.80,6.92,6.62,6.70,17475561,117773696.000
2012-02-24,6.69,6.96,6.62,6.79,20359294,139393024.000
2012-02-27,6.71,6.78,6.68,6.70,15489911,104005216.000
2012-02-28,6.67,6.68,6.37,6.39,16962537,109460888.000
2012-02-29,6.38,6.62,6.10,6.55,18195101,116414544.000
2012-03-01,6.50,6.51,6.36,6.40,8678137,55786264.000
2012-03-02,6.41,6.55,6.36,6.46,8458301,54619816.000
2012-03-05,6.46,6.50,6.34,6.35,8682006,55618360.000
2012-03-06,6.30,6.42,6.17,6.26,6976137,43792872.000
2012-03-07,6.19,6.26,6.10,6.15,7296571,45091196.000
2012-03-08,6.15,6.46,6.12,6.46,10006528,63499836.000
2012-03-09,6.65,6.78,6.61,6.78,27050160,182578800.000
2012-03-12,6.83,6.85,6.60,6.63,16576115,111031584.000
2012-03-13,6.70,6.72,6.48,6.65,10345222,68145728.000
2012-03-14,6.66,6.68,6.32,6.32,10772602,69681888.000
2012-03-15,6.12,6.26,6.00,6.00,10591163,63971168.000
2012-03-16,5.88,6.28,5.85,6.14,8693710,53199360.000
2012-03-19,6.15,6.20,5.97,6.18,5927189,36178084.000
2012-03-20,6.19,6.45,6.15,6.16,9507728,59573272.000
2012-03-21,6.16,6.16,5.85,6.03,11010061,65676384.000
2012-03-22,6.03,6.03,5.73,5.73,17049662,98329744.000
2012-03-23,5.56,5.98,5.56,5.75,11181670,64497568.000
2012-03-26,5.70,5.77,5.51,5.59,5856794,32938000.000
2012-03-27,5.59,5.65,5.54,5.60,4772022,26727064.000
2012-03-28,5.57,5.57,5.32,5.32,6293608,33653880.000
2012-03-29,5.15,5.16,5.05,5.05,6181320,31291532.000
2012-03-30,4.83,5.00,4.80,4.81,7222270,35118816.000
2012-04-06,5.05,5.05,5.05,5.05,1168400,5900420.000
2012-04-09,5.30,5.30,5.30,5.30,1512998,8018889.000
2012-04-10,5.49,5.57,5.35,5.57,20534476,112171080.000
2012-04-12,5.60,5.85,5.50,5.66,14381774,81807464.000
2012-04-13,5.66,5.66,5.47,5.55,9887958,54789508.000
2012-04-16,5.50,5.83,5.40,5.83,10591854,59657644.000
2012-04-17,5.85,6.05,5.67,5.69,13839467,81197384.000
2012-04-18,5.67,5.79,5.49,5.72,9204759,52074984.000
2012-04-19,5.66,5.75,5.55,5.61,7643762,43028052.000
2012-04-20,5.59,5.69,5.51,5.61,6530493,36670452.000
2012-04-23,5.56,5.58,5.33,5.33,9352689,50426784.000
2012-04-24,5.10,5.19,5.06,5.12,10125685,51554932.000
2012-04-25,5.06,5.25,5.05,5.18,6028128,31203518.000
2012-04-26,5.18,5.23,5.04,5.11,5366371,27578944.000
2012-04-27,5.05,5.11,4.92,5.01,5392253,27100262.000
2012-05-02,4.76,5.19,4.76,5.14,15090205,74335776.000
2012-05-03,4.99,5.08,4.88,4.89,8365409,41342652.000
2012-05-04,4.88,4.98,4.82,4.94,5404479,26623970.000
2012-05-07,4.90,5.05,4.90,5.00,4598955,22856990.000
2012-05-08,5.00,5.13,4.97,5.06,6215038,31585908.000
2012-05-09,5.07,5.11,4.92,4.94,4603139,22924448.000
2012-05-10,4.90,4.98,4.85,4.93,3609424,17752868.000
2012-05-11,4.93,5.10,4.89,5.07,6372708,32023080.000
2012-05-14,5.11,5.15,4.97,4.99,5382484,27223684.000
2012-05-15,4.90,4.94,4.74,4.82,5506691,26450338.000
2012-05-16,4.80,4.81,4.73,4.76,3047904,14534725.000
2012-05-17,4.73,4.87,4.73,4.84,3149959,15208178.000
2012-05-18,4.83,4.89,4.76,4.78,3261269,15696894.000
2012-05-21,4.80,4.82,4.58,4.65,3351775,15691633.000
2012-05-22,4.66,4.72,4.62,4.68,3220514,15028894.000
2012-05-23,4.69,4.69,4.53,4.59,4113037,18908590.000
2012-05-24,4.59,4.59,4.41,4.44,4432063,19795660.000
2012-05-25,4.40,4.47,4.31,4.33,3106429,13652823.000
2012-05-28,4.30,4.55,4.11,4.55,7570519,33165642.000
2012-05-29,4.55,4.67,4.51,4.60,6276449,28934272.000
2012-05-30,4.59,4.59,4.50,4.54,4016376,18210912.000
2012-05-31,4.48,4.65,4.46,4.56,3787357,17307940.000
2012-06-01,4.52,4.61,4.52,4.55,2196707,10018547.000
2012-06-04,4.48,4.48,4.32,4.32,3867492,16971466.000
2012-06-05,4.30,4.54,4.30,4.49,5351925,23851782.000
2012-06-06,4.45,4.58,4.43,4.54,3935389,17703606.000
2012-06-07,4.57,4.77,4.54,4.77,5801221,27464302.000
2012-06-08,5.01,5.01,5.01,5.01,2355568,11801396.000
2012-06-11,5.16,5.16,4.76,4.79,15076707,73422336.000
2012-06-12,4.62,4.91,4.57,4.80,8311271,39497028.000
2012-06-13,4.80,5.04,4.74,4.99,11266634,56057640.000
2012-06-14,4.95,5.07,4.85,4.87,7987191,39640752.000
2012-06-15,4.88,4.94,4.74,4.87,4368871,21032350.000
2012-06-18,4.81,5.00,4.81,4.92,3944695,19417840.000
2012-06-19,4.90,5.05,4.87,4.96,7071068,35286120.000
2012-06-20,4.97,5.00,4.81,4.85,4597058,22423388.000
2012-06-21,4.83,4.95,4.61,4.85,5920092,28291532.000
2012-06-25,4.85,4.92,4.61,4.65,4254613,20228002.000
2012-06-26,4.50,4.64,4.50,4.58,3470121,15826172.000
2012-06-27,4.58,4.64,4.47,4.49,3479348,15855744.000
2012-06-28,4.50,4.71,4.48,4.56,3671100,16938080.000
2012-07-02,4.63,4.77,4.61,4.72,3519090,16538193.000
2012-07-03,4.72,4.84,4.66,4.78,4960332,23638904.000
2012-07-04,4.78,4.85,4.60,4.66,4283626,20122474.000
2012-07-05,4.63,4.63,4.43,4.44,4235918,18989920.000
2012-07-06,4.50,4.55,4.35,4.53,3162820,14084922.000
2012-07-09,4.56,4.56,4.36,4.39,2603626,11511769.000
2012-07-10,4.39,4.39,4.30,4.33,1670568,7249656.000
2012-07-11,4.28,4.36,4.28,4.35,1826097,7895464.000
2012-07-12,4.36,4.57,4.28,4.57,6491640,29319812.000
2012-07-13,4.50,4.58,4.45,4.47,4026069,18146192.000
2012-07-16,4.41,4.42,4.25,4.26,3658316,15783323.000
2012-07-17,4.23,4.36,4.23,4.33,2068982,8908703.000
2012-07-18,4.31,4.36,4.26,4.36,2230111,9628411.000
2012-07-19,4.32,4.46,4.29,4.38,3186896,14007120.000
2012-07-20,4.37,4.44,4.33,4.35,2069664,9031823.000
2012-07-23,4.31,4.40,4.20,4.33,2197219,9457133.000
2012-07-24,4.30,4.38,4.22,4.34,1896549,8181909.000
2012-07-25,4.28,4.35,4.26,4.33,1768869,7631934.000
2012-07-26,4.35,4.36,4.25,4.26,2384079,10283763.000
2012-07-27,4.28,4.33,4.26,4.26,1719346,7363751.000
2012-07-30,4.05,4.05,4.05,4.05,1110300,4496715.000
2012-07-31,3.85,3.85,3.85,3.85,213000,820050.000
2012-08-01,3.66,3.66,3.66,3.66,1057100,3868986.000
2012-08-03,3.48,3.84,3.48,3.78,10592143,37660464.000
2012-08-06,3.60,3.80,3.60,3.74,8370200,31020436.000
2012-08-07,3.74,3.88,3.73,3.79,6634814,25077124.000
2012-08-08,3.80,3.85,3.72,3.76,5817227,21920594.000
2012-08-09,3.75,3.82,3.66,3.79,6062380,22667572.000
2012-08-10,3.76,3.79,3.71,3.72,3989207,14937569.000
2012-08-13,3.71,3.72,3.53,3.56,3628088,13213125.000
2012-08-14,3.57,3.63,3.46,3.62,3985340,14137111.000
2012-08-15,3.59,3.63,3.52,3.52,2278818,8158341.000
2012-08-16,3.51,3.70,3.48,3.70,6902859,25277092.000
2012-08-17,3.71,3.79,3.55,3.67,7136407,26302740.000
2012-08-20,3.61,3.85,3.57,3.85,6111276,22748592.000
2012-08-21,3.87,3.95,3.80,3.89,6145540,23960760.000
2012-08-22,3.92,4.08,3.91,4.05,12424391,50234776.000
2012-08-27,4.46,4.46,4.46,4.46,1085748,4842436.000
2012-08-28,4.75,4.91,4.46,4.91,34726334,167452464.000
2012-08-29,4.92,5.40,4.81,5.40,32905155,173112448.000
2012-08-30,5.40,5.94,5.35,5.94,41323765,240335184.000
2012-09-04,5.98,6.53,5.98,6.53,28619879,184632048.000
2012-09-05,6.70,6.93,6.01,6.53,61271182,396774784.000
2012-09-06,6.29,6.34,6.02,6.13,42488346,261471072.000
2012-09-07,6.15,6.38,5.97,6.10,49153635,301188384.000
2012-09-10,5.99,6.17,5.88,6.11,33325206,200786496.000
2012-09-11,6.02,6.53,6.00,6.28,49215683,311152704.000
2012-09-12,6.20,6.46,6.02,6.40,37850583,236396336.000
2012-09-13,6.32,6.45,5.80,5.89,31264306,193262096.000
2012-09-14,5.88,6.48,5.68,6.48,51810186,322522688.000
2012-09-17,6.47,6.47,5.91,6.01,39373251,242093168.000
2012-09-18,5.87,5.94,5.58,5.70,20909606,119943416.000
2012-09-19,5.65,5.84,5.57,5.71,15892262,90455040.000
2012-09-20,5.64,5.65,5.30,5.32,18097872,99000792.000
2012-09-21,5.23,5.74,5.20,5.34,18048139,98574944.000
2012-09-24,5.26,5.66,5.08,5.55,21094445,114092520.000
2012-09-25,5.40,5.68,5.34,5.48,16853269,92720584.000
2012-09-26,5.39,6.03,5.32,5.81,43546388,253945984.000
2012-09-27,5.67,6.39,5.62,6.39,52174700,320780320.000
2012-09-28,6.38,6.75,6.10,6.22,49570562,315177024.000
2012-10-08,6.10,6.84,6.01,6.84,56036009,368281088.000
2012-10-09,6.65,7.52,6.60,7.52,61617278,434640704.000
2012-10-10,7.37,8.25,7.20,7.98,57165767,452170304.000
2012-10-12,7.98,7.98,7.18,7.18,51812753,380991680.000
2012-10-15,7.18,7.50,6.80,7.25,44662912,324520576.000
2012-10-16,7.06,7.45,7.00,7.11,33533672,241258672.000
2012-10-17,7.04,7.38,6.92,7.16,29509742,211044896.000
2012-10-18,7.08,7.34,6.85,7.13,33400829,235831264.000
2012-10-19,7.08,7.22,6.88,6.90,25840689,181908096.000
2012-10-22,6.78,6.91,6.70,6.80,16957271,115390936.000
2012-10-23,6.80,7.47,6.80,7.34,51991491,374193696.000
2012-10-24,7.09,7.76,6.95,7.38,46873627,344043296.000
2012-10-25,7.25,7.61,7.00,7.07,31898228,231872032.000
2012-10-26,6.98,7.24,6.40,7.01,28351402,194318272.000
2012-10-29,6.91,7.15,6.85,6.93,15905681,111737088.000
2012-10-30,6.87,7.07,6.59,6.67,17828518,120895200.000
2012-10-31,6.61,6.72,6.49,6.62,11777189,77688592.000
2012-11-01,6.68,6.83,6.60,6.69,14112324,94676568.000
2012-11-02,6.65,6.81,6.62,6.68,11068868,74039472.000
2012-11-05,6.68,7.35,6.67,7.35,44460299,318933152.000
2012-11-06,7.41,7.86,7.31,7.41,54418302,411285632.000
2012-11-07,7.30,7.81,7.20,7.50,41073123,312203136.000
2012-11-08,7.30,7.37,6.80,6.87,32029354,225557216.000
2012-11-09,6.87,7.01,6.60,6.71,19032622,128324104.000
2012-11-12,6.75,6.87,6.59,6.76,17259111,116172800.000
2012-11-13,6.76,6.76,6.45,6.48,13170832,86612968.000
2012-11-14,6.36,6.50,6.17,6.36,15397209,96710784.000
2012-11-15,6.28,6.34,6.07,6.09,12485084,77269648.000
2012-11-16,6.03,6.16,5.88,5.93,8917717,53418148.000
2012-11-19,5.90,6.00,5.74,5.99,9484135,55588800.000
2012-11-20,6.02,6.54,5.97,6.45,28702224,182328864.000
2012-11-21,6.43,6.49,6.24,6.40,15819311,100553576.000
2012-11-22,6.33,6.70,6.31,6.44,17146399,111786248.000
2012-11-23,6.45,6.56,6.35,6.38,9874331,63407920.000
2012-11-26,6.35,6.38,5.97,5.98,13090653,79797328.000
2012-11-27,5.96,6.19,5.70,6.05,13971594,83167696.000
2012-11-28,5.94,6.13,5.81,5.85,7795225,46215444.000
2012-11-29,5.81,5.94,5.67,5.68,8664236,50172292.000
2012-11-30,5.59,5.81,5.52,5.74,7615881,43523936.000
2012-12-03,5.74,5.96,5.51,5.52,9308139,53690588.000
2012-12-04,5.48,5.75,5.08,5.64,13608668,74067136.000
2012-12-05,5.59,6.03,5.51,5.88,15858323,92547528.000
2012-12-06,5.87,6.05,5.72,5.81,13608096,79625040.000
2012-12-07,5.82,6.33,5.74,6.06,21579427,130850568.000
2012-12-10,6.00,6.36,5.96,6.22,20343716,126093744.000
2012-12-11,6.17,6.78,6.08,6.69,34452343,223102304.000
2012-12-12,6.56,6.69,6.41,6.56,23135392,151179328.000
2012-12-13,6.52,6.76,6.41,6.42,17299480,113977856.000
2012-12-14,6.30,6.77,6.25,6.60,25855155,170270848.000
2012-12-17,6.60,6.96,6.53,6.65,26438844,178379552.000
2012-12-18,6.50,6.67,6.46,6.47,18208032,119061128.000
2012-12-19,6.45,6.62,6.43,6.51,11360846,74060320.000
2012-12-20,6.51,6.55,6.24,6.38,14435014,91671496.000
2012-12-21,6.40,6.62,6.34,6.37,14576124,94384896.000
2012-12-24,6.32,6.49,6.26,6.38,10667694,68265600.000
2012-12-25,6.31,6.62,6.30,6.60,21288123,138515584.000
2012-12-26,6.63,6.95,6.58,6.72,24329239,164338912.000
2012-12-27,6.66,7.39,6.55,7.39,62921345,449472992.000
2012-12-28,7.35,7.42,7.05,7.27,42270528,304918240.000
2012-12-31,7.22,7.34,7.13,7.20,23372615,168858384.000
2013-01-04,7.30,7.32,6.87,7.02,21699574,153097088.000
2013-01-07,7.01,7.18,6.93,7.09,15204857,107600992.000
2013-01-08,7.07,7.11,6.89,6.98,16187613,112654672.000
2013-01-09,6.96,7.40,6.95,7.27,33651561,243249936.000
2013-01-10,7.20,7.25,7.06,7.13,17592374,125764584.000
2013-01-11,7.12,7.19,6.70,6.76,21202002,146092000.000
2013-01-14,6.63,6.92,6.60,6.87,15268742,103881264.000
2013-01-15,6.82,7.14,6.82,7.07,20101343,140721264.000
2013-01-16,7.05,7.34,6.96,7.14,23797450,170201184.000
2013-01-17,7.05,7.13,6.86,6.93,13934482,96936328.000
2013-01-18,6.93,7.15,6.91,6.99,10700595,75024072.000
2013-01-21,7.10,7.46,7.06,7.31,38741595,282151456.000
2013-01-22,7.25,7.25,6.95,7.01,21222501,150168304.000
2013-01-23,6.94,7.01,6.80,6.95,13708688,94552720.000
2013-01-24,6.95,7.14,6.76,6.79,15248849,105903824.000
2013-01-25,6.71,6.89,6.70,6.71,7078526,47959136.000
2013-01-28,6.71,6.90,6.66,6.89,8090322,54966920.000
2013-01-29,6.86,7.07,6.81,6.98,14455426,100964856.000
2013-01-30,7.00,7.17,6.96,7.05,15015105,105794296.000
2013-01-31,6.91,7.15,6.90,7.10,16669876,117773600.000
2013-02-01,7.08,7.08,6.88,6.98,11211566,78013808.000
2013-02-04,7.00,7.14,6.80,7.09,19265105,135261760.000
2013-02-05,7.10,7.68,7.04,7.33,40344962,297689952.000
2013-02-06,7.26,7.29,7.08,7.13,18640346,133451200.000
2013-02-07,7.06,7.13,6.94,7.02,12169998,85278152.000
2013-02-08,7.06,7.09,7.00,7.07,7077413,49862704.000
2013-02-18,7.10,7.12,6.97,7.04,8520688,59884004.000
2013-02-19,7.04,7.04,6.84,6.87,8857243,61301644.000
2013-02-20,6.83,6.96,6.83,6.94,5684787,39304044.000
2013-02-21,6.92,6.92,6.67,6.75,8582685,58153464.000
2013-02-22,6.68,6.79,6.68,6.70,4760444,32045808.000
2013-02-25,6.71,6.82,6.71,6.80,4455843,30174120.000
2013-02-26,6.79,6.80,6.59,6.61,7814720,52287576.000
2013-02-27,6.61,6.68,6.50,6.65,7377826,48519308.000
2013-02-28,6.65,6.74,6.56,6.73,7084569,47272524.000
2013-03-01,6.70,6.73,6.62,6.68,7181673,47810648.000
2013-03-04,6.62,6.62,6.10,6.16,10788689,68368920.000
2013-03-05,6.12,6.26,6.12,6.24,4577419,28329544.000
2013-03-06,6.28,6.29,6.15,6.26,6058102,37704676.000
2013-03-07,6.25,6.65,6.17,6.49,15436238,99880072.000
2013-03-08,6.41,6.64,6.35,6.59,13678585,89312040.000
2013-03-11,6.50,6.97,6.39,6.92,26112188,177429472.000
2013-03-12,6.81,7.60,6.81,7.57,67557205,491245600.000
2013-03-13,7.30,7.40,7.21,7.27,27863017,203845280.000
2013-03-14,7.23,7.65,7.15,7.52,54371689,401298560.000
2013-03-15,7.42,7.75,7.12,7.40,45912298,342606112.000
2013-03-18,7.33,7.56,7.15,7.41,39801185,293266144.000
2013-03-19,7.35,7.71,7.18,7.62,47558732,355118080.000
2013-03-20,7.55,7.66,7.43,7.61,41142687,310834400.000
2013-03-21,7.56,7.62,7.33,7.44,30544522,227217360.000
2013-03-22,7.40,7.40,7.12,7.18,22603901,162638032.000
2013-03-25,7.20,7.42,7.08,7.31,20164126,146409680.000
2013-03-26,7.26,7.26,7.07,7.11,12558105,89519208.000
2013-03-27,7.10,7.82,7.08,7.60,50000744,379753088.000
2013-03-28,7.43,7.49,7.15,7.20,23501382,172362112.000
2013-03-29,6.55,6.90,6.48,6.48,29328094,191585984.000
2013-04-01,6.25,6.29,6.03,6.25,18472612,114144336.000
2013-04-02,6.20,6.37,6.15,6.28,12432579,77757792.000
2013-04-03,6.27,6.27,5.87,5.95,14143344,85294336.000
2013-04-08,5.90,5.92,5.71,5.89,8935238,51836928.000
2013-04-09,5.87,6.08,5.86,5.98,8705802,52248048.000
2013-04-10,5.99,6.28,5.97,6.24,14139395,87368440.000
2013-04-11,6.25,6.30,6.10,6.12,8283560,50952516.000
2013-04-12,6.12,6.15,5.97,5.98,6495722,39411340.000
2013-04-15,5.95,5.95,5.76,5.83,6021311,34970544.000
2013-04-16,5.75,5.94,5.71,5.93,4135932,24133404.000
2013-04-17,6.00,6.02,5.77,5.91,5790844,34112592.000
2013-04-18,5.87,5.96,5.80,5.86,5010015,29421392.000
2013-04-19,5.88,6.04,5.84,6.01,7829695,46756472.000
2013-04-22,5.96,6.10,5.88,6.06,8236204,49296356.000
2013-04-23,6.01,6.22,5.88,5.89,10691888,64897760.000
2013-04-24,5.80,6.02,5.80,5.99,5734553,34019764.000
2013-04-25,6.07,6.07,5.86,5.87,6217942,37056532.000
2013-04-26,5.87,5.98,5.65,5.66,5593016,32420792.000
2013-05-02,5.64,5.77,5.53,5.62,4699939,26567722.000
2013-05-03,5.62,5.78,5.62,5.74,5137869,29441888.000
2013-05-06,5.78,5.90,5.76,5.90,5613345,32699156.000
2013-05-07,5.92,6.04,5.82,6.03,8622829,51469400.000
2013-05-08,6.00,6.09,5.92,5.95,6339264,37834996.000
2013-05-09,5.97,5.99,5.76,5.83,6147049,35855480.000
2013-05-10,5.80,5.95,5.75,5.89,6992911,40917624.000
2013-05-13,5.86,5.89,5.76,5.83,4943186,28715466.000
2013-05-14,5.80,5.81,5.65,5.72,6195387,35380360.000
2013-05-15,5.73,5.76,5.67,5.71,4359374,24868900.000
2013-05-16,5.71,5.80,5.64,5.79,5716471,32757894.000
2013-05-17,5.78,6.05,5.70,6.00,13281199,78167200.000
2013-05-20,6.00,6.16,5.92,6.14,17676858,106590232.000
2013-05-21,6.12,6.20,6.03,6.13,12264048,74973544.000
2013-05-22,6.10,6.21,6.03,6.16,12954973,79403432.000
2013-05-23,6.11,6.15,6.00,6.01,8202972,49756336.000
2013-05-24,6.01,6.09,5.97,6.04,6213335,37455292.000
2013-05-27,6.05,6.07,5.97,5.99,5674069,34122380.000
2013-05-28,6.00,6.11,5.88,6.10,11778906,70766824.000
2013-05-29,6.10,6.18,6.07,6.08,9839459,60168836.000
2013-05-30,6.07,6.10,6.00,6.04,5799780,35010180.000
2013-05-31,6.04,6.10,6.00,6.01,7045224,42747496.000
2013-06-03,6.00,6.07,5.95,6.04,5390822,32399696.000
2013-06-04,6.05,6.05,5.80,5.85,5740964,33849248.000
2013-06-05,5.85,5.87,5.78,5.83,3506052,20402358.000
2013-06-06,5.75,5.87,5.70,5.74,3815807,22075000.000
2013-06-07,5.73,5.80,5.53,5.60,4454083,25059170.000
2013-06-13,5.58,5.58,5.25,5.36,3555825,19064134.000
2013-06-14,5.36,5.45,5.36,5.41,3020477,16317738.000
2013-06-17,5.45,5.53,5.41,5.43,2581085,14075003.000
2013-06-18,5.42,5.47,5.37,5.41,2464790,13356037.000
2013-06-19,5.41,5.48,5.22,5.45,3765726,20095096.000
2013-06-20,5.38,5.42,5.15,5.19,2606246,13829901.000
2013-06-21,5.16,5.18,5.03,5.16,2598524,13317244.000
2013-06-24,5.19,5.19,4.68,4.69,3670776,17987342.000
2013-06-25,4.66,4.79,4.22,4.56,5198546,23403320.000
2013-06-26,4.56,4.64,4.47,4.57,3219349,14634069.000
2013-06-27,4.57,4.65,4.46,4.48,4092725,18774504.000
2013-06-28,4.50,4.62,4.35,4.47,3054650,13684634.000
2013-07-01,4.48,4.56,4.44,4.54,2545541,11459060.000
2013-07-02,4.52,4.75,4.52,4.71,5952804,27590364.000
2013-07-03,4.61,4.68,4.55,4.62,3764724,17339786.000
2013-07-04,4.55,4.84,4.52,4.74,6047620,28409428.000
2013-07-05,4.70,4.93,4.68,4.88,8918697,43261688.000
2013-07-08,4.84,4.84,4.73,4.77,6680552,31979850.000
2013-07-09,4.77,5.00,4.67,4.94,6378035,31152098.000
2013-07-10,4.95,5.08,4.86,5.05,6991543,34877616.000
2013-07-11,5.02,5.23,4.98,5.17,10187793,52457012.000
2013-07-12,5.16,5.16,4.99,5.01,6395477,32348048.000
数据来源:通达信
