600228 昌九生化 日线
      日期	    开盘	    最高	    最低	    收盘	    成交量	    成交额
2007-01-11,3.15,3.25,3.08,3.16,8122933,25845962.000
2007-01-12,3.16,3.20,2.97,2.98,5677199,17438732.000
2007-01-15,2.94,3.10,2.94,3.10,3881834,11829008.000
2007-01-16,3.12,3.18,3.06,3.17,6219442,19392068.000
2007-01-17,3.16,3.24,3.04,3.09,6405313,20184260.000
2007-01-18,3.09,3.30,3.09,3.25,11276638,36165660.000
2007-01-19,3.26,3.35,3.18,3.35,12614386,41562960.000
2007-01-22,3.40,3.53,3.35,3.50,12968138,44671100.000
2007-01-23,3.52,3.53,3.34,3.51,10216780,35209984.000
2007-01-24,3.48,3.64,3.46,3.56,9591252,34212940.000
2007-01-25,3.55,3.55,3.34,3.34,8558464,29310316.000
2007-01-26,3.30,3.35,3.12,3.32,7126899,23233992.000
2007-01-29,3.33,3.65,3.33,3.65,15603114,55317432.000
2007-01-30,3.65,3.74,3.46,3.66,14087151,50778160.000
2007-01-31,3.62,3.65,3.38,3.39,8823074,31084384.000
2007-02-01,3.35,3.53,3.32,3.47,7369727,25381904.000
2007-02-02,3.47,3.57,3.37,3.38,5884483,20437228.000
2007-02-05,3.38,3.52,3.36,3.48,3831125,13250965.000
2007-02-06,3.51,3.64,3.48,3.59,7158873,25495858.000
2007-02-07,3.60,3.76,3.56,3.69,11135128,40711840.000
2007-02-08,3.67,3.75,3.63,3.65,7759781,28516036.000
2007-02-09,3.64,3.95,3.64,3.83,16190061,61869112.000
2007-02-12,3.85,3.93,3.78,3.88,7556376,29032380.000
2007-02-13,3.89,3.90,3.80,3.86,6279548,24180846.000
2007-02-14,3.88,4.10,3.84,4.01,13117035,52175184.000
2007-02-15,4.02,4.18,4.02,4.07,11938900,48786048.000
2007-02-16,4.07,4.23,4.02,4.11,9082717,37491996.000
2007-02-26,4.14,4.40,4.08,4.39,9761178,41608352.000
2007-02-27,4.42,4.63,3.95,3.97,14491086,61758680.000
2007-02-28,3.93,4.35,3.91,4.30,9929019,41086888.000
2007-03-01,4.30,4.60,4.10,4.53,17767724,77615584.000
2007-03-02,4.42,4.59,4.41,4.49,10716951,48349284.000
2007-03-05,4.49,4.75,4.29,4.73,19443127,87797712.000
2007-03-06,4.65,4.65,4.49,4.56,12480637,57168684.000
2007-03-07,4.55,4.69,4.52,4.62,9335909,42985656.000
2007-03-08,4.65,4.75,4.54,4.66,9200398,42810712.000
2007-03-09,4.68,4.89,4.56,4.82,15874852,75193072.000
2007-03-12,4.87,5.26,4.82,5.18,25388072,129227568.000
2007-03-13,5.15,5.23,5.05,5.16,12532453,64315280.000
2007-03-14,5.13,5.22,4.90,5.11,11794452,59859448.000
2007-03-15,5.10,5.30,5.06,5.17,8307361,43114696.000
2007-03-16,5.18,5.23,4.85,4.94,10145371,50847456.000
2007-03-19,4.70,4.94,4.61,4.86,8557854,41382584.000
2007-03-20,4.87,5.05,4.86,5.02,6626133,32774736.000
2007-03-21,5.06,5.16,5.01,5.10,6520116,33216864.000
2007-03-22,5.10,5.28,5.09,5.14,11997252,62011912.000
2007-03-23,5.13,5.35,5.11,5.34,13024114,68067920.000
2007-03-26,5.41,5.56,5.33,5.49,12588392,68586488.000
2007-03-27,5.55,5.59,5.41,5.55,11556152,63706640.000
2007-03-28,5.56,5.65,5.15,5.40,13868384,75213984.000
2007-03-29,5.31,5.40,5.01,5.03,11426617,59122692.000
2007-03-30,5.01,5.18,4.93,5.16,5550089,28356032.000
2007-04-02,5.14,5.34,5.12,5.34,6531666,34370224.000
2007-04-03,5.35,5.38,5.27,5.37,6934172,36934424.000
2007-04-04,5.37,5.48,5.25,5.40,8867676,47828076.000
2007-04-05,5.40,5.76,5.35,5.62,13237658,73777208.000
2007-04-06,5.60,5.72,5.50,5.67,10483597,58911340.000
2007-04-09,5.70,5.78,5.65,5.70,11413238,65103616.000
2007-04-10,5.72,5.85,5.48,5.82,13160855,75521592.000
2007-04-11,5.83,5.84,5.61,5.79,10902080,62535672.000
2007-04-12,5.79,6.12,5.76,6.07,16792832,100213472.000
2007-04-13,6.11,6.13,5.84,5.87,12782063,76589800.000
2007-04-16,5.87,6.15,5.87,6.15,12485626,75497424.000
2007-04-17,6.20,6.58,6.10,6.50,15970834,100538360.000
2007-04-18,6.55,6.82,6.46,6.77,12145942,81185528.000
2007-04-19,6.79,6.80,6.09,6.22,14844140,95087104.000
2007-04-20,6.23,6.63,6.23,6.61,10195291,66230504.000
2007-04-23,6.65,7.21,6.65,7.14,13051845,91038880.000
2007-04-24,7.15,7.40,6.95,7.25,14644851,105137032.000
2007-04-25,7.19,7.19,6.83,7.12,11582359,81631200.000
2007-04-26,7.50,7.50,7.13,7.28,9197549,66722016.000
2007-04-27,7.28,7.28,7.08,7.10,8142925,58141448.000
2007-04-30,6.97,7.08,6.82,7.01,11445539,79538720.000
2007-05-08,7.08,7.54,7.08,7.53,15103068,110886792.000
2007-05-09,7.60,8.15,7.43,7.91,24109362,189156080.000
2007-05-10,7.90,8.08,7.68,7.94,12590941,99441176.000
2007-05-11,7.75,8.09,7.73,8.02,10957878,86326336.000
2007-05-14,7.80,8.28,7.79,8.08,10732426,87107432.000
2007-05-15,8.07,8.24,7.56,7.69,11034179,88047864.000
2007-05-16,7.69,7.93,7.43,7.86,8747886,67619024.000
2007-05-17,7.90,8.45,7.82,8.30,18488948,151428624.000
2007-05-18,8.60,8.90,8.40,8.56,30343958,264374368.000
2007-05-21,8.32,9.42,8.20,9.42,22496135,200668608.000
2007-05-22,9.67,10.36,9.62,9.79,25248451,252144544.000
2007-05-23,9.76,9.98,9.49,9.85,13740820,134454784.000
2007-05-24,9.85,9.88,9.41,9.75,12954804,124335024.000
2007-05-25,9.70,10.10,9.50,9.88,12721114,125879952.000
2007-05-28,10.00,10.21,9.91,10.01,14434778,145145248.000
2007-05-29,10.10,10.18,9.71,9.98,11198559,111570296.000
2007-05-30,9.37,9.85,8.98,8.98,9859716,91970920.000
2007-05-31,8.50,8.58,8.08,8.08,11472943,94046672.000
2007-06-01,7.88,8.03,7.27,7.27,12052702,90016128.000
2007-06-04,6.68,6.99,6.54,6.54,4355189,28837220.000
2007-06-05,5.89,6.54,5.89,6.23,15310838,91594904.000
2007-06-06,6.40,6.69,6.18,6.49,13179673,85298320.000
2007-06-07,6.50,6.80,6.28,6.79,11761603,77297760.000
2007-06-08,6.75,7.07,6.63,6.79,9904174,68185664.000
2007-06-11,6.87,6.96,6.59,6.66,8833242,59284336.000
2007-06-12,6.62,7.33,6.62,7.33,17891243,124577056.000
2007-06-13,7.50,7.90,7.20,7.85,22392103,170936752.000
2007-06-14,8.01,8.60,7.83,8.02,27602890,226140992.000
2007-06-15,7.95,8.26,7.75,7.88,9821659,78289384.000
2007-06-18,8.01,8.12,7.91,8.05,8503490,68131896.000
2007-06-19,8.00,8.00,7.68,7.90,6380854,50031160.000
2007-06-20,7.90,8.05,7.35,7.51,7777385,60727040.000
2007-06-21,7.51,7.65,7.00,7.29,6762601,49429576.000
2007-06-22,7.25,7.25,6.56,6.61,7764008,52947624.000
2007-06-25,6.61,6.80,5.95,5.97,5607863,35060832.000
2007-06-26,5.72,6.57,5.51,6.55,6610811,39443968.000
2007-06-27,6.55,6.65,6.26,6.49,4898458,31650598.000
2007-06-28,6.49,6.49,5.84,5.84,4677627,28562032.000
2007-07-02,5.31,5.85,5.31,5.84,5092406,28217640.000
2007-07-03,5.90,5.96,5.53,5.71,2961069,16931900.000
2007-07-04,5.65,5.73,5.32,5.37,2621547,14497232.000
2007-07-05,5.30,5.30,4.88,4.89,3939822,19993628.000
2007-07-06,4.85,5.38,4.82,5.35,5072729,25964344.000
2007-07-09,5.34,5.58,5.28,5.47,4540277,24795680.000
2007-07-10,5.45,5.45,5.15,5.19,3457908,18254108.000
2007-07-11,5.19,5.34,5.11,5.31,2393700,12580426.000
2007-07-12,5.30,5.49,5.30,5.42,3425967,18520644.000
2007-07-13,5.39,5.39,5.19,5.31,1771596,9352909.000
2007-07-16,5.31,5.37,5.05,5.07,1738320,9022724.000
2007-07-17,5.08,5.33,5.08,5.26,2152452,11275224.000
2007-07-18,5.26,5.45,5.18,5.31,2701724,14396727.000
2007-07-19,5.31,5.39,5.30,5.36,1670728,8938382.000
2007-07-20,5.36,5.57,5.33,5.53,4389867,24128452.000
2007-07-23,5.57,5.90,5.53,5.86,5792087,33172512.000
2007-07-24,5.87,6.07,5.75,5.78,5634829,33208760.000
2007-07-25,5.80,6.04,5.78,6.01,4611289,27375024.000
2007-07-26,6.06,6.25,6.01,6.18,5160632,31661736.000
2007-07-27,6.20,6.50,6.02,6.46,7229970,45389428.000
2007-07-30,6.42,6.59,6.42,6.49,7651807,49705648.000
2007-07-31,6.50,6.53,6.18,6.49,6818835,43388284.000
2007-08-01,6.51,6.65,6.19,6.20,9603908,61933792.000
2007-08-02,6.15,6.76,6.15,6.70,12591235,82298744.000
2007-08-03,6.78,6.91,6.39,6.84,12268183,82048920.000
2007-08-06,6.95,7.00,6.65,6.93,8726116,59369904.000
2007-08-07,6.79,7.14,6.65,7.08,14006799,97937552.000
2007-08-08,7.18,7.19,6.50,6.82,9323341,63825544.000
2007-08-09,6.70,6.80,6.61,6.65,4593418,30847984.000
2007-08-10,6.80,6.80,6.11,6.50,5743645,36736372.000
2007-08-13,6.52,6.78,6.45,6.73,7592326,50508332.000
2007-08-14,6.75,7.00,6.60,6.84,8652202,58905496.000
2007-08-15,6.90,7.04,6.39,6.67,11924117,80011672.000
2007-08-16,6.52,6.79,6.52,6.72,4239511,28204556.000
2007-08-17,6.72,6.83,6.60,6.62,3888207,26116200.000
2007-08-20,6.72,6.85,6.66,6.83,6070463,41123000.000
2007-08-21,6.87,6.89,6.74,6.84,5719605,38978284.000
2007-08-22,6.77,7.00,6.70,6.94,8037487,55643520.000
2007-08-23,6.93,7.19,6.93,7.18,10988423,77770632.000
2007-08-24,7.18,7.19,6.91,6.99,7572171,53248376.000
2007-08-27,6.98,7.05,6.74,6.80,5877922,40265620.000
2007-08-28,6.77,6.80,6.62,6.79,3561093,23955966.000
2007-08-29,6.80,6.85,6.55,6.61,4083109,27349182.000
2007-08-30,6.65,7.00,6.65,6.95,6093641,41881152.000
2007-08-31,6.99,7.20,6.95,7.12,11399188,80842992.000
2007-09-03,7.30,7.39,7.22,7.25,12454228,91013376.000
2007-09-04,7.26,7.30,7.07,7.13,7155155,51383788.000
2007-09-05,7.13,7.45,7.10,7.43,8499204,61684672.000
2007-09-06,7.42,7.56,7.28,7.31,8342427,61802936.000
2007-09-07,7.25,7.28,7.03,7.04,6284644,44708816.000
2007-09-10,6.95,7.24,6.81,7.21,5279570,37110104.000
2007-09-11,7.15,7.48,6.66,6.85,9704896,70596832.000
2007-09-12,6.85,7.15,6.77,7.15,7096575,49576332.000
2007-09-13,7.15,7.39,7.08,7.37,8680366,62978792.000
2007-09-14,7.53,7.53,7.17,7.40,9234736,68031328.000
2007-09-17,7.35,7.88,7.30,7.70,16548785,126524616.000
2007-09-18,7.70,7.78,7.47,7.64,8780863,66812372.000
2007-09-19,7.70,7.72,7.24,7.31,7715163,57127240.000
2007-09-20,7.40,7.50,7.33,7.43,5778726,42815960.000
2007-09-21,7.44,7.51,6.77,7.19,6118584,44066960.000
2007-09-24,7.17,7.23,6.91,7.11,4681791,33236296.000
2007-09-25,7.10,7.22,7.00,7.08,3119124,22189240.000
2007-09-26,7.05,7.17,6.88,7.04,4461114,31243718.000
2007-09-27,7.03,7.25,6.95,7.16,5003241,35731828.000
2007-09-28,7.21,7.33,7.15,7.19,5112783,36995852.000
2007-10-08,7.29,7.80,7.24,7.48,15273148,115296264.000
2007-10-09,7.50,7.78,7.40,7.74,9868972,75207232.000
2007-10-10,7.74,7.75,7.39,7.41,7166914,54082992.000
2007-10-11,7.44,7.50,7.00,7.14,4857515,35268432.000
2007-10-12,7.10,7.73,6.66,7.65,11991828,87863416.000
2007-10-15,7.76,8.42,7.75,8.24,36872861,299268512.000
2007-10-16,7.88,8.22,7.65,7.91,15256361,120922128.000
2007-10-17,7.91,8.70,7.71,8.70,24428207,205859712.000
2007-10-18,8.46,9.25,7.99,8.50,34371619,296693280.000
2007-10-19,8.40,8.65,7.86,7.89,13545436,110681368.000
2007-10-22,7.71,7.85,7.13,7.16,10094445,75174224.000
2007-10-23,7.02,7.28,6.80,7.16,8073242,56756432.000
2007-10-24,7.19,7.23,6.50,6.51,8989107,60657144.000
2007-10-25,6.42,6.42,5.86,5.86,10003767,60497712.000
2007-10-26,5.72,6.05,5.60,5.88,6635991,39079536.000
2007-10-29,5.88,6.25,5.71,6.22,6489557,38930928.000
2007-10-30,6.15,6.43,6.00,6.30,5518386,34648164.000
2007-10-31,6.42,6.61,6.28,6.57,5604195,36349172.000
2007-11-01,6.50,6.50,6.12,6.13,5094108,31885732.000
2007-11-02,5.98,6.06,5.75,5.87,4114746,24198998.000
2007-11-05,5.87,6.46,5.87,6.46,6587792,42241752.000
2007-11-06,6.65,6.97,6.48,6.67,11030521,74364048.000
2007-11-07,6.66,6.88,6.50,6.77,4660923,31286702.000
2007-11-08,6.70,6.82,6.32,6.35,3203639,21087216.000
2007-11-09,6.32,6.62,6.05,6.50,3789008,24071224.000
2007-11-12,6.38,6.57,6.20,6.30,2323973,14823652.000
2007-11-13,6.30,6.50,6.20,6.38,2644800,16736550.000
2007-11-14,6.51,7.02,6.51,7.02,4715773,32787612.000
2007-11-15,7.70,7.72,7.24,7.45,29117877,220513520.000
2007-11-16,7.47,8.16,7.32,8.06,17032791,132990784.000
2007-11-19,7.70,8.00,7.55,7.77,13766274,107219040.000
2007-11-20,7.77,7.80,7.25,7.49,11135848,83306992.000
2007-11-21,7.50,8.20,7.39,7.89,11548937,90903512.000
2007-11-22,7.70,8.28,7.51,7.72,10505198,83636704.000
2007-11-26,8.00,8.17,7.75,7.80,7103859,56610304.000
2007-11-27,7.68,8.58,7.60,8.50,15134782,125127376.000
2007-11-28,8.40,8.54,8.18,8.23,9927963,82877168.000
2007-11-29,8.25,8.51,8.04,8.34,8828351,72929440.000
2007-11-30,8.29,8.75,8.04,8.51,10629582,89175280.000
2007-12-03,8.43,8.89,8.24,8.28,9607276,81959328.000
2007-12-04,8.29,8.78,8.11,8.74,9508947,80182928.000
2007-12-05,8.70,8.80,8.39,8.65,14924099,127495360.000
2007-12-06,8.61,8.85,8.35,8.58,9624144,83127424.000
2007-12-07,8.60,8.74,8.41,8.61,8279217,70920448.000
2007-12-10,8.46,8.82,8.28,8.60,12059618,102700896.000
2007-12-11,8.58,9.19,8.38,8.97,19074377,168448800.000
2007-12-12,8.90,9.17,8.76,9.11,9761862,87522320.000
2007-12-13,9.13,9.61,8.75,8.77,15232033,140574272.000
2007-12-14,8.80,9.07,8.50,8.85,8954445,78852968.000
2007-12-17,8.86,9.12,8.61,9.02,7871790,69953480.000
2007-12-18,8.80,9.00,8.20,8.25,6848165,59055580.000
2007-12-19,8.31,8.50,8.10,8.34,9085107,75552384.000
2007-12-20,8.45,8.98,8.28,8.94,8935937,77417712.000
2007-12-21,8.82,9.49,8.82,9.23,13916302,129070304.000
2007-12-24,9.40,9.56,9.18,9.21,10312557,96676272.000
2007-12-25,9.21,9.81,9.08,9.76,13106061,124486776.000
2007-12-26,9.79,9.84,9.60,9.79,7070235,68713808.000
2007-12-27,9.78,9.79,9.51,9.53,9751905,93618656.000
2007-12-28,9.55,9.77,9.49,9.54,6086835,58583136.000
2008-01-02,9.55,9.97,9.29,9.69,7127003,68568464.000
2008-01-03,9.70,10.22,9.56,10.05,10117176,100908888.000
2008-01-04,10.05,10.13,9.75,10.02,6780251,67011812.000
2008-01-07,9.90,10.49,9.75,10.24,8234161,83302904.000
2008-01-08,10.24,10.24,9.80,9.93,14306232,142611904.000
2008-01-09,9.85,10.15,9.70,10.00,7946698,79140656.000
2008-01-10,10.03,10.20,9.66,9.71,10387112,103114320.000
2008-01-11,9.73,9.77,9.22,9.56,10637889,100222280.000
2008-01-14,9.49,9.70,9.32,9.44,7480998,71146896.000
2008-01-15,9.60,9.87,9.52,9.69,7186193,69701712.000
2008-01-16,9.75,9.89,9.56,9.77,7340472,71579888.000
2008-01-17,9.74,9.96,8.88,9.31,7510622,71869200.000
2008-01-18,9.29,9.47,8.88,9.18,6201885,56636088.000
2008-01-21,9.18,9.25,8.51,8.72,5585926,49618920.000
2008-01-23,7.86,8.86,7.86,8.67,9265032,77041232.000
2008-01-24,8.42,8.86,8.30,8.66,5935411,50954324.000
2008-01-25,8.55,8.99,8.48,8.55,4783731,41760188.000
2008-01-28,8.56,8.56,7.70,7.70,4733753,37297152.000
2008-01-29,7.68,7.87,7.35,7.70,2926923,22264704.000
2008-01-30,7.82,8.05,7.61,7.85,3158389,24799460.000
2008-01-31,7.85,7.93,7.20,7.30,2955893,22432748.000
2008-02-01,7.38,7.45,6.57,6.93,3109134,21523096.000
2008-02-04,7.00,7.62,7.00,7.62,3086965,22812068.000
2008-02-05,7.63,7.86,7.35,7.67,2291869,17552328.000
2008-02-13,7.75,7.88,7.59,7.71,1912539,14869282.000
2008-02-14,7.72,8.23,7.72,8.03,3079040,24745252.000
2008-02-15,7.98,8.01,7.73,7.95,1589467,12466160.000
2008-02-18,7.97,8.35,7.97,8.17,2680768,22043376.000
2008-02-19,8.26,8.43,8.15,8.23,2929339,24257040.000
2008-02-20,8.25,8.60,8.09,8.42,6008657,50216468.000
2008-02-21,8.45,9.17,8.13,8.92,7723628,66825940.000
2008-02-22,8.80,9.08,8.41,8.55,6945867,60884020.000
2008-02-25,8.65,8.81,8.32,8.37,3709905,31767384.000
2008-02-26,8.61,8.68,7.90,8.23,3041023,25030102.000
2008-02-27,8.23,8.53,8.03,8.42,2516505,21013468.000
2008-02-28,8.40,8.70,8.35,8.55,3231017,27767190.000
2008-02-29,8.60,8.73,8.50,8.67,3140301,27110324.000
2008-03-03,8.67,9.54,8.56,9.54,11832192,109376216.000
2008-03-04,9.80,10.49,9.69,10.48,38568359,397391136.000
2008-03-06,10.40,11.50,9.99,10.27,28527315,299997920.000
2008-03-07,10.02,10.46,9.60,9.62,14252159,142357712.000
2008-03-10,9.45,9.85,9.27,9.42,8787521,83537896.000
2008-03-11,9.30,9.69,9.00,9.61,8731397,81895296.000
2008-03-12,9.72,9.77,9.00,9.00,7581524,71322216.000
2008-03-13,9.00,9.10,8.10,8.41,7563612,64530352.000
2008-03-14,8.30,8.66,8.06,8.48,3842969,32369676.000
2008-03-17,8.26,8.44,7.63,7.63,4884912,38704648.000
2008-03-18,7.41,7.63,6.87,7.10,6354155,45632840.000
2008-03-19,7.28,7.81,7.16,7.80,7584545,57258604.000
2008-03-20,7.60,8.43,7.45,8.16,9293498,73795824.000
2008-03-21,8.02,8.30,7.90,8.05,6831285,55397672.000
2008-03-24,8.12,8.49,7.93,7.99,5669094,46767452.000
2008-03-25,7.95,8.27,7.70,8.23,4277073,34247792.000
2008-03-26,8.41,8.45,8.01,8.08,3734832,30782372.000
2008-03-27,8.01,8.01,7.41,7.44,4544712,34964172.000
2008-03-28,7.21,7.77,7.00,7.71,4602267,34169152.000
2008-03-31,7.56,7.70,7.28,7.30,3318976,24777822.000
2008-04-01,7.30,7.39,6.57,6.58,4165222,28273092.000
2008-04-02,6.50,6.76,5.95,6.05,3886054,24327928.000
2008-04-03,5.90,6.29,5.74,6.14,3429475,20639966.000
2008-04-07,6.07,6.54,5.90,6.46,4293556,27208748.000
2008-04-08,6.48,6.75,6.35,6.64,4484054,29361520.000
2008-04-09,6.53,6.65,5.98,6.02,3674965,23305544.000
2008-04-10,6.02,6.42,5.82,6.39,2878177,18034984.000
2008-04-11,6.54,6.60,6.31,6.47,2903373,18779812.000
2008-04-14,6.30,6.30,5.85,5.92,3396556,20588276.000
2008-04-15,5.92,6.14,5.72,6.12,2157013,12844998.000
2008-04-16,6.18,6.18,5.86,5.88,1817869,10920852.000
2008-04-17,5.89,6.03,5.45,5.50,2414417,13796180.000
2008-04-18,5.41,5.49,5.03,5.06,2428954,12656489.000
2008-04-21,5.50,5.55,4.95,5.12,3122575,16352039.000
2008-04-22,4.90,5.08,4.69,5.02,2439492,11982230.000
2008-04-23,4.99,5.25,4.84,5.16,3996644,20142476.000
2008-04-24,5.50,5.68,5.40,5.68,7358412,41203096.000
2008-04-25,5.72,5.96,5.60,5.68,5103905,29370740.000
2008-04-28,5.60,6.09,5.42,5.90,5108547,29106792.000
2008-04-29,5.78,5.97,5.75,5.81,3326372,19373138.000
2008-04-30,5.85,6.05,5.77,5.93,4766227,28189480.000
2008-05-05,5.95,6.21,5.83,6.13,4810317,29010012.000
2008-05-06,6.10,6.15,5.92,5.98,4294201,25888430.000
2008-05-07,5.94,6.28,5.90,6.19,10755715,66063480.000
2008-05-08,6.16,6.53,5.88,6.48,10833673,67494448.000
2008-05-09,6.40,6.68,6.21,6.33,7454050,47907820.000
2008-05-12,6.22,6.59,6.00,6.39,5908461,37372360.000
2008-05-13,6.05,6.80,6.02,6.65,9986558,64762968.000
2008-05-14,6.57,6.74,6.46,6.57,6494221,42702164.000
2008-05-15,6.54,6.69,6.35,6.35,5515796,35902144.000
2008-05-19,6.21,6.73,6.12,6.69,6087876,39269544.000
2008-05-20,6.90,7.36,6.79,7.36,17950179,131098704.000
2008-05-21,7.00,8.09,7.00,7.91,35620246,271316480.000
2008-05-22,7.60,8.33,7.40,7.64,24151636,188942560.000
2008-05-23,7.30,7.55,6.88,6.88,17169534,120424960.000
2008-05-26,6.51,6.87,6.19,6.19,8849906,57676948.000
2008-05-27,6.30,6.44,6.00,6.23,7343820,45638672.000
2008-05-28,6.23,6.51,6.15,6.38,6610398,42053672.000
2008-05-29,6.25,6.55,6.23,6.25,5813594,37079984.000
2008-05-30,6.24,6.32,5.88,6.09,6287581,38170744.000
2008-06-02,6.00,6.14,5.82,6.04,4173354,24863440.000
2008-06-03,6.12,6.18,6.00,6.10,3294295,20041036.000
2008-06-04,6.10,6.10,5.78,5.87,3233499,19074626.000
2008-06-05,5.72,5.85,5.61,5.67,2758399,15769652.000
2008-06-06,5.71,5.95,5.61,5.76,2515228,14550752.000
2008-06-10,5.50,5.51,5.18,5.18,2641899,13974892.000
2008-06-11,5.09,5.28,4.95,5.20,3211703,16509420.000
2008-06-12,5.15,5.27,5.01,5.11,1959927,10078025.000
2008-06-13,5.08,5.18,4.81,4.82,2090052,10553148.000
2008-06-16,4.80,5.00,4.65,4.85,2013749,9763361.000
2008-06-17,4.85,4.93,4.40,4.41,2344860,10887722.000
2008-06-18,4.32,4.85,4.15,4.85,3832111,17544486.000
2008-06-19,4.92,5.14,4.38,4.40,5911418,28851244.000
2008-06-20,4.50,4.82,4.20,4.64,4291679,19664772.000
2008-06-23,4.50,4.98,4.49,4.78,2363352,11191380.000
2008-06-24,4.77,5.09,4.67,4.95,2840415,14039832.000
2008-06-25,4.96,5.20,4.84,5.15,4701747,23772784.000
2008-06-26,5.10,5.16,4.95,5.08,4272289,21664008.000
2008-06-27,4.86,4.94,4.57,4.57,3393208,15893383.000
2008-06-30,4.49,4.67,4.42,4.59,1570062,7138778.000
2008-07-01,4.61,4.65,4.42,4.51,1085159,4910208.000
2008-07-02,4.59,4.65,4.48,4.55,1352386,6175406.000
2008-07-03,4.43,4.80,4.30,4.72,3167061,14705887.000
2008-07-04,4.72,4.88,4.60,4.74,2540882,12097383.000
2008-07-07,4.80,5.03,4.74,5.01,3564415,17708608.000
2008-07-08,5.08,5.10,4.86,5.05,3450701,17182992.000
2008-07-09,5.00,5.26,5.00,5.22,4763059,24464000.000
2008-07-10,5.11,5.30,5.00,5.02,4116415,21344588.000
2008-07-11,4.93,5.14,4.90,5.07,3455488,17335428.000
2008-07-14,5.00,5.38,4.99,5.34,5762928,30261264.000
2008-07-15,5.34,5.87,5.29,5.69,13375189,74255992.000
2008-07-16,5.51,5.65,5.12,5.25,7358510,39157192.000
2008-07-17,5.33,5.62,5.20,5.49,5972089,32228816.000
2008-07-18,5.49,5.76,5.18,5.48,5343257,29001976.000
2008-07-21,5.48,5.89,5.39,5.82,7129555,40806164.000
2008-07-22,5.85,6.06,5.66,6.01,7915141,46376464.000
2008-07-23,6.01,6.30,5.88,5.93,12366358,75592704.000
2008-07-24,5.93,6.06,5.75,5.97,6814117,40280460.000
2008-07-25,5.88,5.95,5.76,5.81,3384668,19765104.000
2008-07-28,5.90,6.07,5.71,5.95,4896951,28972172.000
2008-07-29,5.88,6.17,5.81,6.08,4966445,29890416.000
2008-07-30,6.13,6.15,5.55,5.84,6963403,40787432.000
2008-07-31,5.80,5.87,5.57,5.62,4022689,22893210.000
2008-08-01,5.61,5.79,5.51,5.65,4247372,24159838.000
2008-08-04,5.60,5.65,5.28,5.34,3936272,21356104.000
2008-08-05,5.37,5.40,4.93,4.98,4142427,21223140.000
2008-08-06,5.09,5.17,4.95,5.07,2527972,12747396.000
2008-08-07,5.09,5.10,4.96,5.06,1143467,5766017.000
2008-08-08,5.06,5.10,4.55,4.56,2804114,13457182.000
2008-08-11,4.55,4.55,4.10,4.15,3025295,12907364.000
2008-08-12,4.28,4.57,4.12,4.57,3176314,14043934.000
2008-08-13,4.77,4.80,4.36,4.52,5056876,23343324.000
2008-08-14,4.40,4.57,4.17,4.48,2419926,10705824.000
2008-08-15,4.50,4.52,4.32,4.42,1772630,7863513.000
2008-08-18,4.41,4.44,3.98,3.98,2760729,11378891.000
2008-08-19,3.90,4.06,3.81,4.02,1734938,6898611.000
2008-08-20,4.03,4.42,3.85,4.41,3536369,14944902.000
2008-08-21,4.30,4.43,4.15,4.19,2567584,10929803.000
2008-08-22,4.15,4.30,4.11,4.28,1537850,6466509.000
2008-08-25,4.28,4.58,4.16,4.48,2461801,10860605.000
2008-08-26,4.36,4.39,4.04,4.05,2840645,11937986.000
2008-08-27,4.10,4.15,3.88,4.12,2768577,11193732.000
2008-08-28,4.08,4.15,4.02,4.08,1139661,4656217.000
2008-08-29,4.10,4.30,4.08,4.20,1778219,7439998.000
2008-09-01,4.15,4.15,3.89,4.00,1986431,7955319.000
2008-09-02,4.00,4.13,3.91,4.08,1271536,5157234.000
2008-09-03,4.09,4.30,4.01,4.14,2706126,11298715.000
2008-09-04,4.09,4.25,4.04,4.21,2066775,8597452.000
2008-09-05,4.10,4.10,3.87,3.93,1616446,6454263.000
2008-09-08,3.95,3.99,3.63,3.71,1882468,7079851.000
2008-09-09,3.76,3.80,3.65,3.78,754668,2805390.000
2008-09-10,3.72,3.89,3.70,3.84,897463,3418105.000
2008-09-11,3.84,3.84,3.61,3.69,946995,3491973.000
2008-09-12,3.66,3.73,3.63,3.68,820319,3017026.000
2008-09-16,3.67,3.67,3.35,3.44,1376626,4799368.000
2008-09-17,3.40,3.50,3.23,3.31,1136089,3795029.000
2008-09-18,3.27,3.27,2.98,3.12,3040128,9247895.000
2008-09-19,3.41,3.43,3.31,3.43,3370609,11512592.000
2008-09-22,3.60,3.77,3.43,3.68,6719868,24268528.000
2008-09-23,3.77,3.77,3.31,3.33,4808139,16516864.000
2008-09-24,3.30,3.37,3.10,3.36,1949509,6337129.000
2008-09-25,3.33,3.48,3.32,3.42,3018390,10328643.000
2008-09-26,3.42,3.42,3.26,3.34,2688226,8955405.000
2008-10-06,3.35,3.35,3.13,3.23,2069588,6670854.000
2008-10-07,3.15,3.39,3.08,3.32,3182546,10481744.000
2008-10-08,3.29,3.36,3.22,3.31,1491957,4905756.000
2008-10-09,3.35,3.43,3.29,3.34,3912826,13180932.000
2008-10-10,3.20,3.20,3.01,3.06,3519376,10721615.000
2008-10-13,3.02,3.27,2.88,3.26,3701175,11386488.000
2008-10-14,3.38,3.42,3.09,3.10,7773041,25866520.000
2008-10-15,3.12,3.12,2.96,3.02,2725233,8186523.000
2008-10-16,2.95,2.95,2.78,2.78,2192610,6263335.000
2008-10-17,2.78,2.85,2.76,2.82,1259041,3542336.000
2008-10-20,2.86,2.98,2.78,2.92,1550640,4451842.000
2008-10-21,2.93,3.02,2.87,3.01,2972686,8808154.000
2008-10-22,3.00,3.09,2.94,3.00,3118575,9463658.000
2008-10-23,2.98,3.06,2.90,3.04,1924384,5797430.000
2008-10-24,3.01,3.08,2.90,2.92,1635588,4867578.000
2008-10-27,2.87,2.90,2.63,2.84,3212479,8770859.000
2008-10-28,2.73,3.12,2.68,3.12,4492645,13065938.000
2008-10-29,3.20,3.33,3.15,3.18,15563631,50589188.000
2008-10-30,3.18,3.50,3.06,3.50,17728190,58657064.000
2008-10-31,3.43,3.46,3.21,3.26,13946787,46528296.000
2008-11-03,3.20,3.22,2.93,2.94,10985538,33716200.000
2008-11-04,2.90,3.07,2.73,2.95,9105879,26329446.000
2008-11-05,2.90,3.12,2.88,3.05,8659363,26130324.000
2008-11-06,2.94,3.14,2.82,3.04,7395806,22273000.000
2008-11-07,2.96,3.07,2.88,3.00,3889825,11692190.000
2008-11-10,3.05,3.29,3.02,3.23,8229261,26207622.000
2008-11-11,3.20,3.36,3.16,3.18,7351564,23798684.000
2008-11-12,3.12,3.35,3.11,3.30,7454331,24405788.000
2008-11-13,3.25,3.52,3.24,3.41,10344988,35254700.000
2008-11-14,3.43,3.59,3.35,3.51,10466871,36377264.000
2008-11-17,3.55,3.82,3.44,3.73,11589876,41671520.000
2008-11-18,3.67,3.74,3.36,3.36,8746443,30640622.000
2008-11-19,3.28,3.58,3.26,3.54,7591355,26082492.000
2008-11-20,3.48,3.74,3.36,3.62,9887253,35321152.000
2008-11-21,3.51,3.59,3.27,3.42,7794955,26709816.000
2008-11-24,3.40,3.49,3.19,3.22,4476092,15028284.000
2008-11-25,3.31,3.33,3.14,3.25,3454183,11141500.000
2008-11-26,3.24,3.32,3.20,3.27,2101461,6869157.000
2008-11-27,3.50,3.50,3.26,3.27,4550505,15393692.000
2008-11-28,3.24,3.28,3.13,3.14,3106190,9923310.000
2008-12-01,3.17,3.30,3.12,3.28,3086747,9965962.000
2008-12-02,3.20,3.55,3.16,3.54,8330457,28357200.000
2008-12-03,3.50,3.65,3.48,3.60,11816383,42306032.000
2008-12-04,3.61,3.73,3.53,3.66,12605580,45869544.000
2008-12-05,3.64,3.80,3.57,3.75,9815074,36216420.000
2008-12-08,3.75,3.90,3.69,3.83,10258765,39105992.000
2008-12-09,3.85,3.86,3.63,3.64,7625060,28474200.000
2008-12-11,3.84,4.00,3.84,4.00,7950635,31679628.000
2008-12-12,3.90,3.90,3.62,3.65,10936829,41055664.000
2008-12-15,3.71,4.02,3.67,3.84,17606349,68033024.000
2008-12-16,3.78,3.84,3.51,3.71,11898807,43113712.000
2008-12-17,3.70,3.79,3.63,3.73,8071839,29962984.000
2008-12-18,3.73,3.87,3.66,3.83,8395493,31739238.000
2008-12-19,3.90,4.00,3.80,3.83,10462675,40977788.000
2008-12-22,3.84,3.85,3.67,3.79,5780977,21625560.000
2008-12-23,3.80,3.82,3.49,3.50,4737704,17247460.000
2008-12-24,3.43,3.49,3.33,3.45,3913402,13345530.000
2008-12-25,3.46,3.54,3.35,3.45,3079610,10594762.000
2008-12-26,3.53,3.66,3.48,3.51,7015132,25091604.000
2008-12-29,3.41,3.48,3.30,3.42,3600282,12131673.000
2008-12-30,3.45,3.47,3.34,3.35,2810622,9565527.000
2008-12-31,3.39,3.39,3.25,3.30,2410355,7995661.000
2009-01-05,3.39,3.41,3.31,3.39,2225521,7493104.000
2009-01-06,3.39,3.56,3.36,3.53,3779134,13160488.000
2009-01-07,3.50,3.68,3.48,3.62,4805436,17166112.000
2009-01-08,3.53,3.59,3.41,3.42,3092173,10772319.000
2009-01-09,3.45,3.56,3.43,3.50,2251738,7857415.000
2009-01-12,3.51,3.62,3.46,3.54,2506709,8926720.000
2009-01-13,3.51,3.65,3.47,3.64,7280664,26190312.000
2009-01-14,3.64,3.90,3.58,3.84,11852277,44429636.000
2009-01-15,3.87,4.10,3.85,4.02,20751103,81947072.000
2009-01-16,4.01,4.42,3.96,4.30,24401569,103606984.000
2009-01-19,4.28,4.37,4.14,4.30,12517879,53377632.000
2009-01-20,4.24,4.25,4.08,4.17,5743556,23861736.000
2009-01-21,4.09,4.27,4.09,4.16,4403249,18450896.000
2009-01-22,4.19,4.35,4.12,4.17,5103178,21509836.000
2009-01-23,4.13,4.20,3.99,4.03,4808178,19589004.000
2009-02-02,4.09,4.31,4.04,4.27,6852727,28647832.000
2009-02-03,4.26,4.40,4.19,4.32,7936728,34209384.000
2009-02-04,4.30,4.57,4.20,4.34,14408894,63035092.000
2009-02-05,4.33,4.35,4.13,4.18,11647795,49374336.000
2009-02-06,4.19,4.60,4.18,4.60,18238528,82418112.000
2009-02-09,5.02,5.06,4.75,5.06,33675278,166529296.000
2009-02-10,5.12,5.46,4.90,5.18,26044952,135331840.000
2009-02-11,5.05,5.25,5.00,5.08,17082029,87472096.000
2009-02-12,5.01,5.12,4.80,4.99,11977906,59340792.000
2009-02-13,4.99,5.24,4.92,5.15,15084871,76537616.000
2009-02-16,5.10,5.35,5.02,5.32,17186954,89610448.000
2009-02-17,5.25,5.30,5.05,5.06,9311281,47883780.000
2009-02-18,4.98,5.48,4.93,5.24,18293416,95975648.000
2009-02-19,5.26,5.57,5.22,5.52,18831662,102470088.000
2009-02-20,5.60,5.60,5.30,5.45,12462397,67472344.000
2009-02-23,5.40,5.59,5.35,5.56,12311490,67745664.000
2009-02-24,5.54,5.54,5.00,5.08,14558941,76499976.000
2009-02-25,5.09,5.18,4.79,5.01,9058068,45121152.000
2009-02-26,5.00,5.06,4.51,4.60,6361743,30661356.000
2009-02-27,4.56,4.58,4.25,4.35,6598956,28833088.000
2009-03-02,4.27,4.47,4.20,4.46,3656406,16076629.000
2009-03-03,4.36,4.55,4.31,4.42,3900364,17289376.000
2009-03-04,4.40,4.75,4.40,4.70,6778015,31282556.000
2009-03-05,4.73,4.85,4.56,4.74,9246289,43345572.000
2009-03-06,5.14,5.17,4.88,5.00,12967216,64985756.000
2009-03-09,5.02,5.15,4.92,5.08,13825712,70018488.000
2009-03-10,4.97,4.97,4.72,4.96,5983315,29143860.000
2009-03-11,5.05,5.05,4.81,4.82,5353346,26271070.000
2009-03-12,4.81,4.82,4.57,4.77,4374134,20605180.000
2009-03-13,4.81,4.82,4.61,4.64,3008890,14171926.000
2009-03-16,4.62,4.83,4.60,4.79,2744551,12997446.000
2009-03-17,5.05,5.05,4.83,4.93,6156103,30382534.000
2009-03-18,4.93,5.03,4.90,4.94,7242021,36008296.000
2009-03-19,4.93,5.07,4.92,5.05,6168110,30958176.000
2009-03-20,5.05,5.05,4.87,4.95,5058898,25055672.000
2009-03-23,4.95,5.16,4.90,5.09,8596010,43285104.000
2009-03-24,5.15,5.15,5.04,5.06,5975393,30366276.000
2009-03-25,5.07,5.47,4.97,5.21,15774881,83066152.000
2009-03-26,5.21,5.62,5.14,5.54,19767759,106836976.000
2009-03-27,5.47,5.85,5.36,5.82,24751196,139559312.000
2009-03-30,5.75,5.94,5.58,5.68,14853243,85508952.000
2009-03-31,5.60,5.68,5.43,5.60,10361456,57363728.000
2009-04-01,5.66,5.76,5.55,5.60,9843800,55604376.000
2009-04-02,5.66,5.67,5.49,5.56,7587860,42145516.000
2009-04-03,5.56,5.98,5.52,5.84,17261026,99828664.000
2009-04-07,5.86,6.35,5.76,6.28,19927876,120655376.000
2009-04-08,6.25,6.42,5.70,5.73,19877736,120756440.000
2009-04-09,5.68,6.30,5.68,6.30,17197757,103282176.000
2009-04-10,6.38,6.90,6.36,6.75,31439299,207968336.000
2009-04-13,6.77,6.79,6.53,6.62,16472896,109520816.000
2009-04-14,6.65,7.10,6.40,7.09,18896911,127578704.000
2009-04-15,7.00,7.80,6.80,7.80,23005003,168371424.000
2009-04-16,7.76,7.78,7.40,7.51,14777495,111717408.000
2009-04-17,7.44,7.44,6.85,6.93,17391057,123123968.000
2009-04-20,6.95,7.33,6.86,7.09,12241659,87672488.000
2009-04-21,6.99,7.20,6.89,7.11,7427687,52564296.000
2009-04-22,7.15,7.21,6.40,6.48,13363001,90094280.000
2009-04-23,6.47,6.59,6.33,6.52,7133999,46132856.000
2009-04-24,6.54,6.55,6.24,6.25,5456469,34896304.000
2009-04-27,6.28,6.53,6.18,6.31,5955812,37979000.000
2009-04-28,6.25,6.60,6.12,6.49,6192682,39843948.000
2009-04-29,6.55,6.75,6.25,6.65,8244017,53950228.000
2009-04-30,6.61,6.76,6.45,6.72,8299817,54721144.000
2009-05-04,6.71,6.98,6.60,6.89,7909256,53791220.000
2009-05-05,6.92,6.94,6.68,6.78,7301635,49435524.000
2009-05-06,6.78,6.89,6.60,6.75,7647642,51347680.000
2009-05-07,6.78,7.05,6.62,7.01,9073813,61755008.000
2009-05-08,7.00,7.27,6.92,7.09,14777180,105890256.000
2009-05-11,7.08,7.08,6.52,6.54,9578079,64937016.000
2009-05-12,6.42,6.74,6.31,6.65,4252892,27985252.000
2009-05-13,6.68,6.73,6.56,6.66,3483605,23146964.000
2009-05-14,6.65,6.71,6.55,6.68,3395669,22560332.000
2009-05-15,6.69,7.19,6.61,6.88,10557959,73597360.000
2009-05-18,6.79,6.83,6.48,6.74,6599597,43907832.000
2009-05-19,6.78,6.97,6.67,6.88,7577148,52093216.000
2009-05-20,6.85,7.16,6.81,6.92,9652536,67944736.000
2009-05-21,6.85,7.22,6.84,7.19,11254077,78873816.000
2009-05-22,7.15,7.15,7.00,7.05,7551744,53398228.000
2009-05-25,6.83,7.76,6.80,7.76,25609924,190961472.000
2009-05-26,7.83,7.87,7.35,7.63,23131858,176147152.000
2009-05-27,7.53,7.65,7.30,7.39,9257857,68810912.000
2009-06-01,7.40,7.65,7.27,7.56,9539818,71384192.000
2009-06-02,7.52,8.28,7.50,8.01,18862821,147937824.000
2009-06-03,7.98,8.45,7.90,8.06,19102334,155773712.000
2009-06-04,8.06,8.10,7.80,7.96,8155480,64716544.000
2009-06-05,7.96,8.31,7.91,8.00,6419566,52002712.000
2009-06-08,8.00,8.25,7.91,8.02,6243396,50298568.000
2009-06-09,8.05,8.05,7.54,7.94,7124844,55434048.000
2009-06-10,7.88,7.88,7.62,7.79,5981487,46374936.000
2009-06-11,7.71,8.07,7.71,7.97,5461699,43434020.000
2009-06-12,7.97,8.30,7.77,8.27,9506332,76294848.000
2009-06-15,8.20,8.52,8.15,8.23,10957029,91480344.000
2009-06-16,8.13,8.36,8.08,8.20,5151258,42403752.000
2009-06-17,8.20,8.40,8.07,8.26,6581799,53957564.000
2009-06-18,8.40,8.45,8.17,8.39,7851643,65439308.000
2009-06-19,8.39,8.40,8.13,8.18,7441761,61215340.000
2009-06-22,8.17,8.17,7.78,7.85,9467673,74728432.000
2009-06-23,7.72,7.93,7.69,7.76,3870953,30093706.000
2009-06-24,7.75,7.88,7.74,7.81,2948427,23033408.000
2009-06-25,7.85,8.04,7.68,7.80,5948331,46574556.000
2009-06-29,7.70,7.88,7.49,7.52,8856127,67559304.000
2009-06-30,7.51,7.70,7.51,7.64,5037667,38347620.000
2009-07-01,7.64,7.81,7.60,7.75,4485940,34680592.000
2009-07-02,7.77,7.84,7.60,7.67,4871459,37302832.000
2009-07-03,7.66,7.73,7.60,7.65,3350386,25664236.000
2009-07-06,7.65,8.05,7.64,8.03,13336993,105094928.000
2009-07-07,8.04,8.20,7.79,7.87,12448798,99829424.000
2009-07-08,7.81,7.91,7.72,7.80,3507567,27406022.000
2009-07-09,7.80,8.05,7.78,7.94,8027838,64062968.000
2009-07-10,7.94,8.19,7.92,8.18,9184480,74493344.000
2009-07-13,8.10,8.25,8.01,8.19,10604333,86259672.000
2009-07-14,8.21,8.26,8.09,8.24,7696875,62871484.000
2009-07-15,8.25,8.51,8.12,8.48,13129869,108905056.000
2009-07-16,8.48,8.92,8.30,8.65,16282052,139544176.000
2009-07-17,8.59,8.89,8.48,8.69,9645561,83617960.000
2009-07-20,8.76,8.95,8.64,8.76,10362454,90772424.000
2009-07-21,8.68,9.55,8.60,9.08,21242436,191872832.000
2009-07-22,8.99,9.25,8.85,9.06,12962595,117021280.000
2009-07-23,9.06,9.25,8.89,9.06,8188865,73777040.000
2009-07-24,9.15,9.20,8.77,8.88,11354886,101949720.000
2009-07-27,8.81,8.97,8.60,8.71,11064325,96683672.000
2009-07-28,8.65,8.79,8.55,8.75,6167088,53520716.000
2009-07-29,8.76,8.76,7.88,8.17,8071351,67882584.000
2009-07-30,8.15,8.36,7.78,8.19,8196006,65437096.000
2009-07-31,8.15,9.01,8.10,9.01,17396371,151122608.000
2009-08-03,9.04,9.35,8.87,9.14,25033820,228382736.000
2009-08-04,9.07,9.20,8.75,9.12,10489301,94401128.000
2009-08-05,9.03,9.26,8.92,9.12,9631130,87696472.000
2009-08-06,9.12,9.12,8.76,8.88,6404293,57198584.000
2009-08-07,8.88,9.00,8.22,8.24,7881390,68062152.000
2009-08-10,8.32,8.45,8.22,8.43,5006945,41863936.000
2009-08-11,8.42,8.88,8.38,8.76,4881501,42094076.000
2009-08-12,9.00,9.00,8.45,8.47,5516720,48153048.000
2009-08-13,8.45,8.87,8.45,8.61,8871515,76746968.000
2009-08-14,8.51,8.60,8.06,8.20,7492570,61658800.000
2009-08-17,8.22,8.33,7.76,8.14,15352497,125399224.000
2009-08-18,8.15,8.95,7.81,8.24,16682068,135562528.000
2009-08-19,8.14,8.38,7.67,7.82,16064463,128652512.000
2009-08-20,7.90,8.20,7.60,8.13,12006382,95514336.000
2009-08-21,8.04,8.54,7.88,8.28,19818798,163348208.000
2009-08-24,8.28,8.40,7.91,8.27,11862064,96660464.000
2009-08-25,8.17,8.20,7.71,8.13,9528871,75162424.000
2009-08-26,7.95,8.27,7.91,8.12,11857324,96807160.000
2009-08-27,8.01,8.16,7.91,7.97,6631173,53085080.000
2009-08-28,7.86,8.07,7.71,7.73,5069024,39943092.000
2009-08-31,7.70,7.70,6.96,6.96,5906542,41857796.000
2009-09-01,6.75,6.92,6.30,6.70,6958598,46159704.000
2009-09-02,6.70,6.90,6.45,6.87,5078487,34237380.000
2009-09-03,6.77,7.56,6.76,7.56,9104840,66340576.000
2009-09-04,7.56,7.83,7.48,7.56,14831156,114176592.000
2009-09-07,7.49,7.69,7.41,7.57,6424302,48554428.000
2009-09-08,7.58,7.65,7.41,7.64,4404100,33392208.000
2009-09-09,7.60,7.80,7.56,7.76,5578084,42837372.000
2009-09-10,7.61,7.75,7.53,7.60,3549414,27049368.000
2009-09-11,7.52,7.71,7.52,7.69,3843990,29432534.000
2009-09-14,7.71,8.17,7.70,7.80,5973042,46831016.000
2009-09-15,7.80,7.84,7.60,7.70,7239040,55953704.000
2009-09-16,7.76,8.10,7.53,7.94,12186296,95915624.000
2009-09-17,7.89,8.29,7.85,8.16,8789636,71470280.000
2009-09-18,8.18,8.18,7.65,7.71,6858474,54416264.000
2009-09-21,7.63,7.77,7.44,7.74,4310758,32593124.000
2009-09-22,7.73,7.73,7.48,7.49,3285299,24937106.000
2009-09-23,7.39,7.65,7.28,7.38,2830516,21202616.000
2009-09-24,7.41,7.49,6.87,7.11,2960994,21245280.000
2009-09-25,7.15,7.25,6.90,7.01,2134233,14965869.000
2009-09-28,7.01,7.13,6.85,6.85,2033501,14240957.000
2009-09-29,6.90,6.99,6.70,6.90,2270475,15454528.000
2009-09-30,6.96,7.22,6.91,7.13,2950540,20950816.000
2009-10-09,7.20,7.36,7.15,7.33,2444156,17831912.000
2009-10-12,7.30,7.51,7.21,7.50,3849566,28597856.000
2009-10-13,7.44,7.80,7.42,7.66,4227529,32342024.000
2009-10-14,7.67,7.77,7.57,7.61,2925701,22377312.000
2009-10-15,7.60,7.80,7.45,7.71,5720971,43904852.000
2009-10-16,7.70,7.78,7.40,7.50,6293206,47896808.000
2009-10-19,7.49,7.75,7.43,7.72,7840341,59293640.000
2009-10-20,7.65,7.98,7.59,7.83,8951437,69770040.000
2009-10-21,7.81,7.91,7.75,7.83,5587639,43912740.000
2009-10-22,7.75,8.26,7.72,7.86,8912443,70876280.000
2009-10-23,7.81,8.18,7.81,8.05,8794722,70340808.000
2009-10-26,8.00,8.66,8.00,8.44,14595769,121751752.000
2009-10-27,8.34,8.38,8.01,8.03,6777134,55523592.000
2009-10-28,8.00,8.58,7.90,8.49,13279937,109623488.000
2009-10-30,8.43,8.70,8.05,8.38,15326686,128700920.000
2009-11-02,8.20,8.46,8.00,8.42,10594443,88102488.000
2009-11-03,8.38,8.84,8.38,8.74,16410160,142749600.000
2009-11-04,8.69,9.15,8.60,8.79,14776168,131968312.000
2009-11-05,8.74,9.08,8.67,9.00,9922686,88477616.000
2009-11-06,9.16,9.45,8.95,9.11,13179313,120718544.000
2009-11-09,9.18,9.33,8.76,9.05,12130209,109912104.000
2009-11-10,9.18,9.35,8.91,9.09,8929174,81296304.000
2009-11-11,9.02,9.18,8.79,8.91,8712508,77696408.000
2009-11-12,8.90,9.35,8.86,9.24,13362064,122119360.000
2009-11-13,9.36,9.36,9.05,9.21,9785654,89908168.000
2009-11-16,9.22,9.40,9.15,9.39,10531342,97630888.000
2009-11-17,9.35,9.44,9.12,9.18,9059590,83473240.000
2009-11-18,9.18,9.24,8.90,8.98,12836104,115536208.000
2009-11-19,8.99,9.08,8.84,9.03,10504076,94123968.000
2009-11-20,8.95,9.25,8.83,9.10,13395899,121883600.000
2009-11-23,9.10,9.19,9.04,9.15,10033674,91480816.000
2009-11-24,9.20,9.22,8.43,8.51,12609250,112639888.000
2009-11-25,8.47,8.77,8.35,8.74,9814657,84404224.000
2009-11-26,8.77,8.77,8.15,8.25,8630214,73002232.000
2009-11-27,8.12,8.35,8.05,8.28,5268849,43244220.000
2009-11-30,8.27,8.75,8.25,8.65,6785533,58116128.000
2009-12-01,8.60,8.70,8.38,8.70,6872145,59011328.000
2009-12-02,8.69,8.84,8.63,8.80,7680656,67299424.000
2009-12-03,8.80,8.80,8.55,8.70,5023748,43568164.000
2009-12-04,8.73,8.73,8.13,8.36,7530044,63558992.000
2009-12-07,8.35,8.44,8.26,8.41,5819112,48490792.000
2009-12-08,8.42,8.76,8.26,8.68,9119424,77356008.000
2009-12-09,8.51,8.89,8.41,8.79,11291325,98067280.000
2009-12-10,8.70,8.99,8.68,8.88,10126320,89649472.000
2009-12-14,8.90,8.94,8.37,8.56,5473033,46967884.000
2009-12-15,8.60,8.79,8.38,8.69,5272102,44793920.000
2009-12-16,8.67,9.03,8.61,8.95,14156534,125564416.000
2009-12-17,8.91,9.08,8.78,8.93,13231398,118614752.000
2009-12-18,8.83,9.05,8.41,8.56,7808769,68390256.000
2009-12-21,8.60,8.60,8.20,8.48,4465907,37371188.000
2009-12-22,8.50,8.50,8.21,8.24,2881562,23987900.000
2009-12-23,8.20,8.37,8.07,8.22,2944063,24132048.000
2009-12-24,8.22,8.49,8.20,8.40,3843495,32111688.000
2009-12-25,8.45,8.75,8.35,8.52,4767420,40845752.000
2009-12-28,8.46,8.68,8.44,8.63,4721429,40416916.000
2009-12-29,8.65,8.82,8.40,8.73,5774262,50231060.000
2009-12-30,8.75,8.75,8.49,8.52,4966593,42590784.000
2009-12-31,8.52,8.69,8.50,8.65,4091809,35219520.000
2010-01-06,8.90,9.07,8.30,8.47,16541200,144334048.000
2010-01-07,8.30,8.40,8.06,8.10,13067968,106489736.000
2010-01-08,8.01,8.15,7.88,8.10,6275072,50304012.000
2010-01-11,8.14,8.19,7.90,7.98,4440887,35420976.000
2010-01-12,7.95,8.14,7.87,8.12,4652800,37425584.000
2010-01-13,8.03,8.24,7.90,8.13,6662820,54228360.000
2010-01-14,8.12,8.33,8.10,8.32,5625845,46304724.000
2010-01-15,8.32,8.36,8.20,8.32,4651929,38525596.000
2010-01-18,8.32,8.44,8.25,8.39,4735210,39603768.000
2010-01-19,8.37,8.45,8.25,8.28,5213718,43289988.000
2010-01-20,8.32,8.34,7.80,7.85,6473339,52081860.000
2010-01-21,7.90,8.04,7.86,7.97,3802409,30311732.000
2010-01-22,7.97,8.09,7.74,7.96,4167450,33015382.000
2010-01-25,7.83,8.01,7.81,7.86,2046999,16200077.000
2010-01-26,7.87,7.95,7.45,7.77,3636743,27789016.000
2010-01-27,7.75,8.10,7.53,7.66,5351470,41477908.000
2010-01-28,7.76,7.79,7.56,7.73,3623116,27897620.000
2010-01-29,7.75,7.85,7.60,7.67,3289145,25406836.000
2010-02-01,7.60,7.72,7.23,7.30,3109890,22959252.000
2010-02-02,7.30,7.51,7.30,7.31,2505870,18505408.000
2010-02-03,7.38,7.46,7.00,7.40,3107433,22574864.000
2010-02-04,7.40,7.58,7.31,7.48,3440607,25809316.000
2010-02-05,7.29,7.65,7.20,7.48,4050779,30410794.000
2010-02-08,7.54,7.58,7.42,7.45,1668486,12541606.000
2010-02-09,7.45,7.65,7.37,7.62,2878395,21646442.000
2010-02-10,7.70,8.19,7.56,7.97,7785061,61036136.000
2010-02-11,7.93,8.05,7.80,8.03,3560133,28340098.000
2010-02-12,8.02,8.79,7.90,8.73,11425866,95599080.000
2010-02-22,8.64,8.99,8.47,8.54,23469748,204558992.000
2010-02-23,8.53,8.53,8.07,8.29,10193990,84000400.000
2010-02-24,8.19,8.47,8.15,8.43,7678258,64339736.000
2010-02-25,8.46,8.77,8.38,8.52,11713149,100353808.000
2010-03-01,8.56,8.66,8.41,8.46,7606694,64717132.000
2010-03-02,8.51,9.00,8.46,8.88,18647331,163922544.000
2010-03-03,8.88,8.95,8.68,8.86,11186585,98828000.000
2010-03-04,8.81,9.18,8.80,8.81,17496655,157521696.000
2010-03-05,8.81,9.15,8.73,9.07,11508106,103364640.000
2010-03-08,9.04,9.13,8.81,8.85,8958689,80110768.000
2010-03-09,8.85,9.03,8.80,8.91,6775259,60433312.000
2010-03-10,8.85,8.92,8.50,8.55,10602639,91887800.000
2010-03-11,8.57,8.67,8.42,8.60,4106290,35155520.000
2010-03-12,8.62,8.66,8.30,8.34,4718069,40018260.000
2010-03-15,8.36,8.45,8.25,8.40,2675802,22356560.000
2010-03-16,8.43,8.54,8.36,8.52,2521498,21309814.000
2010-03-17,8.55,8.72,8.49,8.69,4918841,42501096.000
2010-03-18,8.66,8.84,8.60,8.71,3789316,33053460.000
2010-03-19,8.71,8.82,8.62,8.76,4276610,37310296.000
2010-03-22,8.76,8.84,8.56,8.75,4910586,42718888.000
2010-03-23,8.78,9.20,8.71,8.99,14818760,133829264.000
2010-03-24,8.97,9.08,8.82,9.00,7771709,69549496.000
2010-03-25,9.00,9.21,8.97,9.06,9599998,87351360.000
2010-03-26,9.03,9.34,9.03,9.17,8965644,82693520.000
2010-03-29,9.18,9.25,8.85,8.92,8486950,76295680.000
2010-03-30,8.95,9.05,8.87,8.93,4462486,39914376.000
2010-03-31,8.86,9.68,8.82,9.49,19979864,187250800.000
2010-04-01,9.50,9.65,9.38,9.53,11916308,113293152.000
2010-04-02,9.53,9.75,9.29,9.55,12424262,117896424.000
2010-04-06,9.52,9.85,9.41,9.75,11566765,112036872.000
2010-04-07,9.75,9.87,9.60,9.66,8450612,81899992.000
2010-04-08,9.68,9.85,9.51,9.59,8304806,80167496.000
2010-04-09,9.62,9.77,9.56,9.69,8414355,81152152.000
2010-04-12,9.67,10.12,9.61,10.00,14501469,143132576.000
2010-04-13,10.00,10.65,9.82,10.57,23019577,235327632.000
2010-04-14,10.55,10.82,10.37,10.72,15133725,160894144.000
2010-04-15,10.80,10.84,10.37,10.56,11113997,116942968.000
2010-04-16,10.50,10.80,10.21,10.70,9467070,99610024.000
2010-04-19,10.58,10.83,10.00,10.14,9479473,99206992.000
2010-04-20,10.20,10.35,9.60,10.12,10328504,102448960.000
2010-04-21,10.08,10.45,9.95,10.30,8566786,88203104.000
2010-04-22,10.24,10.48,9.90,10.32,10385084,105418120.000
2010-04-23,10.30,10.47,9.58,9.63,14667252,146396192.000
2010-04-26,9.65,9.70,9.22,9.30,10403977,97702440.000
2010-04-27,9.30,9.48,9.11,9.46,6442649,59917768.000
2010-04-28,9.46,9.64,9.26,9.46,5064363,48031128.000
2010-04-29,9.46,9.58,9.04,9.21,4753942,44366524.000
2010-04-30,9.18,9.26,8.52,8.75,5085154,44842888.000
2010-05-04,8.65,8.87,8.54,8.78,2549801,22380652.000
2010-05-05,8.68,9.21,8.66,9.17,3826288,34337988.000
2010-05-06,9.17,9.23,8.76,8.77,4248161,38310680.000
2010-05-07,8.61,8.90,8.41,8.67,4170394,36258624.000
2010-05-10,8.73,8.97,8.50,8.80,3671138,32211644.000
2010-05-11,9.03,9.05,8.58,8.64,4866913,43092868.000
2010-05-12,8.52,8.65,7.78,7.78,8022781,64057312.000
2010-05-13,7.71,7.98,7.53,7.92,3889899,30370884.000
2010-05-14,7.90,8.05,7.85,7.99,3089367,24619624.000
2010-05-17,7.91,7.93,7.47,7.64,4257164,32687544.000
2010-05-18,7.68,7.98,7.50,7.88,4660515,36156452.000
2010-05-19,7.81,7.95,7.78,7.88,3222540,25343496.000
2010-05-20,7.86,7.93,7.25,7.28,4174069,31600464.000
2010-05-24,7.49,8.01,7.44,8.01,6472688,50263412.000
2010-05-25,7.93,8.04,7.80,7.95,4583787,36299664.000
2010-05-26,7.94,8.00,7.71,7.90,3153130,24815828.000
2010-05-27,7.90,8.22,7.81,8.15,4609259,37190604.000
2010-05-28,8.16,8.33,8.09,8.22,4765847,39091836.000
2010-05-31,8.12,8.30,7.83,7.85,4611431,37172260.000
2010-06-01,7.79,7.79,7.28,7.53,3585967,27219308.000
2010-06-02,7.53,7.65,7.30,7.64,2481362,18514464.000
2010-06-03,7.65,7.76,7.44,7.47,3142313,24010732.000
2010-06-04,7.44,7.62,7.37,7.59,2116858,15895271.000
2010-06-07,7.42,7.57,7.36,7.51,1789940,13410526.000
2010-06-08,7.51,7.62,7.48,7.60,1954977,14772960.000
2010-06-09,7.57,7.95,7.57,7.87,2965182,23016476.000
2010-06-10,7.80,8.04,7.70,7.88,3083287,24348376.000
2010-06-11,7.88,7.99,7.75,7.78,2004463,15761376.000
2010-06-17,7.79,7.89,7.68,7.69,1431345,11144930.000
2010-06-18,7.69,7.69,7.29,7.37,2122461,15891215.000
2010-06-21,7.37,7.65,7.37,7.60,1529755,11518170.000
2010-06-22,7.64,7.74,7.56,7.73,1578296,12081150.000
2010-06-23,7.73,7.88,7.60,7.82,2473356,19166408.000
2010-06-24,7.81,7.83,7.66,7.81,2097092,16224131.000
2010-06-25,7.74,7.77,7.51,7.60,1372084,10459675.000
2010-06-28,7.55,7.59,7.32,7.41,1291040,9618062.000
2010-06-29,7.39,7.47,6.80,6.81,2547717,18050976.000
2010-06-30,6.70,6.86,6.42,6.80,2424250,16074309.000
2010-07-01,6.69,6.90,6.69,6.77,2710255,18467760.000
2010-07-02,6.75,7.13,6.70,7.12,4842457,33620764.000
2010-07-05,6.97,7.16,6.91,7.09,1302310,9213277.000
2010-07-06,7.15,7.24,7.06,7.19,1166064,8332955.000
2010-07-07,7.19,7.22,7.10,7.19,800998,5738725.000
2010-07-08,7.20,7.31,7.06,7.09,1202342,8629849.000
2010-07-09,7.09,7.31,7.09,7.29,2975380,21496678.000
2010-07-12,7.31,7.36,7.16,7.30,2340761,17063616.000
2010-07-13,7.29,7.29,7.10,7.15,1398093,10019195.000
2010-07-14,7.12,7.53,7.12,7.52,4001643,29414444.000
2010-07-15,7.41,7.56,7.20,7.20,2474867,18316596.000
2010-07-16,7.25,7.27,7.06,7.26,1456902,10436050.000
2010-07-19,7.22,7.68,7.15,7.60,3350188,25239152.000
2010-07-20,7.68,7.86,7.53,7.69,2402119,18498488.000
2010-07-21,7.70,7.80,7.61,7.71,1999763,15375429.000
2010-07-22,7.71,7.99,7.68,7.81,2734790,21458488.000
2010-07-23,7.89,8.32,7.86,8.02,6296968,50987392.000
2010-07-26,7.93,7.98,7.74,7.93,3299344,25967084.000
2010-07-27,7.85,7.97,7.83,7.86,1975758,15569818.000
2010-07-28,7.81,8.06,7.81,8.01,3374161,26963444.000
2010-07-29,8.07,8.07,7.89,8.00,3077739,24496012.000
2010-07-30,8.00,8.03,7.80,8.02,2870700,22828448.000
2010-08-02,8.05,8.44,8.02,8.18,4104544,33501206.000
2010-08-03,8.18,8.28,7.91,7.93,3238176,26131832.000
2010-08-04,7.94,8.00,7.82,7.97,2634101,20845298.000
2010-08-05,8.05,8.20,8.00,8.03,3368109,27239512.000
2010-08-06,8.00,8.17,7.90,8.13,3301449,26639000.000
2010-08-09,8.15,8.27,8.10,8.22,4133073,33869388.000
2010-08-10,8.25,8.25,7.81,7.82,3827336,30717410.000
2010-08-11,7.82,7.96,7.80,7.86,2261692,17775460.000
2010-08-12,7.81,7.92,7.75,7.77,2687623,21020696.000
2010-08-13,7.76,8.05,7.76,8.04,2842672,22503268.000
2010-08-16,8.08,8.32,7.90,8.28,6652234,54607716.000
2010-08-17,8.28,8.30,8.17,8.23,4224160,34787156.000
2010-08-18,8.21,8.50,8.18,8.39,7826521,65310076.000
2010-08-19,8.35,8.60,8.35,8.37,5812580,49116580.000
2010-08-20,8.34,8.34,7.95,8.02,5153430,41957832.000
2010-08-23,8.05,8.19,8.05,8.17,2632874,21406192.000
2010-08-24,8.18,8.55,8.10,8.45,7012758,58862416.000
2010-08-25,8.48,9.30,8.37,9.05,23774231,213827568.000
2010-08-26,9.01,9.23,8.84,9.12,14315329,129854936.000
2010-08-27,9.12,9.32,8.90,8.93,13191781,119576272.000
2010-08-30,8.95,9.15,8.75,9.08,10631068,95708664.000
2010-08-31,9.05,9.29,8.90,9.20,8413899,77146944.000
2010-09-01,9.21,9.55,9.09,9.28,12083997,112643744.000
2010-09-02,9.46,9.50,9.20,9.31,12257993,114690368.000
2010-09-06,9.46,10.24,8.38,9.68,26094794,256928960.000
2010-09-07,9.50,9.59,9.32,9.48,9906888,93477056.000
2010-09-08,9.54,9.80,9.44,9.63,7769153,74728144.000
2010-09-09,9.50,9.72,9.19,9.22,10165499,95428368.000
2010-09-10,9.21,9.36,9.05,9.31,6845806,63198324.000
2010-09-13,9.28,9.75,9.22,9.64,9684941,92445376.000
2010-09-14,9.64,9.67,9.36,9.58,7664059,73109200.000
2010-09-15,9.56,9.56,9.30,9.32,5152437,48435460.000
2010-09-16,9.30,9.42,9.10,9.20,4678089,43131672.000
2010-09-17,9.22,9.37,9.13,9.27,3422055,31711544.000
2010-09-20,9.28,9.30,9.00,9.05,3044742,27827948.000
2010-09-21,9.07,9.29,9.02,9.24,2718182,24960528.000
2010-09-27,9.35,10.16,9.33,9.90,14798992,146423504.000
2010-09-28,9.71,10.15,9.65,10.03,9829216,97937312.000
2010-09-29,9.93,10.53,9.89,10.09,11810219,121665776.000
2010-09-30,9.95,10.22,9.95,10.21,5768449,58359452.000
2010-10-08,10.30,10.50,10.11,10.25,7461077,76598944.000
2010-10-11,10.23,10.52,10.12,10.38,7869369,81137840.000
2010-10-12,10.33,10.52,10.08,10.28,7911872,80716272.000
2010-10-13,10.25,10.36,10.00,10.27,7822255,79579648.000
2010-10-14,10.30,10.35,9.50,9.55,11574734,114863976.000
2010-10-15,9.56,9.80,9.31,9.38,7512018,71769272.000
2010-10-18,9.25,9.66,8.84,9.55,7948690,73137224.000
2010-10-19,9.49,9.87,9.41,9.80,5224554,50839800.000
2010-10-20,9.67,9.90,9.46,9.66,5559932,53864928.000
2010-10-21,9.66,9.79,9.45,9.58,3538232,33881840.000
2010-10-22,9.52,9.65,9.50,9.62,3063858,29366824.000
2010-10-25,9.63,9.77,9.47,9.72,6075007,58476216.000
2010-10-26,9.75,10.69,9.67,10.69,22010331,231187328.000
2010-10-27,10.58,10.89,10.32,10.38,12263827,130116656.000
2010-10-28,10.18,10.82,9.88,10.75,18854037,195500288.000
2010-10-29,10.62,11.34,10.61,10.99,14463906,159945744.000
2010-11-01,10.99,12.04,10.81,11.78,14301229,166381200.000
2010-11-03,10.77,11.40,10.60,10.60,23771915,259041520.000
2010-11-04,10.38,10.65,10.18,10.44,12928312,134589440.000
2010-11-05,10.44,10.77,10.32,10.71,12923880,135822512.000
2010-11-08,10.59,10.84,10.54,10.79,9518440,101959168.000
2010-11-09,10.79,10.80,10.51,10.67,7388904,78623248.000
2010-11-10,10.60,10.96,10.53,10.94,7513380,80929280.000
2010-11-11,10.88,11.50,10.82,11.37,16034947,179768048.000
2010-11-12,11.30,11.49,10.79,11.31,12872895,143651728.000
2010-11-15,11.22,12.44,11.20,11.80,23789742,278026368.000
2010-11-16,11.60,11.77,10.91,10.99,11084669,125937296.000
2010-11-17,10.90,11.40,10.28,10.36,8008623,84770944.000
2010-11-18,10.38,10.56,10.00,10.36,4426646,45606208.000
2010-11-19,10.48,10.65,10.18,10.64,4086792,42562096.000
2010-11-22,10.52,10.98,10.46,10.97,5212826,56083888.000
2010-11-23,11.00,11.09,10.42,10.69,4161299,44447680.000
2010-11-24,10.69,11.31,10.52,11.25,5177511,57033208.000
2010-11-25,11.20,11.39,11.08,11.24,4322896,48650348.000
2010-11-26,11.22,11.54,11.15,11.46,5391576,61082392.000
2010-11-29,11.45,11.53,11.07,11.12,5167623,57933508.000
2010-11-30,11.09,11.29,10.40,10.69,4593321,49404764.000
2010-12-01,10.79,10.88,10.56,10.83,2178903,23451984.000
2010-12-02,10.95,11.05,10.50,10.63,3329321,35764844.000
2010-12-03,10.63,10.70,10.30,10.44,2680285,27996440.000
2010-12-06,10.46,10.46,10.06,10.31,2455694,25236118.000
2010-12-07,10.31,10.42,10.08,10.40,2925024,30109372.000
2010-12-08,10.27,10.45,10.18,10.19,2110632,21706280.000
2010-12-09,10.19,10.20,9.76,9.83,3650907,36282912.000
2010-12-10,9.76,10.15,9.75,10.10,3002905,29941696.000
2010-12-13,10.10,10.75,9.99,10.68,4971488,51207064.000
2010-12-14,10.60,11.40,10.52,11.37,10819051,119176408.000
2010-12-15,11.21,12.30,10.96,11.05,14918759,168958656.000
2010-12-16,11.02,11.39,10.86,10.95,5564107,61198308.000
2010-12-17,10.88,10.89,10.58,10.73,3048830,32643964.000
2010-12-20,10.75,11.03,10.48,10.58,3890965,41732544.000
2010-12-21,10.55,10.85,10.55,10.81,2240878,23968474.000
2010-12-22,10.73,11.08,10.73,11.04,4243778,46312400.000
2010-12-23,11.04,11.08,10.65,10.68,2402198,26059996.000
2010-12-24,10.52,10.68,10.10,10.29,2665088,27507576.000
2010-12-27,10.32,10.42,9.92,10.00,2574877,26214992.000
2010-12-28,9.92,10.09,9.88,9.94,2313843,23113784.000
2010-12-29,9.92,10.15,9.90,10.12,1293322,13005169.000
2010-12-30,10.13,10.13,9.85,9.99,2275132,22572858.000
2010-12-31,9.90,10.10,9.90,10.09,1558089,15607116.000
2011-01-04,10.09,10.34,10.09,10.28,1436952,14710679.000
2011-01-05,10.30,10.43,10.10,10.32,2041457,20932516.000
2011-01-06,10.23,10.38,10.17,10.24,1250138,12785212.000
2011-01-07,10.32,10.32,10.16,10.29,1496799,15344360.000
2011-01-10,10.22,10.55,10.21,10.45,2560941,26622044.000
2011-01-11,10.39,10.80,10.33,10.51,2557802,26915548.000
2011-01-12,10.40,10.70,10.40,10.66,2097683,22222768.000
2011-01-13,10.68,10.75,10.40,10.40,1209136,12724430.000
2011-01-14,10.37,10.37,9.90,10.02,2546481,25628340.000
2011-01-17,9.98,9.98,9.60,9.66,1982950,19429856.000
2011-01-18,9.56,9.71,9.55,9.58,764576,7345289.000
2011-01-19,9.60,9.84,9.60,9.78,1049653,10257729.000
2011-01-20,9.80,10.05,9.48,9.50,1623407,15801499.000
2011-01-21,9.53,9.69,9.45,9.66,633617,6075700.000
2011-01-24,9.64,9.66,9.36,9.37,1291405,12283644.000
2011-01-25,9.32,9.41,9.02,9.37,1298167,11975329.000
2011-01-27,9.33,9.72,9.33,9.64,1195598,11488935.000
2011-01-28,9.56,9.93,9.56,9.91,1190886,11688903.000
2011-01-31,9.88,10.18,9.81,10.17,1847445,18611476.000
2011-02-01,10.17,10.31,10.08,10.25,2109104,21532706.000
2011-02-09,10.15,10.37,10.11,10.17,1226373,12550336.000
2011-02-10,10.15,10.35,10.14,10.26,2225497,22784100.000
2011-02-11,10.28,10.34,10.15,10.29,2497340,25550588.000
2011-02-14,10.24,10.64,10.21,10.49,4285673,44748348.000
2011-02-15,10.41,10.75,10.30,10.38,2736649,28714252.000
2011-02-16,10.37,10.71,10.33,10.63,2861593,30361068.000
2011-02-17,10.66,10.66,10.35,10.50,3041262,31983136.000
2011-02-18,10.36,10.62,10.36,10.41,1710482,17917068.000
2011-02-21,10.32,10.59,10.32,10.52,1785138,18679560.000
2011-02-22,10.48,10.58,10.14,10.15,2196231,22611736.000
2011-02-23,10.14,10.36,10.14,10.24,1546326,15845307.000
2011-02-24,10.16,10.78,10.16,10.74,6020526,64235592.000
2011-02-25,10.71,10.97,10.50,10.83,4333397,46716808.000
2011-02-28,10.78,10.92,10.62,10.79,3272261,35240544.000
2011-03-01,10.68,11.20,10.62,11.18,8710631,95684856.000
2011-03-02,11.06,11.16,10.89,11.10,4433104,48903248.000
2011-03-03,11.04,11.12,10.61,10.68,3870493,41935752.000
2011-03-04,10.78,10.89,10.63,10.83,1985375,21423470.000
2011-03-07,10.83,11.15,10.83,11.10,4946201,54751000.000
2011-03-08,11.10,11.18,10.94,11.03,2742913,30244312.000
2011-03-09,11.03,11.08,10.71,10.83,2820233,30630992.000
2011-03-10,10.83,10.94,10.74,10.78,2223000,24063340.000
2011-03-11,10.80,10.98,10.73,10.79,2525355,27378288.000
2011-03-14,10.71,10.92,10.62,10.83,2753507,29668220.000
2011-03-15,10.76,10.93,10.50,10.72,2863501,30559028.000
2011-03-16,10.70,10.78,10.55,10.61,2551535,27150512.000
2011-03-17,10.57,10.58,10.25,10.35,3994627,41573444.000
2011-03-18,10.39,11.39,10.30,11.39,22834714,257153760.000
2011-03-21,11.39,12.12,11.00,11.69,20054754,231874160.000
2011-03-22,11.59,12.02,11.32,11.78,11235694,131386904.000
2011-03-23,11.77,12.96,11.60,12.96,16218734,204947072.000
2011-03-24,12.30,13.58,12.02,12.66,43432447,548369920.000
2011-03-25,12.35,12.85,12.15,12.31,25654229,319677952.000
2011-03-28,12.18,13.31,12.03,13.11,28940414,364430944.000
2011-03-29,12.83,12.90,12.10,12.44,19404977,243364752.000
2011-03-30,12.29,12.65,12.10,12.26,9099640,111965272.000
2011-03-31,12.08,12.32,11.60,12.17,13247746,158538304.000
2011-04-01,12.00,12.16,11.86,12.12,6812385,81993336.000
2011-04-06,11.91,12.25,11.68,12.14,8034670,96148808.000
2011-04-07,12.03,12.59,11.96,12.29,9706214,119836584.000
2011-04-08,12.21,12.88,12.16,12.65,12651324,158946192.000
2011-04-11,12.65,12.84,12.40,12.45,9724030,122690896.000
2011-04-12,12.40,12.40,11.71,11.87,9819728,118074672.000
2011-04-13,11.86,12.25,11.72,12.04,5486437,65885004.000
2011-04-14,11.90,11.98,11.40,11.47,11987363,139070368.000
2011-04-15,11.37,11.45,11.00,11.37,7256783,81765128.000
2011-04-18,11.32,11.62,11.27,11.48,5088189,58459472.000
2011-04-19,11.40,11.74,11.06,11.59,8344701,95483200.000
2011-04-20,11.59,11.73,11.31,11.69,7524852,86937744.000
2011-04-21,11.62,11.64,11.22,11.28,6767851,77204456.000
2011-04-22,11.32,11.32,10.88,10.90,7708006,85150560.000
2011-04-26,10.36,10.36,10.36,10.36,257300,2665628.000
2011-04-27,9.84,9.84,9.84,9.84,236400,2326176.000
2011-04-28,9.35,9.35,9.35,9.35,2262300,21152504.000
2011-04-29,8.88,9.06,8.88,8.88,4479400,39801044.000
2011-05-03,8.63,8.98,8.63,8.88,9788079,86235920.000
2011-05-04,8.77,8.90,8.54,8.73,7266588,63621848.000
2011-05-05,8.68,9.15,8.63,8.98,6242359,55652520.000
2011-05-06,8.80,9.12,8.80,8.97,4484457,40426980.000
2011-05-09,8.97,9.05,8.81,8.95,3218686,28723768.000
2011-05-10,8.96,9.12,8.85,9.09,4804416,43283064.000
2011-05-11,9.05,9.07,8.84,8.87,5145971,46023464.000
2011-05-12,8.77,9.00,8.63,8.77,5928544,52262680.000
2011-05-13,8.80,8.95,8.76,8.90,2765676,24481872.000
2011-05-16,8.89,9.07,8.88,8.95,3953127,35559300.000
2011-05-17,9.00,9.05,8.87,9.00,3785795,34020552.000
2011-05-18,9.03,9.45,8.92,9.34,11013164,102260976.000
2011-05-20,9.24,9.40,8.87,9.19,6523969,59111120.000
2011-05-23,9.00,9.10,8.73,8.83,4350298,38709232.000
2011-05-24,8.82,8.98,8.58,8.85,2259529,19789398.000
2011-05-25,8.81,8.90,8.65,8.75,2445639,21457856.000
2011-05-26,8.78,8.96,8.60,8.68,4459239,39380636.000
2011-05-27,8.61,8.65,8.25,8.25,4955935,41463280.000
2011-05-30,8.10,8.24,7.84,8.04,2953177,23508506.000
2011-05-31,7.88,8.26,7.87,8.24,1883675,15224062.000
2011-06-01,8.48,8.65,8.36,8.51,13322841,113302416.000
2011-06-02,8.30,8.45,8.08,8.16,6954368,57125508.000
2011-06-03,8.03,8.38,7.90,8.25,2025531,16740801.000
2011-06-07,8.29,8.44,8.10,8.38,1607581,13367548.000
2011-06-08,8.38,8.80,8.18,8.68,3745747,32040216.000
2011-06-09,8.65,8.79,8.42,8.50,2610802,22452608.000
2011-06-10,8.45,8.75,8.33,8.63,3536960,30407160.000
2011-06-13,8.50,8.65,8.40,8.60,2280949,19478780.000
2011-06-14,8.57,8.80,8.57,8.76,3063562,26679730.000
2011-06-15,8.76,8.94,8.69,8.77,2451067,21624732.000
2011-06-16,8.71,8.97,8.67,8.73,2709880,23913088.000
2011-06-17,8.71,8.82,8.63,8.66,2226447,19399948.000
2011-06-20,8.65,8.73,8.23,8.23,2427442,20201784.000
2011-06-21,8.30,8.38,8.19,8.31,1120711,9292628.000
2011-06-22,8.30,8.44,8.22,8.30,1383545,11497594.000
2011-06-23,8.28,8.44,8.22,8.39,1259465,10513392.000
2011-06-24,8.37,8.69,8.35,8.68,2360895,20241106.000
2011-06-27,8.72,9.10,8.72,8.85,3841026,34122680.000
2011-06-28,8.85,8.98,8.79,8.87,1732963,15356814.000
2011-06-29,8.85,9.05,8.82,8.97,3291750,29465464.000
2011-06-30,9.04,9.15,8.92,8.96,3227212,29074452.000
2011-07-01,8.98,9.04,8.81,8.92,1770774,15795196.000
2011-07-04,9.00,9.32,8.92,9.23,2848236,25928600.000
2011-07-05,9.28,9.33,9.11,9.27,2404728,22220006.000
2011-07-06,9.31,9.73,9.29,9.73,4078676,39508696.000
2011-07-07,9.90,10.12,9.63,9.73,6901223,68345664.000
2011-07-08,9.69,9.99,9.63,9.88,2867786,28214280.000
2011-07-11,9.89,10.37,9.78,10.37,8417662,87020688.000
2011-07-12,10.26,10.33,10.06,10.11,5114968,52012468.000
2011-07-13,10.10,10.45,10.00,10.42,5064308,51993224.000
2011-07-14,10.41,10.94,10.34,10.89,7417218,80507344.000
2011-07-15,10.92,11.43,10.80,11.38,8923016,101196200.000
2011-07-18,11.39,11.71,11.14,11.37,7939956,90622216.000
2011-07-19,11.24,11.56,11.07,11.39,4302796,48807904.000
2011-07-20,11.39,11.96,11.39,11.95,5625288,66410044.000
2011-07-21,11.95,12.35,11.63,11.77,9029785,108707344.000
2011-07-22,11.75,11.75,11.18,11.18,12839318,143879632.000
2011-07-25,11.00,11.35,10.65,11.17,7547140,82786624.000
2011-07-26,11.00,11.53,10.93,11.41,3389326,38475624.000
2011-07-27,11.38,11.97,11.25,11.89,4232831,49901516.000
2011-07-28,11.85,12.18,11.60,11.91,4834094,57494708.000
2011-07-29,11.99,12.18,11.90,12.05,5284615,63651052.000
2011-08-01,11.99,12.08,11.65,11.82,3621104,42963444.000
2011-08-02,11.76,12.41,11.41,12.41,5665596,68256328.000
2011-08-03,12.46,12.84,12.30,12.61,5582910,70782072.000
2011-08-04,12.50,12.92,12.50,12.54,4142854,52768384.000
2011-08-05,12.00,13.17,11.91,13.16,9614545,122808696.000
2011-08-08,12.85,13.81,12.61,13.27,13740628,182230272.000
2011-08-09,12.96,13.20,12.68,13.05,5386174,69926760.000
2011-08-10,13.02,13.35,12.70,12.89,6768459,87598152.000
2011-08-11,12.60,13.03,12.60,12.92,3797594,48679300.000
2011-08-12,12.93,13.30,12.80,12.86,3573970,46630084.000
2011-08-15,12.81,13.15,12.71,13.05,4051781,52500536.000
2011-08-16,13.00,13.15,12.40,12.40,4184000,52805728.000
2011-08-17,11.85,12.22,11.78,11.78,5660141,66987072.000
2011-08-18,11.19,11.49,11.19,11.19,8778907,98738864.000
2011-08-22,11.39,11.43,10.70,10.88,5957314,65314032.000
2011-08-23,10.82,11.13,10.76,11.00,2919567,32070222.000
2011-08-24,11.05,11.45,10.98,11.04,4010955,44929152.000
2011-08-25,11.00,11.29,10.89,11.01,3750842,41438528.000
2011-08-26,10.99,11.22,10.80,11.17,4191981,46182692.000
2011-08-29,11.10,11.29,11.01,11.24,3078700,34393644.000
2011-08-30,11.29,11.65,11.24,11.36,4802541,54942180.000
2011-08-31,11.35,11.43,10.82,11.00,3800576,42027064.000
2011-09-01,11.00,11.09,10.45,10.85,5773779,61706884.000
2011-09-02,10.31,10.66,10.31,10.31,2654000,27399232.000
2011-09-05,10.00,10.49,9.88,10.42,4373090,44991264.000
2011-09-06,10.28,10.72,10.21,10.41,3065940,32264160.000
2011-09-07,10.56,10.58,10.11,10.48,2694151,27872200.000
2011-09-08,10.39,10.58,10.22,10.35,2653824,27524524.000
2011-09-09,10.35,10.53,10.28,10.35,2055891,21316120.000
2011-09-13,10.22,10.35,10.03,10.24,1891674,19318302.000
2011-09-14,10.33,10.75,10.23,10.75,4595392,48445468.000
2011-09-15,10.72,10.72,10.29,10.45,7607718,79226176.000
2011-09-16,10.32,10.65,10.32,10.53,3248478,34121908.000
2011-09-19,10.54,11.06,10.50,11.06,10404071,114416504.000
2011-09-20,11.01,11.55,10.71,11.25,13209126,147103616.000
2011-09-21,11.20,11.69,11.05,11.59,8167170,93812488.000
2011-09-22,11.55,12.17,11.46,11.99,8070900,96444928.000
2011-09-23,11.75,12.35,11.60,11.78,10478787,126085032.000
2011-09-26,11.68,11.95,11.35,11.44,6881029,79577216.000
2011-09-27,11.46,12.01,11.46,12.01,7575607,90111280.000
2011-09-28,12.02,12.18,11.84,12.03,10638045,127192520.000
2011-09-29,11.95,12.20,11.43,11.95,9626287,113368384.000
2011-09-30,11.96,12.44,11.75,12.39,9243327,112286592.000
2011-10-10,12.45,12.95,12.35,12.44,12477712,158253600.000
2011-10-11,12.60,12.92,12.30,12.80,10880188,137218880.000
2011-10-12,12.72,12.93,12.53,12.77,8963273,114518424.000
2011-10-13,12.73,13.14,12.70,12.94,8432308,108923592.000
2011-10-14,13.01,13.15,12.83,12.93,6330263,82257456.000
2011-10-17,12.93,12.93,12.50,12.82,6671860,84964512.000
2011-10-18,12.74,13.03,12.68,12.79,4550451,58573260.000
2011-10-19,12.66,12.95,12.61,12.93,2886064,36957028.000
2011-10-20,12.91,13.22,12.71,13.19,7070452,92293712.000
2011-10-21,13.20,13.30,12.69,12.76,9009167,116495472.000
2011-10-24,12.20,12.50,12.12,12.12,7391510,89940832.000
2011-10-25,11.92,12.72,11.92,12.72,6028336,74707800.000
2011-10-26,12.61,13.05,12.61,12.88,5142691,66267484.000
2011-10-27,12.92,13.07,12.72,12.81,2685882,34437644.000
2011-10-28,12.85,12.93,12.72,12.88,2622641,33592528.000
2011-10-31,12.96,13.10,12.80,12.90,3935270,51013892.000
2011-11-01,12.82,13.10,12.81,13.08,3196263,41389904.000
2011-11-02,13.02,13.73,12.95,13.72,6686962,90079360.000
2011-11-03,14.00,14.11,13.53,13.79,3983915,54764912.000
2011-11-04,13.80,14.45,13.60,13.70,7681497,107638360.000
2011-11-07,13.70,13.85,13.11,13.76,5807668,78557504.000
2011-11-08,13.85,14.45,13.68,14.33,7515931,106670856.000
2011-11-09,14.31,14.45,13.90,14.34,5880762,83350848.000
2011-11-10,14.20,14.86,14.11,14.46,6147490,89348600.000
2011-11-11,14.31,15.18,14.31,15.18,6252682,93752448.000
2011-12-02,14.42,14.42,14.42,14.42,278900,4021738.000
2011-12-05,13.70,13.70,13.70,13.70,9200,126040.000
2011-12-06,13.02,13.02,13.02,13.02,180800,2354016.000
2011-12-07,12.37,12.37,12.37,12.37,1679200,20771704.000
2011-12-08,11.75,11.75,11.75,11.75,153100,1798925.000
2011-12-13,11.16,11.16,11.16,11.16,1809900,20198484.000
2011-12-14,10.60,10.60,10.60,10.60,622200,6595320.000
2011-12-15,10.07,10.07,10.07,10.07,152800,1538696.000
2011-12-16,9.57,9.57,9.57,9.57,595900,5702763.000
2011-12-19,9.09,9.09,9.09,9.09,1211300,11010717.000
2011-12-20,8.64,8.64,8.64,8.64,504400,4358016.000
2011-12-21,8.21,8.98,8.21,8.36,33031352,274301888.000
2011-12-22,7.94,8.00,7.94,7.94,3428900,27232880.000
2011-12-23,7.54,7.84,7.54,7.54,15861749,120250776.000
2011-12-26,7.43,7.82,7.17,7.23,9977380,74743824.000
2011-12-27,7.13,7.19,6.87,6.87,9126581,63017128.000
2011-12-28,6.70,6.70,6.53,6.53,3215300,21068968.000
2011-12-29,6.21,6.50,6.20,6.30,15668270,98096216.000
2011-12-30,6.38,6.62,6.38,6.62,3135777,20720296.000
2012-01-04,6.90,6.95,6.74,6.86,11975755,82579344.000
2012-01-05,6.81,7.19,6.59,7.08,13374981,92474496.000
2012-01-06,7.00,7.43,6.92,7.43,8866324,64328864.000
2012-01-09,7.44,7.80,7.44,7.80,4700867,36384956.000
2012-01-10,8.19,8.19,7.64,7.83,14579668,116045016.000
2012-01-11,7.44,8.12,7.44,7.70,8120866,63469480.000
2012-01-13,7.75,8.09,7.62,8.09,8867080,70310760.000
2012-01-16,8.14,8.47,7.97,8.19,9386623,77008840.000
2012-01-17,8.18,8.46,8.05,8.34,5732669,47686096.000
2012-01-18,8.25,8.76,8.25,8.76,7831834,67765216.000
2012-01-19,8.79,9.20,8.71,9.20,4599624,41447928.000
2012-01-20,9.60,9.66,9.22,9.66,10245708,97865152.000
2012-01-30,9.66,10.14,9.66,10.14,5018536,50122104.000
2012-01-31,10.38,10.65,10.25,10.65,5253961,55630480.000
2012-02-01,10.90,11.18,10.86,11.02,5132254,57109768.000
2012-02-02,11.02,11.57,10.51,11.57,13669086,154047744.000
2012-02-03,11.75,12.15,11.67,12.15,11907652,143390832.000
2012-02-06,12.45,12.67,11.54,11.54,14360642,171863552.000
2012-02-07,11.08,11.34,10.96,10.96,6393778,70424240.000
2012-02-08,10.66,11.15,10.41,10.79,26378737,281541152.000
2012-02-09,10.59,11.14,10.45,10.61,14288353,153386416.000
2012-02-10,10.45,11.14,10.45,11.14,12618993,137813168.000
2012-02-13,11.50,11.70,11.40,11.70,11976656,139174272.000
2012-02-14,11.98,11.98,11.12,11.12,13771391,157479184.000
2012-02-15,10.85,11.65,10.56,11.28,12732856,141894416.000
2012-02-16,11.06,11.38,10.72,11.00,10178562,111440936.000
2012-02-17,10.97,11.46,10.91,11.21,7123573,79922544.000
2012-02-20,11.37,11.55,11.01,11.32,7115786,80433328.000
2012-02-21,11.16,11.50,10.85,11.30,9466005,105294696.000
2012-02-22,11.20,11.50,11.11,11.25,8105139,91417104.000
2012-02-23,11.15,11.26,10.69,10.69,16838025,182691072.000
2012-02-24,10.58,10.85,10.46,10.67,9905775,105532000.000
2012-02-27,10.58,11.20,10.52,11.20,14228811,157206784.000
2012-02-28,11.40,11.60,11.10,11.18,13120431,148851264.000
2012-02-29,10.93,11.14,10.62,10.78,7998452,86490552.000
2012-03-01,10.74,11.25,10.66,10.96,6043269,66250864.000
2012-03-02,10.96,11.12,10.80,11.08,4868448,53227328.000
2012-03-05,11.14,11.15,10.90,10.94,4900025,53861152.000
2012-03-06,10.97,11.27,10.78,11.14,6571147,72414904.000
2012-03-07,11.10,11.61,10.98,11.00,7727106,87165264.000
2012-03-08,10.84,11.12,10.78,10.95,4251843,46590144.000
2012-03-09,11.00,11.09,10.85,10.97,3237393,35451160.000
2012-03-12,10.99,11.42,10.77,11.34,8549074,95235072.000
2012-03-13,11.28,11.49,11.05,11.12,6255567,69933408.000
2012-03-14,11.13,11.20,10.56,10.65,7690589,83891256.000
2012-03-15,10.57,10.83,10.48,10.67,3985641,42540964.000
2012-03-16,10.71,10.79,10.55,10.70,2652888,28265030.000
2012-03-19,11.20,11.24,11.05,11.24,14241329,159934016.000
2012-03-20,11.29,11.80,11.21,11.79,18487145,216093232.000
2012-03-21,11.81,12.38,11.50,12.38,14347559,174152672.000
2012-03-22,12.63,12.99,11.76,11.76,20006871,249666960.000
2012-03-23,11.17,12.08,11.17,11.38,15753239,179505952.000
2012-03-26,11.22,11.70,10.90,11.04,9651722,108898256.000
2012-03-27,11.01,11.59,11.00,11.59,8339319,94412152.000
2012-03-28,11.75,12.17,11.60,12.09,14388857,172189152.000
2012-03-29,11.85,12.44,11.74,12.28,11089152,134162272.000
2012-03-30,12.30,12.59,11.86,11.89,9637113,117321536.000
2012-04-05,11.88,12.48,11.88,12.48,7315903,90033928.000
2012-04-06,12.98,13.10,12.50,12.82,16289907,210688480.000
2012-04-09,12.97,13.20,12.68,12.89,10375727,134222880.000
2012-04-10,12.93,13.06,12.25,12.25,7873383,97632416.000
2012-04-11,11.99,12.29,11.68,12.05,8179151,97750632.000
2012-04-12,12.03,12.65,11.80,12.65,8530490,104722792.000
2012-04-13,12.75,12.92,12.41,12.46,6953315,87996096.000
2012-04-16,12.45,12.56,12.07,12.18,4712792,57680084.000
2012-04-17,12.19,12.65,12.03,12.30,6283881,77924392.000
2012-04-18,12.28,12.87,12.14,12.51,7239763,91371200.000
2012-04-19,12.34,12.47,12.15,12.31,5504260,67483936.000
2012-04-20,12.31,12.43,11.88,11.94,6512900,79003048.000
2012-04-23,11.80,12.30,11.34,11.34,9426069,109692192.000
2012-04-24,11.11,11.34,10.77,11.21,8129477,88932328.000
2012-04-25,11.12,11.50,11.00,11.20,4770048,53751752.000
2012-04-26,11.12,11.44,11.12,11.24,3838440,43276148.000
2012-04-27,11.30,11.48,11.00,11.37,5283404,59636232.000
2012-05-02,10.80,11.08,10.80,10.81,9064879,98415080.000
2012-05-04,10.57,11.35,10.57,11.29,6132899,68260544.000
2012-05-07,11.24,11.82,11.24,11.50,4574116,52961600.000
2012-05-08,11.50,12.08,11.42,12.08,7618713,91028904.000
2012-05-09,12.20,12.33,11.94,12.08,5066569,61574668.000
2012-05-10,12.01,12.20,11.82,12.17,3528980,42391172.000
2012-05-11,12.39,12.55,12.15,12.20,4455359,54924440.000
2012-05-14,12.29,12.31,11.62,11.86,4717385,55958660.000
2012-05-15,11.61,12.08,11.60,12.02,3164994,37758020.000
2012-05-16,12.01,12.14,11.60,11.73,2949741,34867188.000
2012-05-17,11.75,12.04,11.72,12.02,3060431,36478312.000
2012-05-18,11.96,12.29,11.85,12.02,3760705,45441940.000
2012-05-21,12.02,12.30,11.94,12.04,3532196,42836272.000
2012-05-22,12.12,12.14,11.90,12.07,2001433,24030228.000
2012-05-23,12.01,12.10,11.82,12.05,1795280,21530044.000
2012-05-24,12.04,12.12,11.85,12.08,1702196,20387904.000
2012-05-25,12.05,12.13,11.92,12.10,1831445,21973384.000
2012-05-28,12.02,12.71,12.00,12.50,7839015,97615488.000
2012-05-29,12.40,12.70,12.33,12.54,3998629,50088592.000
2012-05-30,12.46,13.07,12.36,12.88,7503340,96386016.000
2012-05-31,12.88,13.02,12.71,12.73,3367759,43315152.000
2012-06-01,12.76,12.81,12.37,12.47,4232623,53339564.000
2012-06-04,12.25,12.65,12.13,12.28,3574909,44340192.000
2012-06-05,12.29,12.89,12.29,12.89,4999226,63282328.000
2012-06-06,13.00,13.53,12.82,13.43,7429990,98004584.000
2012-06-07,13.39,14.00,13.30,13.64,6911305,94169792.000
2012-06-11,13.58,13.77,13.11,13.27,5310392,71051040.000
2012-06-12,13.24,13.93,13.10,13.93,8339902,115358816.000
2012-06-13,14.03,14.60,13.88,14.15,10416059,148328896.000
2012-06-14,14.16,14.16,13.44,13.44,12033138,163387696.000
2012-06-15,13.40,13.78,13.40,13.57,6559715,88882832.000
2012-06-18,13.60,13.75,13.16,13.64,5159412,69530504.000
2012-06-27,14.15,14.32,13.70,14.32,7867920,111899320.000
2012-06-28,14.66,15.04,14.46,15.04,2756646,41266900.000
2012-06-29,15.21,15.30,14.29,14.47,17176109,253384528.000
2012-07-02,14.61,15.19,14.52,14.76,10850671,162771824.000
2012-07-03,14.60,15.48,14.35,15.08,10818295,162976000.000
2012-07-04,14.33,14.33,14.33,14.33,1463200,20967656.000
2012-07-05,13.61,13.61,13.61,13.61,661700,9005737.000
2012-07-06,12.93,12.93,12.93,12.93,3021600,39069288.000
2012-07-09,12.28,13.18,12.28,12.28,12720893,161367680.000
2012-07-10,11.80,12.16,11.67,11.67,8040269,94697816.000
2012-07-11,11.68,12.09,11.23,11.69,7363713,86535360.000
2012-07-12,11.72,12.04,11.51,12.02,5554246,65597728.000
2012-07-13,12.03,12.62,11.88,12.62,4496710,55411124.000
2012-07-16,12.85,13.19,12.42,12.86,7848961,101136176.000
2012-07-17,12.79,13.35,12.65,13.20,5372927,70137504.000
2012-07-18,13.11,13.26,12.86,13.10,3934992,51175024.000
2012-07-19,13.22,13.75,12.75,13.07,8451816,112102320.000
2012-07-20,13.06,13.16,12.80,13.14,3369736,43594772.000
2012-07-23,12.97,12.97,12.48,12.77,4290801,54548272.000
2012-07-24,12.58,12.99,12.58,12.82,2630021,33714124.000
2012-07-25,13.16,13.16,12.71,12.74,2617090,33719896.000
2012-07-26,12.68,12.93,12.10,12.10,5854316,71404808.000
2012-07-27,11.93,12.15,11.72,12.05,3738971,44631940.000
2012-07-30,11.45,11.45,11.45,11.45,581400,6657030.000
2012-07-31,10.88,10.88,10.88,10.88,593200,6454016.000
2012-08-01,10.34,10.81,10.34,10.34,7667508,80391536.000
2012-08-02,10.34,10.85,10.34,10.73,4641113,49434996.000
2012-08-03,10.73,11.19,10.73,11.18,3643048,40066472.000
2012-08-06,11.03,11.68,11.03,11.58,3186397,36456392.000
2012-08-07,11.61,11.82,11.46,11.49,2888810,33474778.000
2012-08-08,11.45,11.66,11.34,11.57,2203052,25382776.000
2012-08-09,11.48,11.55,11.03,11.43,3501838,39609588.000
2012-08-10,11.40,11.97,11.32,11.64,3382656,39507088.000
2012-08-13,11.54,11.69,11.21,11.52,2444192,27937972.000
2012-08-14,11.86,11.93,11.47,11.81,3031254,35523032.000
2012-08-15,11.64,11.98,11.64,11.83,2005538,23717992.000
2012-08-16,11.79,11.79,11.24,11.25,2606964,29874228.000
2012-08-17,11.22,11.57,11.20,11.52,2249833,25534856.000
2012-08-20,11.28,11.83,11.28,11.72,2120151,24569308.000
2012-08-21,11.98,12.19,11.58,12.14,4123213,48932648.000
2012-08-22,12.12,12.54,11.88,12.35,4514229,55243420.000
2012-08-23,12.40,12.97,12.33,12.96,7055623,89965856.000
2012-08-24,13.05,13.08,12.39,12.48,5185909,65589492.000
2012-08-27,12.35,13.08,12.25,12.82,5645401,72146744.000
2012-08-30,12.40,12.56,11.54,11.57,9238699,110453744.000
2012-08-31,11.47,12.73,11.40,12.55,8513029,105721888.000
2012-09-03,12.40,12.70,12.11,12.29,5304384,65299432.000
2012-09-04,12.30,12.49,12.12,12.29,3252367,39974016.000
2012-09-05,12.28,12.48,12.11,12.28,2740866,33691244.000
2012-09-06,12.36,13.04,12.31,12.76,6161760,78620584.000
2012-09-07,12.76,13.40,12.71,12.78,8105318,105409632.000
2012-09-10,12.70,13.21,12.55,12.95,4634497,59757224.000
2012-09-11,12.90,13.14,12.81,13.00,3577762,46536784.000
2012-09-12,13.00,13.17,12.61,12.86,3786769,48717188.000
2012-09-13,12.92,12.96,12.60,12.61,2476061,31492354.000
2012-09-14,12.78,12.86,12.42,12.67,2748709,34799416.000
2012-09-17,12.66,12.82,12.50,12.68,1889878,23918624.000
2012-09-18,12.69,12.74,12.45,12.54,1515422,19040748.000
2012-09-19,12.51,12.99,12.43,12.94,3609389,46239776.000
2012-09-20,12.85,13.05,12.53,12.58,3174106,40278984.000
2012-09-21,12.51,12.76,12.41,12.46,2328075,29170602.000
2012-09-24,12.35,12.35,11.90,12.23,2578059,31213780.000
2012-09-25,12.19,12.46,12.15,12.31,1842276,22738584.000
2012-09-26,12.05,12.29,11.89,12.09,2090991,25310304.000
2012-09-27,12.85,13.01,12.50,12.60,5542362,70381712.000
2012-09-28,12.56,13.86,12.50,13.86,9659519,129984320.000
2012-10-08,13.60,14.90,13.32,14.23,11880185,167456832.000
2012-10-09,14.03,14.49,14.02,14.32,7235970,103111248.000
2012-10-10,14.54,14.99,14.26,14.30,6893767,100424312.000
2012-10-11,14.08,14.83,14.06,14.29,4904223,71056624.000
2012-10-12,14.29,14.48,13.56,14.04,5141710,71762032.000
2012-10-15,13.90,14.32,13.73,13.91,3905276,54580264.000
2012-10-16,13.87,14.50,13.81,14.47,4388356,62186800.000
2012-10-17,14.39,14.77,14.30,14.60,4040653,58704672.000
2012-10-18,14.98,14.98,14.16,14.42,4111403,59281128.000
2012-10-19,14.38,14.49,14.09,14.30,2545791,36318260.000
2012-10-22,14.13,14.26,13.99,14.21,1815510,25670352.000
2012-10-23,14.25,14.42,13.83,13.87,2683409,37752080.000
2012-10-24,13.80,14.09,13.66,13.93,1945455,27058462.000
2012-10-25,13.93,14.00,13.60,13.69,2075060,28583200.000
2012-10-26,13.70,14.09,12.96,13.48,5069424,68661440.000
2012-10-29,13.30,13.60,13.25,13.36,1540063,20596358.000
2012-10-30,13.33,13.97,13.26,13.92,3521345,48277364.000
2012-10-31,13.92,14.22,13.90,14.00,2623134,36942600.000
2012-11-01,14.00,14.20,13.95,14.01,1784879,25139348.000
2012-11-02,14.00,14.28,14.00,14.17,2293681,32434732.000
2012-11-05,13.93,14.65,13.93,14.42,4314457,62413144.000
2012-11-06,14.38,14.50,14.00,14.15,2337030,33085704.000
2012-11-07,14.13,14.28,13.85,14.06,1906401,26803564.000
2012-11-08,13.93,14.05,13.70,13.80,1936351,26779036.000
2012-11-09,13.80,13.93,13.69,13.78,1229327,16960940.000
2012-11-12,13.80,13.94,13.72,13.87,1444074,19967730.000
2012-11-13,13.87,13.93,13.20,13.44,2138735,28918822.000
2012-11-14,13.45,13.54,12.90,13.17,2612282,34274152.000
2012-11-15,13.17,13.17,12.75,12.78,2004359,25929310.000
2012-11-16,12.61,12.88,12.31,12.82,2523560,31702536.000
2012-11-19,12.75,13.15,12.60,13.13,1735300,22217960.000
2012-11-20,13.09,13.20,12.91,12.96,1278606,16636567.000
2012-11-21,12.75,13.15,12.75,13.06,1618017,21023032.000
2012-11-22,13.01,13.01,12.67,12.72,1084650,13936359.000
2012-11-23,12.79,12.91,12.66,12.75,1105175,14160833.000
2012-11-26,12.75,12.75,12.31,12.41,1620056,20198232.000
2012-11-27,12.33,12.50,12.01,12.14,2176917,26498538.000
2012-11-28,12.08,12.17,11.33,11.46,2854252,33228952.000
2012-11-29,11.46,12.14,11.40,11.77,2486393,29361784.000
2012-11-30,11.75,12.16,11.51,12.09,1922818,22860034.000
2012-12-03,12.09,12.28,11.71,11.77,1605986,19214136.000
2012-12-04,11.68,11.86,11.12,11.78,2313974,26597062.000
2012-12-05,11.78,12.45,11.64,12.32,2845061,34463996.000
2012-12-06,12.21,12.39,12.12,12.30,1623872,19891610.000
2012-12-07,12.23,12.67,12.20,12.54,2333066,29104264.000
2012-12-10,12.40,12.58,12.32,12.47,1832596,22763512.000
2012-12-11,12.50,12.66,12.26,12.53,2069888,25894664.000
2012-12-12,12.53,12.90,12.38,12.68,2196022,27690664.000
2012-12-13,12.66,12.66,12.19,12.23,2756030,34321548.000
2012-12-14,12.24,12.65,12.14,12.56,3105932,38761424.000
2012-12-17,12.48,12.60,12.38,12.51,2490442,31099716.000
2012-12-18,12.42,12.64,12.32,12.45,2075379,25878514.000
2012-12-19,12.43,13.70,12.35,13.70,7195535,95951952.000
2012-12-20,13.51,13.90,13.40,13.49,4852479,66133920.000
2012-12-21,13.55,14.30,13.42,13.94,5179436,72346144.000
2012-12-24,13.71,13.99,13.60,13.92,3107734,42954728.000
2012-12-25,14.28,15.31,14.20,15.31,4833007,72607248.000
2012-12-26,16.25,16.84,15.99,16.44,22517154,372867264.000
2012-12-27,16.60,17.00,16.00,16.61,12661190,209286608.000
2012-12-28,14.95,15.59,14.95,14.95,21845577,328281920.000
2012-12-31,15.02,15.29,14.66,14.79,12111184,181126160.000
2013-01-04,15.00,15.56,14.84,15.20,12042145,183297520.000
2013-01-07,15.00,15.01,14.43,14.72,10078454,147535296.000
2013-01-08,14.68,15.47,14.45,15.39,11310658,168811728.000
2013-01-09,15.21,15.86,15.05,15.50,10653922,164062528.000
2013-01-10,15.33,15.68,15.02,15.23,6071035,92798816.000
2013-01-11,15.27,15.55,15.02,15.12,5623323,85862416.000
2013-01-14,14.95,15.79,14.76,15.40,7947392,122900232.000
2013-01-15,15.35,15.60,15.18,15.43,6231083,95869880.000
2013-01-16,15.31,16.97,15.31,16.97,9664342,156483184.000
2013-01-17,18.20,18.67,17.53,18.08,20366094,370310464.000
2013-01-18,17.68,19.80,17.68,19.21,17214291,328229344.000
2013-01-24,17.50,21.13,17.50,20.98,26130535,523928960.000
2013-01-25,20.88,22.99,20.50,20.98,19369592,419529792.000
2013-01-28,21.00,22.49,20.55,21.49,14252089,306063520.000
2013-01-29,21.20,22.00,20.84,21.58,10436953,224248080.000
2013-01-30,21.66,21.70,19.46,19.58,17448457,354664704.000
2013-01-31,19.65,20.19,19.01,19.56,9516655,186588000.000
2013-02-01,19.29,19.90,19.00,19.40,6984839,136404032.000
2013-02-04,19.99,21.19,19.86,20.36,10836997,221648752.000
2013-02-05,19.71,20.32,19.60,19.93,5691370,113477944.000
2013-02-06,20.00,21.92,19.98,21.92,10677063,226877184.000
2013-02-07,23.24,24.11,22.60,24.11,15861429,375627264.000
2013-02-25,25.00,26.44,23.52,25.68,15673913,390594752.000
2013-02-26,25.11,25.95,23.68,23.72,11234069,277233184.000
2013-02-27,23.77,26.09,23.60,26.09,10550342,264092672.000
2013-02-28,27.20,28.70,26.73,28.00,15244741,426298208.000
2013-03-01,27.70,30.09,27.50,29.17,11999968,345310944.000
2013-03-04,29.00,30.10,28.15,29.73,9586540,281067648.000
2013-03-05,29.31,32.70,29.16,32.70,11709255,374532864.000
2013-03-06,32.30,34.21,30.70,31.35,16879408,544353728.000
2013-03-07,30.85,32.05,28.26,29.47,16742805,498076832.000
2013-03-08,29.48,30.50,27.85,28.93,15065410,438194400.000
2013-03-11,28.52,29.75,28.01,29.22,10977843,317222592.000
2013-03-12,30.20,31.98,29.70,31.20,13357880,413020224.000
2013-03-13,31.01,31.68,28.08,28.08,17028130,496474880.000
2013-03-14,26.77,27.71,25.55,26.24,15792383,421370752.000
2013-03-15,26.10,26.97,25.73,26.30,9999709,264678256.000
2013-03-18,25.68,26.60,25.10,25.71,9119137,235095248.000
2013-03-19,25.88,26.45,24.32,25.02,13212950,332183456.000
2013-03-20,24.98,25.92,24.60,25.56,8621235,218190192.000
2013-03-21,25.30,26.77,25.20,26.28,10817210,282229728.000
2013-03-22,26.27,26.66,23.65,23.65,23779211,583081920.000
2013-03-25,23.36,24.27,23.18,23.92,13286324,316093184.000
2013-03-26,23.92,24.74,23.60,23.80,11629723,280684736.000
2013-03-27,23.36,24.34,22.92,23.89,10691158,253493280.000
2013-03-28,23.69,24.27,23.21,23.67,8530125,203354592.000
2013-03-29,23.50,24.00,21.94,22.41,12513659,284579328.000
2013-04-01,23.05,24.65,22.90,24.65,14012205,338885600.000
2013-04-02,25.20,25.46,23.46,23.61,15222140,374324416.000
2013-04-03,24.06,25.97,24.03,25.95,17749639,454026944.000
2013-04-08,25.79,28.55,25.44,28.55,16926585,460688352.000
2013-04-10,28.30,29.54,27.00,27.96,17476605,493674368.000
2013-04-11,27.69,29.36,26.88,28.24,11545893,324484992.000
2013-04-12,28.50,28.98,27.68,27.81,8863684,250572688.000
2013-04-15,27.50,27.79,25.36,26.08,11915457,313909952.000
2013-04-16,25.35,25.98,24.70,25.93,6917560,176381072.000
2013-04-17,26.00,28.52,25.30,28.52,12947991,351336000.000
2013-04-18,28.98,30.80,28.80,30.02,17347245,515943584.000
2013-04-19,31.20,31.74,30.10,30.18,14580555,449151840.000
2013-04-22,30.14,33.20,29.70,33.20,12285854,392167104.000
2013-04-23,33.70,34.34,32.08,32.69,12537543,414582112.000
2013-04-24,33.92,35.96,33.92,35.96,12748391,454704768.000
2013-04-25,36.01,38.66,34.68,34.83,20160412,736662144.000
2013-04-26,35.60,36.50,34.72,35.72,14299401,508948512.000
2013-05-02,34.60,35.33,32.51,33.07,13602143,457347168.000
2013-05-03,33.11,33.88,32.25,33.39,11895223,395191552.000
2013-05-06,33.59,36.73,33.59,36.73,12047616,428163968.000
2013-05-07,37.35,38.35,36.81,37.83,12348817,464418560.000
2013-05-08,37.50,38.08,36.40,37.82,8585214,320493664.000
2013-05-09,37.88,40.60,34.20,34.40,23003456,853731776.000
2013-05-10,33.50,35.50,32.71,34.56,14018320,478207264.000
2013-05-13,33.80,34.40,33.00,34.17,9781952,329221248.000
2013-05-14,34.00,37.00,33.71,35.51,14063687,503667552.000
2013-05-15,34.85,36.13,34.30,35.66,9089687,320132128.000
2013-05-16,35.66,36.04,34.40,35.48,6765974,239141872.000
2013-05-17,35.18,35.87,34.60,35.19,6836291,240948944.000
2013-05-20,34.00,34.40,32.55,33.15,12551521,418021152.000
2013-05-21,33.10,33.98,32.19,33.41,9359935,310350400.000
2013-05-22,33.30,33.79,32.74,33.30,6328803,210106032.000
2013-05-23,33.59,35.68,33.52,34.61,11352758,396108032.000
2013-05-24,34.30,34.79,33.24,33.97,6816336,231424928.000
2013-05-27,34.30,34.99,33.22,34.38,6948156,237706976.000
2013-05-28,34.40,35.35,34.20,34.62,6523662,227286880.000
2013-05-29,34.46,34.80,33.53,33.96,6864785,233165520.000
2013-05-30,33.50,33.73,32.78,32.89,6992441,231679360.000
2013-05-31,33.22,35.85,33.21,34.52,10727005,375509824.000
2013-06-03,33.88,35.50,33.88,34.72,6207813,216335312.000
2013-06-04,35.71,36.71,34.88,35.25,7504887,267937424.000
2013-06-05,35.67,35.92,34.60,35.19,4676866,164118432.000
2013-06-06,35.13,36.97,34.51,36.66,8189137,293361760.000
2013-06-07,36.65,39.86,36.65,38.62,10805222,418459360.000
2013-06-13,37.95,38.42,35.55,37.07,7166822,265310752.000
2013-06-14,36.94,37.97,35.82,37.60,6469703,237953344.000
2013-06-17,37.35,37.70,34.01,34.23,8550710,308425184.000
2013-06-18,33.50,35.25,33.02,34.41,6654631,228545040.000
2013-06-19,34.42,34.88,34.02,34.59,3496969,120599824.000
2013-06-20,34.65,34.93,32.60,34.53,6430615,217437872.000
2013-06-21,33.35,34.45,33.23,33.77,3047170,103143936.000
2013-06-24,33.68,34.29,30.83,30.95,6395916,208086576.000
2013-06-25,29.92,30.00,27.86,29.39,11308096,323998624.000
2013-06-26,30.45,32.32,29.65,32.30,7973117,247581072.000
2013-06-27,32.52,33.96,31.66,32.46,7455912,246058448.000
2013-06-28,32.30,33.49,30.99,32.19,4617734,148860752.000
2013-07-01,33.05,33.58,32.60,33.33,3595141,118910200.000
2013-07-02,33.32,33.79,32.68,33.60,4707487,156282176.000
2013-07-03,33.80,34.00,32.80,33.42,3629283,121256912.000
2013-07-04,34.00,36.50,33.60,35.54,7392122,261639840.000
2013-07-05,35.10,35.81,32.01,32.43,6708489,233812912.000
2013-07-08,31.80,35.67,31.78,34.48,8219420,283088416.000
2013-07-09,31.55,33.65,31.55,32.36,7951453,259126544.000
2013-07-10,33.85,34.50,33.03,33.99,5774468,195176848.000
2013-07-11,33.70,34.16,32.01,33.61,14074258,466511840.000
2013-07-12,32.98,32.98,30.76,31.18,17112887,539268800.000
数据来源:通达信
