600993 马应龙 日线
      日期	    开盘	    最高	    最低	    收盘	    成交量	    成交额
2007-01-11,5.28,5.52,5.14,5.38,615261,23155680.000
2007-01-12,5.40,5.63,5.33,5.37,836674,31988772.000
2007-01-15,5.45,5.90,5.38,5.88,626011,24752964.000
2007-01-16,5.90,6.20,5.76,6.15,520706,21653608.000
2007-01-17,6.16,6.16,5.76,5.88,751747,31292142.000
2007-01-18,5.80,6.21,5.70,6.14,446154,18244408.000
2007-01-19,6.13,6.34,6.13,6.19,347457,14943211.000
2007-01-22,6.34,6.38,6.13,6.30,507173,21946568.000
2007-01-23,6.30,6.37,5.89,6.12,491662,20706928.000
2007-01-24,6.13,6.19,5.99,6.07,332015,13960053.000
2007-01-25,6.05,6.05,5.43,5.69,386484,15577732.000
2007-01-26,5.56,5.94,5.48,5.85,505906,19940194.000
2007-01-29,5.88,5.96,5.76,5.89,303081,12319619.000
2007-01-30,5.89,6.06,5.88,5.89,300718,12375829.000
2007-01-31,5.91,5.91,5.53,5.56,332357,13194364.000
2007-02-01,5.45,5.68,5.41,5.57,329769,12703067.000
2007-02-02,5.57,5.65,5.51,5.54,254256,9883449.000
2007-02-05,5.54,5.60,5.34,5.39,321138,12102514.000
2007-02-06,5.40,5.46,5.28,5.45,327559,12229175.000
2007-02-07,5.50,5.68,5.50,5.67,402102,15698119.000
2007-02-08,5.67,5.82,5.67,5.75,295766,11820730.000
2007-02-09,5.74,5.89,5.70,5.83,291372,11801538.000
2007-02-12,5.82,5.99,5.82,5.97,208187,8579580.000
2007-02-13,5.98,6.07,5.94,6.06,332408,13784465.000
2007-02-14,6.13,6.19,6.04,6.19,228388,9706794.000
2007-02-15,6.17,6.33,6.17,6.26,303488,13125677.000
2007-02-16,6.26,6.61,6.07,6.52,618966,27022644.000
2007-02-26,6.51,6.60,6.44,6.51,284193,12742667.000
2007-02-27,6.53,6.60,5.82,5.82,557680,23560484.000
2007-02-28,5.76,6.03,5.61,6.01,307522,12471302.000
2007-03-01,6.08,6.08,5.68,5.70,412924,16547009.000
2007-03-02,5.71,5.91,5.68,5.82,197359,7942681.000
2007-03-05,5.85,5.92,5.70,5.84,200000,8058295.000
2007-03-06,5.84,5.90,5.73,5.87,118552,4816126.000
2007-03-07,5.85,6.21,5.85,6.16,240758,10097290.000
2007-03-08,6.16,6.40,6.08,6.31,232491,10134174.000
2007-03-09,6.34,6.36,6.14,6.20,195823,8443271.000
2007-03-12,6.19,6.45,6.16,6.37,270291,11774897.000
2007-03-13,6.43,6.46,6.28,6.45,221944,9784493.000
2007-03-14,6.44,6.44,6.18,6.35,236875,10311007.000
2007-03-15,6.34,6.68,6.30,6.65,466874,21170042.000
2007-03-16,6.66,6.74,6.38,6.49,267582,12026464.000
2007-03-19,6.22,6.60,6.19,6.57,259610,11675465.000
2007-03-20,6.57,7.02,6.55,7.00,311955,14737842.000
2007-03-21,6.99,7.05,6.92,6.96,263758,12654224.000
2007-03-22,6.99,7.07,6.93,7.03,223080,10718796.000
2007-03-23,7.04,7.04,6.58,6.61,502064,23077860.000
2007-03-26,6.47,6.61,6.33,6.59,1107204,49479816.000
2007-03-27,6.60,6.62,6.41,6.57,400850,17960748.000
2007-03-28,6.53,6.72,6.44,6.71,825051,37216804.000
2007-03-29,6.75,6.93,6.68,6.79,555218,26056352.000
2007-03-30,6.79,6.84,6.62,6.64,182000,8357123.000
2007-04-02,6.61,6.77,6.59,6.68,260179,11878391.000
2007-04-03,6.68,6.85,6.68,6.75,234106,10913361.000
2007-04-04,6.75,7.46,6.70,7.46,936097,46346876.000
2007-04-05,7.44,7.44,7.22,7.34,350851,17525548.000
2007-04-06,7.30,7.69,7.22,7.49,305393,15626052.000
2007-04-09,7.53,7.53,7.30,7.36,338244,17160308.000
2007-04-10,7.36,7.40,7.22,7.30,399619,20012284.000
2007-04-11,7.32,7.95,7.32,7.80,550871,28918620.000
2007-04-12,7.84,8.20,7.73,8.17,623243,34131116.000
2007-04-13,8.16,8.22,8.07,8.07,434135,24058432.000
2007-04-16,8.05,8.69,8.05,8.67,356469,20518466.000
2007-04-17,8.69,9.20,8.63,8.90,413885,25055586.000
2007-04-18,9.84,9.84,9.31,9.59,1190658,78208672.000
2007-04-19,9.32,9.38,8.61,8.84,821050,50230100.000
2007-04-20,8.85,9.31,8.85,9.13,538029,33250088.000
2007-04-23,9.23,9.37,8.92,9.23,358799,22124854.000
2007-04-24,9.38,10.19,9.31,10.07,1036500,69447584.000
2007-04-25,10.15,10.15,9.51,9.90,476205,31678356.000
2007-04-26,9.97,10.08,9.78,9.92,232594,15637537.000
2007-04-27,9.99,9.99,9.54,9.59,392931,25742812.000
2007-04-30,9.46,9.81,9.43,9.67,462125,30114140.000
2007-05-08,9.75,10.55,9.75,10.55,629788,43234264.000
2007-05-09,10.51,10.52,10.06,10.39,641209,44582072.000
2007-05-10,10.39,10.54,9.98,10.24,357989,24811752.000
2007-05-11,10.16,10.16,9.76,9.80,423240,28258180.000
2007-05-14,9.54,9.77,9.49,9.61,358775,23369978.000
2007-05-15,9.62,9.76,9.39,9.40,389995,25088528.000
2007-05-16,9.37,9.85,9.29,9.56,468765,30152414.000
2007-05-17,9.56,9.77,9.56,9.69,650850,42481060.000
2007-05-18,9.75,10.19,9.61,10.08,611003,41345704.000
2007-05-22,10.19,10.57,10.05,10.09,547670,37665576.000
2007-05-23,10.15,10.15,9.80,9.93,522345,35107480.000
2007-05-24,9.92,10.03,9.62,9.80,383787,25329252.000
2007-05-25,10.07,10.70,10.07,10.61,1090813,76639488.000
2007-05-28,11.08,11.14,10.70,10.97,857388,62923780.000
2007-05-29,10.92,11.93,10.82,11.92,891290,67302768.000
2007-05-30,10.85,11.78,10.73,10.84,939387,70547392.000
2007-05-31,10.63,11.66,9.92,11.34,601650,36873764.000
2007-06-01,11.34,11.48,10.56,10.57,850663,52148212.000
2007-06-04,10.56,10.56,9.48,9.48,882876,48050868.000
2007-06-05,9.15,9.78,8.89,9.71,782756,40524664.000
2007-06-06,9.69,9.97,9.30,9.78,542352,29785848.000
2007-06-07,9.80,10.71,9.80,10.60,607896,35494568.000
2007-06-08,10.75,11.33,10.75,10.94,553583,33983972.000
2007-06-11,10.94,11.21,10.91,11.13,590106,36344488.000
2007-06-12,11.13,11.40,10.74,11.39,708726,43996696.000
2007-06-13,11.41,11.57,11.32,11.34,543775,34683080.000
2007-06-14,11.12,11.59,11.01,11.03,966226,60792112.000
2007-06-15,11.02,11.48,10.91,11.25,540488,33730380.000
2007-06-18,11.48,12.04,11.33,11.94,958090,62252684.000
2007-06-19,11.98,12.04,11.67,11.77,618926,40719920.000
2007-06-20,11.76,11.97,11.32,11.43,502791,32856464.000
2007-06-21,11.30,11.58,11.25,11.44,395374,25034032.000
2007-06-22,11.43,11.43,10.61,10.93,430263,26505072.000
2007-06-25,11.00,11.01,9.94,10.17,570291,33448110.000
2007-06-26,9.93,10.37,9.72,10.26,351791,19669860.000
2007-06-27,10.29,10.92,10.28,10.87,379698,22556448.000
2007-06-28,10.88,10.88,10.04,10.05,360810,21027972.000
2007-06-29,9.79,10.04,9.63,9.91,326637,18067404.000
2007-07-02,9.94,10.17,9.74,9.96,250822,13979978.000
2007-07-03,9.96,10.80,9.96,10.56,547707,32276240.000
2007-07-04,10.58,10.78,10.32,10.36,230776,13558989.000
2007-07-05,10.19,10.19,9.76,9.81,279030,15638332.000
2007-07-06,9.80,10.32,9.80,10.31,267694,15040926.000
2007-07-09,10.34,10.61,10.34,10.56,288203,16955852.000
2007-07-10,10.56,10.61,10.32,10.36,238545,13924237.000
2007-07-11,10.19,10.52,10.19,10.44,109107,6349028.000
2007-07-12,10.48,10.74,10.34,10.55,183777,10873600.000
2007-07-13,10.67,10.67,10.39,10.53,94798,5558094.000
2007-07-16,10.56,10.65,10.21,10.29,144290,8356365.000
2007-07-17,10.24,10.52,10.06,10.35,103691,5965650.000
2007-07-18,10.37,10.76,10.23,10.61,323999,19134552.000
2007-07-19,10.58,10.72,10.54,10.54,148977,8812335.000
2007-07-20,10.43,10.81,10.41,10.76,302760,18131868.000
2007-07-23,10.78,11.32,10.78,11.30,533219,33320672.000
2007-07-24,11.41,11.76,11.33,11.39,400074,25819376.000
2007-07-25,11.48,11.69,11.30,11.68,301121,19505490.000
2007-07-26,11.68,12.08,11.67,11.97,678117,45030352.000
2007-07-27,11.93,12.97,11.67,12.69,709906,48957072.000
2007-07-30,13.13,13.13,12.38,12.56,1602703,113082240.000
2007-07-31,12.41,12.48,12.06,12.35,838607,57166924.000
2007-08-01,12.38,12.69,12.00,12.02,706819,48405728.000
2007-08-02,12.04,12.50,11.88,12.48,702567,47529136.000
2007-08-03,12.49,12.58,12.24,12.45,797956,54926440.000
2007-08-06,12.41,12.96,12.39,12.70,705847,49755052.000
2007-08-07,12.83,12.83,12.46,12.58,587709,41142412.000
2007-08-08,12.59,12.59,12.19,12.23,515301,35287112.000
2007-08-09,12.03,12.39,12.03,12.15,403478,27309644.000
2007-08-10,12.15,12.58,11.91,12.22,396248,26938044.000
2007-08-13,12.04,12.32,12.03,12.07,378728,25469316.000
2007-08-14,12.15,12.41,12.01,12.30,332317,22588136.000
2007-08-15,12.37,12.40,12.03,12.11,299860,20303132.000
2007-08-16,12.10,12.10,11.71,11.94,321213,21299312.000
2007-08-17,11.89,12.17,11.85,11.93,223021,14837614.000
2007-08-20,12.01,12.41,12.01,12.33,397438,27124136.000
2007-08-21,12.34,12.41,12.19,12.41,535332,36697552.000
2007-08-22,12.40,12.71,12.23,12.57,561852,39299136.000
2007-08-23,12.59,12.70,12.41,12.49,511186,35542968.000
2007-08-24,12.54,13.05,12.50,12.57,1011884,71560608.000
2007-08-27,12.63,12.85,12.02,12.17,852016,58433108.000
2007-08-28,12.17,12.32,11.86,12.03,690888,45996384.000
2007-08-29,12.00,12.22,11.87,12.00,431653,28783856.000
2007-08-30,12.13,12.15,11.93,12.12,309132,20717992.000
2007-08-31,12.15,12.25,12.09,12.13,413821,27963132.000
2007-09-03,12.14,12.59,12.14,12.59,743565,51283564.000
2007-09-04,12.64,12.96,12.24,12.43,683302,48156412.000
2007-09-05,12.43,12.63,12.36,12.47,343369,23811740.000
2007-09-06,12.51,12.74,12.50,12.62,482367,33742776.000
2007-09-07,12.66,12.76,12.02,12.02,603544,41306740.000
2007-09-10,12.02,12.02,11.58,11.88,519648,33883336.000
2007-09-11,11.89,11.95,11.30,11.35,480215,31159152.000
2007-09-12,11.30,11.57,11.12,11.41,381165,23971348.000
2007-09-13,11.41,11.48,11.26,11.41,242943,15421718.000
2007-09-14,11.42,11.85,11.39,11.64,363738,23557716.000
2007-09-17,11.65,11.85,11.48,11.78,442955,28808780.000
2007-09-18,11.85,11.85,11.60,11.67,250575,16269244.000
2007-09-19,11.74,11.74,11.26,11.30,415706,26324604.000
2007-09-20,11.30,11.48,11.22,11.47,294049,18588096.000
2007-09-21,11.43,11.45,11.02,11.07,550617,34188968.000
2007-09-24,11.11,11.26,10.74,10.98,487344,29541504.000
2007-09-25,11.02,11.25,10.85,11.20,321950,19741892.000
2007-09-26,11.21,11.29,10.93,10.97,198094,12297091.000
2007-09-27,10.92,11.17,10.92,11.04,144219,8853411.000
2007-09-28,11.16,11.47,11.08,11.21,541624,33913660.000
2007-10-08,11.46,11.46,11.22,11.25,341465,21493524.000
2007-10-09,11.13,11.27,11.11,11.26,326290,20408194.000
2007-10-10,11.28,11.43,11.28,11.34,574470,36287484.000
2007-10-11,11.35,11.38,10.98,11.05,535981,33190276.000
2007-10-12,11.02,11.02,10.39,10.76,899719,53637256.000
2007-10-15,10.77,10.89,10.41,10.64,533590,31456592.000
2007-10-16,10.72,11.11,10.47,11.05,857217,51300080.000
2007-10-17,11.04,11.04,10.72,10.85,510548,30831492.000
2007-10-18,10.74,10.84,10.54,10.63,348540,20698860.000
2007-10-19,10.72,10.98,10.56,10.72,403664,24278032.000
2007-10-22,10.73,10.80,10.59,10.68,391864,23474908.000
2007-10-23,10.60,10.97,10.60,10.86,357771,21569506.000
2007-10-24,10.86,11.02,10.65,10.73,402540,24451364.000
2007-10-25,10.74,10.74,9.94,10.01,589072,33908516.000
2007-10-26,9.97,10.19,9.54,10.18,390557,21498152.000
2007-10-29,10.56,11.15,10.56,10.72,643343,38794320.000
2007-10-30,10.67,10.83,10.53,10.74,398989,23725348.000
2007-10-31,10.78,11.01,10.74,10.92,485330,29551060.000
2007-11-01,11.08,11.08,10.39,10.54,349078,20888672.000
2007-11-02,10.30,10.52,10.17,10.19,356871,20521000.000
2007-11-05,10.21,10.41,10.09,10.25,257916,14770822.000
2007-11-06,10.26,10.35,10.25,10.29,146904,8458716.000
2007-11-07,10.30,10.47,9.94,10.05,269611,15232251.000
2007-11-08,10.00,10.00,9.57,9.57,369556,20144712.000
2007-11-09,9.53,9.81,9.35,9.54,340734,18211264.000
2007-11-12,9.41,9.42,8.95,9.20,324160,16687190.000
2007-11-13,9.39,9.39,9.17,9.26,232146,12100176.000
2007-11-14,9.35,9.59,9.19,9.58,263692,13916646.000
2007-11-15,9.63,9.63,9.28,9.31,253732,13389378.000
2007-11-16,9.19,9.19,8.95,9.16,351908,17893628.000
2007-11-19,9.16,9.36,9.11,9.33,250868,13090537.000
2007-11-20,9.26,9.69,9.17,9.61,737682,39539224.000
2007-11-21,9.71,9.78,9.26,9.35,414427,22042096.000
2007-11-22,9.26,9.34,9.01,9.07,407887,20879032.000
2007-11-23,9.01,9.13,8.96,9.13,292612,14896114.000
2007-11-26,9.15,9.35,9.08,9.09,283734,14670293.000
2007-11-27,9.04,9.16,9.02,9.05,208133,10616182.000
2007-11-28,9.13,9.16,8.95,8.95,185061,9391930.000
2007-11-29,9.11,9.25,8.71,9.24,521973,26410718.000
2007-11-30,9.21,9.35,9.08,9.10,357425,18445064.000
2007-12-03,9.07,9.13,8.80,9.05,124531,6321952.000
2007-12-04,9.13,9.17,9.04,9.05,147130,7515359.000
2007-12-05,9.06,9.22,8.99,9.18,198866,10222773.000
2007-12-06,9.19,9.32,9.19,9.29,260626,13556742.000
2007-12-07,9.30,9.55,9.30,9.53,348651,18405056.000
2007-12-10,9.37,9.86,9.34,9.82,587068,32026748.000
2007-12-11,9.82,9.94,9.82,9.89,522659,28877874.000
2007-12-12,9.85,10.56,9.78,10.47,986693,56767152.000
2007-12-13,10.47,10.89,9.97,10.04,903188,53135792.000
2007-12-14,9.91,10.45,9.82,10.43,396172,22373394.000
2007-12-17,10.52,10.84,10.45,10.54,564220,33527484.000
2007-12-18,10.56,10.57,10.20,10.23,186984,10797777.000
2007-12-19,10.32,10.50,10.30,10.35,220831,12800796.000
2007-12-20,10.41,10.67,10.26,10.52,289337,17046852.000
2007-12-21,10.48,10.97,10.47,10.95,706188,42459208.000
2007-12-24,11.02,11.42,11.02,11.05,739980,46214160.000
2007-12-25,11.08,11.43,10.96,11.42,724428,45584504.000
2007-12-26,11.42,11.67,11.42,11.56,434131,27990036.000
2007-12-27,11.58,11.76,11.42,11.44,593880,38131056.000
2007-12-28,11.44,11.63,11.30,11.48,428273,27384662.000
2008-01-02,11.48,12.08,11.48,12.02,736322,48780480.000
2008-01-03,11.95,11.95,11.67,11.80,779273,51072268.000
2008-01-04,11.82,11.82,11.30,11.62,907805,58131564.000
2008-01-07,11.61,11.78,11.45,11.67,567157,36680304.000
2008-01-08,11.85,11.85,11.29,11.39,709781,45662892.000
2008-01-09,11.30,11.53,11.27,11.53,435571,27779140.000
2008-01-10,11.58,11.65,11.42,11.44,488292,31266228.000
2008-01-11,11.43,11.54,11.26,11.50,549925,34862368.000
2008-01-14,11.49,11.94,11.49,11.92,924264,60945656.000
2008-01-15,11.95,13.14,11.95,13.14,2859014,203142544.000
2008-01-16,13.15,14.08,12.60,13.30,2841376,213566608.000
2008-01-17,13.37,14.41,13.34,14.05,2993894,229750192.000
2008-01-18,14.08,14.08,12.94,13.24,1377772,102529744.000
2008-01-21,13.15,13.34,12.32,12.38,1412948,100123552.000
2008-01-22,12.19,12.19,11.11,11.19,1751480,112065392.000
2008-01-23,11.22,12.35,11.22,12.35,1563866,102984720.000
2008-01-24,12.62,13.33,12.54,12.82,1593191,114692624.000
2008-01-25,12.83,12.83,12.37,12.42,966558,67216184.000
2008-01-28,12.30,12.30,11.18,11.30,1037192,67047400.000
2008-01-29,11.43,11.83,11.33,11.63,684055,44263672.000
2008-01-30,11.82,11.95,11.32,11.63,565575,36714888.000
2008-01-31,11.67,11.67,11.13,11.15,406613,25826928.000
2008-02-01,10.97,11.24,10.06,10.51,724986,43027792.000
2008-02-04,10.84,11.60,10.84,11.60,824447,52129516.000
2008-02-05,11.67,11.95,11.30,11.69,616914,40159064.000
2008-02-13,11.45,11.63,11.30,11.45,362647,23174084.000
2008-02-14,11.59,11.85,11.46,11.76,487147,31712880.000
2008-02-15,11.67,11.67,11.46,11.51,336611,21572068.000
2008-02-18,11.59,12.22,11.59,11.85,791950,52572448.000
2008-02-19,11.88,12.22,11.88,12.10,625013,41927408.000
2008-02-20,12.12,12.32,11.87,11.94,635467,42620084.000
2008-02-21,11.90,12.00,11.49,11.68,488544,31951200.000
2008-02-22,11.67,11.67,11.11,11.37,619831,39284952.000
2008-02-25,11.23,11.60,11.11,11.12,323878,20404418.000
2008-02-26,11.45,11.53,10.93,11.25,403693,25225262.000
2008-02-27,11.29,11.48,11.15,11.42,282689,17939972.000
2008-02-28,11.42,11.57,11.30,11.47,248822,15882517.000
2008-02-29,11.49,11.95,11.41,11.90,549701,36013104.000
2008-03-03,11.90,12.41,11.67,12.39,781096,53177752.000
2008-03-04,12.39,12.59,11.95,12.04,669043,45518440.000
2008-03-05,11.98,13.28,11.98,13.02,1707296,119918488.000
2008-03-06,12.84,13.19,12.60,12.88,1027170,73318104.000
2008-03-07,12.78,13.08,12.23,12.39,836691,58522464.000
2008-03-10,11.31,11.64,11.12,11.12,1517570,95643024.000
2008-03-11,10.73,11.11,10.06,10.81,1098162,64515648.000
2008-03-12,11.03,11.11,10.19,10.23,757510,44855688.000
2008-03-13,10.04,10.27,9.59,9.62,729356,40567548.000
2008-03-14,9.80,9.82,9.48,9.70,417258,22638608.000
2008-03-17,9.63,9.65,8.89,8.94,653933,33948448.000
2008-03-18,8.85,9.07,8.01,8.12,906878,42660080.000
2008-03-19,8.24,8.70,7.98,8.50,730570,34495412.000
2008-03-20,8.45,8.83,7.82,8.67,895869,42561320.000
2008-03-21,8.70,8.92,8.52,8.75,598344,29455776.000
2008-03-24,8.87,9.08,8.35,8.38,542514,26639130.000
2008-03-25,8.22,8.48,8.00,8.32,498385,23029442.000
2008-03-26,8.32,8.59,8.24,8.30,368639,17441844.000
2008-03-27,8.30,8.30,7.61,7.70,614953,27468302.000
2008-03-28,7.41,7.97,7.32,7.95,630236,27376026.000
2008-03-31,7.51,7.76,7.41,7.54,364769,15670880.000
2008-04-01,7.54,7.67,6.95,6.99,489545,19931380.000
2008-04-02,7.04,7.22,6.67,6.85,419335,16512678.000
2008-04-03,6.85,7.15,6.71,7.11,386854,15361303.000
2008-04-07,7.11,7.86,6.85,7.86,790032,34219360.000
2008-04-08,7.87,8.34,7.87,8.30,945482,43893728.000
2008-04-09,8.33,8.33,7.69,7.74,564356,25578574.000
2008-04-10,7.59,7.90,7.50,7.90,326268,14275621.000
2008-04-11,7.97,8.07,7.91,7.97,252103,11388442.000
2008-04-14,7.89,7.89,7.35,7.37,324612,13853614.000
2008-04-15,7.17,7.52,7.17,7.49,271036,11283042.000
2008-04-16,7.49,7.56,7.24,7.33,200594,8359176.000
2008-04-17,7.45,7.49,6.90,7.00,297011,12030742.000
2008-04-18,6.83,7.00,6.65,6.66,483711,18647460.000
2008-04-21,7.34,7.34,6.54,6.75,495083,19412568.000
2008-04-22,6.65,6.65,6.11,6.47,467355,17047808.000
2008-04-23,6.42,6.82,6.30,6.81,508730,19302462.000
2008-04-24,7.46,7.53,7.04,7.53,1696978,71443088.000
2008-04-25,7.52,7.52,6.95,7.09,1684073,69381160.000
2008-04-28,6.89,6.89,6.39,6.62,1059618,39931152.000
2008-04-29,6.54,6.94,6.48,6.87,637684,24602050.000
2008-04-30,6.91,7.15,6.87,7.14,683326,27548824.000
2008-05-05,7.23,7.78,7.23,7.77,910519,38773288.000
2008-05-06,7.73,7.73,7.44,7.51,795249,33955060.000
2008-05-07,7.43,7.70,7.14,7.17,645759,27356404.000
2008-05-08,7.15,7.57,7.09,7.57,479557,20069530.000
2008-05-09,7.69,7.78,7.32,7.46,524489,22364896.000
2008-05-12,7.40,7.96,7.22,7.92,937106,40771688.000
2008-05-13,7.62,8.75,7.59,8.75,3000975,144136816.000
2008-05-14,9.63,9.63,9.00,9.44,4504774,237799712.000
2008-05-15,8.89,9.44,8.89,9.04,955938,49372248.000
2008-05-19,9.11,9.64,9.11,9.33,936523,49827404.000
2008-05-20,9.32,9.32,8.68,8.71,828341,41948368.000
2008-05-21,8.48,9.21,8.02,9.03,964603,46980524.000
2008-05-22,8.89,9.26,8.61,8.68,532300,26808478.000
2008-05-23,8.68,8.87,8.52,8.52,440025,21381984.000
2008-05-26,8.37,8.37,7.87,7.88,637474,29180272.000
2008-05-27,7.78,8.16,7.74,8.02,316817,14367966.000
2008-05-28,8.14,8.34,8.06,8.23,370474,17094228.000
2008-05-29,8.34,8.48,7.87,8.03,616228,28533600.000
2008-05-30,8.03,8.15,7.71,7.85,486531,21615272.000
2008-06-02,7.97,7.97,7.67,7.80,402499,17728816.000
2008-06-03,7.81,7.96,7.76,7.86,419239,18561324.000
2008-06-04,7.91,7.91,7.33,7.35,251750,7035400.000
2008-06-05,7.22,7.22,6.71,6.75,843641,21889504.000
2008-06-06,6.77,6.91,6.63,6.72,390900,9969436.000
2008-06-10,6.49,6.49,6.02,6.02,737246,17038806.000
2008-06-11,5.94,5.94,5.55,5.68,720465,15630937.000
2008-06-12,5.68,5.80,5.56,5.70,557002,12031430.000
2008-06-13,5.71,5.83,5.38,5.39,508522,10800574.000
2008-06-16,5.44,5.45,5.02,5.12,992769,19507346.000
2008-06-17,5.10,5.16,4.58,4.58,965756,17832450.000
2008-06-18,4.52,5.07,4.32,5.06,1849654,33594928.000
2008-06-19,4.91,4.97,4.53,4.53,1010053,18410072.000
2008-06-20,4.55,4.80,4.11,4.45,916643,16013859.000
2008-06-23,4.45,4.49,4.27,4.41,441451,7509157.000
2008-06-24,4.41,4.86,4.40,4.69,820046,14576704.000
2008-06-25,4.71,5.10,4.70,5.05,1065560,20375460.000
2008-06-26,5.06,5.42,5.05,5.40,1336821,26932582.000
2008-06-27,5.24,5.24,4.84,4.89,1262190,24274684.000
2008-06-30,4.83,5.05,4.61,4.99,639500,11915441.000
2008-07-01,4.99,5.02,4.84,4.86,350399,6597023.000
2008-07-02,5.09,5.09,4.86,4.98,393839,7495325.000
2008-07-03,4.96,5.38,4.83,5.30,1058906,21035728.000
2008-07-04,5.24,5.59,5.24,5.52,1021366,21023884.000
2008-07-07,5.56,5.94,5.56,5.80,1193968,26441168.000
2008-07-08,5.88,5.96,5.67,5.84,917478,20270154.000
2008-07-09,5.88,5.94,5.80,5.91,823621,18352696.000
2008-07-10,5.81,6.11,5.72,5.81,919075,20758240.000
2008-07-11,5.75,5.91,5.75,5.81,976158,21526392.000
2008-07-14,5.80,6.13,5.80,6.12,988551,22563452.000
2008-07-15,6.21,6.32,5.94,6.01,1085511,25249864.000
2008-07-16,5.94,5.94,5.41,5.46,1024713,21904456.000
2008-07-17,5.55,5.86,5.46,5.50,900758,19370112.000
2008-07-18,5.65,5.66,5.34,5.63,639568,13406945.000
2008-07-21,5.65,6.07,5.65,6.06,651731,14426354.000
2008-07-22,6.07,6.31,6.07,6.15,995091,23321298.000
2008-07-23,6.05,6.26,5.93,5.98,602926,13731983.000
2008-07-24,6.02,6.16,5.96,6.06,440214,10068460.000
2008-07-25,6.01,6.08,5.87,6.01,558884,12603151.000
2008-07-28,6.10,6.63,6.08,6.49,1655809,39896848.000
2008-07-29,6.38,6.49,6.28,6.39,763304,18401928.000
2008-07-30,6.44,6.63,6.26,6.29,720662,17334498.000
2008-07-31,6.32,6.33,5.97,5.98,470025,10797401.000
2008-08-01,5.94,6.11,5.74,6.08,477042,10754141.000
2008-08-04,6.04,6.04,5.77,5.80,369767,8310466.000
2008-08-05,5.80,5.90,5.44,5.45,493666,10554627.000
2008-08-06,5.55,5.65,5.45,5.53,329385,6939482.000
2008-08-07,5.58,5.65,5.40,5.55,293460,6168848.000
2008-08-08,5.45,5.62,4.97,5.09,401070,8066685.000
2008-08-11,5.09,5.09,4.77,4.84,534881,9968001.000
2008-08-12,4.76,4.98,4.70,4.83,610446,11363091.000
2008-08-13,4.83,5.06,4.69,5.06,663075,12563808.000
2008-08-14,5.15,5.20,5.03,5.16,307069,6005844.000
2008-08-15,5.16,5.38,5.08,5.24,351650,7068342.000
2008-08-18,5.25,5.40,4.96,5.16,484728,9635193.000
2008-08-19,5.16,5.26,4.99,5.17,315360,6236369.000
2008-08-20,5.13,5.61,5.13,5.59,597290,12451139.000
2008-08-21,5.49,5.58,5.27,5.28,392414,8073920.000
2008-08-22,5.24,5.35,5.08,5.13,265715,5245994.000
2008-08-25,5.13,5.18,4.99,5.09,256294,5002343.000
2008-08-26,4.97,5.05,4.85,4.95,468373,8860002.000
2008-08-27,4.83,5.06,4.83,4.96,150585,2849524.000
2008-08-28,4.90,5.02,4.90,4.97,103110,1964206.000
2008-08-29,4.97,5.20,4.97,5.14,185262,3619711.000
2008-09-01,5.13,5.13,4.96,4.97,133891,2572114.000
2008-09-02,4.91,5.02,4.91,4.98,95913,1817359.000
2008-09-03,4.92,4.99,4.91,4.95,144240,2732377.000
2008-09-04,4.92,5.01,4.86,4.92,117201,2206584.000
2008-09-05,4.83,4.85,4.74,4.75,261537,4780900.000
2008-09-08,4.74,4.74,4.25,4.25,524538,8928656.000
2008-09-09,4.27,4.40,4.24,4.35,194492,3262909.000
2008-09-10,4.38,4.54,4.35,4.49,221734,3807458.000
2008-09-11,4.49,4.62,4.41,4.49,183050,3196507.000
2008-09-12,4.45,4.55,4.45,4.51,173262,3006221.000
2008-09-16,4.54,4.62,4.37,4.61,458734,7966222.000
2008-09-17,4.60,4.65,4.50,4.52,338273,5973395.000
2008-09-18,4.27,4.62,4.24,4.60,620279,10776042.000
2008-09-19,5.10,5.10,4.96,5.10,556970,10821183.000
2008-09-22,5.44,5.64,5.10,5.23,1339296,27377624.000
2008-09-23,4.99,5.10,4.77,4.82,537525,10093520.000
2008-09-24,4.81,4.81,4.63,4.78,393453,7117882.000
2008-09-25,4.82,5.02,4.81,4.93,376475,7086652.000
2008-09-26,4.97,4.99,4.82,4.96,789955,14944925.000
2008-10-06,4.98,5.16,4.83,4.96,432885,8239355.000
2008-10-07,4.89,4.96,4.76,4.88,215444,4019775.000
2008-10-08,4.88,4.88,4.68,4.73,255897,4661047.000
2008-10-09,4.82,4.85,4.74,4.75,209586,3847042.000
2008-10-10,4.55,4.65,4.41,4.46,274002,4763128.000
2008-10-13,4.45,4.61,4.24,4.56,300225,5074562.000
2008-10-14,4.65,4.74,4.33,4.35,279200,4931197.000
2008-10-15,4.35,4.53,4.31,4.41,246449,4198008.000
2008-10-16,4.40,4.49,4.27,4.49,447366,7536502.000
2008-10-17,4.44,4.94,4.44,4.84,839984,15248625.000
2008-10-20,4.81,4.85,4.65,4.85,401622,7346181.000
2008-10-21,4.90,5.13,4.76,4.80,749777,14293091.000
2008-10-22,4.75,4.75,4.63,4.68,286737,5157382.000
2008-10-23,4.60,4.76,4.55,4.74,189439,3403682.000
2008-10-24,4.74,4.78,4.68,4.74,317734,5777189.000
2008-10-27,4.69,4.69,4.39,4.41,438510,7582259.000
2008-10-28,4.40,4.48,4.28,4.47,423195,7172779.000
2008-10-29,4.55,4.55,4.35,4.35,305484,5206903.000
2008-10-30,4.48,4.48,4.31,4.41,237981,4040460.000
2008-10-31,4.45,4.45,4.37,4.40,116281,1974742.000
2008-11-03,4.40,4.45,4.40,4.40,132191,2252387.000
2008-11-04,4.40,4.49,4.35,4.47,466845,7924579.000
2008-11-05,4.51,4.63,4.48,4.54,288426,5068082.000
2008-11-06,4.50,4.62,4.44,4.59,304917,5321970.000
2008-11-07,4.53,4.74,4.49,4.70,326351,5848294.000
2008-11-10,4.76,4.96,4.69,4.96,569193,10597610.000
2008-11-11,4.96,4.96,4.76,4.77,425760,7928499.000
2008-11-12,4.69,4.81,4.65,4.80,390975,7103712.000
2008-11-13,4.79,5.05,4.69,4.99,856426,16092632.000
2008-11-14,4.99,5.40,4.99,5.38,2823433,56358316.000
2008-11-17,5.41,5.62,5.36,5.46,1072626,22427284.000
2008-11-18,5.41,5.49,5.11,5.25,1551837,31291854.000
2008-11-19,5.19,5.55,5.03,5.55,840034,17062320.000
2008-11-20,5.46,5.55,5.30,5.40,778673,15985860.000
2008-11-21,5.19,5.47,5.16,5.32,753667,15090593.000
2008-11-24,5.31,5.63,5.24,5.55,1575924,33172508.000
2008-11-25,5.57,5.69,5.33,5.46,790595,16615684.000
2008-11-26,5.46,5.46,5.19,5.28,572065,11511497.000
2008-11-27,5.58,5.66,5.33,5.36,1232697,25467052.000
2008-11-28,5.27,5.37,5.19,5.21,462370,9358900.000
2008-12-01,5.19,5.33,5.08,5.30,428660,8526956.000
2008-12-02,5.21,5.35,5.16,5.31,495579,9984362.000
2008-12-03,5.37,5.51,5.32,5.49,703526,14616269.000
2008-12-04,5.52,5.66,5.51,5.52,1208369,25680534.000
2008-12-05,5.48,5.58,5.40,5.55,819561,17107716.000
2008-12-08,5.66,5.71,5.55,5.66,1662911,35579372.000
2008-12-09,5.66,5.79,5.60,5.72,1353586,29260456.000
2008-12-10,5.79,5.79,5.55,5.71,906983,19563340.000
2008-12-11,5.73,5.76,5.47,5.50,908841,19337584.000
2008-12-12,5.44,5.44,5.23,5.34,745138,15057230.000
2008-12-15,5.38,5.43,5.12,5.27,1210956,24160222.000
2008-12-16,5.27,5.37,5.12,5.33,682618,13602839.000
2008-12-17,5.37,5.88,5.24,5.83,2959690,63780280.000
2008-12-18,5.85,6.27,5.73,6.18,3527306,80571752.000
2008-12-19,6.38,6.38,6.08,6.24,2321360,54337164.000
2008-12-22,6.24,6.44,6.08,6.37,1923583,45269336.000
2008-12-23,6.33,6.49,6.25,6.32,2320384,55476880.000
2008-12-24,6.24,6.51,6.05,6.22,1697164,40424472.000
2008-12-25,6.19,6.71,6.19,6.68,2312478,56656872.000
2008-12-26,6.68,6.90,6.51,6.68,1563857,39686308.000
2008-12-29,6.60,6.66,6.24,6.64,928543,22626696.000
2008-12-30,6.63,6.80,6.44,6.61,803249,20069324.000
2008-12-31,6.61,6.62,6.35,6.40,780864,19135348.000
2009-01-05,6.50,6.51,6.25,6.34,763129,18323116.000
2009-01-06,6.30,6.52,6.26,6.49,732591,17677128.000
2009-01-07,6.49,6.76,6.46,6.65,1231358,30837990.000
2009-01-08,6.54,7.18,6.52,7.03,1677253,43715612.000
2009-01-09,7.03,7.19,6.94,6.99,977987,26136144.000
2009-01-12,6.99,7.12,6.85,6.99,650827,17157592.000
2009-01-13,6.88,6.99,6.53,6.70,1013099,25759012.000
2009-01-14,6.58,6.83,6.53,6.77,1088237,27609024.000
2009-01-15,6.76,6.87,6.59,6.80,665099,16902916.000
2009-01-16,6.79,6.87,6.62,6.67,797067,20227492.000
2009-01-19,6.67,6.78,6.41,6.47,723438,17918716.000
2009-01-20,6.48,6.61,6.35,6.55,522729,12855270.000
2009-01-21,6.55,6.71,6.49,6.63,574617,14372110.000
2009-01-22,6.71,6.87,6.60,6.75,910151,23135154.000
2009-01-23,6.75,6.75,6.28,6.38,1409699,34660344.000
2009-02-02,6.44,6.51,6.39,6.49,568043,13840628.000
2009-02-03,6.55,6.74,6.43,6.66,1320256,32859932.000
2009-02-04,6.74,6.85,6.66,6.70,1038706,26284386.000
2009-02-05,6.68,6.76,6.35,6.50,1636801,40591956.000
2009-02-06,6.46,6.66,6.46,6.64,1478223,36670660.000
2009-02-09,6.68,6.97,6.62,6.96,3300607,84286536.000
2009-02-10,6.98,7.05,6.77,6.98,2162392,56156152.000
2009-02-11,6.90,7.26,6.80,7.00,2387341,63347580.000
2009-02-12,7.02,7.52,7.02,7.51,3310564,90372168.000
2009-02-13,7.52,7.57,7.35,7.50,2002954,55899088.000
2009-02-16,7.55,7.58,7.13,7.33,2690748,74358560.000
2009-02-17,7.25,7.32,7.04,7.08,1964474,52795332.000
2009-02-18,6.99,7.15,6.80,6.82,1368605,36030588.000
2009-02-19,6.84,6.95,6.71,6.87,1385400,35454420.000
2009-02-20,6.78,6.98,6.77,6.98,974488,25217042.000
2009-02-23,6.91,7.22,6.86,7.18,1365743,36563792.000
2009-02-24,7.13,7.13,6.66,6.68,1772623,45954824.000
2009-02-25,6.73,6.81,6.54,6.69,1234412,31021076.000
2009-02-26,6.69,6.96,6.41,6.61,1541042,39299872.000
2009-02-27,6.61,6.71,6.08,6.22,1026850,24818890.000
2009-03-02,6.11,6.28,6.04,6.27,643974,15096560.000
2009-03-03,6.08,6.45,6.05,6.32,725408,17336296.000
2009-03-04,6.41,6.63,6.38,6.60,1472193,36057576.000
2009-03-05,6.76,6.76,6.42,6.52,1061289,26288484.000
2009-03-06,6.35,6.41,6.21,6.31,1833451,43624748.000
2009-03-09,6.32,6.41,6.15,6.20,808657,19156484.000
2009-03-10,6.16,6.30,6.15,6.27,381801,8961760.000
2009-03-11,6.38,6.40,6.20,6.24,533068,12687703.000
2009-03-12,6.26,6.29,6.16,6.29,347165,8178095.000
2009-03-13,6.32,6.46,6.28,6.33,625383,15054709.000
2009-03-16,6.35,6.40,6.25,6.36,361415,8629375.000
2009-03-17,6.36,6.54,6.35,6.51,988633,24103248.000
2009-03-18,6.53,6.71,6.53,6.60,936049,23389888.000
2009-03-19,6.60,6.66,6.55,6.66,918551,22866744.000
2009-03-20,6.66,6.66,6.49,6.55,819560,20268648.000
2009-03-23,6.55,6.63,6.50,6.61,843008,20930004.000
2009-03-24,6.69,6.82,6.62,6.81,1268701,32073006.000
2009-03-25,6.79,6.98,6.63,6.64,1293534,33386956.000
2009-03-26,6.59,6.69,6.44,6.63,1422437,35071460.000
2009-03-27,6.65,6.70,6.55,6.58,1070628,26683836.000
2009-03-30,6.60,6.68,6.57,6.59,831801,20731140.000
2009-03-31,6.48,6.60,6.43,6.60,710275,17482534.000
2009-04-01,6.62,6.90,6.59,6.84,1740302,44319440.000
2009-04-02,6.85,7.24,6.85,7.20,2794790,74542272.000
2009-04-03,7.30,7.96,7.18,7.95,4957322,139765152.000
2009-04-07,7.96,7.96,7.71,7.73,3255058,95209600.000
2009-04-08,7.61,7.91,7.58,7.62,2789684,81178592.000
2009-04-09,7.54,7.75,7.54,7.73,1742357,49980248.000
2009-04-10,7.74,8.42,7.66,8.26,3022092,91468072.000
2009-04-13,8.29,8.43,8.16,8.28,1902914,59016664.000
2009-04-14,8.28,8.30,8.02,8.16,1700065,51590456.000
2009-04-15,8.08,8.33,8.08,8.32,1572869,48227472.000
2009-04-16,8.27,8.87,8.27,8.68,1830125,58142292.000
2009-04-17,8.65,9.24,8.65,8.95,2174843,73319800.000
2009-04-20,8.99,9.20,8.80,9.13,1354022,45102240.000
2009-04-21,8.99,9.25,8.87,9.18,1370546,46226396.000
2009-04-22,9.16,9.69,8.74,8.80,2524159,87844432.000
2009-04-23,8.75,8.97,8.44,8.75,2459398,80067384.000
2009-04-24,8.81,9.41,8.81,9.18,2887571,97996416.000
2009-04-27,9.41,9.41,8.38,8.41,3945504,130454504.000
2009-04-28,8.36,8.71,8.13,8.58,2464135,78350048.000
2009-04-29,8.63,8.76,8.37,8.57,2153756,68837952.000
2009-04-30,8.60,8.98,8.60,8.79,2380249,78274512.000
2009-05-04,8.88,9.21,8.88,9.18,2106763,71643560.000
2009-05-05,9.30,9.41,9.05,9.08,2427437,82983288.000
2009-05-06,9.08,9.21,8.99,9.14,2097725,70987008.000
2009-05-07,9.15,9.16,8.76,8.90,2168365,72409160.000
2009-05-08,9.02,9.41,8.95,9.13,2919074,99559760.000
2009-05-11,9.27,9.32,8.96,9.05,2680943,90891640.000
2009-05-12,8.90,9.13,8.86,9.05,1418132,47389036.000
2009-05-13,9.04,9.19,9.02,9.12,1463368,49738912.000
2009-05-14,9.09,9.65,9.04,9.55,3164876,109450072.000
2009-05-15,9.58,10.18,9.42,9.66,3785554,138164064.000
2009-05-18,9.60,9.82,9.24,9.70,1993877,70875576.000
2009-05-19,9.74,9.96,9.64,9.70,1741831,63245192.000
2009-05-20,9.74,9.78,9.47,9.50,1669304,59505796.000
2009-05-21,9.51,9.61,9.26,9.28,1907697,66668112.000
2009-05-22,9.13,9.45,9.13,9.35,894603,30982332.000
2009-05-25,9.16,9.41,9.13,9.35,1027783,35561792.000
2009-05-26,9.41,9.66,9.41,9.44,1121100,39731636.000
2009-05-27,9.48,9.58,9.41,9.51,817222,28847666.000
2009-06-02,9.80,9.81,9.50,9.56,1834402,65810160.000
2009-06-03,9.60,9.65,9.43,9.50,1229110,43315096.000
2009-06-04,9.47,9.68,9.43,9.61,1163037,41356344.000
2009-06-05,9.61,10.13,9.61,10.06,2956178,108987888.000
2009-06-08,10.26,11.10,10.26,11.10,8124483,328988544.000
2009-06-09,11.22,11.51,10.77,11.11,3930906,161985200.000
2009-06-10,11.07,11.13,10.63,11.05,3612185,144660272.000
2009-06-11,10.94,11.77,10.74,11.13,5231513,215460608.000
2009-06-12,11.17,11.42,10.77,11.04,2499813,57263376.000
2009-06-15,10.82,11.72,10.22,11.29,6847959,152305392.000
2009-06-16,10.97,11.67,10.71,10.88,12794789,286753376.000
2009-06-17,10.72,10.75,10.38,10.58,4936617,107009560.000
2009-06-18,10.59,10.69,10.40,10.58,3995291,86604872.000
2009-06-19,10.67,11.02,10.61,10.80,5814498,129601280.000
2009-06-22,11.02,11.07,10.57,10.66,4308265,95090704.000
2009-06-23,10.49,10.82,10.39,10.59,2719962,59433480.000
2009-06-24,10.60,10.79,10.56,10.70,2711802,59336928.000
2009-06-25,10.77,10.82,10.67,10.71,2640277,58103884.000
2009-06-26,10.74,11.05,10.74,10.79,4501287,100308000.000
2009-06-29,10.82,10.94,10.63,10.70,3490006,76685448.000
2009-06-30,10.72,10.79,10.62,10.68,2467535,54004520.000
2009-07-01,10.68,10.68,10.53,10.64,2989616,65042352.000
2009-07-02,10.67,10.97,10.63,10.97,4751427,104976088.000
2009-07-03,10.91,11.21,10.82,11.09,5675462,128966976.000
2009-07-06,11.08,11.17,10.83,11.01,4190267,94535344.000
2009-07-07,11.03,12.13,10.90,11.83,8680698,204482416.000
2009-07-08,11.85,11.92,11.57,11.79,5302956,127292672.000
2009-07-09,11.79,12.73,11.79,12.50,7320510,186026240.000
2009-07-10,12.47,12.72,12.24,12.46,4617543,117945376.000
2009-07-13,12.46,12.51,12.26,12.30,4141267,104476560.000
2009-07-14,12.32,12.44,12.26,12.33,3223570,81262496.000
2009-07-15,12.39,12.47,12.23,12.26,3996326,100765040.000
2009-07-16,12.26,12.35,12.00,12.03,4113014,101942856.000
2009-07-17,11.97,12.31,11.88,12.11,3033794,75301912.000
2009-07-20,12.11,12.71,12.03,12.47,5178665,132005736.000
2009-07-21,12.47,12.59,12.03,12.07,4082453,102356088.000
2009-07-22,12.07,12.29,11.97,12.19,2585971,64610540.000
2009-07-23,12.17,12.19,12.03,12.17,2419007,59902756.000
2009-07-24,12.24,12.56,12.07,12.28,3603522,90715360.000
2009-07-27,12.29,12.81,12.29,12.70,5979339,154736304.000
2009-07-28,12.69,12.81,12.44,12.80,4412397,113652456.000
2009-07-29,12.81,13.11,11.52,11.95,5561864,142170272.000
2009-07-30,11.92,12.22,11.54,11.96,3769487,91573704.000
2009-07-31,12.12,12.34,11.97,12.34,3050642,76195032.000
2009-08-03,12.43,12.59,12.31,12.55,3357828,85625424.000
2009-08-04,12.72,13.07,12.72,13.06,6861956,181567712.000
2009-08-05,13.11,13.52,12.84,13.21,5643310,153083120.000
2009-08-06,13.04,14.39,12.72,13.89,7225207,199235632.000
2009-08-07,13.87,14.35,13.42,13.65,7189913,204091648.000
2009-08-10,13.94,14.02,13.28,13.40,5810971,161181184.000
2009-08-11,13.44,13.62,12.99,13.16,3345742,90278800.000
2009-08-12,13.05,13.34,12.37,12.38,4271661,111809016.000
2009-08-13,12.39,12.54,11.88,12.31,3352554,83539888.000
2009-08-14,12.32,12.37,11.81,11.82,2992190,73746864.000
2009-08-17,11.77,11.82,10.96,11.02,3983466,92910792.000
2009-08-18,10.91,11.97,10.82,11.67,3510249,81885688.000
2009-08-19,12.22,12.47,11.72,11.81,7050675,174415552.000
2009-08-20,11.67,12.22,11.67,12.17,3758838,92338912.000
2009-08-21,12.20,12.42,11.82,12.41,3891367,96974752.000
2009-08-24,12.42,13.05,12.22,12.87,5883406,153724496.000
2009-08-25,12.87,12.92,12.24,12.67,6029139,155139776.000
2009-08-26,12.62,13.37,12.47,13.22,6286728,169057552.000
2009-08-27,13.37,13.77,13.22,13.28,6983673,192216656.000
2009-08-28,13.29,13.29,12.62,12.63,4178588,109342672.000
2009-08-31,12.32,12.36,11.71,11.75,3651333,89023976.000
2009-09-01,11.76,12.06,11.72,11.79,2863529,69659320.000
2009-09-02,11.67,11.90,11.47,11.74,2294524,54951852.000
2009-09-03,11.77,12.47,11.77,12.27,3357417,83530728.000
2009-09-04,12.28,12.59,12.12,12.47,3095505,78316144.000
2009-09-07,12.72,13.21,12.57,12.90,5110270,135210928.000
2009-09-08,12.72,12.87,12.62,12.82,3148276,81893728.000
2009-09-09,12.84,12.87,12.46,12.62,3568170,91821608.000
2009-09-10,12.52,12.74,12.42,12.47,1839977,47306848.000
2009-09-11,12.47,12.69,12.47,12.68,2510306,64833176.000
2009-09-14,12.81,13.05,12.67,12.92,3300673,86761672.000
2009-09-15,12.87,13.04,12.75,12.84,3114094,81920696.000
2009-09-16,12.87,13.09,12.72,13.05,4014937,106118624.000
2009-09-17,12.95,13.36,12.95,13.23,4565309,123338272.000
2009-09-18,13.23,13.40,12.55,12.81,4367003,116825480.000
2009-09-21,12.62,13.17,12.56,13.15,4124632,109485232.000
2009-09-22,13.21,13.69,13.20,13.24,6852296,188565472.000
2009-09-23,13.23,13.42,12.76,12.84,3639715,97333208.000
2009-09-24,12.72,12.91,12.30,12.54,2312720,59703016.000
2009-09-25,12.51,12.58,12.37,12.41,1389988,35483320.000
2009-09-28,12.47,12.71,12.12,12.26,1542972,39440504.000
2009-09-29,12.26,12.32,11.00,11.76,2754710,66205496.000
2009-09-30,11.75,12.06,11.72,11.89,1363730,33215932.000
2009-10-09,12.49,13.09,12.42,12.92,4103465,106925088.000
2009-10-12,12.91,13.57,12.91,13.26,6223486,169774288.000
2009-10-13,13.22,13.47,13.07,13.46,3768253,102357608.000
2009-10-14,13.62,13.70,13.36,13.51,4263229,117631272.000
2009-10-15,13.52,13.65,13.23,13.44,2692967,73799840.000
2009-10-16,13.44,13.67,13.34,13.52,2824797,77988200.000
2009-10-19,13.56,14.71,13.55,14.50,6286737,183862912.000
2009-10-20,14.50,14.57,14.21,14.39,3517241,102983744.000
2009-10-21,14.42,14.71,14.07,14.10,3337574,98060240.000
2009-10-22,13.97,14.12,13.87,13.96,2405697,68607008.000
2009-10-23,13.95,15.10,13.95,14.93,6195445,185197744.000
2009-10-26,15.02,15.95,14.93,15.32,7293539,229635072.000
2009-10-27,15.12,15.16,14.72,14.73,3760783,114452008.000
2009-10-28,14.74,15.92,14.74,15.67,4192746,130637744.000
2009-10-29,15.37,16.11,15.17,15.48,4014649,128219920.000
2009-10-30,15.54,15.97,15.54,15.79,3799569,121850048.000
2009-11-02,15.56,16.50,15.22,16.37,4330571,142194528.000
2009-11-03,16.36,16.86,15.97,16.26,6188384,206214400.000
2009-11-04,16.26,16.41,15.96,16.19,2674318,87611496.000
2009-11-05,16.11,16.68,16.11,16.32,2421161,80623528.000
2009-11-06,16.40,16.44,16.15,16.31,2708778,89770032.000
2009-11-09,16.16,16.29,15.72,15.88,3758207,121762664.000
2009-11-10,15.91,16.26,15.91,15.99,3174871,104091112.000
2009-11-11,16.01,16.54,15.82,16.50,2954954,97276144.000
2009-11-12,16.56,17.15,16.45,16.99,3258128,112409912.000
2009-11-13,16.99,17.16,16.72,16.98,2281432,78592392.000
2009-11-16,16.76,17.75,16.76,16.99,4616182,162491680.000
2009-11-17,17.01,17.26,16.66,17.07,3042604,104393728.000
2009-11-18,17.06,17.20,16.79,17.11,1423377,49135268.000
2009-11-19,17.08,17.34,17.07,17.25,1674286,58656600.000
2009-11-20,17.25,17.25,16.97,17.07,1190110,41394992.000
2009-11-23,17.12,17.36,16.98,17.13,1593111,55468748.000
2009-11-24,17.12,17.47,16.47,16.53,3528834,122935496.000
2009-11-25,16.51,17.47,16.44,17.39,3384102,116698528.000
2009-11-26,17.49,17.61,17.07,17.27,2668882,93798016.000
2009-11-27,17.33,18.41,16.86,17.88,5367855,194437216.000
2009-11-30,17.82,19.33,17.53,19.21,4687929,176548240.000
2009-12-01,19.14,19.70,18.86,19.24,3368453,131965496.000
2009-12-02,19.24,19.70,18.74,19.48,3464577,135356864.000
2009-12-03,19.48,19.72,19.11,19.70,2071357,81574800.000
2009-12-04,19.67,19.67,18.01,18.45,4576779,173767984.000
2009-12-07,18.41,18.71,18.03,18.57,2725541,101047880.000
2009-12-08,18.56,18.66,18.27,18.33,1687015,63277204.000
2009-12-09,18.26,18.56,17.91,17.92,1766116,65114684.000
2009-12-10,17.80,18.16,17.80,18.08,1179739,43063228.000
2009-12-11,18.08,18.66,17.97,18.57,2001629,75234352.000
2009-12-14,18.64,19.01,18.32,18.91,1777917,67423256.000
2009-12-15,18.96,19.14,18.73,18.78,1198655,46074408.000
2009-12-16,18.74,19.01,18.66,18.93,1023027,39257184.000
2009-12-17,18.84,19.01,18.34,18.50,1000218,37687856.000
2009-12-18,18.44,18.47,17.22,17.39,1469493,53422328.000
2009-12-21,17.32,17.61,17.03,17.20,1398250,48978252.000
2009-12-22,17.23,17.82,17.23,17.67,2091164,74610800.000
2009-12-23,17.67,18.32,17.57,18.28,983582,35791272.000
2009-12-24,18.28,18.74,18.28,18.35,1493842,56069312.000
2009-12-25,18.57,18.76,18.37,18.72,2135935,80972392.000
2009-12-28,18.72,19.11,18.57,18.90,1108692,42726292.000
2009-12-29,18.87,19.01,18.39,18.98,1362357,52000552.000
2009-12-30,18.77,18.97,18.61,18.88,1234574,47049056.000
2009-12-31,18.88,18.97,18.58,18.89,1017041,38780124.000
2010-01-04,19.11,19.69,19.11,19.14,1700140,67185808.000
2010-01-05,19.13,19.45,19.02,19.26,717655,27990090.000
2010-01-06,19.25,19.25,18.61,18.67,1652908,63384024.000
2010-01-07,18.61,18.61,18.11,18.26,1324281,49108376.000
2010-01-08,18.22,18.66,18.22,18.57,654463,24579542.000
2010-01-11,19.04,19.26,18.61,19.01,1451236,56076592.000
2010-01-12,19.01,20.94,18.87,20.94,5034253,208702256.000
2010-01-13,20.66,21.16,20.35,20.53,3028359,127132464.000
2010-01-14,20.66,21.16,20.57,20.99,1972054,83634512.000
2010-01-15,21.01,21.09,20.48,20.58,1192667,50017984.000
2010-01-18,20.72,21.49,20.61,21.05,2508291,107839824.000
2010-01-19,21.04,21.11,20.51,20.71,2061495,86384000.000
2010-01-20,20.72,21.22,20.09,20.22,1726400,72187648.000
2010-01-21,20.21,20.57,20.11,20.28,1112574,45807812.000
2010-01-22,20.09,20.09,19.16,19.56,1472588,58328672.000
2010-01-25,19.47,19.69,19.22,19.47,583067,23014572.000
2010-01-26,19.51,19.66,18.65,19.31,1362351,53119464.000
2010-01-27,19.19,19.56,19.01,19.23,697533,27308752.000
2010-01-28,19.29,19.99,19.03,19.90,1137756,45453616.000
2010-01-29,19.97,20.49,19.86,20.07,902420,37067904.000
2010-02-01,19.72,20.24,19.47,20.22,878907,35513548.000
2010-02-02,20.46,20.66,20.26,20.31,892804,37033352.000
2010-02-03,20.26,20.36,19.27,20.06,1384534,55679484.000
2010-02-04,19.82,20.05,19.67,19.92,682633,27440670.000
2010-02-05,19.38,19.97,19.38,19.70,721617,28824732.000
2010-02-08,19.69,19.81,19.49,19.61,270332,10762928.000
2010-02-09,19.61,19.76,19.47,19.68,315586,12589422.000
2010-02-10,19.72,20.00,19.72,20.00,393758,15882653.000
2010-02-11,19.97,20.72,19.79,20.37,695685,28940818.000
2010-02-12,20.51,20.72,20.47,20.64,541202,22650714.000
2010-02-22,20.47,20.63,20.04,20.22,373867,15384540.000
2010-02-23,20.22,20.73,20.22,20.72,579587,24153724.000
2010-02-24,20.72,21.11,20.55,20.90,709920,30002804.000
2010-02-25,20.90,21.10,20.75,21.01,601217,25515452.000
2010-02-26,20.80,21.16,20.77,20.91,570269,24278936.000
2010-03-01,20.89,21.10,20.76,20.93,508571,21577108.000
2010-03-02,20.93,21.12,20.82,21.10,660930,28094518.000
2010-03-03,21.14,22.15,21.11,21.60,1362710,59952448.000
2010-03-04,21.53,21.53,20.74,20.82,1149311,49283396.000
2010-03-05,20.71,20.96,20.18,20.53,1166959,48486056.000
2010-03-08,20.39,20.66,20.39,20.47,662871,27581004.000
2010-03-09,20.47,20.68,20.36,20.58,337952,14076167.000
2010-03-10,20.51,20.65,20.22,20.31,449209,18615736.000
2010-03-11,20.34,20.62,19.92,20.13,562893,23033142.000
2010-03-12,20.15,20.19,19.91,20.03,429802,17452444.000
2010-03-15,20.01,20.58,19.97,20.15,631774,25886550.000
2010-03-16,20.24,20.47,20.17,20.46,295857,12200880.000
2010-03-17,20.51,20.70,20.36,20.68,505289,21063072.000
2010-03-18,20.70,20.77,20.37,20.44,500810,20857000.000
2010-03-19,20.58,20.59,20.11,20.25,556907,22854052.000
2010-03-22,20.25,20.35,20.08,20.29,479452,19630388.000
2010-03-23,20.27,20.35,19.91,19.94,700542,28504256.000
2010-03-24,19.97,20.32,19.97,20.14,481613,19667308.000
2010-03-25,20.11,20.82,20.08,20.51,1823973,75748176.000
2010-03-26,20.57,20.64,20.01,20.09,1557147,63564672.000
2010-03-29,19.36,19.46,18.90,19.35,4536044,176666048.000
2010-03-30,19.32,19.32,18.78,19.00,2737607,105026168.000
2010-03-31,18.94,19.22,18.66,19.07,2355570,90616728.000
2010-04-01,19.07,19.07,18.82,18.98,2771346,106500808.000
2010-04-02,19.01,19.15,18.97,19.02,1346947,52009004.000
2010-04-06,19.10,19.48,19.09,19.48,3046927,119097784.000
2010-04-07,19.56,19.69,19.39,19.65,1964484,77875496.000
2010-04-08,19.65,19.78,19.57,19.70,2121508,84753096.000
2010-04-09,19.71,20.54,19.51,20.46,3945944,160946384.000
2010-04-12,20.47,21.05,20.19,20.95,2551587,107563224.000
2010-04-13,20.93,20.93,19.72,20.35,1780884,73868584.000
2010-04-14,20.35,20.47,20.01,20.20,1063989,43696604.000
2010-04-15,20.21,20.35,19.72,19.78,1114358,44933216.000
2010-04-16,19.75,20.10,19.57,19.66,821766,32941818.000
2010-04-19,19.57,20.36,19.51,19.67,1819320,73810464.000
2010-04-20,19.49,20.85,19.32,20.68,3030397,125762672.000
2010-04-21,20.72,21.51,20.68,21.20,3041734,130129976.000
2010-04-22,21.34,21.46,20.72,20.80,1680957,71870128.000
2010-04-23,20.80,21.11,20.39,20.66,1140412,47821476.000
2010-04-26,20.47,20.85,20.36,20.65,814792,34124288.000
2010-04-27,20.64,21.11,20.36,21.11,1134277,47646148.000
2010-04-28,20.97,21.09,20.65,20.85,732206,30993574.000
2010-04-29,20.86,20.91,20.36,20.41,878195,36659564.000
2010-04-30,20.32,20.35,18.35,19.82,2072691,80180312.000
2010-05-04,19.00,19.84,18.75,19.82,1151884,45863436.000
2010-05-05,19.32,20.22,19.32,20.05,628045,25323920.000
2010-05-06,20.06,20.06,19.54,19.72,1092079,43683096.000
2010-05-07,19.24,19.64,18.71,19.46,886785,34704072.000
2010-05-10,19.07,19.49,18.39,19.11,940362,36137140.000
2010-05-11,19.27,19.45,18.38,18.66,689657,26293636.000
2010-05-12,18.64,18.64,17.27,17.75,896962,32658040.000
2010-05-13,17.75,18.72,17.44,18.71,847989,31074260.000
2010-05-14,18.64,19.24,18.30,19.21,1189409,46152068.000
2010-05-17,18.93,19.20,17.91,18.12,402022,15118245.000
2010-05-18,18.11,18.45,17.82,18.21,602860,22199436.000
2010-05-19,18.26,18.51,17.97,18.21,465212,17233160.000
2010-05-20,18.21,18.31,17.69,17.79,351266,12814639.000
2010-05-24,18.10,18.70,18.10,18.66,634804,23847104.000
2010-05-25,18.65,18.89,18.39,18.47,707906,26695856.000
2010-05-26,18.29,18.57,18.28,18.49,653921,24448240.000
2010-05-27,18.44,18.61,18.20,18.56,884148,33175678.000
2010-05-28,18.70,19.19,18.70,19.00,1064684,41103520.000
2010-05-31,19.14,19.51,18.75,19.17,1596079,62330304.000
2010-06-01,19.11,19.11,18.22,18.70,484897,18338916.000
2010-06-02,18.85,18.85,18.29,18.74,274302,10305584.000
2010-06-03,19.00,19.00,18.32,18.43,422391,16068528.000
2010-06-04,18.43,18.56,18.23,18.49,306561,11487346.000
2010-06-07,18.35,18.35,18.14,18.32,706941,26225652.000
2010-06-08,18.32,19.82,18.30,18.44,999873,37790808.000
2010-06-09,18.61,18.91,18.31,18.57,1550240,58409920.000
2010-06-10,18.59,18.64,18.38,18.47,1479348,55577108.000
2010-06-11,18.51,18.66,18.22,18.34,1298892,48499896.000
2010-06-17,18.39,18.44,17.42,17.55,2074230,75070304.000
2010-06-18,17.28,17.36,16.81,16.83,1282373,44308600.000
2010-06-21,16.82,16.82,16.29,16.72,949974,32117380.000
2010-06-22,16.72,17.04,16.69,16.82,530523,18230700.000
2010-06-23,16.81,17.24,16.74,17.05,442429,15289907.000
2010-06-24,17.05,17.09,16.82,16.86,298476,10272224.000
2010-06-25,16.77,16.78,16.01,16.02,754288,24943880.000
2010-06-28,16.16,16.20,15.24,15.41,1192384,38016320.000
2010-06-29,15.41,15.57,14.32,14.55,2148796,64460492.000
2010-06-30,14.36,14.87,14.25,14.74,1337247,39795600.000
2010-07-01,14.74,14.74,13.87,14.07,853580,24986340.000
2010-07-02,14.07,14.22,13.12,13.59,1138886,31103962.000
2010-07-05,13.47,13.76,13.23,13.69,438709,11981204.000
2010-07-06,13.71,14.64,13.55,14.33,801976,23026810.000
2010-07-07,14.41,14.59,14.18,14.45,489833,14202478.000
2010-07-08,14.50,14.83,14.37,14.74,692090,20401586.000
2010-07-09,14.73,15.13,14.49,15.03,688561,20778318.000
2010-07-12,15.06,15.14,14.87,14.95,567579,17216060.000
2010-07-13,14.88,14.95,14.42,14.67,414842,12316815.000
2010-07-14,14.67,15.31,14.67,14.84,447238,13465783.000
2010-07-15,14.86,14.95,14.62,14.79,263040,7836407.000
2010-07-16,14.70,14.83,14.11,14.61,580982,16950240.000
2010-07-19,14.37,14.59,14.27,14.56,919092,26748570.000
2010-07-20,14.41,15.77,14.41,15.64,2145627,65637224.000
2010-07-21,15.55,15.97,15.43,15.52,1049605,33115500.000
2010-07-22,15.51,15.62,15.42,15.50,899485,28115074.000
2010-07-23,15.53,15.66,15.32,15.52,1446184,45199860.000
2010-07-26,15.62,16.06,15.62,15.96,1547148,49601988.000
2010-07-27,15.98,16.01,15.77,15.91,886500,28394562.000
2010-07-28,15.91,16.40,15.87,16.25,1009172,32950620.000
2010-07-29,16.17,16.41,16.01,16.06,1041708,33910816.000
2010-07-30,16.06,16.06,15.70,15.85,676999,21645156.000
2010-08-02,15.84,16.35,15.84,16.13,1406408,45884584.000
2010-08-03,16.11,16.27,15.87,15.89,1188631,38339780.000
2010-08-04,15.87,15.89,15.43,15.78,1396638,43882792.000
2010-08-05,15.79,16.26,15.65,16.11,1700045,54725072.000
2010-08-06,16.10,17.73,15.91,17.70,4623688,158655856.000
2010-08-09,17.45,18.01,17.31,17.85,3024436,107257408.000
2010-08-10,17.85,17.85,17.24,17.55,1806933,63820616.000
2010-08-11,17.44,18.02,17.36,17.77,1283431,45701776.000
2010-08-12,17.55,18.65,17.39,18.36,4549256,167565728.000
2010-08-13,18.27,19.61,18.13,19.49,4247459,160435648.000
2010-08-16,19.28,20.47,19.28,20.05,4291608,173271392.000
2010-08-17,20.02,20.20,19.75,19.94,2893064,116797488.000
2010-08-18,19.90,20.13,19.75,19.80,2722143,109223736.000
2010-08-19,19.80,20.36,19.51,20.11,1604817,64814260.000
2010-08-20,19.99,19.99,18.86,19.60,2358728,92474064.000
2010-08-23,19.60,19.66,19.06,19.23,1170989,45448180.000
2010-08-24,19.23,19.92,19.11,19.81,1787265,70694992.000
2010-08-25,19.69,19.71,19.11,19.58,1571625,61879464.000
2010-08-26,19.55,19.80,19.21,19.33,649500,25530732.000
2010-08-27,19.33,19.89,19.31,19.86,1120631,44542612.000
2010-08-30,19.86,20.66,19.68,20.52,2243819,90813952.000
2010-08-31,20.41,21.02,20.16,20.53,943131,39428816.000
2010-09-01,20.47,21.53,20.47,20.76,1820240,76706672.000
2010-09-02,20.76,21.15,20.73,20.87,1124395,47506872.000
2010-09-03,20.87,21.24,20.72,20.90,1005928,42447260.000
2010-09-06,20.89,21.05,20.38,20.47,1062619,43849708.000
2010-09-07,20.27,20.60,19.89,20.19,1391883,56384052.000
2010-09-08,20.00,20.51,19.86,20.31,655874,26796350.000
2010-09-09,20.32,21.16,20.32,20.86,1445691,60816132.000
2010-09-10,20.86,21.80,20.39,21.49,1498408,64103520.000
2010-09-13,21.46,21.62,21.11,21.48,482632,20720836.000
2010-09-14,21.44,21.44,21.08,21.14,562068,23932828.000
2010-09-15,21.14,21.14,20.58,20.59,730813,30483520.000
2010-09-16,20.60,20.83,19.87,20.28,560380,22845136.000
2010-09-17,20.11,20.75,20.06,20.38,558731,22970988.000
2010-09-20,20.36,20.91,20.25,20.26,495077,20397512.000
2010-09-21,19.97,20.60,19.97,20.48,494108,20096532.000
2010-09-27,20.68,20.75,20.16,20.64,878780,36382064.000
2010-09-28,20.65,21.61,20.51,21.15,1304565,55925524.000
2010-09-29,20.97,21.51,20.97,21.35,992267,42667544.000
2010-09-30,21.11,21.95,20.81,21.89,1521656,65890840.000
2010-10-08,21.89,23.45,21.67,23.10,2182874,100653872.000
2010-10-11,23.06,23.61,21.11,21.47,2287774,103180152.000
2010-10-12,21.72,21.94,20.91,20.97,2183305,93981688.000
2010-10-13,20.86,20.86,19.91,20.69,3119382,127321016.000
2010-10-14,20.32,20.66,19.32,19.86,2877676,115080240.000
2010-10-15,19.62,20.25,19.36,19.45,2390457,94822240.000
2010-10-18,19.39,19.94,18.66,19.90,2590619,99625232.000
2010-10-19,19.90,20.05,19.36,19.86,2026147,80912776.000
2010-10-20,19.56,20.48,19.42,20.06,2730407,110671776.000
2010-10-21,20.25,20.30,19.77,19.95,2909581,117011088.000
2010-10-22,19.92,20.15,19.67,19.77,2241201,89582624.000
2010-10-25,19.67,20.04,18.81,20.00,6295271,244488944.000
2010-10-26,19.83,20.09,19.50,19.86,3914557,156089648.000
2010-10-27,19.97,20.55,19.32,19.46,3887636,155353216.000
2010-10-28,19.35,19.45,19.11,19.31,1552702,60286904.000
2010-10-29,19.40,19.40,19.10,19.36,1928523,74733376.000
2010-11-01,19.38,20.11,19.26,20.08,4144761,164822272.000
2010-11-02,20.10,20.41,19.69,20.31,3404271,137742336.000
2010-11-03,20.33,20.36,19.76,19.79,1932370,77618936.000
2010-11-04,19.73,20.72,19.61,20.64,4941313,203363488.000
2010-11-05,20.66,21.21,20.40,20.68,3906103,164237280.000
2010-11-08,20.61,20.70,20.27,20.52,2493100,102702992.000
2010-11-09,20.52,21.16,20.36,21.06,3137522,131520488.000
2010-11-10,21.06,22.01,21.06,21.33,4250233,184298320.000
2010-11-11,21.47,21.77,21.11,21.14,3035341,130872896.000
2010-11-12,20.94,21.64,19.81,19.88,3039413,127502392.000
2010-11-15,19.94,21.20,19.80,21.19,2639985,108799784.000
2010-11-16,21.35,22.34,20.36,20.87,6648317,290132320.000
2010-11-17,20.71,20.86,18.91,19.05,3474487,137982528.000
2010-11-18,19.16,19.55,18.86,19.20,1576995,60941844.000
2010-11-19,19.51,19.55,18.91,19.31,1895589,73310088.000
2010-11-22,19.36,20.01,19.11,19.68,2552855,101007592.000
2010-11-23,19.70,19.97,19.31,19.88,2023465,80596424.000
2010-11-24,19.65,21.86,19.64,21.50,4457069,188749728.000
2010-11-25,21.51,22.58,20.87,21.51,6108418,271137952.000
2010-11-26,21.51,22.22,21.36,21.90,2332837,102684160.000
2010-11-29,21.86,22.69,21.86,22.52,2293919,103114280.000
2010-11-30,22.44,22.86,21.38,22.55,3256402,145545216.000
2010-12-01,22.46,22.50,21.37,21.88,2474716,108706560.000
2010-12-02,21.91,22.30,21.48,22.01,1567119,69099056.000
2010-12-03,21.81,21.96,21.02,21.85,1574704,67944336.000
2010-12-06,21.69,22.86,21.36,21.55,3755723,168242768.000
2010-12-07,21.43,21.61,20.61,21.55,1548106,65927968.000
2010-12-08,21.56,21.70,21.11,21.26,1031014,44472948.000
2010-12-09,20.97,21.66,20.97,21.20,998772,43057848.000
2010-12-10,21.12,21.83,20.91,21.75,959739,41560996.000
2010-12-13,21.71,22.61,21.71,22.42,1772248,78928672.000
2010-12-14,22.56,22.56,22.01,22.24,914674,40880636.000
2010-12-15,22.17,23.04,22.14,22.96,2632487,119832528.000
2010-12-16,22.86,23.16,22.36,22.47,1441827,65996880.000
2010-12-17,22.36,22.85,22.10,22.41,1353057,60516696.000
2010-12-20,22.41,22.94,21.31,22.69,1759178,78973336.000
2010-12-21,22.36,24.66,22.36,23.63,3547819,168493152.000
2010-12-22,23.42,24.19,23.05,23.86,2052767,97523984.000
2010-12-23,23.71,23.71,22.86,22.87,1130496,52844928.000
2010-12-24,22.66,23.05,21.86,22.11,941933,42358884.000
2010-12-27,22.26,22.36,21.16,21.23,1276206,55897560.000
2010-12-28,21.09,21.31,20.36,21.21,940010,39396352.000
2010-12-29,21.22,21.64,21.06,21.61,902366,38753336.000
2010-12-30,21.65,22.08,21.34,21.94,627656,27525224.000
2010-12-31,22.13,22.85,21.87,22.68,1283671,58248092.000
2011-01-04,22.80,22.80,22.21,22.45,1215485,54693200.000
2011-01-05,22.47,22.81,22.22,22.31,849525,38382472.000
2011-01-06,22.39,22.41,21.70,21.81,623681,27548884.000
2011-01-07,21.61,21.76,21.27,21.35,779073,33809068.000
2011-01-10,21.35,21.57,20.68,20.75,756542,31959018.000
2011-01-11,20.76,21.08,20.06,20.11,1053609,43306232.000
2011-01-12,20.20,20.70,19.86,20.45,792857,32323112.000
2011-01-13,20.46,20.51,20.14,20.40,432556,17687764.000
2011-01-14,20.22,20.36,19.86,20.03,547265,22044360.000
2011-01-17,19.86,20.03,18.80,18.85,1228745,47616656.000
2011-01-18,18.84,19.18,18.21,18.82,1441027,53760100.000
2011-01-19,18.72,19.40,18.60,19.38,665968,25682588.000
2011-01-20,19.66,19.66,18.76,18.76,473977,18170664.000
2011-01-21,18.80,19.11,18.72,18.86,275577,10478850.000
2011-01-24,18.92,19.07,17.77,17.78,872810,31864408.000
2011-01-25,17.86,17.86,17.55,17.81,363121,12980563.000
2011-01-26,17.97,18.41,17.97,18.10,350489,12866467.000
2011-01-27,18.11,18.51,18.00,18.47,763494,28040178.000
2011-01-28,18.55,18.78,18.34,18.65,533650,19991724.000
2011-01-31,18.65,18.81,18.35,18.76,535697,20012740.000
2011-02-01,18.76,19.05,18.74,19.04,453974,17329154.000
2011-02-09,18.64,19.26,18.64,19.10,527317,20253772.000
2011-02-10,18.96,19.62,18.72,19.43,1165510,45107104.000
2011-02-11,19.36,19.41,19.16,19.31,533569,20731836.000
2011-02-14,19.33,20.31,19.28,19.68,1252459,49609768.000
2011-02-15,19.73,19.97,19.15,19.22,2160477,84689224.000
2011-02-16,19.11,19.49,19.11,19.26,899711,34941760.000
2011-02-17,19.16,19.26,18.67,18.80,2847297,108128328.000
2011-02-18,18.80,19.16,18.62,19.00,1752055,66706460.000
2011-02-21,18.86,19.59,18.81,19.57,1753029,68240832.000
2011-02-22,19.64,19.83,19.01,19.30,1302158,50679848.000
2011-02-23,19.30,19.80,19.15,19.76,1740710,68761704.000
2011-02-24,19.79,19.84,19.39,19.73,1392946,55334116.000
2011-02-25,19.61,19.76,19.40,19.54,774327,30374960.000
2011-02-28,19.54,19.80,19.42,19.56,1197671,47305380.000
2011-03-01,19.56,20.57,19.56,20.36,3442234,140431584.000
2011-03-02,20.30,20.59,19.91,19.99,2744712,111774952.000
2011-03-03,20.17,20.35,19.49,19.55,2040029,81395680.000
2011-03-04,19.55,20.06,19.55,19.85,2177067,86726384.000
2011-03-07,19.66,19.86,19.62,19.85,2116258,84020168.000
2011-03-08,19.79,19.79,19.56,19.59,1523290,60209724.000
2011-03-09,19.84,19.85,19.61,19.83,1577053,62552540.000
2011-03-10,19.86,20.46,19.61,20.31,4189972,169876432.000
2011-03-11,20.26,21.05,20.01,21.02,5215754,217680448.000
2011-03-14,20.80,21.56,20.61,21.39,4556937,193831776.000
2011-03-15,21.26,21.42,20.68,21.34,2946920,124819576.000
2011-03-16,21.30,22.30,20.99,21.78,4277592,186531824.000
2011-03-17,21.58,22.05,21.34,21.43,2437851,106145072.000
2011-03-18,21.47,21.86,20.85,21.01,3568369,151881088.000
2011-03-21,20.98,20.98,20.24,20.38,2751700,113379552.000
2011-03-22,20.38,20.55,19.97,20.17,1679458,68222112.000
2011-03-23,20.14,20.60,20.14,20.53,1480515,60988604.000
2011-03-24,20.56,20.62,20.19,20.23,1527883,62530420.000
2011-03-25,20.22,20.55,20.16,20.36,1688311,69197336.000
2011-03-28,20.35,20.35,19.94,19.97,1821878,73777728.000
2011-03-29,20.00,20.36,19.65,19.72,1534765,61768224.000
2011-03-30,19.61,19.84,19.35,19.55,1077784,42357668.000
2011-03-31,19.46,19.74,19.35,19.56,859243,33785804.000
2011-04-01,19.57,19.81,19.51,19.80,583197,23085040.000
2011-04-06,19.76,19.81,19.31,19.64,1036685,40616192.000
2011-04-07,19.61,19.61,18.75,18.91,2951986,113221976.000
2011-04-08,18.96,19.35,18.96,19.22,2880929,111196840.000
2011-04-11,19.36,19.46,19.11,19.14,1199547,46582080.000
2011-04-12,19.10,19.31,18.81,18.85,1175860,45034912.000
2011-04-13,18.89,19.30,18.85,19.30,1114565,43036024.000
2011-04-14,19.31,19.76,19.31,19.58,1583170,62392592.000
2011-04-15,19.65,19.75,19.23,19.27,1245308,48718344.000
2011-04-18,19.33,19.51,18.97,19.10,1265366,48904056.000
2011-04-19,19.06,19.45,18.93,19.32,1076001,41641096.000
2011-04-20,19.25,19.89,19.14,19.87,2241929,88543664.000
2011-04-21,19.90,19.97,19.76,19.81,1298597,51912680.000
2011-04-22,19.86,19.87,19.56,19.61,756661,29963146.000
2011-04-25,19.61,19.84,19.47,19.50,861359,34140640.000
2011-04-26,19.52,19.66,19.36,19.37,558008,21933136.000
2011-04-27,19.41,19.59,19.01,19.11,630352,24546576.000
2011-04-28,19.36,19.45,18.39,18.47,1065179,40387428.000
2011-05-03,18.64,19.01,18.45,18.74,863522,32449608.000
2011-05-04,18.74,18.76,18.25,18.32,970492,36152956.000
2011-05-05,18.45,18.69,18.16,18.30,705065,26209268.000
2011-05-06,18.30,18.69,18.16,18.61,558779,20848384.000
2011-05-09,18.66,18.84,18.56,18.78,707003,26602040.000
2011-05-10,18.80,18.91,18.57,18.76,673338,25365480.000
2011-05-11,18.76,19.04,18.64,18.95,852882,32453016.000
2011-05-12,18.89,19.30,18.82,19.11,1220913,47010384.000
2011-05-13,19.10,19.12,18.80,18.91,763656,29066996.000
2011-05-16,19.19,19.19,18.82,19.00,2271705,86725128.000
2011-05-17,18.93,19.06,18.77,18.99,1162112,44228812.000
2011-05-18,18.97,19.11,18.80,19.01,869679,33248858.000
2011-05-19,19.02,19.36,18.87,19.20,1437290,55589072.000
2011-05-20,19.35,20.77,19.31,20.01,6020307,121785248.000
2011-05-23,19.49,19.68,19.10,19.24,3757153,73137752.000
2011-05-24,19.14,19.39,18.74,19.09,1921698,36630224.000
2011-05-25,19.11,19.49,18.77,19.04,1510667,29200220.000
2011-05-26,19.06,19.19,18.04,18.09,4022201,74463416.000
2011-05-27,18.11,18.32,17.47,18.04,1772583,31831012.000
2011-05-30,18.04,18.64,17.60,18.57,2089794,38722820.000
2011-05-31,18.58,19.15,18.39,19.09,1677107,31704780.000
2011-06-01,19.07,19.19,18.69,18.93,1420021,26971648.000
2011-06-02,18.39,18.86,18.30,18.49,1161289,21585804.000
2011-06-03,18.47,18.79,18.40,18.72,907128,17019684.000
2011-06-07,18.80,19.08,18.61,18.84,883804,16762046.000
2011-06-08,18.89,18.99,18.68,18.86,948835,17972482.000
2011-06-09,18.89,18.89,18.44,18.49,1070227,20087192.000
2011-06-10,18.51,18.64,18.09,18.54,811538,14970048.000
2011-06-13,18.56,18.56,17.90,18.34,1023830,18689064.000
2011-06-14,18.29,18.54,18.14,18.53,1193760,22107388.000
2011-06-15,18.57,18.57,18.25,18.42,599230,11070944.000
2011-06-16,18.30,18.34,17.88,17.97,694561,12598635.000
2011-06-17,17.98,18.39,17.95,17.96,593227,10813819.000
2011-06-20,17.99,18.27,17.49,17.80,846389,15143410.000
2011-06-21,17.97,18.07,17.70,17.85,513681,9220803.000
2011-06-22,17.87,18.09,17.69,18.04,690568,12457967.000
2011-06-23,17.99,18.24,17.70,18.18,823328,14943084.000
2011-06-24,18.17,18.54,17.99,18.47,2459515,45467584.000
2011-06-27,18.56,18.56,18.20,18.42,1274633,23597904.000
2011-06-28,18.37,18.87,18.37,18.84,2791269,52570704.000
2011-06-29,18.84,18.99,18.71,18.79,1305515,24737140.000
2011-06-30,18.81,19.04,18.70,18.91,1560713,29691560.000
2011-07-01,18.97,19.03,18.87,18.95,1023297,19504028.000
2011-07-04,19.05,19.58,18.94,19.56,4108584,79782576.000
2011-07-05,19.40,19.99,19.21,19.94,5165004,102221952.000
2011-07-06,19.94,19.94,19.55,19.76,1972378,39057972.000
2011-07-07,19.69,20.04,19.51,19.67,3053979,60816768.000
2011-07-08,19.68,19.93,19.54,19.81,1509438,29949584.000
2011-07-11,19.76,19.78,19.54,19.64,1584680,31300580.000
2011-07-12,19.49,19.57,19.17,19.25,1508126,29284496.000
2011-07-13,19.20,19.68,19.20,19.47,1363259,26600208.000
2011-07-14,19.47,19.81,19.39,19.79,2386887,47108600.000
2011-07-15,19.69,21.05,19.66,20.90,7981530,164694464.000
2011-07-18,20.91,21.29,20.44,20.60,5249240,110362152.000
2011-07-19,20.54,21.11,19.86,20.86,4750204,97798416.000
2011-07-20,20.89,21.14,20.40,20.70,2136535,44531672.000
2011-07-21,20.59,20.69,20.17,20.31,1680520,34401216.000
2011-07-22,20.31,20.49,20.11,20.24,1126598,22956632.000
2011-07-25,20.19,20.19,19.69,19.80,3110997,62271288.000
2011-07-26,19.79,19.99,19.44,19.66,1836098,36329288.000
2011-07-27,19.66,20.07,19.51,20.06,2105839,41843864.000
2011-07-28,19.83,19.94,19.59,19.85,1068864,21299632.000
2011-07-29,19.69,19.94,19.29,19.39,2042765,40066888.000
2011-08-01,19.34,19.77,19.14,19.36,1016139,19854440.000
2011-08-02,19.37,19.37,18.89,19.09,1183581,22653376.000
2011-08-03,18.92,19.40,18.80,19.29,974105,18827420.000
2011-08-04,19.37,19.59,19.29,19.55,961409,18854010.000
2011-08-05,18.93,19.18,18.79,19.02,3147833,60256576.000
2011-08-08,18.77,18.90,17.57,18.71,3085450,57299944.000
2011-08-09,18.00,19.78,17.89,19.29,3534902,67794816.000
2011-08-10,19.59,19.67,19.18,19.32,2072827,40365248.000
2011-08-11,18.89,19.64,18.59,19.52,3480277,67429280.000
2011-08-12,19.70,19.89,19.50,19.52,2313657,45759924.000
2011-08-15,19.57,19.90,19.55,19.82,2092924,41626552.000
2011-08-16,19.87,20.20,19.87,20.08,4672499,94075840.000
2011-08-17,19.97,20.57,19.97,20.14,3324547,67782608.000
2011-08-18,20.14,20.21,19.55,19.61,1273317,25376596.000
2011-08-19,19.37,19.49,19.07,19.32,1154926,22360094.000
2011-08-22,19.49,19.79,19.25,19.34,1163097,22816988.000
2011-08-23,19.35,19.49,19.18,19.38,1044948,20280024.000
2011-08-24,19.49,19.57,19.25,19.30,1096694,21356504.000
2011-08-25,19.29,19.63,19.27,19.63,1040811,20344920.000
2011-08-26,19.63,19.63,19.44,19.53,889287,17459724.000
2011-08-29,19.39,19.89,19.29,19.84,1717580,34085668.000
2011-08-30,19.89,20.08,19.64,19.68,1368766,27294362.000
2011-08-31,19.69,19.79,19.29,19.57,670112,13165482.000
2011-09-01,19.49,19.69,19.19,19.27,706786,13776060.000
2011-09-02,19.13,19.35,18.86,18.90,848405,16239204.000
2011-09-05,19.01,19.01,18.19,18.58,614802,11519424.000
2011-09-06,18.56,18.94,18.39,18.61,521603,9806387.000
2011-09-07,18.61,18.99,18.61,18.98,410775,7783340.000
2011-09-08,19.03,19.17,18.69,18.78,542838,10294914.000
2011-09-09,18.89,18.89,18.60,18.64,353136,6651219.000
2011-09-13,18.59,18.59,18.19,18.25,704207,12933836.000
2011-09-14,18.25,18.44,17.69,18.33,1045612,18970708.000
2011-09-15,18.39,18.45,18.19,18.25,444395,8191901.000
2011-09-16,18.24,18.39,18.09,18.23,592804,10871099.000
2011-09-19,18.22,18.28,18.09,18.12,340815,6232118.000
2011-09-20,18.09,18.27,17.78,18.18,618075,11218857.000
2011-09-21,18.18,18.89,17.91,18.79,1118962,20857900.000
2011-09-22,18.64,18.64,18.03,18.05,665459,12276486.000
2011-09-23,17.82,18.17,17.64,17.97,620954,11178719.000
2011-09-26,17.94,18.15,17.70,17.88,367000,6615167.000
2011-09-27,17.99,18.04,17.79,17.79,455309,8187431.000
2011-09-28,17.89,18.08,17.69,17.75,399989,7184494.000
2011-09-29,17.84,17.84,16.97,17.40,1436203,25037624.000
2011-09-30,17.29,17.42,17.07,17.14,500430,8648501.000
2011-10-10,17.19,17.40,16.72,16.78,476766,8155695.000
2011-10-11,17.17,17.29,16.76,16.84,549506,9362551.000
2011-10-12,16.86,17.77,16.77,17.49,759962,13232466.000
2011-10-13,17.51,18.09,17.39,18.07,1640345,29489848.000
2011-10-14,17.99,18.05,17.51,17.95,850445,15243234.000
2011-10-17,17.95,18.19,17.89,18.00,782824,14207733.000
2011-10-18,17.88,17.89,17.49,17.63,648936,11510297.000
2011-10-19,17.69,17.79,17.42,17.57,314110,5557621.000
2011-10-20,17.57,17.69,16.99,17.22,733104,12750673.000
2011-10-21,17.22,17.22,16.47,16.87,1931014,32534380.000
2011-10-24,16.79,16.98,16.34,16.93,900450,15091583.000
2011-10-25,16.97,17.44,16.68,17.29,881852,15090537.000
2011-10-26,17.19,17.80,16.99,17.34,1484078,26076148.000
2011-10-27,17.21,17.60,17.07,17.20,735667,12862409.000
2011-10-28,17.34,17.60,17.27,17.58,1147754,20169020.000
2011-10-31,17.59,18.15,17.50,18.11,1780099,32068094.000
2011-11-01,17.92,18.26,17.88,18.07,1143079,20766376.000
2011-11-02,17.74,18.39,17.74,18.32,1701813,30911016.000
2011-11-03,18.35,19.15,18.35,18.60,3354264,63222260.000
2011-11-04,18.60,18.79,18.49,18.63,1032988,19336332.000
2011-11-07,18.60,18.82,18.49,18.75,1144691,21558876.000
2011-11-08,18.77,18.87,18.56,18.82,1168084,22015388.000
2011-11-09,18.81,18.97,18.50,18.96,1080352,20408626.000
2011-11-10,18.88,19.29,18.69,18.89,2744428,52537432.000
2011-11-11,18.80,19.13,18.80,18.89,1071373,20391924.000
2011-11-14,18.97,19.31,18.97,19.24,1932107,37325628.000
2011-11-15,19.24,19.53,19.09,19.47,1642439,31927768.000
2011-11-16,19.52,19.64,18.69,18.89,1644638,31495436.000
2011-11-17,18.89,19.09,18.39,18.60,1354914,25474854.000
2011-11-18,18.41,18.59,18.01,18.53,1288301,23715260.000
2011-11-21,18.53,18.53,18.19,18.40,866603,15993075.000
2011-11-22,18.37,18.71,18.21,18.67,1216537,22549272.000
2011-11-23,18.76,18.79,18.57,18.73,659622,12401665.000
2011-11-24,18.59,19.21,18.40,19.19,1633552,31171800.000
2011-11-25,19.35,19.39,18.90,19.18,1659830,32022848.000
2011-11-28,19.09,19.46,18.71,19.39,1671471,32180436.000
2011-11-29,19.42,20.39,19.37,20.37,7923536,158094880.000
2011-11-30,20.24,20.29,19.09,19.18,3786780,75095504.000
2011-12-01,19.68,20.05,19.29,19.42,3493656,68980384.000
2011-12-02,19.20,19.72,18.95,18.97,2219044,43284844.000
2011-12-05,18.92,18.92,18.06,18.47,1494407,27705920.000
2011-12-06,18.39,18.63,17.99,18.35,821489,15048961.000
2011-12-07,18.44,18.58,18.28,18.51,435508,8083218.000
2011-12-08,18.51,18.65,18.19,18.32,606827,11212559.000
2011-12-09,18.29,18.42,18.07,18.17,563952,10348537.000
2011-12-12,18.04,18.29,17.92,17.95,448801,8130481.000
2011-12-13,17.95,18.07,17.29,17.57,1007239,17742034.000
2011-12-14,17.39,17.69,17.35,17.51,425137,7491312.000
2011-12-15,17.39,17.49,16.91,16.97,629524,10847174.000
2011-12-16,17.06,17.59,16.99,17.57,648211,11288254.000
2011-12-19,17.57,17.69,17.29,17.65,475179,8349869.000
2011-12-20,17.65,17.79,17.40,17.56,372030,6617867.000
2011-12-21,17.66,17.79,17.29,17.29,400038,7058060.000
2011-12-22,17.29,17.39,16.91,17.19,447534,7687016.000
2011-12-23,17.09,17.64,17.09,17.56,351897,6169224.000
2011-12-26,17.39,17.78,17.29,17.39,358548,6333245.000
2011-12-27,17.30,17.56,16.89,17.00,377335,6493780.000
2011-12-28,17.14,17.14,16.59,16.99,615780,10396260.000
2011-12-29,16.99,17.24,16.34,16.68,1793427,30073644.000
2011-12-30,16.70,17.38,16.69,17.18,1308047,22444812.000
2012-01-04,17.35,17.35,16.67,16.70,525369,8962052.000
2012-01-05,16.69,16.69,15.29,15.39,1624870,25983120.000
2012-01-06,15.39,15.63,14.29,15.37,3751535,55880288.000
2012-01-09,15.09,16.00,14.94,15.84,1802532,28267376.000
2012-01-10,15.78,16.40,15.63,16.33,1564539,25535262.000
2012-01-11,16.39,16.39,16.01,16.05,978464,15949891.000
2012-01-12,16.22,16.22,15.74,15.75,1149308,18396672.000
2012-01-13,15.74,15.74,14.79,14.88,4219493,63701144.000
2012-01-16,14.83,14.91,14.20,14.26,1266763,18609864.000
2012-01-17,14.25,14.89,14.04,14.75,1818750,26629330.000
2012-01-18,14.79,15.03,14.19,14.34,1921095,28096700.000
2012-01-19,14.34,14.60,14.10,14.40,1515422,21807696.000
2012-01-20,14.43,14.95,14.41,14.89,2824052,41633360.000
2012-01-30,14.92,14.92,14.39,14.48,1840968,27214460.000
2012-01-31,14.49,14.64,14.21,14.52,1449976,21036472.000
2012-02-01,14.59,14.64,14.44,14.57,952072,13975226.000
2012-02-02,14.59,14.88,14.54,14.83,1425198,21045266.000
2012-02-03,14.83,15.23,14.71,15.12,2570043,38748632.000
2012-02-06,15.11,15.41,14.94,15.07,2285480,34929368.000
2012-02-07,15.06,15.07,14.64,14.73,1515479,22616268.000
2012-02-08,14.80,15.13,14.64,15.03,1648594,24779700.000
2012-02-09,15.03,15.35,15.00,15.21,2415206,36865152.000
2012-02-10,15.19,15.33,15.09,15.23,1499629,22999680.000
2012-02-13,15.21,15.78,15.05,15.55,2970361,46276792.000
2012-02-14,15.55,15.55,15.24,15.39,2427801,37596300.000
2012-02-15,15.39,15.54,15.13,15.44,3193561,49407068.000
2012-02-16,15.43,15.65,15.21,15.42,2861014,44515620.000
2012-02-17,15.42,15.53,15.23,15.37,1401310,21663072.000
2012-02-20,15.54,15.57,15.29,15.32,2261540,35110920.000
2012-02-21,15.32,15.40,15.09,15.39,1762919,27088620.000
2012-02-22,15.41,15.69,15.31,15.63,3189673,49904464.000
2012-02-23,15.78,15.92,15.49,15.67,3237760,51142836.000
2012-02-24,15.67,16.13,15.52,15.99,5330273,84439072.000
2012-02-27,15.99,16.29,15.86,15.87,6186000,100034384.000
2012-02-28,15.78,15.86,15.41,15.64,4353772,68439840.000
2012-02-29,15.62,15.67,15.41,15.53,2584877,40377072.000
2012-03-01,15.42,15.68,15.42,15.56,1514258,23726368.000
2012-03-02,15.58,15.76,15.54,15.76,2184448,34430660.000
2012-03-05,15.76,15.94,15.62,15.72,2661953,42332372.000
2012-03-06,15.73,15.78,15.44,15.47,1714246,26822806.000
2012-03-07,15.34,15.74,15.30,15.44,1850393,28926336.000
2012-03-08,15.58,15.58,15.29,15.42,3341007,51932544.000
2012-03-09,15.48,15.69,15.39,15.65,3015050,47257340.000
2012-03-12,15.63,16.47,15.63,16.37,7314089,118376032.000
2012-03-13,16.29,16.65,16.20,16.43,6200006,102478528.000
2012-03-14,16.45,16.65,15.49,15.74,5894862,96381896.000
2012-03-15,15.69,16.02,15.24,15.88,3882709,61204096.000
2012-03-16,15.94,16.37,15.84,16.32,5317913,86138368.000
2012-03-19,16.32,16.48,16.01,16.33,4550592,74680840.000
2012-03-20,16.36,16.36,15.76,15.78,3521723,56660264.000
2012-03-21,15.88,16.13,15.54,15.91,2459752,39120556.000
2012-03-22,15.89,15.89,15.61,15.70,1245763,19726908.000
2012-03-23,15.64,15.64,15.32,15.41,1893938,29434892.000
2012-03-26,15.43,15.46,15.23,15.37,1494808,23057968.000
2012-03-27,15.37,15.50,15.20,15.24,1274874,19706524.000
2012-03-28,15.19,15.19,14.59,14.64,2536550,37806548.000
2012-03-29,14.60,14.97,14.28,14.94,2216353,32658100.000
2012-03-30,14.85,14.91,14.62,14.69,1981151,29454000.000
2012-04-05,14.60,14.94,14.60,14.90,1841966,27547588.000
2012-04-06,14.90,14.94,14.72,14.80,1438150,21498482.000
2012-04-09,14.81,14.88,14.48,14.49,1373477,20298160.000
2012-04-10,14.49,14.61,14.14,14.59,1473354,21270460.000
2012-04-11,14.49,14.58,14.30,14.43,1052461,15293942.000
2012-04-12,14.38,14.65,14.28,14.64,2632445,38417596.000
2012-04-13,14.64,14.94,14.58,14.92,2178046,32496022.000
2012-04-16,14.91,15.05,14.79,14.87,1296209,19460540.000
2012-04-17,14.89,15.03,14.79,14.87,1450169,21793560.000
2012-04-18,14.89,15.16,14.80,15.05,1964542,29672412.000
2012-04-19,15.02,15.14,15.00,15.08,1050474,15934595.000
2012-04-20,15.08,15.14,14.84,14.89,3129883,47077820.000
2012-04-23,14.89,14.93,14.59,14.82,3053582,45258224.000
2012-04-24,14.66,14.92,14.35,14.65,3040904,44765728.000
2012-04-25,14.64,14.81,14.59,14.78,1598435,23710028.000
2012-04-26,14.78,14.96,14.78,14.94,2693349,40333136.000
2012-04-27,14.99,15.34,14.95,15.10,4618575,70601376.000
2012-05-02,15.38,15.38,15.12,15.24,2818801,43260272.000
2012-05-03,15.23,15.69,15.19,15.40,4068774,63307540.000
2012-05-04,15.40,15.53,15.20,15.50,2956770,45743936.000
2012-05-07,15.44,15.83,15.36,15.72,3902465,61459396.000
2012-05-08,15.72,15.79,15.48,15.58,1885070,29652728.000
2012-05-09,15.55,15.55,15.17,15.19,2396901,36896804.000
2012-05-10,15.19,15.58,15.19,15.32,2749444,42667812.000
2012-05-11,15.42,15.54,15.32,15.49,2131981,33194454.000
2012-05-14,15.67,15.92,15.32,15.54,4326099,68233120.000
2012-05-16,15.43,15.43,15.02,15.34,3331112,50939496.000
2012-05-17,15.15,15.33,15.04,15.27,1643086,25126340.000
2012-05-18,15.19,15.19,14.77,14.78,2010025,30261568.000
2012-05-21,14.78,14.93,14.47,14.77,1502192,22318012.000
2012-05-22,14.96,15.09,14.79,15.05,2362910,35635536.000
2012-05-23,15.07,15.07,14.69,14.96,1597986,23934316.000
2012-05-24,14.84,14.99,14.76,14.85,1038179,15545695.000
2012-05-25,14.88,14.88,14.60,14.66,1280655,19003532.000
2012-05-28,14.49,14.73,14.39,14.72,1514129,22225832.000
2012-05-29,14.79,15.12,14.69,15.03,1990681,29968832.000
2012-05-30,15.03,15.23,13.52,13.97,2290645,34255992.000
2012-05-31,14.77,15.12,14.64,14.78,4984768,74463440.000
2012-06-01,14.84,14.96,14.69,14.81,1763860,26304232.000
2012-06-04,14.71,14.71,14.34,14.35,3160327,46160748.000
2012-06-05,14.37,14.82,14.37,14.77,3033312,44738200.000
2012-06-06,14.76,14.92,14.54,14.67,1882023,27959896.000
2012-06-07,14.79,14.92,14.62,14.76,1929378,28749120.000
2012-06-08,14.89,14.96,14.70,14.83,1605991,24033184.000
2012-06-11,14.83,15.18,14.79,15.14,6051512,92040896.000
2012-06-12,15.10,15.92,15.10,15.43,9673559,152105696.000
2012-06-13,15.50,16.57,15.49,16.46,16869347,273645888.000
2012-06-14,16.27,16.86,16.10,16.23,10739301,178428096.000
2012-06-15,16.29,16.95,16.29,16.42,10503102,176027088.000
2012-06-18,16.59,16.84,16.54,16.67,4931064,82750344.000
2012-06-19,16.75,17.35,16.58,16.75,5910410,100056264.000
2012-06-20,16.75,16.78,16.23,16.39,5623728,92236904.000
2012-06-21,16.36,16.59,16.20,16.44,3931582,64616888.000
2012-06-25,16.40,16.86,16.16,16.18,3055001,50617200.000
2012-06-26,15.95,16.09,15.56,15.96,3007986,47673644.000
2012-06-27,15.96,16.32,15.86,15.98,3250839,52281016.000
2012-06-28,16.04,16.92,16.04,16.61,5829428,96558608.000
2012-06-29,16.60,17.27,16.50,17.25,6140172,104279808.000
2012-07-02,17.32,17.66,17.01,17.29,6368211,110514296.000
2012-07-03,17.19,17.66,16.88,17.55,5742284,99046264.000
2012-07-04,17.42,17.80,17.20,17.71,5396806,94759144.000
2012-07-05,17.60,17.60,17.00,17.02,4784648,82568240.000
2012-07-06,17.15,17.70,17.00,17.58,5997811,104610736.000
2012-07-09,17.50,18.13,17.50,17.79,7280932,130325184.000
2012-07-10,17.80,17.80,16.95,17.35,6900681,119785024.000
2012-07-11,17.30,18.11,17.05,18.09,5096311,89963648.000
2012-07-12,18.09,18.58,17.67,17.82,7434988,135136384.000
2012-07-13,17.74,18.15,17.65,18.04,3705546,66453336.000
2012-07-16,18.14,18.45,17.39,17.42,3862849,69289392.000
2012-07-17,17.29,17.42,16.35,17.18,3976736,67521136.000
2012-07-18,17.02,17.27,16.73,17.06,2792748,47161408.000
2012-07-19,16.95,17.26,16.85,17.00,2622440,44795516.000
2012-07-20,16.99,17.68,16.82,17.15,4414295,76295704.000
2012-07-23,17.00,17.35,16.90,17.21,1973088,33834372.000
2012-07-24,17.08,17.46,16.91,17.40,1969428,33993400.000
2012-07-25,17.35,18.27,17.28,17.94,4772824,85474304.000
2012-07-26,18.00,18.16,17.57,17.60,2540593,45409796.000
2012-07-27,17.63,17.84,16.78,17.25,3681792,63046064.000
2012-07-30,17.23,17.23,16.49,16.51,3008075,50414812.000
2012-07-31,16.48,16.61,16.10,16.27,1816677,29817888.000
2012-08-01,16.35,16.75,16.35,16.65,1257368,20861256.000
2012-08-02,16.70,17.15,16.51,17.05,2519944,42750040.000
2012-08-03,17.00,17.30,16.85,17.20,1225214,20927280.000
2012-08-06,17.10,17.58,17.04,17.45,1951912,33878124.000
2012-08-07,17.50,17.56,17.28,17.42,1348159,23483064.000
2012-08-08,17.42,17.45,16.78,17.09,3104744,52685268.000
2012-08-09,16.94,17.50,16.83,17.45,2084985,35866888.000
2012-08-10,17.46,17.70,17.05,17.59,2322527,40449536.000
2012-08-13,17.49,17.89,17.18,17.27,2798517,49389880.000
2012-08-14,17.27,17.60,17.07,17.53,2020398,34968648.000
2012-08-15,17.55,17.79,17.33,17.50,1737461,30569264.000
2012-08-16,17.50,17.58,17.02,17.09,1654599,28485980.000
2012-08-17,17.02,17.10,16.59,16.83,1707090,28659982.000
2012-08-20,16.68,16.97,16.64,16.95,999756,16818552.000
2012-08-21,16.96,17.40,16.96,17.29,1689778,29171356.000
2012-08-22,17.30,17.48,17.20,17.35,1675916,29086710.000
2012-08-23,17.39,17.47,17.27,17.39,916181,15924785.000
2012-08-24,17.40,17.40,16.98,17.11,1065048,18233996.000
2012-08-27,16.81,16.81,15.97,16.25,6059494,98198880.000
2012-08-28,16.20,16.36,16.12,16.19,2742101,44486112.000
2012-08-29,16.18,16.35,15.80,16.07,1932585,31067356.000
2012-08-30,16.04,16.26,14.98,15.46,2707958,42056468.000
2012-08-31,15.47,15.63,15.38,15.51,975309,15122981.000
2012-09-03,15.51,16.11,15.50,16.10,1065391,16947392.000
2012-09-04,16.00,16.24,15.83,15.85,826515,13267378.000
2012-09-05,15.85,16.11,15.60,15.93,1263242,20127884.000
2012-09-06,15.95,16.11,15.83,15.97,443373,7067438.000
2012-09-07,16.03,16.55,16.03,16.45,2457409,40193320.000
2012-09-10,16.50,16.61,16.12,16.45,2239503,36645576.000
2012-09-11,16.39,16.63,16.20,16.53,1914499,31531588.000
2012-09-12,16.52,16.97,16.52,16.73,1704550,28600984.000
2012-09-13,16.87,16.87,16.57,16.57,941055,15688730.000
2012-09-14,16.68,16.79,16.35,16.43,1086812,17923784.000
2012-09-17,16.48,16.51,15.78,16.00,1445994,23330600.000
2012-09-18,15.90,16.50,15.72,16.45,1412674,22882788.000
2012-09-19,16.44,16.64,16.23,16.60,1350798,22297624.000
2012-09-20,16.65,16.65,16.01,16.16,1152463,18760544.000
2012-09-21,16.10,16.19,15.76,15.76,853186,13590418.000
2012-09-24,15.70,15.91,15.62,15.82,758236,11962833.000
2012-09-25,15.82,15.92,15.52,15.59,793765,12445766.000
2012-09-26,15.61,15.77,15.30,15.42,824417,12741004.000
2012-09-27,15.42,15.80,15.38,15.68,654285,10210526.000
2012-09-28,15.64,15.95,15.55,15.91,739813,11671756.000
2012-10-08,15.92,16.12,15.74,16.08,839990,13451673.000
2012-10-09,16.08,16.52,16.00,16.35,1328523,21750410.000
2012-10-10,16.39,16.50,16.12,16.29,1446809,23488286.000
2012-10-11,16.29,16.51,16.18,16.19,844035,13793764.000
2012-10-12,16.18,16.39,16.00,16.13,522361,8439844.000
2012-10-15,16.13,16.97,16.06,16.92,3266446,54472132.000
2012-10-16,16.85,17.38,16.79,17.09,3407045,58463376.000
2012-10-17,17.08,17.17,16.83,16.98,1021413,17373632.000
2012-10-18,17.00,17.23,16.90,17.04,1752766,29905848.000
2012-10-19,17.02,17.13,16.76,16.88,1217342,20580228.000
2012-10-22,16.89,17.17,16.76,17.11,1311913,22389104.000
2012-10-23,17.20,17.22,16.65,16.80,1281069,21607804.000
2012-10-24,16.78,16.78,16.38,16.43,1271932,21011600.000
2012-10-25,16.42,16.62,16.21,16.24,706241,11589464.000
2012-10-26,16.25,16.35,16.00,16.15,731866,11822323.000
2012-10-29,16.11,16.50,16.11,16.46,805682,13179412.000
2012-10-30,16.45,16.60,16.32,16.37,616873,10158414.000
2012-10-31,16.35,16.53,16.25,16.36,646330,10584578.000
2012-11-01,16.37,16.71,16.35,16.68,1322912,21897772.000
2012-11-02,16.68,16.83,16.57,16.78,763228,12731856.000
2012-11-05,16.80,16.82,16.10,16.23,2005520,32899400.000
2012-11-06,16.21,16.29,16.08,16.25,1171141,18954796.000
2012-11-07,16.26,16.30,16.08,16.17,455727,7361139.000
2012-11-08,16.10,16.27,15.97,16.16,1194004,19280232.000
2012-11-09,16.03,16.18,15.78,15.84,819955,13090369.000
2012-11-12,15.84,16.11,15.73,15.85,1152400,18322624.000
2012-11-13,15.75,16.03,15.74,15.94,1073294,17082580.000
2012-11-14,15.81,16.00,15.81,16.00,496686,7918371.000
2012-11-15,16.00,16.00,15.75,15.85,582781,9237229.000
2012-11-16,15.72,15.77,14.95,15.22,2068292,31247780.000
2012-11-19,15.01,15.18,14.20,14.51,2181620,31993988.000
2012-11-20,14.51,14.60,14.24,14.40,1702991,24605696.000
2012-11-21,14.21,14.45,14.07,14.35,1750739,24964580.000
2012-11-22,14.24,14.25,13.91,13.99,1434679,20163762.000
2012-11-23,14.00,14.35,14.00,14.22,796510,11311710.000
2012-11-26,14.21,14.28,13.98,14.01,898224,12638439.000
2012-11-27,14.00,14.01,13.52,13.56,1159411,15919553.000
2012-11-28,13.63,13.63,13.07,13.13,1173913,15483953.000
2012-11-29,13.15,13.29,13.05,13.09,812502,10695083.000
2012-11-30,13.09,13.25,13.00,13.10,847125,11099381.000
2012-12-03,13.14,13.20,12.60,12.62,1071932,13911817.000
2012-12-04,12.38,12.55,11.89,12.31,2608146,31751176.000
2012-12-05,12.20,13.50,12.08,13.12,3814108,48810348.000
2012-12-06,13.00,13.22,12.79,13.02,2186165,28364952.000
2012-12-07,13.00,13.45,12.86,13.28,2063996,27309400.000
2012-12-10,13.28,13.53,12.89,13.51,5889491,77201624.000
2012-12-11,13.31,13.37,13.11,13.21,3724703,49164624.000
2012-12-12,13.16,13.24,12.95,13.06,2217554,29045954.000
2012-12-13,13.06,13.07,12.78,12.84,1953552,25192792.000
2012-12-14,12.80,13.40,12.75,13.27,3893995,51346260.000
2012-12-17,13.27,13.70,13.14,13.66,5463473,73327688.000
2012-12-18,13.61,14.09,13.57,13.75,5621183,77746632.000
2012-12-19,13.60,13.87,13.59,13.77,2466212,33923984.000
2012-12-20,13.77,13.77,13.52,13.68,1463726,19958286.000
2012-12-21,13.72,13.92,13.64,13.86,2141091,29483720.000
2012-12-24,13.85,14.11,13.69,13.99,2663645,37079640.000
2012-12-25,13.98,14.31,13.86,14.11,3810966,53896048.000
2012-12-26,14.18,14.35,14.08,14.30,2970124,42221516.000
2012-12-27,14.31,14.39,13.97,14.04,2544309,35871928.000
2012-12-28,13.96,14.13,13.80,14.07,1946526,27249870.000
2012-12-31,14.08,14.24,13.87,14.02,2314447,32420416.000
2013-01-04,14.15,14.30,13.68,13.88,2677745,37196880.000
2013-01-07,13.88,14.14,13.80,14.00,3843732,53865120.000
2013-01-08,14.02,14.55,14.00,14.49,7738272,110907320.000
2013-01-09,14.40,14.62,14.26,14.44,3804694,55033588.000
2013-01-10,14.40,14.67,14.27,14.50,2699300,39051628.000
2013-01-11,14.50,14.57,14.00,14.06,2808171,40016104.000
2013-01-14,14.06,14.54,14.05,14.53,4946098,71090776.000
2013-01-15,14.53,15.07,14.45,14.93,5326823,79203104.000
2013-01-16,14.91,15.60,14.81,15.42,7608024,116845736.000
2013-01-17,15.51,16.12,15.37,16.10,9575823,151081360.000
2013-01-18,15.89,16.80,15.78,16.51,7877449,128499352.000
2013-01-21,16.55,16.58,16.03,16.13,5197830,84149464.000
2013-01-22,16.16,16.32,15.79,15.92,5041377,80785696.000
2013-01-23,15.83,16.27,15.74,16.23,4089903,65590088.000
2013-01-24,16.22,16.22,15.53,15.56,3723940,58831632.000
2013-01-25,15.70,16.06,15.50,15.78,2358389,37388948.000
2013-01-28,15.78,16.30,15.78,16.29,2720100,43652880.000
2013-01-29,16.29,16.40,15.90,16.07,3301781,53076176.000
2013-01-30,16.12,16.30,15.68,16.18,9740476,155321824.000
2013-01-31,16.10,16.60,16.02,16.41,5153211,83893880.000
2013-02-01,16.42,16.42,16.07,16.10,2715793,43805424.000
2013-02-04,16.08,16.10,15.50,15.61,4003143,63257596.000
2013-02-05,15.56,15.60,15.19,15.49,3983402,61397132.000
2013-02-06,15.78,16.02,15.49,15.80,3103039,49045728.000
2013-02-07,15.78,16.39,15.75,16.36,3548990,57065396.000
2013-02-08,16.38,17.30,16.27,17.02,5351300,90582400.000
2013-02-18,17.02,17.17,16.81,16.83,3234484,54964120.000
2013-02-19,16.83,16.95,16.33,16.35,2787851,46148968.000
2013-02-20,16.28,17.48,16.21,17.46,5038860,85658768.000
2013-02-21,17.38,17.38,16.66,16.92,4642224,78830104.000
2013-02-22,16.85,17.10,16.70,16.90,2496124,42104988.000
2013-02-25,16.94,17.09,16.62,16.97,2607287,44136964.000
2013-02-26,17.12,17.60,16.79,16.80,4345811,74827320.000
2013-02-27,16.80,16.99,16.35,16.40,3439216,57102580.000
2013-02-28,16.59,16.86,16.42,16.82,2163709,36103900.000
2013-03-01,16.81,17.11,16.66,17.01,3686775,62341800.000
2013-03-04,16.96,17.25,16.50,16.65,4310770,72864232.000
2013-03-05,16.65,17.43,16.58,17.31,4105834,70393272.000
2013-03-06,17.40,17.89,17.25,17.65,5488006,96556144.000
2013-03-07,17.66,17.66,16.99,17.27,4166611,72112192.000
2013-03-08,17.27,17.48,16.89,16.95,2321456,39732480.000
2013-03-11,16.93,17.00,16.63,16.79,3297800,55344308.000
2013-03-12,16.88,16.88,16.00,16.19,3597331,58909980.000
2013-03-13,16.20,16.24,15.87,15.98,1629408,26164892.000
2013-03-14,16.00,16.44,16.00,16.26,2506046,40844864.000
2013-03-15,16.23,16.73,16.10,16.32,1989910,32758888.000
2013-03-18,16.25,16.57,15.98,16.10,1483481,24128016.000
2013-03-19,16.10,16.20,14.98,15.47,5915479,91361912.000
2013-03-20,15.46,15.96,15.33,15.91,3174978,49991552.000
2013-03-21,15.91,16.16,15.81,16.00,2402597,38474232.000
2013-03-22,16.00,16.45,15.90,16.35,3118999,50719144.000
2013-03-25,16.37,16.46,16.15,16.33,1706561,27866258.000
2013-03-26,16.33,16.77,16.01,16.44,3928520,64584780.000
2013-03-27,16.39,17.17,16.39,17.14,7187521,121376224.000
2013-03-28,16.90,17.07,16.67,16.85,4574800,77257312.000
2013-03-29,16.85,17.13,16.58,16.61,2876650,48509616.000
2013-04-01,16.78,16.86,16.36,16.82,2727029,45410004.000
2013-04-02,16.78,16.91,15.68,15.92,4744423,76591088.000
2013-04-03,15.94,16.24,15.84,15.91,1936878,31036750.000
2013-04-08,15.79,16.25,15.50,16.15,1769152,28274008.000
2013-04-09,16.17,16.19,15.85,15.94,1443253,23054484.000
2013-04-10,15.94,16.07,15.62,16.05,2173078,34421856.000
2013-04-11,16.02,16.09,15.93,15.97,1275207,20393728.000
2013-04-12,16.00,16.10,15.63,15.80,1898682,30061592.000
2013-04-15,15.79,15.79,15.25,15.27,2742172,42335240.000
2013-04-16,15.26,15.44,15.05,15.34,2259029,34463216.000
2013-04-17,15.35,15.53,15.09,15.50,2906573,44663744.000
2013-04-18,15.39,15.65,15.13,15.29,3077528,47049192.000
2013-04-19,15.28,16.02,15.28,15.92,4128368,64524652.000
2013-04-22,15.81,16.20,15.68,16.07,2728834,43391264.000
2013-04-23,16.10,16.10,15.21,15.42,2577723,40105472.000
2013-04-24,15.44,15.75,15.28,15.58,1577303,24446074.000
2013-04-25,15.63,16.50,15.40,16.17,5935979,95185080.000
2013-04-26,16.06,16.49,15.73,15.89,3011829,48253960.000
2013-05-02,15.65,15.86,15.31,15.77,3152324,49051248.000
2013-05-03,15.65,16.30,15.65,16.22,3710968,59905692.000
2013-05-06,16.22,16.85,16.22,16.59,5308224,88217952.000
2013-05-07,16.60,16.80,16.39,16.64,3194189,52917876.000
2013-05-08,16.68,16.77,16.50,16.73,2706951,45017952.000
2013-05-09,16.73,16.77,16.21,16.51,3310023,54421800.000
2013-05-10,16.58,17.24,16.40,17.08,7040716,119417968.000
2013-05-13,17.08,17.24,16.83,17.05,3634279,61739792.000
2013-05-14,17.00,17.09,16.57,16.99,2972630,49932600.000
2013-05-15,16.93,17.38,16.83,17.28,3473172,59533072.000
2013-05-16,17.02,17.31,16.97,17.13,3994010,68491024.000
2013-05-17,17.15,17.29,16.89,17.10,3435834,58665344.000
2013-05-20,17.17,17.17,16.48,16.78,6997580,116832648.000
2013-05-21,16.75,16.88,16.55,16.88,3139896,52459824.000
2013-05-22,16.88,16.89,16.49,16.56,5220790,87042688.000
2013-05-23,16.49,16.55,16.29,16.35,4031151,66056044.000
2013-05-24,16.38,16.59,16.33,16.54,2403005,39548116.000
2013-05-27,16.61,16.73,16.44,16.71,3286057,54471432.000
2013-05-28,16.69,17.07,16.52,17.01,4782710,80428472.000
2013-05-29,17.13,17.54,17.11,17.18,6547930,113362688.000
2013-05-30,17.20,17.68,17.20,17.49,7410182,129482088.000
2013-05-31,18.03,19.24,18.02,19.24,21507313,406813792.000
2013-06-03,19.36,19.87,19.05,19.59,21602160,420943648.000
2013-06-04,19.50,19.50,18.65,18.88,10736448,203502944.000
2013-06-05,18.90,19.37,18.33,19.36,11099761,209162576.000
2013-06-06,19.20,19.20,18.42,18.46,8099191,152238432.000
2013-06-07,18.47,18.64,17.81,18.01,6700777,121858320.000
2013-06-13,17.69,17.69,16.81,17.35,6448039,110829712.000
2013-06-14,17.30,17.89,17.19,17.72,6205684,109188208.000
2013-06-17,17.66,18.50,17.58,18.37,6255683,113330160.000
2013-06-18,18.40,18.49,17.90,18.12,4929065,89282928.000
2013-06-19,17.99,17.99,17.41,17.74,4369207,76968976.000
2013-06-20,17.63,18.05,17.11,17.13,5405468,94777192.000
2013-06-21,16.69,17.07,16.40,16.92,4604282,77160496.000
2013-06-24,16.96,16.96,15.48,16.01,5301100,85973808.000
2013-06-25,15.41,16.01,14.53,15.63,6507957,100341440.000
2013-06-26,15.75,16.00,15.41,15.96,5679105,89338600.000
2013-06-27,15.91,16.48,15.62,15.67,5537412,89114976.000
2013-06-28,15.60,15.88,15.15,15.80,3001775,46768240.000
2013-07-01,15.75,16.17,15.60,16.15,3389508,53965364.000
2013-07-02,16.20,16.68,16.01,16.65,5508028,90365792.000
2013-07-03,16.42,16.57,16.07,16.49,3954419,64719504.000
2013-07-04,16.30,16.63,16.21,16.37,3485850,57400104.000
2013-07-05,16.35,16.50,16.08,16.11,2945578,48174832.000
2013-07-08,15.85,15.85,15.05,15.19,3707544,57414824.000
2013-07-09,15.23,15.39,15.07,15.19,3454978,52634704.000
2013-07-10,15.29,15.63,15.08,15.63,3244465,49719656.000
2013-07-11,15.55,16.29,15.50,16.10,5628095,90051200.000
2013-07-12,16.12,16.35,15.98,16.00,5041359,81574800.000
数据来源:通达信
