600495 晋西车轴 日线
      日期	    开盘	    最高	    最低	    收盘	    成交量	    成交额
2007-01-11,11.86,12.17,11.64,11.67,2192849,48516744.000
2007-01-15,11.30,12.61,11.14,12.50,2542356,55732288.000
2007-01-16,12.50,13.40,12.20,13.22,2663829,63165488.000
2007-01-17,13.19,13.61,12.41,12.57,2111526,50992316.000
2007-01-18,12.64,12.86,12.19,12.71,1859202,43027828.000
2007-01-19,13.15,13.74,12.99,13.49,1386446,34443380.000
2007-01-22,13.65,14.85,13.65,14.56,1994024,52944648.000
2007-01-23,14.47,14.62,13.41,14.23,2383210,61839048.000
2007-01-24,14.02,14.50,13.80,14.19,1081609,28459300.000
2007-01-25,14.02,14.09,13.27,13.30,1267407,32069764.000
2007-01-26,12.97,13.35,11.94,12.90,2523800,59665888.000
2007-01-29,12.97,13.34,12.90,13.14,1905430,46103032.000
2007-01-30,13.26,13.46,12.91,12.99,1324227,32290098.000
2007-01-31,12.99,13.60,12.42,12.57,1515610,37111048.000
2007-02-01,12.50,12.85,11.97,12.26,1670926,38439480.000
2007-02-02,12.31,12.60,11.62,11.80,987696,22297640.000
2007-02-05,11.77,11.86,11.02,11.44,1369295,28946268.000
2007-02-06,11.58,12.11,11.41,12.09,780649,16947152.000
2007-02-07,12.36,12.40,12.02,12.13,1283450,29037306.000
2007-02-08,12.25,12.79,11.89,12.61,1093134,25193100.000
2007-02-09,12.55,12.84,12.30,12.42,890631,20582864.000
2007-02-12,11.76,12.75,11.76,12.74,2738034,62270900.000
2007-02-13,12.74,12.94,12.50,12.90,1006226,23713160.000
2007-02-14,12.97,13.52,12.97,13.40,1299156,32136732.000
2007-02-15,13.36,13.75,13.25,13.51,1203818,29965852.000
2007-02-16,13.58,14.50,13.58,14.29,2062543,53680676.000
2007-02-26,14.89,14.89,14.10,14.21,918481,24185916.000
2007-02-27,14.29,14.36,12.75,12.75,2763558,67066684.000
2007-02-28,12.16,13.06,12.11,12.94,1929053,44202000.000
2007-03-01,12.75,12.75,11.75,12.12,1773740,39951104.000
2007-03-02,12.03,12.36,12.03,12.24,630084,14270084.000
2007-03-05,12.16,12.65,12.01,12.49,1298337,29799140.000
2007-03-06,12.49,12.57,12.14,12.49,675079,15498166.000
2007-03-07,12.53,13.30,12.41,13.00,958776,22867754.000
2007-03-08,12.97,13.09,12.71,12.97,717694,17107252.000
2007-03-09,12.97,13.17,12.52,12.62,640043,15091048.000
2007-03-12,12.56,12.56,12.14,12.28,753752,17124120.000
2007-03-13,12.22,12.51,12.19,12.49,1149620,26258514.000
2007-03-14,12.47,12.47,11.89,12.05,1291141,28950552.000
2007-03-15,12.01,12.19,11.96,12.19,1470997,32841176.000
2007-03-16,12.19,12.69,11.86,12.36,3367859,76240896.000
2007-03-19,12.02,12.30,11.77,12.16,1474651,33024248.000
2007-03-20,12.14,12.55,12.14,12.37,1403128,32215076.000
2007-03-21,12.40,12.41,12.00,12.09,2134993,47977532.000
2007-03-22,12.16,12.75,12.10,12.42,3267924,75551568.000
2007-03-23,12.41,12.74,12.29,12.66,1783115,41309584.000
2007-03-26,12.69,12.89,12.41,12.88,2173592,51108980.000
2007-03-27,12.91,12.97,12.69,12.90,1521477,36154312.000
2007-03-28,12.91,12.97,11.94,12.49,1650726,38442768.000
2007-03-29,12.39,12.56,12.09,12.15,1145554,26036968.000
2007-03-30,12.14,12.30,11.97,12.22,1301245,29155724.000
2007-04-02,12.20,12.30,12.04,12.28,1039828,23440992.000
2007-04-03,12.28,12.64,12.20,12.64,1946804,44702212.000
2007-04-04,12.69,13.00,12.65,12.80,2479668,58857200.000
2007-04-05,12.75,12.86,12.52,12.79,1766542,41501016.000
2007-04-06,12.69,13.24,12.52,13.10,2287348,55117520.000
2007-04-09,13.24,13.52,13.08,13.19,2556244,62878128.000
2007-04-10,12.97,13.35,12.52,13.09,1995085,47964128.000
2007-04-11,12.99,13.22,12.72,13.12,3320631,78993392.000
2007-04-12,13.14,13.89,13.12,13.75,4513738,112409168.000
2007-04-13,13.75,14.35,13.08,13.41,3509336,90319800.000
2007-04-16,13.47,13.80,13.47,13.71,2492919,62794880.000
2007-04-17,13.75,13.85,13.08,13.53,2451166,60959536.000
2007-04-18,13.52,13.57,13.19,13.34,2259208,55766436.000
2007-04-19,13.33,14.27,13.23,13.96,6314527,160488368.000
2007-04-23,14.64,14.82,13.97,14.15,6068609,160013664.000
2007-04-24,14.06,14.16,13.59,14.00,3992594,101605160.000
2007-04-25,13.74,13.85,13.25,13.36,2750761,68678600.000
2007-04-26,13.39,13.70,13.13,13.69,3296562,81069416.000
2007-04-27,13.61,13.61,13.18,13.20,1550953,38217328.000
2007-04-30,13.00,13.30,12.72,12.95,2314118,55169256.000
2007-05-08,13.12,13.30,12.86,13.18,2253316,54634276.000
2007-05-09,13.14,13.17,12.47,12.91,2328354,55260440.000
2007-05-10,12.91,13.13,12.57,13.00,2574710,61076216.000
2007-05-11,13.00,13.02,12.57,12.65,2424042,57091816.000
2007-05-14,12.58,12.80,12.36,12.64,1794256,41911116.000
2007-05-15,12.64,13.02,12.64,12.77,2479750,58817124.000
2007-05-16,12.79,13.47,12.77,13.39,3861825,94432288.000
2007-05-17,13.53,13.62,13.39,13.41,4048447,100747992.000
2007-05-18,13.38,13.58,13.25,13.35,2434019,60442900.000
2007-05-21,12.96,13.52,12.75,13.39,2396393,58581160.000
2007-05-22,13.45,13.89,13.40,13.89,5262967,133098544.000
2007-05-23,13.97,14.55,13.89,14.17,4788248,125870944.000
2007-05-24,14.14,14.47,13.52,13.75,3361164,86647904.000
2007-05-25,13.75,14.42,13.75,14.01,3045618,79473224.000
2007-05-28,14.11,15.45,14.11,15.45,7141175,197546992.000
2007-05-29,15.65,16.30,15.60,15.82,6459903,189112832.000
2007-05-30,14.70,15.94,14.22,14.45,5473051,151664800.000
2007-05-31,14.64,15.94,13.64,15.93,7483004,207477744.000
2007-06-01,16.02,17.55,15.64,16.49,6486588,201782848.000
2007-06-04,16.08,16.30,14.80,14.80,3109468,87250616.000
2007-06-05,13.69,15.66,13.39,15.62,6259650,168642272.000
2007-06-06,15.78,16.83,15.59,16.35,4467246,133790336.000
2007-06-07,16.34,17.20,16.34,16.93,2663506,82533920.000
2007-06-08,16.93,17.45,16.58,16.94,2696407,85034624.000
2007-06-11,17.19,17.96,16.86,17.77,3342177,106668720.000
2007-06-12,17.80,17.97,17.04,17.63,2065244,66408652.000
2007-06-13,17.63,18.25,17.40,17.61,2353961,76664160.000
2007-06-14,17.41,17.41,16.86,17.03,1682773,53080632.000
2007-06-15,17.02,17.75,16.59,17.06,1588251,50649264.000
2007-06-18,17.20,17.85,17.07,17.27,2158069,69194712.000
2007-06-19,17.27,17.36,16.62,16.93,3015233,93464720.000
2007-06-20,17.13,17.61,16.31,16.41,2660003,83255168.000
2007-06-21,16.33,16.97,16.08,16.35,1855644,55687400.000
2007-06-22,16.66,16.73,15.00,15.20,2123968,61650892.000
2007-06-25,15.19,16.13,15.16,15.28,2469908,70481688.000
2007-06-26,15.20,16.00,14.89,15.92,1076686,30256180.000
2007-06-27,15.72,16.50,15.44,16.47,1942481,57445788.000
2007-06-28,16.44,16.49,15.44,15.55,1462910,42992840.000
2007-06-29,14.86,15.64,14.83,14.89,1043110,29120546.000
2007-07-02,14.89,15.00,13.64,14.29,1065634,27819692.000
2007-07-03,14.16,14.45,13.76,14.03,2509475,64902808.000
2007-07-04,14.03,14.16,13.11,13.21,1842700,46054656.000
2007-07-05,13.05,13.05,11.86,11.86,2241936,49947424.000
2007-07-06,11.55,12.33,11.32,12.23,1842139,40447300.000
2007-07-09,12.25,13.05,12.11,12.57,1672248,38615396.000
2007-07-10,12.50,12.69,12.10,12.44,1522262,34810816.000
2007-07-11,12.44,13.00,12.21,12.95,1399489,32869096.000
2007-07-12,13.01,13.11,12.83,12.90,934750,22207504.000
2007-07-13,12.83,12.84,12.39,12.59,727813,16757636.000
2007-07-16,12.60,12.61,11.95,12.35,808104,18130360.000
2007-07-17,12.33,12.39,12.21,12.34,611873,13852802.000
2007-07-18,12.34,12.44,12.16,12.27,912711,20667396.000
2007-07-19,12.16,12.16,11.83,11.93,1023607,22459546.000
2007-07-20,11.96,12.37,11.91,12.26,1250978,28008918.000
2007-07-23,12.26,13.05,12.26,13.04,1911943,44881912.000
2007-07-24,13.21,13.55,13.05,13.21,2423679,59310404.000
2007-07-25,13.21,13.42,12.95,13.41,1424887,34521820.000
2007-07-26,13.41,13.91,13.34,13.71,2070538,52283652.000
2007-07-27,13.70,14.39,13.39,14.16,1949736,49652488.000
2007-07-30,14.15,14.50,13.89,14.16,1746330,45317964.000
2007-07-31,13.92,14.16,13.72,13.94,2652413,67582744.000
2007-08-01,14.00,14.27,13.05,13.12,1439771,36400908.000
2007-08-02,13.14,13.60,12.66,13.27,1639215,39748152.000
2007-08-03,13.27,13.60,13.22,13.40,1107557,27198124.000
2007-08-06,13.50,14.05,13.50,13.87,1471166,37124916.000
2007-08-07,14.02,15.28,13.58,15.28,3954894,106321504.000
2007-08-17,16.66,16.84,15.34,15.65,3221377,94478760.000
2007-08-20,15.89,16.27,15.61,16.13,2431852,71255048.000
2007-08-21,16.16,16.37,15.72,15.83,1240470,36033480.000
2007-08-22,15.27,15.55,14.67,15.33,3746291,103717992.000
2007-08-23,15.22,15.40,14.82,14.92,2526595,69168912.000
2007-08-24,14.72,15.14,14.70,15.00,2549213,69417160.000
2007-08-27,15.21,15.27,14.45,14.71,1763794,47858956.000
2007-08-28,14.71,14.71,14.19,14.47,1451581,38418636.000
2007-08-29,14.39,15.80,14.00,15.25,4093043,111987680.000
2007-08-30,15.16,15.57,15.02,15.15,1724608,48186844.000
2007-08-31,15.47,15.49,15.02,15.34,1479052,41285404.000
2007-09-03,15.36,15.44,15.09,15.25,1981400,55569648.000
2007-09-04,15.33,15.72,15.15,15.21,2132271,60312604.000
2007-09-05,15.17,15.41,14.44,14.91,1729655,47174288.000
2007-09-06,14.89,15.15,14.77,14.94,2124919,58165360.000
2007-09-07,15.09,15.55,14.80,15.15,3605373,100590616.000
2007-09-10,15.00,15.90,14.66,15.75,4579762,128472240.000
2007-09-11,15.55,15.91,14.16,14.24,2440889,68450032.000
2007-09-12,14.28,14.59,13.29,13.89,2881953,73749232.000
2007-09-13,12.47,14.85,12.47,14.78,2510814,65807948.000
2007-09-14,14.83,14.88,13.99,14.46,1556143,41160560.000
2007-09-17,14.46,14.66,14.25,14.54,1678608,44450348.000
2007-09-18,14.50,15.05,14.47,14.94,1790813,48599536.000
2007-09-19,14.89,15.27,14.73,14.77,1989597,54861104.000
2007-09-20,14.75,14.93,14.22,14.40,1645479,43696584.000
2007-09-21,14.37,14.54,13.65,13.86,1387833,35581064.000
2007-09-24,13.90,14.61,13.77,14.02,1160213,30136622.000
2007-09-25,14.03,15.46,14.03,15.46,5367691,148684560.000
2007-09-26,15.82,16.39,15.47,15.80,6188280,179801056.000
2007-09-27,15.50,16.16,15.17,15.99,2619295,75546664.000
2007-09-28,16.11,16.69,15.73,16.47,3627588,108857288.000
2007-10-08,17.03,17.39,15.95,16.03,3602668,109203984.000
2007-10-09,16.02,16.44,15.83,15.94,1453001,42852728.000
2007-10-10,15.94,16.27,15.65,15.77,1273962,37221912.000
2007-10-11,15.77,17.37,15.77,17.37,5116338,159453632.000
2007-10-12,17.58,17.72,15.65,16.84,3422298,105391096.000
2007-10-15,16.72,17.82,16.39,17.60,3518862,111757440.000
2007-10-16,17.59,17.71,17.00,17.44,2066307,65346736.000
2007-10-17,17.43,17.43,16.11,16.70,2462403,75519248.000
2007-10-18,16.39,16.39,15.41,15.44,1618481,46645280.000
2007-10-19,15.83,15.83,14.87,14.97,1654944,45981696.000
2007-10-22,14.75,15.27,14.55,14.81,695044,18992182.000
2007-10-23,14.79,15.11,13.84,14.41,926505,24336626.000
2007-10-24,14.53,14.71,14.05,14.22,733964,19146016.000
2007-10-25,14.22,14.51,12.82,12.84,1522690,37070960.000
2007-10-26,12.78,13.05,12.23,12.61,1016712,23491924.000
2007-10-29,12.51,13.00,12.27,13.00,958010,22252140.000
2007-10-30,13.19,13.32,12.70,13.21,725964,17270536.000
2007-10-31,13.64,13.87,13.44,13.57,2091556,52423920.000
2007-11-01,13.05,13.52,12.84,12.91,1332100,32014480.000
2007-11-02,12.58,12.89,12.37,12.48,1028475,23704384.000
2007-11-05,12.50,12.66,12.22,12.55,1089644,25047316.000
2007-11-06,12.49,12.71,12.37,12.44,1119656,25653932.000
2007-11-07,12.50,12.71,12.05,12.28,792395,17947184.000
2007-11-08,12.29,12.41,11.50,11.54,1145341,25030956.000
2007-11-09,11.43,11.65,11.00,11.00,1295351,26830524.000
2007-11-12,10.83,10.96,10.35,10.82,1077924,21237048.000
2007-11-13,10.99,11.20,10.77,10.87,2379099,47800512.000
2007-11-14,10.84,11.15,10.77,11.14,2003598,40623032.000
2007-11-15,11.14,11.14,10.78,10.84,1818497,36598116.000
2007-11-19,11.00,11.66,10.98,11.57,1788163,37487704.000
2007-11-20,11.56,11.98,11.39,11.75,1626570,35101484.000
2007-11-21,11.83,12.11,11.47,11.49,1060045,22875980.000
2007-11-22,11.33,11.44,10.70,10.79,859971,17589080.000
2007-11-23,10.82,11.04,10.52,11.01,615389,12240635.000
2007-11-26,11.13,11.32,10.87,10.96,732556,15045198.000
2007-11-27,10.83,11.00,10.62,10.74,550964,10957878.000
2007-11-28,10.86,10.92,10.66,10.72,429979,8569692.000
2007-11-29,10.87,11.20,10.72,11.09,674560,13637774.000
2007-11-30,11.22,12.11,11.16,11.57,2991963,64265384.000
2007-12-03,11.55,11.55,11.03,11.43,852131,17824080.000
2007-12-04,11.23,11.50,11.23,11.37,595184,12441101.000
2007-12-05,11.40,11.56,11.29,11.50,827108,17427878.000
2007-12-06,11.46,11.66,11.39,11.42,732633,15546600.000
2007-12-07,11.61,11.72,11.43,11.61,1084171,23112184.000
2007-12-10,11.49,11.94,11.32,11.94,1792486,38784408.000
2007-12-11,11.97,12.07,11.78,11.97,1494159,32757980.000
2007-12-12,11.94,12.16,11.80,12.02,1094997,24302288.000
2007-12-13,11.94,12.49,11.94,12.20,2677581,60484748.000
2007-12-14,11.94,12.35,11.87,12.31,1501420,33458774.000
2007-12-17,12.45,13.18,12.35,12.71,2559012,60038644.000
2007-12-18,12.49,13.02,12.15,12.45,1822624,42361992.000
2007-12-19,12.45,12.71,12.44,12.54,987119,22778640.000
2007-12-20,12.53,12.77,12.44,12.74,836049,19446844.000
2007-12-21,13.05,13.55,12.74,12.77,1735383,41340380.000
2007-12-24,12.78,12.97,12.56,12.80,2659927,62589104.000
2007-12-25,12.72,13.05,12.67,12.90,1734634,40935112.000
2007-12-26,12.89,13.51,12.81,13.46,2363188,57371504.000
2007-12-27,13.54,13.72,13.39,13.47,1772934,44176076.000
2007-12-28,13.55,13.79,13.50,13.56,2200393,55189432.000
2008-01-02,13.61,14.15,13.39,14.01,1579237,40088716.000
2008-01-03,14.01,14.39,13.76,14.26,1875634,48190144.000
2008-01-04,14.28,14.44,14.08,14.19,1451104,37806056.000
2008-01-08,14.94,15.55,14.31,14.56,4354688,119417968.000
2008-01-09,14.17,14.55,14.02,14.41,3715430,96993696.000
2008-01-10,14.43,14.66,14.16,14.36,1967092,52254480.000
2008-01-11,14.33,14.36,13.60,13.88,3266576,83204672.000
2008-01-14,13.88,14.27,13.83,14.00,1404662,36276336.000
2008-01-15,14.00,14.41,13.98,14.16,1347673,35113024.000
2008-01-16,14.16,14.55,14.02,14.42,2421723,63755688.000
2008-01-17,14.34,14.47,13.37,13.83,1894592,48451864.000
2008-01-18,13.72,14.00,13.61,13.85,1059955,26935804.000
2008-01-21,14.01,14.30,13.61,13.65,2023219,52274088.000
2008-01-22,13.10,13.26,12.26,12.26,2161971,50366860.000
2008-01-23,12.14,12.94,12.14,12.73,1318755,30423268.000
2008-01-24,13.04,13.61,13.00,13.31,1219745,29913156.000
2008-01-25,13.33,13.33,13.00,13.11,1161906,28015138.000
2008-01-28,13.04,13.04,11.91,11.92,1051453,23862796.000
2008-01-29,11.95,12.32,11.78,11.99,735943,16323696.000
2008-01-30,11.94,12.40,11.94,12.26,935828,21042396.000
2008-01-31,12.39,12.39,11.99,12.06,452938,10184988.000
2008-02-01,13.22,13.22,11.00,11.58,901018,18957348.000
2008-02-04,11.78,12.48,11.77,12.47,1266434,28318398.000
2008-02-05,12.44,12.44,11.97,12.32,925420,20775820.000
2008-02-13,12.32,12.32,11.89,12.14,463718,10288216.000
2008-02-14,12.21,12.39,12.11,12.33,744091,16765209.000
2008-02-15,12.30,12.33,12.00,12.29,456365,10220395.000
2008-02-18,12.36,12.80,12.34,12.78,987255,23049606.000
2008-02-19,12.78,13.24,12.78,13.20,1168511,28074484.000
2008-02-20,13.22,13.44,13.05,13.09,1436996,35198196.000
2008-02-21,13.02,13.48,13.02,13.36,1642197,40065696.000
2008-02-22,13.27,13.59,13.05,13.11,1119626,27299114.000
2008-02-25,13.05,13.48,12.42,12.45,768116,17992724.000
2008-02-26,12.77,12.87,12.17,12.65,646772,14889184.000
2008-02-27,12.72,12.94,12.58,12.81,412956,9703256.000
2008-02-28,12.77,12.94,12.62,12.78,388649,9127354.000
2008-02-29,12.80,13.02,12.68,13.02,558203,13205580.000
2008-03-03,12.80,13.31,12.68,13.29,783635,18897280.000
2008-03-04,13.29,13.47,12.90,12.96,784021,19018472.000
2008-03-05,13.05,13.05,12.05,12.36,1651455,37757496.000
2008-03-06,12.39,12.60,12.15,12.40,836288,19099988.000
2008-03-07,12.28,12.47,12.22,12.25,501906,11360511.000
2008-03-10,12.36,12.36,11.82,11.84,656312,14540727.000
2008-03-11,11.87,11.94,11.40,11.93,549698,11832702.000
2008-03-12,12.15,12.16,11.33,11.34,658600,14185645.000
2008-03-13,11.34,11.34,10.27,10.74,710213,14296068.000
2008-03-14,10.71,10.82,10.50,10.67,535832,10550085.000
2008-03-17,10.61,10.80,10.04,10.06,532999,10209186.000
2008-03-18,10.00,10.16,9.03,9.11,824794,14404197.000
2008-03-19,9.17,9.80,9.17,9.44,517150,9103083.000
2008-03-20,9.39,9.99,8.81,9.74,663310,11608032.000
2008-03-21,9.72,9.89,9.66,9.85,482358,8738646.000
2008-03-24,9.99,9.99,9.44,9.49,466390,8419396.000
2008-03-25,9.30,9.64,9.16,9.54,361412,6313151.000
2008-03-26,9.56,9.77,9.44,9.55,387291,6914029.000
2008-03-27,9.39,9.44,8.97,9.00,405700,6915945.000
2008-03-28,8.99,9.33,8.70,9.29,450242,7562988.000
2008-04-01,8.97,9.11,8.34,8.34,677527,10745254.000
2008-04-02,8.61,8.69,7.60,7.70,569162,8483659.000
2008-04-03,7.66,8.02,7.26,7.91,685647,9832370.000
2008-04-07,7.77,8.42,7.77,8.41,613577,9373380.000
2008-04-08,8.43,8.71,8.28,8.60,613886,9734448.000
2008-04-09,8.44,8.60,7.90,7.91,722506,11135954.000
2008-04-10,7.78,8.16,7.69,8.16,682373,10001742.000
2008-04-11,8.25,8.49,8.05,8.47,1313994,20133980.000
2008-04-14,8.19,8.22,7.71,7.73,655949,9712780.000
2008-04-15,7.72,7.87,7.42,7.80,1007751,14329558.000
2008-04-16,7.81,7.85,7.50,7.53,565180,8093479.000
2008-04-17,7.88,7.88,7.11,7.16,772278,10663049.000
2008-04-18,7.15,7.16,6.76,6.81,473788,6158344.000
2008-04-21,7.32,7.50,6.44,6.60,1342176,17519868.000
2008-04-22,6.44,6.61,6.15,6.59,1269193,15333630.000
2008-04-23,6.54,7.28,6.39,7.28,1437940,18711776.000
2008-04-24,8.03,8.03,7.84,8.03,3010384,44992824.000
2008-04-25,8.21,8.54,7.99,8.28,4259490,65964960.000
2008-04-28,7.91,8.15,7.89,8.02,1646139,24634016.000
2008-04-29,8.00,8.31,7.87,8.14,1026980,15587237.000
2008-04-30,8.05,8.41,7.77,8.33,2453323,37936420.000
2008-05-05,8.43,9.10,8.34,9.05,3029102,49679372.000
2008-05-06,9.00,9.05,8.69,8.84,1743263,28797600.000
2008-05-07,8.83,8.94,8.20,8.34,1722782,27725326.000
2008-05-08,8.33,8.77,8.18,8.72,1628027,25952968.000
2008-05-09,8.79,8.91,8.41,8.56,1501429,24256464.000
2008-05-12,8.36,8.89,8.28,8.86,1409060,22581516.000
2008-05-13,8.49,9.16,8.42,9.11,2142779,35022588.000
2008-05-14,9.10,9.31,8.99,9.03,1906410,32339678.000
2008-05-19,8.94,8.94,8.39,8.53,1271044,20236320.000
2008-05-20,8.65,8.65,7.66,7.73,1008306,15467488.000
2008-05-21,7.59,7.94,7.38,7.80,1366296,19295924.000
2008-05-22,7.73,7.96,7.60,7.61,950441,13761120.000
2008-05-23,7.60,7.73,7.39,7.55,796666,11196141.000
2008-05-26,7.55,7.55,7.16,7.27,1160284,15821817.000
2008-05-27,7.25,7.36,7.16,7.33,608218,8254801.000
2008-05-28,7.41,7.83,7.38,7.73,1265600,18114240.000
2008-05-29,7.63,7.72,7.44,7.44,1059996,15045571.000
2008-05-30,7.41,7.73,7.41,7.69,886425,12630283.000
2008-06-02,7.72,8.18,7.65,8.03,1167793,17328560.000
2008-06-03,7.94,8.17,7.85,7.92,1218256,18201816.000
2008-06-04,7.97,8.32,7.85,8.30,1477775,22269644.000
2008-06-05,8.29,8.36,8.12,8.16,1145476,17552428.000
2008-06-06,8.09,8.19,7.67,7.76,975643,14354142.000
2008-06-10,7.32,7.48,6.99,7.07,1117684,15174014.000
2008-06-11,6.98,7.20,6.87,7.08,550501,7283024.000
2008-06-12,6.86,7.26,6.86,7.24,828939,10965890.000
2008-06-13,7.25,7.36,6.72,6.81,549666,7237589.000
2008-06-16,6.83,6.93,6.33,6.41,818740,9971053.000
2008-06-17,6.39,6.48,5.83,5.86,1258537,14392863.000
2008-06-18,5.88,6.32,5.65,6.21,1707326,19250960.000
2008-06-19,6.11,6.11,5.56,5.56,1288454,14186807.000
2008-06-20,5.60,5.90,5.27,5.48,1134564,12000055.000
2008-06-23,5.50,5.65,5.27,5.61,823549,8642812.000
2008-06-24,5.66,5.83,5.52,5.81,811550,8725236.000
2008-06-25,5.83,6.34,5.77,6.30,1595059,18246048.000
2008-06-26,6.54,6.54,6.16,6.27,1204549,14258943.000
2008-06-30,5.77,5.99,5.66,5.94,637218,6989047.000
2008-07-01,5.83,6.10,5.69,5.84,551456,6201419.000
2008-07-02,5.88,6.02,5.79,5.89,319600,3562017.000
2008-07-03,5.86,6.37,5.66,6.20,1111010,12725768.000
2008-07-04,6.16,6.27,5.89,5.99,1517301,17275112.000
2008-07-07,5.94,6.47,5.88,6.43,2059211,24328100.000
2008-07-08,6.44,6.88,6.33,6.85,2610519,32445688.000
2008-07-09,6.77,6.94,6.70,6.92,2547395,32588836.000
2008-07-10,6.72,6.89,6.67,6.71,1875766,23839460.000
2008-07-11,6.72,6.76,6.46,6.62,1175548,14518896.000
2008-07-14,6.60,6.76,6.48,6.75,850791,10602805.000
2008-07-15,6.76,6.85,6.50,6.52,1339159,16691601.000
2008-07-16,6.49,6.64,5.91,6.15,1370245,16153344.000
2008-07-17,6.27,6.39,6.11,6.13,910352,10678489.000
2008-07-18,6.21,6.57,6.14,6.56,1036336,12375277.000
2008-07-21,6.57,7.00,6.50,6.96,2866353,36872872.000
2008-07-22,6.99,7.06,6.77,6.94,1959499,25377736.000
2008-07-23,6.94,7.07,6.77,6.78,1355137,17471608.000
2008-07-24,6.88,7.32,6.76,7.31,3298587,43666832.000
2008-07-25,7.19,7.65,7.07,7.34,3595124,49840736.000
2008-07-28,7.43,8.10,7.37,8.01,4637609,67553960.000
2008-07-29,7.77,7.97,7.51,7.65,3043657,43827892.000
2008-07-30,7.78,8.20,7.66,7.78,2627461,38785008.000
2008-07-31,7.78,7.89,7.37,7.38,1671175,23407674.000
2008-08-01,7.53,7.53,6.96,7.38,1606681,21885194.000
2008-08-04,7.31,7.69,7.22,7.50,1560954,21804560.000
2008-08-05,7.60,7.86,7.50,7.77,2876156,41562660.000
2008-08-06,7.87,8.01,7.58,7.90,2543677,37044288.000
2008-08-07,7.90,8.44,7.61,8.27,4877119,74608320.000
2008-08-08,8.27,8.39,7.69,7.81,2701862,40302852.000
2008-08-11,7.86,7.98,7.00,7.07,2186052,29885260.000
2008-08-12,6.81,7.62,6.80,7.44,2196975,30169692.000
2008-08-13,7.33,7.72,7.17,7.67,2013135,28321712.000
2008-08-14,7.76,8.14,7.51,8.03,2262849,33473356.000
2008-08-15,7.99,8.11,7.77,7.95,1524065,22641718.000
2008-08-18,7.99,8.11,7.29,7.34,2156690,30354624.000
2008-08-19,7.22,8.10,7.05,8.10,2343382,34154692.000
2008-08-20,8.10,8.86,8.03,8.65,5340693,84267232.000
2008-08-21,8.48,8.91,8.27,8.72,4334003,68715848.000
2008-08-22,8.68,8.69,8.25,8.43,1664870,26019052.000
2008-08-25,8.57,8.61,8.22,8.33,1178786,18225154.000
2008-08-26,8.19,8.38,7.61,8.35,1814179,26677976.000
2008-08-27,8.14,8.58,8.09,8.48,2474874,38305484.000
2008-08-28,8.41,8.54,7.97,8.02,1468097,22338884.000
2008-08-29,8.02,8.38,7.81,8.18,2035484,30493884.000
2008-09-01,8.12,8.12,7.87,7.92,1058870,15531091.000
2008-09-02,7.87,7.91,7.31,7.45,1833396,25550512.000
2008-09-03,7.36,7.56,7.31,7.45,1079157,14874336.000
2008-09-04,7.41,7.57,7.20,7.35,975037,13272997.000
2008-09-05,7.03,7.19,6.59,6.86,1487284,19063540.000
2008-09-08,6.47,6.85,6.37,6.51,1217000,14771851.000
2008-09-09,6.57,6.74,6.52,6.68,847188,10454583.000
2008-09-10,6.69,7.05,6.52,6.91,1170554,14854013.000
2008-09-11,6.86,6.96,6.62,6.89,919606,11546722.000
2008-09-12,6.97,7.00,6.80,6.87,491842,6296940.000
2008-09-16,6.94,7.24,6.75,7.17,1504185,19570832.000
2008-09-17,7.22,7.30,7.08,7.10,822893,10891562.000
2008-09-18,7.03,7.24,6.80,7.13,1454565,18916496.000
2008-09-19,7.87,7.87,7.63,7.87,1225397,17727616.000
2008-09-22,8.41,8.61,8.02,8.12,3354305,51354056.000
2008-09-23,7.91,8.08,7.68,7.75,1584637,22924908.000
2008-09-24,7.63,8.28,7.56,8.26,1692534,24890112.000
2008-09-25,8.33,8.47,8.14,8.23,2256568,34386104.000
2008-09-26,8.16,8.32,7.95,8.21,1615440,24079806.000
2008-10-06,8.11,8.11,7.58,7.97,927438,13566986.000
2008-10-07,7.78,8.22,7.57,8.16,914417,13363063.000
2008-10-08,7.97,8.26,7.84,7.96,873693,13013905.000
2008-10-09,8.08,8.14,7.69,7.78,953227,13962233.000
2008-10-10,7.58,7.75,7.47,7.57,1281825,17966074.000
2008-10-13,7.52,8.35,7.31,8.35,1813587,26550596.000
2008-10-14,8.67,8.89,8.20,8.24,3240433,51328824.000
2008-10-15,8.67,8.69,8.25,8.55,1841757,28754860.000
2008-10-16,8.25,8.36,7.96,8.02,1706363,25718024.000
2008-10-17,8.05,8.76,8.05,8.72,4301904,67834576.000
2008-10-20,8.69,9.12,8.52,8.97,3513684,57027832.000
2008-10-21,8.98,9.08,8.47,8.55,3127619,50646028.000
2008-10-22,8.47,8.75,8.16,8.33,2885712,45007664.000
2008-10-23,8.02,8.40,7.97,8.37,2170505,32777886.000
2008-10-24,8.39,8.91,7.80,8.74,5091645,77520128.000
2008-10-27,8.48,8.80,8.01,8.09,4291582,66617812.000
2008-10-28,8.40,8.63,7.97,8.62,3352193,51644756.000
2008-10-29,8.68,8.78,8.15,8.34,2832330,43773864.000
2008-10-30,8.33,8.53,8.06,8.46,2840900,43599436.000
2008-10-31,8.51,8.51,8.06,8.07,1624679,24566636.000
2008-11-03,7.97,8.39,7.81,8.21,1778637,26779150.000
2008-11-04,8.14,8.20,7.68,7.70,2465128,35915300.000
2008-11-05,7.63,8.08,7.61,7.82,2210596,31958656.000
2008-11-06,7.58,8.07,7.58,7.85,1971505,28885564.000
2008-11-07,7.65,8.09,7.65,8.02,1898962,28053048.000
2008-11-10,8.14,8.84,8.14,8.84,4563598,72594000.000
2008-11-11,8.91,9.07,8.69,8.76,4774070,78296840.000
2008-11-12,8.80,8.96,8.59,8.94,3257474,52690836.000
2008-11-13,8.82,9.86,8.82,9.86,7660358,135932816.000
2008-11-14,10.15,10.86,9.93,10.86,10692446,206458896.000
2008-11-17,10.93,11.36,10.49,11.06,9281314,186280880.000
2008-11-18,10.80,11.66,10.41,10.54,9517866,190824032.000
2008-11-19,10.42,11.52,9.99,11.16,7380827,145154000.000
2008-11-20,10.86,11.13,10.41,10.49,5128658,100114456.000
2008-11-21,10.14,10.89,9.89,10.30,5436394,103661336.000
2008-11-24,10.33,10.36,9.63,9.70,4227283,76797184.000
2008-11-25,9.97,10.21,9.59,9.92,3677299,66759648.000
2008-11-26,9.90,10.33,9.75,10.13,3313556,61402780.000
2008-11-27,10.89,10.97,9.91,9.99,5014043,97054112.000
2008-11-28,10.02,10.41,9.85,9.87,3486657,64817248.000
2008-12-01,9.75,10.25,9.62,10.24,3348677,61598656.000
2008-12-02,10.02,10.66,9.92,10.46,3593462,68551832.000
2008-12-03,10.70,11.16,10.59,10.89,4373952,87389640.000
2008-12-04,10.93,11.12,10.62,10.68,4677525,93198432.000
2008-12-05,10.46,10.79,10.46,10.69,2338051,45508780.000
2008-12-08,10.80,11.75,10.80,11.62,4618092,96764752.000
2008-12-09,11.62,11.62,10.91,10.96,3548079,72497272.000
2008-12-10,10.83,11.17,10.70,11.12,2985651,59767500.000
2008-12-11,11.02,11.14,10.25,10.33,4092285,79650824.000
2008-12-12,10.19,10.29,9.87,10.01,2458453,45290932.000
2008-12-15,10.14,10.31,9.98,10.27,1838979,34245768.000
2008-12-16,10.27,10.69,10.08,10.67,1914169,36382332.000
2008-12-17,10.67,10.75,10.41,10.47,2165313,42036016.000
2008-12-18,10.34,10.55,10.19,10.49,1659440,31493076.000
2008-12-19,10.47,10.85,10.41,10.48,1913866,37255584.000
2008-12-22,10.50,10.58,10.08,10.19,2187863,41310980.000
2008-12-23,10.27,10.28,9.15,9.15,3614690,63942280.000
2008-12-24,9.18,9.59,9.14,9.47,3290137,56699480.000
2008-12-25,9.51,9.58,9.22,9.31,1632078,28160112.000
2008-12-26,9.26,9.61,9.26,9.45,1782163,31041206.000
2008-12-29,9.37,9.87,9.19,9.85,2470042,43896308.000
2008-12-30,9.72,9.89,9.59,9.66,1344995,24022056.000
2008-12-31,9.68,9.84,9.52,9.56,1228702,21933388.000
2009-01-05,9.64,10.17,9.64,10.12,2576176,47132272.000
2009-01-06,10.13,10.35,10.02,10.30,3766209,70853344.000
2009-01-07,10.29,10.35,10.08,10.09,2172069,40608380.000
2009-01-08,9.90,9.96,9.58,9.71,2355013,42243764.000
2009-01-09,9.56,9.91,9.56,9.81,2058556,37062304.000
2009-01-12,9.82,10.12,9.75,9.95,1885709,34683792.000
2009-01-13,9.91,9.91,9.47,9.52,1862735,32961216.000
2009-01-14,9.27,9.77,9.27,9.76,2214767,39390464.000
2009-01-15,9.73,10.64,9.69,10.46,4721870,88477184.000
2009-01-16,10.44,10.63,10.18,10.34,3915286,74903456.000
2009-01-19,10.41,10.56,10.19,10.28,1766218,33353172.000
2009-01-20,10.27,10.47,10.12,10.32,1708214,32249740.000
2009-01-21,10.16,10.40,10.14,10.19,1534711,28863016.000
2009-01-22,10.25,10.46,10.14,10.43,2018010,38256132.000
2009-01-23,10.41,10.47,10.15,10.21,1729227,32574988.000
2009-02-02,10.36,10.71,10.19,10.70,3483689,67301512.000
2009-02-03,10.70,11.25,10.61,11.02,4176804,83143288.000
2009-02-04,10.97,11.11,10.76,10.90,3319893,66286804.000
2009-02-05,10.89,11.18,10.80,10.91,4176970,83833632.000
2009-02-06,10.82,11.14,10.80,11.09,3326033,67276416.000
2009-02-09,11.22,11.35,11.01,11.16,3658184,74681040.000
2009-02-10,11.03,11.29,10.80,11.09,3500541,70785232.000
2009-02-11,10.92,12.19,10.80,12.00,7858083,169389936.000
2009-02-12,11.88,11.91,11.45,11.72,3619353,77397592.000
2009-02-13,11.75,12.02,11.68,11.95,3964472,86014928.000
2009-02-16,12.02,12.08,11.51,11.78,3777157,81351760.000
2009-02-17,11.81,12.52,11.58,11.62,4948436,109245552.000
2009-02-18,11.39,11.89,10.92,11.09,3427187,71426608.000
2009-02-19,11.24,11.43,11.02,11.19,2380290,48824588.000
2009-02-20,11.22,12.08,11.22,11.81,3882113,83430192.000
2009-02-23,11.89,12.39,11.81,12.25,4275723,94581952.000
2009-02-24,12.07,12.23,11.19,11.34,4473754,95927872.000
2009-02-25,11.44,11.80,11.34,11.71,3015178,63785680.000
2009-02-27,10.69,11.02,10.52,10.52,2937541,56984568.000
2009-03-02,10.14,10.34,9.69,10.12,4155582,76659576.000
2009-03-03,9.80,10.41,9.70,10.32,3998605,73627216.000
2009-03-04,10.30,10.83,10.19,10.73,4648039,89806792.000
2009-03-05,10.84,10.89,10.20,10.47,5577305,107707424.000
2009-03-06,10.27,10.28,10.05,10.23,2693392,50235352.000
2009-03-09,10.55,10.55,9.82,9.85,2565260,47917400.000
2009-03-10,9.75,10.07,9.72,10.03,1972699,35740072.000
2009-03-11,10.15,10.25,9.85,9.86,1840381,33980848.000
2009-03-12,9.86,10.30,9.84,10.29,2567993,47524144.000
2009-03-13,10.23,10.42,10.05,10.09,2064151,38718832.000
2009-03-16,10.11,10.17,9.81,10.10,1380174,25317218.000
2009-03-17,10.12,10.50,10.12,10.46,3228448,61445788.000
2009-03-18,10.57,10.61,10.36,10.47,3249702,62443476.000
2009-03-19,10.46,10.57,10.39,10.55,2812509,54124588.000
2009-03-23,10.52,10.87,10.36,10.79,3364514,65894000.000
2009-03-24,10.93,10.97,10.76,10.80,2523305,50043192.000
2009-03-25,10.76,10.76,10.36,10.36,2706666,52205384.000
2009-03-26,10.29,10.49,10.09,10.47,1956425,37055856.000
2009-03-27,10.52,10.82,10.40,10.62,3258207,63281536.000
2009-03-30,10.62,10.62,10.42,10.46,1907919,36671156.000
2009-03-31,10.35,10.43,10.11,10.41,1976395,37327792.000
2009-04-01,10.52,11.36,10.42,11.29,5482446,108850128.000
2009-04-02,11.29,11.30,11.08,11.11,4820730,98754936.000
2009-04-03,11.11,11.21,10.75,10.79,3394878,67822152.000
2009-04-07,10.80,11.14,10.80,10.97,2355600,47450080.000
2009-04-08,10.94,11.12,10.48,10.49,2624956,52097952.000
2009-04-09,10.45,10.58,10.19,10.53,2210133,42119108.000
2009-04-10,10.59,10.75,10.47,10.71,2606558,50822436.000
2009-04-13,10.80,11.01,10.71,10.82,3358926,66760324.000
2009-04-14,10.86,11.30,10.86,11.08,4286228,87402880.000
2009-04-15,10.96,11.27,10.85,11.25,3931557,79856864.000
2009-04-16,11.35,11.83,11.03,11.59,5895725,123651488.000
2009-04-17,11.48,11.51,10.97,11.03,3701762,75868184.000
2009-04-20,11.02,11.25,10.97,11.24,2516600,51456104.000
2009-04-21,11.14,11.19,10.86,11.01,2421829,48860504.000
2009-04-22,11.03,11.43,10.54,10.56,3803155,77356032.000
2009-04-23,10.48,10.70,10.30,10.63,2290383,43972924.000
2009-04-24,10.65,10.74,10.41,10.44,1762854,34230004.000
2009-04-27,10.49,10.58,10.00,10.01,2037552,38150668.000
2009-04-28,9.89,10.21,9.81,10.08,2028992,37365752.000
2009-04-29,10.09,10.34,10.08,10.25,2210268,41571068.000
2009-04-30,10.25,10.56,10.25,10.35,1978900,37781892.000
2009-05-04,10.32,10.61,10.32,10.58,1882525,36329940.000
2009-05-05,10.61,10.76,10.52,10.61,3278704,63733304.000
2009-05-06,10.58,10.74,10.50,10.70,2204546,43067944.000
2009-05-07,10.75,10.90,10.47,10.62,2266477,44361496.000
2009-05-08,10.48,10.64,10.37,10.44,1812018,34864672.000
2009-05-11,10.51,10.66,9.97,10.02,2079132,39025748.000
2009-05-12,9.91,10.34,9.91,10.33,1369978,25461710.000
2009-05-13,10.44,10.44,10.23,10.28,1116148,21092938.000
2009-05-14,10.23,10.23,10.02,10.16,1121740,20832504.000
2009-05-15,10.19,10.27,10.12,10.21,971748,18170932.000
2009-05-18,10.20,10.36,10.01,10.35,883607,16496883.000
2009-05-19,10.35,10.46,10.32,10.46,1178106,22383196.000
2009-05-20,10.47,10.74,10.46,10.54,1990181,38601776.000
2009-05-21,10.58,10.61,10.22,10.26,1285071,24264246.000
2009-05-22,10.26,10.30,10.06,10.17,1013174,18739358.000
2009-05-25,10.11,10.11,9.80,10.06,1193413,21652360.000
2009-05-26,10.36,10.36,10.11,10.15,1163055,21668484.000
2009-05-27,10.14,10.24,10.03,10.10,764388,14100789.000
2009-06-01,10.24,10.46,10.14,10.30,1486496,27990028.000
2009-06-02,10.33,10.55,10.22,10.42,1721546,32785632.000
2009-06-03,10.31,10.41,10.22,10.26,1842279,34566828.000
2009-06-04,10.25,10.68,10.24,10.68,2840676,54411312.000
2009-06-05,10.70,10.74,10.41,10.49,2288774,43948916.000
2009-06-08,10.50,10.57,10.26,10.27,1539260,29112816.000
2009-06-09,10.27,10.30,10.08,10.20,1329994,24636456.000
2009-06-10,10.26,10.70,10.15,10.53,2840754,54583312.000
2009-06-11,10.55,10.57,10.36,10.47,1803265,34356032.000
2009-06-12,10.52,10.68,10.39,10.66,2831606,54388004.000
2009-06-15,10.72,11.19,10.72,10.96,5046067,101393400.000
2009-06-16,10.91,10.97,10.69,10.74,2163164,42547880.000
2009-06-17,10.70,10.89,10.69,10.89,1512345,29718964.000
2009-06-18,10.89,10.91,10.66,10.70,2278132,44728732.000
2009-06-19,10.72,11.25,10.62,11.12,4965934,100009472.000
2009-06-22,11.24,11.24,10.76,10.78,2626849,52415680.000
2009-06-23,10.58,10.81,10.57,10.63,2004361,38920192.000
2009-06-24,10.59,10.89,10.58,10.70,1465279,28678232.000
2009-06-25,10.70,10.77,10.57,10.59,1331432,25788036.000
2009-06-26,10.59,10.86,10.57,10.80,1686217,33014528.000
2009-06-29,10.79,10.85,10.65,10.71,1403031,27432108.000
2009-06-30,10.71,10.80,10.41,10.44,1865741,36015324.000
2009-07-01,10.34,10.69,10.34,10.61,1935384,37163788.000
2009-07-02,10.64,10.67,10.46,10.50,1386222,26674056.000
2009-07-03,10.49,10.52,10.32,10.52,1659436,31554778.000
2009-07-06,10.47,10.58,10.35,10.40,1306456,24802700.000
2009-07-07,10.41,10.66,10.37,10.55,1575068,30265724.000
2009-07-08,10.52,10.67,10.48,10.67,1467761,28359640.000
2009-07-09,10.67,11.09,10.67,10.98,3938601,78680400.000
2009-07-10,11.01,11.02,10.77,10.84,2213590,43810044.000
2009-07-13,10.82,11.18,10.78,10.93,2401422,48274128.000
2009-07-14,11.14,11.24,11.06,11.20,3574662,72695296.000
2009-07-15,11.17,11.41,11.17,11.29,3203082,65948000.000
2009-07-16,11.29,11.38,11.09,11.16,2666384,54456520.000
2009-07-17,11.15,11.35,11.14,11.22,1982065,40565860.000
2009-07-20,11.22,11.52,11.22,11.42,2724699,56437856.000
2009-07-21,11.42,11.42,10.91,10.92,3578547,72314592.000
2009-07-22,10.94,11.09,10.90,10.97,1706800,34185612.000
2009-07-23,10.98,11.16,10.97,11.11,1527401,30771558.000
2009-07-24,11.16,11.30,10.87,10.97,2390487,48241832.000
2009-07-27,10.93,11.27,10.93,11.19,2236489,45398384.000
2009-07-28,11.19,11.50,11.07,11.43,3349335,69085584.000
2009-07-29,11.37,11.65,10.41,10.74,3557357,72742112.000
2009-07-30,10.86,11.00,10.47,10.78,2149828,41979228.000
2009-07-31,10.90,11.13,10.80,11.12,2128798,42790936.000
2009-08-03,11.17,11.58,11.14,11.44,3682499,76470776.000
2009-08-04,11.44,12.02,11.19,11.92,5197450,109144528.000
2009-08-05,11.83,12.33,11.74,11.92,5533398,120942296.000
2009-08-06,11.75,11.90,11.36,11.44,3014373,63765828.000
2009-08-07,11.41,12.27,11.41,11.94,6295095,137252720.000
2009-08-10,12.22,12.33,11.52,12.06,3760250,82201896.000
2009-08-11,12.00,12.06,11.69,11.80,2062605,44567352.000
2009-08-12,11.80,12.18,11.42,11.47,3195346,69143104.000
2009-08-13,11.44,11.64,10.91,11.23,2249751,45957280.000
2009-08-14,11.23,11.36,10.72,10.80,2890674,57316380.000
2009-08-17,10.75,11.02,10.41,10.42,2487100,48755124.000
2009-08-18,10.69,10.69,10.32,10.66,1565455,30136460.000
2009-08-19,10.66,10.73,10.22,10.22,1760114,33599920.000
2009-08-20,10.22,10.55,10.19,10.54,1633760,31049368.000
2009-08-21,10.35,10.56,9.99,10.52,3774919,70809032.000
2009-08-24,10.42,10.79,10.22,10.67,3800525,73035920.000
2009-08-25,10.66,10.66,10.04,10.25,2761182,51742472.000
2009-08-26,10.24,10.58,10.11,10.57,2803942,53505232.000
2009-08-27,10.47,10.70,10.42,10.56,2029084,39167816.000
2009-08-28,10.69,10.96,10.52,10.84,4049555,79358184.000
2009-08-31,10.64,10.68,9.86,9.92,2511624,47067976.000
2009-09-01,9.87,10.02,9.31,9.44,2133695,37639412.000
2009-09-02,9.44,9.54,9.04,9.42,1551358,26386640.000
2009-09-03,9.45,9.84,9.39,9.77,1972629,34780256.000
2009-09-04,9.74,10.05,9.62,9.90,2367315,42401428.000
2009-09-07,9.96,10.01,9.77,9.91,2368281,42814648.000
2009-09-08,9.86,10.10,9.69,9.94,1989822,35944932.000
2009-09-09,9.95,10.00,9.72,9.86,1947386,34960196.000
2009-09-10,9.88,10.02,9.82,9.91,1966121,35709264.000
2009-09-11,9.89,10.06,9.75,10.00,2060414,37505432.000
2009-09-14,10.08,10.19,9.97,10.18,2360220,43507356.000
2009-09-15,10.19,10.29,10.05,10.17,2054106,38099912.000
2009-09-16,10.17,10.19,9.86,9.92,2169089,39504368.000
2009-09-17,9.92,10.24,9.92,10.22,2463805,45516532.000
2009-09-18,10.29,10.29,9.86,9.92,2341884,43281520.000
2009-09-21,9.81,9.91,9.60,9.84,1680516,29888512.000
2009-09-22,9.81,9.97,9.75,9.77,1463568,26395464.000
2009-09-23,9.76,9.80,9.34,9.39,1418799,24853700.000
2009-09-24,9.39,9.56,9.14,9.47,1165981,19979544.000
2009-09-25,9.47,9.47,9.28,9.31,936941,15994381.000
2009-09-28,9.30,9.44,9.04,9.11,817719,13834654.000
2009-09-29,9.14,9.18,8.70,8.80,1049735,17020284.000
2009-09-30,8.85,8.95,8.84,8.85,819780,13327577.000
2009-10-09,8.92,9.26,8.91,9.24,902800,15048024.000
2009-10-12,9.23,9.30,9.19,9.24,642547,10867460.000
2009-10-13,9.25,9.36,9.19,9.36,754067,12773360.000
2009-10-14,9.47,9.54,9.39,9.40,1151062,19878214.000
2009-10-15,9.47,9.52,9.37,9.40,1024029,17630958.000
2009-10-16,9.41,9.54,9.36,9.46,768656,13240830.000
2009-10-19,9.56,9.79,9.47,9.70,1607780,28290880.000
2009-10-20,9.71,9.77,9.60,9.76,1664097,29505370.000
2009-10-21,9.72,9.83,9.64,9.65,1210189,21523160.000
2009-10-22,9.59,10.20,9.51,9.76,1474875,25823664.000
2009-10-23,9.85,10.12,9.78,9.94,2608089,47546608.000
2009-10-26,9.94,9.95,9.70,9.88,1069938,19129344.000
2009-10-27,9.84,9.84,9.40,9.41,1417746,24724080.000
2009-10-28,9.36,9.54,9.30,9.49,794559,13653059.000
2009-10-29,9.35,9.41,9.28,9.36,539913,9232361.000
2009-10-30,9.54,9.55,9.35,9.39,827507,14275676.000
2009-11-02,9.24,9.53,9.09,9.49,1168711,19851300.000
2009-11-03,9.53,9.75,9.47,9.71,1659776,29270832.000
2009-11-04,9.72,9.91,9.70,9.78,1744260,31247240.000
2009-11-05,9.91,10.07,9.81,10.00,2716486,49493412.000
2009-11-06,10.00,10.02,9.85,9.90,2553590,46168576.000
2009-11-09,9.87,10.09,9.82,10.02,1786039,32368008.000
2009-11-10,10.04,10.11,9.94,10.01,1819211,33284232.000
2009-11-11,10.02,10.12,9.92,10.06,1827556,33514892.000
2009-11-12,10.03,10.15,9.96,9.99,1900890,34850192.000
2009-11-13,9.95,10.06,9.85,10.01,1308317,23772208.000
2009-11-17,10.30,10.37,10.08,10.16,3813631,71101416.000
2009-11-18,10.24,10.87,10.16,10.85,5477009,105896624.000
2009-11-19,10.81,10.91,10.66,10.82,3658078,71715448.000
2009-11-20,10.86,11.07,10.71,10.81,2886053,57286212.000
2009-11-23,10.81,11.19,10.77,11.00,2236165,44780884.000
2009-11-24,11.01,11.07,10.14,10.24,3262979,63521228.000
2009-11-25,10.17,10.55,10.08,10.53,2048298,38668084.000
2009-11-26,10.57,10.60,9.97,10.01,2602242,48840448.000
2009-11-27,9.86,10.02,9.73,9.88,1559200,28010748.000
2009-11-30,9.89,10.39,9.89,10.37,1965198,36540260.000
2009-12-01,10.30,10.51,10.25,10.47,1612452,30588248.000
2009-12-02,10.48,10.64,10.47,10.52,1762526,33906236.000
2009-12-03,10.51,10.96,10.44,10.86,2864338,56060752.000
2009-12-04,10.84,10.91,10.41,10.59,2775396,53928524.000
2009-12-07,10.48,10.69,10.48,10.67,1350432,26133520.000
2009-12-08,10.68,10.95,10.47,10.89,2024604,39623832.000
2009-12-09,10.85,10.87,10.53,10.57,1472099,28720372.000
2009-12-10,10.59,10.73,10.55,10.69,947875,18387602.000
2009-12-11,10.69,11.40,10.69,11.13,4205102,85376440.000
2009-12-14,11.12,11.41,10.86,11.32,3874149,79226928.000
2009-12-15,11.21,11.72,11.14,11.40,3127970,65629372.000
2009-12-16,11.41,11.42,11.24,11.35,1871891,38670568.000
2009-12-17,11.36,11.44,10.68,10.80,2603197,51990168.000
2009-12-18,10.64,10.77,10.43,10.52,1735250,33568292.000
2009-12-21,10.41,10.72,10.41,10.63,1650156,31813928.000
2009-12-22,10.65,10.65,10.08,10.16,1964224,36991144.000
2009-12-23,10.20,10.58,10.20,10.55,1870258,35674860.000
2009-12-24,10.64,10.86,10.52,10.81,2518359,49148784.000
2009-12-25,10.86,11.22,10.86,10.99,2626536,52800444.000
2009-12-28,11.08,11.22,10.94,11.22,1959172,39576180.000
2009-12-29,11.24,11.47,11.02,11.12,2331976,47553068.000
2009-12-30,11.19,11.36,10.91,11.07,1993342,40286792.000
2009-12-31,11.05,11.41,11.05,11.23,2600866,53215028.000
2010-01-04,11.51,11.80,11.25,11.61,4950935,104425680.000
2010-01-05,11.55,11.81,11.25,11.65,3425507,72045312.000
2010-01-06,11.62,11.79,11.47,11.52,1964602,41750968.000
2010-01-07,11.52,11.64,11.22,11.40,2308704,47774888.000
2010-01-08,11.27,11.90,11.20,11.87,3074724,65586060.000
2010-01-11,11.86,12.40,11.69,12.14,4030990,89216424.000
2010-01-12,12.29,12.74,12.14,12.55,3843077,87268640.000
2010-01-13,12.37,12.55,12.17,12.25,2777064,62523064.000
2010-01-14,12.31,12.80,12.19,12.78,2427703,55437608.000
2010-01-15,12.78,12.78,12.51,12.56,1494853,34197500.000
2010-01-18,12.54,12.66,12.11,12.38,2683408,60291088.000
2010-01-19,12.47,12.63,12.27,12.44,1759295,39845680.000
2010-01-20,12.39,12.58,11.53,11.56,3779373,82069712.000
2010-01-21,11.50,11.76,11.50,11.67,2417231,51157948.000
2010-01-25,11.47,11.66,11.22,11.24,1399730,29016140.000
2010-01-26,11.30,11.46,10.82,11.11,2371835,47486952.000
2010-01-27,11.11,11.31,10.95,11.20,1241100,25223576.000
2010-01-28,11.27,11.76,11.17,11.70,2442303,51430808.000
2010-01-29,11.58,12.01,11.58,11.74,2063801,44485232.000
2010-02-01,11.74,12.17,11.63,12.13,2173096,47197796.000
2010-02-02,12.27,12.27,11.98,12.02,1679205,37081928.000
2010-02-03,12.11,12.21,11.61,12.21,1356241,29646864.000
2010-02-04,12.16,12.21,11.91,12.02,1045182,22851272.000
2010-02-05,11.71,11.89,11.24,11.41,1520387,32005536.000
2010-02-08,11.22,11.66,11.22,11.40,477321,9947637.000
2010-02-09,11.38,11.53,11.27,11.53,680156,14116343.000
2010-02-10,11.66,11.69,11.33,11.48,605678,12693373.000
2010-02-11,11.46,11.46,10.70,10.73,4760738,94461896.000
2010-02-12,10.81,10.89,10.72,10.86,1520380,29922506.000
2010-02-22,10.90,11.08,10.71,10.73,3512600,69474840.000
2010-02-23,10.76,10.86,10.61,10.72,4002646,77834832.000
2010-02-24,10.72,11.17,10.71,11.15,7359968,146435024.000
2010-02-25,11.14,11.21,11.00,11.21,6669201,134690720.000
2010-02-26,11.15,11.27,11.07,11.17,4393979,89290528.000
2010-03-01,11.15,11.51,11.11,11.41,5249495,108455200.000
2010-03-02,11.40,11.66,11.29,11.65,6210398,129790608.000
2010-03-03,11.66,11.80,11.52,11.78,7533429,159408256.000
2010-03-04,11.75,12.01,11.55,11.81,9816014,210955456.000
2010-03-05,11.87,11.97,11.48,11.71,4580137,97624152.000
2010-03-08,11.77,11.80,11.56,11.72,2987271,63543844.000
2010-03-09,11.74,11.77,11.29,11.41,6782218,141280912.000
2010-03-10,11.55,11.55,10.86,10.96,7784171,156681488.000
2010-03-11,10.98,11.00,10.62,10.78,5449760,106948592.000
2010-03-12,10.78,10.92,10.66,10.79,3757909,73845520.000
2010-03-15,10.79,11.15,10.75,11.13,5116394,101718872.000
2010-03-16,11.14,11.20,10.80,11.01,4603460,92320592.000
2010-03-17,11.00,11.38,10.95,11.34,5204400,105733264.000
2010-03-18,11.41,11.64,11.27,11.45,7780923,161818272.000
2010-03-19,11.45,11.49,11.06,11.16,9271432,189970240.000
2010-03-22,11.14,11.37,11.14,11.19,5037049,103029440.000
2010-03-23,11.24,11.32,11.01,11.29,4198308,85313096.000
2010-03-24,11.30,11.77,11.29,11.63,10931755,230127376.000
2010-03-25,11.55,11.82,11.50,11.55,7589502,160735248.000
2010-03-26,11.50,11.77,11.43,11.70,5328775,112689824.000
2010-03-29,11.72,11.77,11.59,11.65,5673338,120343520.000
2010-03-30,11.66,12.03,11.60,11.94,6619157,141833120.000
2010-03-31,11.91,11.99,11.64,11.71,5948805,127320872.000
2010-04-01,11.66,11.87,11.61,11.78,6428519,137048480.000
2010-04-02,11.81,12.06,11.65,11.96,7120406,153800016.000
2010-04-06,11.91,12.02,11.71,11.82,5891076,126829944.000
2010-04-07,11.53,11.64,11.28,11.36,10036499,208081056.000
2010-04-08,11.33,11.50,11.17,11.45,4546416,93896568.000
2010-04-09,11.41,11.60,11.36,11.59,3928035,82115504.000
2010-04-12,11.64,11.74,11.38,11.60,4889003,102714112.000
2010-04-13,11.57,11.71,11.27,11.61,4821114,101131192.000
2010-04-14,11.56,11.94,11.56,11.90,7087082,152276336.000
2010-04-15,11.86,12.02,11.67,11.85,4901557,105541440.000
2010-04-16,11.84,11.84,11.33,11.52,4274990,89686496.000
2010-04-19,11.27,11.44,10.81,10.82,4370781,88704696.000
2010-04-20,10.83,11.04,10.72,11.01,2789381,55229872.000
2010-04-21,10.98,11.26,10.90,11.20,3217633,65163912.000
2010-04-22,11.18,11.18,10.90,11.08,3237886,64954320.000
2010-04-23,11.09,11.10,10.82,10.92,2865942,57155740.000
2010-04-26,10.86,10.97,10.78,10.81,3134016,62163288.000
2010-04-27,10.72,10.72,9.71,9.91,7154344,130532368.000
2010-04-28,9.91,9.91,9.34,9.62,5426008,95303560.000
2010-04-29,9.63,9.82,9.50,9.51,2432587,42845836.000
2010-04-30,9.52,9.62,9.23,9.37,2671211,45873680.000
2010-05-04,9.29,9.45,9.22,9.42,1457181,24853924.000
2010-05-05,9.33,9.68,9.27,9.67,2384564,41333348.000
2010-05-06,9.62,9.62,9.16,9.19,2960870,50710764.000
2010-05-07,8.89,9.02,8.77,8.81,2745627,44573224.000
2010-05-10,8.83,8.98,8.50,8.83,2604327,41504260.000
2010-05-11,8.98,9.05,8.22,8.26,4287920,67089108.000
2010-05-12,8.22,8.43,8.09,8.20,2754711,41320384.000
2010-05-13,8.25,8.37,7.97,8.35,3185394,47812988.000
2010-05-14,8.27,8.48,8.23,8.35,4137081,63227540.000
2010-05-17,8.22,8.22,7.50,7.53,4411330,63267672.000
2010-05-18,7.55,7.80,7.34,7.71,3708849,51250792.000
2010-05-19,7.64,7.83,7.51,7.65,2573547,36099336.000
2010-05-20,7.60,7.77,7.56,7.57,2182702,30555490.000
2010-05-21,7.33,7.77,7.27,7.77,2836035,39236524.000
2010-05-24,7.83,8.19,7.78,8.11,4331367,63651916.000
2010-05-25,8.05,8.14,7.92,7.96,2816475,41174544.000
2010-05-26,7.97,8.18,7.94,8.08,2513678,36993424.000
2010-05-27,8.06,8.22,7.94,8.20,3474768,51540544.000
2010-05-28,8.36,8.36,8.02,8.07,3111911,46360120.000
2010-05-31,8.02,8.10,7.72,7.73,2288743,33165836.000
2010-06-01,7.66,7.82,7.57,7.74,1827193,25618656.000
2010-06-02,7.75,7.89,7.67,7.88,1995911,28463296.000
2010-06-03,7.88,8.19,7.88,7.97,3907209,57371404.000
2010-06-04,7.86,8.17,7.75,8.15,2975111,43587800.000
2010-06-07,8.05,8.93,8.01,8.65,8392557,131973928.000
2010-06-08,8.50,8.73,8.45,8.66,4531893,71041352.000
2010-06-09,8.70,8.76,8.45,8.70,4463980,70296296.000
2010-06-10,8.66,8.97,8.60,8.72,4994639,80621232.000
2010-06-11,8.79,8.97,8.72,8.92,4468004,72271272.000
2010-06-17,9.08,9.16,8.61,8.65,3980394,64208536.000
2010-06-21,8.36,8.68,8.32,8.63,2843029,44066992.000
2010-06-22,8.64,8.76,8.59,8.71,2519302,39877032.000
2010-06-23,8.60,8.73,8.44,8.56,1606935,25207728.000
2010-06-24,8.55,8.75,8.45,8.67,2286104,35917668.000
2010-06-25,8.60,8.64,8.36,8.57,2300627,35663688.000
2010-06-28,8.62,8.66,8.32,8.34,2098366,32373984.000
2010-06-29,8.40,8.47,7.78,7.78,2627231,38557416.000
2010-06-30,7.75,7.84,7.50,7.62,2011175,28091848.000
2010-07-01,7.58,7.77,7.58,7.66,1986864,27878230.000
2010-07-02,7.66,7.80,7.51,7.80,2418023,18805740.000
2010-07-05,7.66,7.68,7.37,7.49,2612230,19957280.000
2010-07-06,7.49,7.74,7.49,7.72,3352469,25980090.000
2010-07-07,7.74,7.87,7.60,7.80,3325271,26057556.000
2010-07-08,7.84,7.90,7.70,7.74,3073966,24295328.000
2010-07-09,7.72,8.15,7.66,8.05,5383087,43558608.000
2010-07-12,8.05,8.18,8.02,8.06,4194655,34413776.000
2010-07-13,8.06,8.06,7.78,7.89,3320153,26605512.000
2010-07-14,7.90,8.15,7.90,8.07,4184005,34163564.000
2010-07-15,8.09,8.14,7.70,7.78,4013183,32312646.000
2010-07-16,7.74,7.74,7.51,7.70,2954520,22867442.000
2010-07-19,7.61,7.90,7.53,7.89,3920016,30782450.000
2010-07-20,7.94,8.23,7.90,8.19,5953892,48753584.000
2010-07-21,8.26,8.36,8.11,8.34,7958519,66405324.000
2010-07-22,8.27,8.44,8.19,8.39,6653986,56299640.000
2010-07-23,8.38,8.43,8.20,8.34,5398010,45395276.000
2010-07-26,8.40,9.18,8.40,9.10,18656246,168814304.000
2010-07-27,8.98,10.02,8.81,9.93,34134631,332501760.000
2010-07-28,9.90,10.32,9.77,10.23,33814493,343012224.000
2010-07-29,10.09,10.28,9.98,10.11,18294437,186749712.000
2010-07-30,10.11,10.16,9.86,10.05,13830651,139803744.000
2010-08-02,10.05,10.59,9.91,10.47,24782213,258989056.000
2010-08-03,10.39,10.39,9.97,9.98,17013304,174855024.000
2010-08-04,9.89,10.15,9.80,10.13,11803326,119025320.000
2010-08-05,10.13,10.13,9.93,10.06,9000754,91179680.000
2010-08-06,9.98,10.48,9.81,10.39,18196851,187386176.000
2010-08-09,10.31,10.52,10.15,10.44,14610497,152846048.000
2010-08-10,10.39,10.40,9.85,9.86,12775163,130867568.000
2010-08-11,9.84,9.99,9.69,9.93,6939387,69137192.000
2010-08-12,9.77,10.05,9.70,9.76,7156686,71324816.000
2010-08-13,9.73,10.07,9.73,10.06,7885785,79382008.000
2010-08-16,9.98,10.47,9.97,10.32,12937837,134782384.000
2010-08-17,10.41,10.59,10.19,10.53,13548058,142506976.000
2010-08-18,10.48,10.53,10.24,10.41,9398955,98612664.000
2010-08-19,10.44,11.19,10.44,10.95,24058302,264472416.000
2010-08-20,10.86,10.98,10.35,10.45,14457348,154871200.000
2010-08-23,10.39,10.48,10.28,10.43,7221162,75729968.000
2010-08-24,10.39,10.55,10.24,10.40,7833621,82273528.000
2010-08-25,10.39,10.65,10.15,10.18,8955187,93810800.000
2010-08-26,10.19,10.30,9.98,10.06,6282667,64128024.000
2010-08-27,10.06,10.23,9.99,10.15,3532507,36139528.000
2010-08-30,10.15,10.48,10.15,10.39,5853615,61363220.000
2010-08-31,10.34,10.53,10.16,10.51,7761017,80835680.000
2010-09-01,10.56,11.09,10.56,10.81,18681868,204415616.000
2010-09-02,10.89,11.89,10.60,11.89,29281318,334205312.000
2010-09-03,11.70,12.18,11.47,11.64,24702467,294655328.000
2010-09-06,11.63,11.77,11.39,11.68,12937987,150660240.000
2010-09-07,11.56,11.74,11.36,11.57,8515632,98885752.000
2010-09-08,11.48,11.51,11.19,11.41,9478105,108617376.000
2010-09-09,11.43,11.76,11.22,11.44,10861117,125893032.000
2010-09-10,11.34,11.84,11.23,11.68,12590722,146887584.000
2010-09-13,11.73,12.22,11.60,12.15,19329130,234338656.000
2010-09-14,12.09,12.43,11.98,12.19,18770887,231788496.000
2010-09-15,12.19,12.44,11.97,12.14,12881515,158107040.000
2010-09-16,12.10,12.22,11.30,11.44,13175781,154567472.000
2010-09-17,11.39,11.59,11.23,11.23,6696864,76922728.000
2010-09-20,11.26,11.59,10.94,10.99,6501771,73574816.000
2010-09-21,11.09,11.18,10.85,10.98,3601403,39938288.000
2010-09-27,11.10,11.51,11.03,11.44,4867775,55486040.000
2010-09-28,11.39,11.40,11.02,11.19,5134049,58203032.000
2010-09-29,11.16,11.34,10.78,10.80,5508792,61236004.000
2010-10-08,11.22,11.28,10.98,11.14,7058185,79650664.000
2010-10-11,11.14,11.86,11.14,11.85,13724155,159742880.000
2010-10-12,11.85,11.85,11.52,11.66,8677056,102090384.000
2010-10-13,11.64,11.65,11.14,11.20,16534016,188703568.000
2010-10-14,11.23,11.44,10.91,10.97,10552825,118571048.000
2010-10-15,10.94,11.18,10.69,10.97,8957751,98727576.000
2010-10-18,11.10,11.85,10.78,11.56,18312356,211476800.000
2010-10-19,11.60,12.06,11.60,11.81,17211613,205860816.000
2010-10-20,11.59,11.77,11.30,11.57,13480622,156915360.000
2010-10-21,11.64,12.23,11.64,12.19,22641649,274960416.000
2010-10-22,12.23,12.66,11.98,12.01,22020233,272813568.000
2010-10-26,12.27,12.43,11.94,12.06,17505393,213415920.000
2010-10-27,12.06,12.77,11.81,12.76,26041095,325555264.000
2010-10-28,12.61,12.73,12.32,12.52,14693099,185625696.000
2010-10-29,12.51,12.51,12.09,12.44,12932513,160430240.000
2010-11-01,12.48,13.02,12.48,12.66,17838043,230115328.000
2010-11-02,12.68,13.57,12.47,13.27,26324421,348647808.000
2010-11-03,13.27,13.39,12.68,12.69,15406412,202409584.000
2010-11-04,12.72,13.23,12.72,13.09,12791291,168529744.000
2010-11-05,13.10,14.01,13.10,13.73,24341136,336169824.000
2010-11-08,13.93,14.88,13.93,14.76,24184410,354607648.000
2010-11-09,14.86,14.89,14.19,14.49,16099958,233733360.000
2010-11-10,14.43,14.86,14.02,14.80,15859196,229219488.000
2010-11-11,14.64,15.10,14.09,14.11,18230686,269677280.000
2010-11-12,13.93,14.09,12.69,12.70,19875701,266165216.000
2010-11-15,12.59,13.02,12.48,13.01,9466463,121962096.000
2010-11-16,13.10,13.35,12.44,12.56,11511543,148637488.000
2010-11-17,12.36,12.68,11.84,11.93,7822710,96767336.000
2010-11-18,12.16,12.36,11.77,12.07,5705891,69132160.000
2010-11-19,12.10,12.38,11.89,12.36,7446248,91178360.000
2010-11-22,12.26,12.86,12.14,12.68,8573755,108875856.000
2010-11-23,12.59,12.60,11.93,12.13,6132674,75681992.000
2010-11-24,12.09,12.64,11.94,12.63,6387896,79938456.000
2010-11-25,12.68,12.98,12.68,12.98,10378886,134787392.000
2010-11-26,12.98,13.28,12.81,13.14,10729489,141526400.000
2010-11-29,13.15,13.59,13.15,13.24,10051799,134758624.000
2010-11-30,13.27,13.34,12.10,12.60,11166390,142188352.000
2010-12-01,12.59,12.72,12.39,12.51,4222801,53200020.000
2010-12-02,12.66,12.78,12.47,12.49,4714457,59861460.000
2010-12-03,12.52,12.56,12.15,12.31,4125787,51228708.000
2010-12-06,12.30,12.44,11.98,12.10,4094632,50349240.000
2010-12-07,12.06,12.47,12.06,12.34,3796106,47105108.000
2010-12-08,12.68,13.59,12.68,13.59,8062581,110025544.000
2010-12-09,14.47,14.95,14.19,14.95,38338018,567549952.000
2010-12-10,15.36,15.68,14.35,15.09,68655453,1037485440.000
2010-12-13,15.14,16.60,15.10,16.60,28445509,461924544.000
2010-12-14,17.36,18.27,16.95,18.27,85455352,1531853184.000
2010-12-15,17.89,18.24,17.55,17.92,49266483,885699392.000
2010-12-16,17.78,18.47,17.47,17.90,51581794,933774656.000
2010-12-17,17.73,18.38,17.58,18.16,33596010,607875136.000
2010-12-20,18.14,18.15,16.66,17.19,47130248,823973824.000
2010-12-21,17.01,17.38,16.75,17.27,31219266,536208608.000
2010-12-22,17.08,17.33,16.68,16.89,30027014,513632448.000
2010-12-23,16.74,16.74,15.99,16.08,30829551,507570624.000
2010-12-24,15.99,16.35,15.91,16.22,19026656,309121824.000
2010-12-27,16.38,16.58,15.48,15.72,25411217,414344512.000
2010-12-28,15.41,16.03,15.14,15.65,24278177,382036288.000
2010-12-29,15.56,16.18,15.47,16.16,23438455,374681216.000
2010-12-30,16.03,16.33,15.78,16.03,20342172,329117120.000
2010-12-31,15.95,16.66,15.91,16.49,25590408,419355680.000
2011-01-04,16.45,17.85,16.16,17.74,42644709,727352832.000
2011-01-05,17.33,19.18,17.19,17.73,54328592,997663808.000
2011-01-06,17.43,17.89,17.08,17.55,26898627,470846624.000
2011-01-07,17.33,18.68,16.90,18.02,32498729,577542976.000
2011-01-10,17.74,19.17,17.59,18.57,55112293,1027353920.000
2011-01-11,18.16,18.43,17.33,17.50,26346145,471866912.000
2011-01-12,17.39,17.68,16.74,17.03,20982558,362927168.000
2011-01-13,16.98,17.33,16.48,17.15,18633496,317492256.000
2011-01-14,16.89,18.16,16.66,17.70,32610122,577821184.000
2011-01-17,17.33,17.61,16.28,16.40,22381681,383449632.000
2011-01-18,16.14,16.16,14.98,15.27,24991919,388544064.000
2011-01-19,15.27,16.81,15.09,16.81,26767701,440602720.000
2011-01-20,17.28,17.48,16.60,16.94,42761426,735321152.000
2011-01-21,16.58,18.66,16.26,17.95,54336578,981695232.000
2011-01-24,17.66,18.66,17.18,18.25,44293935,800869760.000
2011-01-25,17.89,18.05,16.41,16.57,28879045,492226048.000
2011-01-26,16.49,17.78,15.85,17.64,33082566,567544064.000
2011-01-27,17.30,19.41,16.99,18.99,70738268,1336280704.000
2011-01-28,18.83,19.56,18.44,18.81,46886346,894224512.000
2011-01-31,18.73,20.69,18.58,20.69,50878385,1027876096.000
2011-02-01,20.66,22.31,19.99,22.10,59033097,1242357760.000
2011-02-09,21.39,23.66,20.40,21.77,61384420,1360743040.000
2011-02-10,21.39,21.48,20.28,20.57,42873911,895867008.000
2011-02-11,20.49,21.76,20.18,20.82,40931209,863948608.000
2011-02-14,20.49,21.07,19.91,20.50,38637161,792343040.000
2011-02-15,20.24,21.99,20.16,21.20,51280904,1094620160.000
2011-02-16,20.74,21.07,20.39,20.91,34093931,707228928.000
2011-02-17,20.99,23.01,20.57,23.01,72350997,1621489408.000
2011-02-18,22.84,22.98,21.97,22.20,44037482,994423488.000
2011-02-21,21.78,22.77,21.39,22.52,36370360,806700096.000
2011-02-22,22.39,22.39,20.53,20.70,36506450,781910464.000
2011-02-23,20.48,21.06,20.07,20.64,21514030,445667776.000
2011-02-24,20.40,21.39,20.10,20.86,24199766,507819904.000
2011-02-25,20.49,20.68,20.07,20.32,19554692,399773248.000
2011-02-28,20.32,21.10,20.24,20.70,16723369,348777344.000
2011-03-01,20.73,21.03,20.33,20.77,17190432,357500064.000
2011-03-02,20.57,20.57,19.63,20.00,19387569,390483904.000
2011-03-03,20.02,20.40,19.66,19.69,12539305,251888784.000
2011-03-04,19.69,20.03,19.57,19.99,9420519,188287488.000
2011-03-07,20.20,21.03,19.99,20.80,23456083,487577664.000
2011-03-08,20.68,21.01,20.38,20.85,15167892,316274688.000
2011-03-09,20.90,22.94,20.89,22.36,48045832,1068062464.000
2011-03-10,22.13,22.75,21.90,22.01,29259308,655209152.000
2011-03-11,21.85,22.24,21.16,21.34,23146828,502222496.000
2011-03-14,20.97,20.99,20.28,20.61,17580119,363612320.000
2011-03-15,20.43,20.83,20.18,20.66,13522147,278442400.000
2011-03-17,20.67,21.06,19.99,20.66,15665887,323878752.000
2011-03-18,20.68,20.82,20.08,20.14,12314624,251667824.000
2011-03-21,19.99,20.49,19.77,20.19,12327210,249714336.000
2011-03-22,20.26,20.36,19.89,20.23,8984674,182035504.000
2011-03-23,20.25,20.63,20.24,20.44,10723240,220182384.000
2011-03-24,20.33,20.38,19.90,20.09,10571068,213814960.000
2011-03-25,20.00,20.23,19.91,20.08,9964692,200875296.000
2011-03-28,20.09,20.67,19.68,20.34,22901395,463806048.000
2011-03-29,20.09,20.66,19.89,20.07,15011131,305976544.000
2011-03-30,19.99,20.15,18.72,18.88,16562020,324349536.000
2011-03-31,18.89,18.97,17.76,17.99,15962707,291265696.000
2011-04-01,17.99,18.13,17.68,18.08,8151225,147370736.000
2011-04-06,17.99,18.08,17.64,17.88,8566482,153832704.000
2011-04-07,17.88,18.43,17.76,18.28,9476300,173486960.000
2011-04-08,18.26,18.41,17.99,18.30,7650318,139934496.000
2011-04-11,18.24,19.08,18.16,18.48,12159646,228513152.000
2011-04-12,18.33,18.88,18.07,18.16,9164244,169676816.000
2011-04-13,18.09,18.74,17.89,18.57,8704698,161466720.000
2011-04-14,18.60,18.74,18.28,18.38,7806775,145099056.000
2011-04-15,18.18,18.36,17.89,18.09,7888557,143412928.000
2011-04-18,17.90,18.05,17.51,17.57,8973044,159736064.000
2011-04-19,17.49,17.49,16.74,16.76,10533068,179913920.000
2011-04-20,16.67,17.22,16.66,16.95,6425551,110175440.000
2011-04-21,17.00,17.38,16.76,17.08,7069713,121546064.000
2011-04-22,16.99,17.01,16.64,16.66,6897053,116538832.000
2011-04-25,16.64,17.58,16.28,16.89,11146500,190983120.000
2011-04-27,16.81,16.89,16.13,16.40,9055811,149649744.000
2011-04-28,16.28,16.45,15.64,15.65,6726756,108832200.000
2011-04-29,15.60,15.86,15.30,15.73,6180731,97073192.000
2011-05-03,15.68,15.92,15.28,15.89,6094717,95841608.000
2011-05-04,15.78,16.23,15.52,15.65,9147353,146794672.000
2011-05-05,15.34,15.77,15.27,15.45,5303499,82721160.000
2011-05-06,15.34,15.99,15.20,15.73,6826088,107953632.000
2011-05-09,16.02,17.33,16.02,17.33,16647760,285613568.000
2011-05-10,17.67,17.75,17.08,17.64,28030928,493629152.000
2011-05-11,17.93,17.93,17.08,17.26,15101670,264971392.000
2011-05-12,17.14,17.14,16.45,16.49,11589924,195423776.000
2011-05-13,16.49,16.81,16.25,16.78,7995346,133413872.000
2011-05-16,16.74,17.16,16.58,16.60,7564192,128465400.000
2011-05-17,16.41,17.16,15.97,16.93,11489765,193389360.000
2011-05-18,16.76,17.15,16.64,16.89,6832127,116230880.000
2011-05-19,16.85,17.15,16.68,16.75,8527790,145413936.000
2011-05-20,16.58,16.72,16.16,16.18,7541831,124146672.000
2011-05-24,15.48,15.59,14.89,15.55,8202482,125732128.000
2011-05-25,15.55,17.11,15.24,16.64,17236980,286400416.000
2011-05-26,16.44,16.70,15.64,15.66,10547251,171356064.000
2011-05-27,15.35,15.81,15.15,15.18,5641231,87359256.000
2011-05-30,15.02,15.41,14.59,14.89,5163108,78331872.000
2011-05-31,14.98,15.48,14.91,15.34,4699646,71857136.000
2011-06-01,15.34,15.55,15.22,15.38,5478661,84944880.000
2011-06-02,15.06,15.81,14.95,15.22,6019855,92990224.000
2011-06-03,15.10,15.65,15.10,15.52,6426943,100028696.000
2011-06-07,15.59,15.86,15.43,15.73,6553683,103722016.000
2011-06-08,15.68,16.68,15.49,16.39,12457221,202739696.000
2011-06-09,16.24,16.24,15.53,15.55,8669073,139310864.000
2011-06-10,15.43,15.85,15.18,15.72,5849653,91919856.000
2011-06-13,15.39,15.73,15.30,15.57,3007438,47192688.000
2011-06-14,15.59,16.11,15.59,15.98,6287206,100805504.000
2011-06-15,15.80,16.35,15.60,15.60,6337914,102048304.000
2011-06-16,15.45,15.60,14.99,15.06,4437173,68382192.000
2011-06-17,15.06,15.24,14.68,14.73,3663996,55361076.000
2011-06-20,14.78,15.13,14.64,14.82,2669696,39859744.000
2011-06-21,14.93,15.06,14.70,14.99,2896217,43463884.000
2011-06-22,15.02,15.19,14.89,14.93,3106394,47011716.000
2011-06-23,14.89,15.14,14.41,15.06,5168481,77130504.000
2011-06-24,14.98,16.39,14.94,15.72,12507850,197843360.000
2011-06-27,15.68,16.38,15.56,16.00,10691412,172286000.000
2011-06-28,15.91,17.08,15.78,16.55,18415411,305867808.000
2011-06-29,16.32,16.83,16.18,16.53,11935072,198345088.000
2011-06-30,16.64,17.28,16.50,16.70,13252508,224891728.000
2011-07-01,16.70,16.88,16.28,16.31,7894243,131063592.000
2011-07-04,16.24,16.68,16.24,16.61,7901818,131251712.000
2011-07-05,16.61,16.85,16.58,16.74,7948320,133649176.000
2011-07-06,16.70,17.06,16.43,16.84,8048131,135701184.000
2011-07-07,16.78,17.31,16.58,17.16,17105782,294605952.000
2011-07-08,17.11,17.26,16.68,16.86,8131597,138676304.000
2011-07-11,16.86,16.86,16.49,16.72,4826729,81020984.000
2011-07-12,16.67,16.67,16.30,16.32,5102272,84390320.000
2011-07-13,16.18,16.91,16.18,16.75,6741926,113607320.000
2011-07-14,16.86,16.86,16.49,16.68,4840302,81277672.000
2011-07-15,16.66,17.18,16.50,16.89,6759844,115087536.000
2011-07-18,17.07,17.28,16.95,17.10,7484168,128995288.000
2011-07-19,16.91,17.25,16.66,16.91,7314445,124386112.000
2011-07-20,16.92,17.00,16.34,16.52,5040367,84553336.000
2011-07-21,16.49,16.49,15.89,15.91,6290261,102459952.000
2011-07-22,15.95,16.14,15.68,15.77,3534717,56691804.000
2011-07-26,14.18,14.47,14.18,14.18,7528120,107789088.000
2011-07-27,13.68,14.28,13.52,14.27,13541182,190424320.000
2011-07-28,13.98,14.18,13.90,14.05,5109374,72217488.000
2011-07-29,14.03,14.03,13.22,13.31,9925364,135316000.000
2011-08-01,13.28,13.60,13.26,13.35,4723855,63923616.000
2011-08-02,13.35,13.66,12.97,13.53,6776256,91477712.000
2011-08-03,13.31,13.76,13.23,13.61,4595326,62859004.000
2011-08-04,13.65,13.82,13.61,13.64,3839409,53005032.000
2011-08-05,13.26,13.43,13.01,13.18,3931983,52564832.000
2011-08-08,12.89,13.23,11.91,12.03,5674330,71400912.000
2011-08-09,11.73,12.03,11.27,11.88,5551400,65215160.000
2011-08-10,12.14,12.34,11.93,11.97,6786617,82889416.000
2011-08-11,11.44,12.07,11.39,12.06,6612952,78833392.000
2011-08-12,12.06,12.70,12.01,12.35,9581666,120017208.000
2011-08-15,12.34,12.55,12.19,12.49,5924061,73897920.000
2011-08-16,12.53,13.03,12.39,12.56,6431284,82399616.000
2011-08-17,12.48,12.78,12.39,12.65,5202405,66311340.000
2011-08-18,12.60,12.65,12.19,12.28,5331231,66547944.000
2011-08-19,11.99,12.26,11.98,12.18,3469211,42467324.000
2011-08-22,12.18,12.28,12.03,12.18,2101094,25795290.000
2011-08-23,12.19,13.40,12.19,12.90,14417387,189838304.000
2011-08-24,12.78,12.78,12.49,12.55,8294450,105778384.000
2011-08-25,12.64,12.84,12.52,12.84,5633012,72233584.000
2011-08-26,12.78,12.98,12.68,12.80,5340765,69089136.000
2011-08-29,12.77,12.77,12.44,12.45,3255248,41225856.000
2011-08-30,12.52,12.64,12.23,12.24,2659430,33450910.000
2011-08-31,12.20,12.34,12.09,12.14,2575977,31641548.000
2011-09-01,12.13,12.27,12.05,12.10,1868661,22904092.000
2011-09-02,12.10,12.10,11.74,12.01,2646957,31846022.000
2011-09-05,11.84,12.11,11.52,11.77,3703159,43915188.000
2011-09-06,11.66,11.77,11.47,11.51,1586231,18558100.000
2011-09-07,11.66,12.07,11.55,11.95,3192597,38088572.000
2011-09-08,11.95,11.98,11.66,11.69,1938504,23167002.000
2011-09-09,11.73,11.81,11.52,11.59,1669281,19623084.000
2011-09-13,11.48,11.86,11.28,11.64,3800577,44590004.000
2011-09-14,11.73,11.86,11.44,11.77,2016643,23790940.000
2011-09-15,11.80,12.39,11.74,12.05,5951129,72280232.000
2011-09-16,12.06,12.07,11.81,11.85,3657030,44014572.000
2011-09-19,11.81,12.06,11.53,11.78,2649915,31425740.000
2011-09-20,11.72,12.13,11.72,12.09,3441667,41647524.000
2011-09-21,12.02,13.05,11.97,12.68,13480598,172055392.000
2011-09-22,12.48,12.56,12.02,12.02,7420625,92119528.000
2011-09-23,11.77,12.05,11.66,12.02,4276483,51368128.000
2011-09-26,12.09,12.39,11.89,11.89,4883198,59631264.000
2011-09-27,12.02,12.30,11.68,12.27,7510720,91279000.000
2011-09-28,12.07,12.16,11.85,12.10,4897792,59455012.000
2011-09-29,12.27,12.53,11.68,11.69,11715470,143542640.000
2011-09-30,11.39,11.43,10.52,10.52,9845292,106260488.000
2011-10-10,10.44,10.55,10.28,10.48,3404193,35937264.000
2011-10-11,10.77,10.80,10.05,10.27,3539420,37447792.000
2011-10-12,10.23,11.09,10.19,10.78,6884389,74355360.000
2011-10-13,10.93,11.48,10.93,11.31,9083454,103149648.000
2011-10-14,11.13,11.64,11.13,11.57,10384237,119969328.000
2011-10-17,11.66,11.81,11.39,11.69,7641315,89701600.000
2011-10-18,11.64,11.77,11.09,11.10,6686195,77677872.000
2011-10-19,11.07,12.19,11.07,11.81,10971997,130511976.000
2011-10-20,11.64,11.89,11.19,11.65,6019500,69957616.000
2011-10-21,11.56,11.89,11.48,11.68,4319801,50922352.000
2011-10-24,11.68,12.19,11.09,11.95,7825297,92069864.000
2011-10-25,11.89,12.82,11.78,12.64,14994414,187364096.000
2011-10-26,12.39,13.18,12.31,12.56,13353261,171622544.000
2011-10-27,12.60,12.70,12.40,12.48,5571773,70416112.000
2011-10-28,12.64,12.89,12.35,12.59,6477719,82266832.000
2011-10-31,12.48,13.16,12.24,13.06,9576100,123644368.000
2011-11-01,12.89,13.15,12.70,12.84,6281960,81761280.000
2011-11-02,12.74,13.30,12.45,13.19,12811281,169127904.000
2011-11-03,13.18,13.19,12.86,12.91,10917954,143326896.000
2011-11-04,12.98,13.06,12.77,12.84,5516300,71630552.000
2011-11-07,12.78,13.09,12.49,12.52,5342857,68763104.000
2011-11-08,12.44,12.66,12.39,12.44,3409298,42918564.000
2011-11-09,12.44,12.85,12.44,12.77,4695672,60181832.000
2011-11-10,12.60,12.73,12.39,12.39,4346289,54707952.000
2011-11-14,12.77,12.93,12.52,12.72,4247561,54639808.000
2011-11-15,12.68,13.84,12.61,13.39,13925813,186595104.000
2011-11-16,13.28,13.72,13.18,13.27,11149816,151021440.000
2011-11-17,13.20,13.38,12.73,13.02,7044809,93050368.000
2011-11-18,12.89,13.40,12.72,13.11,9398627,124987336.000
2011-11-21,13.15,14.16,13.01,13.88,14548103,201579696.000
2011-11-22,13.68,13.85,13.44,13.69,8200988,112490104.000
2011-11-23,13.68,13.85,13.47,13.60,6717561,92562960.000
2011-11-24,13.43,13.56,13.14,13.35,5574163,74815944.000
2011-11-25,13.34,13.35,13.01,13.02,3458158,45987796.000
2011-11-28,13.01,13.38,12.98,13.19,4806700,64042336.000
2011-11-29,13.39,14.27,13.35,13.89,12013449,167106768.000
2011-11-30,13.88,14.05,13.18,13.56,9471616,129932552.000
2011-12-01,13.86,13.94,13.39,13.52,10022053,138519056.000
2011-12-02,13.53,14.07,12.99,13.94,11961382,165445456.000
2011-12-05,13.89,14.14,13.52,13.84,9521306,133399896.000
2011-12-06,13.65,13.77,13.23,13.55,7542428,102283904.000
2011-12-07,13.55,13.80,13.39,13.64,3968430,54721228.000
2011-12-08,13.59,13.78,13.22,13.66,4201477,57033500.000
2011-12-09,13.52,13.77,13.34,13.48,2620347,35752856.000
2011-12-12,13.47,13.49,12.13,12.88,7942280,101609320.000
2011-12-13,12.48,12.48,11.78,12.11,4370218,53475524.000
2011-12-14,12.03,12.16,11.80,12.06,2778139,33466992.000
2011-12-15,12.01,12.01,11.44,11.60,2257646,26617100.000
2011-12-16,11.47,11.94,11.47,11.93,1920881,22708834.000
2011-12-19,11.78,11.97,11.51,11.82,1821695,21615828.000
2011-12-20,11.78,12.31,11.78,12.05,2512956,30662428.000
2011-12-21,12.14,12.27,11.60,11.66,1788334,21465956.000
2011-12-22,11.61,11.85,10.77,11.77,3402758,39248336.000
2011-12-23,11.59,12.27,11.52,11.94,3056711,37116016.000
2011-12-26,11.86,11.86,11.22,11.35,3485089,40646328.000
2011-12-27,11.26,11.56,10.99,11.02,1734848,19612558.000
2011-12-28,10.86,10.98,10.44,10.61,1920498,20603060.000
2011-12-29,10.74,11.59,10.72,10.94,6062255,68333424.000
2011-12-30,10.97,11.06,10.74,11.01,2556744,28220800.000
2012-01-04,11.03,11.19,10.47,10.48,2715850,29837276.000
2012-01-05,10.45,10.89,10.07,10.09,2460772,25876552.000
2012-01-06,10.09,10.39,9.55,10.13,3523831,35468144.000
2012-01-09,10.14,10.56,9.95,10.49,3664544,38422236.000
2012-01-10,10.53,11.09,10.44,10.97,4548764,49581332.000
2012-01-11,10.94,11.14,10.78,11.01,4366481,48455804.000
2012-01-12,10.90,11.16,10.89,10.90,2780977,30839330.000
2012-01-13,10.94,11.01,10.43,10.49,3296827,35353668.000
2012-01-16,10.40,10.60,10.05,10.06,1650722,17281332.000
2012-01-17,10.06,11.06,10.06,10.97,5942064,64556624.000
2012-01-18,10.89,11.09,10.73,10.80,3137139,34651824.000
2012-01-19,10.86,10.98,10.69,10.80,3497454,38149740.000
2012-01-20,10.80,10.95,10.70,10.88,2988556,32730384.000
2012-01-30,10.99,11.18,10.88,10.91,1993276,22128232.000
2012-01-31,10.94,10.94,10.73,10.81,1141144,12453131.000
2012-02-01,10.80,10.90,10.69,10.74,1602669,17470796.000
2012-02-02,10.69,10.90,10.68,10.89,1770458,19338000.000
2012-02-03,10.89,11.06,10.81,11.03,3817487,42386304.000
2012-02-06,11.09,11.09,10.91,11.01,2886107,32084672.000
2012-02-07,10.98,11.03,10.72,10.77,2568395,28149116.000
2012-02-08,10.72,11.03,10.63,11.02,4520042,49439512.000
2012-02-09,11.05,11.48,10.99,11.09,7030133,79522776.000
2012-02-10,10.94,11.47,10.93,11.15,7797361,87957568.000
2012-02-13,10.98,11.26,10.89,11.19,5062998,56759300.000
2012-02-14,11.14,11.44,11.10,11.27,5808589,66197344.000
2012-02-15,11.31,11.52,11.20,11.49,6768773,77773640.000
2012-02-16,11.61,11.63,11.31,11.44,5604499,64858448.000
2012-02-17,11.51,11.53,11.19,11.35,4848076,55356584.000
2012-02-20,11.44,11.73,11.31,11.48,7600809,88325840.000
2012-02-21,11.39,11.77,11.23,11.60,5496396,63863888.000
2012-02-22,11.60,11.98,11.55,11.81,7073440,84360872.000
2012-02-23,11.73,11.86,11.60,11.66,4612524,54543672.000
2012-02-24,11.73,11.97,11.64,11.88,6459235,77071224.000
2012-02-27,11.91,12.14,11.80,11.90,7361519,88940984.000
2012-02-28,11.82,12.07,11.60,12.06,7742643,92482096.000
2012-02-29,11.89,11.97,11.66,11.69,4491293,53596580.000
2012-03-01,11.63,11.72,11.59,11.64,2956051,34789104.000
2012-03-02,11.61,12.55,11.61,12.06,11992688,146781216.000
2012-03-05,11.90,12.20,11.90,12.10,6691767,81500216.000
2012-03-06,12.10,12.32,11.93,12.13,7577617,92797272.000
2012-03-07,12.03,12.28,11.97,12.14,6553829,80419584.000
2012-03-08,12.27,12.30,12.05,12.18,6415550,78710528.000
2012-03-09,12.28,12.47,12.15,12.23,8688858,107378408.000
2012-03-12,12.28,12.28,11.95,12.06,8045478,97831184.000
2012-03-13,12.06,12.19,11.97,12.16,5426131,66180368.000
2012-03-14,12.19,12.31,11.32,11.35,10316067,124090304.000
2012-03-15,11.28,11.47,10.78,10.93,8902102,99238352.000
2012-03-16,10.98,11.14,10.85,11.02,7812174,86913600.000
2012-03-19,11.09,11.64,10.84,11.52,14558820,164532976.000
2012-03-20,11.39,11.43,11.05,11.10,6973000,79164664.000
2012-03-21,11.19,11.65,11.09,11.31,7982035,91964592.000
2012-03-22,11.77,12.07,11.55,11.60,15684925,186578144.000
2012-03-23,11.48,11.78,11.23,11.76,9846670,114452336.000
2012-03-26,11.64,11.84,11.49,11.64,4802046,56683424.000
2012-03-27,11.65,12.06,11.65,11.80,9137736,109162392.000
2012-03-28,11.70,11.80,11.10,11.11,6220248,71537336.000
2012-03-29,11.02,11.22,10.81,11.01,3905218,43452968.000
2012-03-30,10.90,11.20,10.81,11.10,3587543,39736616.000
2012-04-05,11.27,11.81,11.27,11.61,7599138,88718016.000
2012-04-06,11.61,11.82,11.44,11.72,6766953,79670120.000
2012-04-09,11.69,11.81,11.41,11.66,6567067,77164968.000
2012-04-10,11.57,11.70,11.14,11.60,5366219,61978512.000
2012-04-11,11.48,11.64,11.39,11.60,3729776,43419860.000
2012-04-12,11.61,11.95,11.52,11.85,9140509,108283936.000
2012-04-13,11.89,12.06,11.63,11.82,7731185,92429704.000
2012-04-16,11.76,12.36,11.69,12.20,12208006,148887168.000
2012-04-17,12.10,12.39,12.05,12.06,8865633,109122736.000
2012-04-18,12.09,12.89,12.06,12.66,23293990,297013696.000
2012-04-19,12.56,12.91,12.47,12.60,13064921,167450736.000
2012-04-20,12.61,13.48,12.61,13.20,19619320,261340256.000
2012-04-23,12.98,13.97,12.81,13.48,21422994,288765920.000
2012-04-24,13.06,14.16,12.49,14.11,26462574,356933824.000
2012-04-25,13.78,15.39,13.61,14.60,34959594,504421024.000
2012-04-26,14.43,14.77,13.78,13.85,20780770,297137728.000
2012-04-27,13.68,13.72,13.18,13.20,12221963,165528064.000
2012-05-02,13.24,13.70,12.90,13.28,11698207,156508640.000
2012-05-03,13.22,13.84,13.10,13.56,11383166,154875840.000
2012-05-04,13.48,13.97,13.32,13.45,10481920,144181472.000
2012-05-07,13.31,13.69,13.19,13.51,7464991,101263008.000
2012-05-08,13.52,13.80,13.40,13.60,7703956,105711096.000
2012-05-09,13.43,13.48,13.09,13.24,8448991,113123296.000
2012-05-10,13.24,13.43,13.18,13.39,4097272,55062744.000
2012-05-11,13.51,13.51,13.19,13.26,4136571,55735720.000
2012-05-14,13.35,13.95,13.34,13.60,13570669,187651488.000
2012-05-15,13.45,13.93,13.36,13.81,8927469,123611008.000
2012-05-16,13.86,14.18,13.68,13.69,10327048,144917120.000
2012-05-17,13.68,14.11,13.64,14.02,9163113,129088896.000
2012-05-18,13.94,13.97,13.20,13.24,9291717,127431264.000
2012-05-21,13.68,14.59,13.66,13.76,16909206,240922512.000
2012-05-22,13.59,13.59,13.23,13.48,9912307,134095976.000
2012-05-23,13.43,13.60,13.28,13.49,5333413,72181784.000
2012-05-24,13.70,14.18,13.44,13.48,10571663,146533344.000
2012-05-28,13.93,14.84,13.56,14.47,41029982,594128576.000
2012-06-11,13.02,13.45,13.02,13.02,5837189,76744800.000
2012-06-12,12.39,12.56,11.99,12.19,20182594,249071216.000
2012-06-13,12.19,12.31,12.03,12.26,12547187,154182144.000
2012-06-14,12.19,12.19,11.73,11.80,13548839,163572544.000
2012-06-15,11.84,11.85,11.40,11.59,10100288,118384384.000
2012-06-18,11.63,11.81,11.56,11.65,9071844,107079656.000
2012-06-19,11.65,12.06,11.51,11.85,10727108,128114752.000
2012-06-20,11.84,12.01,11.74,11.80,6157226,73717712.000
2012-06-21,11.80,11.80,11.44,11.59,5105927,59702996.000
2012-06-25,11.51,11.57,10.99,11.02,5842334,66617668.000
2012-06-26,10.97,11.06,10.77,10.97,5166782,56869592.000
2012-06-27,10.95,11.06,10.80,10.81,3732574,41223508.000
2012-06-28,10.86,10.89,10.47,10.52,6420936,68973088.000
2012-06-29,10.44,10.64,10.24,10.53,4993387,52798868.000
2012-07-02,10.60,10.89,10.48,10.65,6001093,64697248.000
2012-07-03,10.73,10.89,10.60,10.65,4853491,52597056.000
2012-07-04,10.65,10.77,10.19,10.30,5794421,61015788.000
2012-07-05,10.27,10.27,9.95,10.03,5121245,51963880.000
2012-07-06,10.10,10.20,9.93,10.14,4801925,48870120.000
2012-07-09,10.11,10.52,9.90,10.18,9550310,98276480.000
2012-07-10,10.09,10.23,10.02,10.07,3400160,34784604.000
2012-07-11,10.31,10.73,10.31,10.70,13206437,140446192.000
2012-07-12,10.68,11.06,10.40,11.02,12686580,138316608.000
2012-07-13,10.89,11.47,10.84,10.98,11855610,133413584.000
2012-07-16,10.98,11.10,10.59,10.81,8719623,95514184.000
2012-07-17,10.72,10.85,10.59,10.77,3774244,40794524.000
2012-07-18,10.71,10.86,10.39,10.81,5652909,60771124.000
2012-07-19,10.68,10.96,10.67,10.74,6623907,72229848.000
2012-07-20,10.70,11.01,10.63,10.76,5342607,58330716.000
2012-07-23,10.62,10.75,10.25,10.26,4993928,52478688.000
2012-07-24,10.12,10.42,10.06,10.34,2660164,27557292.000
2012-07-25,10.33,10.47,10.17,10.21,2734305,28442532.000
2012-07-26,10.22,10.34,10.05,10.06,2695593,27593816.000
2012-07-27,10.12,10.27,10.07,10.19,3457828,35477768.000
2012-07-30,10.21,10.37,10.04,10.14,3076450,31777822.000
2012-07-31,10.23,10.60,10.23,10.30,5183416,54408372.000
2012-08-01,10.29,10.92,10.19,10.71,7455294,80003608.000
2012-08-02,10.62,10.81,10.48,10.60,3804267,40698688.000
2012-08-03,10.62,10.82,10.50,10.79,3905647,42021192.000
2012-08-06,10.78,11.07,10.63,10.92,5442159,59346724.000
2012-08-07,10.92,10.98,10.76,10.88,4143756,45333484.000
2012-08-08,10.85,11.21,10.65,11.10,7655975,84391520.000
2012-08-09,10.94,11.15,10.87,11.07,6394682,70987056.000
2012-08-10,11.06,11.06,10.78,10.86,3905310,42805600.000
2012-08-13,10.83,10.83,10.32,10.39,4900976,52178412.000
2012-08-14,10.34,10.60,10.28,10.51,2662845,28057216.000
2012-08-15,10.42,10.50,10.23,10.28,2398549,25023656.000
2012-08-16,10.25,10.42,10.23,10.34,1479398,15399085.000
2012-08-17,10.34,10.49,10.30,10.48,2584125,27035872.000
2012-08-20,10.42,10.53,10.30,10.46,2852135,29944732.000
2012-08-21,10.48,10.59,10.45,10.56,3479659,36903716.000
2012-08-22,10.58,10.58,10.19,10.28,4215185,43892284.000
2012-08-23,10.20,10.34,10.12,10.26,2850094,29335754.000
2012-08-24,10.24,10.25,9.96,10.00,3661408,37169260.000
2012-08-27,9.98,10.02,9.57,9.58,3460082,33836528.000
2012-08-28,9.53,9.79,9.53,9.69,1849663,18046684.000
2012-08-29,9.76,9.76,9.56,9.57,1672029,16286514.000
2012-08-30,9.53,9.69,9.35,9.40,1902771,18256238.000
2012-08-31,9.40,9.48,9.32,9.41,1348293,12774163.000
2012-09-03,9.40,9.64,9.32,9.56,1828287,17569606.000
2012-09-04,9.57,9.63,9.40,9.43,1334254,12777809.000
2012-09-05,9.42,9.70,9.34,9.68,3294566,31619900.000
2012-09-06,10.13,10.66,10.13,10.66,21670320,230987872.000
2012-09-07,11.06,11.73,10.95,11.73,33215178,380512800.000
2012-09-10,11.61,12.30,11.41,11.81,30716313,365119168.000
2012-09-11,11.54,12.12,11.47,11.93,17901502,213270224.000
2012-09-12,12.07,12.41,11.65,11.93,17522993,210529232.000
2012-09-13,11.73,11.90,11.47,11.48,11482705,134470752.000
2012-09-14,11.54,12.42,11.47,11.96,22014779,264499136.000
2012-09-17,11.77,11.82,11.22,11.36,11682904,136551616.000
2012-09-18,11.26,11.80,11.11,11.38,8617605,99391424.000
2012-09-19,11.41,11.76,11.40,11.50,7800832,90956784.000
2012-09-20,11.45,11.51,10.84,10.98,9074206,101064688.000
2012-09-21,10.95,11.15,10.73,10.78,5400196,59534572.000
2012-09-24,10.72,11.72,10.64,11.30,10961738,124130680.000
2012-09-25,11.19,11.40,10.87,11.05,6724116,74870984.000
2012-09-26,11.02,11.22,10.85,10.91,5338851,59092384.000
2012-09-27,10.84,11.37,10.73,11.27,8235517,92557448.000
2012-09-28,11.16,11.69,11.12,11.51,9403282,108562312.000
2012-10-08,11.72,11.72,11.28,11.46,5495766,63454624.000
2012-10-09,11.51,11.98,11.51,11.85,10218246,121286488.000
2012-10-10,11.76,12.27,11.64,11.98,11494150,138304448.000
2012-10-11,12.11,12.23,11.52,11.56,10279486,123570840.000
2012-10-12,11.74,12.12,11.58,11.80,8265434,98399872.000
2012-10-15,11.80,11.85,11.48,11.63,4605446,53654412.000
2012-10-16,11.70,11.77,11.51,11.54,4050957,47433080.000
2012-10-17,11.56,11.62,11.12,11.30,5472056,62270584.000
2012-10-18,11.32,11.81,11.27,11.74,7737534,90027984.000
2012-10-19,11.68,11.77,11.53,11.61,4049586,47415816.000
2012-10-22,11.52,11.71,11.32,11.61,4210061,48738224.000
2012-10-23,11.75,12.07,11.58,11.60,7984997,95069968.000
2012-10-24,11.45,11.63,11.30,11.55,4758509,54879176.000
2012-10-25,11.54,11.66,11.27,11.28,4175773,47911464.000
2012-10-26,11.22,11.38,11.04,11.22,3788326,42656244.000
2012-10-29,11.32,11.35,11.09,11.33,1834322,20699988.000
2012-10-30,11.26,11.54,11.21,11.47,3220773,36959184.000
2012-10-31,11.48,12.63,11.47,12.63,28843792,357112608.000
2012-11-01,12.45,12.92,12.42,12.64,22403103,285634976.000
2012-11-02,12.50,12.87,12.40,12.71,14242844,180989712.000
2012-11-05,12.70,13.12,12.57,12.59,14727996,190137936.000
2012-11-06,12.46,13.11,12.13,13.09,16036590,203255280.000
2012-11-07,12.87,13.00,12.62,12.69,9010179,115840512.000
2012-11-08,12.53,13.12,12.47,12.56,13030658,168622528.000
2012-11-09,12.42,13.82,12.41,13.46,26848355,362594592.000
2012-11-12,13.42,14.29,13.42,14.27,27034682,378497280.000
2012-11-13,14.11,14.31,13.45,13.68,17952951,251378608.000
2012-11-14,13.57,13.96,13.31,13.64,11560666,158196192.000
2012-11-15,13.47,13.89,13.22,13.41,13107495,178064176.000
2012-11-16,13.22,14.31,13.22,14.07,18569819,258680960.000
2012-11-19,14.00,14.47,13.60,13.99,13716162,192697792.000
2012-11-20,13.99,14.15,13.17,13.21,16596185,225388912.000
2012-11-21,13.15,13.51,12.97,13.46,9745890,129672664.000
2012-11-22,13.27,13.42,12.92,13.16,8304436,110006368.000
2012-11-23,13.14,13.45,13.09,13.24,8511904,113631528.000
2012-11-26,13.12,13.32,12.73,12.99,7486275,98104688.000
2012-11-27,13.07,13.56,12.92,12.99,12875974,172027200.000
2012-11-28,12.65,12.78,12.22,12.34,8948767,111921264.000
2012-11-29,12.35,12.66,12.29,12.31,7632779,95568944.000
2012-11-30,12.25,12.92,12.24,12.90,11225939,142922624.000
2012-12-03,12.80,13.07,12.67,12.68,9122209,118089472.000
2012-12-04,12.53,13.20,12.46,13.18,11591102,150397280.000
2012-12-05,13.12,14.21,13.05,13.78,16118398,221761552.000
2012-12-06,13.79,14.04,13.47,13.70,9964679,137402640.000
2012-12-07,13.70,13.90,13.54,13.82,12296065,169917360.000
2012-12-10,13.80,14.29,13.64,13.92,16611323,235203936.000
2012-12-11,13.72,13.73,13.37,13.38,15580137,211466912.000
2012-12-12,13.34,13.71,13.34,13.56,9654695,131750816.000
2012-12-13,13.49,13.54,13.13,13.15,8017149,107246056.000
2012-12-14,12.97,13.89,12.97,13.81,15708610,214895200.000
2012-12-17,13.81,14.17,13.59,13.68,15065912,209089616.000
2012-12-18,13.71,14.32,13.65,13.85,17953676,252602960.000
2012-12-19,13.72,13.90,13.62,13.71,7518376,103804936.000
2012-12-20,13.71,14.11,13.52,13.84,9331721,129686976.000
2012-12-21,13.82,14.72,13.76,14.42,22362782,322624864.000
2012-12-24,14.45,14.46,14.07,14.32,13218525,189061456.000
2012-12-25,14.27,14.78,14.17,14.63,15777163,229982400.000
2012-12-26,14.57,14.71,14.46,14.67,11852579,173767856.000
2012-12-27,14.62,15.02,14.13,14.16,15857164,232149520.000
2012-12-28,14.08,14.32,13.82,14.29,12589980,177119504.000
2012-12-31,14.18,14.28,13.92,14.10,9227708,130761680.000
2013-01-04,14.18,15.48,14.02,15.17,29711887,442609984.000
2013-01-07,15.10,15.22,14.77,15.20,17194100,259060528.000
2013-01-08,15.10,15.10,14.79,14.97,10782610,161722768.000
2013-01-09,14.84,15.21,14.77,14.89,12880455,194196048.000
2013-01-10,14.94,15.17,14.74,14.91,9489708,142377552.000
2013-01-11,14.93,15.18,14.60,14.68,13123855,197001152.000
2013-01-14,14.72,15.27,14.53,15.20,15378896,232259984.000
2013-01-15,15.18,16.57,15.03,15.96,25702608,405032544.000
2013-01-16,15.77,15.93,15.22,15.49,14685593,230113520.000
2013-01-17,15.60,15.77,15.26,15.41,8107537,126067848.000
2013-01-18,15.72,15.82,15.25,15.61,9377524,146445600.000
2013-01-21,15.60,15.80,15.36,15.78,8369154,131607240.000
2013-01-22,15.67,15.71,15.06,15.28,9415737,145700352.000
2013-01-23,15.22,15.48,15.01,15.30,7616550,116333144.000
2013-01-24,15.32,15.50,14.30,14.42,13221233,197583616.000
2013-01-25,14.32,14.58,14.25,14.35,5472364,79131536.000
2013-01-28,14.35,14.86,14.35,14.78,7557837,111451048.000
2013-01-29,14.78,15.72,14.77,15.25,10384473,159755712.000
2013-01-30,15.23,15.38,14.69,14.89,8957550,134660560.000
2013-01-31,14.90,15.02,14.54,14.74,5807532,85928360.000
2013-02-01,14.71,14.97,14.57,14.95,5915737,88174480.000
2013-02-04,15.06,15.30,14.67,14.72,8804300,132558224.000
2013-02-05,14.52,15.72,14.43,15.57,22592595,348859328.000
2013-02-06,15.42,15.47,15.08,15.21,10968607,167778096.000
2013-02-07,15.19,15.37,15.13,15.26,5581098,85565944.000
2013-02-08,15.22,15.46,15.20,15.33,6324033,97508448.000
2013-02-18,15.43,15.90,15.29,15.66,11644752,183410752.000
2013-02-19,15.60,16.07,15.42,15.53,11731950,185421072.000
2013-02-20,15.50,15.76,15.18,15.71,9204028,142933616.000
2013-02-21,15.52,15.53,15.07,15.09,9080937,139429136.000
2013-02-22,15.10,15.38,14.72,14.78,7612435,115214680.000
2013-02-25,14.80,15.15,14.80,14.92,5506966,82820272.000
2013-02-26,14.81,15.02,14.51,14.53,7509546,111080928.000
2013-02-27,14.62,14.77,14.50,14.72,4426522,65142848.000
2013-02-28,14.74,15.05,14.60,15.04,6179614,92369744.000
2013-03-01,15.07,15.07,14.73,14.91,6047454,90501192.000
2013-03-04,14.70,14.76,13.80,14.04,9881784,141917328.000
2013-03-05,13.93,14.23,13.91,14.21,6036455,85370432.000
2013-03-06,14.28,14.41,14.09,14.29,6621383,94987488.000
2013-03-07,14.32,14.67,14.10,14.29,6697842,97195800.000
2013-03-08,14.22,14.63,14.05,14.38,7379235,106729256.000
2013-03-11,14.37,14.81,14.31,14.45,6724456,98644728.000
2013-03-12,14.46,14.46,13.27,13.62,11327622,157238080.000
2013-03-13,13.63,13.63,12.98,13.08,5858695,77552176.000
2013-03-14,13.02,13.31,12.79,12.87,5445625,71191584.000
2013-03-15,13.01,13.35,12.93,13.03,6013878,79269448.000
2013-03-18,13.02,13.02,12.53,12.54,4590245,58871320.000
2013-03-19,12.64,12.80,12.47,12.78,4023676,51115088.000
2013-03-20,12.79,13.20,12.72,13.18,5526547,72492368.000
2013-03-21,13.12,13.78,13.09,13.48,8346202,112568400.000
2013-03-22,13.36,13.45,13.12,13.23,6900368,91915920.000
2013-03-25,13.17,13.32,13.03,13.15,3647335,48219728.000
2013-03-26,13.14,13.14,12.77,12.81,3918541,50754688.000
2013-03-27,12.81,13.05,12.77,12.86,2987002,38814776.000
2013-03-28,12.72,12.72,12.26,12.27,4894598,61447668.000
2013-03-29,12.29,12.41,12.04,12.06,2818086,34782600.000
2013-04-01,12.03,12.32,12.03,12.16,2078193,25516046.000
2013-04-02,12.19,12.39,12.07,12.34,3083289,37995608.000
2013-04-03,12.27,12.43,12.23,12.36,2865840,35594316.000
2013-04-08,12.20,12.20,11.74,11.87,5259720,62855420.000
2013-04-09,11.89,12.32,11.89,12.31,4708072,57423188.000
2013-04-10,12.31,13.11,12.23,13.02,13489128,172714336.000
2013-04-11,12.99,13.16,12.75,12.90,6131501,79605160.000
2013-04-12,12.83,13.02,12.68,12.72,3501660,45274256.000
2013-04-15,12.69,12.79,12.44,12.59,4324945,54800672.000
2013-04-16,12.32,12.83,12.31,12.82,4053879,51583064.000
2013-04-17,12.83,12.92,12.60,12.70,3153332,40408776.000
2013-04-18,12.62,12.82,12.57,12.60,3158092,40232596.000
2013-04-19,12.60,13.21,12.57,13.07,7596680,98987744.000
2013-04-22,12.92,13.06,12.82,12.96,5328299,69232328.000
2013-04-23,13.00,13.12,12.44,12.44,6113132,78438264.000
2013-04-24,12.42,12.67,12.32,12.57,4406107,55378976.000
2013-04-25,12.52,12.52,11.98,12.03,6970213,84954016.000
2013-04-26,11.96,12.14,11.80,11.89,3582374,43086480.000
2013-05-02,11.89,12.03,11.82,11.92,1863250,22371772.000
2013-05-03,11.91,12.27,11.91,12.11,3367821,41150620.000
2013-05-06,12.15,12.39,12.12,12.33,4710930,58173976.000
2013-05-07,12.27,12.71,12.27,12.48,5291896,66554248.000
2013-05-08,12.50,12.70,12.47,12.63,5383684,68168536.000
2013-05-09,12.72,12.74,12.26,12.36,4810781,60290096.000
2013-05-10,12.37,12.57,12.30,12.44,2962220,36997208.000
2013-05-13,12.42,12.98,12.29,12.77,7998960,102568480.000
2013-05-14,12.63,12.77,12.47,12.54,3547471,44921552.000
2013-05-15,12.54,12.71,12.52,12.65,2424969,30779000.000
2013-05-16,12.70,13.07,12.65,12.99,8565147,111045320.000
2013-05-17,12.99,13.12,12.84,12.98,6155996,80196672.000
2013-05-20,12.92,13.15,12.92,12.99,7319545,95810832.000
2013-05-21,13.05,13.42,12.96,13.40,11369915,151821984.000
2013-05-22,13.39,13.57,13.31,13.43,8974952,121281256.000
2013-05-23,13.46,13.55,13.17,13.24,8289956,110996240.000
2013-05-24,13.27,13.64,13.27,13.54,11757595,159987872.000
2013-05-27,13.45,13.71,13.38,13.58,6998824,95532640.000
2013-05-28,13.82,13.84,13.50,13.70,7119886,97763784.000
2013-05-29,13.80,13.86,13.45,13.48,6322762,86335320.000
2013-05-30,13.35,13.51,13.02,13.26,8809770,117515720.000
2013-05-31,13.25,13.34,13.13,13.28,5403517,71420048.000
2013-06-03,13.30,13.36,13.11,13.13,3830017,50599132.000
2013-06-04,12.95,13.13,12.80,12.89,3754311,48608464.000
2013-06-05,12.86,13.01,12.81,12.97,2206154,28517388.000
2013-06-06,12.93,12.93,12.37,12.46,4883656,61477400.000
2013-06-07,12.30,12.44,11.80,11.87,8402971,100807312.000
2013-06-13,11.74,11.74,11.02,11.23,4947203,55517464.000
2013-06-14,11.30,11.37,11.10,11.25,4752747,53421656.000
2013-06-17,11.27,11.69,11.18,11.55,5584931,64031368.000
2013-06-18,11.57,11.60,11.35,11.39,2561994,29266344.000
2013-06-19,11.37,11.37,11.06,11.19,3279573,36647428.000
2013-06-20,11.18,11.37,10.99,11.01,3584527,40033416.000
2013-06-21,10.84,11.24,10.48,11.10,3699253,40459624.000
2013-06-24,11.09,11.29,10.43,10.58,4316800,46888804.000
2013-06-25,10.50,10.50,9.52,10.26,7073170,70643496.000
2013-06-26,10.30,10.40,10.07,10.24,3281828,33470874.000
2013-06-27,10.26,10.49,10.06,10.32,3734502,38487520.000
2013-06-28,10.18,10.45,10.06,10.24,3054388,31317122.000
2013-07-01,10.27,10.47,10.18,10.43,3683660,38147200.000
2013-07-02,10.47,10.54,10.28,10.54,3534136,36831788.000
2013-07-03,10.60,10.95,10.57,10.70,5301152,56894552.000
2013-07-04,10.65,11.00,10.56,10.93,5520242,60120944.000
2013-07-05,10.85,11.00,10.73,10.77,3957296,43014800.000
2013-07-08,10.70,10.70,10.15,10.21,3428539,35679268.000
2013-07-09,10.18,10.43,10.18,10.34,1735480,17921876.000
2013-07-10,10.42,11.11,10.34,10.98,3990944,43074668.000
2013-07-11,11.00,11.40,10.99,11.28,6195711,69935704.000
2013-07-12,11.49,11.65,11.17,11.17,6880720,78600224.000
数据来源:通达信
