600133 东湖高新 日线
      日期	    开盘	    最高	    最低	    收盘	    成交量	    成交额
2007-01-11,2.47,2.47,2.47,2.47,542186,3079616.000
2007-01-12,2.54,2.54,2.35,2.37,6619600,37347876.000
2007-01-15,2.35,2.46,2.32,2.44,3994442,22048232.000
2007-01-16,2.45,2.46,2.40,2.45,4051580,22648252.000
2007-01-17,2.46,2.56,2.43,2.50,5689971,32893544.000
2007-01-18,2.50,2.59,2.47,2.59,4842741,28429772.000
2007-01-19,2.61,2.65,2.58,2.64,5034453,30218998.000
2007-01-22,2.64,2.72,2.64,2.72,5078996,31293188.000
2007-01-23,2.73,2.74,2.62,2.70,4483487,27421584.000
2007-01-24,2.67,2.83,2.67,2.80,5225047,33012692.000
2007-01-25,2.78,2.78,2.66,2.66,4527968,28071700.000
2007-01-26,2.62,2.66,2.52,2.60,4009718,23723522.000
2007-01-29,2.60,2.69,2.60,2.69,2754543,16755657.000
2007-01-30,2.74,2.74,2.66,2.69,3278009,20298986.000
2007-01-31,2.68,2.78,2.63,2.63,4565614,28504726.000
2007-02-01,2.65,2.70,2.58,2.67,3300259,20097578.000
2007-02-02,2.68,2.81,2.67,2.72,4694447,29656670.000
2007-02-05,2.74,2.86,2.74,2.86,5440299,35271952.000
2007-02-06,2.90,2.94,2.77,2.82,3714952,24152968.000
2007-02-07,2.83,2.90,2.80,2.83,3263802,21263676.000
2007-02-08,2.86,2.88,2.82,2.86,2659348,17378074.000
2007-02-09,2.87,3.01,2.85,2.99,6550305,44780368.000
2007-02-12,3.00,3.03,2.94,3.02,3574212,24407994.000
2007-02-13,3.02,3.09,2.98,3.08,2906392,20313184.000
2007-02-14,3.09,3.23,3.09,3.23,4395826,32375128.000
2007-02-15,3.28,3.30,3.18,3.26,3890864,28781296.000
2007-02-16,3.26,3.32,3.20,3.27,3751412,27948820.000
2007-02-26,3.28,3.35,3.17,3.34,4481584,33554300.000
2007-02-27,3.35,3.35,3.17,3.17,4614248,34118856.000
2007-02-28,3.01,3.17,3.01,3.14,5932722,41508836.000
2007-03-01,3.10,3.13,2.98,3.00,4336148,29961046.000
2007-03-02,2.99,3.11,2.98,3.08,3021771,21192800.000
2007-03-05,3.08,3.19,3.00,3.16,3893583,27755276.000
2007-03-06,3.12,3.18,3.09,3.13,1930865,13853453.000
2007-03-07,3.14,3.22,3.13,3.20,3184352,23157260.000
2007-03-08,3.19,3.34,3.17,3.32,4992436,37390448.000
2007-03-09,3.32,3.49,3.28,3.49,7392814,57880868.000
2007-03-12,3.54,3.66,3.53,3.56,9314775,77173776.000
2007-03-13,3.51,3.71,3.46,3.65,5846995,47778816.000
2007-03-14,3.61,3.64,3.51,3.55,4213641,34401400.000
2007-03-15,3.55,3.67,3.53,3.60,3600039,29604168.000
2007-03-16,3.61,3.78,3.61,3.77,9663316,82413528.000
2007-03-19,3.61,3.96,3.61,3.84,6513935,56796352.000
2007-03-20,3.84,4.03,3.84,4.03,4801235,43748208.000
2007-03-21,4.14,4.24,4.14,4.24,1368216,13140582.000
2007-03-22,4.45,4.45,4.28,4.45,3621320,36607304.000
2007-03-23,4.48,4.61,4.22,4.25,12160081,119645672.000
2007-03-26,4.29,4.29,4.03,4.03,5316010,49169056.000
2007-03-27,3.94,4.14,3.86,4.06,7363779,67129864.000
2007-03-28,4.03,4.10,3.85,3.97,6717359,60519164.000
2007-03-29,3.95,4.17,3.95,4.06,7010861,65242804.000
2007-03-30,4.08,4.27,4.03,4.27,6918658,66229248.000
2007-04-02,4.33,4.46,4.26,4.30,5849520,57837216.000
2007-04-03,4.32,4.38,4.19,4.25,4260987,41504672.000
2007-04-04,4.26,4.46,4.20,4.46,6431872,63226508.000
2007-04-05,4.42,4.50,4.30,4.38,4647816,46453232.000
2007-04-06,4.30,4.42,4.28,4.33,3699153,36638616.000
2007-04-09,4.31,4.35,4.27,4.31,4394229,43052248.000
2007-04-10,4.32,4.37,4.15,4.26,4041725,39231620.000
2007-04-11,4.25,4.38,4.20,4.34,5434116,52972760.000
2007-04-12,4.35,4.46,4.31,4.41,5383809,53865284.000
2007-04-13,4.41,4.63,4.35,4.63,6854028,71336312.000
2007-04-16,4.87,4.87,4.87,4.87,1015831,11255407.000
2007-04-17,5.11,5.11,5.11,5.11,821975,9559569.000
2007-04-18,5.37,5.37,5.10,5.30,16452785,198051664.000
2007-04-19,5.23,5.27,5.04,5.04,7053037,82233152.000
2007-04-20,4.97,5.29,4.97,5.29,7047138,83476672.000
2007-04-23,5.31,5.56,5.27,5.39,6057897,74766528.000
2007-04-24,5.40,5.45,5.18,5.28,6564570,78640592.000
2007-04-25,5.27,5.39,5.09,5.30,5107939,61369408.000
2007-04-26,5.34,5.57,5.34,5.57,7171076,90524008.000
2007-04-27,5.68,5.85,5.67,5.84,5831654,77289552.000
2007-04-30,5.69,6.07,5.66,5.89,7510385,99719224.000
2007-05-08,6.00,6.17,5.77,6.07,6244561,84267128.000
2007-05-09,6.05,6.07,5.76,5.91,5965967,80033232.000
2007-05-10,5.89,6.02,5.77,5.91,5800330,77548344.000
2007-05-11,5.82,6.20,5.81,6.14,6887887,94880544.000
2007-05-14,6.07,6.39,5.97,6.13,5827406,82218512.000
2007-05-15,6.23,6.23,5.82,5.82,6278197,85292192.000
2007-05-17,6.10,6.11,6.03,6.11,1700017,23564412.000
2007-05-18,6.34,6.42,6.19,6.42,5576196,80395328.000
2007-05-21,6.21,6.74,6.12,6.74,6608504,99618512.000
2007-05-22,6.97,7.08,6.97,7.08,1228952,19677154.000
2007-05-23,7.43,7.43,7.10,7.27,11469572,190343584.000
2007-05-24,7.24,7.63,7.10,7.45,9014037,150685520.000
2007-05-25,7.42,7.42,7.16,7.17,5674657,93321256.000
2007-05-28,7.19,7.32,7.06,7.14,5739210,93091168.000
2007-05-29,7.15,7.37,7.06,7.18,4255724,69464976.000
2007-05-30,6.82,7.06,6.82,6.82,3856700,60055456.000
2007-05-31,6.48,6.48,6.48,6.48,925900,13610730.000
2007-06-01,6.15,6.33,6.15,6.15,3464200,48530004.000
2007-06-04,5.84,5.84,5.84,5.84,147900,1962633.000
2007-06-05,5.55,5.55,5.55,5.55,117900,1486719.000
2007-06-06,5.27,5.81,5.27,5.32,8966307,110351424.000
2007-06-07,5.32,5.59,5.15,5.59,7327592,89973520.000
2007-06-08,5.72,5.88,5.59,5.73,6326731,82739624.000
2007-06-11,5.75,5.85,5.54,5.61,5023866,64845452.000
2007-06-12,5.63,5.67,5.33,5.43,6423539,78827240.000
2007-06-13,5.42,5.70,5.42,5.70,3698372,47297380.000
2007-06-14,5.99,5.99,5.86,5.99,3985958,54198440.000
2007-06-15,6.28,6.30,6.08,6.18,13230428,186583552.000
2007-06-18,6.21,6.37,6.10,6.20,5840751,82297424.000
2007-06-19,6.20,6.48,6.12,6.37,4768132,68137824.000
2007-06-20,6.40,6.66,6.17,6.24,5866688,85299824.000
2007-06-21,6.17,6.34,5.99,6.09,4519307,62677976.000
2007-06-22,6.05,6.26,5.78,5.78,4209712,57435192.000
2007-06-25,5.69,5.82,5.49,5.49,2645434,33315452.000
2007-06-26,5.22,5.33,5.22,5.29,3609060,42884136.000
2007-06-27,5.30,5.45,5.19,5.37,2574903,31089396.000
2007-06-28,5.39,5.44,5.10,5.10,2299697,27464374.000
2007-06-29,4.84,4.94,4.84,4.84,2752332,30373232.000
2007-07-02,4.68,4.81,4.60,4.60,1573849,16540294.000
2007-07-03,4.59,4.75,4.57,4.74,2600903,27609490.000
2007-07-04,4.75,4.91,4.66,4.67,2007190,21884020.000
2007-07-05,4.57,4.66,4.43,4.43,3261494,33075032.000
2007-07-06,4.31,4.56,4.21,4.51,2887326,28631998.000
2007-07-09,4.53,4.74,4.48,4.68,2484098,26109852.000
2007-07-10,4.91,4.91,4.91,4.91,396711,4435229.000
2007-07-11,5.16,5.16,5.16,5.16,79740,936148.000
2007-07-12,5.42,5.42,5.42,5.42,132500,1633725.000
2007-07-13,5.70,5.70,5.70,5.70,5030207,65141180.000
2007-07-16,5.99,5.99,5.90,5.99,5543782,75313528.000
2007-07-17,6.29,6.29,6.29,6.29,557062,7954845.000
2007-07-18,6.61,6.61,6.61,6.61,381850,5723932.000
2007-07-19,6.83,6.83,6.27,6.27,5377311,79196592.000
2007-07-20,5.97,6.26,5.96,6.15,10600500,146890080.000
2007-07-23,5.97,6.46,5.97,6.46,8846811,127358848.000
2007-07-24,6.59,6.78,6.49,6.78,9919146,151886928.000
2007-08-14,7.83,7.83,6.89,7.03,25085095,329857408.000
2007-08-15,6.84,7.00,6.56,6.71,12393831,151037712.000
2007-08-16,6.70,7.08,6.38,6.89,11763686,144582288.000
2007-08-17,6.73,6.89,6.56,6.57,5803391,70414472.000
2007-08-20,6.67,6.87,6.58,6.78,6390070,77994304.000
2007-08-21,6.83,6.87,6.61,6.67,6099801,73861632.000
2007-08-22,6.60,6.78,6.56,6.69,6006438,73005368.000
2007-08-23,6.70,7.04,6.70,6.95,10540990,131513744.000
2007-08-24,7.00,7.05,6.83,6.89,8314359,104696504.000
2007-08-27,6.87,6.99,6.62,6.73,5915291,72641040.000
2007-08-28,6.73,6.73,6.43,6.56,4693652,55509056.000
2007-08-29,6.47,6.62,6.38,6.40,4199984,49178392.000
2007-08-30,6.44,6.71,6.44,6.66,4621679,55461344.000
2007-08-31,6.67,6.80,6.60,6.66,5523295,67082456.000
2007-09-03,6.72,7.16,6.66,7.04,10953275,136232960.000
2007-09-04,7.04,7.04,6.76,6.80,7448746,93104160.000
2007-09-05,6.73,6.89,6.61,6.73,4137605,50476052.000
2007-09-06,6.79,6.86,6.73,6.76,4182468,51458396.000
2007-09-07,6.78,6.78,6.49,6.54,4702644,56269056.000
2007-09-10,6.39,6.58,6.33,6.57,3466763,40517876.000
2007-09-11,6.56,6.77,6.28,6.32,4449197,52999692.000
2007-09-12,6.31,6.42,5.86,6.14,4576996,50763224.000
2007-09-13,6.14,6.21,6.07,6.17,2506481,27866778.000
2007-09-14,6.18,6.22,6.01,6.13,3057027,33883352.000
2007-09-17,6.07,6.43,6.03,6.28,3925408,44641424.000
2007-09-18,6.31,6.32,6.16,6.22,2969137,33528804.000
2007-09-19,6.24,6.24,6.00,6.04,3307582,36636656.000
2007-09-20,6.11,6.16,6.06,6.10,2668072,29536008.000
2007-09-21,6.12,6.32,6.12,6.22,3752509,42222900.000
2007-09-24,6.25,6.28,6.02,6.10,3192364,35404936.000
2007-09-25,6.08,6.08,5.87,5.96,2898208,31324490.000
2007-09-26,5.96,6.17,5.90,6.16,3406520,37351228.000
2007-09-27,6.26,6.26,6.07,6.12,2631062,29359298.000
2007-09-28,6.13,6.20,6.11,6.14,3309768,37036756.000
2007-10-08,6.23,6.25,6.03,6.06,2632785,29120974.000
2007-10-09,6.06,6.10,5.93,6.08,2347305,25547976.000
2007-10-10,6.08,6.11,5.94,5.98,2524978,27622878.000
2007-10-11,5.94,5.99,5.71,5.73,3677433,39063060.000
2007-10-12,5.73,5.86,5.29,5.51,3930888,39288560.000
2007-10-15,5.53,5.64,5.31,5.61,3210582,31925140.000
2007-10-16,5.59,5.59,5.41,5.57,1997635,20017524.000
2007-10-17,5.55,5.71,5.55,5.59,2406684,24565230.000
2007-10-18,5.59,5.61,5.34,5.35,2146075,21151628.000
2007-10-19,5.34,5.43,5.26,5.35,1868154,18101136.000
2007-10-22,5.36,5.38,5.07,5.08,2168740,20562226.000
2007-10-23,5.14,5.60,5.05,5.60,3508527,34008064.000
2007-10-24,5.77,6.16,5.64,5.69,11272747,120930448.000
2007-10-25,5.44,5.44,5.12,5.12,3624212,34318676.000
2007-10-26,4.94,4.94,4.61,4.71,3708210,31979366.000
2007-10-29,4.78,4.78,4.41,4.75,3040612,25307044.000
2007-10-30,4.79,4.83,4.63,4.82,2567053,22223184.000
2007-10-31,4.92,5.12,4.81,5.06,3221993,29204368.000
2007-11-01,5.11,5.11,4.84,5.08,3289012,29843072.000
2007-11-02,4.94,5.36,4.89,5.12,4855387,45925360.000
2007-11-05,5.00,5.18,4.89,5.05,2146115,19830352.000
2007-11-06,5.03,5.17,5.02,5.05,1362628,12570346.000
2007-11-07,5.06,5.17,4.77,4.92,1272909,11546689.000
2007-11-08,4.89,4.94,4.58,4.69,1411970,12407427.000
2007-11-09,4.65,4.84,4.65,4.81,1173719,10157446.000
2007-11-12,4.79,5.27,4.73,5.25,6288902,58142496.000
2007-11-13,5.27,5.33,5.11,5.21,4031377,38078352.000
2007-11-14,5.20,5.48,5.07,5.36,4101053,39184340.000
2007-11-15,5.29,5.36,5.10,5.14,2543001,24215120.000
2007-11-16,5.14,5.18,4.98,5.06,1378909,12629455.000
2007-11-19,4.99,5.22,4.99,5.20,1563508,14657231.000
2007-11-20,5.14,5.32,5.11,5.17,1758325,16668337.000
2007-11-21,5.22,5.25,5.03,5.06,1703809,15932596.000
2007-11-22,5.00,5.00,4.67,4.69,1986431,17454032.000
2007-11-23,4.65,4.87,4.64,4.84,999559,8626591.000
2007-11-26,4.94,4.94,4.70,4.77,1329558,11670255.000
2007-11-27,4.72,4.82,4.71,4.72,708902,6137582.000
2007-11-28,4.77,4.93,4.73,4.81,1008058,8882041.000
2007-11-29,4.83,4.91,4.69,4.88,1060379,9365788.000
2007-11-30,4.89,4.93,4.77,4.77,880378,7773133.000
2007-12-03,4.77,4.91,4.73,4.86,936761,8189590.000
2007-12-04,4.89,4.93,4.83,4.87,819700,7283700.000
2007-12-05,4.87,4.95,4.83,4.92,1475264,13153383.000
2007-12-06,4.92,5.06,4.89,5.02,1817903,16544986.000
2007-12-07,5.06,5.51,4.98,5.47,8030300,77322384.000
2007-12-11,5.53,5.72,5.39,5.57,9161266,92725424.000
2007-12-12,5.57,5.77,5.44,5.66,5263995,54077480.000
2007-12-13,5.61,5.77,5.39,5.41,4166433,42649272.000
2007-12-14,5.31,5.47,5.23,5.46,2782363,27091276.000
2007-12-17,5.58,5.62,5.37,5.61,3810099,38255164.000
2007-12-18,5.65,5.71,5.56,5.63,3865620,39655428.000
2007-12-19,5.69,5.86,5.67,5.78,5806933,60952892.000
2007-12-20,5.80,5.80,5.69,5.73,2907097,30359772.000
2007-12-21,5.69,5.83,5.67,5.75,3020550,31486644.000
2007-12-24,5.77,5.86,5.73,5.76,3719336,39165168.000
2007-12-25,5.78,5.78,5.64,5.69,3258701,33606628.000
2007-12-26,5.68,5.93,5.67,5.93,4363994,45892168.000
2007-12-27,5.94,5.98,5.84,5.86,4110286,44133732.000
2007-12-28,5.87,5.91,5.74,5.76,2902340,30586828.000
2008-01-02,5.73,5.93,5.72,5.89,3170932,33734752.000
2008-01-03,5.88,6.19,5.84,6.17,6002136,66381936.000
2008-01-04,6.15,6.18,6.03,6.09,2942866,32582092.000
2008-01-07,6.08,6.26,6.05,6.23,3811987,42894448.000
2008-01-08,6.23,6.38,5.89,5.95,5225646,58627144.000
2008-01-09,5.91,6.10,5.91,6.10,2823387,30752656.000
2008-01-10,6.16,6.25,6.08,6.16,3665001,41141832.000
2008-01-11,6.17,6.37,6.17,6.34,6558624,75018360.000
2008-01-14,6.38,6.55,6.36,6.39,5309366,62314060.000
2008-01-15,6.41,6.53,6.33,6.47,3840116,44902592.000
2008-01-16,6.44,6.44,6.14,6.17,4525008,51483056.000
2008-01-17,6.17,6.25,5.67,5.97,3866569,42267972.000
2008-01-18,5.98,6.22,5.97,6.12,2130333,23586596.000
2008-01-21,6.09,6.50,5.95,6.32,9569778,109386256.000
2008-01-22,6.34,6.96,6.34,6.96,45851400,568093696.000
2008-01-23,7.54,7.66,6.77,7.45,43719636,580865536.000
2008-01-24,7.22,8.20,7.16,8.20,31480787,450034848.000
2008-01-25,8.08,8.71,7.44,7.54,32390423,471134112.000
2008-01-29,6.78,7.42,6.78,7.08,20938060,263619984.000
2008-01-30,6.94,7.04,6.38,6.68,14970753,182726304.000
2008-01-31,6.74,6.97,6.17,6.24,9702313,116669488.000
2008-02-01,6.10,6.21,5.61,5.61,12049709,125254688.000
2008-02-04,5.77,6.13,5.66,6.03,9359017,100961208.000
2008-02-05,6.01,6.54,5.80,6.34,11259420,124089680.000
2008-02-13,6.16,6.38,6.08,6.17,6403211,72335312.000
2008-02-14,6.18,6.58,6.16,6.38,7041655,81610056.000
2008-02-15,6.27,6.37,6.08,6.32,6192183,69687456.000
2008-02-18,6.41,6.86,6.33,6.69,10483439,125939976.000
2008-02-19,6.61,6.81,6.56,6.71,6878077,83556584.000
2008-02-20,6.67,6.88,6.58,6.63,6926952,84665968.000
2008-02-21,6.61,7.08,6.47,6.93,9889412,122638096.000
2008-02-22,6.92,6.92,6.39,6.65,7603435,91991200.000
2008-02-25,6.57,6.71,6.01,6.13,5988566,68977552.000
2008-02-26,6.27,6.39,5.96,6.21,4833158,53932448.000
2008-02-27,6.31,6.53,6.17,6.41,4155010,48316260.000
2008-02-28,6.36,6.87,6.31,6.59,6229710,74580296.000
2008-02-29,6.67,6.94,6.64,6.91,8640881,107298592.000
2008-03-03,6.94,7.60,6.90,7.56,15329977,203202592.000
2008-03-04,7.58,7.71,7.17,7.19,13101486,176558144.000
2008-03-05,7.11,7.72,7.03,7.62,9832585,131868784.000
2008-03-06,7.72,7.97,7.39,7.54,11845563,165122112.000
2008-03-07,7.61,7.61,7.06,7.14,7254165,95407032.000
2008-03-10,7.10,7.10,6.76,6.81,4718626,59001512.000
2008-03-11,6.66,7.06,6.44,7.02,4119654,50579064.000
2008-03-12,7.11,7.17,6.57,6.60,4272298,53020592.000
2008-03-13,6.48,6.53,6.06,6.19,4616306,52851528.000
2008-03-14,6.21,6.49,6.12,6.34,2640136,30268112.000
2008-03-17,6.33,6.41,5.71,5.71,3710793,40230720.000
2008-03-18,5.50,5.69,5.13,5.13,4344950,41777120.000
2008-03-19,5.22,5.56,5.04,5.50,4916177,48072920.000
2008-03-20,5.33,5.94,5.21,5.80,5182575,52537212.000
2008-03-21,5.94,6.00,5.78,5.86,4749430,50944332.000
2008-03-24,6.06,6.15,5.75,5.77,4298287,46794896.000
2008-03-25,5.60,5.88,5.44,5.77,3299307,34257180.000
2008-03-26,5.78,6.04,5.72,5.99,3333471,35760344.000
2008-03-27,6.02,6.02,5.43,5.44,3770998,38892880.000
2008-03-28,5.42,5.74,5.12,5.73,4367202,43691564.000
2008-03-31,5.47,5.64,5.31,5.32,2549758,25294266.000
2008-04-01,5.44,5.49,4.78,4.78,3462900,31386312.000
2008-04-02,4.89,4.93,4.29,4.34,4196182,34129636.000
2008-04-03,4.29,4.49,3.97,4.34,3403030,26193758.000
2008-04-07,4.25,4.64,4.17,4.61,2965268,24325476.000
2008-04-08,4.61,4.78,4.51,4.70,3837944,32597172.000
2008-04-09,4.67,4.83,4.24,4.27,3383960,28268012.000
2008-04-10,4.22,4.48,4.12,4.44,2638194,20865148.000
2008-04-11,4.44,4.61,4.44,4.56,2486203,20510660.000
2008-04-14,4.50,4.52,4.17,4.21,3667841,29039052.000
2008-04-15,4.21,4.49,4.21,4.48,2892604,22975608.000
2008-04-16,4.44,4.50,4.28,4.41,1889325,15164949.000
2008-04-17,4.41,4.49,4.02,4.11,2123399,16430945.000
2008-04-18,4.01,4.15,3.72,3.76,2027523,14542527.000
2008-04-21,4.01,4.14,3.61,3.73,2807815,19907030.000
2008-04-22,3.57,3.69,3.36,3.61,2202094,14174031.000
2008-04-23,3.59,3.82,3.44,3.77,1919821,13017184.000
2008-04-24,4.15,4.15,4.00,4.15,5741406,43025736.000
2008-04-25,4.20,4.43,4.11,4.27,4481774,35134128.000
2008-04-28,4.27,4.47,4.21,4.38,4534128,36322824.000
2008-04-29,4.37,4.56,4.24,4.53,5451394,43455380.000
2008-04-30,4.67,4.97,4.56,4.93,9115070,77899352.000
2008-05-05,4.94,5.05,4.72,4.98,6552029,58344708.000
2008-05-06,4.89,5.21,4.77,4.94,7101882,63975260.000
2008-05-07,4.89,4.94,4.50,4.52,5388448,46547848.000
2008-05-08,4.44,4.64,4.39,4.63,3409497,28198756.000
2008-05-09,4.64,4.73,4.45,4.59,3346053,28020650.000
2008-05-13,4.49,4.77,4.39,4.68,5153671,43576160.000
2008-05-14,4.68,4.87,4.62,4.83,4706318,40874840.000
2008-05-15,4.84,5.04,4.73,4.78,5176202,45949112.000
2008-05-16,4.76,4.99,4.71,4.89,5975668,52940248.000
2008-05-19,4.93,4.99,4.79,4.84,6192515,55076768.000
2008-05-20,4.79,4.83,4.36,4.36,4596118,38553540.000
2008-05-21,4.26,4.49,4.08,4.47,3451647,26704378.000
2008-05-22,4.33,4.50,4.28,4.32,2546233,20406560.000
2008-05-23,4.28,4.38,4.08,4.21,2349581,18159044.000
2008-05-26,4.12,4.23,3.96,3.96,1998171,14950348.000
2008-05-27,3.96,4.07,3.93,4.05,1316912,9629249.000
2008-05-28,4.02,4.27,4.02,4.22,1853952,14099827.000
2008-05-29,4.23,4.23,4.02,4.03,1706599,12843913.000
2008-05-30,4.08,4.14,4.02,4.11,1542610,11486194.000
2008-06-02,4.11,4.29,4.11,4.28,2695999,20770300.000
2008-06-03,4.28,4.39,4.21,4.36,3010854,23543256.000
2008-06-04,4.38,4.39,4.14,4.32,2327659,18206824.000
2008-06-05,4.32,4.32,4.16,4.19,3375248,26019708.000
2008-06-06,4.18,4.21,4.06,4.08,1404845,10535412.000
2008-06-10,3.83,3.91,3.67,3.67,1516660,10415059.000
2008-06-11,3.53,3.61,3.43,3.54,1566296,10102081.000
2008-06-12,3.55,3.57,3.42,3.50,1282228,8183689.000
2008-06-13,3.54,3.57,3.31,3.32,1026331,6437653.000
2008-06-16,3.36,3.39,3.14,3.23,1078367,6413793.000
2008-06-17,3.24,3.28,2.95,2.98,1178000,6720257.000
2008-06-18,2.95,3.19,2.92,3.16,2025762,11388389.000
2008-06-19,3.11,3.12,2.83,2.83,1754861,9537375.000
2008-06-20,2.93,3.01,2.67,2.89,2092534,11083290.000
2008-06-23,2.83,2.94,2.73,2.84,1022383,5379145.000
2008-06-24,2.81,2.96,2.81,2.94,1647313,8782873.000
2008-06-25,2.94,3.14,2.93,3.14,2558300,14367289.000
2008-06-26,3.11,3.31,3.11,3.30,3376342,19918072.000
2008-06-27,3.22,3.22,2.97,2.98,3099152,17527820.000
2008-06-30,2.98,3.06,2.90,3.02,1308786,7135807.000
2008-07-01,3.04,3.09,2.93,2.96,1456046,8014258.000
2008-07-02,3.02,3.16,2.96,3.07,2076978,11691903.000
2008-07-03,3.08,3.38,3.08,3.38,6231065,37661236.000
2008-07-04,3.41,3.61,3.36,3.43,8477291,53766768.000
2008-07-07,3.32,3.58,3.32,3.54,5232261,33605896.000
2008-07-08,3.50,3.72,3.45,3.67,4850633,32162406.000
2008-07-09,3.68,3.74,3.57,3.71,5324051,35541936.000
2008-07-10,3.62,3.70,3.50,3.51,4354544,28886854.000
2008-07-11,3.51,3.66,3.49,3.60,3165742,20680878.000
2008-07-14,3.56,3.74,3.54,3.72,3270862,21863844.000
2008-07-15,3.75,3.81,3.50,3.51,3012914,19822946.000
2008-07-16,3.48,3.48,3.16,3.25,3032924,18194360.000
2008-07-17,3.29,3.38,3.12,3.17,1851429,11114511.000
2008-07-18,3.22,3.33,3.11,3.31,1616279,9508647.000
2008-07-21,3.27,3.48,3.21,3.45,2120709,13192691.000
2008-07-22,3.46,3.54,3.42,3.47,1921537,12233895.000
2008-07-23,3.47,3.52,3.42,3.44,1945186,12328490.000
2008-07-24,3.47,3.61,3.47,3.57,2702006,17573006.000
2008-07-25,3.53,3.53,3.39,3.48,2591907,16463517.000
2008-07-28,3.54,3.63,3.52,3.58,2694531,17677716.000
2008-07-29,3.55,3.61,3.48,3.60,2570078,16719730.000
2008-07-30,3.71,3.74,3.46,3.51,3363118,22130564.000
2008-07-31,3.48,3.54,3.32,3.33,2351793,14585531.000
2008-08-01,3.33,3.43,3.19,3.39,1609461,9801775.000
2008-08-04,3.35,3.37,3.24,3.26,877778,5337295.000
2008-08-05,3.22,3.46,3.22,3.44,2365282,14466936.000
2008-08-06,3.46,3.47,3.31,3.45,3490824,21800756.000
2008-08-07,3.46,3.50,3.31,3.41,2917879,18293202.000
2008-08-08,3.42,3.43,3.07,3.07,2520010,14888275.000
2008-08-11,3.06,3.06,2.76,2.76,1513238,7833939.000
2008-08-12,2.68,2.68,2.51,2.53,2903844,13797197.000
2008-08-13,2.51,2.53,2.29,2.44,2302284,10223347.000
2008-08-14,2.38,2.49,2.38,2.46,1842453,8327673.000
2008-08-18,2.45,2.47,2.21,2.21,1534694,6538300.000
2008-08-19,2.16,2.29,2.12,2.28,1085864,4492877.000
2008-08-20,2.24,2.51,2.23,2.51,2216479,9950446.000
2008-08-21,2.47,2.54,2.37,2.39,1610040,7238554.000
2008-08-22,2.38,2.39,2.24,2.34,1111233,4764032.000
2008-08-25,2.37,2.41,2.29,2.37,772556,3361129.000
2008-08-26,2.36,2.36,2.17,2.21,994422,4101509.000
2008-08-27,2.21,2.27,2.15,2.23,806551,3306806.000
2008-08-28,2.27,2.29,2.21,2.26,660800,2762246.000
2008-08-29,2.27,2.42,2.26,2.36,1561248,6800067.000
2008-09-01,2.38,2.40,2.25,2.33,1128681,4866622.000
2008-09-02,2.34,2.57,2.34,2.57,2836139,13297468.000
2008-09-03,2.77,2.81,2.55,2.57,10593471,52511684.000
2008-09-04,2.44,2.53,2.39,2.47,5223127,23745056.000
2008-09-05,2.38,2.38,2.26,2.29,3542720,15079822.000
2008-09-08,2.28,2.31,2.17,2.17,2174903,8904068.000
2008-09-09,2.20,2.27,2.17,2.22,1349092,5534148.000
2008-09-10,2.21,2.31,2.17,2.26,1663955,6903375.000
2008-09-11,2.26,2.28,2.18,2.20,1082332,4436428.000
2008-09-12,2.20,2.29,2.20,2.23,1308748,5428663.000
2008-09-16,2.26,2.27,2.18,2.19,1658541,6802999.000
2008-09-17,2.23,2.23,2.16,2.18,1053958,4253257.000
2008-09-18,2.16,2.18,1.96,2.13,1894130,7317988.000
2008-09-19,2.33,2.34,2.28,2.34,3731478,16065199.000
2008-09-22,2.46,2.58,2.32,2.41,6249403,27933256.000
2008-09-23,2.32,2.33,2.19,2.20,2650716,11014967.000
2008-09-24,2.17,2.26,2.15,2.26,1568203,6398088.000
2008-09-25,2.26,2.38,2.24,2.32,3516336,15008460.000
2008-09-26,2.33,2.36,2.27,2.33,2240343,9545107.000
2008-10-06,2.32,2.33,2.22,2.32,2423702,10151379.000
2008-10-07,2.28,2.53,2.24,2.49,8212004,36599076.000
2008-10-08,2.38,2.44,2.33,2.38,3744781,16447409.000
2008-10-09,2.43,2.44,2.20,2.23,3036037,12894634.000
2008-10-10,2.17,2.17,2.00,2.01,2730598,10372089.000
2008-10-13,1.94,2.08,1.86,2.06,2049296,7392690.000
2008-10-14,2.14,2.15,1.98,1.98,1766890,6787934.000
2008-10-15,1.91,2.00,1.91,1.96,701669,2545192.000
2008-10-16,1.87,1.93,1.79,1.81,1344709,4654736.000
2008-10-17,1.83,1.88,1.77,1.83,1034899,3498960.000
2008-10-20,1.83,1.91,1.79,1.89,982165,3403582.000
2008-10-21,1.89,1.94,1.88,1.89,1349222,4774284.000
2008-10-22,1.86,1.92,1.84,1.89,1148264,3990311.000
2008-10-23,1.88,1.91,1.83,1.91,919484,3209973.000
2008-10-24,1.92,1.96,1.86,1.91,1394271,4949740.000
2008-10-27,1.87,1.94,1.71,1.71,1541915,5090483.000
2008-10-28,1.64,1.77,1.64,1.76,1539105,4896228.000
2008-10-29,1.81,1.81,1.66,1.66,1098727,3550514.000
2008-10-30,1.67,1.71,1.64,1.67,1442565,4503405.000
2008-10-31,1.68,1.69,1.61,1.62,1003369,3066809.000
2008-11-03,1.62,1.64,1.61,1.63,735800,2226814.000
2008-11-04,1.63,1.64,1.56,1.58,951385,2815001.000
2008-11-05,1.61,1.66,1.58,1.64,1904503,5791756.000
2008-11-06,1.62,1.63,1.58,1.63,1029691,3089807.000
2008-11-07,1.61,1.73,1.59,1.69,1778344,5521111.000
2008-11-10,1.73,1.83,1.71,1.82,3294351,10860381.000
2008-11-11,1.80,1.91,1.76,1.83,3985733,13605841.000
2008-11-12,1.81,1.96,1.79,1.95,4263766,14847485.000
2008-11-13,1.97,2.10,1.95,2.04,9557174,36097088.000
2008-11-14,2.04,2.08,1.97,2.08,7465537,28056436.000
2008-11-17,2.08,2.19,2.03,2.16,6205380,24179416.000
2008-11-18,2.13,2.23,1.93,1.93,6182339,23535816.000
2008-11-19,1.91,2.11,1.91,2.09,4221201,15864076.000
2008-11-20,2.05,2.16,2.01,2.08,4027405,15424110.000
2008-11-21,2.01,2.12,1.89,2.06,3775008,14130623.000
2008-11-24,2.06,2.08,1.93,1.94,2074150,7691617.000
2008-11-25,1.97,1.99,1.88,1.93,1505792,5392209.000
2008-11-26,1.94,1.99,1.90,1.96,1316825,4750475.000
2008-11-27,2.12,2.14,1.97,1.97,3586773,13671193.000
2008-11-28,1.95,2.11,1.94,2.08,5729643,21754500.000
2008-12-01,2.09,2.30,2.08,2.30,12320977,50951336.000
2008-12-02,2.27,2.41,2.21,2.25,12183309,51765524.000
2008-12-03,2.25,2.34,2.22,2.31,7017192,29495596.000
2008-12-04,2.33,2.37,2.24,2.27,9215467,39390900.000
2008-12-05,2.25,2.36,2.23,2.36,6058417,25864198.000
2008-12-08,2.34,2.45,2.34,2.44,7412967,32766052.000
2008-12-09,2.38,2.42,2.29,2.31,7366800,31832200.000
2008-12-10,2.25,2.38,2.24,2.38,4757053,20463312.000
2008-12-11,2.37,2.51,2.31,2.44,14996194,66982524.000
2008-12-12,2.38,2.40,2.19,2.22,9200599,38393472.000
2008-12-15,2.28,2.31,2.17,2.28,5808477,24147744.000
2008-12-16,2.26,2.28,2.16,2.27,3969625,16258678.000
2008-12-17,2.28,2.39,2.27,2.37,7407072,31781268.000
2008-12-18,2.36,2.38,2.28,2.37,4972299,21462440.000
2008-12-19,2.35,2.42,2.32,2.34,5148385,22534452.000
2008-12-22,2.34,2.34,2.26,2.29,3630265,15363543.000
2008-12-23,2.31,2.33,2.11,2.15,3957810,16277076.000
2008-12-24,2.16,2.18,2.08,2.13,2511478,9845411.000
2008-12-25,2.10,2.12,2.00,2.07,13429781,50910624.000
2008-12-26,2.04,2.27,2.00,2.17,20205456,80077840.000
2008-12-29,2.11,2.14,1.97,2.03,10925335,41110028.000
2008-12-30,2.01,2.07,1.97,1.98,7018641,26193984.000
2008-12-31,1.96,1.99,1.86,1.87,4218391,15115137.000
2009-01-05,1.91,1.99,1.89,1.98,5146484,18446456.000
2009-01-06,1.95,2.08,1.92,2.07,6910375,25826830.000
2009-01-07,2.07,2.11,2.02,2.08,8328206,31849648.000
2009-01-08,2.04,2.07,1.97,2.00,4441990,16614871.000
2009-01-09,2.00,2.07,1.99,2.07,3838231,14526471.000
2009-01-12,2.06,2.13,2.06,2.09,4460391,17327312.000
2009-01-13,2.06,2.07,1.99,2.02,3318930,12487661.000
2009-01-14,2.00,2.10,2.00,2.10,4329461,16567004.000
2009-01-15,2.08,2.19,2.07,2.13,6298580,24880876.000
2009-01-16,2.14,2.26,2.14,2.22,10148624,41347128.000
2009-01-19,2.24,2.32,2.22,2.31,11595820,48390880.000
2009-01-20,2.31,2.33,2.22,2.27,9534773,39705152.000
2009-01-21,2.23,2.27,2.19,2.25,5629897,23258684.000
2009-01-22,2.27,2.32,2.25,2.31,6783022,28518730.000
2009-01-23,2.33,2.39,2.31,2.32,13845879,60065920.000
2009-02-02,2.33,2.34,2.25,2.34,5500662,23362184.000
2009-02-03,2.32,2.42,2.32,2.39,8120145,35576888.000
2009-02-04,2.39,2.48,2.34,2.47,10171494,45284200.000
2009-02-05,2.46,2.48,2.34,2.38,8009182,35717048.000
2009-02-06,2.39,2.53,2.39,2.52,9781872,44592568.000
2009-02-09,2.58,2.64,2.50,2.59,11950016,56476844.000
2009-02-10,2.59,2.73,2.54,2.72,11220150,54099684.000
2009-02-11,2.66,2.81,2.62,2.72,13819735,68953112.000
2009-02-12,2.72,2.86,2.59,2.83,12409116,62174688.000
2009-02-13,2.82,2.93,2.79,2.88,11909917,62376908.000
2009-02-16,2.89,3.15,2.87,3.02,16680170,91639608.000
2009-02-17,2.99,3.27,2.83,3.01,20398725,113296808.000
2009-02-18,2.92,3.07,2.79,2.81,14045993,76232624.000
2009-02-19,2.86,2.93,2.79,2.89,9201300,48294608.000
2009-02-20,2.92,3.18,2.89,3.18,19341915,109077568.000
2009-02-23,3.16,3.24,3.08,3.22,19611981,113874744.000
2009-02-24,3.14,3.19,2.98,3.01,13786200,77986912.000
2009-02-25,3.03,3.09,2.83,2.95,11392755,61729124.000
2009-02-26,2.97,3.10,2.81,2.83,16977531,92654312.000
2009-02-27,2.76,2.82,2.54,2.55,11369558,54344520.000
2009-03-02,2.51,2.64,2.46,2.62,7671826,36135276.000
2009-03-03,2.53,2.70,2.49,2.68,8926794,42858008.000
2009-03-04,2.72,2.91,2.72,2.87,18990313,97031408.000
2009-03-05,2.86,2.93,2.72,2.84,16004915,83576328.000
2009-03-06,2.78,2.82,2.73,2.77,8282560,42106952.000
2009-03-09,2.78,2.81,2.53,2.57,9700010,47463268.000
2009-03-10,2.57,2.64,2.54,2.63,4267995,20311778.000
2009-03-11,2.70,2.71,2.62,2.63,4929566,24070280.000
2009-03-12,2.62,2.69,2.54,2.67,4807041,23092564.000
2009-03-13,2.67,2.70,2.58,2.61,4936730,23968974.000
2009-03-16,2.58,2.65,2.57,2.64,3474723,16645212.000
2009-03-17,2.64,2.76,2.64,2.76,7695170,38314152.000
2009-03-18,2.78,2.84,2.75,2.77,9020889,46251680.000
2009-03-20,2.86,2.91,2.78,2.81,11061824,57549752.000
2009-03-23,2.79,2.93,2.78,2.93,10844061,57108132.000
2009-03-24,2.94,3.01,2.91,2.94,10889073,59136048.000
2009-03-25,2.93,2.98,2.82,2.83,7765384,41225544.000
2009-03-26,2.81,2.92,2.79,2.90,6173139,32342082.000
2009-03-27,2.93,3.10,2.88,3.04,16602108,91299272.000
2009-03-30,3.06,3.08,2.97,3.00,9782797,54228280.000
2009-03-31,2.95,3.04,2.92,3.04,8047413,44027336.000
2009-04-01,3.08,3.13,3.02,3.07,14338796,80620008.000
2009-04-02,3.08,3.16,3.06,3.07,11099531,63213428.000
2009-04-03,3.08,3.21,2.93,3.17,21351801,121697704.000
2009-04-07,3.21,3.21,3.09,3.17,15382110,88651464.000
2009-04-08,3.11,3.13,2.95,2.97,9745496,54304744.000
2009-04-09,2.94,3.02,2.89,2.99,6243099,33971252.000
2009-04-10,3.01,3.12,2.94,3.08,8649894,48302204.000
2009-04-13,3.10,3.14,3.06,3.08,9624357,54428656.000
2009-04-14,3.06,3.32,3.01,3.31,18879790,108156568.000
2009-04-15,3.33,3.45,3.28,3.39,33145372,205053168.000
2009-04-16,3.38,3.38,3.18,3.28,14454643,86817128.000
2009-04-17,3.27,3.27,3.13,3.17,9582408,55975316.000
2009-04-20,3.21,3.36,3.18,3.33,10896701,65733632.000
2009-04-21,3.29,3.33,3.21,3.31,9268400,55600944.000
2009-04-22,3.31,3.37,3.02,3.08,10219395,60381796.000
2009-04-23,3.03,3.09,2.98,3.07,5808366,32324508.000
2009-04-24,3.11,3.18,3.08,3.11,6516193,37361728.000
2009-04-27,3.17,3.24,3.04,3.06,7424924,42679040.000
2009-04-28,3.06,3.27,3.04,3.26,8606868,49761940.000
2009-04-29,3.26,3.38,3.20,3.36,16462876,99466864.000
2009-04-30,3.34,3.38,3.29,3.33,11608087,70952544.000
2009-05-04,3.35,3.49,3.32,3.48,15884284,99258152.000
2009-05-05,3.49,3.54,3.38,3.48,16534347,104755104.000
2009-05-06,3.45,3.54,3.42,3.49,13712122,87092128.000
2009-05-07,3.49,3.52,3.30,3.41,13390293,83338552.000
2009-05-08,3.40,3.67,3.34,3.56,19574446,125592232.000
2009-05-11,3.58,3.58,3.37,3.41,15635555,98381992.000
2009-05-12,3.44,3.76,3.42,3.76,33771859,224589952.000
2009-05-13,3.67,3.86,3.61,3.72,30830410,209880352.000
2009-05-14,3.66,3.73,3.59,3.71,13604947,90967680.000
2009-05-15,3.70,3.75,3.60,3.65,10223476,68258424.000
2009-05-18,3.61,3.69,3.50,3.67,11013795,72464104.000
2009-05-19,3.68,3.92,3.63,3.84,23269011,159871136.000
2009-05-20,3.87,3.87,3.67,3.67,16838863,115474320.000
2009-05-21,3.69,3.74,3.53,3.60,13115155,86812880.000
2009-05-22,3.59,3.70,3.58,3.63,8115582,54052708.000
2009-05-25,3.53,3.62,3.43,3.61,8895716,57126272.000
2009-05-26,3.60,3.75,3.58,3.72,12836123,86332592.000
2009-05-27,3.74,3.78,3.64,3.70,7560867,51085688.000
2009-06-01,3.76,3.78,3.67,3.76,10097751,68940752.000
2009-06-02,3.78,3.78,3.67,3.71,9556155,64979360.000
2009-06-03,3.72,3.82,3.71,3.78,12328595,84722232.000
2009-06-04,3.80,3.80,3.61,3.68,10801729,72654088.000
2009-06-05,3.67,3.69,3.57,3.58,8352117,55264776.000
2009-06-08,3.61,3.68,3.56,3.61,6261712,41482140.000
2009-06-09,3.59,3.74,3.51,3.73,10690053,70877656.000
2009-06-10,3.76,3.94,3.76,3.85,29335899,206171328.000
2009-06-11,3.78,3.81,3.66,3.68,12074097,82389424.000
2009-06-12,3.67,3.74,3.57,3.61,7217690,48198432.000
2009-06-15,3.61,3.65,3.54,3.65,4690862,30904760.000
2009-06-16,3.64,3.73,3.62,3.69,5948423,40047160.000
2009-06-17,3.67,3.74,3.64,3.73,6046129,40866320.000
2009-06-18,3.73,3.81,3.71,3.79,10294172,70668752.000
2009-06-19,3.80,3.85,3.74,3.78,9993376,69159656.000
2009-06-22,3.81,3.81,3.69,3.70,8240406,56354324.000
2009-06-23,3.66,3.68,3.58,3.64,8083944,53527440.000
2009-06-24,3.63,3.68,3.62,3.67,5484309,36638552.000
2009-06-25,3.67,3.72,3.65,3.71,7258052,48897768.000
2009-06-26,3.72,3.74,3.67,3.72,6467507,43683992.000
2009-06-29,3.72,3.83,3.69,3.77,10729874,73878456.000
2009-06-30,3.77,3.78,3.64,3.67,7171132,48584296.000
2009-07-01,3.67,3.85,3.67,3.84,16279961,112527896.000
2009-07-02,3.83,3.88,3.78,3.83,11628642,80939880.000
2009-07-03,3.79,4.03,3.73,3.97,22181168,157166160.000
2009-07-06,3.94,3.96,3.85,3.91,13220356,94073968.000
2009-07-07,3.90,3.96,3.86,3.88,11190160,79848288.000
2009-07-08,3.86,3.88,3.74,3.86,11396593,79489112.000
2009-07-09,3.84,4.02,3.81,4.01,15346787,109660752.000
2009-07-10,4.00,4.02,3.91,3.91,12165765,87804536.000
2009-07-13,3.88,3.98,3.87,3.96,10440383,74883248.000
2009-07-14,3.97,4.11,3.95,4.09,18649849,137517696.000
2009-07-15,4.14,4.20,4.09,4.10,27963827,211404944.000
2009-07-16,4.09,4.13,4.03,4.06,10934421,81333400.000
2009-07-17,4.04,4.13,4.03,4.09,8154413,60728536.000
2009-07-20,4.12,4.18,4.07,4.16,11897099,89894096.000
2009-07-21,4.16,4.17,3.95,3.97,10269531,75949424.000
2009-07-22,3.96,4.01,3.96,3.99,7737232,56208352.000
2009-07-23,3.99,4.06,3.97,4.02,6206625,45556864.000
2009-07-24,4.04,4.04,3.88,3.93,9020198,65230388.000
2009-07-27,3.93,4.00,3.93,3.99,6765426,49078380.000
2009-07-28,4.00,4.12,3.98,4.11,10361276,76604160.000
2009-07-29,4.08,4.08,3.69,3.74,11149848,79747016.000
2009-07-30,3.77,3.84,3.69,3.82,6647335,45889108.000
2009-07-31,3.84,3.94,3.82,3.94,6933709,49357816.000
2009-08-03,3.96,4.03,3.93,4.01,7313909,53062136.000
2009-08-04,4.03,4.03,3.89,4.01,6791888,49195776.000
2009-08-05,3.99,4.26,3.98,4.25,24248142,183345248.000
2009-08-06,4.17,4.22,4.02,4.13,13634878,102304640.000
2009-08-07,4.18,4.19,3.92,3.96,9732278,72065168.000
2009-08-10,3.99,4.03,3.93,4.02,5495058,39943264.000
2009-08-11,4.07,4.12,4.04,4.11,10034551,74839168.000
2009-08-12,4.11,4.11,3.88,3.95,7911398,57255468.000
2009-08-13,3.96,4.11,3.96,4.05,12723364,93756608.000
2009-08-14,4.02,4.04,3.71,3.73,9580072,67221016.000
2009-08-17,3.68,3.70,3.44,3.45,5410223,35267504.000
2009-08-18,3.44,3.55,3.40,3.51,3206978,20425270.000
2009-08-19,3.56,3.57,3.29,3.33,3795794,23922372.000
2009-08-20,3.34,3.51,3.34,3.51,5662015,35401032.000
2009-08-21,3.56,3.65,3.51,3.63,9408279,61533588.000
2009-08-24,3.61,3.69,3.54,3.67,6372732,42192676.000
2009-08-25,3.67,3.67,3.44,3.56,7451597,48079204.000
2009-08-26,3.56,3.76,3.50,3.75,9827615,66186052.000
2009-08-27,3.81,4.08,3.81,3.90,20248402,145632896.000
2009-08-28,3.83,3.90,3.74,3.75,6326444,43795696.000
2009-08-31,3.69,3.69,3.47,3.48,4834598,31620620.000
2009-09-01,3.44,3.58,3.44,3.45,3452090,22121828.000
2009-09-02,3.40,3.48,3.35,3.43,3548360,22208016.000
2009-09-03,3.43,3.60,3.42,3.57,4571626,29537052.000
2009-09-04,3.57,3.72,3.52,3.63,5060980,33527140.000
2009-09-07,3.64,3.71,3.58,3.66,5059719,33805896.000
2009-09-08,3.64,3.73,3.58,3.72,5638232,37818292.000
2009-09-09,3.72,3.72,3.63,3.69,4510227,30253200.000
2009-09-10,3.69,3.71,3.62,3.64,3208217,21463454.000
2009-09-11,3.67,3.81,3.63,3.76,8036650,55187756.000
2009-09-14,3.81,3.90,3.74,3.88,8840613,61826724.000
2009-09-15,3.86,3.89,3.81,3.86,7100368,49909772.000
2009-09-16,3.84,4.00,3.78,3.94,8480971,60083524.000
2009-09-17,3.95,4.22,3.91,4.15,21420275,160013536.000
2009-09-18,4.22,4.25,3.88,3.98,22840721,172796240.000
2009-09-21,3.89,4.06,3.87,4.03,6755257,48848676.000
2009-09-22,4.06,4.07,3.86,3.86,5482449,39582888.000
2009-09-23,3.83,3.92,3.72,3.79,4868746,34183928.000
2009-09-24,3.79,3.87,3.64,3.84,4820928,33388360.000
2009-09-25,3.83,3.86,3.72,3.77,2900528,20084580.000
2009-09-28,3.78,3.83,3.56,3.60,2702270,18279910.000
2009-09-29,3.63,3.63,3.42,3.49,3059461,19653196.000
2009-09-30,3.53,3.59,3.51,3.51,1784101,11580125.000
2009-10-09,3.61,3.72,3.58,3.72,4059288,27164678.000
2009-10-12,3.73,3.79,3.66,3.74,2874462,19630520.000
2009-10-13,3.73,3.84,3.71,3.83,2624590,18117386.000
2009-10-14,3.82,3.91,3.79,3.82,4678065,33020252.000
2009-10-15,3.86,3.88,3.81,3.86,3369310,23681438.000
2009-10-16,3.89,3.94,3.85,3.92,4720382,33611196.000
2009-10-19,3.91,4.00,3.88,3.99,4540580,32826554.000
2009-10-20,3.99,4.02,3.94,4.00,5329159,38708080.000
2009-10-21,4.00,4.11,3.97,4.08,10541005,78200208.000
2009-10-22,4.06,4.08,3.98,4.02,5482152,40367040.000
2009-10-23,4.02,4.16,4.02,4.14,10476031,78445920.000
2009-10-26,4.17,4.21,4.07,4.10,10046292,75446792.000
2009-10-27,4.12,4.16,3.99,4.00,12616872,94238200.000
2009-10-28,3.93,4.00,3.89,3.99,6691209,48071980.000
2009-10-29,3.94,3.97,3.88,3.89,3926994,28162732.000
2009-10-30,3.94,4.00,3.89,3.91,3979990,28704760.000
2009-11-02,3.82,4.01,3.78,4.00,4342302,31230632.000
2009-11-03,4.00,4.21,3.99,4.17,11265661,84696816.000
2009-11-04,4.17,4.52,4.14,4.42,25792334,203329616.000
2009-11-05,4.38,4.53,4.35,4.44,17516184,142056368.000
2009-11-06,4.53,4.64,4.44,4.47,17861179,147713392.000
2009-11-09,4.47,4.65,4.47,4.63,12124480,100645712.000
2009-11-10,4.61,4.71,4.52,4.54,10321896,86754624.000
2009-11-11,4.49,4.54,4.44,4.49,7977067,65163256.000
2009-11-12,4.49,4.66,4.47,4.61,11540469,96349912.000
2009-11-13,4.59,4.86,4.57,4.84,18308880,157123856.000
2009-11-16,4.93,4.99,4.79,4.88,15305367,136432288.000
2009-11-17,4.86,5.33,4.78,5.19,18787277,174424528.000
2009-11-18,5.16,5.50,5.11,5.42,15895185,154794288.000
2009-11-20,5.97,5.97,5.97,5.97,5369316,58203384.000
2009-11-23,6.27,6.43,5.73,6.18,36357143,398456160.000
2009-11-24,6.06,6.11,5.57,5.61,22661643,242693504.000
2009-11-25,5.58,6.12,5.48,6.01,19812525,208495776.000
2009-11-26,5.93,6.14,5.50,5.54,15521064,164159712.000
2009-11-27,5.44,5.66,5.26,5.32,9997644,99465808.000
2009-11-30,5.35,5.75,5.35,5.67,9531083,97122624.000
2009-12-01,5.64,6.11,5.61,5.84,15084423,161552512.000
2009-12-02,5.89,5.94,5.68,5.91,13631027,144079792.000
2009-12-03,5.89,6.51,5.78,6.37,26728313,304257952.000
2009-12-04,6.31,6.58,6.00,6.39,18825389,215620224.000
2009-12-07,6.46,6.68,6.25,6.58,12799144,150620624.000
2009-12-08,6.56,6.68,6.47,6.51,13670546,163340352.000
2009-12-09,6.43,6.54,6.17,6.24,10952730,125901600.000
2009-12-10,6.10,6.43,6.09,6.32,8231795,93690424.000
2009-12-11,6.28,6.57,6.27,6.38,7265504,85146016.000
2009-12-14,6.33,6.50,6.17,6.49,9151751,106240288.000
2009-12-15,6.51,6.82,6.48,6.67,9347670,113442096.000
2009-12-16,6.67,6.74,6.45,6.48,6932490,82571680.000
2009-12-17,6.40,6.53,6.12,6.13,8045048,91814952.000
2009-12-18,6.23,6.23,5.77,5.82,6480574,70033424.000
2009-12-21,5.82,6.03,5.78,5.99,4964680,53689772.000
2009-12-22,6.00,6.00,5.85,5.89,4651846,50063040.000
2009-12-23,5.93,5.96,5.72,5.89,3211726,34243864.000
2009-12-24,5.90,6.17,5.83,6.12,5190990,57077360.000
2009-12-25,6.14,6.32,6.11,6.11,5937151,66735208.000
2009-12-28,6.08,6.19,6.04,6.11,6693919,74173744.000
2009-12-29,6.12,6.14,5.83,6.01,6198612,67439936.000
2009-12-30,5.97,6.03,5.86,5.94,4579929,49318104.000
2009-12-31,5.94,6.07,5.85,6.06,4516416,49133800.000
2010-01-04,6.12,6.53,6.11,6.43,13825907,159715136.000
2010-01-05,6.54,7.08,6.49,7.08,24585657,304783232.000
2010-01-06,7.12,7.54,6.89,7.05,23396230,303696480.000
2010-01-07,6.92,7.28,6.78,7.16,17469554,221658016.000
2010-01-08,7.08,7.26,6.99,7.21,11593115,150175152.000
2010-01-11,7.32,7.67,7.17,7.36,18453107,248457424.000
2010-01-12,7.23,7.43,7.17,7.34,12833226,168816848.000
2010-01-13,7.17,7.56,7.09,7.27,8888569,117828816.000
2010-01-14,7.29,7.58,7.27,7.58,12429733,167706464.000
2010-01-15,7.68,7.92,7.59,7.81,10795295,152700608.000
2010-01-18,7.92,8.39,7.90,8.36,16756649,248705760.000
2010-01-19,8.36,8.61,8.00,8.56,17065644,256292096.000
2010-01-20,9.42,9.42,9.26,9.42,43433871,740669376.000
2010-01-21,9.44,9.62,8.83,8.88,43155816,729619008.000
2010-01-22,8.70,9.34,8.51,8.99,22748372,369996704.000
2010-01-25,8.86,9.90,8.81,9.90,23159954,401825824.000
2010-01-26,9.90,9.94,8.91,8.91,25414662,433913728.000
2010-01-27,8.75,9.09,8.67,8.94,14259746,230331568.000
2010-01-28,8.99,9.00,8.39,8.61,15435578,240543200.000
2010-01-29,8.49,9.47,8.36,9.03,18463757,300322336.000
2010-02-01,8.92,9.88,8.83,9.61,24275774,412956960.000
2010-02-02,9.56,9.88,9.38,9.69,16145755,281193696.000
2010-02-03,9.77,10.22,9.22,10.12,22703428,399655008.000
2010-02-04,9.94,10.32,9.79,9.92,20928214,377997344.000
2010-02-05,9.67,9.93,9.53,9.73,12603548,221696432.000
2010-02-08,9.67,9.73,8.77,8.86,19534791,322430112.000
2010-02-10,9.16,9.76,9.11,9.56,22433565,388839488.000
2010-02-11,9.43,9.59,9.28,9.34,11268144,192395648.000
2010-02-12,9.39,10.28,9.38,10.28,25181943,457913824.000
2010-02-22,10.50,10.77,10.28,10.61,23485045,449597216.000
2010-02-23,10.95,11.68,10.71,11.57,32763643,665940800.000
2010-02-24,11.57,11.81,11.22,11.62,21082795,437693216.000
2010-02-25,11.67,12.11,11.36,11.58,26178996,551179392.000
2010-02-26,11.59,11.81,11.01,11.22,27746756,566767168.000
2010-03-01,11.55,12.07,11.22,11.61,34022445,399432032.000
2010-03-02,11.25,12.77,11.10,12.41,102432549,1255525376.000
2010-03-03,12.20,12.46,11.80,12.18,61391995,741176512.000
2010-03-04,12.15,12.65,11.88,12.48,60464568,749865088.000
2010-03-05,12.50,12.60,11.69,11.79,52649847,632901440.000
2010-03-08,11.80,11.85,11.25,11.84,29505434,340298272.000
2010-03-09,11.70,11.89,11.53,11.70,21000877,245845616.000
2010-03-10,11.72,12.20,11.60,12.15,41216494,492696576.000
2010-03-11,12.16,12.19,11.80,11.92,24715898,295563840.000
2010-03-12,11.86,11.86,11.45,11.50,23514404,271679808.000
2010-03-15,11.31,11.46,11.02,11.12,17194505,191542864.000
2010-03-16,11.08,11.23,10.62,10.79,20847292,226340800.000
2010-03-17,10.81,11.50,10.70,11.36,27504201,309143008.000
2010-03-18,11.33,11.37,11.12,11.23,20021671,224622736.000
2010-03-19,11.20,11.32,11.02,11.22,13256067,147887600.000
2010-03-22,11.18,11.18,11.00,11.13,12579300,139344592.000
2010-03-23,11.14,11.44,11.04,11.35,22993963,259718784.000
2010-03-24,11.26,11.47,11.21,11.31,19319130,218956304.000
2010-03-25,11.45,12.44,11.45,12.44,84155959,1031542016.000
2010-03-26,12.60,12.98,12.10,12.27,81829615,1022889408.000
2010-03-29,11.99,12.12,11.66,12.11,33173934,392615968.000
2010-03-30,11.97,11.97,11.81,11.91,19593347,232965344.000
2010-03-31,11.86,11.94,11.70,11.82,18661498,220420144.000
2010-04-01,11.83,12.12,11.83,11.97,22146348,265166368.000
2010-04-02,11.95,11.95,11.73,11.79,19206837,226494576.000
2010-04-06,11.80,11.93,11.66,11.88,15566105,183471920.000
2010-04-07,11.87,11.87,11.70,11.73,12285355,144294176.000
2010-04-08,11.74,11.79,11.60,11.62,14864952,173064304.000
2010-04-09,11.62,11.77,11.59,11.66,12420501,144791808.000
2010-04-12,11.67,11.74,11.23,11.40,22728364,259646624.000
2010-04-13,11.41,11.45,10.75,11.28,18504655,206801232.000
2010-04-14,11.28,11.61,11.08,11.57,14804336,169067072.000
2010-04-15,11.57,11.75,11.40,11.61,17678646,204968144.000
2010-04-16,11.49,11.90,11.43,11.78,25352077,299225984.000
2010-04-19,11.75,11.75,10.96,10.98,17112805,194565536.000
2010-04-20,10.95,11.15,10.56,10.97,12256515,132694784.000
2010-04-21,10.90,11.87,10.81,11.65,17695175,200053408.000
2010-04-22,11.57,12.19,11.45,11.92,40970794,488259616.000
2010-04-23,11.93,12.07,11.53,11.62,20966106,246396272.000
2010-04-26,11.66,11.77,11.25,11.30,14057698,160591840.000
2010-04-27,11.30,11.31,10.90,11.17,11786066,130202824.000
2010-04-28,11.00,11.28,10.88,11.05,7081746,78471696.000
2010-04-29,11.05,11.22,10.60,10.62,9341998,102124384.000
2010-04-30,10.60,10.60,9.64,9.72,13231147,130605120.000
2010-05-04,9.60,9.80,9.31,9.48,7097987,67909400.000
2010-05-05,9.40,9.88,9.35,9.88,7540317,73359232.000
2010-05-06,9.93,10.87,9.93,10.42,23551603,249647840.000
2010-05-07,10.00,10.59,9.90,10.41,13165513,135807264.000
2010-05-10,10.44,10.60,9.80,10.30,8428138,86243248.000
2010-05-11,10.50,10.59,9.80,9.85,10851199,110018552.000
2010-05-12,9.73,9.85,9.21,9.33,10149318,96279360.000
2010-05-13,9.33,9.60,9.10,9.60,8589395,80473832.000
2010-05-14,9.54,9.55,9.31,9.44,5925442,55973740.000
2010-05-17,9.18,9.38,8.50,8.61,10884456,96508440.000
2010-05-18,8.61,8.65,8.04,8.52,11244241,93755312.000
2010-05-19,8.58,8.92,8.50,8.69,10778777,93813208.000
2010-05-20,8.58,8.73,8.22,8.32,7888252,66627432.000
2010-05-21,8.10,8.38,7.91,8.38,8937763,73046016.000
2010-05-24,8.52,9.19,8.52,8.93,13489281,119634336.000
2010-05-25,8.70,9.00,8.64,8.76,10198165,89585760.000
2010-05-26,8.82,9.13,8.71,9.06,12475195,111902376.000
2010-05-27,8.94,9.16,8.86,9.11,10852935,98248968.000
2010-05-28,9.15,9.29,8.91,9.02,9142897,83051200.000
2010-05-31,8.99,8.99,8.51,8.52,8937232,78554816.000
2010-06-01,8.40,8.45,8.10,8.30,7075553,58503400.000
2010-06-02,8.30,8.48,8.17,8.47,4992961,41443968.000
2010-06-03,8.51,9.11,8.41,8.64,15730752,138627904.000
2010-06-04,8.49,8.68,8.40,8.64,6885617,58807908.000
2010-06-07,8.41,8.54,8.30,8.43,5464755,45971188.000
2010-06-08,8.35,8.69,8.35,8.57,6589373,56224884.000
2010-06-09,8.57,8.90,8.57,8.88,11030819,96690920.000
2010-06-10,8.80,8.93,8.75,8.85,8202600,72679912.000
2010-06-11,8.86,8.97,8.63,8.67,7484110,65338344.000
2010-06-17,8.69,8.99,8.67,8.68,6292499,55547888.000
2010-06-18,8.60,8.65,8.28,8.37,6015872,50907144.000
2010-06-21,8.32,8.62,8.23,8.60,5308902,45125728.000
2010-06-22,8.61,8.77,8.58,8.65,5526291,47928428.000
2010-06-23,8.62,8.65,8.43,8.55,4163534,35544824.000
2010-06-24,8.55,8.74,8.53,8.68,5015626,43354620.000
2010-06-25,8.63,8.65,8.38,8.47,3688298,31254230.000
2010-06-28,8.45,8.54,8.34,8.35,2367698,19882642.000
2010-06-29,8.35,8.42,7.68,7.77,8376841,66631200.000
2010-06-30,7.65,7.66,7.41,7.57,4437865,33334554.000
2010-07-01,7.55,7.62,7.40,7.51,4521078,33800640.000
2010-07-02,7.50,7.52,7.01,7.39,4746244,34599528.000
2010-07-05,7.21,7.39,7.06,7.32,3302122,23967996.000
2010-07-06,7.29,7.50,7.20,7.47,5452682,40477344.000
2010-07-07,7.47,7.77,7.37,7.68,5499404,41512044.000
2010-07-08,7.67,7.71,7.42,7.47,4523903,34227552.000
2010-07-09,7.52,7.78,7.40,7.71,6734037,51564208.000
2010-07-12,7.77,8.04,7.67,7.94,9775874,77136512.000
2010-07-13,7.87,7.87,7.55,7.65,7249449,55721548.000
2010-07-14,7.65,7.84,7.62,7.70,4922183,37996464.000
2010-07-15,7.75,7.75,7.47,7.55,4986385,37818152.000
2010-07-16,7.70,8.10,7.68,7.98,18656438,147742960.000
2010-07-19,7.81,8.78,7.81,8.78,28398497,242093376.000
2010-07-20,9.09,9.66,8.98,9.66,39215280,371035392.000
2010-07-26,9.66,10.49,9.64,10.04,60985263,613543488.000
2010-07-27,9.91,9.97,9.72,9.85,27350293,268611744.000
2010-07-28,9.80,10.35,9.75,10.08,36588901,369282240.000
2010-07-29,10.08,10.09,9.85,10.00,20863868,207595680.000
2010-07-30,9.96,9.96,9.62,9.71,22629992,219959648.000
2010-08-02,9.68,9.95,9.63,9.89,22427666,219433184.000
2010-08-03,9.89,10.88,9.72,10.38,62279811,644230144.000
2010-08-04,10.25,10.38,9.95,10.36,32314471,327108384.000
2010-08-05,10.28,10.29,10.01,10.12,19813341,201302096.000
2010-08-06,10.14,10.22,9.89,10.19,19820280,199771712.000
2010-08-09,10.20,10.40,10.01,10.28,23396745,239971872.000
2010-08-10,10.30,10.35,9.70,9.70,21071717,210839392.000
2010-08-11,9.52,9.85,9.51,9.74,16464787,158913424.000
2010-08-12,9.65,9.77,9.45,9.47,12117438,116304768.000
2010-08-13,9.46,9.72,9.30,9.69,12164827,116144272.000
2010-08-16,9.70,9.95,9.62,9.90,13993085,138176704.000
2010-08-17,9.90,10.36,9.90,10.17,23371305,238438080.000
2010-08-18,10.17,10.19,9.89,10.02,15686675,156927456.000
2010-08-19,10.06,10.13,9.90,10.00,12830246,128408728.000
2010-08-20,9.92,9.94,9.56,9.60,14821851,144041760.000
2010-08-23,9.51,9.67,9.50,9.62,7999209,76817296.000
2010-08-24,9.60,9.77,9.46,9.70,8534396,82290952.000
2010-08-25,9.62,10.28,9.55,9.86,23005899,230331040.000
2010-08-26,9.90,10.25,9.72,10.21,19025028,189645728.000
2010-08-27,10.20,11.08,10.12,10.54,49681555,529665824.000
2010-08-30,10.54,10.73,10.37,10.64,30383998,320458176.000
2010-08-31,10.59,10.67,10.35,10.56,22456726,235084592.000
2010-09-01,10.55,10.61,10.00,10.18,22706121,233910176.000
2010-09-02,10.28,10.45,10.10,10.38,17336758,178787568.000
2010-09-03,10.40,10.40,10.11,10.23,15077408,153986768.000
2010-09-06,10.30,10.58,10.19,10.48,24883186,260492320.000
2010-09-07,10.48,10.48,10.12,10.37,15588089,159921792.000
2010-09-08,10.30,10.64,10.15,10.55,25867118,270400224.000
2010-09-09,10.58,10.98,10.46,10.77,40369995,434367136.000
2010-09-10,10.76,10.90,10.22,10.56,21669253,227842832.000
2010-09-13,10.53,10.79,10.32,10.69,20117418,213268944.000
2010-09-14,10.70,11.60,10.66,11.10,51027762,570306880.000
2010-09-15,10.97,11.15,10.61,10.69,24262538,262685648.000
2010-09-16,10.69,10.69,10.18,10.32,16691616,172780928.000
2010-09-17,10.30,10.42,10.25,10.32,9087646,93995464.000
2010-09-20,10.32,10.38,9.83,9.98,11818339,118868024.000
2010-09-21,9.98,10.23,9.98,10.05,6683216,67494568.000
2010-09-27,10.06,10.30,10.06,10.28,8262959,84529464.000
2010-09-28,10.27,10.69,10.18,10.43,12584021,131840952.000
2010-09-29,10.38,10.66,10.30,10.59,13776459,144949600.000
2010-09-30,10.58,10.79,10.46,10.64,12771427,135637904.000
2010-10-08,10.75,10.98,10.55,10.79,17929357,193377504.000
2010-10-11,10.83,11.23,10.70,11.12,29613954,326298720.000
2010-10-12,11.04,11.04,10.70,10.81,23204622,251310304.000
2010-10-13,10.72,11.20,10.71,11.14,25009144,275118304.000
2010-10-14,11.35,11.50,10.80,10.82,28313651,315096352.000
2010-10-15,10.70,11.24,10.55,11.20,31819501,351703616.000
2010-10-18,11.40,11.52,10.72,10.82,23033019,252907552.000
2010-10-19,10.82,11.41,10.73,11.39,26109311,291722208.000
2010-10-20,11.20,11.86,11.02,11.58,42425840,488430688.000
2010-10-21,11.45,12.48,11.45,12.24,50062622,600298752.000
2010-10-22,12.26,12.29,11.89,11.97,29983152,360720032.000
2010-10-25,12.06,12.39,11.85,12.20,28413298,344330176.000
2010-10-26,12.39,12.40,12.02,12.27,27766206,339550112.000
2010-10-27,12.20,12.20,11.60,11.67,37271401,441160448.000
2010-10-28,11.50,11.63,11.24,11.44,19665920,224824000.000
2010-10-29,11.23,11.47,11.05,11.41,24001138,269597152.000
2010-11-01,11.34,11.55,11.21,11.49,23853034,271714272.000
2010-11-02,11.50,11.50,11.15,11.18,28717934,322764448.000
2010-11-03,11.10,11.40,11.10,11.22,14347742,161681120.000
2010-11-04,11.22,11.33,11.07,11.31,15788736,177210560.000
2010-11-05,11.38,11.46,11.19,11.43,19307638,218755344.000
2010-11-08,11.47,11.88,11.45,11.85,27935195,327548448.000
2010-11-09,11.90,11.92,11.58,11.69,18625767,217232272.000
2010-11-10,11.71,11.74,11.31,11.38,17894451,205135024.000
2010-11-11,11.32,11.52,11.20,11.23,16405460,187129728.000
2010-11-12,11.18,11.28,10.11,10.16,20724681,222452224.000
2010-11-15,10.18,10.36,10.14,10.35,9569084,98130152.000
2010-11-16,10.35,10.43,9.60,9.69,12566897,125129256.000
2010-11-17,9.65,9.88,9.52,9.57,6813494,66086208.000
2010-11-18,9.59,9.80,9.57,9.68,5178823,50095996.000
2010-11-19,9.71,9.79,9.51,9.78,7187531,69350840.000
2010-11-22,9.79,10.16,9.63,10.03,9358633,93284176.000
2010-11-23,10.04,10.29,9.82,10.14,11534100,116274344.000
2010-11-24,10.13,10.28,9.98,10.22,9375796,94691384.000
2010-11-25,10.28,10.33,10.14,10.21,8506645,86869416.000
2010-11-26,10.20,10.21,9.90,9.97,7543367,75469008.000
2010-11-29,9.90,10.05,9.69,9.79,7275677,71312848.000
2010-11-30,9.70,9.87,9.11,9.35,10208003,96385920.000
2010-12-01,9.34,9.39,9.19,9.33,5040842,46742720.000
2010-12-02,9.42,9.50,9.33,9.38,5595545,52582988.000
2010-12-03,9.40,9.44,9.19,9.39,4136462,38445400.000
2010-12-06,9.40,9.44,9.19,9.22,3999195,37074640.000
2010-12-07,9.22,9.27,8.95,9.26,5148380,46930120.000
2010-12-08,9.29,9.48,9.28,9.35,7489180,70199672.000
2010-12-09,9.15,10.29,9.15,10.16,23579971,230816528.000
2010-12-10,9.80,10.24,9.76,10.06,16331352,162820192.000
2010-12-13,10.06,10.28,10.06,10.12,11245132,114009552.000
2010-12-14,10.16,10.55,9.96,10.41,17558268,180158656.000
2010-12-20,10.53,11.14,10.08,10.42,22456575,238680640.000
2010-12-21,10.31,10.55,10.05,10.40,10222870,105364664.000
2010-12-22,10.39,10.39,10.05,10.10,6886407,70033760.000
2010-12-23,10.10,10.15,9.70,9.77,6816888,67345080.000
2010-12-24,9.75,9.75,9.40,9.53,3955222,37790940.000
2010-12-27,9.43,9.70,9.20,9.26,3789423,35912704.000
2010-12-28,9.26,10.00,9.26,9.89,12072271,117837968.000
2010-12-29,9.96,10.10,9.71,9.87,6126908,60319660.000
2010-12-30,9.88,9.90,9.50,9.63,5995449,58409808.000
2011-01-06,10.00,10.50,9.90,10.32,18004906,183387792.000
2011-01-07,10.10,10.22,9.85,10.01,9804917,98577280.000
2011-01-10,9.99,9.99,9.54,9.60,7257188,70533456.000
2011-01-11,9.43,9.59,9.31,9.42,4572488,43142548.000
2011-01-12,9.42,9.63,9.40,9.49,3735761,35492504.000
2011-01-13,9.49,9.57,9.40,9.41,2995076,28315416.000
2011-01-14,9.41,9.41,9.01,9.12,6034544,55360588.000
2011-01-17,9.07,9.07,8.56,8.60,6063991,53088568.000
2011-01-18,8.56,8.56,8.31,8.42,3606119,30427062.000
2011-01-19,8.46,9.11,8.46,8.81,5154177,45422232.000
2011-01-20,8.83,8.89,8.51,8.58,3663731,31758132.000
2011-01-21,8.50,8.71,8.41,8.64,3115873,26825664.000
2011-01-24,8.68,8.75,8.49,8.51,2536920,21862340.000
2011-01-25,8.51,8.56,8.28,8.33,2573016,21524104.000
2011-01-26,8.39,8.48,8.30,8.46,1741711,14654013.000
2011-01-27,8.40,8.61,8.30,8.55,2701439,22920796.000
2011-01-28,8.52,8.60,8.30,8.56,5410083,45611232.000
2011-01-31,8.56,8.68,8.42,8.65,4019067,34510980.000
2011-02-01,8.67,8.84,8.66,8.74,3704508,32464922.000
2011-02-09,8.64,8.69,8.55,8.61,2846625,24548304.000
2011-02-10,8.66,9.09,8.60,8.94,6561973,58262024.000
2011-02-11,8.89,9.08,8.86,8.97,5945904,53339612.000
2011-02-14,9.16,9.30,9.04,9.16,9117153,83672992.000
2011-02-15,9.33,9.96,9.33,9.46,20352545,196838416.000
2011-02-16,9.35,9.78,9.30,9.56,12593855,120528472.000
2011-02-17,9.57,9.79,9.35,9.76,13852125,133674000.000
2011-02-18,9.73,9.73,9.48,9.50,8355308,79969472.000
2011-02-21,9.40,9.70,9.36,9.66,7863406,75604368.000
2011-02-22,9.73,9.95,9.52,9.71,16428653,160617312.000
2011-02-23,9.60,10.68,9.49,10.68,52109843,545718208.000
2011-02-24,11.05,11.45,10.71,10.79,72882190,805198912.000
2011-02-25,10.60,10.67,10.19,10.40,28895932,300922336.000
2011-02-28,10.41,11.06,10.34,10.76,35422273,382689376.000
2011-03-01,10.50,10.98,10.41,10.56,26985191,287181760.000
2011-03-02,10.50,11.29,10.33,11.16,50476129,553296256.000
2011-03-03,11.01,11.09,10.58,10.74,24010172,260039888.000
2011-03-04,10.75,11.08,10.70,10.80,17837097,193625456.000
2011-03-07,10.78,10.85,10.55,10.68,19768813,210645200.000
2011-03-08,10.74,11.00,10.58,10.76,19962212,215517296.000
2011-03-09,10.68,10.68,10.45,10.51,18712598,197271824.000
2011-03-10,10.50,10.50,10.30,10.35,11450876,118776152.000
2011-03-11,10.30,10.60,10.26,10.36,12207970,128112576.000
2011-03-14,10.31,10.69,10.28,10.55,12188862,128300008.000
2011-03-15,10.42,10.76,9.80,10.50,23993056,248489024.000
2011-03-16,10.35,10.75,10.25,10.54,15190557,159991696.000
2011-03-17,10.41,10.58,10.12,10.20,10581570,109559592.000
2011-03-18,10.23,10.43,10.23,10.28,6263893,64587808.000
2011-03-21,10.20,10.41,10.19,10.24,5901303,60731120.000
2011-03-22,10.55,10.64,10.20,10.27,11097750,114733712.000
2011-03-23,10.21,10.30,10.10,10.28,9739368,99203040.000
2011-03-24,10.28,10.50,10.18,10.32,13129318,135753056.000
2011-03-25,10.25,10.44,10.20,10.34,11361381,117274408.000
2011-03-28,10.32,10.79,10.21,10.65,25239873,265872064.000
2011-03-29,10.54,10.89,10.46,10.54,22179293,236843648.000
2011-03-30,10.45,10.45,10.10,10.16,12335321,126150704.000
2011-03-31,10.17,10.20,9.80,9.83,9856497,98355280.000
2011-04-01,9.84,10.00,9.84,9.99,3800331,37734112.000
2011-04-06,9.95,10.15,9.89,10.06,6275148,62771192.000
2011-04-07,10.07,10.10,9.87,9.91,7114583,70593592.000
2011-04-08,9.92,10.00,9.90,9.99,5475163,54505872.000
2011-04-11,9.99,10.09,9.90,9.92,6592588,65749676.000
2011-04-12,9.90,10.00,9.84,9.87,5929038,58711664.000
2011-04-13,9.84,9.85,9.52,9.80,8956373,86568336.000
2011-04-14,9.80,9.80,9.62,9.64,6331657,61302524.000
2011-04-15,9.64,9.73,9.58,9.73,4735876,45747408.000
2011-04-18,9.70,9.70,9.54,9.62,6400238,61449460.000
2011-04-19,9.55,9.56,9.20,9.20,9346878,87117984.000
2011-04-20,9.23,9.37,9.23,9.35,4481129,41679040.000
2011-04-21,9.38,9.43,9.25,9.43,5773527,53755668.000
2011-04-22,9.48,9.48,9.24,9.31,4906635,45792216.000
2011-04-25,9.27,9.27,8.98,8.99,7419830,67409344.000
2011-04-26,8.97,9.15,8.88,9.09,4931198,44507792.000
2011-04-27,9.03,9.11,8.83,8.90,4676057,41934556.000
2011-04-28,8.90,8.98,8.49,8.50,4696851,40728004.000
2011-04-29,8.51,8.80,8.51,8.79,3434759,29819088.000
2012-02-21,9.67,9.67,9.30,9.67,15943689,153746912.000
2012-02-22,10.28,10.49,9.91,10.00,41351576,419344096.000
2012-02-23,10.00,10.04,9.70,9.86,20132097,197502752.000
2012-02-24,9.87,10.00,9.73,9.89,15888179,156797312.000
2012-02-27,9.89,9.93,9.74,9.77,15291108,150143232.000
2012-02-28,9.71,9.71,9.46,9.49,12390364,118327248.000
2012-02-29,9.46,9.57,9.33,9.50,8187013,77589472.000
2012-03-01,9.50,9.66,9.45,9.48,6881288,65827056.000
2012-03-02,9.40,9.55,9.38,9.52,8949815,84743264.000
2012-03-05,9.53,9.56,9.23,9.26,11025224,103622840.000
2012-03-06,9.05,9.17,8.78,8.80,30121449,268016320.000
2012-03-07,8.70,8.92,8.62,8.82,13739159,120589768.000
2012-03-08,8.82,8.94,8.80,8.91,10805982,95706216.000
2012-03-09,8.93,8.95,8.80,8.88,10580229,93830376.000
2012-03-12,8.88,8.91,8.80,8.89,9774772,86344296.000
2012-03-13,8.90,9.18,8.85,9.16,17309508,156276160.000
2012-03-14,9.17,9.20,8.61,8.71,17037255,152757568.000
2012-03-15,8.64,8.75,8.28,8.39,9300380,78920280.000
2012-03-16,8.39,8.70,8.30,8.60,11043089,92882408.000
2012-03-19,8.51,8.60,8.45,8.58,6261573,53402304.000
2012-03-21,8.47,8.75,8.21,8.53,8953913,74794320.000
2012-03-22,8.51,8.73,8.42,8.65,8574699,73166448.000
2012-03-23,8.68,8.83,8.35,8.42,18224780,156802352.000
2012-03-26,8.28,8.28,7.97,8.07,9441708,76246192.000
2012-03-27,8.07,8.20,8.00,8.11,6350711,51424788.000
2012-03-28,8.10,8.39,8.01,8.05,13613318,111742552.000
2012-03-29,7.90,7.90,7.25,7.41,12216389,90822616.000
2012-03-30,7.37,7.48,7.03,7.17,6918655,49983928.000
2012-04-05,7.25,7.42,7.18,7.41,7294061,53321888.000
2012-04-06,7.39,7.59,7.35,7.54,8637201,64698256.000
2012-04-09,7.50,8.20,7.31,7.87,16706338,131150768.000
2012-04-10,7.61,7.96,7.57,7.92,10543997,81576312.000
2012-04-11,7.77,8.10,7.70,7.91,8682405,68889336.000
2012-04-12,7.88,7.97,7.81,7.93,7753996,61227948.000
2012-04-13,8.05,8.29,7.98,8.07,12540003,102028104.000
2012-04-16,7.91,8.88,7.88,8.88,30189971,256789008.000
2012-04-17,9.30,9.69,8.70,8.72,70284042,652572544.000
2012-04-18,9.03,9.17,8.50,8.82,43480846,383707136.000
2012-04-19,8.59,9.06,8.51,8.72,30390395,266845152.000
2012-04-20,8.59,9.16,8.55,8.88,34282666,303863328.000
2012-04-23,8.88,9.07,8.63,8.69,24264151,214168528.000
2012-04-24,8.57,8.80,8.15,8.55,22431715,190389856.000
2012-04-25,8.58,8.97,8.55,8.78,23887643,210281824.000
2012-04-26,8.72,8.85,8.42,8.47,18727619,161106432.000
2012-04-27,8.47,8.55,8.26,8.32,11653605,97844680.000
2012-05-02,8.34,8.60,8.31,8.40,11638386,98006648.000
2012-05-03,8.35,8.45,8.25,8.39,8991140,75059840.000
2012-05-04,8.38,8.58,8.36,8.54,13364864,113679016.000
2012-05-07,8.50,8.90,8.47,8.88,22916108,200239840.000
2012-05-08,8.88,8.88,8.62,8.65,14057976,122778664.000
2012-05-09,8.57,8.71,8.42,8.44,13084233,111491928.000
2012-05-10,8.30,8.57,8.25,8.28,12450738,104048896.000
2012-05-11,8.28,8.34,7.96,7.97,11748404,95186712.000
2012-05-14,8.06,8.18,7.95,7.97,7963916,64408592.000
2012-05-15,7.97,7.99,7.81,7.98,6856409,54285872.000
2012-05-16,7.97,8.04,7.75,7.77,5980916,47447264.000
2012-05-17,7.81,7.92,7.72,7.90,6520003,51124460.000
2012-05-18,7.83,7.89,7.66,7.77,5569972,43344672.000
2012-05-21,7.97,8.07,7.79,7.83,5349140,42270020.000
2012-05-22,7.84,7.94,7.78,7.90,4810632,37932880.000
2012-05-23,7.91,7.94,7.78,7.81,4553880,35744684.000
2012-05-24,7.79,7.84,7.58,7.58,6413443,49291368.000
2012-05-25,7.59,7.64,7.30,7.35,6517727,48515048.000
2012-05-28,7.31,7.54,7.25,7.53,4961794,36910924.000
2012-05-29,7.51,7.64,7.45,7.63,5329175,40436416.000
2012-05-30,7.64,7.88,7.59,7.73,7775514,60419792.000
2012-05-31,7.67,7.78,7.59,7.74,4817747,37035024.000
2012-06-01,7.70,7.85,7.69,7.76,4562586,35391664.000
2012-06-05,7.50,7.99,7.50,7.68,11132172,86603304.000
2012-06-06,7.60,7.75,7.48,7.63,5806327,44099868.000
2012-06-07,7.92,8.14,7.63,7.68,11715995,92138000.000
2012-06-08,7.88,7.88,7.59,7.60,6390838,49328128.000
2012-06-11,7.58,7.65,7.34,7.62,7100655,53428616.000
2012-06-12,7.58,7.58,7.44,7.49,4192304,31434676.000
2012-06-13,7.41,7.75,7.41,7.68,7204129,54910832.000
2012-06-14,7.63,7.70,7.55,7.56,4881625,37214768.000
2012-06-15,7.52,7.61,7.42,7.55,4110964,30981868.000
2012-06-18,7.59,7.73,7.59,7.65,5373605,41184504.000
2012-06-19,7.66,7.71,7.59,7.60,5045690,38551104.000
2012-06-20,7.61,7.65,7.43,7.48,5509155,41375088.000
2012-06-21,7.45,7.45,7.25,7.27,4646508,33989040.000
2012-06-25,7.23,7.23,7.01,7.02,4386348,31198806.000
2012-06-26,7.00,7.03,6.85,6.99,3844722,26675684.000
2012-06-27,6.99,7.09,6.95,7.01,2752815,19318820.000
2012-06-28,7.03,7.09,6.77,6.78,2746901,19058260.000
2012-06-29,6.77,6.81,6.57,6.79,4175339,28016248.000
2012-07-02,6.86,6.90,6.77,6.82,3303266,22562608.000
2012-07-03,6.80,6.99,6.78,6.97,5339277,36862260.000
2012-07-04,6.95,7.03,6.88,6.88,3387767,23534164.000
2012-07-05,6.85,6.97,6.77,6.91,4749141,32753546.000
2012-07-06,6.97,7.15,6.81,7.13,6286923,43884468.000
2012-07-09,7.08,7.09,6.68,6.73,6155087,42529232.000
2012-07-10,6.68,6.73,6.53,6.54,3671521,24251096.000
2012-07-11,6.51,6.65,6.51,6.60,2256429,14865333.000
2012-07-12,6.70,7.02,6.68,6.93,9184157,63380536.000
2012-07-13,6.97,7.02,6.79,6.99,6582419,45688544.000
2012-07-16,7.01,7.16,6.67,6.77,5356088,37019688.000
2012-07-17,6.70,7.38,6.68,7.20,16389470,117069120.000
2012-07-25,7.30,7.92,7.20,7.43,21289851,161438752.000
2012-07-26,7.30,7.49,7.20,7.23,8988521,66236436.000
2012-07-27,7.24,7.37,7.05,7.09,5442247,39091520.000
2012-07-30,7.15,7.25,6.98,7.04,3958695,27968852.000
2012-07-31,7.10,7.19,6.61,6.67,6638673,45040628.000
2012-08-01,6.65,6.77,6.52,6.72,5750930,38331112.000
2012-08-02,6.68,6.69,6.38,6.43,5745573,37536632.000
2012-08-03,6.46,6.61,6.43,6.60,5149395,33560276.000
2012-08-06,7.26,7.26,7.26,7.26,6553105,47575544.000
2012-08-07,7.99,7.99,7.67,7.99,47162654,372226016.000
2012-08-08,8.68,8.68,7.79,7.80,63734348,516345344.000
2012-08-09,7.55,7.86,7.41,7.66,37990495,289008064.000
2012-08-10,7.49,7.79,7.42,7.55,23802258,180614048.000
2012-08-13,7.43,7.63,7.27,7.31,14732233,109725168.000
2012-08-14,7.27,7.37,6.87,7.14,20109604,142791344.000
2012-08-15,7.07,7.45,7.02,7.18,19395425,141059936.000
2012-08-16,7.17,7.43,7.08,7.30,13869286,101242400.000
2012-08-17,7.21,7.38,7.08,7.37,13042503,94296856.000
2012-08-20,7.38,7.49,7.20,7.34,12297763,90075200.000
2012-08-21,7.28,7.58,7.26,7.44,15784783,117283280.000
2012-08-22,7.38,7.46,7.13,7.21,12993817,94606952.000
2012-08-23,7.16,7.29,7.13,7.20,8764395,63088496.000
2012-08-24,7.18,7.18,6.67,6.75,15059966,104277808.000
2012-08-27,6.69,6.77,6.62,6.66,5840783,39017808.000
2012-08-28,6.63,6.91,6.63,6.84,7727333,52396812.000
2012-08-29,6.80,6.83,6.66,6.68,4709180,31694084.000
2012-08-30,6.70,6.91,6.57,6.71,7617819,51386944.000
2012-08-31,6.65,6.77,6.58,6.71,4026001,26951404.000
2012-09-03,6.67,6.83,6.66,6.81,5018307,33982680.000
2012-09-04,6.82,6.86,6.70,6.72,4516647,30546796.000
2012-09-05,6.96,7.14,6.86,6.89,15724122,109874176.000
2012-09-06,6.81,6.92,6.80,6.89,7028727,48191540.000
2012-09-07,6.96,7.15,6.90,7.10,15093596,106301008.000
2012-09-10,7.10,7.18,7.05,7.14,9403966,66860912.000
2012-09-11,7.11,7.11,6.95,6.99,7825003,54802536.000
2012-09-12,7.02,7.11,6.97,7.05,6790649,47744336.000
2012-09-13,7.04,7.06,6.80,6.84,6225980,43444160.000
2012-09-14,6.83,6.95,6.76,6.83,5610351,38425808.000
2012-09-17,6.84,6.87,6.65,6.65,5180625,34874904.000
2012-09-18,6.65,6.71,6.63,6.68,2840773,18968272.000
2012-09-19,6.65,6.74,6.65,6.70,2427221,16251144.000
2012-09-20,6.71,6.71,6.43,6.48,4476801,29402942.000
2012-09-21,6.45,6.54,6.42,6.46,2384283,15437632.000
2012-09-24,6.46,6.52,6.31,6.49,2638268,16951660.000
2012-09-25,6.53,6.75,6.47,6.54,4808747,31822908.000
2012-09-26,6.55,6.58,6.30,6.40,3467693,22228940.000
2012-09-27,6.40,6.54,6.32,6.49,3926244,25319322.000
2012-09-28,6.49,6.63,6.45,6.57,4174916,27348904.000
2012-10-08,6.58,6.65,6.43,6.48,3140019,20502160.000
2012-10-09,6.50,6.64,6.48,6.64,4514831,29762478.000
2012-10-10,6.64,6.72,6.57,6.70,6622339,44075540.000
2012-10-11,6.66,6.71,6.56,6.58,4504735,29858214.000
2012-10-12,6.59,6.78,6.57,6.64,5462202,36426428.000
2012-10-15,6.61,6.62,6.42,6.46,4074304,26439108.000
2012-10-16,6.46,6.54,6.45,6.49,2938423,19090200.000
2012-10-17,6.51,6.56,6.42,6.50,3237576,21000494.000
2012-10-18,6.50,6.82,6.49,6.75,8890561,59132120.000
2012-10-19,6.73,6.74,6.59,6.64,5683631,37843936.000
2012-10-22,6.56,6.73,6.54,6.69,4543507,30223022.000
2012-10-23,6.80,6.97,6.63,6.64,8865045,60217036.000
2012-10-24,6.54,6.66,6.52,6.61,4937744,32506752.000
2012-10-25,6.60,6.64,6.51,6.51,3982660,26131536.000
2012-10-26,6.52,6.55,6.28,6.29,4273412,27232136.000
2012-10-29,6.34,6.39,6.28,6.35,2514873,15926530.000
2012-10-30,6.37,6.44,6.32,6.40,2412830,15386485.000
2012-10-31,6.29,6.29,5.80,5.90,11098585,65691836.000
2012-11-01,5.88,6.07,5.86,5.97,6479506,38720792.000
2012-11-02,5.98,6.11,5.94,6.10,6623856,39985652.000
2012-11-05,6.10,6.16,5.99,6.04,4456273,26983144.000
2012-11-06,6.04,6.04,5.83,5.94,3917321,23169376.000
2012-11-07,5.89,5.99,5.89,5.95,2731558,16214782.000
2012-11-08,5.91,5.92,5.77,5.79,3485388,20373044.000
2012-11-09,5.79,5.81,5.70,5.74,2498129,14373111.000
2012-11-12,5.74,5.86,5.72,5.78,2752173,15876213.000
2012-11-13,5.78,5.91,5.71,5.78,6647926,38765572.000
2012-11-14,5.78,5.83,5.64,5.66,3261149,18606286.000
2012-11-15,5.66,5.87,5.64,5.68,5531532,31783700.000
2012-11-16,5.67,6.25,5.66,6.04,19379905,116747736.000
2012-11-19,5.90,5.99,5.75,5.96,11429019,67132608.000
2012-11-20,5.90,5.98,5.81,5.82,8712191,51238840.000
2012-11-21,5.83,5.89,5.50,5.74,8620205,49213904.000
2012-11-22,5.68,5.71,5.55,5.62,5573676,31203500.000
2012-11-23,5.62,5.68,5.60,5.64,3256599,18351408.000
2012-11-26,5.60,5.62,5.43,5.44,3829222,21145616.000
2012-11-27,5.42,5.42,5.00,5.02,6859710,35134960.000
2012-11-28,5.00,5.00,4.80,4.91,3982043,19524634.000
2012-11-29,4.92,5.03,4.83,4.84,2563932,12639939.000
2012-11-30,4.85,4.96,4.81,4.92,2893211,14188860.000
2012-12-03,4.92,4.96,4.60,4.62,3363185,16214519.000
2012-12-04,4.55,4.69,4.44,4.66,4655624,21192530.000
2012-12-05,4.60,4.87,4.60,4.82,6616246,31656436.000
2012-12-06,4.80,4.92,4.79,4.83,4296880,20798030.000
2012-12-07,4.84,5.00,4.79,4.97,6764111,33237744.000
2012-12-10,5.00,5.12,4.94,5.10,7457218,37593732.000
2012-12-11,5.13,5.36,5.10,5.26,16430019,86685976.000
2012-12-12,5.18,5.22,5.06,5.12,8315227,42582260.000
2012-12-13,5.10,5.15,4.96,4.96,5035372,25401404.000
2012-12-14,4.96,5.24,4.96,5.19,10053831,51617584.000
2012-12-17,5.22,5.45,5.19,5.34,13470479,71604520.000
2012-12-18,5.32,5.44,5.23,5.41,14963803,80089848.000
2012-12-19,5.36,5.51,5.32,5.40,7551402,40847272.000
2012-12-20,5.36,5.38,5.22,5.34,7223547,38381412.000
2012-12-21,5.34,5.40,5.25,5.29,6312556,33557168.000
2012-12-24,5.29,5.41,5.25,5.40,8571705,45883732.000
2012-12-25,5.39,5.53,5.35,5.46,17460728,95015144.000
2012-12-26,5.42,5.55,5.41,5.47,10678279,58434344.000
2012-12-27,5.50,5.53,5.35,5.37,9806205,53215860.000
2012-12-28,5.38,5.46,5.35,5.45,8421461,45689692.000
2012-12-31,5.46,5.58,5.42,5.55,11794228,65196600.000
2013-01-04,5.56,5.62,5.37,5.45,7723075,42300276.000
2013-01-07,5.45,5.52,5.39,5.45,5715141,31068840.000
2013-01-08,5.49,6.00,5.48,6.00,40913844,238552816.000
2013-01-09,5.94,6.27,5.85,6.15,45643501,278163424.000
2013-01-10,6.05,6.09,5.91,6.05,21111468,126846144.000
2013-01-11,6.05,6.07,5.82,5.88,16312912,96806328.000
2013-01-14,5.83,6.24,5.83,6.16,21689939,131438640.000
2013-01-15,6.15,6.35,6.10,6.32,28180548,175197872.000
2013-01-16,6.55,6.82,6.14,6.24,43146907,279033696.000
2013-01-17,6.17,6.19,6.00,6.02,15842587,95985224.000
2013-01-18,6.00,6.14,6.00,6.11,10111921,61415180.000
2013-01-21,6.10,6.30,6.04,6.18,15395007,94682224.000
2013-01-22,6.16,6.16,5.96,5.98,10123803,61286888.000
2013-01-23,5.97,6.06,5.90,6.01,6806176,40648252.000
2013-01-24,6.03,6.05,5.76,5.77,10322887,60965220.000
2013-01-25,5.77,5.80,5.67,5.69,5052777,28915700.000
2013-01-28,5.72,5.85,5.70,5.84,7043640,40814288.000
2013-01-29,5.84,5.93,5.78,5.86,6528151,38172032.000
2013-01-30,5.89,5.91,5.76,5.85,6857949,39963936.000
2013-01-31,5.83,5.83,5.61,5.69,8965061,51009304.000
2013-02-01,5.77,5.90,5.72,5.80,11019197,64015544.000
2013-02-04,5.88,5.92,5.72,5.77,6130488,35560016.000
2013-02-05,5.73,5.79,5.63,5.78,4867053,27867988.000
2013-02-06,5.78,5.85,5.75,5.84,4653514,26995634.000
2013-02-07,5.86,5.88,5.81,5.83,5082470,29712032.000
2013-02-08,5.84,5.88,5.80,5.86,3717064,21763484.000
2013-02-18,5.88,6.01,5.84,5.99,10234488,60907568.000
2013-02-19,6.01,6.02,5.86,5.89,7079611,41935632.000
2013-02-20,5.91,6.03,5.86,6.03,8780150,52448392.000
2013-02-21,5.99,6.02,5.83,5.91,9082078,53830408.000
2013-02-22,5.87,5.94,5.79,5.81,5358938,31432492.000
2013-02-25,5.85,6.06,5.82,6.04,12015198,71817264.000
2013-02-26,6.03,6.03,5.86,5.89,8793842,52369308.000
2013-02-27,5.89,5.95,5.76,5.79,7675422,44695512.000
2013-02-28,5.80,5.90,5.76,5.88,6147745,35884084.000
2013-03-01,6.47,6.47,6.47,6.47,12490964,80816536.000
2013-03-04,7.00,7.12,6.70,6.93,84002673,578432448.000
2013-03-06,6.90,7.03,6.64,6.71,39797234,270363968.000
2013-03-07,6.73,6.78,6.27,6.38,33290304,215348352.000
2013-03-08,6.35,6.39,6.26,6.31,13329944,84252680.000
2013-03-11,6.29,6.41,6.18,6.20,14435890,90744120.000
2013-03-12,6.20,6.26,5.91,5.99,15277954,92697704.000
2013-03-13,5.99,6.09,5.98,6.04,10088265,60894052.000
2013-03-14,6.01,6.10,5.96,6.06,9028083,54314724.000
2013-03-15,6.06,6.14,5.90,5.98,10371261,62467680.000
2013-03-18,5.93,6.10,5.90,5.98,6547381,39337468.000
2013-03-19,6.01,6.02,5.76,5.90,7484927,44059176.000
2013-03-20,5.93,6.07,5.87,6.05,9466047,56722052.000
2013-03-21,6.05,6.55,6.04,6.30,25608345,161152752.000
2013-03-22,6.29,6.31,6.15,6.20,12011965,74654096.000
2013-03-25,6.24,6.27,6.12,6.20,7519441,46537600.000
2013-03-26,6.15,6.21,6.02,6.08,7151949,43511368.000
2013-03-27,6.03,6.14,6.01,6.08,5839044,35487576.000
2013-03-28,6.02,6.02,5.76,5.77,8422381,49497044.000
2013-03-29,5.80,5.88,5.74,5.80,4483845,26024492.000
2013-04-01,5.80,5.89,5.79,5.85,3165287,18504746.000
2013-04-02,5.83,5.98,5.75,5.78,4121090,24055008.000
2013-04-03,5.82,5.82,5.60,5.63,5752445,32539352.000
2013-04-08,5.53,5.55,5.36,5.53,5654219,30841942.000
2013-04-09,5.50,5.64,5.50,5.61,3434240,19196846.000
2013-04-10,5.58,5.61,5.51,5.55,3782998,20958536.000
2013-04-11,5.58,5.63,5.55,5.57,3448504,19268512.000
2013-04-12,5.57,5.60,5.47,5.48,2685823,14844473.000
2013-04-15,5.45,5.45,5.28,5.31,4245737,22656856.000
2013-04-16,5.25,5.39,5.20,5.38,2858591,15135421.000
2013-04-17,5.41,5.46,5.35,5.43,2596381,14012276.000
2013-04-18,5.38,5.55,5.35,5.54,4588407,25157942.000
2013-04-19,5.55,5.67,5.54,5.65,7287628,40751960.000
2013-04-22,5.54,5.66,5.54,5.64,6010692,33754980.000
2013-04-23,5.61,5.61,5.39,5.43,5325399,29198064.000
2013-04-24,5.47,5.65,5.43,5.60,6420579,35671892.000
2013-04-25,5.61,5.61,5.46,5.50,4057590,22427972.000
2013-04-26,5.52,5.52,5.28,5.30,5088615,27407908.000
2013-05-02,5.35,5.36,5.16,5.19,4164158,21774384.000
2013-05-03,5.28,5.33,5.25,5.32,3336551,17657564.000
2013-05-06,5.33,5.39,5.29,5.39,3366126,18066546.000
2013-05-07,5.40,5.46,5.37,5.43,3781960,20495800.000
2013-05-08,5.43,5.49,5.39,5.43,4410110,23964636.000
2013-05-09,5.44,5.61,5.41,5.60,8970400,49512008.000
2013-05-10,5.68,5.92,5.67,5.68,13710743,78934600.000
2013-05-13,5.61,5.66,5.51,5.64,7429865,41488532.000
2013-05-14,5.64,5.95,5.61,5.88,22273334,129779608.000
2013-05-15,5.83,5.99,5.79,5.94,13239105,78257064.000
2013-05-16,5.92,6.36,5.89,6.13,31732652,195898448.000
2013-05-17,6.12,6.20,6.04,6.09,27348852,168053648.000
2013-05-20,6.07,6.24,5.94,6.12,18619157,112656624.000
2013-05-21,6.15,6.73,6.11,6.73,48485663,315847328.000
2013-05-22,6.63,7.21,6.58,7.17,61890210,425678304.000
2013-05-23,7.07,7.21,6.97,7.05,50905230,359957248.000
2013-05-24,7.11,7.22,6.82,6.98,42959482,300886432.000
2013-05-27,7.12,7.14,6.76,6.77,38457162,265676592.000
2013-05-28,6.75,6.82,6.40,6.74,33489673,221276608.000
2013-05-29,6.68,6.96,6.63,6.91,25769895,176004928.000
2013-05-30,6.85,6.98,6.78,6.89,14044015,96730032.000
2013-05-31,6.88,7.02,6.75,6.76,12900295,89054048.000
2013-06-03,6.75,6.75,6.51,6.52,12871309,84984864.000
2013-06-04,6.48,6.60,6.37,6.54,9449343,61264376.000
2013-06-05,6.53,6.54,6.40,6.48,4861324,31422292.000
2013-06-06,6.47,6.50,6.34,6.39,5583593,35839228.000
2013-06-07,6.36,6.44,6.19,6.30,6041374,38144408.000
2013-06-13,6.20,6.20,5.90,5.92,7853465,47337896.000
2013-06-14,5.95,6.05,5.92,6.00,5929448,35543720.000
2013-06-17,6.08,6.13,5.97,6.01,6555574,39562656.000
2013-06-18,6.03,6.08,5.89,6.04,4877306,29236894.000
2013-06-19,6.01,6.11,5.84,6.09,6662382,39890160.000
2013-06-20,6.14,6.48,6.09,6.13,17599084,110091544.000
2013-06-21,5.87,6.12,5.77,6.06,11326714,67319576.000
2013-06-24,6.04,6.08,5.52,5.77,6942323,40688764.000
2013-06-25,5.70,5.74,5.19,5.44,18955250,100646784.000
2013-06-26,5.44,5.44,5.18,5.34,11331235,59962052.000
2013-06-27,5.05,5.49,5.05,5.18,20013885,104800592.000
2013-06-28,5.12,5.27,4.96,5.08,11014558,56324932.000
2013-07-01,5.13,5.17,5.05,5.14,6328137,32365636.000
2013-07-02,5.15,5.27,5.11,5.21,7223089,37338932.000
2013-07-03,5.18,5.18,4.94,5.03,12546122,63037952.000
2013-07-04,5.00,5.11,4.89,5.05,12217062,61136872.000
2013-07-05,5.04,5.44,5.02,5.25,17455695,91369928.000
2013-07-08,5.13,5.13,4.96,4.98,9606170,48512240.000
2013-07-09,4.95,5.15,4.90,5.07,7619505,38551016.000
2013-07-10,5.03,5.19,5.03,5.18,9079267,46468332.000
2013-07-11,5.19,5.36,5.17,5.28,13375789,70539792.000
2013-07-12,5.30,5.34,5.18,5.18,9619039,50463364.000
数据来源:通达信
