600671 天目药业 日线
      日期	    开盘	    最高	    最低	    收盘	    成交量	    成交额
2007-01-11,6.17,6.58,6.00,6.49,5940975,37209640.000
2007-01-12,6.40,6.60,6.06,6.07,3100102,19609376.000
2007-01-15,6.05,6.20,5.92,6.17,2188889,13339218.000
2007-01-16,6.18,6.18,5.96,6.05,2003720,12115230.000
2007-01-17,6.14,6.15,5.90,5.98,2135627,12922176.000
2007-01-18,5.93,6.15,5.85,6.09,1774615,10600143.000
2007-01-19,6.08,6.35,6.00,6.34,3660526,22457756.000
2007-01-22,6.35,6.53,6.24,6.49,3602571,23044852.000
2007-01-23,6.50,6.50,6.14,6.27,3055990,19251100.000
2007-01-24,6.26,6.79,6.25,6.67,5034776,32818176.000
2007-01-25,6.58,6.58,6.19,6.20,2796585,17801872.000
2007-01-26,6.01,6.19,5.81,6.02,2008716,12038014.000
2007-01-29,6.00,6.16,5.95,6.13,2702598,16398672.000
2007-01-30,6.12,6.44,6.06,6.37,3966160,24973064.000
2007-01-31,6.38,6.45,5.90,6.18,5083028,31818156.000
2007-02-01,6.18,6.22,5.82,5.89,3482548,20826300.000
2007-02-02,5.91,5.96,5.65,5.80,1844779,10694795.000
2007-02-05,5.84,5.86,5.66,5.68,2466544,14212926.000
2007-02-06,5.70,5.87,5.65,5.86,1684214,9646119.000
2007-02-07,5.87,5.88,5.74,5.80,1142995,6641176.000
2007-02-08,5.80,5.97,5.75,5.87,1409628,8231687.000
2007-02-09,5.87,5.95,5.70,5.88,2351473,13646574.000
2007-02-12,5.88,6.06,5.82,6.01,1637327,9798415.000
2007-02-13,6.01,6.09,5.90,6.01,1238253,7440005.000
2007-02-14,6.01,6.30,5.96,6.25,2015069,12354352.000
2007-02-15,6.28,6.35,6.18,6.31,2184840,13681313.000
2007-02-16,6.49,6.49,6.28,6.29,2622197,16678055.000
2007-02-26,6.30,6.64,6.23,6.62,3456761,22414056.000
2007-02-27,6.59,6.97,5.96,6.10,6460846,43187448.000
2007-02-28,6.19,6.65,6.08,6.62,3144239,20016848.000
2007-03-01,6.64,6.98,6.43,6.91,6885190,46849768.000
2007-03-02,6.92,7.20,6.75,6.84,5448473,37974344.000
2007-03-05,6.83,6.85,6.41,6.77,3296227,21949784.000
2007-03-06,6.69,6.79,6.50,6.70,1796594,11936030.000
2007-03-07,6.75,6.78,6.61,6.70,1896089,12667734.000
2007-03-08,6.71,6.93,6.70,6.86,2491762,17013292.000
2007-03-09,6.90,6.94,6.55,6.78,2499954,16959662.000
2007-03-12,6.77,7.17,6.72,7.08,3918355,27611226.000
2007-03-13,7.11,7.52,6.92,7.44,5937158,42822632.000
2007-03-14,7.25,7.35,6.80,7.14,3861117,27545338.000
2007-03-15,7.16,7.27,7.06,7.19,2492581,17926536.000
2007-03-16,7.20,7.35,6.62,6.78,4211555,29088972.000
2007-03-19,6.56,6.78,6.48,6.68,2666931,17742596.000
2007-03-20,6.68,6.93,6.68,6.89,2355550,16030743.000
2007-03-21,6.89,7.00,6.72,6.95,2351448,16200821.000
2007-03-22,7.01,7.38,6.93,7.10,6127646,43903584.000
2007-03-23,7.10,7.81,6.90,7.81,10963680,82280392.000
2007-03-26,7.75,8.39,7.66,8.03,13005703,104193448.000
2007-03-27,8.03,8.04,7.72,7.94,5161664,40798772.000
2007-03-28,7.93,8.00,7.15,7.73,5807139,44465112.000
2007-03-29,7.60,7.76,7.25,7.39,4010638,30042154.000
2007-03-30,7.32,7.65,7.28,7.56,2622955,19558232.000
2007-04-02,7.50,7.98,7.48,7.82,3562720,27859084.000
2007-04-03,7.80,7.99,7.66,7.84,2442415,19051456.000
2007-04-04,7.75,7.98,7.75,7.83,3034072,23805934.000
2007-04-05,7.85,7.90,7.67,7.86,3080475,23970700.000
2007-04-06,7.83,8.20,7.72,7.99,4531154,36321884.000
2007-04-09,8.08,8.37,7.92,8.30,6503995,52907832.000
2007-04-10,8.26,8.35,7.75,8.11,4025206,32457228.000
2007-04-11,8.13,8.25,7.94,8.15,4386722,35492912.000
2007-04-12,8.11,8.60,8.03,8.54,8803861,74099872.000
2007-04-13,8.71,9.19,8.50,8.59,10413476,91884656.000
2007-04-16,8.59,8.80,8.45,8.80,4739975,41115124.000
2007-04-17,8.88,9.15,8.38,9.11,8927228,78015264.000
2007-04-18,8.99,9.40,8.88,9.37,7500740,69411344.000
2007-04-19,9.37,9.37,8.43,8.64,5415217,48386644.000
2007-04-20,8.72,9.35,8.72,9.13,4817197,43584152.000
2007-04-23,9.15,9.79,9.07,9.66,5744826,54392260.000
2007-04-24,9.58,9.96,9.31,9.66,5318504,50923476.000
2007-04-25,9.66,9.73,9.31,9.44,3331632,31602082.000
2007-04-26,9.43,9.55,9.30,9.36,2693214,25331028.000
2007-04-27,9.37,9.70,9.10,9.55,5937003,55880384.000
2007-05-08,9.07,9.07,9.07,9.07,367000,3328690.000
2007-05-09,8.62,9.38,8.62,8.79,13089826,114084608.000
2007-05-10,8.52,8.96,8.48,8.79,11328942,98142824.000
2007-05-11,8.72,9.20,8.69,9.02,7173249,64385480.000
2007-05-14,9.02,9.47,8.88,9.47,7374952,68828056.000
2007-05-15,9.62,9.68,9.00,9.04,6694013,62548372.000
2007-05-16,9.00,9.42,8.98,9.21,5110460,46965568.000
2007-05-17,9.20,9.67,9.15,9.67,9231497,87660464.000
2007-05-18,9.80,10.09,9.50,9.88,8511192,83764040.000
2007-05-21,9.56,10.37,9.50,10.37,4719588,48000836.000
2007-05-22,10.89,10.89,10.70,10.89,3305693,35990812.000
2007-05-23,11.42,11.43,10.80,11.14,11698520,130715808.000
2007-05-24,11.14,11.21,10.58,10.68,7386142,79047288.000
2007-05-25,10.48,10.76,10.18,10.31,5010832,52018164.000
2007-05-28,10.40,10.82,10.40,10.71,5554001,58947008.000
2007-05-29,10.71,10.71,10.22,10.32,5912961,61360408.000
2007-05-30,9.80,10.08,9.80,9.80,3346316,32904544.000
2007-05-31,9.31,9.48,9.31,9.31,1419044,13216839.000
2007-06-01,8.84,9.00,8.84,8.84,1602922,14176846.000
2007-06-04,8.40,8.40,8.40,8.40,437400,3674160.000
2007-06-05,7.98,7.98,7.98,7.98,849000,6775020.000
2007-06-06,7.58,8.07,7.58,7.60,8579698,65694756.000
2007-06-07,7.65,7.93,7.46,7.84,7034731,53954776.000
2007-06-08,7.88,8.20,7.80,8.05,5230713,41820584.000
2007-06-11,8.07,8.28,7.65,7.89,5023080,39786800.000
2007-06-12,7.90,7.98,7.50,7.52,4920349,37136508.000
2007-06-13,7.57,7.90,7.57,7.90,4169768,32661864.000
2007-06-14,8.25,8.28,8.00,8.03,4906520,39936900.000
2007-06-15,8.03,8.32,8.00,8.16,3759000,30583384.000
2007-06-18,8.50,8.57,8.28,8.57,4825376,40706252.000
2007-06-19,8.69,9.00,8.58,9.00,1063916,9463494.000
2007-06-20,9.45,9.45,8.93,9.12,8272949,77790456.000
2007-06-21,8.98,9.58,8.88,9.58,4856012,45210724.000
2007-06-22,9.70,9.97,9.10,9.10,4853004,45404532.000
2007-06-25,9.10,9.24,8.65,8.65,1904399,16597889.000
2007-06-26,8.22,8.39,8.22,8.29,2951923,24279138.000
2007-06-27,8.33,8.45,7.94,8.41,2913627,23874812.000
2007-07-02,7.99,7.99,7.99,7.99,574900,4593451.000
2007-07-03,7.59,8.15,7.59,8.03,4313706,33193046.000
2007-07-04,8.00,8.09,7.69,7.70,1498477,11780503.000
2007-07-05,7.70,8.09,7.60,7.80,2130842,16861164.000
2007-07-06,7.80,8.19,7.80,8.19,2162416,17422522.000
2007-07-09,8.21,8.60,8.06,8.60,1972734,16683821.000
2007-07-10,8.60,9.03,8.42,9.03,2374869,20997832.000
2007-07-11,9.01,9.24,8.60,8.73,2621820,23451568.000
2007-07-12,8.52,8.80,8.51,8.64,1193995,10328368.000
2007-07-13,8.57,8.82,8.40,8.70,1031643,8849603.000
2007-07-16,8.70,8.85,8.62,8.83,818106,7157550.000
2007-07-17,8.82,9.18,8.80,9.10,1168536,10540987.000
2007-07-18,8.92,9.22,8.92,8.94,1172234,10688436.000
2007-07-19,9.00,9.00,8.79,8.90,901189,7988468.000
2007-07-20,8.98,9.35,8.85,9.20,1529612,14008929.000
2007-07-23,9.19,9.56,9.05,9.52,1747216,16467868.000
2007-07-24,9.52,9.52,9.27,9.29,1728592,16189616.000
2007-07-25,9.28,9.52,9.28,9.38,1378234,12956976.000
2007-07-26,9.40,9.41,9.15,9.39,1864601,17262022.000
2007-07-27,9.22,9.86,9.22,9.86,3483091,33906344.000
2007-07-30,9.86,10.25,9.70,9.84,2292277,22866930.000
2007-07-31,9.70,10.33,9.70,10.20,2942425,29610986.000
2007-08-01,10.20,10.39,9.97,10.01,2853396,28930880.000
2007-08-02,9.99,10.51,9.99,10.51,2566593,26649392.000
2007-08-03,10.49,11.04,10.49,11.04,2687087,29242416.000
2007-08-06,11.16,11.56,10.51,11.31,3666344,40995288.000
2007-08-07,11.20,11.40,10.96,11.11,1474517,16379673.000
2007-08-08,11.10,11.10,10.55,10.61,1711068,18353776.000
2007-08-09,10.90,10.95,10.62,10.73,1080387,11613034.000
2007-08-10,10.73,10.90,10.55,10.74,1250243,13352820.000
2007-08-13,10.73,10.89,10.46,10.56,1582977,16864592.000
2007-08-14,10.56,10.89,10.22,10.77,1008457,10788752.000
2007-08-15,10.87,10.87,10.40,10.55,1051629,11124228.000
2007-08-16,10.75,10.98,10.31,10.89,1757297,18774364.000
2007-08-17,10.78,11.25,10.56,10.75,1840922,20178772.000
2007-08-20,10.76,11.29,10.76,10.99,1357318,14971336.000
2007-08-21,11.00,11.54,11.00,11.54,3307564,37920452.000
2007-08-22,11.30,12.12,11.27,11.98,2879202,34522236.000
2007-08-23,12.57,12.58,11.88,12.05,2186872,26660768.000
2007-08-24,12.03,12.10,11.75,11.93,2179393,25841118.000
2007-08-27,11.99,12.38,11.80,11.81,1511978,18147548.000
2007-08-28,11.81,12.28,11.77,11.98,2093753,25106648.000
2007-08-29,11.82,12.20,11.60,11.79,2715458,32017492.000
2007-08-30,11.95,12.24,11.70,11.97,1676405,20065506.000
2007-08-31,12.03,12.57,11.90,12.57,2776003,34099008.000
2007-09-03,13.13,13.13,12.22,12.60,2642850,33668752.000
2007-09-04,12.50,13.17,12.50,12.88,1353135,17486244.000
2007-09-05,12.88,13.15,12.45,13.00,1279601,16508594.000
2007-09-06,13.06,13.34,12.86,13.14,1328603,17370314.000
2007-09-07,13.09,13.45,12.66,12.70,1792406,23002194.000
2007-09-10,12.79,12.79,12.07,12.35,1771519,21926696.000
2007-09-11,12.18,12.75,11.90,12.38,3204891,38883648.000
2007-09-12,12.07,12.78,12.00,12.67,1851045,22905512.000
2007-09-13,12.45,12.78,12.28,12.59,1518716,18980056.000
2007-09-14,12.60,12.69,12.21,12.46,1192302,14837363.000
2007-09-17,12.28,12.62,12.00,12.18,1808683,22058404.000
2007-09-18,12.18,12.50,12.06,12.14,1742300,21309568.000
2007-09-19,12.14,12.25,11.70,11.85,1628430,19306820.000
2007-09-20,12.15,12.31,11.32,12.05,2011211,23491176.000
2007-09-21,11.89,11.97,11.45,11.59,1299120,15139639.000
2007-09-24,11.60,12.17,11.51,12.17,1575963,18831294.000
2007-09-25,12.30,12.78,12.18,12.78,2853841,36229348.000
2007-09-26,12.78,13.20,12.29,12.81,1669291,21673436.000
2007-09-27,12.89,13.20,12.62,13.12,1897437,24514204.000
2007-09-28,13.15,13.78,13.12,13.78,1550952,21237748.000
2007-10-08,14.46,14.47,13.80,13.94,3035742,43008144.000
2007-10-09,13.98,14.25,13.46,13.64,2002840,27391090.000
2007-10-10,13.50,13.83,13.30,13.56,1893514,25588024.000
2007-10-11,13.50,13.79,13.36,13.39,706171,9541154.000
2007-10-12,13.32,13.75,12.72,12.87,1372501,17726080.000
2007-10-15,12.80,13.19,12.70,12.93,930644,11958801.000
2007-10-16,12.93,13.19,12.60,12.80,583786,7425861.000
2007-10-17,12.70,12.88,12.42,12.58,826046,10397015.000
2007-10-18,12.59,12.69,12.04,12.30,773032,9492874.000
2007-10-19,12.36,12.84,12.08,12.38,893677,11029384.000
2007-10-22,12.39,12.67,12.00,12.33,579230,7074107.000
2007-10-23,12.11,12.49,11.90,12.32,536234,6551918.000
2007-10-24,12.15,12.45,11.99,12.35,523408,6430893.000
2007-10-25,12.45,12.70,12.20,12.39,1794370,22296656.000
2007-10-26,12.11,12.66,11.98,12.07,841643,10243419.000
2007-10-29,12.05,12.28,11.47,11.47,555900,6424232.000
2007-10-30,11.39,11.40,10.90,11.12,1653866,18128668.000
2007-10-31,11.50,11.68,11.35,11.68,788111,9107705.000
2007-11-01,12.26,12.26,11.71,11.72,1211345,14581653.000
2007-11-02,11.80,12.31,11.23,12.31,1453230,17287220.000
2007-11-05,12.31,12.93,11.82,12.93,2321091,29391714.000
2007-11-06,13.20,13.46,12.90,13.08,1275369,16748400.000
2007-11-07,13.10,13.37,12.53,13.02,1464119,19014038.000
2007-11-08,12.98,13.14,12.65,12.84,1338772,17249848.000
2007-11-09,12.84,13.11,12.20,12.53,1737312,21435364.000
2007-11-12,12.50,12.50,11.90,12.06,875366,10540585.000
2007-11-13,12.06,12.35,11.82,11.92,588373,7071600.000
2007-11-14,11.99,12.30,11.48,12.01,512986,6142917.000
2007-11-15,12.15,12.22,11.51,11.87,527281,6250132.000
2007-11-16,11.85,12.10,11.54,11.99,1360022,16019523.000
2007-11-19,12.08,12.08,11.61,11.97,368832,4397634.000
2007-11-20,12.00,12.06,11.69,11.76,584932,6892434.000
2007-11-21,11.88,11.88,11.31,11.66,1354700,15638357.000
2007-11-22,11.54,11.66,11.08,11.32,804096,9025012.000
2007-11-23,11.30,11.50,11.00,11.45,912790,10154184.000
2007-11-26,11.45,11.51,11.12,11.20,458138,5184767.000
2007-11-27,11.43,11.43,11.17,11.31,187144,2106222.000
2007-11-28,11.50,11.50,11.10,11.26,229798,2593951.000
2007-11-29,11.40,11.40,11.06,11.28,323530,3626843.000
2007-11-30,11.30,11.30,10.92,11.16,353234,3919321.000
2007-12-03,11.10,11.16,10.60,11.09,1000093,10829160.000
2007-12-04,11.35,11.35,10.70,11.17,271827,3016517.000
2007-12-05,11.17,11.18,10.95,11.16,307663,3408804.000
2007-12-06,11.18,11.48,11.01,11.40,767882,8632041.000
2007-12-07,11.47,11.47,11.28,11.41,338246,3845897.000
2007-12-10,11.43,11.58,11.10,11.43,630618,7162187.000
2007-12-11,11.50,12.00,11.43,12.00,1781991,21331378.000
2007-12-12,12.40,12.40,11.99,12.18,1857540,22621032.000
2007-12-13,12.19,12.29,11.57,11.77,1218863,14405065.000
2007-12-14,11.78,11.78,11.30,11.60,655214,7509853.000
2007-12-17,11.58,11.61,11.13,11.43,608783,6886905.000
2007-12-18,11.50,11.50,11.18,11.30,558925,6301954.000
2007-12-19,11.87,11.87,11.40,11.48,1406569,16396483.000
2007-12-20,11.46,11.84,11.30,11.66,1007599,11586441.000
2007-12-21,11.59,11.82,11.45,11.73,869941,10121692.000
2007-12-24,11.60,12.08,11.50,12.00,3133686,37166608.000
2007-12-25,11.83,12.25,11.75,12.21,1349871,16291231.000
2007-12-26,12.03,12.37,12.03,12.35,1516844,18561888.000
2007-12-27,12.21,12.56,12.21,12.36,2025338,25083930.000
2007-12-28,12.25,12.46,12.02,12.16,1141167,13989662.000
2008-01-03,12.70,12.77,12.40,12.76,3139909,39925560.000
2008-01-04,12.98,12.98,12.25,12.41,2816968,35117788.000
2008-01-07,12.30,12.50,12.08,12.29,4144380,50682188.000
2008-01-08,12.27,12.79,12.21,12.38,2727010,34164452.000
2008-01-09,12.46,13.00,12.38,13.00,2794154,36049988.000
2008-01-10,13.37,13.37,12.86,12.98,4052271,53305972.000
2008-01-11,12.90,13.10,12.40,12.79,2098588,26553882.000
2008-01-14,12.95,13.08,12.65,12.94,1128223,14620930.000
2008-01-15,13.10,13.59,13.10,13.59,1731467,23499304.000
2008-01-16,13.70,13.86,13.38,13.68,2769002,37739904.000
2008-01-17,13.70,13.70,13.00,13.20,2378573,31477882.000
2008-01-18,13.15,13.38,12.56,13.00,1718044,22092454.000
2008-01-21,12.95,13.27,12.35,12.59,1427523,18357588.000
2008-01-22,12.60,12.60,11.96,11.96,800563,9637684.000
2008-01-23,11.36,11.91,11.36,11.77,2399624,27648560.000
2008-01-24,11.90,12.00,11.51,11.86,1166299,13806236.000
2008-01-25,11.85,12.06,11.70,11.70,986977,11726845.000
2008-01-28,11.70,11.99,11.12,11.39,1557380,17570120.000
2008-01-29,11.51,11.96,10.88,11.96,1538936,17942774.000
2008-01-31,12.10,12.10,11.82,11.96,939218,11251430.000
2008-02-01,12.17,12.17,11.36,11.36,775640,8883905.000
2008-02-04,11.45,11.93,11.45,11.86,1165599,13695357.000
2008-02-05,11.94,11.94,11.35,11.65,786598,9142719.000
2008-02-13,11.60,12.05,11.07,11.70,533536,6246857.000
2008-02-14,11.78,12.18,11.67,12.03,963507,11500298.000
2008-02-15,12.08,12.45,11.89,12.32,2239309,27389708.000
2008-02-18,12.40,12.67,12.20,12.43,2206402,27598634.000
2008-02-19,12.45,12.60,12.00,12.55,2158947,26655358.000
2008-02-20,12.65,12.72,12.19,12.39,1524657,18928352.000
2008-02-21,12.40,12.50,12.20,12.31,1299000,16009693.000
2008-02-22,12.44,12.44,11.74,11.84,992476,11915032.000
2008-02-25,11.80,12.14,11.25,11.26,1208301,13803613.000
2008-02-26,11.42,11.81,11.06,11.41,802917,9093171.000
2008-02-27,11.50,11.91,11.38,11.72,954545,11168113.000
2008-02-28,11.72,11.81,11.43,11.74,831309,9689298.000
2008-02-29,11.73,12.08,11.60,11.93,1243067,14822734.000
2008-03-03,11.99,12.53,11.78,12.47,3538315,43312612.000
2008-03-04,12.49,12.71,12.12,12.30,2856153,35411504.000
2008-03-05,12.15,12.58,12.03,12.52,2498442,30904418.000
2008-03-06,13.10,13.15,13.10,13.15,1424470,18723468.000
2008-03-07,13.65,13.65,12.55,12.62,5304540,69334912.000
2008-03-10,12.46,12.60,11.99,11.99,1921720,23374640.000
2008-03-11,11.81,12.05,11.40,12.02,1267363,14853170.000
2008-03-12,12.11,12.28,11.50,11.71,869558,10368843.000
2008-03-13,11.66,11.69,11.12,11.57,1498897,16970004.000
2008-03-14,11.49,11.56,11.31,11.45,405475,4629781.000
2008-03-17,11.50,11.50,10.88,10.88,1044600,11437632.000
2008-03-18,10.68,10.68,10.34,10.34,954858,9901935.000
2008-03-19,10.31,10.55,9.88,10.41,2027729,20702170.000
2008-03-20,9.95,10.50,9.89,10.38,1609739,16349412.000
2008-03-21,10.20,10.52,10.00,10.27,1059059,10885931.000
2008-03-24,10.38,10.50,10.16,10.22,1092737,11362035.000
2008-03-25,10.05,10.42,10.01,10.35,587894,6027081.000
2008-03-26,10.55,10.64,10.31,10.44,916529,9586864.000
2008-03-27,10.36,10.36,9.92,9.92,845101,8408613.000
2008-03-28,9.80,10.40,9.42,10.34,2632806,26050832.000
2008-03-31,10.10,10.18,9.82,9.82,1612438,15997159.000
2008-04-01,9.82,9.82,9.33,9.33,580965,5470428.000
2008-04-02,9.18,9.21,8.86,8.86,508100,4510670.000
2008-04-03,8.42,8.42,8.42,8.42,391700,3298114.000
2008-04-07,8.13,8.76,8.10,8.68,1709930,14726739.000
2008-04-08,8.66,8.97,8.62,8.70,1326115,11591397.000
2008-04-09,8.70,8.85,8.27,8.27,1679949,14470041.000
2008-04-10,7.86,8.18,7.86,8.15,1816511,14394138.000
2008-04-11,8.18,8.40,8.00,8.30,1129181,9294268.000
2008-04-14,8.15,8.15,7.89,7.89,723469,5726290.000
2008-04-15,8.10,8.28,8.07,8.28,2950820,24404974.000
2008-04-16,8.50,8.69,8.30,8.51,3940410,34057248.000
2008-04-17,8.58,8.58,8.08,8.08,1931165,15942369.000
2008-04-18,7.98,7.98,7.68,7.68,1234011,9499171.000
2008-04-21,7.99,7.99,7.30,7.30,1434349,10809612.000
2008-04-24,7.67,7.67,7.67,7.67,425645,3264697.000
2008-04-25,8.05,8.05,7.84,8.05,2736549,21974858.000
2008-04-28,8.05,8.25,7.80,8.23,1566195,12616211.000
2008-04-29,8.20,8.64,8.03,8.64,1220272,10356688.000
2008-04-30,8.80,9.07,8.50,9.07,3442195,30787852.000
2008-05-05,9.00,9.50,8.81,9.37,2499571,22791944.000
2008-05-06,9.33,9.55,9.02,9.31,2016753,18744992.000
2008-05-07,9.50,9.78,9.46,9.78,4381830,42773632.000
2008-05-08,9.68,10.10,9.42,10.08,2855430,27661742.000
2008-05-09,9.99,10.30,9.70,10.14,2638368,26489744.000
2008-05-12,9.85,10.04,9.70,9.88,2030585,20019464.000
2008-05-13,9.66,10.28,9.55,9.82,2588541,25749716.000
2008-05-14,9.87,9.99,9.60,9.94,1942157,19000744.000
2008-05-15,9.60,9.95,9.60,9.89,1355135,13331453.000
2008-05-16,9.89,9.98,9.66,9.73,1214904,11907107.000
2008-05-19,9.61,10.10,9.61,9.89,1462702,14475087.000
2008-05-20,9.80,9.95,9.40,9.40,1167671,11239777.000
2008-05-21,8.98,9.25,8.93,9.13,1744226,15706307.000
2008-05-22,8.95,9.16,8.67,8.68,1841848,16412469.000
2008-05-23,8.68,9.11,8.51,9.11,1721312,15176597.000
2008-05-26,8.91,9.07,8.66,8.77,1184268,10462189.000
2008-05-27,8.85,8.85,8.44,8.60,1278229,10999090.000
2008-05-28,8.66,8.95,8.41,8.83,1533824,13409174.000
2008-05-29,8.85,8.85,8.63,8.66,1022916,8898014.000
2008-05-30,8.54,8.76,8.42,8.72,897421,7738091.000
2008-06-02,8.70,8.88,8.33,8.81,1602116,13748256.000
2008-06-03,8.79,8.79,8.56,8.60,528109,4557981.000
2008-06-06,8.86,9.26,7.99,8.04,4428244,38691836.000
2008-06-10,7.42,7.44,7.24,7.24,1810619,13156531.000
2008-06-11,6.85,7.00,6.52,6.64,2584301,17227512.000
2008-06-12,6.60,6.82,6.33,6.78,1842755,12002626.000
2008-06-13,6.68,6.79,6.10,6.10,1444552,9275814.000
2008-06-16,6.19,6.28,5.80,5.93,1970590,11789901.000
2008-06-17,6.04,6.09,5.46,5.51,1266291,7316413.000
2008-06-18,5.50,5.99,5.30,5.83,1977939,11246171.000
2008-06-19,5.75,5.76,5.25,5.25,1450920,7905051.000
2008-06-20,5.25,5.73,4.95,5.29,1886421,10038946.000
2008-06-23,5.16,5.39,4.90,5.35,1006073,5275296.000
2008-06-24,5.25,5.57,5.21,5.56,1649136,8944713.000
2008-06-25,5.52,6.12,5.46,5.98,2703319,15743613.000
2008-06-26,5.98,6.20,5.71,6.04,2768917,16378678.000
2008-06-27,5.77,5.87,5.50,5.71,2553260,14531673.000
2008-06-30,5.60,5.84,5.56,5.82,810066,4631713.000
2008-07-01,5.84,5.92,5.70,5.75,1187782,6901030.000
2008-07-02,5.73,6.00,5.64,6.00,1938470,11397711.000
2008-07-03,5.97,6.50,5.75,6.36,4351478,27106462.000
2008-07-04,6.33,6.43,6.15,6.35,2860718,17978216.000
2008-07-07,6.42,6.78,6.33,6.65,4780994,31181044.000
2008-07-08,6.69,6.86,6.40,6.66,3781340,24923146.000
2008-07-09,6.59,6.97,6.59,6.78,3765947,25535032.000
2008-07-10,6.86,6.90,6.60,6.64,4488537,30356292.000
2008-07-11,6.58,6.65,6.36,6.43,1703941,10991602.000
2008-07-14,6.43,6.75,6.23,6.69,2177895,14217352.000
2008-07-15,6.75,6.98,6.55,6.87,4722641,32129532.000
2008-07-16,6.80,7.19,6.45,6.77,4588290,31042814.000
2008-07-17,6.83,7.16,6.53,6.62,8050148,55924116.000
2008-07-18,6.50,6.60,5.96,6.25,6520696,39866200.000
2008-07-21,6.09,6.49,6.00,6.39,4243027,26622944.000
2008-07-22,6.30,7.03,6.26,7.03,7853402,52948784.000
2008-07-23,6.95,7.58,6.85,7.20,12150584,87623416.000
2008-07-24,7.10,7.37,7.05,7.23,5362396,38627528.000
2008-07-25,7.18,7.29,7.02,7.09,3412992,24277504.000
2008-07-28,7.12,7.28,7.01,7.23,2742363,19555036.000
2008-07-29,7.15,7.32,7.01,7.15,2747263,19710036.000
2008-07-30,7.29,7.29,6.72,6.76,3437855,23912372.000
2008-07-31,6.75,6.80,6.35,6.42,2432753,15817930.000
2008-08-01,6.42,6.66,6.22,6.55,1607378,10382728.000
2008-08-04,6.54,6.60,5.96,6.30,1512248,9705178.000
2008-08-05,6.28,6.48,6.04,6.11,1128016,7027587.000
2008-08-06,6.19,6.30,6.02,6.20,1713200,10558534.000
2008-08-07,6.28,6.38,6.04,6.16,1250954,7675439.000
2008-08-08,6.15,6.26,5.54,5.54,2044825,11862504.000
2008-08-11,5.54,5.54,4.99,5.00,1419842,7285087.000
2008-08-12,5.00,5.03,4.51,4.86,1027180,4966214.000
2008-08-13,4.95,4.95,4.61,4.90,1367798,6547358.000
2008-08-14,4.76,4.98,4.71,4.91,1061920,5183733.000
2008-08-15,4.99,5.08,4.73,4.96,1862863,9238049.000
2008-08-18,4.98,4.98,4.48,4.56,1836554,8609302.000
2008-08-19,4.54,4.58,4.22,4.53,1048211,4670402.000
2008-08-20,4.47,4.95,4.36,4.90,2467375,11701678.000
2008-08-21,4.79,4.95,4.56,4.61,1907809,9078910.000
2008-08-22,4.68,4.71,4.41,4.52,1105519,4993118.000
2008-08-25,4.55,4.97,4.41,4.96,2165799,10283822.000
2008-08-26,4.78,4.88,4.51,4.59,1902898,8954507.000
2008-08-27,4.50,4.77,4.40,4.75,1961270,8976752.000
2008-08-28,4.73,5.16,4.58,5.03,4597037,22690480.000
2008-08-29,4.91,5.37,4.88,5.13,3761484,19162690.000
2008-09-01,5.01,5.35,4.98,5.18,3484293,17953996.000
2008-09-02,5.15,5.22,4.98,5.02,2442197,12400853.000
2008-09-03,4.92,5.07,4.56,4.72,2955796,14136561.000
2008-09-04,4.69,4.85,4.60,4.78,1569120,7411859.000
2008-09-05,4.63,4.67,4.42,4.51,1753987,7984747.000
2008-09-08,4.49,4.60,4.17,4.20,1466078,6360447.000
2008-09-09,4.24,4.32,4.17,4.27,998938,4253748.000
2008-09-10,4.33,4.49,4.22,4.31,1026128,4458062.000
2008-09-11,4.37,4.49,4.25,4.29,1490641,6515221.000
2008-09-12,4.23,4.33,4.20,4.27,828975,3536811.000
2008-09-16,4.30,4.30,4.10,4.13,663269,2781174.000
2008-09-17,4.10,4.18,3.91,3.94,990889,3978145.000
2008-09-18,3.85,3.94,3.56,3.82,1520839,5668615.000
2008-09-19,4.19,4.20,4.06,4.20,1599912,6682165.000
2008-09-22,4.40,4.62,4.20,4.34,4050410,17816340.000
2008-09-23,4.20,4.24,4.01,4.02,1795120,7347729.000
2008-09-24,3.96,4.09,3.71,4.07,1853037,7237946.000
2008-09-25,4.04,4.22,4.02,4.13,1998458,8260286.000
2008-09-26,4.21,4.21,4.03,4.11,1955754,8017090.000
2008-10-06,3.89,4.00,3.87,3.88,1496656,5884734.000
2008-10-07,3.82,3.98,3.76,3.93,1007180,3918917.000
2008-10-08,3.88,3.99,3.81,3.94,1116306,4354105.000
2008-10-09,4.01,4.01,3.85,3.89,1209640,4755606.000
2008-10-10,3.80,3.84,3.58,3.77,2196262,8148818.000
2008-10-13,3.75,4.10,3.70,3.93,2624260,10134879.000
2008-10-14,3.97,4.05,3.83,3.85,2528837,9930694.000
2008-10-15,3.89,4.10,3.77,4.05,3759103,14828622.000
2008-10-16,3.81,4.17,3.81,4.15,5908328,23935320.000
2008-10-17,4.19,4.23,3.92,4.05,5043633,20509262.000
2008-10-20,4.01,4.05,3.81,4.01,3537420,13871696.000
2008-10-21,4.01,4.24,3.97,4.12,5303081,21815638.000
2008-10-22,3.99,4.11,3.91,3.93,2951601,11858241.000
2008-10-23,3.76,3.94,3.76,3.91,3163113,12145597.000
2008-10-24,3.91,3.98,3.76,3.83,1838693,7123051.000
2008-10-27,3.67,3.73,3.45,3.45,2619400,9234265.000
2008-10-28,3.27,3.55,3.20,3.45,2650282,8978961.000
2008-10-29,3.50,3.62,3.30,3.57,3741381,13054126.000
2008-10-30,3.55,3.73,3.42,3.67,5209286,18991032.000
2008-10-31,3.65,3.71,3.54,3.66,2302521,8371601.000
2008-11-03,3.68,3.86,3.61,3.74,5409112,19991520.000
2008-11-04,3.68,3.70,3.37,3.47,3876236,13515398.000
2008-11-05,3.31,3.69,3.31,3.64,4946240,17628100.000
2008-11-06,3.49,3.68,3.43,3.52,2359263,8405492.000
2008-11-07,3.47,3.72,3.40,3.60,3120320,11290711.000
2008-11-10,3.70,3.92,3.62,3.87,5390327,20439026.000
2008-11-11,3.84,4.18,3.71,3.99,6426752,25649570.000
2008-11-12,3.95,4.10,3.87,4.08,3873631,15452278.000
2008-11-13,4.00,4.36,3.92,4.22,7252579,30455280.000
2008-11-14,4.20,4.64,4.12,4.64,9762430,43083012.000
2008-11-17,4.76,4.92,4.48,4.75,10138080,47421712.000
2008-11-18,4.68,5.23,4.53,5.15,12390980,60756320.000
2008-11-19,5.10,5.57,4.86,5.38,9557636,49028432.000
2008-11-20,5.33,5.34,4.99,5.11,8576057,44094608.000
2008-11-21,5.06,5.39,4.81,5.17,6778133,34756408.000
2008-11-25,5.14,5.19,4.65,4.67,4423989,21176872.000
2008-11-26,4.75,4.80,4.52,4.59,2726012,12626611.000
2008-11-27,4.86,4.87,4.60,4.73,6377211,30215330.000
2008-11-28,4.65,5.09,4.60,4.90,6554794,31775732.000
2008-12-01,4.89,5.09,4.82,5.05,7918319,39447312.000
2008-12-02,4.94,5.18,4.80,4.92,6075726,30373860.000
2008-12-03,4.87,5.07,4.87,5.04,6121638,30591504.000
2008-12-04,5.11,5.25,5.03,5.08,7534238,38620288.000
2008-12-05,5.08,5.14,4.93,5.12,4689839,23605764.000
2008-12-08,5.08,5.50,5.08,5.50,9880818,52628180.000
2008-12-09,5.40,5.44,5.17,5.20,6302446,33343258.000
2008-12-10,5.17,5.29,5.06,5.24,4067934,21129242.000
2008-12-11,5.25,5.34,4.92,4.97,5138544,26384484.000
2008-12-12,4.95,4.96,4.60,4.80,3647851,17448656.000
2008-12-15,4.84,5.00,4.80,4.94,3564123,17480018.000
2008-12-16,4.89,5.16,4.81,5.15,4598840,23178012.000
2008-12-17,5.14,5.34,5.13,5.15,7085859,37019808.000
2008-12-18,5.16,5.22,5.02,5.20,3432637,17686736.000
2008-12-19,5.25,5.48,5.14,5.33,8621689,46270464.000
2008-12-22,5.34,5.41,5.10,5.28,4681179,24588338.000
2008-12-23,5.30,5.78,5.23,5.46,13396965,73562800.000
2008-12-24,5.40,5.41,4.96,5.22,7044360,36541856.000
2008-12-25,5.20,5.28,4.84,4.90,4577520,22977306.000
2008-12-26,4.85,5.15,4.85,4.96,4418792,22299836.000
2008-12-29,4.86,5.10,4.86,5.06,2278602,11408624.000
2008-12-30,5.01,5.19,4.99,5.08,2229849,11317722.000
2008-12-31,5.07,5.20,5.00,5.05,2815585,14428144.000
2009-01-05,5.15,5.36,5.06,5.32,4224725,22210052.000
2009-01-06,5.34,5.56,5.32,5.47,7244822,39528088.000
2009-01-07,5.48,5.83,5.32,5.64,10674696,60112492.000
2009-01-08,5.40,5.63,5.33,5.40,4663624,25463640.000
2009-01-09,5.32,5.64,5.32,5.62,4831925,26768188.000
2009-01-12,5.68,5.83,5.53,5.56,6025944,34267984.000
2009-01-13,5.50,5.51,5.30,5.38,3299510,17829290.000
2009-01-14,5.38,5.57,5.31,5.56,3248497,17764328.000
2009-01-15,5.50,5.93,5.46,5.79,8058031,46273096.000
2009-01-16,5.76,5.93,5.69,5.71,6000439,34751520.000
2009-01-19,5.71,5.80,5.63,5.79,3038626,17348204.000
2009-01-21,5.74,6.07,5.68,5.89,5792225,34348784.000
2009-01-22,6.04,6.09,5.80,5.91,4828940,28563968.000
2009-01-23,5.90,5.95,5.80,5.84,2552189,14921389.000
2009-02-02,5.85,5.95,5.72,5.92,2311190,13588707.000
2009-02-03,5.90,6.14,5.88,6.05,4692424,28225952.000
2009-02-04,6.05,6.20,5.95,6.11,4501914,27355772.000
2009-02-05,6.09,6.18,5.90,6.00,3949571,23934562.000
2009-02-06,6.20,6.60,6.20,6.47,7139124,45775384.000
2009-02-09,6.40,6.55,6.32,6.49,5554918,35800880.000
2009-02-10,6.48,6.58,6.36,6.57,4004765,25917828.000
2009-02-11,6.53,6.80,6.37,6.58,6600024,43099796.000
2009-02-12,6.57,7.06,6.56,6.93,7786083,53097512.000
2009-02-13,6.80,7.07,6.80,7.00,6167566,42930276.000
2009-02-16,7.11,7.68,7.05,7.48,7456016,55366732.000
2009-02-17,7.45,7.45,7.08,7.13,4577432,33064472.000
2009-02-18,7.00,7.24,6.91,6.98,4033285,28575332.000
2009-02-19,7.05,7.27,6.93,7.25,4199359,30083516.000
2009-02-20,7.67,7.67,7.21,7.32,3526675,25838904.000
2009-02-23,7.29,7.45,7.15,7.39,4086934,29909060.000
2009-02-24,7.30,7.41,6.95,6.99,3647783,26311760.000
2009-02-25,7.02,7.12,6.54,6.90,3467316,23727756.000
2009-02-26,6.79,6.97,6.21,6.29,2743903,18209612.000
2009-02-27,6.31,6.40,5.89,6.07,2161408,13143742.000
2009-03-02,6.07,6.39,6.01,6.36,2916207,18224424.000
2009-03-03,6.20,6.68,6.11,6.49,3384159,21965636.000
2009-03-04,6.59,6.90,6.57,6.89,4745967,31927030.000
2009-03-05,6.93,6.95,6.56,6.78,3732610,25394258.000
2009-03-06,6.61,6.84,6.58,6.70,1942657,13048155.000
2009-03-09,6.80,7.26,6.80,6.93,5831224,40799840.000
2009-03-10,7.00,7.45,6.81,7.42,5430114,38884252.000
2009-03-11,7.45,7.63,7.28,7.34,5792008,43318176.000
2009-03-12,7.34,7.48,7.18,7.34,3513657,25741880.000
2009-03-13,7.38,7.54,7.30,7.46,3228062,23912234.000
2009-03-16,7.57,7.94,7.57,7.89,6207684,48169112.000
2009-03-17,7.74,8.15,7.74,8.09,5336313,42251064.000
2009-03-18,8.10,8.19,7.98,8.00,4092796,32994680.000
2009-03-19,8.06,8.16,7.81,7.90,7829541,62267356.000
2009-03-20,7.78,7.81,7.53,7.66,5395216,41315128.000
2009-03-23,7.67,7.75,7.55,7.70,3332151,25602898.000
2009-03-24,7.70,7.87,7.57,7.73,4685377,36145580.000
2009-03-25,7.70,7.75,7.30,7.38,3695693,27804004.000
2009-03-26,7.32,7.63,7.32,7.60,3798194,28455774.000
2009-03-27,7.68,7.90,7.52,7.87,7253083,56587136.000
2009-03-30,7.90,8.02,7.81,7.82,7694710,61041992.000
2009-03-31,7.67,7.67,7.35,7.61,4729816,35435924.000
2009-04-01,7.61,7.75,7.50,7.67,3758484,28758412.000
2009-04-02,7.67,7.90,7.58,7.79,5219029,40555316.000
2009-04-03,7.85,8.00,7.62,7.87,6836647,53681040.000
2009-04-07,7.96,8.09,7.70,7.75,4294612,33847112.000
2009-04-08,7.72,7.76,7.22,7.24,3606359,27007768.000
2009-04-09,7.28,7.44,7.16,7.33,1657415,12076453.000
2009-04-10,7.33,7.51,7.29,7.49,1928813,14349208.000
2009-04-13,7.51,7.57,7.31,7.41,4377514,32477972.000
2009-04-14,7.43,7.63,7.35,7.48,3220239,24200060.000
2009-04-15,7.49,7.55,7.25,7.54,5240609,38701104.000
2009-04-16,7.50,7.96,7.45,7.79,11310968,87559064.000
2009-04-17,7.70,7.94,7.59,7.75,8530007,66288804.000
2009-04-20,7.69,7.87,7.40,7.75,5199113,39946584.000
2009-04-21,7.70,7.70,7.46,7.60,3282937,24838028.000
2009-04-22,7.61,7.80,7.30,7.32,4369352,33219264.000
2009-04-23,7.27,7.27,6.99,7.16,2804179,19922858.000
2009-04-24,7.20,7.32,7.10,7.27,2300104,16640081.000
2009-04-27,7.30,7.45,7.05,7.06,3531745,25770638.000
2009-04-28,6.94,7.77,6.90,7.76,6454830,48050672.000
2009-04-29,7.65,7.65,7.31,7.50,5287382,39273456.000
2009-04-30,7.29,7.87,7.29,7.72,8399896,64588816.000
2009-05-04,7.77,8.05,7.69,7.92,10061504,79877528.000
2009-05-05,7.99,8.03,7.74,7.85,5503919,43144524.000
2009-05-06,7.73,7.97,7.73,7.76,4872444,38256416.000
2009-05-07,7.77,7.80,7.51,7.61,5189257,39597424.000
2009-05-08,7.74,7.83,7.56,7.65,3965285,30589580.000
2009-05-11,7.75,7.79,7.45,7.56,4153882,31679006.000
2009-05-12,7.50,7.60,7.21,7.43,2824809,20858728.000
2009-05-13,7.44,7.88,7.38,7.78,5930755,45269744.000
2009-05-14,7.93,8.56,7.93,8.56,28123680,233703248.000
2009-05-15,8.70,9.42,8.56,9.42,23226772,213178720.000
2009-05-18,9.42,9.88,8.90,9.18,16180477,150567296.000
2009-05-19,9.11,10.10,9.06,10.10,16723141,163975872.000
2009-05-20,10.28,11.11,10.00,10.77,21067292,222476432.000
2009-05-21,10.50,10.87,9.80,10.10,16407773,168094480.000
2009-05-22,10.11,10.38,9.65,9.77,9657463,95578056.000
2009-05-25,9.36,9.76,9.36,9.69,7236328,69240432.000
2009-05-26,9.61,9.84,9.30,9.36,6996679,67047244.000
2009-05-27,9.20,9.60,9.08,9.45,5653157,53266632.000
2009-06-01,9.63,9.67,9.33,9.51,6093041,57897896.000
2009-06-02,9.45,9.67,9.37,9.44,4877108,46370920.000
2009-06-03,9.42,9.96,9.40,9.67,8067924,78589632.000
2009-06-04,9.68,9.71,9.10,9.31,8409601,78515480.000
2009-06-05,9.28,9.57,9.19,9.46,7039780,66090336.000
2009-06-08,9.41,10.41,9.25,10.41,11697271,117322832.000
2009-06-09,10.32,10.32,9.79,9.90,14742830,147201072.000
2009-06-10,9.70,9.81,9.42,9.75,7049168,67658568.000
2009-06-11,9.60,9.68,9.45,9.47,4064510,38639928.000
2009-06-12,9.40,9.71,9.36,9.40,4366170,41565552.000
2009-06-15,9.40,9.52,9.11,9.46,3130312,29356564.000
2009-06-16,9.31,9.40,9.17,9.23,3257189,30125274.000
2009-06-17,9.22,10.05,9.12,9.74,10074554,98318848.000
2009-06-18,9.63,10.41,9.50,10.08,10831798,109397800.000
2009-06-19,10.00,11.09,9.88,10.50,20073145,215951568.000
2009-06-22,10.20,10.22,9.46,9.67,13242888,128866024.000
2009-06-23,9.41,9.64,9.41,9.51,4379137,41637468.000
2009-06-24,9.50,9.75,9.44,9.61,3039061,29125726.000
2009-06-25,9.66,9.70,9.42,9.60,2830694,26940116.000
2009-06-26,9.60,9.70,9.51,9.59,2281962,21916898.000
2009-06-30,9.64,10.25,9.45,10.10,9034271,90314272.000
2009-07-01,9.93,10.05,9.75,9.92,4755972,46882808.000
2009-07-02,9.95,10.00,9.66,9.77,4230799,41293172.000
2009-07-03,9.65,9.82,9.60,9.78,3823640,36920824.000
2009-07-06,9.70,9.80,9.60,9.68,2444471,23614704.000
2009-07-07,9.60,9.82,9.60,9.68,2916033,28292572.000
2009-07-08,9.66,9.79,9.63,9.71,2453123,23756240.000
2009-07-09,9.82,10.16,9.79,10.08,7470309,75075976.000
2009-07-10,10.00,10.06,9.80,9.91,5457605,54078428.000
2009-07-13,9.84,10.36,9.75,10.26,9158323,92439776.000
2009-07-14,10.21,10.35,10.13,10.34,8105776,83280152.000
2009-07-15,10.30,10.37,10.20,10.25,4769934,48911972.000
2009-07-16,10.25,10.35,10.06,10.12,5238945,53633424.000
2009-07-17,10.13,10.35,10.05,10.20,5425797,55493888.000
2009-07-20,10.21,10.44,10.18,10.29,5618934,57843900.000
2009-07-21,10.25,10.30,9.90,9.92,4066490,40893348.000
2009-07-22,9.90,10.04,9.82,9.89,3179069,31517420.000
2009-07-23,9.95,10.23,9.85,10.17,3338918,33647724.000
2009-07-24,10.18,10.25,9.82,9.91,2520741,25206840.000
2009-07-27,9.91,10.12,9.89,10.05,2766511,27716602.000
2009-07-28,10.12,10.32,9.92,10.25,7762994,79050016.000
2009-07-29,10.19,10.48,9.24,10.02,11484603,117714000.000
2009-07-30,9.99,10.17,9.55,9.88,5169783,50861768.000
2009-07-31,9.86,10.13,9.80,10.12,4309838,42975336.000
2009-08-03,10.20,10.76,10.03,10.50,9389837,97653760.000
2009-08-04,10.43,10.44,10.16,10.32,5978499,61452116.000
2009-08-05,10.38,10.76,10.27,10.55,7746165,81267744.000
2009-08-06,10.60,11.40,10.52,10.75,14247505,155866720.000
2009-08-07,10.60,11.27,10.53,10.77,10711157,117413952.000
2009-08-10,10.97,11.62,10.77,11.59,11935639,135216720.000
2009-08-11,11.75,11.77,11.13,11.53,7711561,87754320.000
2009-08-12,11.43,11.43,10.48,10.52,7333776,79652760.000
2009-08-13,10.48,10.75,9.86,10.47,5519912,56866400.000
2009-08-14,10.47,10.52,9.70,9.86,5982759,60417220.000
2009-08-17,9.69,9.85,8.87,8.87,4758077,44539048.000
2009-08-18,8.80,9.11,8.50,9.05,3594521,31790420.000
2009-08-19,9.07,9.36,8.71,8.79,4505410,40731744.000
2009-08-20,8.61,9.12,8.61,9.11,2754748,24642024.000
2009-08-21,9.00,9.17,8.88,9.15,3128584,28245156.000
2009-08-24,9.15,9.37,9.00,9.33,4717746,43648680.000
2009-08-25,9.29,9.29,8.84,9.03,3858820,34784680.000
2009-08-26,8.80,9.30,8.80,9.28,3915459,35927216.000
2009-08-27,9.26,9.78,9.20,9.62,6646853,63613712.000
2009-08-28,9.70,9.70,9.16,9.17,2915267,27100980.000
2009-08-31,9.00,9.12,8.41,8.42,2852625,24950826.000
2009-09-01,8.31,8.59,8.31,8.35,1557685,13150308.000
2009-09-02,8.40,8.42,8.15,8.21,1527004,12588115.000
2009-09-03,8.22,8.55,8.16,8.51,1842309,15483705.000
2009-09-04,8.52,8.89,8.41,8.73,2250696,19568748.000
2009-09-07,8.70,9.45,8.65,9.17,4740440,43743208.000
2009-09-08,9.14,9.21,8.81,9.18,2628184,23818678.000
2009-09-09,9.15,9.20,8.91,9.08,2352979,21224804.000
2009-09-10,9.06,9.08,8.78,8.84,1709346,15195316.000
2009-09-11,8.89,9.12,8.84,9.10,2086094,18752464.000
2009-09-14,9.10,9.30,9.05,9.21,2468776,22711394.000
2009-09-15,9.20,9.57,9.11,9.49,4285838,40069012.000
2009-09-16,9.54,9.77,9.49,9.52,6215683,59757552.000
2009-09-17,9.56,9.70,9.32,9.68,4096286,39269968.000
2009-09-18,9.69,9.88,9.46,9.59,4119698,39886140.000
2009-09-21,9.50,9.64,9.28,9.64,2339663,22128312.000
2009-09-22,9.75,9.80,9.23,9.26,2323852,22058526.000
2009-09-23,9.26,9.53,9.14,9.38,2086015,19464026.000
2009-09-24,9.75,10.25,9.75,10.14,10890102,109613472.000
2009-09-25,9.81,10.13,9.70,9.76,5082527,50223352.000
2009-09-28,9.57,9.74,8.92,9.08,4136234,38700244.000
2009-09-29,8.93,9.12,8.21,8.59,2580683,22367712.000
2009-09-30,8.87,8.88,8.43,8.77,1212775,10560850.000
2009-10-09,8.87,9.18,8.70,9.09,1539561,13852061.000
2009-10-12,9.08,9.15,8.95,9.07,1020613,9236261.000
2009-10-13,9.02,9.13,8.86,9.11,1175630,10616059.000
2009-10-14,9.08,9.41,9.08,9.34,2361025,21731386.000
2009-10-15,9.26,9.39,9.10,9.17,1540589,14177766.000
2009-10-16,9.27,9.47,9.13,9.30,2342731,21836536.000
2009-10-19,9.25,9.47,9.11,9.40,2178522,20407998.000
2009-10-20,9.40,9.99,9.25,9.90,5845272,56135352.000
2009-10-21,9.80,9.90,9.58,9.89,3746544,36501724.000
2009-10-22,9.94,10.15,9.70,9.76,5107556,50687236.000
2009-10-23,9.76,9.90,9.60,9.66,3728889,36261056.000
2009-10-26,9.66,9.98,9.66,9.89,3277682,32155864.000
2009-10-27,9.83,9.83,9.40,9.41,2440771,23392392.000
2009-10-28,9.39,9.49,9.11,9.35,1723516,16009946.000
2009-10-29,9.34,9.59,9.18,9.40,2086340,19704680.000
2009-10-30,9.40,9.75,9.31,9.62,3635335,34704176.000
2009-11-02,9.32,10.10,9.28,9.99,8555703,84838160.000
2009-11-03,10.00,10.09,9.75,9.94,5667089,56108220.000
2009-11-04,9.94,10.37,9.82,10.36,9207444,93781416.000
2009-11-05,10.30,10.50,10.10,10.38,8348387,86296304.000
2009-11-06,10.34,10.46,10.17,10.20,5756785,59237864.000
2009-11-09,10.20,10.25,9.90,10.12,3118853,31302572.000
2009-11-10,10.11,10.41,10.03,10.22,5015747,51506008.000
2009-11-11,10.21,10.38,10.06,10.35,3194481,32758668.000
2009-11-12,10.35,10.47,10.23,10.26,4756820,49179208.000
2009-11-13,10.30,10.35,10.03,10.30,3232906,32968316.000
2009-11-16,10.28,10.66,10.20,10.54,6745754,70576728.000
2009-11-17,10.48,10.97,10.48,10.73,8428665,90750224.000
2009-11-18,10.80,11.22,10.80,11.08,10274921,113449080.000
2009-11-19,11.19,11.55,10.90,11.39,8720348,98789376.000
2009-11-20,11.28,11.48,11.11,11.38,5223459,58814788.000
2009-11-23,11.29,11.50,11.20,11.27,6202712,70094640.000
2009-11-24,11.33,11.45,10.50,10.54,7712729,84836632.000
2009-11-25,10.50,10.95,10.44,10.93,3363049,35984640.000
2009-11-26,10.71,10.94,10.11,10.16,4447781,46731688.000
2009-11-27,10.13,10.45,10.00,10.31,3163191,32341540.000
2009-11-30,10.31,11.28,10.31,11.12,6771167,74084176.000
2009-12-01,10.98,11.50,10.98,11.34,6789782,76880184.000
2009-12-02,11.37,11.48,11.17,11.31,4426664,49918236.000
2009-12-03,11.30,11.30,11.02,11.19,4196177,46943788.000
2009-12-04,11.19,11.30,10.63,10.92,5146609,56525128.000
2009-12-07,10.92,11.29,10.85,11.14,3034733,33740764.000
2009-12-08,11.13,11.43,11.00,11.40,6192923,69832656.000
2009-12-09,11.20,11.49,11.02,11.26,3952099,44407892.000
2009-12-10,11.30,11.35,11.01,11.11,2012435,22444530.000
2009-12-11,11.08,11.20,10.70,10.72,2939923,32046216.000
2009-12-14,10.72,10.82,10.41,10.69,2118642,22488148.000
2009-12-15,10.62,10.86,10.52,10.70,1547483,16646008.000
2009-12-16,10.70,10.90,10.70,10.77,1659292,17950584.000
2009-12-17,10.77,10.81,10.31,10.39,2061733,21679208.000
2009-12-18,10.36,10.48,9.70,10.10,1910333,19216588.000
2009-12-21,10.09,10.40,9.95,10.29,1550879,15736735.000
2009-12-22,10.33,10.79,10.21,10.49,2265910,23877096.000
2009-12-23,10.02,10.94,10.02,10.92,3142316,33726064.000
2009-12-24,10.81,11.49,10.80,11.38,7149733,80799304.000
2009-12-25,11.35,11.85,11.11,11.72,8220320,94665320.000
2009-12-28,11.66,12.39,11.61,12.13,8311847,100900632.000
2009-12-29,12.06,12.47,11.91,12.30,8490485,103511776.000
2009-12-30,12.27,12.36,12.08,12.19,4682528,57131428.000
2009-12-31,12.18,12.38,11.91,12.19,4528941,55007632.000
2010-01-04,12.06,12.16,11.90,12.00,4498182,53977536.000
2010-01-05,11.99,12.26,11.80,12.23,4862089,58797304.000
2010-01-06,12.24,12.60,12.02,12.05,3701948,45346408.000
2010-01-07,12.05,12.22,11.30,11.55,5208929,61029936.000
2010-01-08,11.44,11.80,11.44,11.68,2232462,25865968.000
2010-01-11,11.68,11.73,11.01,11.14,6225836,70145872.000
2010-01-12,11.10,11.19,10.87,11.14,9388935,103459024.000
2010-01-13,11.05,11.27,10.95,11.08,5321807,59090052.000
2010-01-14,11.05,11.90,11.00,11.37,5998505,67520448.000
2010-01-15,11.32,11.35,11.17,11.30,4388535,49302448.000
2010-01-18,11.32,11.47,11.15,11.44,4197623,47519832.000
2010-01-20,11.40,12.54,11.18,12.34,9687686,113424360.000
2010-01-21,12.30,12.30,11.69,11.90,6140106,73114408.000
2010-01-22,11.62,11.99,11.41,11.91,4699278,55100296.000
2010-01-25,11.91,12.05,11.00,11.32,4003559,46648972.000
2010-01-26,11.32,11.48,11.11,11.37,2847796,32180836.000
2010-01-27,11.36,11.62,11.17,11.33,2850659,32665022.000
2010-01-28,11.21,11.53,11.13,11.39,1917173,21846474.000
2010-01-29,11.44,11.89,11.39,11.58,3239189,37986620.000
2010-02-01,11.82,12.05,11.70,11.91,5026756,59519972.000
2010-02-02,11.87,12.00,11.40,11.41,3103943,36387540.000
2010-02-03,11.31,11.90,11.31,11.87,3208670,37068436.000
2010-02-04,11.68,12.10,11.61,11.86,4141732,49486632.000
2010-02-05,11.70,11.80,11.53,11.64,2337264,27207620.000
2010-02-08,11.60,11.69,11.46,11.54,1417740,16368942.000
2010-02-09,11.40,11.69,11.40,11.67,1732089,20127532.000
2010-02-10,11.71,11.90,11.70,11.82,1467088,17299396.000
2010-02-11,11.90,11.90,11.66,11.79,1258064,14788104.000
2010-02-12,11.78,12.00,11.78,11.95,1713825,20421430.000
2010-02-23,11.96,12.26,11.70,12.21,4088588,49439956.000
2010-02-24,12.28,12.50,12.17,12.40,4048142,50336936.000
2010-02-25,12.30,12.50,12.25,12.49,2963506,36699544.000
2010-02-26,12.48,12.56,12.38,12.40,2214701,27584828.000
2010-03-01,12.38,12.48,12.02,12.45,4643516,56798816.000
2010-03-02,12.36,12.77,12.31,12.59,5546402,69970920.000
2010-03-03,12.50,12.74,12.30,12.40,3472000,43235740.000
2010-03-04,12.45,12.45,11.94,12.00,4054554,48980168.000
2010-03-05,12.02,12.07,11.75,11.99,2241269,26711364.000
2010-03-08,11.98,12.19,11.86,12.01,2014384,24243942.000
2010-03-09,12.05,12.10,11.78,12.01,2148526,25614830.000
2010-03-10,12.01,12.04,11.69,11.71,2973866,35112732.000
2010-03-11,11.72,11.97,11.60,11.72,3172841,37417716.000
2010-03-12,11.79,12.77,11.78,12.48,10088327,125922728.000
2010-03-15,12.45,13.73,12.21,13.49,15837085,207312144.000
2010-03-16,13.36,13.95,13.07,13.51,9225395,125179336.000
2010-03-17,13.32,13.65,13.17,13.63,5304052,71186488.000
2010-03-18,13.50,13.79,13.40,13.57,3831054,51997344.000
2010-03-19,13.50,13.69,13.33,13.58,3219631,43489976.000
2010-03-22,13.58,14.15,13.52,13.58,5435264,75081896.000
2010-03-23,13.58,14.05,13.12,13.74,4463431,61236960.000
2010-03-24,13.75,14.47,13.71,14.37,6374417,90340040.000
2010-03-25,14.30,14.34,14.01,14.27,2899916,41074576.000
2010-03-26,14.28,14.93,14.13,14.30,3525497,51107436.000
2010-03-29,14.28,14.42,13.83,13.94,4213900,59287712.000
2010-03-30,13.98,14.10,13.52,13.87,3073405,42233172.000
2010-03-31,13.90,14.45,13.25,14.14,4483734,63574264.000
2010-04-01,14.11,14.32,13.80,14.23,5473137,77043160.000
2010-04-09,12.81,13.59,12.81,13.42,21166671,277699936.000
2010-04-12,13.00,13.12,12.71,12.78,10794370,138974528.000
2010-04-13,12.70,12.83,12.12,12.54,5889339,74151416.000
2010-04-14,12.66,12.95,12.59,12.90,5322196,68194776.000
2010-04-15,12.91,12.97,12.50,12.67,3167589,40428736.000
2010-04-16,12.62,12.72,12.40,12.50,2184034,27310676.000
2010-04-19,12.31,12.67,12.25,12.29,2911629,36387528.000
2010-04-20,12.27,12.62,12.10,12.62,3319807,41247464.000
2010-04-21,12.63,12.85,12.62,12.84,4382546,55987368.000
2010-04-22,12.87,12.87,12.52,12.60,3614053,45694848.000
2010-04-23,12.62,12.63,12.16,12.28,3314989,41059272.000
2010-04-26,12.28,12.35,12.00,12.04,2888573,35076736.000
2010-04-27,12.00,12.02,11.51,11.71,3138941,36546828.000
2010-04-28,11.65,12.22,11.56,12.15,2934321,35330120.000
2010-04-29,12.28,12.28,11.95,11.97,2576962,31209096.000
2010-04-30,11.91,12.05,11.50,11.80,3170346,37489404.000
2010-05-04,11.78,12.16,11.51,12.13,2489119,29956338.000
2010-05-05,12.07,12.33,11.96,12.32,2528393,30774416.000
2010-05-06,12.25,12.55,12.25,12.45,4961790,61754044.000
2010-05-07,12.40,12.40,11.56,11.83,3853680,46306776.000
2010-05-10,11.55,11.80,11.45,11.53,1860479,21565272.000
2010-05-11,11.70,11.79,11.40,11.42,1806720,20848222.000
2010-05-12,11.33,11.46,11.01,11.05,1361297,15153446.000
2010-05-13,11.02,11.25,11.01,11.25,1411313,15695142.000
2010-05-14,11.28,11.46,11.15,11.37,1035553,11723900.000
2010-05-17,11.15,11.33,10.90,10.93,1688079,18663980.000
2010-05-18,10.90,11.10,10.75,11.04,1694994,18533418.000
2010-05-19,11.10,11.10,10.81,10.87,990434,10812759.000
2010-05-20,10.88,11.04,10.84,11.00,994319,10905342.000
2010-05-21,10.78,11.13,10.69,11.11,1255839,13752086.000
2010-05-24,11.11,11.50,11.07,11.48,1773632,20164148.000
2010-05-25,11.29,11.47,11.14,11.28,1418021,15976358.000
2010-05-26,11.15,11.30,11.11,11.19,1068578,11960761.000
2010-05-27,11.19,11.28,10.86,11.26,1305439,14481368.000
2010-05-28,11.25,11.70,11.21,11.68,3828704,44081256.000
2010-05-31,11.56,11.94,11.50,11.58,4333078,50894932.000
2010-06-01,11.40,11.47,11.00,11.14,1759017,19702888.000
2010-06-02,11.20,11.29,11.00,11.27,1186309,13247411.000
2010-06-03,11.23,11.51,11.21,11.24,1356676,15462725.000
2010-06-04,11.24,11.38,11.15,11.30,740627,8331692.000
2010-06-07,11.19,11.24,11.05,11.21,1055899,11759066.000
2010-06-08,11.20,11.52,11.16,11.51,1618839,18451078.000
2010-06-09,11.51,11.70,11.43,11.62,1785442,20679100.000
2010-06-10,11.62,11.79,11.50,11.68,1705286,19919192.000
2010-06-11,11.59,11.78,11.53,11.67,1423377,16549727.000
2010-06-17,11.63,11.83,11.60,11.64,1662830,19466668.000
2010-06-18,11.62,11.62,11.20,11.21,2017346,22891352.000
2010-06-22,11.25,11.65,11.25,11.51,1042717,11923330.000
2010-06-23,11.44,11.49,11.30,11.39,575942,6552471.000
2010-06-24,11.40,11.60,11.35,11.51,1297950,14914501.000
2010-06-25,11.50,11.86,11.23,11.67,1483875,17099836.000
2010-06-28,11.67,11.94,11.51,11.82,3728409,43922744.000
2010-06-29,11.82,11.86,11.37,11.41,2387005,27614756.000
2010-06-30,11.89,11.89,10.73,11.34,1713998,19548228.000
2010-07-01,11.20,11.25,10.80,10.80,2050383,22434864.000
2010-07-02,10.90,10.90,10.21,10.62,1191747,12437434.000
2010-07-05,10.35,10.88,10.35,10.77,481652,5149044.000
2010-07-06,10.70,11.00,10.45,10.97,622047,6735704.000
2010-07-07,10.89,11.19,10.72,11.10,784398,8619092.000
2010-07-08,11.03,12.21,11.03,12.05,4699496,55593032.000
2010-07-09,11.72,12.15,11.72,12.04,3739965,44858152.000
2010-07-12,12.04,12.24,11.83,11.85,2912901,34837288.000
2010-07-13,11.76,11.98,11.70,11.75,1786971,21137486.000
2010-07-14,11.78,12.20,11.67,12.19,4234036,50991984.000
2010-07-15,12.19,12.20,11.64,11.69,2212690,26329716.000
2010-07-16,11.69,11.98,11.67,11.94,1313327,15496609.000
2010-07-19,11.88,12.16,11.75,12.02,1736304,20902240.000
2010-07-20,12.09,12.42,12.02,12.32,2615127,32022818.000
2010-07-21,12.32,12.33,12.10,12.17,1920346,23428720.000
2010-07-22,12.15,12.29,12.12,12.16,1821477,22190212.000
2010-07-23,12.14,12.48,12.14,12.26,4012816,49411072.000
2010-07-26,12.29,12.46,12.07,12.45,2971833,36438472.000
2010-07-27,12.36,13.06,12.35,12.92,6221314,79516104.000
2010-07-28,12.75,13.07,12.71,12.97,4345730,56139520.000
2010-07-29,13.02,13.16,12.76,13.13,3304188,42729628.000
2010-07-30,13.17,13.17,12.80,12.93,1546248,20016816.000
2010-08-02,12.91,13.00,12.76,12.93,2918237,37554292.000
2010-08-03,12.93,13.06,12.35,12.44,3150470,40382776.000
2010-08-04,12.43,12.57,12.17,12.46,2412994,29728392.000
2010-08-05,12.40,12.68,12.40,12.52,2210702,27646720.000
2010-08-06,12.60,12.65,12.35,12.64,1331597,16679139.000
2010-08-09,12.61,13.09,12.54,12.99,2716128,35143656.000
2010-08-10,12.87,13.04,12.56,12.60,2609995,33457024.000
2010-08-11,12.65,13.04,12.61,13.04,2463755,31776440.000
2010-08-12,13.01,13.09,12.80,12.96,1931179,25013740.000
2010-08-13,12.95,13.20,12.87,13.15,4579030,59772212.000
2010-08-16,13.15,13.41,13.05,13.38,5223122,69002560.000
2010-08-17,13.29,13.37,13.00,13.13,3119536,41006912.000
2010-08-18,13.14,13.14,12.80,13.03,2418522,31254756.000
2010-08-19,13.05,13.16,12.82,12.89,1993159,25923704.000
2010-08-20,12.87,12.99,12.36,12.42,4498914,56733516.000
2010-08-23,12.41,12.60,12.31,12.55,1214936,15173579.000
2010-08-24,12.51,12.67,12.40,12.54,1600529,20087152.000
2010-08-25,12.51,12.65,12.30,12.60,2284278,28452968.000
2010-08-26,12.60,12.90,12.60,12.90,2905734,37147768.000
2010-08-27,12.81,12.95,12.70,12.72,1550507,19879826.000
2010-08-30,12.81,12.99,12.70,12.90,2690065,34634104.000
2010-08-31,12.80,12.92,12.80,12.85,2187741,28151356.000
2010-09-01,12.85,12.95,12.35,12.44,2479831,31246354.000
2010-09-02,12.49,12.61,12.42,12.50,1713351,21457848.000
2010-09-03,12.58,12.61,12.33,12.50,1721963,21453916.000
2010-09-06,12.58,12.58,12.40,12.54,1784048,22271866.000
2010-09-07,12.55,12.98,12.54,12.94,4380600,56048992.000
2010-09-08,12.83,13.00,12.81,12.86,2693345,34760496.000
2010-09-09,12.90,13.21,12.77,12.79,3247728,42176808.000
2010-09-10,12.80,13.17,12.78,13.14,5453049,71053952.000
2010-09-13,13.15,13.34,12.88,13.14,3979808,52109376.000
2010-09-14,13.13,13.13,12.80,12.92,3187390,41284224.000
2010-09-15,13.07,14.20,12.80,13.75,8636185,117250984.000
2010-09-16,13.97,14.08,13.20,13.54,6806987,92720504.000
2010-09-17,14.89,14.89,14.70,14.89,24313469,361939392.000
2010-09-20,14.05,14.19,13.40,13.40,20864009,284187488.000
2010-09-21,13.05,13.30,12.55,12.88,9407294,120741856.000
2010-09-27,12.84,13.16,12.70,13.09,6874167,88965992.000
2010-09-28,13.00,13.00,12.65,12.70,4709139,60321196.000
2010-09-29,12.69,13.10,12.50,12.71,4691971,60376184.000
2010-09-30,12.57,12.96,12.55,12.90,3506845,45030620.000
2010-10-08,12.90,13.28,12.90,13.17,4185242,54714996.000
2010-10-12,12.94,13.00,12.50,12.65,5156072,65721580.000
2010-10-13,12.65,12.85,12.28,12.56,5186238,64931920.000
2010-10-14,12.56,12.62,12.35,12.37,2591044,32253960.000
2010-10-15,12.31,12.55,12.30,12.40,2543227,31578858.000
2010-10-18,12.31,12.32,11.76,11.95,3886472,46187504.000
2010-10-19,11.96,12.55,11.96,12.47,2328871,28851528.000
2010-10-20,12.35,12.76,12.22,12.58,2695331,33895928.000
2010-10-21,12.60,12.80,12.41,12.55,1959954,24612612.000
2010-10-22,12.56,12.56,12.28,12.46,2537745,31450384.000
2010-10-25,12.46,12.85,12.35,12.84,3918093,49570488.000
2010-10-26,12.85,14.12,12.79,13.65,8868621,119585424.000
2010-10-27,13.70,14.21,13.35,13.63,6692529,91913912.000
2010-10-28,13.38,13.88,13.30,13.40,3680603,49486256.000
2010-10-29,13.30,13.50,13.00,13.09,3002281,39498936.000
2010-11-01,13.10,13.39,13.05,13.18,4486023,59011476.000
2010-11-02,13.17,13.26,12.99,13.04,3316267,43453572.000
2010-11-03,12.95,13.25,12.82,13.24,2456643,32124190.000
2010-11-04,13.29,13.72,13.29,13.39,4391954,59245348.000
2010-11-05,13.50,14.40,13.35,14.18,9259184,129322920.000
2010-11-08,14.09,14.45,13.91,14.19,6420968,91355104.000
2010-11-09,14.29,15.20,14.15,15.02,9296031,137319984.000
2010-11-10,15.10,15.59,14.63,14.73,12763304,193143968.000
2010-11-11,14.75,14.88,14.30,14.32,7546220,109795304.000
2010-11-12,13.98,14.30,13.63,13.72,5057047,70376600.000
2010-11-15,13.80,14.28,13.60,14.16,2862872,40070356.000
2010-11-16,14.28,14.59,13.60,13.67,4812116,67963856.000
2010-11-17,13.65,13.82,13.15,13.32,3163322,42590632.000
2010-11-18,13.31,13.59,13.25,13.44,1611519,21634376.000
2010-11-19,13.53,13.75,13.31,13.68,2203870,29865810.000
2010-11-22,13.66,13.82,13.55,13.74,2091924,28652080.000
2010-11-23,13.63,13.68,13.18,13.51,1987141,26615052.000
2010-11-24,13.50,13.97,13.49,13.91,3520759,48616752.000
2010-11-25,14.01,14.30,13.58,14.30,5555673,78128472.000
2010-11-26,14.30,14.37,13.91,14.09,2572564,36259752.000
2010-11-29,14.05,14.29,13.93,14.12,2982684,42174936.000
2010-11-30,14.10,14.17,13.11,13.65,5411746,73307952.000
2010-12-01,13.85,13.85,13.34,13.45,1097219,14827781.000
2010-12-02,13.55,13.88,13.50,13.59,2120367,29053688.000
2010-12-03,13.50,13.67,13.41,13.58,908336,12291028.000
2010-12-06,13.42,13.67,13.30,13.45,992777,13334716.000
2010-12-07,13.38,13.65,13.38,13.59,1258671,16992532.000
2010-12-08,13.51,14.19,13.50,14.17,3601519,50192924.000
2010-12-09,14.41,14.41,13.90,14.18,3877943,54630820.000
2010-12-10,14.05,14.58,13.95,14.58,6140729,88528704.000
2010-12-13,14.51,14.88,14.20,14.87,8602455,125730864.000
2010-12-14,14.82,14.98,14.52,14.78,4969507,72921032.000
2010-12-15,14.69,14.96,14.48,14.70,5044586,74545528.000
2010-12-16,14.56,14.72,14.40,14.61,1959248,28587108.000
2010-12-17,14.61,14.67,14.41,14.61,1640986,23854760.000
2010-12-20,14.63,14.63,13.71,14.13,3080254,43711976.000
2010-12-21,14.10,14.47,14.03,14.29,2581327,36924540.000
2010-12-22,14.31,14.69,14.29,14.46,6609801,95877976.000
2010-12-23,14.48,14.69,14.42,14.64,6149145,89585136.000
2010-12-24,14.56,14.76,14.28,14.68,6034669,87865096.000
2010-12-27,14.63,14.75,13.30,13.99,6383251,91422800.000
2010-12-28,13.64,13.66,13.25,13.37,3564995,47848316.000
2010-12-29,13.36,13.59,13.20,13.41,2746441,36829808.000
2010-12-30,13.50,13.98,13.30,13.40,1238230,16663428.000
2010-12-31,13.43,13.60,13.37,13.56,1433831,19341948.000
2011-01-04,13.55,13.75,13.50,13.61,1926501,26145736.000
2011-01-05,13.61,13.94,13.55,13.75,1427695,19685816.000
2011-01-06,13.75,13.80,13.10,13.22,4001383,53316268.000
2011-01-07,13.19,13.33,13.10,13.19,2024712,26674974.000
2011-01-10,13.18,13.32,13.14,13.30,1524293,20174766.000
2011-01-11,13.27,13.27,13.15,13.20,940712,12409460.000
2011-01-12,13.18,13.20,12.45,12.72,2156268,27633700.000
2011-01-13,12.61,12.82,12.61,12.79,688908,8789092.000
2011-01-14,12.80,12.80,12.40,12.50,685789,8595631.000
2011-01-17,12.42,12.42,11.75,12.16,1045342,12665569.000
2011-01-18,12.12,12.39,12.12,12.34,784680,9620970.000
2011-01-19,12.34,12.60,12.16,12.38,746356,9287709.000
2011-01-20,12.28,12.48,11.78,11.80,1046700,12648711.000
2011-01-21,11.81,12.13,11.80,11.87,526689,6278594.000
2011-01-24,12.21,12.23,11.72,11.91,403488,4802003.000
2011-01-25,12.05,12.15,11.20,11.60,558900,6576636.000
2011-01-26,11.32,11.79,11.31,11.62,638015,7393584.000
2011-01-27,11.40,11.70,11.40,11.51,687641,7979019.000
2011-01-28,11.52,11.78,11.52,11.78,557363,6522368.000
2011-01-31,11.77,12.20,11.61,12.18,729152,8752570.000
2011-02-01,12.30,12.40,12.19,12.40,570961,7015386.000
2011-02-09,12.35,12.82,12.22,12.40,659900,8244091.000
2011-02-10,12.23,12.60,12.23,12.51,958104,11963168.000
2011-02-11,12.43,12.60,12.43,12.53,1246157,15566815.000
2011-02-14,12.55,12.71,12.50,12.67,1020769,12896457.000
2011-02-15,12.70,12.75,12.52,12.56,905200,11429636.000
2011-02-16,12.59,12.69,12.40,12.59,1170325,14637065.000
2011-02-17,12.59,13.16,12.43,12.90,2188660,27971042.000
2011-02-18,12.80,13.27,12.80,13.03,1943973,25353250.000
2011-02-21,13.10,13.29,12.89,13.03,1748320,22910532.000
2011-02-22,12.96,13.14,12.55,12.56,1348537,17224844.000
2011-02-23,12.56,12.72,12.40,12.70,1556943,19504484.000
2011-02-24,12.60,12.90,12.50,12.61,928516,11763226.000
2011-02-25,12.61,12.72,12.55,12.58,949833,12005310.000
2011-02-28,12.75,12.75,12.46,12.64,1288080,16193313.000
2011-03-01,12.68,13.61,12.54,13.45,4926102,64924372.000
2011-03-02,13.27,13.67,13.20,13.46,2956519,39733500.000
2011-03-03,13.46,13.60,13.25,13.29,2149891,28908950.000
2011-03-04,13.30,13.52,13.25,13.35,1122086,15001555.000
2011-03-07,13.48,13.48,13.21,13.33,1853176,24655670.000
2011-03-08,13.39,13.55,13.01,13.36,1396817,18687300.000
2011-03-09,13.29,13.47,13.18,13.24,1344793,17843080.000
2011-03-10,13.21,13.39,13.20,13.33,1199743,15953494.000
2011-03-11,13.34,13.38,13.06,13.07,2380924,31312170.000
2011-03-14,13.07,13.30,12.89,13.21,2264371,29692592.000
2011-03-15,13.25,13.33,12.70,12.86,2108691,27227028.000
2011-03-16,12.87,13.15,12.78,13.14,1425289,18494364.000
2011-03-17,13.16,13.39,12.88,12.98,2405150,31495876.000
2011-03-18,12.90,13.51,12.90,13.51,5402482,72347280.000
2011-03-21,13.52,13.97,13.30,13.67,4733871,64716544.000
2011-03-22,13.60,14.11,13.51,13.87,4782524,66361184.000
2011-03-23,13.89,13.97,13.65,13.87,2955579,40949860.000
2011-03-24,13.91,13.99,13.65,13.73,2432337,33565184.000
2011-03-25,13.73,13.89,13.50,13.78,2829557,38724560.000
2011-03-28,13.77,13.80,13.15,13.17,4718206,63199472.000
2011-03-29,13.20,13.42,12.47,12.50,4573110,58178936.000
2011-03-30,12.49,12.64,12.21,12.43,1536877,19102904.000
2011-03-31,12.49,12.50,12.22,12.33,1037650,12794243.000
2011-04-01,12.35,12.50,12.17,12.49,1386712,17102456.000
2011-04-06,12.47,12.50,12.15,12.30,1922146,23655008.000
2011-04-07,12.30,12.45,12.16,12.45,938757,11616534.000
2011-04-08,12.45,12.77,12.37,12.70,1794286,22723172.000
2011-04-11,12.72,12.72,12.32,12.34,1456046,18164928.000
2011-04-12,12.28,12.49,12.22,12.28,1321930,16342815.000
2011-04-13,12.38,12.54,12.22,12.53,1231175,15303737.000
2011-04-14,12.54,12.80,12.48,12.74,2075607,26386458.000
2011-04-15,12.77,12.86,12.57,12.78,1778730,22618036.000
2011-04-18,12.80,13.00,12.68,12.93,2596011,33499940.000
2011-04-19,12.90,12.96,12.59,12.61,2330534,29682904.000
2011-04-20,12.66,12.74,12.44,12.63,2599904,32752532.000
2011-04-21,12.66,13.89,12.54,13.38,5483887,70850736.000
2011-04-22,13.58,13.58,12.11,12.93,6052259,80588320.000
2011-04-25,12.55,12.60,11.64,12.16,3924618,48135400.000
2011-04-26,11.85,12.21,11.67,11.83,1785137,21156844.000
2011-04-27,11.71,12.13,11.71,11.84,1321030,15727838.000
2011-04-28,11.78,11.84,10.67,10.75,3358981,37136872.000
2011-04-29,10.79,11.05,10.79,10.95,928662,10157900.000
2011-05-04,10.43,10.47,10.40,10.40,1466600,15270752.000
2011-05-05,9.88,9.88,9.88,9.88,697600,6892288.000
2011-05-06,9.39,9.89,9.39,9.74,7614235,72071120.000
2011-05-09,9.84,10.23,9.58,10.23,5389347,53990332.000
2011-05-10,10.23,10.74,10.16,10.67,4331545,45742904.000
2011-05-11,10.60,10.75,10.26,10.47,3201349,33390924.000
2011-05-12,10.36,10.73,10.36,10.47,1600072,16919806.000
2011-05-13,10.47,10.70,10.37,10.56,1253086,13132355.000
2011-05-16,10.60,10.61,10.30,10.36,1446074,15081490.000
2011-05-17,10.30,10.40,10.01,10.15,1463858,14873701.000
2011-05-18,10.07,10.20,10.06,10.18,843347,8543858.000
2011-05-19,10.18,10.29,10.05,10.08,1296910,13137398.000
2011-05-20,10.12,10.28,10.05,10.23,1141188,11621025.000
2011-05-23,10.23,10.38,9.95,10.06,1703660,17218540.000
2011-05-24,9.83,10.22,9.80,10.18,1097140,10929052.000
2011-05-25,10.18,10.69,10.08,10.59,2542701,26866120.000
2011-05-27,10.70,10.98,10.43,10.58,1610412,17149002.000
2011-05-30,10.42,10.66,10.05,10.13,1088632,11341183.000
2011-05-31,10.13,10.40,9.80,10.38,1329163,13429422.000
2011-06-01,10.40,10.70,10.31,10.65,1753197,18580362.000
2011-06-02,10.52,10.62,10.15,10.49,1393325,14415723.000
2011-06-03,10.50,11.01,10.49,11.01,2782667,30561336.000
2011-07-26,10.46,11.53,10.46,10.59,15397352,162165136.000
2011-07-27,10.23,10.48,10.06,10.30,6027669,61307448.000
2011-07-28,10.82,10.82,10.82,10.82,3784725,40950724.000
2011-07-29,10.93,11.22,10.78,11.01,7126988,78497224.000
2011-08-01,10.86,11.11,10.63,10.86,3277461,35626160.000
2011-08-02,10.52,11.20,10.52,11.11,5856561,64446692.000
2011-08-03,10.97,11.24,10.92,11.14,2729039,30407172.000
2011-08-04,11.11,11.19,11.01,11.15,1699062,18852976.000
2011-08-05,10.59,10.92,10.59,10.65,2126684,22892996.000
2011-08-08,10.50,10.50,10.12,10.16,3231388,32922476.000
2011-08-09,10.15,10.17,9.67,9.95,2185942,21524960.000
2011-08-10,10.16,10.16,9.83,9.93,1602002,16002526.000
2011-08-11,9.65,10.02,9.55,9.95,1226929,11960061.000
2011-08-12,9.92,10.45,9.92,10.45,2898321,29752320.000
2011-08-15,10.49,10.63,10.30,10.52,2660587,27909132.000
2011-08-16,10.58,10.58,10.34,10.35,1258757,13129055.000
2011-08-17,10.25,10.43,10.25,10.34,468355,4846914.000
2011-08-18,10.28,10.38,10.04,10.09,819361,8376422.000
2011-08-19,9.90,10.03,9.86,9.97,741244,7377057.000
2011-08-22,9.95,10.10,9.95,10.03,541786,5423742.000
2011-08-23,10.03,10.40,9.95,10.37,842337,8634882.000
2011-08-24,10.27,10.42,10.25,10.27,533217,5500160.000
2011-08-25,10.24,10.50,10.21,10.43,770056,8019214.000
2011-08-26,10.42,10.69,10.38,10.68,1012643,10626525.000
2011-08-29,10.67,10.80,10.52,10.75,1323163,14101475.000
2011-08-30,10.75,10.84,10.56,10.58,810300,8647836.000
2011-08-31,10.58,10.67,10.46,10.65,751988,7936481.000
2011-09-01,10.56,10.86,10.56,10.65,814668,8708150.000
2011-09-02,10.59,10.82,10.59,10.68,1061953,11351605.000
2011-09-05,10.68,10.68,10.32,10.50,932865,9770660.000
2011-09-06,10.31,10.50,10.29,10.35,585968,6068291.000
2011-09-07,10.45,10.67,10.35,10.64,689496,7261446.000
2011-09-08,10.70,10.75,10.55,10.61,644167,6857491.000
2011-09-09,10.62,10.73,10.61,10.70,668313,7145004.000
2011-09-13,10.48,11.12,10.48,10.90,1656160,18028362.000
2011-09-14,10.90,11.14,10.54,10.86,1502355,16227520.000
2011-09-15,10.86,10.95,10.65,10.67,648893,6953999.000
2011-09-16,10.67,10.75,10.65,10.71,592913,6340930.000
2011-09-19,10.68,10.68,10.44,10.48,699880,7360000.000
2011-09-20,10.48,10.50,10.25,10.37,765349,7930296.000
2011-09-21,10.30,10.50,10.25,10.48,853889,8887393.000
2011-09-22,10.39,10.62,10.36,10.37,717434,7533337.000
2011-09-23,10.25,10.25,10.00,10.11,972450,9810161.000
2011-09-26,10.02,10.30,10.01,10.10,883340,8939186.000
2011-09-27,10.12,10.22,9.98,10.04,1263589,12717896.000
2011-09-28,10.04,10.21,9.99,10.00,496190,5004775.000
2011-09-29,9.88,10.03,9.50,9.54,759652,7351442.000
2011-09-30,9.36,9.68,9.31,9.55,411030,3889290.000
2011-10-10,9.56,9.70,9.50,9.65,176130,1691022.000
2011-10-11,9.69,10.06,9.69,9.88,1071282,10605700.000
2011-10-12,9.72,10.25,9.70,10.09,730682,7366128.000
2011-10-13,10.09,10.15,9.97,10.05,802912,8048194.000
2011-10-14,10.01,10.07,9.96,10.04,389837,3903360.000
2011-10-18,10.04,10.39,10.04,10.20,1366213,13965434.000
2011-10-19,10.00,10.25,9.91,10.05,670632,6743667.000
2011-10-20,9.97,10.08,9.69,9.88,376404,3692057.000
2011-10-21,10.03,10.03,9.82,9.87,397004,3927101.000
2011-10-24,9.92,10.36,9.60,10.36,1023021,10306912.000
2011-10-25,10.22,10.88,10.21,10.72,2443434,26216586.000
2011-10-26,10.65,10.86,10.50,10.76,889406,9503709.000
2011-10-27,10.76,11.07,10.58,10.83,1931427,20957556.000
2011-10-28,11.37,11.37,10.85,10.94,1427359,15759400.000
2011-10-31,11.00,11.00,10.55,10.60,1615651,17226570.000
2011-11-01,10.60,10.83,10.50,10.61,1408661,14968175.000
2011-11-02,10.48,10.77,10.48,10.76,1034310,11023791.000
2011-11-03,10.76,10.99,10.63,10.83,1334729,14457450.000
2011-11-04,10.78,10.93,10.72,10.81,704975,7607966.000
2011-11-07,10.80,10.86,10.66,10.66,740007,7960656.000
2011-11-08,10.60,10.70,10.50,10.54,635533,6744679.000
2011-11-09,10.59,10.68,10.46,10.63,775886,8173700.000
2011-11-10,10.51,10.61,10.44,10.49,694591,7311232.000
2011-11-11,10.48,10.68,10.43,10.49,526260,5519960.000
2011-11-14,10.49,10.67,10.49,10.65,564505,5976802.000
2011-11-15,10.66,10.97,10.62,10.88,1297417,14061021.000
2011-11-16,10.89,10.93,10.64,10.70,735461,7883863.000
2011-11-17,10.69,11.19,10.65,11.02,1539382,16891626.000
2011-11-18,10.95,11.25,10.80,10.93,1324074,14571554.000
2011-11-21,10.75,10.92,10.38,10.49,1278066,13404809.000
2011-11-22,9.99,10.20,9.97,9.97,1526800,15264273.000
2011-11-23,9.90,9.90,9.58,9.79,1006894,9804725.000
2011-11-24,9.69,10.04,9.54,9.86,802542,7905546.000
2011-11-25,9.77,9.89,9.50,9.56,1020191,9846487.000
2011-11-28,9.50,9.68,9.32,9.56,1195041,11292550.000
2011-11-29,9.57,9.60,9.40,9.49,864895,8184580.000
2011-11-30,9.45,9.53,9.02,9.02,896536,8263669.000
2011-12-01,9.17,9.26,9.00,9.05,1048795,9565090.000
2011-12-02,9.03,9.05,8.60,8.65,1343837,11673569.000
2011-12-05,8.58,8.60,8.22,8.26,1819281,15011114.000
2011-12-06,8.29,8.53,8.22,8.45,1129386,9451030.000
2011-12-07,8.40,8.50,8.18,8.41,449731,3770277.000
2011-12-08,8.05,8.48,8.05,8.44,1012309,8418387.000
2011-12-09,8.27,8.79,8.27,8.76,908301,7843606.000
2011-12-12,8.67,8.75,8.32,8.43,391476,3366917.000
2011-12-13,8.40,8.50,8.01,8.15,852058,6911112.000
2011-12-14,8.10,8.16,7.82,7.83,512472,4117216.000
2011-12-15,7.88,7.93,7.62,7.93,704405,5462406.000
2011-12-16,7.99,8.22,7.83,8.17,470999,3829239.000
2011-12-20,8.48,8.58,8.29,8.36,458133,3867811.000
2011-12-21,8.33,8.56,8.00,8.32,367242,3024382.000
2011-12-22,8.30,8.30,7.90,7.90,448144,3556281.000
2011-12-23,7.87,8.03,7.69,7.90,536905,4226860.000
2011-12-26,7.90,8.00,7.67,7.86,228280,1811860.000
2011-12-27,7.92,8.25,7.70,8.13,975301,7896699.000
2011-12-28,8.01,8.12,7.99,8.07,258859,2080028.000
2011-12-29,8.25,8.28,8.03,8.03,197291,1594494.000
2011-12-30,8.22,8.23,8.06,8.14,176493,1440238.000
2012-01-04,8.16,8.28,8.03,8.03,179100,1467159.000
2012-01-05,7.95,8.14,7.63,7.63,290300,2268804.000
2012-01-06,7.58,7.63,7.25,7.42,321960,2362415.000
2012-01-09,7.47,7.78,7.23,7.74,289211,2203452.000
2012-01-10,7.83,8.08,7.74,8.07,313486,2487520.000
2012-01-11,8.19,8.19,7.95,8.00,253945,2034088.000
2012-01-12,8.00,8.20,7.99,8.17,384000,3107560.000
2012-01-13,8.20,8.58,8.12,8.47,975455,8217199.000
2012-01-16,8.35,8.50,8.25,8.37,452668,3806870.000
2012-01-17,8.20,8.58,8.16,8.45,792888,6635879.000
2012-01-18,8.45,8.55,8.20,8.28,332600,2783673.000
2012-01-19,8.44,8.69,8.21,8.68,454609,3835531.000
2012-01-20,8.59,8.68,8.40,8.47,244497,2097395.000
2012-01-30,8.58,8.76,8.40,8.72,325218,2779042.000
2012-01-31,8.53,8.77,8.53,8.70,294645,2558764.000
2012-02-01,8.68,9.05,8.68,8.83,860176,7665680.000
2012-02-02,8.82,9.16,8.82,9.07,399300,3595338.000
2012-02-03,9.00,9.21,9.00,9.12,401575,3669179.000
2012-02-06,9.12,9.16,8.71,9.12,1606898,14426118.000
2012-02-07,9.05,9.05,8.83,9.00,573701,5129793.000
2012-02-08,8.87,9.12,8.85,9.11,427596,3851366.000
2012-02-09,8.84,9.10,8.80,8.91,891998,7957285.000
2012-02-10,8.80,8.95,8.80,8.91,357506,3178089.000
2012-02-13,8.88,8.97,8.83,8.91,312456,2784189.000
2012-02-14,8.86,9.13,8.84,9.08,623398,5634996.000
2012-02-15,9.10,9.37,9.09,9.24,539332,4973820.000
2012-02-16,9.24,9.24,8.90,9.13,465225,4213711.000
2012-02-17,9.13,9.13,8.85,8.97,319213,2852317.000
2012-02-20,8.98,9.01,8.84,8.90,616400,5484592.000
2012-02-21,8.81,8.92,8.81,8.91,220879,1958626.000
2012-02-22,8.87,8.95,8.83,8.91,661842,5886439.000
2012-02-23,8.90,8.96,8.85,8.92,727471,6479621.000
2012-02-24,8.91,9.07,8.84,9.07,1049547,9425399.000
2012-02-27,9.14,9.14,9.02,9.07,1318054,11977015.000
2012-02-28,9.02,9.14,8.86,8.99,824512,7439531.000
2012-02-29,8.90,9.44,8.85,9.44,3380267,31639420.000
2012-03-01,9.44,9.45,9.21,9.35,1463093,13678048.000
2012-03-02,9.19,9.55,9.19,9.45,1001004,9414504.000
2012-03-05,9.45,9.53,9.38,9.52,784140,7425638.000
2012-03-06,9.52,9.55,9.23,9.29,591858,5513094.000
2012-03-07,9.20,9.28,9.03,9.10,507335,4643255.000
2012-03-08,9.08,9.33,9.08,9.10,685525,6300331.000
2012-03-09,9.25,9.25,9.04,9.14,526851,4800218.000
2012-03-12,9.14,9.32,9.14,9.31,573022,5290942.000
2012-03-13,9.31,9.33,9.24,9.27,613503,5688883.000
2012-03-14,9.26,9.48,8.84,9.25,1144481,10521508.000
2012-03-15,9.16,9.17,8.79,8.93,706240,6305309.000
2012-03-16,8.92,9.07,8.81,9.06,471573,4198345.000
2012-04-05,8.65,9.15,8.61,9.12,4271535,37126916.000
2012-04-06,9.08,9.58,8.94,9.52,2026977,19108988.000
2012-04-09,9.67,10.00,9.67,10.00,2843691,28308716.000
2012-04-10,10.05,10.33,9.65,10.15,1945136,19480368.000
2012-04-11,10.08,10.32,9.88,10.29,1392599,14174441.000
2012-04-12,10.39,10.39,10.13,10.30,940320,9605264.000
2012-04-13,10.04,10.66,10.04,10.52,1365511,14244088.000
2012-04-16,10.48,10.48,10.12,10.30,908535,9309285.000
2012-04-17,10.20,10.25,9.91,9.96,634997,6402022.000
2012-04-18,10.09,10.14,9.90,10.03,785360,7844317.000
2012-04-19,10.01,10.34,10.01,10.20,961587,9825231.000
2012-04-20,10.04,10.20,9.89,10.17,647687,6486059.000
2012-04-23,10.20,10.48,9.79,10.17,1310596,13210046.000
2012-04-24,10.20,10.27,9.93,10.07,510814,5153409.000
2012-04-25,10.06,10.20,9.91,10.18,573798,5754363.000
2012-04-26,10.28,10.44,10.12,10.43,1215679,12557282.000
2012-04-27,10.50,10.60,10.31,10.42,608391,6367730.000
2012-05-02,10.40,10.40,10.10,10.29,619344,6332024.000
2012-05-03,10.14,10.24,9.91,9.96,802582,8047629.000
2012-05-04,9.94,10.22,9.83,10.09,474895,4764218.000
2012-05-07,10.34,10.48,10.22,10.36,785858,8148831.000
2012-05-08,10.32,10.50,10.28,10.48,451720,4707117.000
2012-05-09,10.48,10.88,10.35,10.72,910077,9716050.000
2012-05-10,10.63,11.15,10.63,11.10,1578569,17287836.000
2012-05-11,11.13,11.32,10.93,11.06,2135579,23868900.000
2012-05-14,11.06,11.27,10.96,11.15,876012,9740038.000
2012-05-15,11.02,11.18,10.97,11.09,593592,6568818.000
2012-05-16,11.07,11.13,10.93,10.95,291211,3200073.000
2012-05-17,10.90,11.21,10.90,11.14,578982,6420752.000
2012-05-18,11.18,11.70,11.10,11.68,2698089,31184448.000
2012-05-22,11.50,11.98,11.37,11.41,1685477,19645924.000
2012-05-23,11.49,11.49,11.16,11.27,968306,10874220.000
2012-05-24,11.34,11.35,10.91,10.94,697079,7727610.000
2012-05-25,11.00,11.30,11.00,11.20,773731,8664155.000
2012-05-28,11.18,11.27,10.91,11.18,431644,4777140.000
2012-05-29,11.10,11.38,11.03,11.36,560569,6308378.000
2012-05-30,11.30,11.44,11.20,11.26,473215,5346643.000
2012-05-31,11.26,11.29,11.15,11.26,408911,4585325.000
2012-06-01,11.26,11.31,11.12,11.20,344890,3857764.000
2012-06-04,11.05,11.12,10.84,10.88,485821,5335289.000
2012-06-05,10.74,10.99,10.74,10.88,399334,4341272.000
2012-06-06,10.86,11.23,10.85,11.05,321617,3543787.000
2012-06-07,11.06,11.27,11.02,11.11,408170,4563265.000
2012-06-11,11.13,11.48,11.13,11.29,552831,6269930.000
2012-06-12,11.13,11.20,10.95,11.09,437186,4837010.000
2012-06-13,11.24,11.25,11.06,11.25,442229,4942365.000
2012-06-14,11.27,11.27,11.12,11.19,293400,3286031.000
2012-06-15,11.10,11.24,11.10,11.19,499748,5577178.000
2012-06-18,11.19,11.23,11.13,11.20,340460,3810832.000
2012-06-19,11.10,11.76,11.10,11.44,1203494,13950480.000
2012-06-20,11.40,11.54,11.32,11.37,409281,4664816.000
2012-06-21,11.33,11.33,10.92,11.11,632883,7027095.000
2012-06-25,11.00,11.26,10.85,11.06,429527,4770435.000
2012-06-26,11.03,11.13,10.96,11.07,328826,3638399.000
2012-06-27,11.00,11.20,11.00,11.11,262655,2914865.000
2012-06-28,11.19,11.19,10.95,10.96,507635,5613717.000
2012-07-02,10.86,11.36,10.86,11.14,460440,5133796.000
2012-07-03,11.15,11.16,11.07,11.11,419889,4666993.000
2012-07-04,11.09,11.13,10.95,11.07,201550,2228824.000
2012-07-05,10.97,11.09,10.90,10.93,524519,5759626.000
2012-07-06,10.94,10.95,10.38,10.80,861520,9163525.000
2012-07-09,10.38,10.71,10.28,10.42,537318,5621354.000
2012-07-10,10.33,10.43,10.30,10.30,337234,3494372.000
2012-07-11,10.28,10.30,10.08,10.20,380700,3886871.000
2012-07-12,10.28,10.43,10.13,10.36,255062,2625386.000
2012-07-13,10.25,10.39,10.22,10.37,229200,2362040.000
2012-07-16,10.42,10.42,9.93,9.95,664604,6662136.000
2012-07-17,9.99,10.05,9.80,9.92,190222,1888151.000
2012-07-18,9.96,9.96,9.45,9.75,429870,4177707.000
2012-07-19,9.88,10.02,9.74,9.97,225340,2235026.000
2012-07-20,9.88,10.00,9.82,9.98,100175,993841.000
2012-07-23,9.83,9.87,9.76,9.79,132133,1294593.000
2012-07-24,9.78,9.96,9.78,9.96,124773,1230403.000
2012-07-25,10.07,10.07,9.75,9.88,231107,2287174.000
2012-07-26,9.88,10.05,9.80,9.99,193741,1923469.000
2012-07-27,10.18,10.33,9.96,10.07,255498,2586257.000
2012-07-30,9.57,9.68,9.57,9.57,1023300,9795866.000
2012-07-31,9.09,9.09,9.09,9.09,152400,1385316.000
2012-08-01,8.64,8.81,8.64,8.64,1050590,9102904.000
2012-08-02,8.61,8.90,8.36,8.53,489443,4232580.000
2012-08-03,8.42,8.64,8.42,8.58,529657,4511811.000
2012-08-06,8.61,8.80,8.61,8.76,456957,3985563.000
2012-08-07,8.80,8.84,8.70,8.73,304287,2659550.000
2012-08-08,8.71,8.76,8.65,8.69,216823,1888179.000
2012-08-09,8.62,8.78,8.62,8.78,388906,3382588.000
2012-08-10,8.93,8.93,8.69,8.70,270925,2370838.000
2012-08-13,8.64,8.77,8.54,8.75,398619,3454117.000
2012-08-14,8.80,8.80,8.62,8.72,328036,2843127.000
2012-08-15,8.71,8.71,8.52,8.52,273100,2353077.000
2012-08-16,8.57,8.65,8.55,8.57,168571,1448677.000
2012-08-17,8.61,8.64,8.46,8.54,606069,5201081.000
2012-08-20,8.59,8.59,8.21,8.38,396400,3313958.000
2012-08-21,8.45,8.80,8.45,8.80,835322,7308726.000
2012-08-22,9.17,9.24,9.01,9.24,1317872,12102765.000
2012-08-23,9.70,9.70,9.70,9.70,1157630,11229011.000
2012-09-03,9.22,9.22,9.22,9.22,28900,266458.000
2012-09-04,8.76,8.76,8.76,8.76,85000,744600.000
2012-09-05,8.32,9.13,8.32,8.68,3149852,26838824.000
2012-09-06,8.60,8.73,8.50,8.62,862655,7429637.000
2012-09-07,8.68,9.00,8.60,8.98,1938832,16924564.000
2012-09-10,8.88,9.00,8.79,8.92,1029518,9167389.000
2012-09-11,8.92,8.92,8.76,8.80,1085514,9573908.000
2012-09-12,8.87,9.05,8.79,8.94,1592099,14193434.000
2012-09-13,8.95,8.96,8.65,8.67,1767440,15533259.000
2012-09-14,8.70,8.74,8.65,8.67,651244,5653318.000
2012-09-17,8.71,8.77,8.29,8.29,813619,6888916.000
2012-09-18,8.28,8.45,8.22,8.35,489409,4095989.000
2012-09-19,8.32,8.45,8.32,8.43,484608,4066584.000
2012-09-20,8.38,8.44,8.22,8.28,566350,4710505.000
2012-09-21,8.28,8.34,8.19,8.27,274615,2267056.000
2012-09-24,8.20,8.21,7.99,8.10,961076,7739717.000
2012-09-25,8.01,8.04,7.70,7.73,1381239,10746573.000
2012-09-26,7.73,7.80,7.34,7.37,900210,6740778.000
2012-09-27,7.35,7.67,7.32,7.51,966200,7281213.000
2012-09-28,7.43,7.66,7.41,7.64,713377,5407490.000
2012-10-08,7.65,7.78,7.57,7.69,885538,6815004.000
2012-10-09,7.69,8.06,7.65,7.90,3203709,25057244.000
2012-10-10,7.81,8.15,7.81,8.10,2782926,22213114.000
2012-10-11,8.10,8.50,7.95,8.09,1789792,14561920.000
2012-10-12,8.17,8.47,8.10,8.20,2315253,19134592.000
2012-10-15,8.15,8.44,8.14,8.20,1116658,9226471.000
2012-10-16,8.21,8.28,8.00,8.06,1443345,11714231.000
2012-10-17,8.08,8.22,8.06,8.15,614600,5009850.000
2012-10-18,8.15,8.24,8.05,8.19,1249748,10217341.000
2012-10-19,8.20,8.42,8.15,8.37,1431483,11887339.000
2012-10-22,8.28,8.47,8.28,8.43,1268860,10649345.000
2012-10-23,8.40,8.45,8.24,8.25,944822,7909384.000
2012-10-24,8.22,8.38,8.18,8.34,956079,7946529.000
2012-10-25,8.34,8.34,8.13,8.13,581861,4789428.000
2012-10-26,8.13,8.14,7.82,7.89,593191,4717765.000
2012-10-29,7.80,7.88,7.50,7.62,1021308,7798222.000
2012-10-30,7.66,7.85,7.60,7.76,625081,4833879.000
2012-10-31,7.68,7.74,7.37,7.62,797389,6045682.000
2012-11-01,7.59,7.82,7.55,7.73,632449,4877256.000
2012-11-02,7.73,8.00,7.73,7.91,753339,5912550.000
2012-11-05,7.96,8.07,7.92,7.95,512070,4091818.000
2012-11-06,8.01,8.15,7.88,8.10,819077,6547093.000
2012-11-07,8.09,8.23,8.03,8.11,535723,4343354.000
2012-11-08,8.03,8.03,7.80,7.81,500128,3966446.000
2012-11-09,7.82,8.20,7.82,8.20,1908547,15552763.000
2012-11-12,8.20,8.28,7.88,8.00,1270922,10205829.000
2012-11-13,8.04,8.05,7.87,7.89,483511,3843032.000
2012-11-14,7.87,7.94,7.51,7.92,1139333,8795359.000
2012-11-15,7.82,7.90,7.61,7.68,601171,4696651.000
2012-11-16,7.63,7.76,7.57,7.76,338941,2602698.000
2012-11-19,7.73,7.81,7.70,7.77,354176,2750197.000
2012-11-20,7.82,7.95,7.79,7.82,348149,2747644.000
2012-11-21,7.79,7.92,7.73,7.89,281010,2200276.000
2012-11-22,7.88,7.92,7.70,7.81,324219,2513971.000
2012-11-23,8.20,8.20,7.89,7.91,593010,4743896.000
2012-11-26,8.01,8.31,8.00,8.31,3110557,25806694.000
2012-11-27,8.25,8.32,7.96,8.07,1732606,14048938.000
2012-11-28,7.96,7.97,7.67,7.68,1383215,10663469.000
2012-11-29,7.68,7.76,7.62,7.64,533498,4104091.000
2012-11-30,7.60,7.81,7.60,7.78,446528,3440009.000
2012-12-03,7.39,7.54,7.39,7.39,1323764,9793937.000
2012-12-04,7.24,7.45,7.10,7.40,349821,2543726.000
2012-12-05,7.37,7.75,7.33,7.72,970620,7349965.000
2012-12-06,7.67,7.67,7.33,7.47,888034,6634435.000
2012-12-07,7.47,7.68,7.36,7.58,1084175,8169015.000
2012-12-10,7.57,7.82,7.53,7.73,1657187,12711105.000
2012-12-11,7.73,7.86,7.67,7.71,1637981,12664014.000
2012-12-12,7.78,7.80,7.56,7.70,554963,4279216.000
2012-12-13,7.74,7.95,7.65,7.82,1320943,10278586.000
2012-12-14,7.77,8.07,7.71,7.97,1762873,13981379.000
2012-12-17,8.00,8.11,7.93,8.06,1668808,13374206.000
2012-12-18,8.30,8.38,8.07,8.19,2423309,19853526.000
2012-12-19,8.29,8.36,8.10,8.25,1116796,9238054.000
2012-12-20,8.20,8.34,8.13,8.29,721485,5976653.000
2012-12-21,8.29,8.40,8.23,8.31,529800,4408375.000
2012-12-24,8.24,8.31,8.10,8.14,629290,5130355.000
2012-12-25,8.14,8.31,8.04,8.30,1881314,15419350.000
2012-12-26,8.29,8.30,8.18,8.28,746007,6150843.000
2012-12-27,8.21,8.43,8.20,8.30,1455789,12139704.000
2012-12-28,8.30,8.43,8.28,8.39,923278,7726732.000
2012-12-31,8.31,8.45,8.15,8.30,1111590,9237022.000
2013-01-04,8.21,8.23,7.89,8.03,1385659,10978242.000
2013-01-07,7.99,8.38,7.99,8.25,653708,5345490.000
2013-01-08,8.25,8.66,8.25,8.66,1697500,14502634.000
2013-01-09,8.58,8.80,8.55,8.68,1091726,9481673.000
2013-01-10,8.64,8.76,8.61,8.68,1014535,8821934.000
2013-01-11,8.70,9.01,8.69,8.91,1714048,15263422.000
2013-01-14,8.84,9.36,8.84,9.34,2029568,18868494.000
2013-01-15,9.32,9.43,9.06,9.24,1452361,13373895.000
2013-01-16,9.24,9.26,9.12,9.24,394279,3621290.000
2013-01-17,9.24,9.65,9.15,9.42,1260693,11864800.000
2013-01-18,9.36,9.50,9.31,9.39,791497,7424455.000
2013-01-21,9.39,9.44,9.13,9.17,1334368,12398406.000
2013-01-22,9.17,9.24,8.87,8.89,1107558,10063959.000
2013-01-23,8.92,8.98,8.51,8.74,1052116,9196035.000
2013-01-24,8.80,8.87,8.56,8.64,837950,7310244.000
2013-01-25,8.69,8.87,8.65,8.75,745946,6535791.000
2013-01-28,9.19,9.19,9.10,9.19,2105609,19350368.000
2013-01-29,9.65,9.65,9.65,9.65,209858,2025130.000
2013-01-30,10.12,10.13,9.80,9.85,7913625,79250288.000
2013-01-31,9.36,9.75,9.36,9.60,3150327,29926576.000
2013-02-01,9.51,9.94,9.45,9.91,976523,9492168.000
2013-02-04,10.00,10.41,9.90,10.39,3354087,34521644.000
2013-02-05,10.48,10.89,10.21,10.66,1817177,19348960.000
2013-02-06,10.69,10.84,10.44,10.69,801927,8620625.000
2013-02-07,10.62,10.84,10.55,10.58,707317,7520581.000
2013-02-08,10.50,10.76,10.40,10.73,772353,8186802.000
2013-02-18,10.72,10.85,10.58,10.60,487530,5205758.000
2013-02-19,10.60,10.66,10.43,10.56,570560,6028479.000
2013-02-20,10.46,10.58,10.38,10.48,556267,5809499.000
2013-02-21,10.40,10.54,10.36,10.39,571860,5955726.000
2013-02-22,10.37,10.72,10.36,10.46,335229,3532558.000
2013-02-25,10.46,10.50,10.35,10.45,466993,4851789.000
2013-02-26,10.45,10.63,10.43,10.51,534020,5617095.000
2013-02-27,10.60,10.64,10.43,10.56,347506,3658457.000
2013-02-28,10.68,10.68,10.41,10.61,442580,4673295.000
2013-03-01,10.50,10.77,10.46,10.69,348802,3703977.000
2013-03-04,10.69,11.22,10.55,10.96,1269316,14094355.000
2013-03-05,10.93,11.28,10.82,11.18,695084,7709688.000
2013-03-06,11.15,11.38,11.12,11.18,663127,7430858.000
2013-03-07,11.20,11.35,11.11,11.18,432820,4841482.000
2013-03-08,11.18,11.24,10.62,10.62,750892,8174310.000
2013-03-11,10.35,10.60,10.09,10.09,1813576,18503034.000
2013-03-12,10.00,10.28,9.95,10.01,493330,4976432.000
2013-03-13,10.10,10.27,10.00,10.25,497064,5033188.000
2013-03-14,10.24,10.37,10.10,10.36,405502,4184101.000
2013-03-15,10.28,10.72,10.27,10.59,640050,6732403.000
2013-03-18,10.65,10.89,10.60,10.68,483703,5212993.000
2013-03-19,10.68,10.84,10.45,10.49,531223,5646313.000
2013-03-20,10.49,10.60,10.43,10.49,525821,5531377.000
2013-03-21,10.46,10.58,10.28,10.31,909455,9497499.000
2013-03-22,10.30,10.47,10.00,10.11,637971,6542162.000
2013-03-25,10.12,10.62,10.12,10.62,1416973,14894226.000
2013-03-26,10.54,11.15,10.54,10.93,1465971,16004984.000
2013-03-27,10.83,11.11,10.83,10.98,725512,7952851.000
2013-03-28,10.82,11.53,10.60,11.53,3507159,40278556.000
2013-03-29,11.56,12.02,11.56,11.70,2526753,29895148.000
2013-04-01,11.70,12.21,11.52,12.19,2055911,24588276.000
2013-04-02,12.21,12.25,11.89,11.99,1344054,16199958.000
2013-04-03,12.00,12.08,11.72,11.85,853903,10170837.000
2013-04-08,11.61,11.95,11.50,11.84,1144023,13461517.000
2013-04-09,11.66,11.83,11.66,11.75,416534,4897751.000
2013-04-10,11.80,12.30,11.72,12.05,750352,9057784.000
2013-04-11,12.08,12.26,12.00,12.05,623900,7550887.000
2013-04-12,12.22,12.22,11.93,12.07,583898,7019803.000
2013-04-15,11.95,11.95,11.47,11.47,1973000,22717388.000
2013-04-16,11.36,11.60,10.92,11.58,961344,10859567.000
2013-04-17,11.58,11.60,11.40,11.52,429472,4941667.000
2013-04-18,11.52,11.60,11.11,11.23,910589,10348233.000
2013-04-19,11.23,11.43,11.15,11.38,674092,7584619.000
2013-04-22,11.20,11.25,10.82,10.99,940379,10304843.000
2013-04-23,11.06,11.06,10.60,10.61,914057,9847908.000
2013-04-24,10.63,10.77,10.54,10.60,812193,8653130.000
2013-04-25,10.57,10.67,10.30,10.46,1536433,16085893.000
2013-05-09,11.51,11.51,11.51,11.51,1791077,20615296.000
2013-05-10,11.88,12.48,11.23,11.28,9193684,108647880.000
2013-05-13,10.86,12.30,10.58,11.98,5722840,65595260.000
2013-05-14,11.82,12.50,11.69,12.14,3893416,47335648.000
2013-05-15,11.83,12.31,11.78,12.05,2557105,30850456.000
2013-05-16,12.00,12.15,11.50,11.92,2063401,24412512.000
2013-05-17,11.92,12.05,11.75,11.89,1182398,14133829.000
2013-05-20,11.80,12.15,11.61,12.00,2069468,24726912.000
2013-05-21,11.90,12.19,11.90,12.03,1567910,18826944.000
2013-05-22,11.98,12.30,11.90,12.06,1485518,18039222.000
2013-05-23,11.93,12.13,11.91,11.93,1564831,18801544.000
2013-05-24,11.85,12.05,11.80,12.05,909040,10863879.000
2013-05-27,11.98,12.58,11.98,12.50,2647873,32581836.000
2013-05-28,12.47,12.88,12.30,12.83,2569671,32443456.000
2013-05-29,12.57,13.33,12.57,13.26,2514478,33056396.000
2013-05-30,13.24,13.60,13.20,13.45,2137835,28722800.000
2013-05-31,13.44,13.66,13.11,13.64,2033171,27073112.000
2013-06-03,13.58,13.58,13.15,13.28,1780921,23659060.000
2013-06-04,13.10,13.37,12.68,13.00,1313516,17095790.000
2013-06-05,13.10,13.22,12.91,13.17,674727,8817971.000
2013-06-06,13.00,13.90,13.00,13.89,3123049,42245484.000
2013-06-07,13.80,14.10,13.60,13.72,2443640,33998808.000
2013-06-13,14.03,14.03,13.25,13.92,2514086,34649296.000
2013-06-14,13.70,14.00,13.55,13.82,1411804,19387360.000
2013-06-17,13.79,14.00,13.65,13.90,1561846,21636488.000
2013-06-18,13.92,14.28,13.70,14.22,1782250,24975570.000
2013-06-19,14.45,14.45,13.80,13.88,1202744,16829412.000
2013-06-20,13.80,13.94,13.25,13.29,1280836,17369132.000
2013-06-21,13.20,13.20,12.75,13.03,983222,12791382.000
2013-06-24,12.97,13.31,12.50,12.53,1381094,17843184.000
2013-06-25,12.30,12.55,11.28,12.12,2022237,24317236.000
2013-06-26,11.94,13.18,11.94,12.99,1114715,14190496.000
2013-06-27,12.80,13.79,12.80,12.99,1118841,14851450.000
2013-06-28,12.80,13.65,12.80,13.20,1046867,13853371.000
2013-07-01,13.20,13.38,12.80,13.03,899087,11624921.000
2013-07-02,13.02,13.21,12.85,13.13,700390,9158845.000
2013-07-03,13.13,13.45,12.85,13.39,1581746,20756736.000
2013-07-04,13.05,13.40,13.05,13.19,865571,11487884.000
2013-07-05,13.11,13.58,13.10,13.34,925929,12439805.000
2013-07-08,13.10,13.23,12.82,12.85,778517,10113143.000
2013-07-09,12.80,13.09,12.78,12.97,576650,7446604.000
2013-07-10,12.90,13.34,12.90,13.28,690486,9073563.000
2013-07-11,13.28,13.49,13.00,13.32,1424098,18869632.000
2013-07-12,13.33,13.61,13.08,13.53,1120632,15031339.000
数据来源:通达信
