600150 中国船舶 日线
      日期	    开盘	    最高	    最低	    收盘	    成交量	    成交额
2007-01-11,12.74,12.84,12.16,12.34,3573435,107435504.000
2007-01-12,12.34,12.39,11.78,11.91,3807026,111947776.000
2007-01-15,11.91,13.30,11.78,13.28,2480278,75119120.000
2007-01-16,13.37,13.51,12.84,13.41,2089335,65485944.000
2007-01-17,13.39,14.21,13.18,13.56,2326998,76172552.000
2007-01-18,13.62,13.99,12.45,13.79,1257007,39814284.000
2007-01-19,14.03,14.61,13.90,14.51,1474617,50051496.000
2007-01-23,15.58,16.16,15.58,16.16,3544547,133222392.000
2007-01-29,17.98,17.98,17.98,17.98,64798,2688469.000
2007-01-30,19.97,19.97,19.97,19.97,21986,1003441.000
2007-01-31,22.16,22.16,22.16,22.16,44334,2225567.000
2007-02-01,24.58,24.58,24.58,24.58,661303,36517152.000
2007-02-02,27.23,27.23,27.23,27.23,197158,11975377.000
2007-02-05,30.15,30.15,30.15,30.15,1676698,112020192.000
2007-02-06,30.72,33.31,26.94,31.64,9251494,614914560.000
2007-02-07,30.33,32.16,30.33,31.93,3061777,211705696.000
2007-02-08,31.97,35.32,31.96,34.47,2151459,163528144.000
2007-02-09,34.29,34.57,31.20,32.15,3121525,225026224.000
2007-02-12,31.25,34.08,31.20,33.76,1126177,80431944.000
2007-02-13,33.61,34.07,31.20,32.36,1636867,116810192.000
2007-02-14,32.16,34.06,31.44,34.05,1623327,117167056.000
2007-02-15,34.06,34.62,32.93,34.48,541125,40363840.000
2007-02-16,34.06,36.49,33.61,35.20,1003793,77510320.000
2007-02-26,35.05,35.05,32.65,32.89,699544,51207720.000
2007-02-27,32.74,32.91,29.40,29.40,1935849,133170320.000
2007-02-28,29.37,31.43,29.04,30.24,929822,62640488.000
2007-03-01,30.38,30.48,27.88,29.32,522000,34038744.000
2007-03-02,29.28,29.64,28.80,29.34,421988,27434996.000
2007-03-05,29.33,31.20,29.04,30.82,651689,44093788.000
2007-03-06,30.82,31.68,29.76,31.68,310854,21495176.000
2007-03-07,31.68,33.85,31.68,33.72,1242311,89464336.000
2007-03-08,33.61,34.76,32.65,34.04,1352087,101068496.000
2007-03-09,33.65,34.04,32.16,32.83,330817,23992064.000
2007-03-12,32.83,34.13,32.16,34.07,1002573,72917264.000
2007-03-13,34.07,34.09,32.72,33.39,615824,45342064.000
2007-03-14,32.89,33.36,31.63,31.86,1001012,71015568.000
2007-03-15,31.62,32.88,31.20,32.64,436604,31144094.000
2007-03-16,32.64,32.68,31.99,32.07,463401,33122420.000
2007-03-19,31.30,32.58,31.01,31.43,868250,60966216.000
2007-03-20,31.25,32.16,31.21,31.90,606085,42623580.000
2007-03-21,31.93,32.17,31.60,32.15,1346632,94350256.000
2007-03-22,32.16,32.30,31.68,32.16,437654,31001084.000
2007-03-23,32.16,32.40,30.62,30.68,1145063,80479384.000
2007-03-26,31.11,31.62,30.30,31.36,300485,20647648.000
2007-03-27,31.20,33.05,31.15,33.00,2074292,145466784.000
2007-03-28,36.43,36.43,33.00,35.12,1496398,114359904.000
2007-03-29,34.57,34.81,33.17,33.85,948685,70640720.000
2007-03-30,33.85,37.43,33.80,37.43,1316562,104565368.000
2007-04-02,38.37,38.75,36.73,36.97,400353,32889588.000
2007-04-03,36.97,40.87,36.97,40.87,1214131,107691880.000
2007-04-04,42.26,42.26,40.58,41.22,548443,49790432.000
2007-04-05,41.22,43.70,40.34,40.81,803968,72732536.000
2007-04-06,40.11,42.26,40.11,41.59,629509,56339220.000
2007-04-09,41.30,45.95,40.82,45.95,1172596,114147616.000
2007-04-10,47.02,47.02,43.12,45.61,2663554,255683536.000
2007-04-11,44.75,45.62,43.66,44.91,1959129,188015888.000
2007-04-12,44.91,47.31,44.90,45.59,1073817,106703544.000
2007-04-13,44.66,46.58,43.22,45.80,791146,77356144.000
2007-04-16,45.87,46.01,44.67,45.10,724312,70974920.000
2007-04-17,44.90,45.14,44.09,44.24,1266604,122332904.000
2007-04-20,44.71,46.10,43.64,44.35,1738399,168857792.000
2007-04-23,44.33,44.33,42.02,43.42,2304626,215221648.000
2007-04-24,43.65,43.65,42.26,42.50,1051499,97859296.000
2007-04-25,41.78,42.84,41.69,42.15,1115240,102958024.000
2007-04-26,42.02,45.57,42.02,44.13,648843,62031600.000
2007-04-27,44.24,44.79,42.26,42.77,810516,75933080.000
2007-04-30,42.77,43.22,41.87,42.38,561551,51870840.000
2007-05-08,42.26,45.38,42.17,44.67,1335039,127395776.000
2007-05-09,45.05,46.01,42.02,42.61,1286336,121827888.000
2007-05-10,42.26,42.74,40.82,41.32,1385880,124729104.000
2007-05-11,41.29,41.39,40.86,40.86,822731,73538392.000
2007-05-14,40.43,43.70,39.90,42.19,1468539,135693920.000
2007-05-15,42.32,42.35,40.43,40.79,617739,55263276.000
2007-05-16,41.33,42.30,40.43,41.87,915391,82838144.000
2007-05-17,41.68,44.28,41.39,43.05,740589,68988856.000
2007-05-18,42.60,44.04,42.36,42.59,678242,63453196.000
2007-05-21,40.92,42.36,40.86,42.32,706456,63856392.000
2007-05-22,42.37,42.54,41.39,41.42,847051,77049456.000
2007-05-23,41.39,42.50,41.39,42.45,579915,52983696.000
2007-05-24,42.45,42.45,40.87,40.91,1094005,98453320.000
2007-05-25,41.21,43.70,41.21,43.61,762065,70250864.000
2007-05-28,43.80,48.15,43.80,48.15,1554397,158320608.000
2007-05-29,48.15,53.16,48.15,51.79,1945310,215616112.000
2007-05-30,47.40,55.96,46.68,52.10,2366201,262134896.000
2007-05-31,52.45,55.82,49.09,53.91,1214974,138070272.000
2007-06-01,53.93,54.13,51.01,51.99,727478,82488992.000
2007-06-04,51.99,51.99,46.61,46.62,1223621,129692808.000
2007-06-05,44.76,51.01,44.28,51.01,1314055,132373424.000
2007-06-06,50.53,52.45,48.65,51.30,1739683,191734144.000
2007-06-07,51.39,52.69,50.05,51.49,1465836,162301712.000
2007-06-08,51.97,56.83,51.49,56.83,1383775,162563712.000
2007-06-11,58.24,59.66,54.86,56.28,2275027,277161568.000
2007-06-12,56.78,58.70,53.41,57.53,1047841,125544176.000
2007-06-13,56.78,58.22,56.30,57.31,580643,71143584.000
2007-06-14,56.85,59.36,55.82,58.23,507701,62725816.000
2007-06-15,57.74,64.24,55.82,64.24,969170,127747128.000
2007-06-18,64.47,65.38,63.03,63.99,1050982,144427200.000
2007-06-19,63.51,65.53,61.08,61.57,1716894,226599264.000
2007-06-20,60.62,64.24,60.62,64.06,907265,121329552.000
2007-06-22,69.28,69.52,61.11,64.46,748750,103497672.000
2007-06-25,64.46,66.87,60.62,61.44,1124628,154285328.000
2007-06-26,60.21,61.20,58.60,61.07,897889,115053576.000
2007-06-27,61.11,63.51,60.17,62.68,795228,105044936.000
2007-06-28,62.55,63.75,61.61,63.31,537726,72735592.000
2007-06-29,62.31,65.43,62.31,64.59,579782,79007136.000
2007-07-02,64.71,65.43,62.79,63.32,797127,108963616.000
2007-07-03,63.19,63.51,61.18,63.03,744720,99318216.000
2007-07-04,63.03,64.28,61.66,63.03,645482,87114488.000
2007-07-05,62.07,62.40,59.42,59.75,492440,64704220.000
2007-07-06,59.66,63.99,59.18,62.93,724889,96585344.000
2007-07-09,63.50,65.40,62.84,64.02,301057,41335600.000
2007-07-10,64.02,64.47,62.07,62.12,705013,95360256.000
2007-07-11,62.12,62.12,59.76,61.10,464104,60281688.000
2007-07-12,61.10,62.49,60.87,62.05,434110,57715940.000
2007-07-13,62.06,63.03,60.19,62.31,190832,25118124.000
2007-07-16,62.31,67.88,62.07,66.39,615035,86054200.000
2007-07-17,66.47,70.24,64.95,67.22,635393,92016424.000
2007-07-18,68.32,68.32,62.84,66.86,1061861,146845872.000
2007-07-19,65.91,66.06,63.51,64.49,254306,35145312.000
2007-07-20,64.37,64.94,63.03,64.74,934319,128266096.000
2007-07-23,64.04,67.84,64.04,66.39,1322169,185700240.000
2007-07-24,66.44,68.32,66.44,67.36,776738,111808576.000
2007-07-25,67.36,67.83,65.94,67.49,603725,86227560.000
2007-07-26,67.36,68.08,66.54,67.17,892414,128383120.000
2007-07-30,67.84,72.64,67.60,70.89,1130840,169923168.000
2007-07-31,70.82,74.33,70.72,73.24,520151,80776224.000
2007-08-01,73.26,74.56,70.73,72.59,474592,73093016.000
2007-08-02,72.16,80.04,72.16,80.04,729764,119623088.000
2007-08-03,81.54,88.23,81.30,87.58,987276,181586512.000
2007-08-06,89.47,94.52,88.27,90.38,1031494,198839456.000
2007-08-07,91.39,93.32,87.07,89.92,613767,118061448.000
2007-08-08,88.08,90.42,86.59,88.45,850084,158820992.000
2007-08-09,88.41,93.80,87.55,91.59,548364,106044304.000
2007-08-10,92.36,92.36,88.56,90.12,607734,115913472.000
2007-08-13,90.14,91.87,89.95,90.04,688485,132209960.000
2007-08-14,90.09,90.43,88.51,90.39,307955,58395248.000
2007-08-15,91.39,91.39,86.59,88.31,829576,155840512.000
2007-08-16,87.55,87.55,83.70,85.05,1217140,221837616.000
2007-08-17,84.66,86.59,82.98,83.85,530732,95085616.000
2007-08-20,83.64,86.65,83.64,85.86,649296,118082136.000
2007-08-21,86.83,89.77,85.87,88.97,496274,93579128.000
2007-08-22,88.66,89.66,84.75,88.27,566674,106825632.000
2007-08-23,88.40,88.79,85.14,88.27,761378,140587088.000
2007-08-24,87.56,91.10,87.55,89.70,1389092,264649088.000
2007-08-27,90.19,90.19,87.07,88.03,574005,107653632.000
2007-08-28,87.55,88.32,86.11,86.54,704873,129606312.000
2007-08-29,84.82,86.38,83.94,84.12,996896,179251328.000
2007-08-30,83.63,86.83,83.63,86.17,484861,88765976.000
2007-08-31,86.17,89.95,84.33,87.98,391457,72877880.000
2007-09-03,87.07,96.97,86.59,96.97,2753846,550723712.000
2007-09-04,97.64,104.96,93.56,102.95,2108465,440082240.000
2007-09-05,102.95,107.50,99.09,105.66,965990,213584880.000
2007-09-06,105.66,115.86,103.89,112.06,1053294,250676208.000
2007-09-07,108.75,113.02,108.75,109.55,1328108,308422176.000
2007-09-10,109.18,109.18,101.01,109.12,641164,144203040.000
2007-09-11,107.74,109.12,99.57,100.43,1395710,311752576.000
2007-09-12,99.56,104.86,97.69,101.60,1285176,273507744.000
2007-09-13,101.73,111.95,99.57,110.14,867415,196635904.000
2007-09-14,108.70,112.55,106.78,108.08,412856,95826360.000
2007-09-17,108.08,111.11,106.30,107.00,234596,53499100.000
2007-09-18,107.26,108.70,103.32,105.34,1167215,257815520.000
2007-09-19,103.41,105.34,102.93,103.41,235594,51569992.000
2007-09-20,104.37,109.66,101.03,107.26,803710,175142720.000
2007-09-21,107.20,108.64,105.15,107.26,1032575,233741072.000
2007-09-24,106.30,118.17,102.45,118.17,1027931,241358960.000
2007-09-25,118.37,121.20,112.55,117.72,1376231,341602496.000
2007-09-26,116.39,123.16,113.99,122.20,495378,126829072.000
2007-09-27,122.67,133.70,122.64,132.37,1044419,288894144.000
2007-09-28,134.66,134.66,128.41,129.85,2102408,574814016.000
2007-10-08,129.85,132.21,128.41,128.57,966313,266713904.000
2007-10-09,127.93,128.57,124.04,126.30,1249996,329507200.000
2007-10-10,124.09,138.51,124.09,136.01,1162526,326443040.000
2007-10-11,135.62,142.36,132.02,139.55,1814018,533034944.000
2007-10-12,138.94,138.94,128.42,136.52,597566,170005584.000
2007-10-15,136.52,137.50,127.16,127.45,2044052,555847296.000
2007-10-16,129.08,130.82,123.03,123.12,2093727,549628096.000
2007-10-17,124.57,128.41,121.62,123.05,1526060,399844864.000
2007-10-18,123.12,123.12,116.20,116.24,955272,238887520.000
2007-10-19,116.23,120.96,113.60,120.76,802779,199828336.000
2007-10-22,120.72,125.53,116.87,122.16,946272,245881648.000
2007-10-23,123.12,124.47,118.26,123.59,858979,220227072.000
2007-10-24,124.33,127.93,121.98,126.66,1125668,298091424.000
2007-10-25,126.66,126.66,118.32,119.05,1449905,375122304.000
2007-10-26,117.60,117.60,108.71,114.02,521959,124680976.000
2007-10-30,121.20,125.29,115.24,119.26,764263,195075344.000
2007-10-31,124.99,124.99,120.72,122.18,483278,125136272.000
2007-11-01,122.17,122.18,117.39,118.18,317590,79685584.000
2007-11-02,117.07,117.07,111.59,113.13,539650,129064768.000
2007-11-05,112.55,116.39,108.71,114.47,298854,72046432.000
2007-11-06,115.43,115.43,108.79,109.36,355708,83532128.000
2007-11-07,109.36,112.55,108.70,111.79,221577,51909960.000
2007-11-08,112.79,115.26,109.42,113.04,445000,106353456.000
2007-11-09,113.51,115.91,109.66,111.01,455987,109794320.000
2007-11-12,107.74,110.62,99.73,99.74,1397157,299472992.000
2007-11-13,99.74,105.01,99.09,102.01,687730,148177456.000
2007-11-14,102.45,106.71,99.57,104.37,1016284,221525472.000
2007-11-15,104.61,104.61,100.38,101.49,676896,146632944.000
2007-11-16,101.06,101.06,95.62,98.40,1735378,357167360.000
2007-11-19,99.09,99.09,94.13,97.36,1282142,258014448.000
2007-11-20,96.20,98.41,94.33,97.34,832921,170532896.000
2007-11-21,97.65,98.61,94.76,95.82,845025,173405072.000
2007-11-22,94.23,94.46,89.95,90.88,1020652,200651840.000
2007-11-23,89.51,97.15,89.47,94.47,1122326,218946720.000
2007-11-26,96.68,96.68,92.11,92.25,863798,173041184.000
2007-11-27,90.44,93.51,89.51,92.89,1343526,259176688.000
2007-11-28,92.84,94.28,90.43,91.77,363550,71579160.000
2007-11-29,95.23,98.41,92.36,97.16,1287626,259949232.000
2007-11-30,96.68,101.01,96.06,97.77,493028,103007728.000
2007-12-03,97.88,97.88,94.54,95.59,488524,99235280.000
2007-12-04,95.62,97.88,94.61,96.29,468211,95989128.000
2007-12-05,96.49,99.13,94.76,97.76,729903,150410944.000
2007-12-06,98.59,101.97,98.03,100.53,647124,137840192.000
2007-12-07,99.81,101.39,99.08,99.75,599449,127168896.000
2007-12-10,98.13,104.52,98.13,103.66,998618,217897648.000
2007-12-11,103.89,114.13,103.89,113.08,762976,177705696.000
2007-12-12,113.80,114.73,109.18,113.24,592026,139826944.000
2007-12-13,112.50,115.38,110.14,110.71,736690,176694256.000
2007-12-14,110.67,110.67,106.34,109.10,553919,126533568.000
2007-12-17,109.10,112.40,108.12,109.85,537235,125202272.000
2007-12-18,109.89,111.61,101.69,107.79,470757,106266800.000
2007-12-19,108.22,108.69,102.45,106.31,870950,192085776.000
2007-12-20,106.17,110.62,102.93,109.69,613171,139946864.000
2007-12-21,107.63,110.65,107.63,109.34,471852,109343568.000
2007-12-24,111.11,113.99,108.70,112.11,1240306,293299008.000
2007-12-25,111.59,116.23,110.67,115.41,918482,221448656.000
2007-12-26,115.67,117.49,115.43,117.36,595738,146742880.000
2007-12-27,117.69,118.80,115.19,117.84,918660,226884080.000
2007-12-28,117.60,118.77,116.39,118.19,703962,175754624.000
2008-01-02,118.32,123.12,118.32,122.34,633082,163296336.000
2008-01-03,122.64,127.04,122.64,123.88,1067973,283755552.000
2008-01-04,124.57,129.37,124.57,128.64,1128388,305744576.000
2008-01-07,129.13,138.99,129.13,138.33,1636265,463287232.000
2008-01-08,140.90,140.90,130.34,131.60,1705638,479626592.000
2008-01-09,131.30,135.62,127.93,135.55,818117,227398032.000
2008-01-10,135.10,136.01,131.35,133.23,874413,245112368.000
2008-01-11,133.23,135.38,129.38,130.59,452415,125420464.000
2008-01-14,131.54,133.69,128.47,132.02,747678,205614944.000
2008-01-15,130.34,132.26,126.97,127.89,1019744,276077120.000
2008-01-16,127.83,127.83,119.28,119.95,1521664,390512384.000
2008-01-17,119.52,120.71,111.25,116.48,1375447,332876928.000
2008-01-18,116.14,120.72,113.51,118.78,1057470,262288608.000
2008-01-21,120.00,120.19,111.11,112.91,703132,173499760.000
2008-01-22,108.70,110.62,101.43,101.97,1316949,292587840.000
2008-01-23,102.69,109.51,99.09,107.33,1795150,395658624.000
2008-01-24,108.22,111.11,103.89,107.08,1366999,314015712.000
2008-01-25,106.06,107.07,102.93,105.17,1249716,277581728.000
2008-01-28,103.89,103.89,94.47,97.36,1204660,250733728.000
2008-01-29,99.09,101.73,96.92,101.38,846368,179059888.000
2008-01-31,106.78,109.66,100.05,102.37,991313,214558080.000
2008-02-01,102.93,103.41,95.69,101.33,1296791,270414816.000
2008-02-04,102.45,108.66,102.45,108.17,1396140,313284672.000
2008-02-05,106.30,108.14,104.61,106.23,543012,122206456.000
2008-02-13,104.86,105.06,101.49,103.03,258623,56883264.000
2008-02-14,104.41,104.61,102.45,102.66,312407,68302856.000
2008-02-15,102.93,102.93,97.16,101.47,663553,139468576.000
2008-02-18,101.97,102.93,99.81,102.79,795076,170359952.000
2008-02-19,101.49,102.45,100.05,100.78,1156533,246795536.000
2008-02-20,101.49,102.93,97.41,97.87,1007376,212972960.000
2008-02-21,96.73,98.36,95.77,96.17,858403,175504480.000
2008-02-22,95.66,95.66,90.34,92.35,1249711,244304224.000
2008-02-25,92.36,93.32,82.93,82.93,1470973,268360080.000
2008-02-26,82.26,85.74,74.45,80.40,3755581,618745792.000
2008-02-27,78.89,86.18,76.97,85.57,3369662,593979968.000
2008-02-28,86.11,86.11,82.26,84.11,1559193,279964512.000
2008-02-29,83.70,87.06,81.73,86.04,1564429,279716128.000
2008-03-03,84.66,91.15,83.70,90.64,1397620,264668336.000
2008-03-04,90.65,94.25,88.51,90.44,1496987,290647744.000
2008-03-05,89.47,90.43,83.22,84.58,2167210,391605632.000
2008-03-06,84.52,85.86,80.82,83.63,1718717,303757280.000
2008-03-07,82.74,82.74,78.89,79.53,1326488,226691488.000
2008-03-10,79.37,81.28,76.01,80.66,1080456,177609184.000
2008-03-11,80.34,80.34,76.97,78.38,942596,156593456.000
2008-03-12,79.86,80.81,74.81,76.11,1091158,179476688.000
2008-03-13,74.57,74.57,71.68,72.88,1212075,188315504.000
2008-03-14,72.92,72.92,69.24,70.47,1227917,184811312.000
2008-03-17,70.43,70.43,65.37,65.96,1528267,218286640.000
2008-03-18,64.47,64.47,59.17,59.68,2800668,360750016.000
2008-03-19,61.59,62.11,59.66,60.65,2804308,367394400.000
2008-03-20,60.14,63.02,54.69,61.61,2716744,340550976.000
2008-03-21,60.58,63.89,58.76,62.10,1756160,233216000.000
2008-03-24,63.03,63.50,57.40,57.83,1993812,257430496.000
2008-03-25,55.81,57.64,54.71,56.11,2132476,255493392.000
2008-03-26,56.30,58.12,54.86,55.40,1636659,197735648.000
2008-03-27,54.85,58.16,51.54,55.66,2892998,341690784.000
2008-03-28,54.83,58.51,53.41,58.37,3084861,374684384.000
2008-03-31,56.68,58.19,55.34,56.57,1941633,237282528.000
2008-04-01,56.06,58.64,55.10,55.44,2505460,305703456.000
2008-04-02,56.54,58.41,52.93,57.26,3082341,374983808.000
2008-04-03,56.30,62.07,55.82,61.55,3392274,427739424.000
2008-04-07,61.04,66.63,60.14,65.26,4492011,613432000.000
2008-04-08,64.47,65.91,63.03,64.69,3756586,517137120.000
2008-04-09,63.79,63.94,58.03,58.03,3784052,493061184.000
2008-04-10,55.45,57.36,53.54,56.73,4252470,508057280.000
2008-04-11,57.07,58.46,56.06,56.69,2589546,317666112.000
2008-04-14,54.86,54.90,50.83,50.85,4952929,555839616.000
2008-04-15,50.05,50.92,47.26,50.91,3795099,399574656.000
2008-04-16,50.91,50.91,47.88,48.02,2009691,212080000.000
2008-04-17,48.17,49.57,44.28,44.74,4303623,429045728.000
2008-04-18,44.66,44.70,41.78,43.54,3085681,288932896.000
2008-04-21,47.91,47.91,43.32,44.87,4220557,417373056.000
2008-04-22,43.08,43.80,40.82,42.40,2928359,266028416.000
2008-04-23,42.34,46.43,41.44,46.24,4424195,426174080.000
2008-04-24,51.05,51.05,49.73,51.05,6952899,764188352.000
2008-04-28,53.89,55.57,52.64,53.46,10513627,1223657728.000
2008-04-29,52.88,55.02,51.08,54.85,4075406,475264576.000
2008-04-30,54.86,60.14,54.86,60.10,5021933,626761216.000
2008-05-05,62.07,65.19,62.07,63.63,6674110,903850240.000
2008-05-06,62.96,63.61,60.28,61.06,4849647,643622464.000
2008-05-07,60.62,60.99,56.43,56.54,4634794,584586752.000
2008-05-08,55.57,60.14,54.90,59.93,3844657,481399968.000
2008-05-09,61.11,61.49,57.26,58.58,3862896,487838048.000
2008-05-12,56.30,58.80,56.06,57.72,3222305,396303008.000
2008-05-13,55.82,57.36,55.00,55.35,3474459,418339264.000
2008-05-14,54.68,57.50,54.68,57.38,2310416,282664608.000
2008-05-15,58.27,60.05,57.36,57.41,2557567,321980352.000
2008-05-16,57.26,58.70,56.85,58.03,1554788,192796608.000
2008-05-19,58.03,59.12,57.70,58.48,1683688,210589136.000
2008-05-20,58.46,58.93,54.65,55.12,2984915,361684768.000
2008-05-21,53.89,55.82,52.45,55.24,2805888,323591168.000
2008-05-22,54.29,54.29,52.77,52.78,1974335,226346096.000
2008-05-23,52.31,53.17,49.57,49.67,2708039,295710048.000
2008-05-26,48.61,48.89,45.72,45.90,3925730,395239808.000
2008-05-27,45.72,47.63,43.80,47.19,4130185,402450560.000
2008-05-28,47.16,48.37,46.25,48.03,3751858,384719936.000
2008-05-29,47.82,47.82,45.73,46.00,2767233,279019104.000
2008-05-30,45.96,47.15,45.69,47.12,2489207,250157888.000
2008-06-02,46.68,47.39,45.96,46.70,1642627,165562544.000
2008-06-03,46.68,46.68,45.24,45.34,1374041,134442288.000
2008-06-04,45.34,46.43,45.18,45.97,1058472,103907816.000
2008-06-05,45.71,46.35,45.26,45.84,923886,91010944.000
2008-06-06,45.84,46.10,45.05,45.37,946962,92214568.000
2008-06-10,42.60,42.60,40.69,40.69,2615663,233219136.000
2008-06-11,39.52,40.67,38.89,39.35,1905354,162361056.000
2008-06-12,39.23,39.47,37.01,37.96,2349109,192618912.000
2008-06-13,37.96,38.45,37.02,37.02,1408362,113589704.000
2008-06-16,37.17,37.69,35.62,35.85,1607056,126400456.000
2008-06-17,35.87,36.39,32.98,33.87,1943163,146138512.000
2008-06-18,33.47,37.40,32.69,37.40,4252115,328612160.000
2008-06-19,37.79,37.79,33.63,33.86,3813155,293072480.000
2008-06-20,34.09,36.83,32.50,34.86,3441073,262144144.000
2008-06-23,33.99,35.22,33.70,33.89,1907095,141756304.000
2008-06-24,33.67,34.90,33.46,34.59,2160906,160582416.000
2008-06-25,34.52,37.39,34.47,36.98,3795595,295410048.000
2008-06-26,36.87,37.75,35.86,37.51,4033164,320185856.000
2008-06-27,35.62,35.99,33.75,34.70,3625734,274195328.000
2008-06-30,34.18,35.45,33.89,34.94,1675639,125789896.000
2008-07-01,35.19,35.20,33.94,34.18,1119190,83263248.000
2008-07-02,34.45,34.65,33.75,34.01,1562655,115634104.000
2008-07-03,33.60,35.38,31.30,34.78,4072445,296114912.000
2008-07-04,34.33,34.51,33.22,33.58,2117910,155253120.000
2008-07-07,33.61,36.49,33.61,36.38,4296406,328756256.000
2008-07-08,36.44,37.71,35.94,36.77,4060036,323760096.000
2008-07-09,37.07,38.50,36.77,38.15,3866400,316279584.000
2008-07-10,37.54,42.11,37.11,41.06,8765616,769037760.000
2008-07-11,41.14,41.18,38.94,40.13,4835201,414708000.000
2008-07-14,39.33,41.14,39.33,40.24,2068146,178833216.000
2008-07-15,40.07,40.84,37.11,37.52,4438307,368290336.000
2008-07-16,37.06,37.07,35.59,36.20,3228480,251986128.000
2008-07-17,36.87,37.60,35.72,35.92,2406143,190891280.000
2008-07-18,36.05,37.59,35.93,37.32,2662285,210817168.000
2008-07-21,37.49,38.87,36.35,38.31,3880778,316823456.000
2008-07-22,38.26,39.81,37.79,38.47,3108966,258908464.000
2008-07-23,38.56,39.54,37.84,37.91,3804874,319145248.000
2008-07-24,37.99,38.89,37.88,38.67,3893294,322671840.000
2008-07-29,37.96,37.98,36.21,36.57,2736156,217038432.000
2008-07-30,36.83,37.79,36.54,36.80,1374624,110168088.000
2008-07-31,37.07,37.18,35.49,35.64,1302888,101134160.000
2008-08-01,35.38,36.06,34.19,35.57,1332044,101166880.000
2008-08-04,35.53,35.53,34.41,34.49,1028047,77485344.000
2008-08-05,34.18,35.23,33.80,33.91,1210018,90144784.000
2008-08-06,34.28,34.59,33.47,34.00,1046690,77063200.000
2008-08-07,35.14,36.59,34.75,35.66,2750968,211391376.000
2008-08-08,35.61,35.61,33.24,33.65,1635557,121157976.000
2008-08-11,33.70,33.95,31.19,31.31,2141668,150079984.000
2008-08-12,31.30,31.68,30.38,30.85,1276619,85816528.000
2008-08-13,30.57,30.61,28.99,30.34,1413091,92091632.000
2008-08-14,29.90,30.49,29.38,30.05,925357,60471072.000
2008-08-15,29.75,30.48,29.57,29.84,1006183,65741308.000
2008-08-18,29.98,30.16,27.74,27.87,1594752,101162032.000
2008-08-19,27.37,28.65,27.02,28.58,1293143,78708320.000
2008-08-20,28.02,31.25,27.69,31.24,2828689,186602224.000
2008-08-21,30.35,30.99,29.69,29.94,2019890,132927448.000
2008-08-22,29.61,29.62,27.45,28.23,2506133,154077200.000
2008-08-25,28.17,28.41,27.35,27.77,1144956,69619408.000
2008-08-26,27.26,27.40,25.62,26.01,2006256,116172728.000
2008-08-27,25.86,26.49,25.05,25.63,1201831,67940344.000
2008-08-28,25.63,26.12,25.48,25.62,1179232,66530024.000
2008-08-29,25.79,26.80,25.46,26.46,2143943,122971216.000
2008-09-01,26.22,26.22,25.23,25.36,1023066,57458664.000
2008-09-02,25.14,25.34,24.56,24.64,1076804,58715428.000
2008-09-03,24.62,25.76,24.37,24.88,1962419,107312048.000
2008-09-04,24.65,24.88,24.09,24.40,1199249,64311548.000
2008-09-05,23.56,23.56,22.81,22.84,1855493,94707720.000
2008-09-08,22.84,23.07,21.23,21.37,1810437,87632312.000
2008-09-09,21.44,21.68,20.77,21.31,1494389,70080272.000
2008-09-10,20.94,21.59,20.29,21.16,1945040,90912920.000
2008-09-11,21.11,21.20,20.10,20.25,1933094,88037640.000
2008-09-12,20.22,20.54,20.00,20.08,1190180,53594904.000
2008-09-16,19.99,20.22,19.33,19.54,2072728,90672704.000
2008-09-17,19.28,19.71,19.07,19.28,2090535,90301272.000
2008-09-18,18.80,19.23,17.94,18.94,2431577,102036520.000
2008-09-19,20.98,20.98,20.86,20.98,5828929,271189856.000
2008-09-22,23.21,23.21,21.56,23.04,9528054,477511936.000
2008-09-23,21.99,22.84,21.87,21.95,5221112,256330864.000
2008-09-24,21.38,21.73,20.86,21.20,3258573,153599344.000
2008-09-25,21.44,23.46,21.35,23.46,8927377,452144736.000
2008-09-26,23.70,25.33,23.70,25.03,5777360,313218816.000
2008-10-06,23.99,23.99,22.64,22.80,4383592,223648448.000
2008-10-07,21.25,22.39,21.23,21.86,2642465,126762520.000
2008-10-08,21.17,21.58,19.70,20.06,3052136,139639952.000
2008-10-09,20.42,20.54,19.76,19.78,2356360,105857872.000
2008-10-10,18.65,18.68,17.87,17.98,3228375,131659168.000
2008-10-13,17.91,18.80,16.64,18.74,3575742,139204048.000
2008-10-14,19.76,19.76,17.47,17.51,4405480,184793648.000
2008-10-15,17.01,17.28,16.66,17.20,3064249,116275000.000
2008-10-16,16.49,16.51,15.34,15.40,4955593,178509664.000
2008-10-17,15.49,16.48,15.36,16.04,2653690,95157608.000
2008-10-20,15.67,16.47,15.34,16.24,2768210,99973048.000
2008-10-21,16.47,16.91,16.25,16.27,3001733,112023616.000
2008-10-22,15.86,16.37,15.67,15.72,1763068,63430920.000
2008-10-23,15.37,15.75,14.95,15.67,2082003,72507832.000
2008-10-24,15.49,16.08,15.49,15.70,2314531,83023496.000
2008-10-27,15.10,15.24,13.99,13.99,3049813,101226736.000
2008-10-28,13.31,14.45,13.31,14.36,3439861,109744824.000
2008-10-29,14.76,15.82,14.76,14.85,5365068,185949952.000
2008-10-30,14.95,15.89,14.08,15.37,4899514,168944464.000
2008-10-31,15.19,15.28,14.78,14.94,2337069,79821576.000
2008-11-03,14.52,15.51,14.52,15.09,1870110,64459520.000
2008-11-04,15.00,15.62,14.76,15.17,2756189,95217768.000
2008-11-05,15.38,16.15,15.34,15.89,4354915,155546240.000
2008-11-06,15.42,15.42,14.96,15.06,2581057,88832504.000
2008-11-07,14.76,15.44,14.62,15.34,1906829,65501420.000
2008-11-10,15.72,16.87,15.72,16.86,5920331,218861712.000
2008-11-11,16.68,16.94,16.26,16.31,4987748,186319072.000
2008-11-12,16.06,16.59,15.92,16.42,3079911,112976392.000
2008-11-13,16.10,17.40,15.91,17.11,6132747,231813888.000
2008-11-14,17.52,18.95,17.36,18.86,8464831,342999488.000
2008-11-17,18.80,18.94,18.17,18.86,7312868,303912224.000
2008-11-18,18.41,18.85,16.84,16.84,7787770,309363776.000
2008-11-19,16.83,17.99,16.30,17.91,6504013,250625952.000
2008-11-20,17.11,17.83,16.91,17.23,5527545,215084976.000
2008-11-21,16.65,17.47,16.02,16.87,5546011,207905696.000
2008-11-24,16.92,17.24,16.22,16.27,3985364,150370112.000
2008-11-25,16.62,16.85,16.30,16.59,2614648,97256896.000
2008-11-26,16.61,16.93,16.34,16.78,2498971,94176416.000
2008-11-27,18.26,18.26,16.98,17.06,5072563,201585072.000
2008-11-28,16.97,16.97,16.35,16.47,2805278,105217608.000
2008-12-01,16.46,17.24,16.23,17.07,3802715,143849104.000
2008-12-02,16.50,17.16,16.42,16.85,3014575,114174448.000
2008-12-03,17.11,18.58,17.01,18.53,8700194,352447360.000
2008-12-04,18.85,20.02,18.73,18.77,10765483,465240032.000
2008-12-05,18.71,19.37,18.32,19.24,5960476,251696560.000
2008-12-08,19.52,20.86,19.52,20.50,7937388,357730400.000
2008-12-09,20.71,20.71,19.48,19.70,6681039,296879744.000
2008-12-10,19.50,20.16,19.38,20.05,4407988,194375440.000
2008-12-11,20.05,20.16,19.19,19.21,4300893,188628496.000
2008-12-12,18.65,19.01,17.96,18.11,4861535,199764960.000
2008-12-15,18.63,18.98,18.27,18.61,3452480,143688096.000
2008-12-16,18.41,18.89,17.97,18.87,2620454,107942480.000
2008-12-17,19.05,20.00,19.05,19.49,4887385,212894144.000
2008-12-18,19.51,19.51,18.74,19.36,3353670,143327168.000
2008-12-19,19.28,19.81,19.09,19.48,3154760,137799904.000
2008-12-22,19.43,19.90,19.37,19.76,3311505,145262688.000
2008-12-23,19.94,19.94,18.22,18.24,4539748,190943520.000
2008-12-24,18.00,18.40,17.84,17.94,2646567,107010336.000
2008-12-25,17.86,18.50,17.86,18.22,2014631,81940232.000
2008-12-26,18.08,18.36,17.93,18.28,1427706,58096432.000
2008-12-29,17.98,18.12,17.54,17.98,2385094,94858272.000
2008-12-30,17.91,18.07,17.07,17.24,3567530,140345488.000
2008-12-31,17.25,17.35,16.59,16.99,4164554,157428032.000
2009-01-05,17.24,17.64,17.11,17.62,2899219,113471416.000
2009-01-06,17.50,18.44,17.36,18.41,4321270,175372896.000
2009-01-07,18.51,18.75,18.12,18.35,3973678,164143984.000
2009-01-08,17.84,18.07,17.46,17.56,2826147,112480784.000
2009-01-09,17.50,18.24,17.50,18.12,2125067,85381288.000
2009-01-12,17.94,18.68,17.83,18.36,2741353,112584120.000
2009-01-13,17.96,18.08,17.79,17.84,2056307,82529088.000
2009-01-14,17.84,18.68,17.84,18.61,2816792,115743840.000
2009-01-15,18.32,19.76,18.23,19.18,7192088,309532384.000
2009-01-16,19.52,20.66,19.52,20.10,8403246,378284768.000
2009-01-19,20.23,20.38,19.52,20.14,6636826,294825152.000
2009-01-20,19.93,20.07,19.49,19.88,3577433,157446240.000
2009-01-21,19.49,20.62,19.37,20.55,4790189,214063088.000
2009-01-22,20.53,20.88,20.26,20.61,4921461,224982144.000
2009-01-23,20.60,20.70,20.00,20.07,3161313,142666864.000
2009-02-02,20.17,20.90,20.12,20.87,4646820,211745728.000
2009-02-03,20.96,22.64,20.96,22.43,8082078,392868128.000
2009-02-04,22.81,23.58,22.04,22.49,8899337,445983296.000
2009-02-05,22.43,22.55,21.68,21.80,6730015,329162304.000
2009-02-06,21.82,22.64,21.82,22.63,5953426,294178784.000
2009-02-09,23.08,24.99,23.05,24.30,8783668,465753632.000
2009-02-10,24.28,24.86,23.74,24.45,5754805,306494432.000
2009-02-11,23.99,24.79,23.85,24.16,7302809,389032736.000
2009-02-12,26.49,26.72,25.96,26.72,22093620,1286693376.000
2009-02-13,27.63,27.63,25.68,26.55,16513492,958701632.000
2009-02-16,26.59,26.59,25.43,25.98,12445011,706326848.000
2009-02-17,25.98,25.98,24.81,24.90,8365575,463487776.000
2009-02-18,24.42,24.78,23.32,23.36,8064120,428104320.000
2009-02-19,23.41,23.99,23.03,23.50,6401911,331371104.000
2009-02-20,23.50,24.32,23.04,24.14,5758574,299797696.000
2009-02-23,23.89,24.56,23.46,24.43,5379600,285797376.000
2009-02-24,24.09,24.33,22.83,22.84,7768108,402039104.000
2009-02-25,23.12,23.36,22.16,22.64,5488396,275082880.000
2009-02-26,22.84,23.03,20.90,21.43,5171276,254498864.000
2009-02-27,21.25,21.25,20.09,20.34,6154234,280356416.000
2009-03-02,20.14,20.95,19.98,20.82,3845542,175899360.000
2009-03-03,20.14,20.82,20.00,20.62,3550049,161592480.000
2009-03-04,20.74,22.43,20.74,22.25,6284670,303118272.000
2009-03-05,22.74,22.88,21.98,22.38,6055296,301156160.000
2009-03-06,21.69,22.04,21.61,21.83,3569022,172511920.000
2009-03-09,22.17,22.79,21.56,21.69,4624301,227576768.000
2009-03-10,21.70,22.88,21.68,22.71,6489589,322415168.000
2009-03-11,22.96,22.97,22.45,22.56,5383045,269022144.000
2009-03-12,22.28,22.35,21.53,21.95,3033273,146884912.000
2009-03-13,22.02,22.38,21.83,21.90,2311198,112956648.000
2009-03-16,21.85,22.21,21.30,22.17,2552171,122595792.000
2009-03-17,22.04,22.75,21.83,22.65,4141788,206193632.000
2009-03-18,22.87,23.21,22.64,22.65,4724080,238944256.000
2009-03-19,22.65,23.56,22.65,23.49,6121677,314020480.000
2009-03-20,23.60,23.74,22.80,23.16,5942530,303260320.000
2009-03-23,23.29,25.61,23.29,25.61,12442232,691667712.000
2009-03-24,26.87,26.92,25.68,26.03,21281229,1226930048.000
2009-03-25,25.47,25.91,24.57,24.60,9445489,522264768.000
2009-03-26,24.97,25.70,24.83,25.67,8625677,479676576.000
2009-03-27,25.96,27.21,25.76,26.39,10430604,603816064.000
2009-03-30,26.49,26.64,25.65,26.13,5788393,331522976.000
2009-03-31,25.51,25.77,24.88,25.64,9518773,528747104.000
2009-04-01,26.01,27.15,25.94,27.04,12872516,751702080.000
2009-04-02,27.22,29.62,27.21,28.83,14817301,928837632.000
2009-04-03,28.84,29.36,28.37,28.70,8930283,563377728.000
2009-04-07,28.71,30.14,28.71,29.28,7885774,507226752.000
2009-04-08,29.29,32.24,29.29,30.64,13060159,874407168.000
2009-04-09,30.28,31.59,29.13,30.25,9818353,646552960.000
2009-04-10,30.34,30.73,29.52,30.49,9987283,654862080.000
2009-04-13,30.49,31.80,30.49,31.53,9952311,675660928.000
2009-04-14,31.55,31.80,30.82,31.53,7959839,542265216.000
2009-04-15,31.21,31.30,30.11,30.83,7893986,526005088.000
2009-04-16,31.20,33.94,31.20,32.73,11939910,847606400.000
2009-04-17,32.74,32.86,31.06,31.78,7303085,505622688.000
2009-04-20,32.36,33.32,32.11,33.05,7036784,501098816.000
2009-04-21,32.33,33.22,32.02,32.50,5764894,406980736.000
2009-04-22,32.98,33.08,30.25,30.44,10384713,709092992.000
2009-04-23,30.23,30.42,29.23,30.10,5464702,354535360.000
2009-04-24,30.10,31.06,29.86,29.97,5702446,378845824.000
2009-04-27,28.41,29.61,27.64,27.78,8100805,500956416.000
2009-04-28,27.45,28.21,27.22,27.69,4258329,257447760.000
2009-04-29,27.67,28.81,27.46,28.41,5738817,354083456.000
2009-04-30,28.71,28.89,28.36,28.58,4338025,270673248.000
2009-05-04,28.89,29.76,28.83,29.57,5129804,328286848.000
2009-05-05,29.86,30.20,29.61,29.76,4214347,273784352.000
2009-05-06,29.76,30.07,29.37,29.86,4559779,294611552.000
2009-05-07,29.90,30.10,28.89,29.26,4898689,313889024.000
2009-05-08,29.17,29.17,28.36,28.73,5111648,319567616.000
2009-05-11,28.75,28.93,27.88,27.90,5675162,350027296.000
2009-05-12,27.67,28.12,27.45,28.05,5722684,347325056.000
2009-05-13,28.08,28.52,28.08,28.37,5074228,313597472.000
2009-05-14,28.33,28.33,27.68,28.00,3650772,222578240.000
2009-05-18,28.02,28.08,27.21,28.00,3225121,194967536.000
2009-05-19,28.32,29.36,28.18,29.10,6968648,439633888.000
2009-05-20,28.49,29.36,28.49,28.65,3390432,213513472.000
2009-05-21,28.64,28.64,27.78,27.85,4247032,259985312.000
2009-05-22,27.60,28.40,27.46,28.09,2154347,131790600.000
2009-05-25,27.50,28.27,27.43,28.16,2679734,162633664.000
2009-05-26,28.22,28.60,28.02,28.04,3072099,189899648.000
2009-05-27,28.22,28.38,27.74,28.18,2238493,137256368.000
2009-06-01,28.49,29.21,28.49,29.00,5429633,341908160.000
2009-06-02,29.23,30.52,29.23,30.24,10089968,659024192.000
2009-06-03,30.17,30.62,29.61,30.36,6083780,400080000.000
2009-06-04,30.29,30.29,28.99,29.39,6626842,426556768.000
2009-06-05,30.43,31.44,30.01,30.10,9360929,624108224.000
2009-06-08,30.34,30.62,29.36,29.49,4310427,279106720.000
2009-06-09,29.49,29.96,28.85,29.73,4099332,262138304.000
2009-06-10,30.33,30.81,30.02,30.11,5598791,369091424.000
2009-06-11,30.16,30.19,29.33,29.43,3244244,209146368.000
2009-06-12,29.76,29.78,29.11,29.19,3074915,197176336.000
2009-06-15,29.13,29.37,28.87,29.20,4096865,259303440.000
2009-06-16,29.11,29.25,28.89,29.12,2254793,142909776.000
2009-06-17,29.16,29.88,29.15,29.86,4834234,310946624.000
2009-06-18,30.36,30.36,29.45,29.67,4373622,279135712.000
2009-06-19,29.78,29.86,29.19,29.76,5000889,315528192.000
2009-06-22,30.10,30.19,29.59,29.85,4154971,266319952.000
2009-06-23,29.37,29.49,29.13,29.23,3730802,234295264.000
2009-06-24,29.38,29.56,28.99,29.54,4116823,258364960.000
2009-06-25,29.55,29.79,29.21,29.28,3893278,245502624.000
2009-06-26,29.31,29.37,28.90,29.03,3277396,204182384.000
2009-06-29,29.04,29.47,28.99,29.27,3109763,194894048.000
2009-06-30,29.37,30.11,29.24,29.60,5131407,327282176.000
2009-07-01,29.37,29.85,29.24,29.71,3920294,247596368.000
2009-07-02,29.75,32.64,29.62,31.76,15089914,1003848128.000
2009-07-03,31.30,33.55,31.07,32.77,13311915,928482112.000
2009-07-06,33.46,33.46,32.02,32.36,8679109,603854144.000
2009-07-07,32.26,32.84,31.94,32.10,6196769,428280864.000
2009-07-08,31.69,32.01,31.10,31.78,6673131,450018080.000
2009-07-09,31.72,32.49,31.57,32.23,4820817,331925760.000
2009-07-10,32.24,33.69,32.24,32.74,6986748,493642016.000
2009-07-13,32.75,35.09,32.75,34.41,10665415,774101312.000
2009-07-14,34.53,35.43,34.09,34.76,7701141,573050496.000
2009-07-15,34.78,35.38,34.36,34.98,5960377,442943168.000
2009-07-16,35.22,36.09,34.52,34.54,6770658,510927840.000
2009-07-17,34.42,34.90,33.89,34.25,5508737,404677824.000
2009-07-20,34.49,35.53,34.11,35.21,6993234,522598688.000
2009-07-21,35.29,35.43,34.09,34.14,6275253,462710016.000
2009-07-22,34.11,34.83,34.00,34.24,4590046,336356064.000
2009-07-23,34.24,34.25,33.56,33.72,6089620,438831744.000
2009-07-24,34.11,35.87,34.09,35.18,10461706,782293056.000
2009-07-27,35.39,38.75,34.95,38.51,13163649,1026155072.000
2009-07-28,38.51,40.90,38.03,39.62,13080797,1101652736.000
2009-07-29,39.46,40.23,35.62,37.09,9770786,794777920.000
2009-07-30,37.36,38.27,36.40,38.12,7364249,589048384.000
2009-07-31,38.22,42.03,38.22,42.03,11925284,1025229760.000
2009-08-03,43.80,46.32,42.84,45.38,17306616,1624849920.000
2009-08-04,44.76,46.05,43.95,44.40,10557879,1001186944.000
2009-08-05,44.29,48.61,44.28,47.26,9751911,967679040.000
2009-08-06,46.62,49.37,45.72,47.02,10216474,1032291456.000
2009-08-07,47.09,48.59,43.32,43.78,12893296,1238207104.000
2009-08-10,42.36,43.32,39.76,41.04,16351985,1429286528.000
2009-08-11,41.10,41.10,39.74,40.32,6614145,567472960.000
2009-08-12,40.19,40.19,36.87,37.26,12001392,973854272.000
2009-08-13,37.31,38.45,36.71,38.06,7897328,634840640.000
2009-08-14,38.27,38.27,36.11,36.19,8489094,667065408.000
2009-08-17,35.47,36.05,34.13,34.17,8016767,600392896.000
2009-08-18,34.23,37.53,34.23,36.56,10337057,785876544.000
2009-08-19,36.54,36.54,34.57,34.94,7601658,573614656.000
2009-08-20,35.38,37.07,35.01,36.70,7692197,593794240.000
2009-08-21,36.70,37.00,36.01,36.82,6168113,480579520.000
2009-08-24,37.21,38.41,36.25,37.97,7657598,610025664.000
2009-08-25,37.78,37.78,35.24,36.29,7947642,613078208.000
2009-08-26,35.91,37.52,35.73,36.67,4748937,372195840.000
2009-08-27,36.29,36.77,35.53,36.01,4626811,356368992.000
2009-08-28,35.70,35.87,34.90,35.08,4155601,311849056.000
2009-08-31,34.57,34.57,32.02,32.09,7046982,498011424.000
2009-09-01,32.02,33.17,31.68,32.28,3942047,273678016.000
2009-09-02,32.24,32.69,31.21,31.91,3370791,230951600.000
2009-09-03,31.95,34.67,31.94,34.19,6021491,428778848.000
2009-09-04,34.32,34.76,33.70,34.33,5011018,367527456.000
2009-09-07,34.57,35.62,34.55,34.96,5809830,435616032.000
2009-09-08,34.66,37.84,34.23,36.53,8006755,620608000.000
2009-09-09,36.53,36.83,35.88,36.52,5538851,428675360.000
2009-09-10,36.34,36.43,35.62,35.80,3706858,284327648.000
2009-09-11,35.76,36.97,35.60,36.48,4073946,316499168.000
2009-09-14,36.53,37.06,36.42,36.99,4512930,353489408.000
2009-09-15,37.01,37.01,36.44,36.75,3565206,279166080.000
2009-09-16,36.57,36.57,35.57,36.02,5379718,412467264.000
2009-09-17,36.07,37.31,36.07,36.82,5426889,426838592.000
2009-09-18,37.11,37.78,35.53,36.24,6391163,504387936.000
2009-09-21,36.06,36.06,34.71,35.90,4176627,314391712.000
2009-09-22,35.70,35.91,34.86,34.90,3525580,266145776.000
2009-09-23,35.05,35.53,33.61,33.93,3748676,275235584.000
2009-09-24,33.70,34.22,32.74,33.84,2833164,202814304.000
2009-09-25,33.49,33.70,33.16,33.27,1960407,139956576.000
2009-09-28,33.29,33.84,32.02,32.17,2614198,184095040.000
2009-09-29,31.99,32.40,30.82,31.57,2812090,190081872.000
2009-09-30,31.91,32.49,31.91,32.00,2524462,173475248.000
2009-10-09,32.79,34.08,32.79,33.96,2994754,214751440.000
2009-10-12,33.97,34.12,33.03,33.27,2290207,163828448.000
2009-10-13,33.22,34.15,32.80,33.77,2369056,170905616.000
2009-10-14,33.80,34.69,33.78,34.39,3356762,246019760.000
2009-10-15,34.90,35.29,34.29,34.36,2569237,190523280.000
2009-10-16,34.47,34.65,33.51,34.03,2360431,171059168.000
2009-10-19,34.08,35.14,33.75,35.13,3750532,277822976.000
2009-10-20,35.38,36.09,35.28,35.50,4586800,348643296.000
2009-10-21,35.53,35.65,35.14,35.19,3071797,231676992.000
2009-10-22,35.10,35.38,34.60,34.80,2697448,200915744.000
2009-10-23,34.86,35.72,34.86,35.43,4009515,303218912.000
2009-10-26,35.53,35.60,34.88,35.10,2436071,182607904.000
2009-10-27,34.95,34.95,33.99,34.01,3257502,239092416.000
2009-10-28,33.94,34.93,33.72,34.35,2656226,195116240.000
2009-10-29,33.94,33.94,33.24,33.29,2499180,179350880.000
2009-10-30,33.85,34.42,33.53,33.98,2569311,186567088.000
2009-11-02,33.22,34.61,32.50,34.58,3287549,237745808.000
2009-11-03,34.62,35.31,34.62,35.18,3816061,285436992.000
2009-11-04,35.14,35.52,34.92,35.19,3057217,229670144.000
2009-11-05,35.21,35.61,35.12,35.43,3001579,226779328.000
2009-11-06,35.62,39.07,35.61,39.07,16045481,1301881728.000
2009-11-09,39.45,39.79,37.84,38.06,11512314,942962496.000
2009-11-10,38.36,38.41,37.64,38.05,5080828,411701824.000
2009-11-11,38.03,39.45,37.79,38.51,9878470,818149056.000
2009-11-12,38.49,38.67,37.83,37.93,6073169,493729088.000
2009-11-13,37.92,38.00,36.98,37.71,4811109,384009568.000
2009-11-16,37.84,38.99,37.84,38.60,4820251,396455104.000
2009-11-17,39.04,39.15,38.36,38.80,3877819,320057920.000
2009-11-18,38.75,39.13,38.41,38.99,3783224,312815744.000
2009-11-19,39.09,40.38,39.06,39.47,5217144,440926432.000
2009-11-20,39.47,39.47,38.51,39.00,4552437,376506944.000
2009-11-23,38.94,39.30,38.63,39.13,3652610,303057440.000
2009-11-24,39.45,39.90,37.50,37.61,7049803,581623808.000
2009-11-25,37.55,38.45,37.31,38.42,4997582,402634240.000
2009-11-26,38.41,38.42,36.59,36.64,6359762,506809984.000
2009-11-27,36.11,37.31,35.70,36.01,4319428,333413632.000
2009-11-30,36.48,37.29,36.39,37.17,3540660,278370752.000
2009-12-01,37.31,37.65,36.95,37.63,3726394,295803904.000
2009-12-02,37.84,38.36,37.64,38.01,3789851,306647424.000
2009-12-03,38.12,39.47,38.12,38.72,6636936,549525824.000
2009-12-04,38.51,38.69,36.99,38.13,5505320,445024800.000
2009-12-07,37.92,38.49,37.79,38.19,2846680,230952032.000
2009-12-08,38.17,38.20,37.31,37.55,2753206,220840752.000
2009-12-09,37.07,37.30,36.58,36.68,2909428,229085472.000
2009-12-10,37.06,37.93,36.89,37.22,2809337,223969408.000
2009-12-11,37.22,37.55,36.95,37.28,2104594,166964144.000
2009-12-14,37.29,37.54,36.39,37.40,3019598,237438448.000
2009-12-15,37.55,38.25,37.22,37.84,3910373,316315776.000
2009-12-16,37.76,37.76,36.89,37.06,2974378,236066048.000
2009-12-17,36.99,37.16,36.11,36.11,3261623,253177760.000
2009-12-18,36.14,36.14,35.21,35.42,2919497,221533280.000
2009-12-21,35.57,35.72,35.13,35.55,1920279,145012992.000
2009-12-22,35.69,35.94,34.66,34.67,2064358,155102752.000
2009-12-23,34.69,35.20,34.63,34.97,1430079,106418120.000
2009-12-24,35.15,35.91,35.03,35.82,2145774,162955168.000
2009-12-25,36.00,36.00,35.62,35.70,1264410,96515584.000
2009-12-28,35.74,36.49,35.74,36.21,1657556,127926376.000
2009-12-29,36.32,36.32,35.53,36.08,1648921,126188888.000
2009-12-30,36.11,36.58,35.62,36.46,2847788,220000560.000
2009-12-31,36.67,36.77,36.25,36.51,2201827,171246272.000
2010-01-04,36.59,36.82,35.91,35.92,2292641,176903744.000
2010-01-05,35.95,36.25,35.63,36.08,2150184,164936480.000
2010-01-06,35.87,37.28,35.86,36.58,4163510,326579296.000
2010-01-07,36.49,36.95,35.61,35.63,3068887,235942736.000
2010-01-08,35.62,35.88,35.14,35.78,2267624,171792112.000
2010-01-11,36.20,36.59,35.57,35.66,2144982,164535840.000
2010-01-12,35.57,37.15,35.47,36.97,5497296,429126368.000
2010-01-13,36.34,36.77,35.73,35.78,4134097,318883616.000
2010-01-14,36.01,36.99,35.65,36.94,4242985,329950432.000
2010-01-15,36.92,37.84,36.87,37.35,5902090,470957696.000
2010-01-18,37.48,37.95,37.07,37.92,4705902,377756608.000
2010-01-19,37.96,38.02,37.26,37.67,3622277,289558368.000
2010-01-20,37.78,37.92,35.53,36.43,4543347,354291200.000
2010-01-21,36.13,36.36,35.71,35.94,2224748,170896000.000
2010-01-22,35.62,35.67,34.53,35.07,4283360,320513312.000
2010-01-25,34.93,35.07,34.58,34.75,1347821,100208768.000
2010-01-26,34.94,34.99,33.61,34.02,2122419,154911952.000
2010-01-27,33.89,34.16,33.28,33.32,1837281,132040744.000
2010-01-28,33.38,33.56,33.12,33.36,1583212,112846080.000
2010-01-29,33.27,33.79,33.11,33.21,1966081,140217232.000
2010-02-01,33.22,33.39,32.50,32.70,1860033,130338512.000
2010-02-02,32.85,33.32,32.74,32.75,1341635,94831088.000
2010-02-03,32.79,33.58,32.36,33.55,1772023,125404120.000
2010-02-04,33.40,33.43,32.99,33.15,1540757,109336784.000
2010-02-05,32.69,32.69,32.07,32.20,2246612,154838624.000
2010-02-08,32.20,32.74,32.12,32.52,1215381,84052080.000
2010-02-09,32.42,32.67,32.26,32.52,745219,51784628.000
2010-02-10,32.69,32.83,32.55,32.80,1469292,102662576.000
2010-02-11,32.82,33.02,32.74,32.86,1057390,74328264.000
2010-02-12,32.89,33.36,32.86,33.28,1294476,91800160.000
2010-02-22,33.34,33.36,32.88,32.89,1258055,88875728.000
2010-02-23,32.81,32.89,32.01,32.32,1715415,118215288.000
2010-02-24,32.25,33.05,31.97,33.02,1448110,100601888.000
2010-02-25,33.08,33.54,33.05,33.49,1879417,133956872.000
2010-02-26,33.46,33.49,33.15,33.23,1552455,110332728.000
2010-03-01,33.23,34.33,33.22,34.04,2506832,182395184.000
2010-03-02,34.05,34.09,33.37,33.61,1852144,133218184.000
2010-03-03,33.70,33.88,33.32,33.81,1439253,103456352.000
2010-03-04,33.81,34.39,32.72,32.80,2551596,183094768.000
2010-03-05,32.83,33.22,32.69,32.88,1365600,96136680.000
2010-03-08,32.96,33.14,32.79,32.90,1183332,83391104.000
2010-03-09,32.90,33.10,32.45,32.87,1623686,113577176.000
2010-03-10,32.98,33.17,32.57,32.63,1342107,94242400.000
2010-03-11,32.68,32.85,32.32,32.62,1226816,85529480.000
2010-03-12,32.74,33.04,32.62,32.79,1638650,115055840.000
2010-03-15,32.66,32.81,31.89,32.60,2065362,142210544.000
2010-03-16,32.40,32.69,32.03,32.28,1089863,75228120.000
2010-03-17,32.32,32.91,32.32,32.84,1424103,99456088.000
2010-03-18,33.08,33.46,32.81,32.91,1828586,129642904.000
2010-03-19,32.95,33.61,32.83,33.45,2109996,150107328.000
2010-03-22,33.41,33.50,32.98,33.14,1596287,113212776.000
2010-03-23,33.18,33.33,32.69,32.72,1533573,107788664.000
2010-03-24,32.72,32.86,32.64,32.72,1585196,111008624.000
2010-03-25,32.71,32.71,32.16,32.50,1872157,129418256.000
2010-03-26,32.41,33.31,32.17,33.12,2234262,156969280.000
2010-03-29,33.31,33.94,33.13,33.89,3475280,250040480.000
2010-03-30,32.98,32.98,32.26,32.80,5281044,369923040.000
2010-03-31,32.81,32.81,32.38,32.65,3506938,243688752.000
2010-04-01,32.50,32.83,32.40,32.72,3374803,235556192.000
2010-04-02,32.73,32.93,32.51,32.85,2914346,204136000.000
2010-04-06,32.90,33.01,32.64,32.76,2859336,200435072.000
2010-04-07,32.74,32.74,32.38,32.60,2721876,189341104.000
2010-04-08,32.59,32.59,32.26,32.30,2443786,169021808.000
2010-04-09,32.32,32.78,32.32,32.67,2046730,142571184.000
2010-04-12,32.67,32.74,32.28,32.33,2805193,194228608.000
2010-04-13,32.26,32.74,32.05,32.60,2832668,196842480.000
2010-04-14,32.62,33.32,32.26,33.12,3828032,268698816.000
2010-04-15,33.03,33.03,32.50,32.68,2399709,167922432.000
2010-04-16,32.64,32.81,32.29,32.50,1523979,106274368.000
2010-04-19,32.26,32.26,31.03,31.04,3765234,254891232.000
2010-04-20,31.06,31.35,30.19,30.46,2316347,151630112.000
2010-04-21,30.43,30.92,30.24,30.86,2092188,137306400.000
2010-04-22,30.86,30.89,30.34,30.44,1905517,124491472.000
2010-04-23,30.45,30.75,30.25,30.38,1633099,106593872.000
2010-04-26,30.34,30.53,30.22,30.31,1254643,81637424.000
2010-04-27,30.38,30.43,28.69,29.32,2211041,139876496.000
2010-04-28,29.01,29.26,28.73,28.95,1452969,90049960.000
2010-04-29,29.02,30.46,29.02,30.02,2737201,174688080.000
2010-04-30,29.89,30.00,29.09,29.68,1487257,94138048.000
2010-05-04,29.13,29.57,28.89,29.16,937962,58819840.000
2010-05-05,28.89,29.69,28.36,29.46,1856803,115311968.000
2010-05-06,29.33,30.53,29.16,29.46,3480108,223799488.000
2010-05-07,28.80,30.58,28.74,30.41,4974134,321518784.000
2010-05-10,30.41,33.55,30.41,32.85,11217727,774046656.000
2010-05-11,32.98,33.32,32.20,32.87,6088949,426427584.000
2010-05-12,32.64,32.64,30.43,31.51,4599593,310498912.000
2010-05-13,31.55,32.22,31.11,32.19,3047891,207607552.000
2010-05-14,31.78,32.07,31.24,31.34,2508116,168813728.000
2010-05-17,30.82,30.82,29.37,29.43,2815240,180905536.000
2010-05-18,29.14,30.32,28.89,29.75,1934194,122532776.000
2010-05-19,29.52,30.96,29.38,30.32,2329176,151164800.000
2010-05-21,28.94,30.05,28.88,29.89,2555694,161499008.000
2010-05-24,29.89,31.10,29.86,30.85,3039134,199483776.000
2010-05-25,30.82,30.82,29.81,30.01,2196233,142298720.000
2010-05-26,29.86,30.58,29.86,30.26,1228871,79712344.000
2010-05-27,30.10,30.47,29.38,30.38,1891591,121611568.000
2010-05-28,30.46,31.06,30.39,30.56,2420748,159139120.000
2010-05-31,30.28,30.33,29.42,29.53,1611378,102902120.000
2010-06-01,29.43,29.81,28.97,29.28,1382989,87038120.000
2010-06-02,29.18,29.50,28.99,29.36,1040554,65321540.000
2010-06-03,29.55,29.85,29.24,29.32,1089088,69109432.000
2010-06-04,29.09,30.22,29.08,29.81,2028593,129953680.000
2010-06-07,29.06,29.27,28.84,29.05,1887566,117513192.000
2010-06-08,29.00,29.28,28.82,29.12,1077874,67174416.000
2010-06-09,29.32,29.63,28.89,29.61,2444929,153956928.000
2010-06-10,29.58,29.75,29.14,29.40,1514184,95820560.000
2010-06-11,29.61,29.85,29.28,29.34,1349345,85545128.000
2010-06-17,29.57,29.81,29.34,29.36,893401,56617696.000
2010-06-18,29.31,29.61,28.95,29.00,1236160,77850672.000
2010-06-21,28.93,29.49,28.42,29.48,1301120,81462968.000
2010-06-22,29.40,29.42,29.14,29.33,1258133,79034888.000
2010-06-23,29.19,29.24,28.68,28.90,1227913,76250200.000
2010-06-24,28.89,28.89,28.45,28.61,2038484,124976664.000
2010-06-25,28.41,28.60,28.36,28.49,1108726,67714416.000
2010-06-28,28.50,28.58,28.06,28.07,1213934,73746528.000
2010-06-29,28.12,28.30,26.83,26.84,1705177,100709880.000
2010-06-30,26.73,26.73,25.57,25.73,1337009,74556568.000
2010-07-01,25.95,26.05,25.53,25.60,819364,45415376.000
2010-07-02,25.66,25.72,24.61,25.28,1070214,57981064.000
2010-07-05,25.26,25.26,24.47,24.74,955329,50950720.000
2010-07-06,24.74,25.64,24.74,25.62,1500355,82005528.000
2010-07-07,25.58,25.74,25.32,25.66,954118,52394692.000
2010-07-08,25.70,25.86,25.43,25.71,933426,51532332.000
2010-07-09,25.77,26.66,25.53,26.49,1690941,95590768.000
2010-07-12,26.75,27.21,26.75,27.15,1961370,113852528.000
2010-07-13,27.06,27.06,26.31,26.41,900588,50672232.000
2010-07-14,26.47,27.23,26.47,26.79,1124896,64184892.000
2010-07-15,26.66,27.02,26.39,26.43,877407,49622600.000
2010-07-16,26.19,26.39,25.63,25.99,1005639,55366844.000
2010-07-19,25.82,26.80,25.61,26.53,1287230,71747136.000
2010-07-20,26.54,27.36,26.45,27.34,2296635,131536864.000
2010-07-21,27.30,27.50,26.99,27.22,1815857,104756888.000
2010-07-22,27.11,27.60,27.02,27.58,1656662,96153776.000
2010-07-23,27.62,28.07,27.20,27.44,1770496,103452672.000
2010-07-26,27.44,27.96,27.44,27.78,1840639,108392320.000
2010-07-27,27.69,27.80,27.40,27.42,1567633,91611200.000
2010-07-28,27.57,28.03,27.50,28.01,2293244,135434032.000
2010-07-29,28.08,28.46,27.85,28.33,2736030,163511280.000
2010-07-30,28.32,28.55,27.98,28.20,2095481,125246320.000
2010-08-02,28.21,28.70,28.08,28.49,3000146,180470832.000
2010-08-03,28.60,28.69,27.74,27.79,2480895,148790032.000
2010-08-04,27.67,27.98,27.36,27.88,2017756,118148528.000
2010-08-05,27.93,28.08,27.48,27.63,1746525,103057432.000
2010-08-06,27.79,28.27,27.50,28.22,1735894,102803328.000
2010-08-09,28.22,28.70,28.15,28.63,2910590,175436720.000
2010-08-10,28.73,28.75,27.56,27.57,2534717,150938544.000
2010-08-11,27.49,27.86,27.38,27.60,1280415,74866656.000
2010-08-12,27.35,27.50,26.97,26.98,1771678,102192184.000
2010-08-13,26.93,27.38,26.90,27.36,1463200,84150056.000
2010-08-16,27.36,28.67,27.07,28.44,4526715,272174784.000
2010-08-17,28.54,29.81,28.46,29.51,6407359,399508192.000
2010-08-18,29.47,29.79,29.04,29.11,2816615,174699456.000
2010-08-20,29.46,29.46,28.46,28.54,2468341,150825632.000
2010-08-23,28.55,29.60,28.55,29.00,2398066,148397856.000
2010-08-24,28.94,28.99,28.33,28.70,1521348,92448712.000
2010-08-25,28.56,28.61,27.86,27.87,1914618,114245256.000
2010-08-26,27.86,28.39,27.35,27.69,2408601,140996016.000
2010-08-27,27.54,27.82,27.23,27.74,1494156,87036040.000
2010-08-30,27.79,28.65,27.79,28.59,2193038,131820360.000
2010-08-31,28.45,29.03,28.17,28.79,2396723,146156016.000
2010-09-01,28.88,28.89,27.98,28.18,2248728,135363088.000
2010-09-02,28.57,28.86,28.20,28.76,2202003,133426848.000
2010-09-03,28.79,28.95,28.56,28.84,1962808,119504640.000
2010-09-06,29.01,29.13,28.57,29.05,2698141,165174832.000
2010-09-07,29.06,29.18,28.69,28.78,2060045,125870832.000
2010-09-08,28.69,28.96,28.45,28.81,2120393,128873696.000
2010-09-09,28.89,29.38,28.46,28.51,2698130,165119904.000
2010-09-10,28.46,28.65,27.83,28.14,1959731,116829856.000
2010-09-13,28.17,29.22,28.15,29.01,2712002,165175616.000
2010-09-14,29.01,29.13,28.57,28.65,1422958,86645880.000
2010-09-15,28.66,28.73,27.49,27.61,2750606,162828784.000
2010-09-16,27.63,27.91,27.12,27.30,1627106,94626856.000
2010-09-17,27.26,27.54,27.12,27.25,981374,56813168.000
2010-09-20,27.35,27.60,26.53,26.75,1475796,84369480.000
2010-09-21,26.80,26.96,26.75,26.85,742191,42260320.000
2010-09-27,26.85,27.40,26.82,27.26,1884669,108207360.000
2010-09-28,27.25,27.44,26.38,27.01,3545197,201830336.000
2010-09-29,26.92,29.27,26.41,28.50,5799985,345638112.000
2010-09-30,28.08,28.27,27.36,27.99,3430838,203031728.000
2010-10-08,28.17,29.03,27.86,28.56,4748241,287078656.000
2010-10-11,28.51,30.14,28.51,29.40,10669057,664101440.000
2010-10-12,29.27,29.70,28.79,28.88,6675508,412739584.000
2010-10-13,28.88,29.42,28.44,29.40,5621704,345026688.000
2010-10-14,29.52,30.82,29.40,30.03,10779691,691474112.000
2010-10-15,30.05,31.94,29.57,31.00,13840506,906553856.000
2010-10-18,31.03,31.55,29.71,31.29,13249339,862651008.000
2010-10-19,30.72,31.35,30.41,31.03,6942993,452662688.000
2010-10-20,30.24,31.14,29.93,30.49,6408031,412784032.000
2010-10-21,30.50,31.62,30.24,30.83,6598155,432084480.000
2010-10-22,30.69,30.73,30.25,30.35,5260914,339167616.000
2010-10-25,30.31,31.44,30.24,31.00,6182917,403264800.000
2010-10-26,31.20,31.92,30.96,31.14,5540162,368046240.000
2010-10-27,31.15,32.02,30.97,31.22,5755692,384489248.000
2010-10-28,31.20,31.63,30.34,30.70,4111716,268426960.000
2010-10-29,30.86,31.20,30.34,31.02,3921380,256116544.000
2010-11-01,31.21,34.17,31.21,34.17,19664386,1392162688.000
2010-11-02,34.57,34.76,33.12,33.22,14953134,1075132032.000
2010-11-03,33.21,34.81,33.21,33.56,9168513,661527040.000
2010-11-04,33.46,34.04,33.37,33.81,5724801,406677696.000
2010-11-05,34.42,34.54,33.64,33.93,5622564,404501792.000
2010-11-08,33.99,34.27,33.23,33.71,6214022,440008064.000
2010-11-09,33.56,33.71,33.30,33.62,4690633,331721984.000
2010-11-10,33.37,33.51,32.49,32.73,6726967,467858432.000
2010-11-11,32.67,33.36,32.55,32.57,5377268,374749312.000
2010-11-12,32.30,32.30,29.66,29.91,9990964,658034368.000
2010-11-15,30.09,30.48,29.62,30.38,4898158,312365664.000
2010-11-16,30.29,30.34,29.04,29.15,5423186,340560512.000
2010-11-17,28.99,29.12,28.10,28.25,5440823,329641344.000
2010-11-18,28.41,28.73,28.16,28.51,4127151,248735232.000
2010-11-19,28.80,28.89,27.88,28.89,4351524,262456240.000
2010-11-22,28.60,29.18,28.33,28.82,4438737,270053472.000
2010-11-23,28.69,28.69,27.73,28.03,3977618,236350768.000
2010-11-24,27.88,29.32,27.84,29.09,5015807,305913280.000
2010-11-25,29.19,29.75,28.97,29.43,4200808,261697568.000
2010-11-26,29.43,29.43,28.80,28.93,3813588,233774688.000
2010-11-29,28.94,30.36,28.93,29.89,6304756,397943680.000
2010-11-30,30.16,30.24,28.33,28.98,6210349,383177216.000
2010-12-01,28.95,28.95,28.49,28.71,2463541,149732608.000
2010-12-02,29.12,29.22,28.75,28.80,2940675,180287200.000
2010-12-03,28.80,28.80,28.36,28.65,2887235,174739408.000
2010-12-06,28.64,28.69,28.22,28.41,2639359,158798912.000
2010-12-07,28.31,28.69,27.93,28.54,3393548,203298304.000
2010-12-08,28.50,28.82,28.32,28.52,2874847,174174976.000
2010-12-09,28.43,28.50,27.99,27.99,2614464,156291088.000
2010-12-10,27.94,28.51,27.86,28.35,2447707,146803600.000
2010-12-13,28.61,29.90,28.61,29.40,6429969,400348384.000
2010-12-14,29.46,30.29,29.04,30.28,9032344,572029248.000
2010-12-15,30.29,30.70,29.76,29.81,6351329,406912800.000
2010-12-16,29.77,30.16,29.62,29.99,3777063,238870160.000
2010-12-17,30.00,30.48,29.86,29.98,3195331,203971408.000
2010-12-20,30.09,30.72,28.72,30.51,7639793,487248768.000
2010-12-21,30.14,30.43,29.57,30.28,4018889,255998336.000
2010-12-22,30.18,30.96,29.98,30.55,4996478,323671520.000
2010-12-23,30.66,31.07,30.09,30.32,5252071,341686944.000
2010-12-24,29.90,30.12,29.53,29.61,3010801,189698160.000
2010-12-27,29.86,30.12,28.99,29.03,3395787,213542512.000
2010-12-28,28.93,30.55,28.82,29.70,5508111,348942624.000
2010-12-29,29.53,32.31,29.53,31.60,11578216,761416192.000
2010-12-30,31.30,32.16,31.07,31.61,8137996,544740416.000
2010-12-31,31.59,32.40,31.38,32.04,7899093,532769312.000
2011-01-04,32.11,32.96,31.92,32.46,8196437,561668736.000
2011-01-05,32.55,34.09,32.06,32.55,13259009,924695616.000
2011-01-06,32.40,32.40,31.49,31.60,5786636,388955680.000
2011-01-07,31.60,32.74,31.49,32.22,6080501,414580992.000
2011-01-10,32.36,34.48,32.36,33.54,13030471,928473408.000
2011-01-11,33.55,33.87,32.86,33.59,5757010,405393440.000
2011-01-12,33.63,34.27,32.93,33.56,5067359,359134560.000
2011-01-13,33.37,33.70,32.64,32.71,3847819,268370736.000
2011-01-14,32.45,33.18,31.98,32.65,4652051,319633216.000
2011-01-17,32.36,33.37,31.01,31.10,6707829,459735936.000
2011-01-18,30.99,32.21,30.96,32.06,4285879,284879360.000
2011-01-19,31.87,34.13,31.73,33.55,8166253,574952000.000
2011-01-20,33.25,33.98,32.99,33.05,7250186,512524576.000
2011-01-21,32.88,34.78,32.74,34.11,11226088,811655936.000
2011-01-24,34.18,34.65,33.43,33.99,7770274,559104256.000
2011-01-25,33.91,33.91,31.79,31.90,6946747,477418176.000
2011-01-26,31.71,34.33,31.70,33.99,6826517,481884832.000
2011-01-27,33.61,35.67,33.41,34.91,11729849,865319872.000
2011-01-28,34.71,36.34,34.57,35.37,8782274,660777536.000
2011-01-31,35.34,37.26,35.00,36.96,10292873,787604992.000
2011-02-01,36.92,37.16,35.85,36.45,6379700,488581344.000
2011-02-09,36.08,37.07,35.95,36.47,6540361,503415456.000
2011-02-10,36.16,36.29,35.15,35.92,5645470,424086304.000
2011-02-11,35.71,38.26,35.58,36.52,6492116,505552000.000
2011-02-14,36.33,36.82,35.62,36.56,6696361,511340320.000
2011-02-15,36.43,37.61,36.09,36.12,6337166,490913952.000
2011-02-16,35.96,36.58,35.62,36.44,5143062,392062656.000
2011-02-17,36.49,37.92,36.49,37.91,10171559,799374464.000
2011-03-04,36.39,37.42,34.14,35.99,12268648,927647808.000
2011-03-07,35.96,37.05,35.32,36.60,7764326,596066560.000
2011-03-08,36.49,38.21,36.39,37.74,6177855,491385312.000
2011-03-09,38.17,40.34,38.13,40.04,9409472,785227136.000
2011-03-10,40.05,41.07,39.37,40.62,8038990,680634624.000
2011-03-11,40.24,40.82,39.47,39.79,5097492,429224864.000
2011-03-14,39.38,40.14,38.65,39.28,5808642,479081920.000
2011-03-15,39.33,41.03,38.17,40.86,7995316,664482560.000
2011-03-16,40.67,41.53,40.34,40.72,4814397,415449568.000
2011-03-17,40.48,40.48,38.26,38.60,6943007,574311744.000
2011-03-18,39.01,39.85,38.61,39.24,3711776,306052576.000
2011-03-21,38.89,39.84,38.79,39.20,3682037,305891392.000
2011-03-22,39.21,39.79,38.17,39.36,3788992,311375008.000
2011-03-23,39.37,40.48,39.19,40.25,3439973,290895104.000
2011-03-24,40.19,40.33,39.67,39.73,2358531,198107344.000
2011-03-25,39.62,39.95,39.19,39.78,2905503,242453600.000
2011-03-28,39.37,39.66,38.65,38.92,4424830,363816352.000
2011-03-29,38.84,38.84,37.70,37.71,5123003,412750528.000
2011-03-30,37.45,37.93,36.49,36.58,4701461,367297856.000
2011-03-31,36.59,37.45,35.94,36.66,3780323,292692224.000
2011-04-01,36.66,36.97,36.01,36.85,3674202,282038752.000
2011-04-06,36.72,36.93,35.77,36.10,3885721,296385376.000
2011-04-07,36.08,36.97,36.08,36.60,3516168,271230720.000
2011-04-08,36.59,37.28,36.44,37.21,3093815,241264112.000
2011-04-11,37.25,37.46,36.82,37.36,3618390,283352000.000
2011-04-12,37.30,38.55,37.26,37.86,4994687,400984448.000
2011-04-13,37.69,38.51,37.45,38.26,3406491,274039808.000
2011-04-14,38.22,38.36,37.69,37.90,2511628,200794832.000
2011-04-15,38.32,38.88,37.08,37.38,4154591,330756800.000
2011-04-18,37.36,37.36,36.36,36.64,3930621,303488096.000
2011-04-19,36.25,36.86,36.19,36.41,2932936,226158816.000
2011-04-20,36.47,37.31,36.47,37.03,2117606,165315280.000
2011-04-21,37.16,37.28,36.58,36.65,2113855,164465728.000
2011-04-22,36.73,37.14,36.42,36.62,1611918,124865416.000
2011-04-25,36.59,37.11,36.39,36.49,2203989,170785088.000
2011-04-26,36.05,36.44,34.83,34.91,3873246,288878368.000
2011-04-27,34.94,35.32,33.96,34.24,3082177,224223056.000
2011-04-28,34.47,34.56,32.66,32.73,5229344,368880096.000
2011-04-29,32.79,33.26,32.68,33.20,2642718,184270256.000
2011-05-03,34.11,34.11,33.27,33.62,2087665,148157664.000
2011-05-04,33.65,33.99,32.41,32.57,2457585,171544256.000
2011-05-05,32.41,32.69,31.98,32.26,2252444,153667984.000
2011-05-06,32.12,32.73,31.69,32.39,2828184,193021008.000
2011-05-09,32.72,33.67,32.64,33.17,3515800,246404592.000
2011-05-11,33.61,33.65,32.85,33.18,1966960,138140128.000
2011-05-12,32.93,32.93,32.17,32.20,2504304,172484608.000
2011-05-13,32.21,32.44,31.77,32.25,2653251,179982992.000
2011-05-16,32.23,32.88,32.19,32.40,2162230,148846448.000
2011-05-17,32.42,33.16,32.40,32.99,2388843,166046368.000
2011-05-18,32.93,33.14,32.69,33.00,1474422,102666512.000
2011-05-19,33.53,33.53,32.59,32.64,1433166,99646648.000
2011-05-20,32.62,32.74,32.17,32.30,1627115,111237592.000
2011-05-23,32.31,32.35,31.35,31.36,2413874,161915360.000
2011-05-24,31.36,31.60,30.82,31.49,2252413,148722336.000
2011-05-25,31.52,31.77,31.13,31.59,1533687,102277568.000
2011-05-26,31.78,32.07,31.27,31.32,1809027,121508984.000
2011-05-27,31.14,31.61,30.99,31.38,1559631,103114208.000
2011-05-30,31.33,31.89,31.07,31.66,2064536,137913504.000
2011-05-31,31.62,32.25,31.51,32.20,2307863,155865728.000
2011-06-01,32.20,32.61,31.83,32.38,2056203,140267968.000
2011-06-02,32.08,32.08,31.43,31.63,1871621,125606744.000
2011-06-03,31.62,32.07,31.62,31.86,1192830,80443000.000
2011-06-07,31.87,32.40,31.74,32.36,1613985,109821400.000
2011-06-08,32.26,34.57,31.68,33.40,4378378,307511104.000
2011-06-09,32.98,33.70,32.57,32.62,3225042,225876832.000
2011-06-10,32.54,34.09,32.52,33.62,5132484,362666592.000
2011-06-13,33.42,34.04,33.21,33.43,3671758,261048976.000
2011-06-14,33.39,33.98,33.22,33.59,2912169,206810256.000
2011-06-15,33.37,33.59,32.70,32.71,2864248,200262256.000
2011-06-16,32.50,33.07,32.40,32.62,1844664,127601104.000
2011-06-17,32.54,33.17,32.31,32.81,2574770,178369664.000
2011-06-20,32.60,32.69,31.92,32.19,2142949,146544304.000
2011-06-21,32.17,32.82,32.17,32.77,1783081,122585256.000
2011-06-22,32.82,33.36,32.82,33.05,2566762,179577328.000
2011-06-24,33.45,35.51,33.28,34.79,6705413,488652032.000
2011-06-27,34.83,35.96,34.43,35.37,6879588,514160032.000
2011-06-28,35.24,35.37,34.48,34.79,5037163,371044192.000
2011-06-29,34.66,35.13,34.37,34.72,2693568,197373600.000
2011-06-30,34.68,35.12,34.58,35.04,2812040,207567280.000
2011-07-01,35.05,35.23,34.32,34.57,4626635,337682432.000
2011-07-04,34.62,35.16,34.57,35.04,3133909,231137008.000
2011-07-05,35.16,36.24,35.05,35.62,4903616,369501920.000
2011-07-06,35.34,35.58,35.05,35.47,2436698,181349216.000
2011-07-07,35.43,35.74,35.05,35.05,3213609,240239968.000
2011-07-08,35.08,36.71,34.74,36.16,7373483,557164608.000
2011-07-11,36.01,37.25,35.91,36.97,6906256,536742592.000
2011-07-12,36.71,37.66,36.44,37.17,6256345,490986944.000
2011-07-13,37.15,37.78,36.90,37.72,5318512,419179904.000
2011-07-14,37.89,37.93,37.10,37.31,5220595,412249248.000
2011-07-15,37.33,38.22,37.32,37.75,6179204,306227744.000
2011-07-18,37.45,38.53,37.01,38.30,9335151,464413664.000
2011-07-19,38.30,38.30,37.01,37.21,6771256,331319904.000
2011-07-20,37.45,37.84,36.53,36.81,5879760,285287840.000
2011-07-21,36.80,36.96,35.74,35.83,5872204,277516992.000
2011-07-22,35.79,36.37,35.78,36.07,3598460,169792736.000
2011-07-25,36.09,37.37,35.82,36.06,8450724,404837664.000
2011-07-26,35.91,36.59,34.99,36.51,4903531,230384608.000
2011-07-27,36.45,38.19,35.91,37.36,11572549,566349952.000
2011-07-28,37.30,37.91,35.91,36.12,9695292,464725504.000
2011-07-29,36.15,36.33,34.84,34.96,8332911,384178016.000
2011-08-01,34.94,35.34,34.84,35.01,3049491,140083456.000
2011-08-02,35.03,35.14,34.11,34.61,3744998,169251888.000
2011-08-03,34.22,34.37,33.61,34.14,4461723,198561408.000
2011-08-04,34.21,34.72,34.21,34.41,2696288,121620840.000
2011-08-05,33.37,33.78,32.74,33.52,3849922,168203552.000
2011-08-08,33.07,33.07,30.41,30.97,8383874,346978752.000
2011-08-09,30.07,32.13,29.10,31.65,9182960,371423264.000
2011-08-10,32.42,32.76,31.66,31.70,6675582,280942240.000
2011-08-11,30.91,31.76,30.61,31.62,4857590,199488976.000
2011-08-12,31.84,32.41,31.80,31.94,3746326,157234048.000
2011-08-15,32.22,32.49,31.82,32.29,4054120,171049728.000
2011-08-16,32.37,32.37,31.57,31.64,3664563,153104912.000
2011-08-17,31.64,31.90,31.21,31.27,2774588,114083448.000
2011-08-18,31.28,31.45,30.44,30.56,3731581,150577072.000
2011-08-19,29.97,30.53,29.76,30.44,3606505,142089504.000
2011-08-22,30.44,30.68,29.91,30.07,2391869,95051048.000
2011-08-23,30.28,30.52,30.07,30.47,1866730,74145744.000
2011-08-24,30.64,30.99,30.04,30.15,3393535,135855760.000
2011-08-25,30.32,30.82,29.98,30.79,4428065,176858192.000
2011-08-26,30.61,30.94,30.53,30.82,3170088,127557992.000
2011-08-29,30.76,30.78,30.19,30.23,2482758,98982144.000
2011-08-30,30.46,30.66,29.88,29.93,3002539,119262168.000
2011-08-31,29.96,30.19,29.76,30.07,1512838,59425140.000
2011-09-01,30.07,30.28,29.86,29.95,1640991,64625744.000
2011-09-02,30.05,30.05,29.35,29.53,2275222,88125096.000
2011-09-05,29.37,29.37,28.44,28.47,3110696,117043984.000
2011-09-06,28.22,28.47,28.00,28.14,2008135,74202888.000
2011-09-07,28.22,28.56,27.97,28.52,4157908,153949888.000
2011-09-08,28.59,28.64,27.45,27.71,3432817,126640792.000
2011-09-09,27.76,28.07,27.35,27.45,3914925,141712016.000
2011-09-13,26.99,26.99,26.14,26.19,5212745,180628512.000
2011-09-14,26.31,26.44,25.61,26.35,3282058,112201672.000
2011-09-15,26.45,26.63,26.23,26.36,2604349,90367568.000
2011-09-16,26.57,26.59,26.04,26.07,2622228,90517168.000
2011-09-19,26.07,26.07,24.98,24.99,3640358,121795976.000
2011-09-20,24.99,25.38,24.97,25.14,2546065,83989896.000
2011-09-21,25.22,26.33,25.15,26.12,3657881,124012360.000
2011-09-22,25.99,25.99,25.14,25.20,3362298,112712896.000
2011-09-23,24.57,25.53,24.37,25.39,2818596,91961304.000
2011-09-26,25.20,25.61,24.54,24.62,2794457,91541416.000
2011-09-27,24.76,25.03,24.50,24.88,3134764,101756632.000
2011-09-28,25.05,25.14,24.37,24.45,2836446,92007752.000
2011-09-29,24.33,24.33,23.53,23.64,3569672,111970056.000
2011-09-30,23.83,23.91,23.45,23.80,1973029,61422520.000
2011-10-10,23.87,24.11,23.68,23.77,1796907,56329588.000
2011-10-11,24.30,24.52,23.61,23.92,2249696,71111032.000
2011-10-12,23.92,25.19,23.61,25.03,4758483,155210944.000
2011-10-13,24.90,25.26,24.63,25.13,3630200,119412768.000
2011-10-14,25.06,25.14,24.69,24.91,2177751,71208480.000
2011-10-17,24.92,25.37,24.91,25.07,2394162,79089088.000
2011-10-18,25.07,26.39,24.47,25.45,6892336,230824208.000
2011-10-19,25.37,26.14,25.34,25.86,5471649,185310160.000
2011-10-20,25.53,25.67,24.37,24.86,4531468,147972960.000
2011-10-21,24.85,24.91,24.05,24.07,2535442,81131376.000
2011-10-24,24.14,25.65,23.69,25.48,3799149,123606928.000
2011-10-25,25.33,26.10,25.13,25.84,5174552,174397120.000
2011-10-26,25.64,26.37,25.57,26.26,5929677,202937024.000
2011-10-27,26.07,26.64,25.76,26.44,7436404,255826016.000
2011-10-28,26.67,27.07,26.54,26.59,5567729,195351920.000
2011-10-31,26.64,27.04,26.18,26.42,5071683,177398144.000
2011-11-01,25.99,26.67,25.99,26.04,4082354,140523280.000
2011-11-02,25.76,26.16,25.22,26.15,5193062,174537712.000
2011-11-03,26.32,26.65,26.14,26.35,5916758,205341696.000
2011-11-04,26.60,27.31,26.37,27.01,6067528,213567920.000
2011-11-07,26.91,26.91,26.34,26.35,3567005,124276424.000
2011-11-08,26.32,26.89,26.14,26.17,2827421,98186136.000
2011-11-09,26.31,26.52,26.01,26.49,2329672,80433528.000
2011-11-10,26.29,26.31,25.91,25.94,2962806,101247312.000
2011-11-11,25.97,26.22,25.45,25.56,2787324,94122688.000
2011-11-14,25.77,26.19,25.77,26.18,2876430,98214872.000
2011-11-15,26.21,26.21,25.91,26.01,2821484,96359720.000
2011-11-16,26.02,26.07,25.00,25.14,3890408,129981584.000
2011-11-17,25.21,25.41,24.82,24.91,3523005,115788832.000
2011-11-18,24.68,24.76,24.07,24.36,4715841,150917536.000
2011-11-21,24.30,24.60,24.09,24.30,2274216,72402624.000
2011-11-22,24.07,24.26,23.63,23.94,2833613,89003504.000
2011-11-23,23.96,24.08,23.66,23.91,1767895,55548200.000
2011-11-24,23.64,24.00,23.55,23.84,2154421,67171232.000
2011-11-25,23.83,23.83,23.45,23.59,2600329,80667544.000
2011-11-28,23.61,23.72,22.84,22.94,4097908,125089256.000
2011-11-29,23.17,24.86,22.98,24.47,6545982,206625904.000
2011-11-30,24.23,24.24,23.15,23.27,5114191,158734368.000
2011-12-01,23.97,24.44,23.63,23.84,5169864,163418896.000
2011-12-02,23.71,24.21,23.37,23.61,4182307,130592632.000
2011-12-05,23.53,23.61,22.80,22.84,3456773,104266928.000
2011-12-06,22.87,23.06,22.66,22.84,2768565,82988960.000
2011-12-07,23.02,23.84,22.92,23.28,4456753,137157488.000
2011-12-08,23.14,23.18,22.53,22.87,3723837,111381912.000
2011-12-09,22.68,22.89,22.59,22.65,2018618,60187864.000
2011-12-12,22.77,22.94,22.44,22.51,1899149,56666724.000
2011-12-13,22.42,22.42,21.30,21.41,4582136,130859904.000
2011-12-14,21.37,21.43,20.44,20.47,3846384,105723056.000
2011-12-15,20.44,20.44,19.30,19.41,5590796,144741952.000
2011-12-16,19.41,19.87,19.00,19.82,3296736,84705448.000
2011-12-19,19.64,20.21,19.03,20.13,4543516,117965192.000
2011-12-20,19.95,20.12,19.71,19.72,2515317,65879568.000
2011-12-21,19.99,20.16,19.45,19.48,2731968,71478008.000
2011-12-22,19.37,19.60,18.84,19.36,2635302,66940092.000
2011-12-23,19.34,20.14,19.34,19.67,2156862,55881092.000
2011-12-26,19.61,19.91,19.45,19.48,1581518,40978928.000
2011-12-27,19.43,19.77,19.37,19.47,1677448,43174824.000
2011-12-28,19.47,19.47,18.98,19.34,1791401,45174536.000
2011-12-29,19.29,19.92,19.13,19.44,2555484,65699384.000
2011-12-30,19.47,19.79,19.46,19.68,1877911,48651108.000
2012-01-04,19.94,20.22,19.45,19.47,2444417,63952752.000
2012-01-05,19.44,19.60,18.91,18.97,2449583,61930264.000
2012-01-06,18.98,19.24,18.69,19.18,1944995,48539728.000
2012-01-09,19.26,20.03,19.20,19.97,3824440,98977448.000
2012-01-10,20.03,20.82,19.87,20.76,5502400,147691504.000
2012-01-11,20.76,20.91,20.42,20.51,5035769,136471920.000
2012-01-12,20.30,20.94,20.22,20.53,3812510,103609000.000
2012-01-13,20.53,20.65,19.93,19.99,2954598,78347632.000
2012-01-16,19.99,20.22,19.54,19.61,2120142,55536880.000
2012-01-17,19.69,20.81,19.54,20.77,4499642,120446736.000
2012-01-18,20.64,21.06,20.53,20.56,4541550,124135936.000
2012-01-19,20.56,20.99,20.42,20.87,4232286,115760816.000
2012-01-20,21.05,21.95,20.99,21.66,7883224,223712640.000
2012-01-30,21.62,21.66,21.06,21.07,4024035,112600288.000
2012-01-31,21.00,21.47,20.92,21.47,2811427,78477392.000
2012-02-01,21.30,21.58,20.82,20.94,3074819,85522376.000
2012-02-02,21.03,21.28,20.85,21.24,2797719,77654192.000
2012-02-03,21.27,21.75,21.27,21.61,4729931,134286544.000
2012-02-06,21.76,21.76,21.37,21.53,3000625,84842016.000
2012-02-07,21.44,21.44,20.86,20.99,2857429,79108104.000
2012-02-08,20.92,21.55,20.91,21.46,3177849,88770560.000
2012-02-09,21.61,21.64,21.32,21.54,3777762,106775328.000
2012-02-10,21.45,21.74,21.39,21.47,3742606,105965328.000
2012-02-13,21.30,21.67,21.14,21.45,2878181,81081128.000
2012-02-14,21.41,21.80,21.35,21.64,3867273,109843920.000
2012-02-15,21.63,22.17,21.43,22.07,5192111,149401120.000
2012-02-16,21.94,22.21,21.57,21.81,4663046,134043864.000
2012-02-17,22.04,22.19,21.76,21.91,4252504,122808664.000
2012-02-20,22.30,22.31,21.91,21.91,3841430,111550656.000
2012-02-21,21.94,22.11,21.60,21.97,3104898,89066400.000
2012-02-22,21.95,22.26,21.85,22.23,5190574,150612512.000
2012-02-23,22.18,22.35,22.07,22.24,5190508,151501184.000
2012-02-24,22.26,22.67,22.09,22.57,6560870,192843936.000
2012-02-27,22.57,23.13,22.53,22.71,8924171,268293088.000
2012-02-28,22.70,23.01,22.54,22.94,5959896,178060240.000
2012-02-29,22.97,23.45,22.84,22.98,7041163,213853328.000
2012-03-01,22.87,23.44,22.81,23.11,5053805,153762080.000
2012-03-02,23.14,23.99,23.11,23.97,8034855,249317152.000
2012-03-05,24.39,26.36,24.39,25.28,16764382,558851008.000
2012-03-06,25.29,26.28,24.69,25.97,15922417,532202944.000
2012-03-07,25.68,28.37,25.38,27.94,28045777,1001696000.000
2012-03-08,27.95,28.03,27.24,27.71,17806096,643667968.000
2012-03-09,27.84,29.49,27.46,28.98,24478441,918962752.000
2012-03-12,28.99,29.86,28.25,29.33,19166588,728447616.000
2012-03-13,29.34,30.51,28.74,29.04,22273786,864184832.000
2012-03-14,29.07,29.14,27.01,27.46,25538103,943838464.000
2012-03-15,27.42,27.87,26.76,27.47,18510123,665659712.000
2012-03-16,27.45,27.80,26.70,27.60,13605258,488099776.000
2012-03-19,27.57,27.60,26.84,27.51,11357042,406162304.000
2012-03-20,27.28,27.30,26.30,26.46,11631935,408164096.000
2012-03-21,26.57,27.18,26.41,26.82,10795867,379237824.000
2012-03-22,27.19,28.36,27.19,28.04,18262748,667717248.000
2012-03-23,27.57,27.83,26.68,26.94,10269730,365174144.000
2012-03-26,26.94,27.10,25.84,26.10,7402532,255346160.000
2012-03-27,26.18,26.75,26.07,26.21,5392616,186566032.000
2012-03-28,26.05,26.05,24.68,24.71,9524765,314519040.000
2012-03-29,24.41,24.61,23.68,23.83,8051370,255190752.000
2012-03-30,23.82,24.61,23.81,24.57,8363704,267259568.000
2012-04-05,24.57,25.91,24.38,25.67,8406573,278919840.000
2012-04-06,25.68,26.22,25.19,25.57,7289314,246670080.000
2012-04-09,25.53,25.59,24.99,25.05,4881440,161972688.000
2012-04-10,24.90,25.72,23.77,25.68,6675753,216882992.000
2012-04-11,25.16,26.27,24.97,25.97,8563358,290205824.000
2012-04-12,25.97,26.31,25.68,26.17,7416982,253780896.000
2012-04-13,26.13,26.29,25.74,25.91,6072018,207198784.000
2012-04-16,25.31,25.36,24.61,24.92,9290713,304673728.000
2012-04-17,24.84,25.26,24.51,24.74,5718727,186345840.000
2012-04-18,25.04,25.47,24.84,25.40,7700410,255343600.000
2012-04-19,25.37,25.52,25.04,25.15,5117422,169753520.000
2012-04-20,25.07,25.68,24.96,25.66,7319912,243073888.000
2012-04-23,26.18,28.25,26.10,28.25,24983528,898593024.000
2012-04-24,28.04,29.59,27.19,27.48,31497290,1170515456.000
2012-04-25,27.11,27.72,26.53,27.21,13572041,483805120.000
2012-04-26,27.07,29.67,26.49,28.88,21074869,773836288.000
2012-04-27,28.56,29.21,28.11,28.25,13309472,498598944.000
2012-05-02,28.99,29.19,27.91,28.07,11473237,427026176.000
2012-05-03,27.84,28.26,27.61,27.93,7352007,268945280.000
2012-05-04,27.91,28.54,27.53,28.46,9661484,355164896.000
2012-05-07,28.23,28.24,27.72,27.87,7168251,262669856.000
2012-05-08,28.06,28.99,28.04,28.17,11266817,420054912.000
2012-05-09,28.34,30.14,28.34,29.31,32195743,1241356928.000
2012-05-10,29.36,29.42,27.71,27.80,23726752,877834816.000
2012-05-11,27.83,27.91,26.70,26.77,11270019,401640256.000
2012-05-14,27.07,27.14,26.14,26.31,11340037,395221248.000
2012-05-15,26.27,26.66,25.96,26.59,6522278,226106480.000
2012-05-16,26.57,26.57,25.91,25.92,6628120,227310304.000
2012-05-17,25.92,26.33,25.66,26.13,6711833,228883392.000
2012-05-18,25.90,25.95,24.69,25.01,9929080,329362624.000
2012-05-21,24.86,24.86,23.72,24.06,13856811,439826688.000
2012-05-22,24.22,24.68,24.11,24.47,10189229,326950656.000
2012-05-23,24.53,24.53,23.71,23.83,10351240,326323264.000
2012-05-24,23.61,24.51,23.61,24.01,8617175,273745952.000
2012-05-28,23.61,24.03,22.76,23.96,9769817,299237792.000
2012-05-29,23.97,24.53,23.61,24.44,10104038,322247264.000
2012-05-30,24.44,24.53,24.07,24.15,5706053,181797760.000
2012-05-31,24.07,24.35,23.80,24.19,5500461,173829728.000
2012-06-01,24.19,24.53,23.94,24.09,4439404,141326560.000
2012-06-04,23.74,23.74,22.84,22.84,7611335,232860448.000
2012-06-05,22.84,23.14,22.69,22.87,5110977,153543648.000
2012-06-06,22.95,24.34,22.95,23.61,9674019,301862272.000
2012-06-07,23.99,24.11,23.15,23.27,4949234,153226192.000
2012-06-08,23.45,23.59,23.22,23.41,4074910,125446128.000
2012-06-11,23.40,23.97,23.40,23.86,5169519,161157616.000
2012-06-12,23.64,24.31,23.64,23.78,3773346,90674672.000
2012-06-13,23.74,23.94,23.05,23.53,7068319,165572496.000
2012-06-14,23.37,23.39,23.12,23.20,5393121,125278840.000
2012-06-15,23.33,23.47,22.95,23.25,5199053,120925392.000
2012-06-18,23.34,23.54,23.24,23.29,4405310,103053720.000
2012-06-19,23.30,23.49,23.08,23.22,4353099,101354272.000
2012-06-20,23.29,23.34,22.98,22.99,4292170,99258992.000
2012-06-21,22.99,23.00,22.26,22.45,5371919,121263144.000
2012-06-25,22.45,23.27,22.40,22.50,7243240,165743328.000
2012-06-26,22.44,22.67,21.76,22.22,4866475,107508824.000
2012-06-27,22.34,22.97,22.19,22.51,6348993,144381616.000
2012-06-28,22.56,23.29,22.19,22.68,7608981,173647456.000
2012-06-29,22.31,23.18,22.31,22.96,6230607,142868640.000
2012-07-02,23.09,23.48,22.80,23.22,6644470,153628912.000
2012-07-03,23.19,23.81,23.14,23.53,8990735,212178944.000
2012-07-04,23.64,23.79,23.18,23.39,5387061,126201792.000
2012-07-05,23.20,23.44,22.84,23.00,4907549,113177696.000
2012-07-06,23.08,23.42,22.84,23.33,4368661,101232768.000
2012-07-09,23.49,23.95,22.99,23.00,6805900,160158704.000
2012-07-10,22.96,22.97,22.17,22.30,5058821,113713176.000
2012-07-11,22.31,22.84,22.30,22.47,3355246,75639552.000
2012-07-12,22.49,22.98,22.07,22.79,6048976,136283584.000
2012-07-13,22.74,22.89,22.49,22.58,3423837,77586768.000
2012-07-16,22.65,22.74,22.09,22.19,4938367,110336464.000
2012-07-17,22.09,22.35,21.74,22.16,5015870,109983384.000
2012-07-18,22.15,22.64,22.00,22.49,4362186,97596208.000
2012-07-19,22.46,22.94,22.24,22.70,5702550,129377712.000
2012-07-20,22.69,22.79,22.23,22.27,3051843,68609248.000
2012-07-23,21.99,22.65,21.77,22.17,2814803,62783040.000
2012-07-24,22.02,22.54,21.99,22.27,2597037,58059360.000
2012-07-25,22.09,22.49,22.05,22.48,4302022,96090992.000
2012-07-26,22.36,22.54,22.04,22.05,3019013,67287296.000
2012-07-27,22.10,22.28,22.00,22.01,2395335,52973380.000
2012-07-30,22.08,22.46,21.62,21.68,2844931,62735532.000
2012-07-31,21.67,21.74,20.60,20.69,4964103,105046248.000
2012-08-01,20.65,21.18,20.64,20.85,2806005,58696644.000
2012-08-02,20.77,21.03,19.99,20.12,4303704,87637880.000
2012-08-03,20.21,20.48,20.04,20.44,3269645,66259600.000
2012-08-06,20.42,20.99,20.26,20.86,5174664,106900672.000
2012-08-07,20.87,21.19,20.81,21.06,4343901,91086160.000
2012-08-08,21.11,21.46,20.99,21.06,3715332,78531840.000
2012-08-09,21.24,21.42,21.09,21.31,4333145,92223752.000
2012-08-10,21.27,21.29,20.93,21.02,2997615,63199508.000
2012-08-13,20.96,21.38,20.69,21.09,4654027,97582784.000
2012-08-14,21.04,21.29,20.67,21.10,3149762,65904512.000
2012-08-15,21.09,21.39,20.67,20.71,3327321,70168776.000
2012-08-16,20.80,21.45,20.71,21.10,6220005,132039840.000
2012-08-17,21.10,21.11,20.59,20.82,3067587,63803616.000
2012-08-20,20.70,20.84,20.31,20.50,2465553,50530752.000
2012-08-21,20.54,21.08,20.54,20.89,3308931,69140928.000
2012-08-22,20.89,21.09,20.61,20.72,2340157,48802360.000
2012-08-23,20.78,21.08,20.70,20.82,2046407,42691616.000
2012-08-24,20.82,20.92,20.29,20.30,2442306,50161620.000
2012-08-27,20.30,20.34,19.35,19.38,4123881,81609256.000
2012-08-28,19.35,19.87,19.24,19.37,2687925,52390396.000
2012-08-29,19.30,19.48,18.96,18.99,2785271,53537876.000
2012-08-30,18.98,19.17,18.28,18.40,4242873,79055616.000
2012-08-31,18.30,18.30,17.76,17.90,3764904,67669432.000
2012-09-03,17.92,18.49,17.82,18.24,4136027,75208464.000
2012-09-04,18.15,18.32,17.80,17.95,3256921,58801036.000
2012-09-05,17.97,18.44,17.89,18.23,4077492,74328160.000
2012-09-06,18.29,18.56,18.13,18.47,3173471,58278520.000
2012-09-07,18.56,20.29,18.56,19.70,9708392,189718848.000
2012-09-10,19.98,20.71,19.75,20.36,8552501,173255120.000
2012-09-11,21.29,22.24,20.90,21.61,16821794,362158048.000
2012-09-12,21.57,22.09,21.02,21.79,14358317,310322848.000
2012-09-13,21.49,23.29,21.35,22.66,48677972,1080951424.000
2012-09-14,22.01,22.67,21.63,21.80,22547448,498626240.000
2012-09-17,21.79,21.89,20.59,20.82,12344673,263702992.000
2012-09-18,20.82,20.82,19.90,20.00,10038343,203736656.000
2012-09-19,20.02,20.36,18.99,19.82,8088744,161551776.000
2012-09-20,19.82,21.44,19.62,21.09,24199956,506676448.000
2012-09-21,20.69,20.79,19.89,20.31,14221516,288364224.000
2012-09-24,20.44,21.29,20.43,20.65,13186696,275721216.000
2012-09-25,20.27,21.10,20.27,20.61,8230402,170728784.000
2012-09-26,20.63,21.29,19.71,19.76,11907878,244129328.000
2012-09-27,19.76,20.49,19.06,20.17,11627691,230566544.000
2012-09-28,19.99,20.41,19.85,20.30,7124576,144071616.000
2012-10-08,20.32,20.98,20.32,20.71,7593771,157527488.000
2012-10-09,20.71,21.27,20.69,21.03,8028234,168501696.000
2012-10-10,21.02,21.03,20.75,20.91,8475833,177367616.000
2012-10-11,20.74,20.78,19.99,20.05,8573557,174667552.000
2012-10-12,20.15,20.49,19.86,20.14,4505060,90910328.000
2012-10-15,20.14,20.29,19.57,19.73,4409449,87452024.000
2012-10-16,19.74,20.18,19.41,19.92,6018672,119196976.000
2012-10-17,20.02,20.12,19.54,19.92,3953643,78504464.000
2012-10-18,19.92,20.19,19.84,20.11,4878911,97819752.000
2012-10-19,20.14,20.64,20.11,20.23,6000819,122272888.000
2012-10-22,20.13,20.56,19.84,20.48,5702737,115454904.000
2012-10-23,20.52,20.60,20.16,20.20,3899314,79414344.000
2012-10-24,20.07,20.23,19.89,19.94,3284870,65832708.000
2012-10-25,19.91,20.27,19.76,19.77,3235508,64549972.000
2012-10-26,19.79,20.16,19.34,19.59,4722885,93156016.000
2012-10-29,19.40,19.79,19.24,19.32,2814424,54704980.000
2012-10-30,19.09,19.57,18.70,19.35,5286243,101490192.000
2012-10-31,19.25,19.59,19.15,19.43,2813147,54601924.000
2012-11-01,19.50,19.98,19.46,19.73,3598881,71231520.000
2012-11-02,19.77,20.28,19.77,19.95,4707160,94378320.000
2012-11-05,19.86,20.19,19.79,19.95,3013133,60256304.000
2012-11-06,19.94,20.02,19.51,19.72,2651046,52223624.000
2012-11-07,19.65,20.15,19.65,20.02,2824888,56381364.000
2012-11-08,19.98,19.98,19.51,19.52,3068201,60421252.000
2012-11-09,19.50,19.84,19.23,19.38,2198923,42796928.000
2012-11-12,19.40,20.09,19.40,19.97,5051696,100219912.000
2012-11-13,19.97,20.04,19.64,19.65,3889471,77039808.000
2012-11-14,19.66,19.98,19.59,19.89,3058800,60755148.000
2012-11-15,19.86,19.94,19.44,19.49,2647420,52266832.000
2012-11-16,19.39,19.58,18.62,18.80,3580680,67924096.000
2012-11-19,18.89,19.18,18.50,18.99,2590920,48684204.000
2012-11-20,19.06,19.09,18.70,18.70,2097374,39551104.000
2012-11-21,18.87,19.88,18.44,19.69,5322730,101743392.000
2012-11-22,19.47,19.87,19.40,19.44,3247782,63637648.000
2012-11-23,19.55,19.84,19.39,19.48,1910723,37477652.000
2012-11-26,19.74,20.47,19.62,20.00,6859093,137727200.000
2012-11-27,19.92,20.11,19.29,19.31,3531566,69466368.000
2012-11-28,19.31,19.86,18.73,19.30,4104580,79079952.000
2012-11-29,19.29,19.79,19.21,19.25,2983619,58116308.000
2012-11-30,19.25,19.46,18.92,19.15,2873792,55178000.000
2012-12-03,19.16,19.35,18.65,18.67,2332144,44204760.000
2012-12-04,18.67,18.96,18.54,18.77,4208529,78862896.000
2012-12-05,18.79,20.23,18.76,19.74,7969045,156881296.000
2012-12-06,19.86,20.49,19.71,19.99,6538355,131604224.000
2012-12-07,19.89,20.32,19.74,20.18,7459063,150089232.000
2012-12-10,20.26,20.57,20.20,20.39,7805000,159408112.000
2012-12-11,20.39,20.55,19.97,19.98,22508432,455528960.000
2012-12-12,19.69,19.94,19.49,19.72,7980303,156939232.000
2012-12-13,19.72,19.72,19.05,19.18,7445595,143962672.000
2012-12-14,19.19,19.94,19.19,19.92,10723788,211972432.000
2012-12-17,20.04,20.68,20.04,20.25,11119430,226252640.000
2012-12-18,20.27,20.47,19.90,20.09,10203905,206148848.000
2012-12-19,20.06,20.95,19.99,20.76,15912921,327333472.000
2012-12-20,20.60,20.77,20.29,20.58,13043788,267281184.000
2012-12-21,20.59,20.70,20.20,20.28,10505248,214577568.000
2012-12-24,20.27,20.85,20.16,20.70,9777964,201522976.000
2012-12-25,20.64,21.48,20.39,21.17,14000978,294048928.000
2012-12-26,21.19,21.54,20.99,21.18,10199310,216592000.000
2012-12-27,21.21,21.47,20.85,20.86,11648651,246550416.000
2012-12-28,20.82,21.88,20.82,21.53,14994026,322299072.000
2012-12-31,21.86,23.64,21.43,23.23,25864639,588954560.000
2013-01-04,23.33,23.38,22.67,22.78,15414208,353725952.000
2013-01-07,22.79,23.33,22.52,22.92,13508918,309904192.000
2013-01-08,22.87,23.45,22.79,23.01,13772435,318570336.000
2013-01-09,23.12,23.14,22.36,22.55,11068580,252035616.000
2013-01-10,22.55,23.43,22.47,23.11,15191451,349613824.000
2013-01-11,23.02,24.11,23.02,23.31,24125954,571963520.000
2013-01-14,22.85,24.99,22.57,24.67,35872815,862849728.000
2013-01-15,24.39,24.98,23.86,24.04,34841780,845839680.000
2013-01-16,24.05,25.94,23.27,25.62,44768494,1090866432.000
2013-01-17,24.84,24.97,23.31,23.50,30780832,742001600.000
2013-01-18,23.47,23.94,22.99,23.42,15274476,358793120.000
2013-01-21,23.49,23.98,23.27,23.67,10936100,258130688.000
2013-01-22,23.66,23.66,22.74,22.88,14305576,330520192.000
2013-01-23,22.86,23.66,22.76,23.40,13200913,307519520.000
2013-01-24,23.49,23.86,23.02,23.06,19530688,457922080.000
2013-01-25,22.90,23.06,22.39,22.51,9843599,222960272.000
2013-01-28,22.72,23.99,22.51,23.49,17531720,411482080.000
2013-01-29,23.49,24.07,23.23,23.51,15867998,375411040.000
2013-01-30,23.59,23.93,23.35,23.58,11169523,264230656.000
2013-01-31,23.55,23.56,23.00,23.11,11493926,266663424.000
2013-02-01,23.11,23.76,23.03,23.33,9907870,232243056.000
2013-02-04,23.49,23.86,23.14,23.63,11922336,281050464.000
2013-02-05,23.50,24.16,23.39,23.98,15933211,381072192.000
2013-02-06,23.98,24.14,23.75,23.80,8852316,211770224.000
2013-02-07,23.77,24.19,23.53,23.99,12714533,304565728.000
2013-02-08,24.03,24.17,23.75,23.81,13389819,320717280.000
2013-02-18,23.86,24.05,23.50,23.74,11196876,266571280.000
2013-02-19,23.72,23.74,22.79,22.84,9931544,230498080.000
2013-02-20,22.85,23.93,22.77,23.48,10639868,249055616.000
2013-02-21,23.20,23.46,22.79,22.86,8006589,184591168.000
2013-02-22,22.99,24.36,22.98,23.83,23469206,561995904.000
2013-02-25,23.99,24.06,23.48,23.77,8309846,197665408.000
2013-02-26,23.60,24.19,23.52,23.68,12338069,295529728.000
2013-02-27,23.69,24.16,23.69,23.97,8669001,207914624.000
2013-02-28,24.04,24.48,23.90,24.25,15027203,364907008.000
2013-03-01,24.25,24.56,23.87,24.03,11181284,270304864.000
2013-03-04,23.79,23.97,23.01,23.14,11735474,274175648.000
2013-03-05,23.14,23.37,22.94,23.23,7973122,184280928.000
2013-03-06,23.34,23.52,23.00,23.21,9737144,225975312.000
2013-03-07,23.30,23.30,22.55,22.73,12160997,278110080.000
2013-03-08,22.79,22.92,22.45,22.52,7364883,167008912.000
2013-03-11,22.59,22.80,22.50,22.68,5458422,123504552.000
2013-03-12,22.74,22.93,21.68,21.92,9023242,201030208.000
2013-03-13,21.88,21.91,21.37,21.43,6000882,129332504.000
2013-03-14,21.42,22.08,21.29,21.51,6156534,133795824.000
2013-03-15,21.56,21.94,21.31,21.59,4812535,104390488.000
2013-03-18,21.62,21.69,21.09,21.13,4283527,91647728.000
2013-03-19,21.25,21.87,21.20,21.51,4163737,89679192.000
2013-03-20,21.52,21.97,21.51,21.95,5630002,122659984.000
2013-03-21,21.95,22.13,21.75,21.91,5780595,127027496.000
2013-03-22,21.92,21.96,21.56,21.68,4097636,89055128.000
2013-03-25,21.76,21.87,21.49,21.61,4822624,104443608.000
2013-03-26,21.49,21.60,21.06,21.26,5266713,111999040.000
2013-03-27,20.99,21.09,20.09,20.20,17181811,353575680.000
2013-03-28,19.99,19.99,19.01,19.21,11221260,216875504.000
2013-03-29,19.23,19.60,19.22,19.24,4966107,96280440.000
2013-04-01,19.22,19.53,19.04,19.23,4758029,91708440.000
2013-04-02,19.23,19.58,19.08,19.16,4354435,84007688.000
2013-04-03,19.37,19.79,19.34,19.68,8717346,171048656.000
2013-04-08,19.58,20.04,19.16,19.84,6910674,136283344.000
2013-04-09,19.79,19.92,19.61,19.72,4479231,88415736.000
2013-04-10,19.73,19.98,19.67,19.87,5094361,101003248.000
2013-04-11,19.87,19.95,19.44,19.45,4750578,93262928.000
2013-04-12,19.49,19.64,19.29,19.36,2839232,55300724.000
2013-04-15,19.29,19.34,18.60,18.68,5453946,102748240.000
2013-04-16,18.59,18.77,18.40,18.74,4248904,78977312.000
2013-04-17,18.78,19.07,18.69,18.83,3028323,57172352.000
2013-04-18,18.79,19.07,18.63,18.86,2662722,50272968.000
2013-04-19,18.89,19.24,18.87,19.21,5777817,110438064.000
2013-04-22,18.89,19.19,18.89,19.04,4896125,93244768.000
2013-04-23,19.07,19.13,18.40,18.42,5608729,104508896.000
2013-04-24,18.58,18.85,18.40,18.74,3392220,63269676.000
2013-04-25,18.71,18.74,18.42,18.45,4477532,83046240.000
2013-04-26,18.65,18.71,18.20,18.30,3736747,68679776.000
2013-05-02,18.34,18.34,17.79,17.97,4071025,73064416.000
2013-05-03,17.98,18.39,17.98,18.20,3227701,58951032.000
2013-05-06,18.37,18.43,18.29,18.40,3358573,61753296.000
2013-05-07,18.37,18.58,18.31,18.48,4010777,74123392.000
2013-05-08,18.59,18.84,18.54,18.69,4830073,90399784.000
2013-05-09,18.70,18.94,18.45,18.52,5116681,95524464.000
2013-05-10,18.53,18.78,18.49,18.71,3690706,68963184.000
2013-05-13,18.80,19.26,18.73,19.24,8547066,163505728.000
2013-05-14,19.22,19.36,18.72,18.81,4983186,94509496.000
2013-05-15,18.82,19.19,18.82,19.01,3628082,68933744.000
2013-05-16,19.03,19.18,18.70,19.02,5138359,97668904.000
2013-05-17,19.02,19.44,18.90,19.39,7769187,149972800.000
2013-05-20,19.60,19.69,19.43,19.48,8620082,168665552.000
2013-05-21,19.49,19.96,19.44,19.80,8320848,164728944.000
2013-05-22,19.96,19.96,19.58,19.62,6118191,121024304.000
2013-05-23,19.59,19.92,19.40,19.44,6488070,128208232.000
2013-05-24,19.46,19.84,19.40,19.59,5006924,97940760.000
2013-05-27,19.59,19.84,19.32,19.39,4755928,92847920.000
2013-05-28,19.45,19.62,19.07,19.61,6417251,124192048.000
2013-05-29,19.61,19.94,19.51,19.77,7692076,152444880.000
2013-05-30,19.63,19.77,19.46,19.59,4061998,79587416.000
2013-05-31,19.61,19.73,19.24,19.29,4919168,95576496.000
2013-06-03,19.29,19.54,19.25,19.41,3922280,76245976.000
2013-06-04,19.39,19.39,18.75,18.83,5192160,98844104.000
2013-06-05,18.94,18.94,18.57,18.66,3064756,57324672.000
2013-06-06,18.58,18.77,18.51,18.51,2330720,43343336.000
2013-06-07,18.60,18.69,18.04,18.12,4079154,74507336.000
2013-06-13,18.12,18.12,17.18,17.21,5855780,101902088.000
2013-06-14,17.25,17.48,17.25,17.39,3477325,60339796.000
2013-06-17,17.68,19.13,17.65,19.13,11201942,210862144.000
2013-06-18,19.68,20.36,19.41,19.93,22100623,438821600.000
2013-06-19,19.85,19.85,19.15,19.39,11127241,216306320.000
2013-06-20,19.27,19.35,18.55,18.65,8817286,167328176.000
2013-06-21,18.18,18.99,17.70,18.74,8477111,155265008.000
2013-06-24,18.57,18.57,17.25,17.26,8860810,157903952.000
2013-06-25,17.00,17.07,15.53,16.73,12546437,204633712.000
2013-06-26,16.71,16.71,15.95,16.40,7307685,119379968.000
2013-06-27,16.45,16.73,16.05,16.10,7044207,115609776.000
2013-06-28,16.10,16.56,15.66,16.17,5177662,84012712.000
2013-07-01,16.21,16.47,15.86,16.32,3476796,56343428.000
2013-07-02,16.39,16.63,16.35,16.60,5686169,94088872.000
2013-07-03,16.58,16.58,16.02,16.26,4334632,70295736.000
2013-07-04,16.10,16.75,16.00,16.55,5897096,97378128.000
2013-07-05,16.59,16.84,16.36,16.43,4924015,81913952.000
2013-07-08,16.16,16.16,15.69,15.72,5836887,92934368.000
2013-07-09,15.72,16.20,15.72,16.06,3624194,57681952.000
2013-07-10,15.92,16.46,15.81,16.38,3748769,60567408.000
2013-07-11,16.41,17.12,16.41,16.83,8590073,144240336.000
2013-07-12,16.71,17.07,16.33,16.38,6482550,108446928.000
数据来源:通达信
