600159 大龙地产 日线
      日期	    开盘	    最高	    最低	    收盘	    成交量	    成交额
2007-01-11,3.75,3.83,3.60,3.65,7611826,56843496.000
2007-01-12,3.65,3.77,3.45,3.47,8028409,57586300.000
2007-01-15,3.40,3.78,3.40,3.75,9435561,67923784.000
2007-01-16,3.74,3.89,3.70,3.88,10021489,75922032.000
2007-01-17,3.88,3.88,3.49,3.49,15928558,114551808.000
2007-01-18,3.17,3.29,3.14,3.21,18262690,116053112.000
2007-01-19,3.23,3.38,3.08,3.33,14971176,97064656.000
2007-01-22,3.30,3.49,3.23,3.48,13928938,93944280.000
2007-01-23,3.50,3.53,3.30,3.49,12049721,82452816.000
2007-01-24,3.48,3.58,3.40,3.55,9450647,66536680.000
2007-01-25,3.53,3.53,3.34,3.35,6966461,47824784.000
2007-01-26,3.25,3.40,3.21,3.36,5103233,33700736.000
2007-01-29,3.36,3.44,3.30,3.40,6039898,40626108.000
2007-01-30,3.39,3.40,3.09,3.17,5859065,37775536.000
2007-01-31,3.14,3.14,2.92,2.92,7478970,45591332.000
2007-02-01,2.88,3.02,2.85,3.00,3985069,23527684.000
2007-02-02,3.00,3.04,2.79,2.81,4309414,25089836.000
2007-02-05,2.80,2.89,2.74,2.85,3532994,19800362.000
2007-02-06,2.85,2.90,2.76,2.90,6350864,35813156.000
2007-02-07,2.92,3.04,2.88,2.97,9437647,56074564.000
2007-02-08,2.97,2.97,2.85,2.95,5099812,29773216.000
2007-02-09,2.94,2.98,2.87,2.95,6089593,35514524.000
2007-02-12,2.95,3.09,2.93,3.07,8584762,51869088.000
2007-02-13,3.10,3.13,3.02,3.13,8109102,49774684.000
2007-02-14,3.14,3.19,3.05,3.16,6970354,43913092.000
2007-02-15,3.20,3.27,3.19,3.27,6958981,44903640.000
2007-02-16,3.28,3.39,3.27,3.31,10775485,71697800.000
2007-02-26,3.31,3.37,3.17,3.36,10383813,68040072.000
2007-02-27,3.35,3.45,3.10,3.12,16868192,113644456.000
2007-02-28,3.24,3.39,3.12,3.38,8959151,58407576.000
2007-03-01,3.44,3.45,3.19,3.29,8239155,54355368.000
2007-03-02,3.29,3.52,3.25,3.51,16738519,114852840.000
2007-03-05,3.47,3.71,3.33,3.65,16721564,118754816.000
2007-03-07,3.59,3.74,3.53,3.68,11544628,83561008.000
2007-03-08,3.65,3.74,3.56,3.65,9726372,71554624.000
2007-03-09,3.64,3.92,3.50,3.88,20159470,150641024.000
2007-03-12,3.84,4.09,3.75,3.96,13551964,106790688.000
2007-03-13,3.91,4.01,3.87,3.90,7756975,60708256.000
2007-03-14,3.86,3.90,3.69,3.77,7929978,59826936.000
2007-03-15,3.75,3.97,3.75,3.87,7520249,58434792.000
2007-03-16,3.89,3.89,3.61,3.63,7715932,57622608.000
2007-03-19,3.45,3.72,3.40,3.68,7329728,52932384.000
2007-03-20,3.69,3.87,3.63,3.74,6413797,48172688.000
2007-03-21,3.73,3.99,3.70,3.99,10301561,79811400.000
2007-03-22,4.05,4.23,4.01,4.09,20567850,168884624.000
2007-03-23,4.05,4.26,4.03,4.24,12813494,106048856.000
2007-03-26,4.28,4.55,4.24,4.49,11241166,99293792.000
2007-03-27,4.45,4.54,4.36,4.42,7394152,65454464.000
2007-03-28,4.39,4.48,4.01,4.28,12781521,109114608.000
2007-03-29,4.26,4.40,4.13,4.18,8475347,72632624.000
2007-03-30,4.15,4.32,4.11,4.24,5823314,49474672.000
2007-04-02,4.24,4.44,4.17,4.43,6814428,58480980.000
2007-04-03,4.45,4.45,4.34,4.40,6896588,60615408.000
2007-04-04,4.40,4.40,4.28,4.34,6970722,60583612.000
2007-04-05,4.32,4.53,4.30,4.45,8439784,74785632.000
2007-04-06,4.40,4.50,4.38,4.49,9736338,86125224.000
2007-04-09,4.54,4.57,4.44,4.48,8963290,80570160.000
2007-04-10,4.54,4.55,4.20,4.42,7345266,64527668.000
2007-04-11,4.43,4.45,4.30,4.41,8027125,70332608.000
2007-04-12,4.39,4.72,4.38,4.68,13039427,119940440.000
2007-04-13,4.67,4.69,4.45,4.49,10543009,96566536.000
2007-04-16,4.42,4.59,4.40,4.55,6699495,60419916.000
2007-04-17,4.55,4.88,4.49,4.86,17140910,161229248.000
2007-04-18,4.84,4.94,4.72,4.88,9936387,96253760.000
2007-04-19,4.89,4.89,4.40,4.50,10286486,94868376.000
2007-04-20,4.51,4.76,4.51,4.69,8304099,77207960.000
2007-04-23,4.76,4.88,4.69,4.83,10244822,98348304.000
2007-04-24,4.84,5.09,4.72,4.89,13132135,128181216.000
2007-04-25,4.86,4.97,4.68,4.89,7931623,76319240.000
2007-04-26,4.96,5.09,4.93,5.05,12440525,125036232.000
2007-04-27,5.09,5.10,4.82,4.86,9009104,88308632.000
2007-04-30,4.80,4.89,4.64,4.78,8854576,84580416.000
2007-05-08,4.81,5.10,4.80,5.02,10976128,109554432.000
2007-05-09,5.05,5.47,4.94,5.42,17207762,178970336.000
2007-05-10,5.46,5.88,5.46,5.61,21089367,238918320.000
2007-05-11,5.56,5.60,5.22,5.53,9029181,98822792.000
2007-05-14,5.45,5.88,5.36,5.69,10202692,115802344.000
2007-05-15,5.69,5.91,5.55,5.56,9936909,113284736.000
2007-05-16,5.50,5.66,5.31,5.60,7105853,78395472.000
2007-05-17,5.60,5.82,5.60,5.74,9207596,105399240.000
2007-05-18,5.74,6.07,5.70,5.90,11568308,137110432.000
2007-05-21,5.69,6.15,5.57,6.00,10384840,123901936.000
2007-05-22,6.00,6.61,5.97,6.61,21165119,274983072.000
2007-05-23,6.75,6.79,6.43,6.74,17654486,233913824.000
2007-05-24,6.75,7.39,6.72,7.36,17739760,249788368.000
2007-05-25,7.25,7.57,7.00,7.36,11916053,175701312.000
2007-05-28,7.39,7.78,7.39,7.51,10608002,160204672.000
2007-05-29,7.54,7.88,7.23,7.84,13675356,205164992.000
2007-05-30,7.10,7.83,7.05,7.06,15598655,229668320.000
2007-05-31,7.06,7.35,6.36,7.09,13758553,190945600.000
2007-06-04,6.38,6.63,6.38,6.38,1252800,16063917.000
2007-06-05,5.74,5.74,5.74,5.74,4504200,51708216.000
2007-06-06,5.51,6.17,5.51,6.16,11769292,139567888.000
2007-06-07,6.13,6.61,5.95,6.43,8683238,109611096.000
2007-06-08,6.41,6.55,6.15,6.24,9282071,116862000.000
2007-06-11,6.24,6.54,6.13,6.39,8082878,102099032.000
2007-06-12,6.39,6.55,5.90,6.52,9171886,115533032.000
2007-06-13,6.80,7.17,6.80,7.17,15242474,216593248.000
2007-06-14,7.00,7.18,6.75,6.84,11192227,155769168.000
2007-06-15,6.70,7.25,6.67,7.19,10404131,145538288.000
2007-06-18,7.40,7.54,7.23,7.48,14575966,214925952.000
2007-06-19,7.20,7.53,7.20,7.38,6512999,95962760.000
2007-06-20,7.42,7.75,6.79,7.00,8196996,121379280.000
2007-06-21,6.97,7.17,6.55,6.89,9801039,132462824.000
2007-06-22,6.79,6.92,6.20,6.25,5502348,71581560.000
2007-06-25,6.30,6.48,5.63,5.69,5484762,65600792.000
2007-06-27,5.95,6.20,5.86,6.08,4356139,52379112.000
2007-06-28,6.09,6.19,5.47,5.47,4770357,55610300.000
2007-06-29,5.22,5.25,4.92,4.92,5364501,53933288.000
2007-07-02,4.78,5.03,4.45,4.87,4463496,42530472.000
2007-07-03,4.90,5.07,4.79,5.00,3643700,36210176.000
2007-07-04,5.05,5.07,4.80,4.82,2572611,25423732.000
2007-07-05,4.70,4.70,4.34,4.34,3770323,33337674.000
2007-07-06,4.30,4.62,4.10,4.61,4522184,39965832.000
2007-07-09,4.61,4.89,4.56,4.79,4253313,40279716.000
2007-07-10,4.74,4.82,4.46,4.50,3311318,30504064.000
2007-07-11,4.51,4.88,4.50,4.73,3864668,36586208.000
2007-07-12,4.80,4.89,4.70,4.84,3669626,35372652.000
2007-07-13,4.86,4.88,4.59,4.70,2044681,19121716.000
2007-07-16,4.70,4.82,4.57,4.58,2023223,19016256.000
2007-07-17,4.55,4.90,4.40,4.79,4463678,42309320.000
2007-07-18,4.77,5.05,4.70,4.88,6711354,66073900.000
2007-07-20,4.91,5.36,4.91,5.36,9194698,96095896.000
2007-07-23,5.47,5.90,5.46,5.67,12342920,140244544.000
2007-07-24,5.60,6.23,5.51,5.97,10261973,121660048.000
2007-07-25,6.00,6.41,6.00,6.19,8568965,106270528.000
2007-07-26,6.20,6.32,5.96,6.25,7780278,95848856.000
2007-07-27,6.19,6.41,6.00,6.39,7197468,90773744.000
2007-07-30,6.35,6.64,6.25,6.36,7830921,101434576.000
2007-07-31,6.28,6.38,5.93,6.17,6610770,81658232.000
2007-08-01,6.17,6.49,5.95,6.13,8876966,110834240.000
2007-08-02,6.19,6.75,6.18,6.75,16047800,211291232.000
2007-08-03,7.00,7.28,6.83,7.09,18620131,264644736.000
2007-08-06,7.20,7.46,6.94,7.45,11497884,163128000.000
2007-08-07,7.42,7.63,7.05,7.27,9018390,132102056.000
2007-08-08,7.10,7.19,6.64,6.82,6895733,94969120.000
2007-08-09,6.75,7.10,6.67,7.02,7063413,97770824.000
2007-08-10,7.04,7.06,6.40,6.55,5675908,75402888.000
2007-08-13,6.45,6.45,5.99,6.17,5498088,68218656.000
2007-08-14,6.17,6.41,5.96,6.34,3726136,46628224.000
2007-08-15,6.45,6.51,6.20,6.39,3946182,50357768.000
2007-08-16,6.30,6.34,6.16,6.26,2744544,34172656.000
2007-08-17,6.26,6.43,6.20,6.30,2525713,31957668.000
2007-08-20,6.43,6.68,6.40,6.55,4573761,59807200.000
2007-08-21,6.57,6.67,6.50,6.53,3759410,49387488.000
2007-08-22,6.38,6.66,6.30,6.45,4458903,57672088.000
2007-08-23,6.46,6.61,6.35,6.48,4416903,57318256.000
2007-08-24,6.50,6.59,6.32,6.36,4780066,61320564.000
2007-08-27,6.40,6.46,6.11,6.13,5205793,64631664.000
2007-08-28,6.13,6.13,5.84,5.95,4999776,59382044.000
2007-08-29,5.94,6.50,5.89,6.26,5621245,70761440.000
2007-08-30,6.26,6.38,6.00,6.30,3287619,41115732.000
2007-08-31,6.32,6.57,6.32,6.39,4116325,53028460.000
2007-09-03,6.40,6.54,6.30,6.41,4556293,58318388.000
2007-09-04,6.45,6.78,6.45,6.59,9618355,128243720.000
2007-09-05,6.64,6.75,6.35,6.48,4597138,59803228.000
2007-09-06,6.49,6.69,6.38,6.49,3824822,49463292.000
2007-09-07,6.39,6.52,6.13,6.18,4418268,55619936.000
2007-09-10,6.03,6.28,6.01,6.23,3433511,42114712.000
2007-09-11,6.24,6.86,6.24,6.69,23407061,315273312.000
2007-09-12,6.75,7.05,6.30,7.00,17341895,232767776.000
2007-09-13,7.01,7.23,6.79,7.01,12940279,181517344.000
2007-09-14,7.02,7.10,6.72,6.90,10262980,141279568.000
2007-09-17,6.75,7.49,6.75,7.44,12603741,182312016.000
2007-09-18,7.39,7.64,7.10,7.63,12553970,187039488.000
2007-09-19,7.60,7.60,7.00,7.11,8154821,119542624.000
2007-09-20,7.11,7.20,6.80,6.89,6622971,92405968.000
2007-09-21,6.93,7.16,6.73,6.81,3931520,54490676.000
2007-09-24,6.69,7.03,6.45,6.80,4788528,64788940.000
2007-09-25,6.70,6.88,6.40,6.48,4390978,58002572.000
2007-09-26,6.48,6.56,6.28,6.32,3088199,39564928.000
2007-09-27,6.35,6.47,6.28,6.38,2052893,26158340.000
2007-09-28,6.43,6.60,6.38,6.40,3577717,46284260.000
2007-10-08,6.57,6.89,6.38,6.73,5286864,70643424.000
2007-10-09,6.75,6.92,6.53,6.76,3862973,52541048.000
2007-10-10,6.82,6.86,6.45,6.51,3508248,46440440.000
2007-10-11,6.44,6.63,6.29,6.38,3220143,41015936.000
2007-10-12,6.40,6.40,5.74,5.94,5737149,67634288.000
2007-10-15,5.99,6.01,5.48,5.60,3917948,44024448.000
2007-10-16,5.63,5.84,5.55,5.83,2653851,30358030.000
2007-10-17,5.90,6.16,5.88,5.94,2985707,35861932.000
2007-10-19,6.00,6.28,5.75,5.84,1915943,23072772.000
2007-10-22,5.79,5.79,5.40,5.42,1546912,17182262.000
2007-10-23,5.48,5.78,5.48,5.75,3448511,39054516.000
2007-10-24,5.78,5.90,5.60,5.86,2813260,32564228.000
2007-10-25,5.80,5.80,5.27,5.28,1925384,20937792.000
2007-10-26,5.24,5.65,5.15,5.51,1928386,20924208.000
2007-10-29,5.50,5.75,5.45,5.59,1259547,14130030.000
2007-10-30,5.59,5.69,5.52,5.59,1011260,11263153.000
2007-10-31,5.65,5.94,5.53,5.92,3017920,34964172.000
2007-11-01,5.92,6.14,5.76,5.91,4001839,47715076.000
2007-11-02,5.80,6.07,5.70,5.80,1885673,22167848.000
2007-11-05,5.72,5.78,5.53,5.55,1504908,16878736.000
2007-11-06,5.55,5.90,5.55,5.72,1694510,19541532.000
2007-11-07,5.75,5.88,5.65,5.81,1169763,13462995.000
2007-11-08,5.81,5.81,5.35,5.40,1489384,16572421.000
2007-11-09,5.39,5.57,5.26,5.35,1175092,12769183.000
2007-11-12,5.25,5.34,4.90,5.11,1186826,12123966.000
2007-11-13,5.11,5.25,4.90,5.05,1483927,15077283.000
2007-11-14,5.18,5.23,5.01,5.22,959956,9879322.000
2007-11-15,5.22,5.39,5.11,5.27,1566907,16623604.000
2007-11-16,5.20,5.30,5.11,5.19,814462,8401059.000
2007-11-19,5.20,5.37,5.13,5.30,998490,10586995.000
2007-11-20,5.30,5.43,5.22,5.38,1408627,15031215.000
2007-11-21,5.44,5.44,5.28,5.30,1183431,12752229.000
2007-11-22,5.21,5.21,5.00,5.00,988799,10043749.000
2007-11-23,5.00,5.18,4.94,5.11,495999,5005275.000
2007-11-26,5.13,5.24,5.00,5.01,775400,7912201.000
2007-11-27,4.95,5.10,4.95,4.98,730281,7326302.000
2007-11-28,5.01,5.09,4.88,4.94,690020,6869975.000
2007-11-29,5.00,5.07,4.88,5.05,876613,8729575.000
2007-11-30,5.07,5.09,4.95,4.99,743491,7458348.000
2007-12-03,5.07,5.19,4.91,5.16,1377474,14101922.000
2007-12-04,5.21,5.21,5.05,5.10,709735,7297016.000
2007-12-05,5.15,5.17,5.06,5.15,866839,8890636.000
2007-12-06,5.15,5.23,5.09,5.17,707350,7311110.000
2007-12-07,5.17,5.51,5.04,5.50,4634023,49443096.000
2007-12-10,5.38,5.68,5.32,5.65,3172915,35324264.000
2007-12-11,5.69,5.70,5.49,5.59,2236085,24913452.000
2007-12-12,5.59,5.63,5.45,5.51,1471631,16328738.000
2007-12-13,5.50,5.51,5.34,5.36,2150707,23210020.000
2007-12-14,5.25,5.55,5.19,5.51,1732518,18551588.000
2007-12-17,5.47,5.47,5.25,5.34,1939585,20642980.000
2007-12-18,5.25,5.60,5.24,5.53,2715329,29797700.000
2007-12-19,5.53,5.63,5.45,5.59,2200059,24501788.000
2007-12-20,5.59,5.71,5.50,5.64,2567734,28924998.000
2007-12-21,5.59,6.21,5.55,6.21,6445442,77800992.000
2007-12-24,6.45,6.66,6.28,6.47,7412414,95844328.000
2007-12-25,6.42,6.78,6.38,6.65,5330298,70553096.000
2007-12-26,6.65,6.74,6.53,6.65,2691096,35728560.000
2007-12-27,6.63,6.94,6.55,6.74,4513692,61246580.000
2007-12-28,6.76,6.88,6.63,6.69,4777776,64604964.000
2008-01-02,6.70,7.36,6.51,7.36,9437934,136846784.000
2008-01-03,7.63,7.63,7.28,7.41,6428033,95661888.000
2008-01-04,7.40,7.54,6.99,7.40,4046886,59167912.000
2008-01-07,7.38,8.14,7.25,8.00,8073514,128512448.000
2008-01-08,7.90,8.20,7.80,7.93,4959437,79020000.000
2008-01-09,7.87,8.16,7.68,8.01,3321655,53328132.000
2008-01-10,8.01,8.77,8.00,8.43,6739635,113552728.000
2008-01-11,8.50,8.65,8.20,8.48,4344187,73208184.000
2008-01-15,8.55,8.90,8.29,8.53,4947163,84928312.000
2008-01-16,8.52,8.52,8.04,8.24,3317664,54793912.000
2008-01-17,8.15,8.36,7.45,7.74,3953551,62218024.000
2008-01-18,7.74,8.00,7.45,7.77,3310854,51314680.000
2008-01-21,7.78,7.85,7.05,7.14,2613680,38998384.000
2008-01-22,7.00,7.43,6.42,6.88,4457903,62314780.000
2008-01-23,7.00,7.54,7.00,7.47,3758991,54414272.000
2008-01-24,7.54,8.05,7.48,7.89,3576470,55923896.000
2008-01-25,7.75,8.68,7.70,8.28,5400427,89652832.000
2008-01-28,8.01,8.29,7.49,7.55,2546892,39723108.000
2008-01-29,8.05,8.18,7.57,7.86,2036039,32238428.000
2008-01-30,7.98,8.58,7.98,8.26,3534709,58858972.000
2008-01-31,8.05,8.55,8.00,8.01,1787723,29551248.000
2008-02-01,7.97,8.00,7.37,7.53,2247400,34339612.000
2008-02-04,7.65,8.09,7.53,8.08,4035063,63277000.000
2008-02-05,7.90,8.28,7.79,7.98,2005184,32502892.000
2008-02-13,7.84,7.84,7.45,7.61,1151229,17608580.000
2008-02-14,7.61,7.75,7.50,7.59,976944,14877741.000
2008-02-15,7.65,7.85,7.60,7.77,1042319,16089654.000
2008-02-18,7.92,8.19,7.92,8.03,1682022,27217060.000
2008-02-19,8.14,8.25,7.97,8.24,1995895,32489516.000
2008-02-20,8.25,8.30,8.02,8.06,1740059,28409660.000
2008-02-21,8.06,8.19,7.84,7.88,1752885,27772588.000
2008-02-22,7.94,7.95,7.39,7.49,2083081,31619350.000
2008-02-25,7.50,7.59,7.17,7.25,1055228,15536466.000
2008-02-26,7.56,7.57,7.15,7.31,883316,12936647.000
2008-02-27,7.35,7.63,7.33,7.54,722375,10882302.000
2008-02-28,7.55,7.59,7.25,7.43,711260,10564550.000
2008-02-29,7.49,7.57,7.35,7.52,732866,10919416.000
2008-03-03,7.50,7.69,7.30,7.68,1445829,21808834.000
2008-03-04,7.74,7.74,7.40,7.41,1432373,21665008.000
2008-03-05,7.44,7.44,7.00,7.14,1815153,25994768.000
2008-03-06,7.11,7.50,7.00,7.25,1550098,22482216.000
2008-03-07,7.25,7.49,7.09,7.27,1764107,25435774.000
2008-03-10,7.31,7.34,6.95,7.07,954208,13569320.000
2008-03-11,7.15,7.25,7.03,7.20,696987,9956524.000
2008-03-12,7.30,7.38,6.94,6.94,573800,8135825.000
2008-03-13,7.00,7.00,6.64,6.73,916530,12339797.000
2008-03-14,6.80,6.84,6.60,6.80,476101,6416800.000
2008-03-17,6.83,7.19,6.56,6.82,1169925,16089559.000
2008-03-18,6.82,7.04,6.13,6.28,988614,13102907.000
2008-03-19,6.35,6.90,6.15,6.58,1367839,18032868.000
2008-03-20,6.49,7.19,6.28,7.14,2286085,31556510.000
2008-03-21,7.10,7.47,7.00,7.13,2288644,33339428.000
2008-03-24,7.13,7.34,6.90,6.91,1385209,19657894.000
2008-03-25,6.74,7.24,6.70,7.20,981046,13885775.000
2008-03-26,7.34,7.50,7.15,7.29,1199112,17606912.000
2008-03-27,7.00,7.44,7.00,7.06,1420216,20452216.000
2008-03-28,7.10,7.59,6.84,7.54,2513438,37063172.000
2008-03-31,7.44,7.72,7.29,7.49,2752462,41442136.000
2008-04-01,7.42,7.59,6.74,6.74,2469757,34491784.000
2008-04-02,6.63,6.89,6.07,6.09,3435112,42650344.000
2008-04-03,5.65,6.16,5.50,5.91,1902598,21976012.000
2008-04-07,5.90,6.30,5.80,6.20,1106854,13676643.000
2008-04-08,6.20,6.49,6.07,6.30,1234307,15560524.000
2008-04-09,6.30,6.32,5.67,5.68,1676098,19987890.000
2008-04-10,5.68,5.82,5.51,5.75,1014009,11425561.000
2008-04-11,5.72,5.99,5.72,5.90,948334,11096581.000
2008-04-14,5.70,5.84,5.31,5.31,1589184,17219106.000
2008-04-15,5.30,5.30,4.92,5.23,1134958,11557464.000
2008-04-16,5.24,5.24,4.98,4.99,761907,7719844.000
2008-04-17,4.98,5.18,4.60,4.66,1096419,10759088.000
2008-04-18,4.65,4.67,4.21,4.61,1604717,14274330.000
2008-04-21,5.07,5.07,4.30,4.32,1394473,12998766.000
2008-04-22,4.25,4.32,3.94,4.24,1568022,12851038.000
2008-04-23,4.24,4.46,4.00,4.43,949133,8193955.000
2008-04-24,4.88,4.88,4.65,4.88,2407784,23256324.000
2008-04-25,4.84,5.19,4.80,4.95,2344089,23476392.000
2008-04-28,4.94,5.15,4.78,4.95,1715697,17274900.000
2008-04-29,4.99,5.05,4.86,5.03,942234,9404286.000
2008-04-30,5.07,5.53,5.03,5.47,2335411,24791172.000
2008-05-05,5.53,5.99,5.50,5.88,2430974,28141550.000
2008-05-06,5.89,5.89,5.55,5.71,1828094,20840128.000
2008-05-07,5.70,5.88,5.14,5.14,1735249,19133052.000
2008-05-08,5.10,5.45,5.04,5.44,1249549,13092826.000
2008-05-09,5.60,5.68,5.24,5.49,1880357,20752784.000
2008-05-12,5.49,5.59,5.26,5.55,964486,10535606.000
2008-05-14,5.32,5.92,5.32,5.92,1795471,20483518.000
2008-05-15,5.92,6.18,5.65,5.79,1446496,17203956.000
2008-05-16,5.85,5.85,5.61,5.70,645678,7351323.000
2008-05-19,5.82,5.82,5.57,5.77,716164,8173533.000
2008-05-20,5.74,5.79,5.36,5.41,1148642,12731507.000
2008-05-21,5.35,5.72,5.15,5.51,1338349,14394576.000
2008-05-22,5.50,5.50,5.20,5.23,650332,6939798.000
2008-05-23,5.23,5.39,5.22,5.36,673401,7151121.000
2008-05-26,5.07,5.65,5.07,5.51,1135806,12417905.000
2008-05-27,5.59,6.03,5.49,5.81,2844817,33122356.000
2008-05-28,5.88,5.90,5.72,5.76,1319934,15290355.000
2008-05-29,5.75,5.90,5.65,5.86,930496,10749301.000
2008-05-30,5.85,5.93,5.75,5.88,924504,10846387.000
2008-06-02,5.78,5.90,5.73,5.88,621171,7229799.000
2008-06-03,5.77,6.19,5.77,6.15,1766077,21298336.000
2008-06-04,6.13,6.18,5.55,6.03,2223387,26673542.000
2008-06-05,5.86,6.09,5.84,5.90,818396,9745673.000
2008-06-06,5.90,6.15,5.90,6.05,937129,11362045.000
2008-06-10,5.80,5.85,5.44,5.44,861684,9590043.000
2008-06-11,5.28,5.43,5.16,5.28,696234,7314020.000
2008-06-12,5.32,5.72,5.00,5.63,3081756,32885866.000
2008-06-13,5.55,5.60,5.28,5.38,762694,8263520.000
2008-06-16,5.35,5.65,5.30,5.57,642514,6998448.000
2008-06-17,5.60,5.65,5.32,5.45,361050,3918971.000
2008-06-18,5.50,5.74,5.21,5.59,943915,10470731.000
2008-06-19,5.55,5.63,5.10,5.28,725773,7741262.000
2008-06-20,5.30,5.59,4.76,5.44,1441233,15231624.000
2008-06-23,5.30,5.44,5.28,5.38,398555,4253850.000
2008-06-24,5.26,5.60,5.26,5.48,1169387,12833517.000
2008-06-25,5.48,5.71,5.40,5.59,2312056,25842460.000
2008-06-26,5.69,5.80,5.55,5.74,3394532,38812608.000
2008-06-27,5.55,5.55,5.16,5.19,3250505,34155296.000
2008-06-30,5.18,5.20,4.84,5.01,1103980,11101015.000
2008-07-01,5.09,5.09,4.66,5.04,1144277,11216898.000
2008-07-02,5.04,5.15,4.95,5.08,546789,5538911.000
2008-07-03,5.07,5.24,4.78,5.18,781790,8017992.000
2008-07-04,5.18,5.35,5.07,5.22,1227277,12859385.000
2008-07-07,5.20,5.59,5.19,5.47,1838142,20142614.000
2008-07-08,5.50,5.65,5.39,5.49,1642794,18152272.000
2008-07-09,5.41,5.73,5.41,5.68,3345876,37663440.000
2008-07-10,5.64,6.05,5.40,5.71,4206133,47995468.000
2008-07-11,5.70,5.84,5.45,5.55,1469639,16358086.000
2008-07-14,5.55,5.64,5.46,5.63,788005,8752298.000
2008-07-15,5.68,5.69,5.30,5.34,1160723,12707414.000
2008-07-16,5.25,5.40,4.94,5.03,984569,10106713.000
2008-07-17,5.15,5.15,4.78,4.84,885699,8809695.000
2008-07-18,4.84,5.05,4.80,5.00,662542,6512755.000
2008-07-21,5.00,5.29,4.91,5.23,858000,8821701.000
2008-07-22,5.25,5.28,5.11,5.19,859362,8911976.000
2008-07-23,5.24,5.32,5.11,5.29,798748,8388887.000
2008-07-24,5.29,5.55,5.25,5.39,2249853,24214724.000
2008-07-25,5.39,5.39,5.18,5.19,972081,10257629.000
2008-07-28,5.24,5.37,5.16,5.24,933879,9852216.000
2008-07-29,5.16,5.16,4.95,4.96,1113689,11126576.000
2008-07-30,5.00,5.07,4.50,4.63,3643294,34053960.000
2008-07-31,4.68,4.69,4.35,4.38,3080341,27390642.000
2008-08-01,4.35,4.40,4.22,4.32,4403094,37995272.000
2008-08-04,4.34,4.76,4.34,4.76,9883281,92606160.000
2008-08-05,4.76,4.86,4.51,4.52,4451293,41835696.000
2008-08-06,4.39,4.53,4.07,4.24,3070664,26272408.000
2008-08-07,4.20,4.32,4.16,4.26,1475217,12508946.000
2008-08-08,4.20,4.21,3.84,3.84,2743723,21723992.000
2008-08-11,3.73,3.73,3.45,3.45,3056300,21204602.000
2008-08-12,3.20,3.45,3.11,3.37,3225918,20900414.000
2008-08-13,3.25,3.35,3.05,3.31,1726365,11080783.000
2008-08-14,3.29,3.43,3.16,3.38,1734394,11644317.000
2008-08-15,3.43,3.43,3.25,3.33,1082336,7185905.000
2008-08-18,3.30,3.37,2.99,2.99,1025845,6337759.000
2008-08-19,2.90,3.02,2.80,2.95,1325828,7735159.000
2008-08-20,2.91,3.24,2.80,3.23,2413819,15182018.000
2008-08-21,3.14,3.24,2.99,3.00,1053620,6504612.000
2008-08-22,2.92,3.04,2.90,2.99,479669,2841299.000
2008-08-25,2.95,3.04,2.84,2.93,502732,2950473.000
2008-08-26,2.85,3.00,2.64,2.90,1347110,7335614.000
2008-08-27,2.80,3.08,2.70,2.96,1661711,9687445.000
2008-08-28,2.88,3.00,2.88,2.92,366801,2150670.000
2008-08-29,2.98,3.04,2.86,2.97,733264,4352997.000
2008-09-01,2.92,2.94,2.80,2.89,466042,2663726.000
2008-09-02,2.84,2.92,2.79,2.88,281341,1611264.000
2008-09-03,2.90,2.95,2.76,2.82,473296,2686247.000
2008-09-04,2.86,2.86,2.70,2.83,568780,3152425.000
2008-09-05,2.75,2.85,2.63,2.78,1353880,7487092.000
2008-09-08,2.78,2.78,2.58,2.69,554418,2953296.000
2008-09-09,2.69,2.79,2.65,2.73,619427,3386859.000
2008-09-10,2.66,2.77,2.66,2.69,372728,2033725.000
2008-09-11,2.63,2.70,2.55,2.65,546521,2856341.000
2008-09-12,2.64,2.75,2.60,2.63,778023,4161681.000
2008-09-16,2.67,2.67,2.44,2.59,917651,4729876.000
2008-09-17,2.54,2.59,2.35,2.38,810539,3935766.000
2008-09-18,2.31,2.31,2.14,2.20,1326010,5809017.000
2008-09-19,2.38,2.42,2.35,2.42,1224198,5888336.000
2008-09-22,2.60,2.66,2.50,2.66,4758789,24958386.000
2008-09-23,2.62,2.89,2.55,2.73,3141411,17087264.000
2008-09-24,2.70,2.79,2.59,2.75,1116194,5995075.000
2008-09-25,2.75,3.02,2.66,2.92,2339341,13786578.000
2008-09-26,2.94,3.09,2.88,3.03,1878544,11215330.000
2008-10-06,2.95,2.95,2.72,2.72,1239201,6927872.000
2008-10-07,2.70,2.79,2.58,2.68,927610,4982113.000
2008-10-08,2.61,2.69,2.49,2.50,1242060,6418406.000
2008-10-09,2.60,2.69,2.55,2.67,1632985,8547010.000
2008-10-10,2.58,2.60,2.41,2.41,1219269,6010135.000
2008-10-13,2.35,2.44,2.21,2.43,1139435,5266654.000
2008-10-14,2.45,2.54,2.31,2.36,1685701,8337604.000
2008-10-15,2.27,2.38,2.15,2.34,757589,3459602.000
2008-10-16,2.24,2.50,2.17,2.25,1927607,8989718.000
2008-10-17,2.30,2.30,2.10,2.16,1467404,6440232.000
2008-10-20,2.16,2.27,2.05,2.25,1183378,5130118.000
2008-10-21,2.25,2.33,2.17,2.27,2652290,11885019.000
2008-10-22,2.23,2.23,2.10,2.20,1106446,4803981.000
2008-10-23,2.21,2.40,2.21,2.38,2427849,11136700.000
2008-10-24,2.34,2.38,2.23,2.34,1247324,5758494.000
2008-10-27,2.25,2.29,2.10,2.16,1847790,7967754.000
2008-10-28,2.11,2.19,2.01,2.18,888651,3801590.000
2008-10-29,2.20,2.22,2.05,2.08,530555,2245910.000
2008-10-30,2.10,2.10,1.88,1.97,1244997,5024578.000
2008-10-31,1.90,2.02,1.80,2.00,1436692,5509718.000
2008-11-03,1.95,2.00,1.90,2.00,783200,3082079.000
2008-11-04,1.95,1.95,1.82,1.85,879499,3269457.000
2008-11-05,1.85,1.92,1.80,1.86,1172220,4404907.000
2008-11-06,1.84,1.84,1.67,1.75,758623,2680533.000
2008-11-07,1.70,1.92,1.66,1.90,2536800,9355507.000
2008-11-10,1.90,2.08,1.86,2.03,3576512,14199284.000
2008-11-11,2.00,2.10,1.94,1.95,3557304,14370786.000
2008-11-12,1.92,2.05,1.87,2.04,4051316,15897184.000
2008-11-13,2.00,2.15,1.95,2.14,8612633,35686636.000
2008-11-14,2.15,2.20,2.10,2.19,7264091,31380598.000
2008-11-17,2.15,2.27,2.11,2.25,7280266,31932014.000
2008-11-18,2.22,2.29,2.03,2.03,4064914,17558774.000
2008-11-19,2.03,2.19,1.93,2.16,6270286,25952752.000
2008-11-20,2.10,2.38,2.07,2.29,7891603,35605736.000
2008-11-21,2.22,2.52,2.06,2.52,16119085,77757896.000
2008-11-24,2.58,2.75,2.46,2.61,18170299,94674576.000
2008-11-25,2.57,2.69,2.35,2.55,8201493,40727160.000
2008-11-26,2.47,2.69,2.36,2.57,6354016,32589400.000
2008-11-27,2.82,2.82,2.70,2.72,15788964,88866960.000
2008-11-28,2.67,2.67,2.45,2.49,11447667,57800848.000
2008-12-01,2.40,2.59,2.31,2.46,8639680,42671380.000
2008-12-02,2.40,2.49,2.36,2.42,5074173,24669610.000
2008-12-03,2.46,2.67,2.42,2.61,10916229,56673120.000
2008-12-04,2.65,2.72,2.53,2.57,9312427,49192776.000
2008-12-05,2.54,2.79,2.50,2.76,8177450,43938684.000
2008-12-08,2.79,2.88,2.72,2.84,11757891,65715288.000
2008-12-09,2.80,2.80,2.64,2.67,4994285,27180336.000
2008-12-10,2.64,2.70,2.55,2.67,6216662,32841044.000
2008-12-11,2.71,2.75,2.58,2.60,6544401,35076216.000
2008-12-12,2.60,2.69,2.41,2.48,5033958,25831724.000
2008-12-15,2.51,2.54,2.39,2.46,3351749,16428065.000
2008-12-16,2.44,2.58,2.40,2.57,4706711,23558156.000
2008-12-17,2.61,2.62,2.54,2.57,4310694,22210176.000
2008-12-18,2.61,2.63,2.55,2.60,5429204,28267732.000
2008-12-19,2.60,2.63,2.54,2.55,5490776,28252972.000
2008-12-22,2.55,2.55,2.42,2.45,4982411,24605270.000
2008-12-23,2.48,2.49,2.22,2.24,4358203,20401228.000
2008-12-24,2.19,2.19,2.08,2.11,3422751,14576515.000
2008-12-25,2.13,2.16,2.03,2.09,2728366,11394257.000
2008-12-26,2.10,2.12,2.06,2.09,2635085,11004888.000
2008-12-29,2.06,2.09,1.95,2.05,2982359,12001292.000
2008-12-30,2.04,2.06,1.97,2.01,2653000,10642136.000
2008-12-31,2.03,2.04,1.95,1.98,2556106,10180618.000
2009-01-05,2.01,2.07,1.98,2.06,2934479,11883743.000
2009-01-06,2.01,2.20,2.01,2.17,5132106,21687488.000
2009-01-07,2.15,2.18,2.12,2.13,4116569,17634270.000
2009-01-08,2.10,2.17,2.00,2.15,6675322,28053286.000
2009-01-09,2.12,2.18,2.09,2.15,3807399,16281780.000
2009-01-12,2.14,2.16,2.09,2.10,3417277,14532054.000
2009-01-13,2.10,2.29,2.06,2.26,11056590,48636244.000
2009-01-14,2.25,2.40,2.21,2.38,11443554,53215076.000
2009-01-15,2.33,2.37,2.29,2.32,7291864,34009576.000
2009-01-16,2.32,2.39,2.27,2.30,6398650,29898508.000
2009-01-19,2.34,2.36,2.22,2.26,3092537,14156627.000
2009-01-20,2.25,2.27,2.17,2.22,2728554,12062813.000
2009-01-21,2.18,2.27,2.18,2.26,2954592,13216000.000
2009-01-22,2.25,2.29,2.21,2.25,2789664,12575190.000
2009-01-23,2.25,2.27,2.20,2.23,2163431,9681452.000
2009-02-02,2.23,2.28,2.20,2.28,3361563,15167719.000
2009-02-03,2.28,2.38,2.26,2.36,7687030,35803512.000
2009-02-04,2.38,2.59,2.38,2.59,22730855,115719640.000
2009-02-05,2.60,2.73,2.54,2.59,17108828,89800336.000
2009-02-06,2.65,2.77,2.60,2.70,10149814,54649256.000
2009-02-09,2.79,2.83,2.67,2.76,11240932,61645624.000
2009-02-10,2.75,2.83,2.67,2.80,12126618,67344024.000
2009-02-11,2.74,3.03,2.71,2.86,12249741,70667768.000
2009-02-12,2.85,3.00,2.70,2.96,11358178,64432236.000
2009-02-13,2.94,3.22,2.90,3.09,15370583,94625368.000
2009-02-16,3.16,3.26,3.08,3.13,13557595,85244176.000
2009-02-17,3.11,3.12,2.89,2.90,11789956,70198920.000
2009-02-18,2.85,2.87,2.72,2.74,6991920,38980264.000
2009-02-19,2.76,2.84,2.69,2.77,5122647,28380600.000
2009-02-20,2.77,2.83,2.69,2.81,5996506,33204924.000
2009-02-23,2.89,2.97,2.85,2.92,10044870,58704236.000
2009-02-24,2.89,3.03,2.76,2.80,10599707,61828076.000
2009-02-25,2.76,2.83,2.56,2.70,9930502,53286756.000
2009-02-26,2.69,2.71,2.43,2.43,6488186,33533604.000
2009-02-27,2.43,2.44,2.25,2.28,4561990,21219848.000
2009-03-02,2.26,2.38,2.25,2.36,3373712,15776019.000
2009-03-03,2.32,2.41,2.23,2.37,3913684,18312222.000
2009-03-04,2.35,2.60,2.35,2.60,11029405,56219636.000
2009-03-05,2.60,2.66,2.52,2.64,8370326,43586312.000
2009-03-06,2.63,2.85,2.54,2.76,15010672,82690928.000
2009-03-09,2.84,2.84,2.58,2.63,8526602,46149464.000
2009-03-10,2.58,2.77,2.53,2.75,5160665,27156072.000
2009-03-11,2.77,2.81,2.68,2.71,6080297,33377360.000
2009-03-12,2.66,2.78,2.60,2.73,4357344,23453906.000
2009-03-13,2.81,2.83,2.69,2.71,5288904,29243686.000
2009-03-16,2.63,2.75,2.60,2.74,3264721,17499840.000
2009-03-17,2.75,2.92,2.72,2.88,11880182,67640544.000
2009-03-18,2.88,2.96,2.82,2.85,9382140,54260104.000
2009-03-19,2.84,2.91,2.84,2.87,7671287,44205556.000
2009-03-20,2.88,2.90,2.74,2.77,9074446,50774516.000
2009-03-23,2.79,3.05,2.78,3.05,25653572,154956864.000
2009-03-24,3.10,3.26,3.06,3.24,26435754,166583392.000
2009-03-25,3.18,3.32,3.10,3.14,17312969,111624048.000
2009-03-26,3.11,3.46,3.11,3.46,22633889,150867376.000
2009-03-27,3.55,3.64,3.41,3.50,17261657,121445520.000
2009-03-30,3.53,3.65,3.45,3.50,13242357,93773792.000
2009-03-31,3.38,3.67,3.29,3.61,13439668,93597904.000
2009-04-01,3.63,3.89,3.63,3.83,12539755,93566728.000
2009-04-02,3.80,3.92,3.70,3.73,12455635,94442712.000
2009-04-03,3.80,3.98,3.77,3.87,13950038,108652896.000
2009-04-07,3.82,3.89,3.73,3.82,5454661,41317200.000
2009-04-08,3.86,3.96,3.73,3.79,7990797,61385232.000
2009-04-09,3.74,3.98,3.70,3.97,5777875,44954632.000
2009-04-10,3.98,4.25,3.98,4.24,5297712,43719376.000
2009-04-13,4.25,4.45,4.10,4.30,7634671,65763444.000
2009-04-14,4.28,4.35,4.17,4.33,5976158,51142504.000
2009-04-15,4.25,4.53,4.25,4.47,10077568,88532120.000
2009-04-16,4.50,4.68,4.39,4.62,8175836,73687592.000
2009-04-17,4.59,4.78,4.44,4.70,4654991,43327532.000
2009-04-20,4.70,4.90,4.63,4.86,5157797,48883956.000
2009-04-21,4.82,4.89,4.65,4.71,6019179,57163856.000
2009-04-22,4.71,4.80,4.33,4.38,7493734,67605184.000
2009-04-23,4.32,4.61,4.18,4.53,6881166,60201964.000
2009-04-24,4.53,4.55,4.31,4.33,4818303,42737656.000
2009-04-27,4.32,4.32,4.03,4.03,4079336,33431374.000
2009-04-28,4.05,4.13,3.99,4.09,3013356,24471136.000
2009-04-29,4.09,4.31,4.01,4.27,4974644,41544448.000
2009-04-30,4.28,4.43,4.23,4.27,5284745,45895340.000
2009-05-04,4.27,4.61,4.25,4.53,6635064,59190992.000
2009-05-05,4.57,4.68,4.53,4.59,5822913,53491648.000
2009-05-06,4.60,4.76,4.53,4.71,8436845,78665264.000
2009-05-07,4.80,4.80,4.45,4.61,6671904,61251320.000
2009-05-08,4.59,4.86,4.40,4.76,10153023,95477864.000
2009-05-11,4.73,4.80,4.32,4.36,7318231,67215896.000
2009-05-13,4.55,4.55,4.36,4.43,6403596,56822416.000
2009-05-14,4.40,4.49,4.33,4.47,3537472,31134856.000
2009-05-15,4.47,4.53,4.34,4.49,3549107,31487324.000
2009-05-18,4.45,4.49,4.26,4.45,5313285,46212496.000
2009-05-19,4.45,4.53,4.41,4.49,4681361,42040868.000
2009-05-20,4.55,4.61,4.47,4.55,4951708,44977524.000
2009-05-21,4.53,4.61,4.30,4.36,6958187,61313244.000
2009-05-22,4.28,4.28,4.09,4.24,8028241,66964468.000
2009-05-25,4.14,4.20,4.05,4.17,3891144,32160360.000
2009-05-26,4.25,4.26,4.07,4.13,3842350,31700908.000
2009-05-27,4.13,4.19,4.10,4.13,1723409,14266982.000
2009-06-01,4.25,4.35,4.18,4.30,5779581,49089496.000
2009-06-02,4.34,4.35,4.26,4.28,3342606,28800416.000
2009-06-03,4.30,4.71,4.30,4.71,29586937,277311488.000
2009-06-04,4.84,5.14,4.76,5.04,36940693,365595456.000
2009-06-05,4.95,5.05,4.90,4.98,12757325,126677280.000
2009-06-08,4.98,5.44,4.86,5.28,19945137,207847312.000
2009-06-09,5.25,5.38,5.11,5.21,11501181,120194104.000
2009-06-10,5.15,5.30,5.00,5.08,8005230,81814672.000
2009-06-11,5.05,5.14,4.95,5.01,7808351,78571984.000
2009-06-12,4.95,5.11,4.89,5.01,8935143,89764864.000
2009-06-15,4.99,5.29,4.95,5.25,6958028,71620344.000
2009-06-16,5.17,5.40,5.05,5.21,7856119,82928872.000
2009-06-17,5.14,5.70,5.01,5.43,9975204,106288752.000
2009-06-18,5.38,5.50,5.30,5.31,7246360,77997504.000
2009-06-19,5.31,5.40,5.11,5.23,5512003,58336576.000
2009-06-22,5.13,5.37,5.13,5.24,4035632,42484724.000
2009-06-23,5.15,5.28,5.13,5.19,2369418,24608144.000
2009-06-24,5.19,5.41,5.15,5.38,6360216,68017656.000
2009-06-25,5.40,5.92,5.36,5.92,23510759,274115232.000
2009-06-26,5.95,6.25,5.80,5.90,15984983,192933936.000
2009-06-29,5.90,6.42,5.90,6.09,12330679,152777792.000
2009-06-30,6.13,6.29,5.90,6.25,10775690,132593864.000
2009-07-01,6.25,6.66,6.11,6.43,20444377,263844864.000
2009-07-02,6.41,6.80,6.41,6.69,13460634,179753536.000
2009-07-03,6.69,6.94,6.60,6.78,11031020,149363968.000
2009-07-06,6.75,6.98,6.50,6.62,6465520,86606408.000
2009-07-07,6.60,6.60,6.34,6.36,7040505,90194328.000
2009-07-08,6.30,6.72,6.24,6.63,9848358,128169152.000
2009-07-09,6.63,7.29,6.50,7.24,22388388,311896576.000
2009-07-10,7.10,7.48,6.95,7.26,16317507,236945808.000
2009-07-13,7.25,7.54,7.25,7.32,9655810,143186832.000
2009-07-21,7.60,8.05,7.40,8.02,23097566,365756704.000
2009-07-22,7.82,8.05,7.72,7.98,15375942,243207616.000
2009-07-23,7.98,8.71,7.95,8.54,14957286,252441744.000
2009-07-24,8.60,8.85,8.27,8.57,13158671,224205248.000
2009-07-27,8.61,8.74,8.25,8.55,8683566,146994352.000
2009-07-28,8.48,9.15,8.28,9.00,15411366,269219488.000
2009-07-29,8.95,8.95,8.10,8.11,10943249,185599008.000
2009-07-30,8.02,8.33,7.51,7.92,11732053,184199424.000
2009-07-31,7.95,8.29,7.75,8.11,9883055,159274720.000
2009-08-03,8.12,8.29,7.85,8.15,9460367,152156480.000
2009-08-04,8.13,8.75,8.10,8.41,14301497,243941728.000
2009-08-05,8.30,8.30,7.92,8.10,8317685,134485792.000
2009-08-06,8.10,8.43,7.50,8.13,12526641,201478720.000
2009-08-07,7.95,8.10,7.51,7.62,6563591,102821816.000
2009-08-10,7.65,7.84,7.41,7.60,5628893,85208424.000
2009-08-11,7.67,7.93,7.52,7.70,4720066,73387576.000
2009-08-12,7.71,8.15,7.70,7.96,12830025,203650784.000
2009-08-13,7.95,8.36,7.50,8.19,14309608,231285360.000
2009-08-14,8.15,8.42,8.03,8.05,10843360,177995040.000
2009-08-17,8.00,8.00,7.25,7.34,10819260,163236048.000
2009-08-18,7.34,7.46,6.91,7.23,4975620,71938496.000
2009-08-19,7.34,7.40,6.80,6.97,5510138,78833456.000
2009-08-20,7.16,7.30,6.84,7.19,8944517,126945872.000
2009-08-24,7.49,7.55,7.25,7.46,8072885,120029704.000
2009-08-25,7.34,7.36,6.99,7.06,7117533,101645888.000
2009-08-26,7.06,7.32,6.95,7.25,8629907,124971376.000
2009-08-27,7.25,7.26,7.00,7.12,5216467,74094416.000
2009-08-28,7.07,7.14,6.57,6.59,7457693,100860392.000
2009-08-31,6.61,6.64,5.93,5.93,8832672,108180600.000
2009-09-01,5.78,6.34,5.71,6.02,6759341,81729800.000
2009-09-02,5.95,6.25,5.80,6.24,7824308,96144336.000
2009-09-03,6.24,6.80,6.20,6.78,11232680,148493808.000
2009-09-04,6.69,7.14,6.69,6.82,10063363,139894976.000
2009-09-07,6.75,7.02,6.59,6.73,8200977,111997152.000
2009-09-08,6.70,7.15,6.34,7.12,11838047,164135552.000
2009-09-09,7.13,7.38,7.07,7.38,10202093,148131488.000
2009-09-10,7.25,7.65,7.17,7.32,8013561,119566032.000
2009-09-11,7.30,7.82,7.26,7.66,10122445,154604208.000
2009-09-14,7.94,8.34,7.79,8.09,13802424,224185616.000
2009-09-15,8.14,8.22,8.00,8.10,8905362,144235264.000
2009-09-16,8.05,8.29,7.75,8.13,10670831,171838672.000
2009-09-17,8.13,8.27,8.05,8.19,7471446,122003824.000
2009-09-18,8.20,8.24,7.72,7.76,7525735,119878168.000
2009-09-21,7.65,7.93,7.36,7.92,6395838,97135856.000
2009-09-22,7.75,8.13,7.59,7.60,6496598,102568296.000
2009-09-23,7.45,7.69,7.01,7.15,8673558,126419480.000
2009-09-24,7.14,7.60,6.92,7.55,10286698,150425536.000
2009-09-25,7.40,7.85,7.38,7.64,9374422,143331760.000
2009-09-28,7.67,7.81,7.10,7.18,6147137,92375688.000
2009-09-29,7.14,7.36,6.83,7.07,6831548,96964840.000
2009-09-30,7.18,7.39,7.09,7.21,6637282,96266480.000
2009-10-09,7.38,7.67,7.26,7.66,11503293,173314432.000
2009-10-12,7.75,7.96,7.61,7.80,9182129,143592992.000
2009-10-13,7.82,8.14,7.75,8.13,10801338,171194000.000
2009-10-14,8.23,8.75,8.14,8.44,21400281,362539360.000
2009-10-15,8.44,8.66,8.24,8.35,11691221,196758864.000
2009-10-16,8.35,8.60,8.25,8.59,9737255,163701920.000
2009-10-19,8.65,9.44,8.65,9.44,22718782,423879680.000
2009-10-20,9.80,9.89,9.51,9.71,30933667,598579648.000
2009-10-21,9.60,10.34,9.53,9.74,22146076,443223904.000
2009-10-22,9.60,10.02,9.47,9.88,14074054,276864480.000
2009-10-23,9.69,10.65,9.69,10.38,18564312,383069440.000
2009-10-26,10.45,10.47,10.10,10.28,10986518,225484288.000
2009-10-27,10.15,10.15,9.60,9.76,12264408,242444624.000
2009-10-28,9.65,10.07,9.45,10.05,11577481,225771296.000
2009-10-29,9.85,9.85,9.10,9.22,18010918,340846720.000
2009-10-30,9.40,9.55,9.09,9.12,14253057,265764880.000
2009-11-02,8.62,10.01,8.60,10.00,15623434,292495488.000
2009-11-03,10.14,10.30,9.85,10.17,17691202,357746880.000
2009-11-04,10.02,10.32,9.93,9.98,12876183,259797744.000
2009-11-05,9.97,10.35,9.97,10.05,10121266,205435856.000
2009-11-06,10.17,10.22,9.90,10.05,11510454,231881888.000
2009-11-09,10.00,10.12,9.60,9.89,9514477,187902416.000
2009-11-10,9.86,10.22,9.86,10.06,12582358,253169344.000
2009-11-11,10.00,10.07,9.80,9.87,7287412,144532960.000
2009-11-12,9.87,9.99,9.75,9.80,7110804,139926992.000
2009-11-13,9.72,9.87,9.57,9.70,5915525,114759184.000
2009-11-16,9.71,10.14,9.71,10.09,12008599,239777696.000
2009-11-17,10.15,10.25,10.07,10.10,11275130,229061632.000
2009-11-18,10.10,10.14,9.84,9.87,9199144,182248304.000
2009-11-19,9.90,10.14,9.90,10.01,7320378,146166048.000
2009-11-20,10.01,10.99,9.90,10.76,22419529,468266560.000
2009-11-23,10.74,10.75,10.47,10.66,12826772,271593280.000
2009-11-24,10.63,10.97,10.26,10.30,20706367,438816416.000
2009-11-25,10.24,10.50,10.13,10.41,13607794,280479328.000
2009-11-26,10.35,10.89,9.95,10.05,16621119,348275616.000
2009-11-27,9.74,10.01,9.25,9.51,12897332,248746336.000
2009-11-30,9.57,9.76,9.40,9.76,7573628,145883488.000
2009-12-01,9.77,9.93,9.68,9.86,7858281,154004768.000
2009-12-02,9.91,10.39,9.74,10.14,12617822,254066112.000
2009-12-03,10.04,10.22,9.84,9.94,7817475,156092992.000
2009-12-04,9.89,10.00,9.40,9.76,12458616,242175520.000
2009-12-07,9.35,10.00,9.35,9.97,9343357,183107440.000
2009-12-08,10.00,10.22,9.75,9.85,8962479,179160544.000
2009-12-09,9.70,9.84,9.49,9.51,6004289,115437656.000
2009-12-10,9.50,9.70,9.40,9.52,4503342,85710448.000
2009-12-11,9.60,9.65,9.50,9.57,3752348,71887864.000
2009-12-14,9.60,9.60,9.25,9.43,3482395,65507680.000
2009-12-15,9.35,9.35,8.95,8.98,8881839,160715968.000
2009-12-16,8.96,9.11,8.88,9.02,5289460,95256400.000
2009-12-17,9.05,9.35,9.03,9.16,8081080,148197920.000
2009-12-18,8.99,8.99,8.24,8.24,8379861,141201744.000
2009-12-21,8.07,8.47,7.80,8.33,8232396,133521360.000
2009-12-22,8.25,8.30,7.95,8.14,5482314,89122896.000
2009-12-23,8.13,8.29,8.11,8.24,3946762,64879500.000
2009-12-24,8.23,8.55,8.15,8.53,5965175,100451400.000
2009-12-25,8.60,8.73,8.43,8.58,4857585,83305456.000
2009-12-28,8.58,8.93,8.55,8.87,5359775,94680792.000
2009-12-29,8.88,8.88,8.59,8.75,4672387,81287344.000
2009-12-30,8.65,8.89,8.64,8.78,6824087,120058144.000
2009-12-31,8.78,9.00,8.70,8.98,6561531,116856160.000
2010-01-04,9.05,9.51,9.05,9.30,10321207,192948064.000
2010-01-05,9.28,9.40,9.01,9.22,6201159,113694000.000
2010-01-06,9.19,9.88,9.07,9.59,12652353,241810848.000
2010-01-07,9.43,9.69,9.30,9.47,9188724,174255680.000
2010-01-08,9.44,9.64,9.24,9.57,5891987,111703536.000
2010-01-11,9.59,9.65,9.00,9.19,8080462,148858496.000
2010-01-12,9.14,9.63,9.07,9.50,7414236,139705696.000
2010-01-13,9.29,9.29,8.85,9.01,8625930,156784704.000
2010-01-14,8.93,9.33,8.93,9.26,5187423,95054808.000
2010-01-15,9.48,10.17,9.47,9.88,14756382,290266560.000
2010-01-18,9.99,10.86,9.90,10.86,29350943,619965888.000
2010-01-19,10.94,11.18,10.51,10.95,17584145,384302432.000
2010-01-20,10.94,11.18,10.44,10.65,16532579,360214816.000
2010-01-21,10.80,11.30,10.63,10.89,18636628,410117056.000
2010-01-22,10.70,10.70,9.80,10.01,19998221,402374976.000
2010-01-25,9.75,10.22,9.34,10.15,18157029,356772832.000
2010-01-26,9.99,10.14,9.20,9.72,24760362,481072768.000
2010-01-27,9.76,9.89,8.76,9.14,36247902,668386624.000
2010-01-28,9.10,9.69,8.81,9.20,46880047,868825920.000
2010-01-29,8.90,9.17,8.50,8.55,38169777,670805120.000
2010-02-02,7.70,8.02,7.70,7.70,53779110,836471616.000
2010-02-03,7.40,7.45,7.02,7.38,41050300,596761216.000
2010-02-04,7.25,7.59,7.18,7.40,34931339,520291264.000
2010-02-05,7.23,7.29,6.96,7.10,21504208,306547936.000
2010-02-08,7.14,7.32,7.10,7.29,16042303,230686512.000
2010-02-09,7.22,7.28,7.13,7.21,10739490,154301280.000
2010-02-10,7.29,7.59,7.22,7.50,23266855,345479520.000
2010-02-11,7.50,7.50,7.36,7.43,13081820,194197728.000
2010-02-12,7.50,7.70,7.44,7.60,17524348,265673920.000
2010-02-22,7.50,7.50,7.27,7.32,15162624,223328096.000
2010-02-23,7.28,7.57,7.25,7.50,19169752,283719104.000
2010-02-24,7.43,7.88,7.34,7.72,24251821,368696576.000
2010-02-25,7.69,7.89,7.65,7.88,25306149,395116128.000
2010-02-26,7.90,7.97,7.73,7.76,20260902,317922144.000
2010-03-01,7.77,7.78,7.61,7.70,17989904,276732032.000
2010-03-02,7.71,8.05,7.65,8.04,26690340,419169024.000
2010-03-03,8.00,8.00,7.86,7.95,17068317,270720928.000
2010-03-04,7.80,7.93,7.50,7.53,22094583,343524928.000
2010-03-05,7.50,7.60,7.30,7.44,13123118,194958176.000
2010-03-08,7.38,7.57,7.32,7.50,10729233,160005440.000
2010-03-09,7.49,7.79,7.32,7.67,17938157,273758848.000
2010-03-10,7.64,7.67,7.42,7.47,10416303,157232144.000
2010-03-11,7.45,7.58,7.38,7.49,6627243,99087656.000
2010-03-12,7.43,7.47,7.22,7.24,10278308,150498096.000
2010-03-15,7.22,7.22,7.10,7.17,5565902,79770336.000
2010-03-16,7.19,7.34,7.17,7.25,6956015,100975792.000
2010-03-17,7.24,7.80,7.22,7.63,25146194,383459584.000
2010-03-18,7.60,7.77,7.59,7.67,17461533,269021344.000
2010-03-19,7.67,7.81,7.65,7.71,12108389,187134784.000
2010-03-22,7.72,7.75,7.53,7.59,10172887,154586096.000
2010-03-23,7.59,7.60,7.43,7.46,8455049,126635024.000
2010-03-24,7.46,7.64,7.45,7.58,10668334,161298704.000
2010-03-25,7.57,7.57,7.32,7.35,10269396,151929696.000
2010-03-26,7.33,7.52,7.33,7.46,6730526,100209456.000
2010-03-29,7.45,7.66,7.40,7.62,14127186,213524432.000
2010-03-30,7.63,7.65,7.52,7.63,9370899,142189584.000
2010-03-31,7.62,7.72,7.53,7.61,11125977,169879520.000
2010-04-01,7.67,8.09,7.67,7.95,27007924,424071040.000
2010-04-02,7.91,8.13,7.89,7.97,19825867,317942912.000
2010-04-06,7.98,8.05,7.65,7.72,20944383,325641504.000
2010-04-07,7.70,7.70,7.53,7.61,14414960,219006208.000
2010-04-08,7.64,7.66,7.54,7.57,11680081,177462960.000
2010-04-09,7.58,7.63,7.52,7.61,8896920,134837344.000
2010-04-12,7.60,7.61,7.31,7.36,15992263,236680672.000
2010-04-13,7.30,7.45,7.25,7.42,11729923,172708640.000
2010-04-14,7.42,7.43,7.32,7.39,5876869,86607352.000
2010-04-15,7.20,7.20,6.80,6.88,23740583,329302240.000
2010-04-16,6.84,6.85,6.68,6.84,11469779,155202848.000
2010-04-19,6.65,6.66,6.16,6.20,15268333,196840592.000
2010-04-20,6.13,6.19,5.75,5.96,12627435,150224544.000
2010-04-21,5.96,6.14,5.86,6.10,10225503,123095344.000
2010-04-22,6.07,6.07,5.82,5.86,8302148,98315368.000
2010-04-23,5.80,5.94,5.76,5.88,6608905,77571216.000
2010-04-26,5.90,6.05,5.84,5.98,10924561,130642992.000
2010-04-27,5.96,6.13,5.84,6.10,14456913,174643728.000
2010-04-28,6.00,6.13,5.92,6.00,6979024,83814112.000
2010-04-29,5.88,5.88,5.42,5.43,20385581,230369328.000
2010-04-30,5.27,5.34,5.05,5.11,12313166,127497152.000
2010-05-04,4.94,5.05,4.86,4.97,9183908,91163200.000
2010-05-05,4.90,5.22,4.86,5.13,11808169,120078032.000
2010-05-06,5.06,5.07,4.75,4.78,9185834,90447320.000
2010-05-07,4.67,4.89,4.63,4.73,7018314,67137608.000
2010-05-10,4.70,4.96,4.70,4.89,9905257,96265896.000
2010-05-11,4.97,4.99,4.68,4.70,9205248,89424576.000
2010-05-12,4.65,5.17,4.60,5.17,34050075,349807008.000
2010-05-13,5.08,5.18,4.90,5.17,23194101,234575648.000
2010-05-14,5.06,5.21,4.96,5.09,18762172,190368384.000
2010-05-17,4.96,5.03,4.58,4.58,13839329,133801344.000
2010-05-18,4.61,5.00,4.35,4.86,21425643,200939504.000
2010-05-19,4.71,4.84,4.60,4.72,14081089,132720400.000
2010-05-20,4.65,4.76,4.51,4.53,9363056,86534776.000
2010-05-21,4.35,4.78,4.31,4.73,14502814,134395968.000
2010-05-24,4.82,5.07,4.78,5.00,19538543,194171392.000
2010-05-25,4.89,4.93,4.78,4.86,11271243,109434688.000
2010-05-26,4.85,4.93,4.75,4.89,7612620,73858400.000
2010-05-27,4.83,4.93,4.71,4.90,8545471,82897008.000
2010-05-28,4.93,4.96,4.72,4.78,9207598,88886856.000
2010-05-31,4.69,4.86,4.64,4.64,7596467,72159048.000
2010-06-01,4.57,4.63,4.42,4.48,6476716,58633284.000
2010-06-02,4.50,4.67,4.47,4.65,7311820,67225312.000
2010-06-03,4.65,4.69,4.53,4.53,7097558,65433668.000
2010-06-04,4.49,4.99,4.45,4.99,15637413,151840896.000
2010-06-07,4.95,5.15,4.89,5.01,26156130,261754992.000
2010-06-08,4.95,5.09,4.91,5.06,15468867,154538864.000
2010-06-09,5.07,5.34,4.96,5.23,24099106,247662656.000
2010-06-10,5.11,5.17,5.03,5.06,15140260,154230272.000
2010-06-11,5.07,5.11,4.97,5.07,10433894,105405664.000
2010-06-17,5.05,5.14,5.01,5.07,8647256,87892584.000
2010-06-18,5.05,5.21,4.90,4.92,12450581,126560992.000
2010-06-21,4.99,5.26,4.88,5.22,17057006,175072080.000
2010-06-22,5.17,5.23,5.13,5.18,10976396,113565120.000
2010-06-23,5.14,5.21,5.05,5.11,9664517,98893168.000
2010-06-24,5.11,5.29,5.11,5.15,10370048,107656112.000
2010-06-25,5.08,5.16,5.00,5.07,8070350,81644928.000
2010-06-29,5.13,5.27,4.65,4.66,16397848,163980208.000
2010-06-30,4.52,4.60,4.32,4.38,9885211,87167272.000
2010-07-01,4.38,4.57,4.38,4.40,6929750,61841512.000
2010-07-02,4.36,4.64,4.20,4.57,9148695,81509656.000
2010-07-05,4.44,4.62,4.36,4.57,7608610,68338712.000
2010-07-06,4.55,4.63,4.49,4.59,7205564,65842968.000
2010-07-07,4.59,4.63,4.55,4.61,6062916,55592232.000
2010-07-08,4.63,4.67,4.55,4.55,6832641,63074712.000
2010-07-09,4.55,4.72,4.51,4.68,9356603,86889232.000
2010-07-12,4.69,5.14,4.65,4.98,19489592,193780272.000
2010-07-13,4.84,4.85,4.68,4.73,9975026,94922440.000
2010-07-14,4.73,4.84,4.71,4.76,8520315,81297920.000
2010-07-15,4.71,4.86,4.66,4.68,6859034,65641648.000
2010-07-16,4.63,4.82,4.61,4.78,8218667,77918800.000
2010-07-19,4.72,4.91,4.70,4.88,9829289,95402088.000
2010-07-20,4.89,5.20,4.88,5.07,14851073,149352352.000
2010-07-21,5.05,5.20,5.05,5.09,15213539,155453536.000
2010-07-22,5.03,5.32,5.03,5.26,18280385,191022896.000
2010-07-23,5.26,5.26,5.11,5.18,12696026,131481624.000
2010-07-26,5.18,5.25,5.12,5.22,9239640,95968736.000
2010-07-27,5.19,5.46,5.15,5.36,19683773,209666224.000
2010-07-28,5.30,5.53,5.26,5.45,17764117,192059904.000
2010-07-29,5.41,5.59,5.39,5.53,16292093,178110768.000
2010-07-30,5.50,5.80,5.45,5.70,19351426,218401712.000
2010-08-02,5.67,5.80,5.61,5.77,14224362,162103456.000
2010-08-03,5.80,5.97,5.70,5.71,17849211,208812080.000
2010-08-04,5.72,5.79,5.51,5.73,15858641,179310352.000
2010-08-05,5.74,5.74,5.53,5.59,12062244,135906176.000
2010-08-06,5.58,5.76,5.53,5.75,14540465,164840432.000
2010-08-09,5.71,5.99,5.63,5.96,17416056,202944432.000
2010-08-10,6.14,6.20,5.70,5.72,29759929,356616320.000
2010-08-11,5.66,5.89,5.60,5.88,15653022,180906864.000
2010-08-12,5.78,5.98,5.75,5.82,16451968,193427280.000
2010-08-13,5.85,5.90,5.64,5.88,16862863,196196784.000
2010-08-16,5.88,6.06,5.80,5.91,22252214,132654848.000
2010-08-17,5.86,5.89,5.75,5.82,49300921,286810272.000
2010-08-18,5.85,5.94,5.80,5.92,37789666,221762528.000
2010-08-19,5.91,5.94,5.73,5.82,32175164,187066768.000
2010-08-20,5.76,5.78,5.60,5.62,25579757,145624880.000
2010-08-23,5.60,5.70,5.51,5.54,16011738,89279984.000
2010-08-24,5.54,5.64,5.42,5.60,15591387,86783696.000
2010-08-25,5.54,5.59,5.35,5.37,18611955,101621928.000
2010-08-26,5.37,5.45,5.35,5.38,9708541,52225828.000
2010-08-27,5.38,5.40,5.28,5.34,9437292,50232800.000
2010-08-30,5.36,5.44,5.33,5.44,13346141,72089416.000
2010-08-31,5.41,5.66,5.31,5.58,23865105,130906400.000
2010-09-01,5.56,5.62,5.38,5.44,16931275,92938848.000
2010-09-02,5.49,5.49,5.39,5.43,13593681,73763888.000
2010-09-03,5.43,5.45,5.35,5.39,11791881,63561080.000
2010-09-06,5.41,5.48,5.39,5.46,13904062,75657960.000
2010-09-07,5.48,5.57,5.46,5.50,14921790,82194080.000
2010-09-08,5.46,5.47,5.36,5.43,12687212,68586488.000
2010-09-09,5.39,5.42,5.26,5.28,15942616,84897920.000
2010-09-10,5.25,5.30,5.07,5.15,14001431,72128568.000
2010-09-13,5.16,5.67,5.08,5.67,42895314,237750992.000
2010-09-14,5.74,5.74,5.54,5.64,46427168,261837920.000
2010-09-15,5.59,5.73,5.45,5.50,29036510,162959408.000
2010-09-16,5.47,5.64,5.30,5.51,22429449,123087960.000
2010-09-17,5.49,5.63,5.40,5.46,15068716,83266176.000
2010-09-20,5.50,5.50,5.16,5.18,17606703,93122264.000
2010-09-21,5.22,5.30,5.16,5.20,7801764,40646344.000
2010-09-27,5.21,5.35,5.09,5.27,11991443,62350008.000
2010-09-28,5.20,5.27,5.13,5.16,10877668,56294856.000
2010-09-29,5.14,5.20,5.10,5.12,8902707,45684384.000
2010-09-30,5.05,5.43,5.01,5.29,19345154,102174040.000
2010-10-08,5.18,5.42,5.13,5.33,21967860,116215048.000
2010-10-11,5.30,5.58,5.27,5.54,32602619,178224752.000
2010-10-12,5.49,5.58,5.36,5.46,22571473,123215904.000
2010-10-13,5.46,6.01,5.40,5.84,60197976,349653184.000
2010-10-14,5.83,5.88,5.60,5.62,34795580,199008464.000
2010-10-15,5.58,5.62,5.47,5.56,24206530,134317232.000
2010-10-18,5.56,5.78,5.50,5.71,33126051,187678272.000
2010-10-19,5.72,5.75,5.57,5.73,22655011,127832008.000
2010-10-20,5.53,5.58,5.39,5.44,29497262,161117488.000
2010-10-21,5.40,5.52,5.38,5.48,15133067,82641216.000
2010-10-22,5.46,5.50,5.41,5.47,12513730,68321056.000
2010-10-25,5.45,5.52,5.41,5.50,23883991,130445024.000
2010-10-26,5.51,5.73,5.47,5.61,28353346,159088592.000
2010-10-27,5.60,5.83,5.51,5.66,33560812,191440624.000
2010-10-28,5.65,5.80,5.56,5.65,22046802,125102112.000
2010-10-29,5.66,5.68,5.48,5.53,17194039,95063312.000
2010-11-01,5.51,5.57,5.40,5.54,19084915,104905952.000
2010-11-02,5.54,6.09,5.48,5.85,70016364,408426560.000
2010-11-03,5.80,5.98,5.71,5.79,48634419,285339840.000
2010-11-04,5.73,5.86,5.67,5.78,27167363,156380128.000
2010-11-05,5.80,6.00,5.73,5.95,43916398,258557328.000
2010-11-08,6.30,6.53,6.10,6.16,55018998,343429056.000
2010-11-09,6.13,6.19,5.93,6.02,39234476,237479184.000
2010-11-10,5.98,5.99,5.82,5.91,23084042,135937648.000
2010-11-11,5.88,5.99,5.84,5.85,24452840,145198144.000
2010-11-12,5.80,5.89,5.41,5.42,27425516,154556960.000
2010-11-15,5.44,5.55,5.39,5.54,15944442,87200096.000
2010-11-16,5.51,5.52,5.16,5.27,17033549,91542960.000
2010-11-17,5.27,5.41,5.20,5.34,12038671,64232304.000
2010-11-18,5.39,5.44,5.28,5.37,10270610,55001464.000
2010-11-19,5.38,5.39,5.19,5.35,12363737,65255056.000
2010-11-22,5.25,5.72,5.19,5.52,25756046,139162864.000
2010-11-23,5.41,5.48,5.25,5.35,12355219,66034464.000
2010-11-24,5.31,5.46,5.27,5.42,11016717,59388960.000
2010-11-25,5.42,5.70,5.31,5.59,26221603,145891792.000
2010-11-26,5.50,5.56,5.41,5.45,14463470,79193976.000
2010-11-29,5.40,5.51,5.33,5.44,10818084,58403472.000
2010-11-30,5.48,5.52,5.20,5.33,16413992,87593736.000
2010-12-01,5.31,5.40,5.24,5.29,10742771,57127152.000
2010-12-02,5.34,5.39,5.28,5.32,9785026,52090616.000
2010-12-03,5.30,5.44,5.28,5.35,10890099,58382752.000
2010-12-06,5.34,5.38,5.25,5.27,8609345,45684804.000
2010-12-07,5.25,5.32,5.13,5.31,8485804,44467952.000
2010-12-08,5.30,5.37,5.22,5.32,11029834,58356724.000
2010-12-09,5.27,5.29,5.15,5.16,9755483,50862280.000
2010-12-10,5.15,5.19,5.11,5.16,7427759,38264248.000
2010-12-13,5.17,5.29,5.17,5.27,9908052,51780548.000
2010-12-14,5.25,5.37,5.22,5.31,11727226,62137200.000
2010-12-15,5.26,5.30,5.19,5.23,9648130,50570504.000
2010-12-16,5.23,5.66,5.21,5.45,42367492,232613440.000
2010-12-17,5.40,5.43,5.30,5.35,17368275,92991344.000
2010-12-20,5.35,5.37,5.17,5.24,14385432,75517456.000
2010-12-21,5.25,5.55,5.21,5.47,27308333,148342928.000
2010-12-22,5.46,5.58,5.32,5.38,19939311,108600048.000
2010-12-23,5.40,5.43,5.31,5.37,9990644,53546708.000
2010-12-24,5.32,5.45,5.25,5.41,13629027,73530192.000
2010-12-27,5.37,5.42,5.21,5.24,14494879,77060944.000
2010-12-28,5.23,5.23,5.05,5.07,11639636,59808752.000
2010-12-29,5.07,5.14,5.03,5.12,4775048,24268870.000
2010-12-30,5.11,5.11,5.01,5.06,5481468,27693668.000
2010-12-31,5.06,5.13,5.05,5.13,5609504,28522696.000
2011-01-04,5.15,5.38,5.10,5.33,15529945,81995912.000
2011-01-05,5.26,5.33,5.20,5.25,9036355,47517576.000
2011-01-06,5.22,5.32,5.22,5.25,8584011,45248068.000
2011-01-07,5.27,5.45,5.24,5.29,14922288,79814448.000
2011-01-10,5.30,5.38,5.16,5.18,9463405,49751184.000
2011-01-11,5.15,5.31,5.13,5.27,7949491,41626984.000
2011-01-12,5.23,5.46,5.22,5.36,14621408,78384520.000
2011-01-13,5.39,5.40,5.25,5.27,7570062,40133992.000
2011-01-14,5.27,5.30,5.19,5.25,6305321,33048172.000
2011-01-17,5.18,5.24,5.02,5.06,9206987,46931844.000
2011-01-18,5.05,5.09,5.01,5.05,4436065,22402696.000
2011-01-19,5.05,5.12,5.02,5.11,5197725,26372804.000
2011-01-20,5.13,5.13,4.93,4.93,8784473,44062884.000
2011-01-21,4.92,5.10,4.90,5.00,6098767,30441044.000
2011-01-24,5.00,5.02,4.90,4.92,4860705,24028830.000
2011-01-25,4.92,4.96,4.90,4.92,3282237,16135474.000
2011-01-26,4.93,4.95,4.91,4.95,3251750,16044522.000
2011-01-28,4.90,4.97,4.86,4.90,8833277,43282328.000
2011-01-31,4.89,4.93,4.86,4.90,6711635,32879504.000
2011-02-01,4.92,4.96,4.88,4.96,6096540,30007740.000
2011-02-09,4.92,4.95,4.86,4.87,5666733,27769792.000
2011-02-10,4.86,4.97,4.83,4.95,7235172,35571696.000
2011-02-11,4.93,5.12,4.89,5.06,14873704,74547496.000
2011-02-14,5.03,5.14,5.02,5.12,14834540,75369408.000
2011-02-15,5.13,5.16,5.06,5.07,11284126,57542124.000
2011-02-16,5.07,5.10,5.02,5.09,9326447,47206824.000
2011-02-17,5.08,5.12,5.00,5.07,10817850,54647708.000
2011-02-18,5.08,5.56,5.03,5.24,42526393,227285152.000
2011-02-21,5.15,5.25,5.07,5.23,19111201,98481608.000
2011-02-22,5.20,5.20,5.05,5.06,14968831,76415024.000
2011-02-23,5.04,5.19,5.02,5.12,10236767,52438840.000
2011-02-24,5.16,5.24,5.10,5.19,14317692,74177008.000
2011-02-25,5.18,5.18,5.09,5.15,8327575,42697164.000
2011-02-28,5.12,5.24,5.11,5.19,10474733,54249148.000
2011-03-01,5.18,5.28,5.18,5.23,15454241,80952120.000
2011-03-02,5.20,5.20,5.11,5.18,11369013,58626948.000
2011-03-03,5.23,5.34,5.18,5.18,17862579,93894744.000
2011-03-04,5.18,5.29,5.14,5.29,16065449,84221264.000
2011-03-07,5.32,5.37,5.27,5.30,22164412,117859552.000
2011-03-08,5.30,5.37,5.24,5.29,14323719,75876472.000
2011-03-09,5.27,5.32,5.22,5.27,10867838,57165168.000
2011-03-10,5.28,5.33,5.21,5.27,13189427,69327008.000
2011-03-11,5.25,5.29,5.18,5.19,10714005,56080536.000
2011-03-14,5.15,5.15,5.08,5.14,12573976,64324668.000
2011-03-15,5.12,5.12,4.94,5.04,12395393,62372736.000
2011-03-16,5.03,5.10,5.01,5.09,6907839,34979000.000
2011-03-17,5.07,5.10,5.00,5.02,8284796,41696336.000
2011-03-18,5.03,5.10,5.03,5.08,6719398,34057448.000
2011-03-21,5.07,5.14,5.03,5.12,9502232,48452404.000
2011-03-22,5.10,5.14,5.06,5.09,6619116,33706928.000
2011-03-23,5.08,5.24,5.06,5.19,18955045,98052624.000
2011-03-24,5.17,5.20,5.12,5.14,11698878,60273176.000
2011-03-25,5.14,5.25,5.12,5.19,15531656,80702512.000
2011-03-28,5.18,5.28,5.18,5.20,14654999,76615112.000
2011-03-29,5.22,5.42,5.14,5.31,35957477,191507824.000
2011-03-30,5.32,5.34,5.18,5.23,15823588,83041432.000
2011-03-31,5.23,5.33,5.21,5.24,16999919,89538104.000
2011-04-01,5.23,5.30,5.19,5.29,12300148,64569688.000
2011-04-06,5.25,5.37,5.23,5.33,19361109,102879432.000
2011-04-07,5.32,5.37,5.28,5.30,12509416,66481552.000
2011-04-08,5.31,5.31,5.23,5.29,11836933,62319164.000
2011-04-11,5.28,5.30,5.20,5.23,11633430,60924024.000
2011-04-12,5.23,5.44,5.21,5.42,33989331,181813312.000
2011-04-13,5.38,5.49,5.30,5.43,26370881,142380304.000
2011-04-14,5.41,5.42,5.30,5.33,15667182,83806240.000
2011-04-15,5.32,5.45,5.32,5.43,22698770,122456472.000
2011-04-18,5.42,5.48,5.34,5.46,21815851,118307480.000
2011-04-19,5.42,5.42,5.24,5.25,19133919,102063696.000
2011-04-20,5.30,5.34,5.25,5.26,11001721,58157832.000
2011-04-21,5.27,5.38,5.25,5.30,10841235,57558820.000
2011-04-25,5.29,5.29,5.11,5.15,12002680,62052424.000
2011-04-26,5.13,5.17,5.09,5.09,6502897,33272012.000
2011-04-27,5.11,5.14,4.95,5.03,8247127,41559452.000
2011-04-28,5.06,5.07,4.90,4.92,6664782,33076138.000
2011-04-29,4.93,4.99,4.90,4.98,4706419,23284592.000
2011-05-03,4.99,5.08,4.97,5.03,5272570,26512968.000
2011-05-04,5.03,5.03,4.87,4.90,7564235,37476048.000
2011-05-05,4.91,4.98,4.90,4.96,4475284,22125684.000
2011-05-06,4.95,5.10,4.89,5.01,12598573,62860080.000
2011-05-09,5.00,5.01,4.95,4.99,6157928,30648560.000
2011-05-10,4.99,5.01,4.93,4.99,4331544,21500720.000
2011-05-11,4.99,5.03,4.94,4.98,6726810,33532088.000
2011-05-13,4.96,5.01,4.92,5.01,7579095,37614896.000
2011-05-16,5.01,5.06,4.97,5.02,7554020,37909376.000
2011-05-17,5.00,5.08,4.99,5.04,8127770,40938776.000
2011-05-18,5.04,5.13,5.00,5.10,11099057,56380872.000
2011-05-19,5.10,5.11,5.00,5.05,9739280,49078712.000
2011-05-20,5.03,5.42,5.03,5.21,44863704,235084832.000
2011-05-23,5.15,5.15,4.95,4.95,21307025,107055456.000
2011-05-24,4.96,4.98,4.76,4.84,12912276,62427048.000
2011-05-25,4.82,4.87,4.76,4.81,7622608,36746068.000
2011-05-26,4.84,4.86,4.78,4.82,9829815,47489664.000
2011-05-27,4.82,4.82,4.55,4.57,7699903,35874368.000
2011-05-30,4.52,4.53,4.38,4.40,7672102,34229992.000
2011-05-31,4.40,4.50,4.36,4.48,4908568,21776412.000
2011-06-01,4.47,4.48,4.43,4.48,3455901,15394683.000
2011-06-02,4.45,4.45,4.31,4.37,4656923,20389208.000
2011-06-03,4.38,4.45,4.30,4.44,4294163,18946580.000
2011-06-07,4.44,4.47,4.42,4.46,3195039,14217149.000
2011-06-08,4.46,4.53,4.40,4.50,6073159,27179464.000
2011-06-09,4.48,4.48,4.36,4.37,4662092,20625140.000
2011-06-10,4.38,4.53,4.37,4.48,9095142,40409132.000
2011-06-13,4.41,4.44,4.37,4.41,4016628,17683688.000
2011-06-14,4.41,4.59,4.39,4.49,10219252,46007024.000
2011-06-15,4.48,4.50,4.41,4.41,5601987,24926044.000
2011-06-16,4.39,4.41,4.30,4.31,5390181,23473424.000
2011-06-17,4.32,4.34,4.24,4.25,3820287,16418869.000
2011-06-20,4.24,4.29,4.17,4.20,4483108,18927936.000
2011-06-21,4.20,4.26,4.20,4.25,2659857,11281658.000
2011-06-22,4.27,4.27,4.22,4.23,2702134,11463990.000
2011-06-23,4.22,4.30,4.20,4.28,4056555,17263076.000
2011-06-24,4.27,4.37,4.25,4.36,6809641,29502092.000
2011-06-27,4.36,4.40,4.33,4.39,6134080,26782384.000
2011-06-28,4.38,4.39,4.32,4.38,4918796,21457428.000
2011-06-29,4.37,4.37,4.32,4.33,3973806,17250486.000
2011-06-30,4.32,4.39,4.32,4.36,4443460,19410324.000
2011-07-01,4.38,4.44,4.35,4.39,7260294,31972472.000
2011-07-04,4.45,4.47,4.42,4.47,7237317,32191766.000
2011-07-05,4.47,4.53,4.42,4.48,8019255,35942384.000
2011-07-06,4.50,4.50,4.42,4.45,6014705,26757588.000
2011-07-07,4.46,4.48,4.42,4.43,6127945,27234642.000
2011-07-08,4.42,4.47,4.42,4.44,3534918,15698176.000
2011-07-11,4.40,4.45,4.39,4.44,3164634,14008271.000
2011-07-12,4.41,4.41,4.29,4.30,6619048,28722876.000
2011-07-13,4.29,4.37,4.29,4.35,4497055,19525070.000
2011-07-14,4.37,4.43,4.35,4.42,7902084,34658368.000
2011-07-15,4.39,4.52,4.37,4.51,13876134,61948424.000
2011-07-18,4.52,4.96,4.48,4.96,64769479,314773888.000
2011-07-19,4.86,5.02,4.82,4.85,54295300,267478064.000
2011-07-20,4.82,4.85,4.71,4.74,16918192,80315168.000
2011-07-21,4.74,4.74,4.62,4.64,11945974,55614056.000
2011-07-22,4.64,5.05,4.61,4.91,35471106,170707552.000
2011-07-25,4.80,4.94,4.62,4.68,24932206,119198448.000
2011-07-26,4.67,4.86,4.61,4.78,17793742,85221968.000
2011-07-27,4.73,4.80,4.67,4.75,10016082,47449716.000
2011-07-28,4.70,4.75,4.53,4.59,12306277,57088216.000
2011-07-29,4.62,4.62,4.48,4.50,7996625,36281540.000
2011-08-01,4.49,4.58,4.48,4.51,4796890,21708824.000
2011-08-02,4.51,4.51,4.34,4.44,7270464,32047590.000
2011-08-03,4.38,4.48,4.35,4.44,4421556,19605696.000
2011-08-04,4.44,4.52,4.44,4.47,4696046,21060232.000
2011-08-05,4.37,4.42,4.30,4.34,5489386,23940192.000
2011-08-08,4.26,4.27,3.92,4.03,10233946,42124804.000
2011-08-09,3.90,4.11,3.83,4.07,10323521,41387824.000
2011-08-10,4.10,4.23,4.10,4.12,8181482,33996856.000
2011-08-11,4.00,4.19,3.97,4.17,7542875,31103040.000
2011-08-12,4.18,4.30,4.15,4.28,9382269,39635784.000
2011-08-15,4.28,4.32,4.23,4.29,5711057,24393944.000
2011-08-16,4.45,4.60,4.27,4.28,14303820,62787864.000
2011-08-17,4.21,4.37,4.21,4.28,7069862,30422040.000
2011-08-18,4.28,4.32,4.20,4.21,5248794,22355278.000
2011-08-19,4.11,4.16,4.05,4.11,5681171,23295892.000
2011-08-22,4.10,4.15,4.07,4.09,3045787,12503806.000
2011-08-23,4.11,4.17,4.08,4.17,3902288,16129489.000
2011-08-24,4.20,4.21,4.11,4.13,3630479,15100313.000
2011-08-25,4.13,4.26,4.13,4.25,6978431,29372908.000
2011-08-26,4.22,4.36,4.20,4.35,8845645,37865728.000
2011-08-29,4.35,4.60,4.28,4.42,12731504,55421468.000
2011-08-30,4.35,4.41,4.28,4.29,9303353,40514520.000
2011-08-31,4.28,4.31,4.17,4.23,6350704,26813356.000
2011-09-01,4.25,4.25,4.15,4.17,4184873,17534364.000
2011-09-02,4.17,4.18,4.10,4.11,3177858,13110620.000
2011-09-05,4.07,4.15,4.05,4.06,2900132,11864511.000
2011-09-06,4.02,4.08,4.00,4.06,2103891,8510114.000
2011-09-07,4.08,4.14,4.05,4.14,3379254,13884879.000
2011-09-08,4.15,4.16,4.07,4.07,2685548,11043106.000
2011-09-09,4.07,4.11,4.02,4.04,3138147,12734102.000
2011-09-13,4.01,4.01,3.94,3.99,2476375,9839511.000
2011-09-14,4.00,4.07,3.98,4.04,2666745,10720512.000
2011-09-15,4.06,4.10,4.03,4.04,2603438,10576019.000
2011-09-16,4.08,4.09,4.02,4.03,2397810,9713339.000
2011-09-19,4.04,4.04,3.89,3.90,3135347,12384153.000
2011-09-20,3.90,3.96,3.87,3.93,1578381,6193239.000
2011-09-21,3.93,4.03,3.89,4.02,3389526,13494330.000
2011-09-22,4.00,4.03,3.89,3.90,3406883,13481836.000
2011-09-23,3.85,4.15,3.83,3.98,6988266,28159894.000
2011-09-26,3.95,3.97,3.84,3.89,4943503,19332352.000
2011-09-27,3.90,3.93,3.85,3.87,2163294,8411323.000
2011-09-28,3.90,3.91,3.74,3.75,3910839,14924119.000
2011-09-29,3.73,3.76,3.63,3.65,4284490,15722261.000
2011-09-30,3.66,3.69,3.58,3.66,3738109,13560018.000
2011-10-10,3.66,3.67,3.59,3.60,1966212,7126193.000
2011-10-11,3.65,3.72,3.55,3.59,2331600,8449037.000
2011-10-12,3.58,3.71,3.52,3.70,3985290,14589585.000
2011-10-13,3.69,3.95,3.65,3.82,6439966,24488132.000
2011-10-14,3.77,4.10,3.72,3.96,10244282,39931256.000
2011-10-17,3.97,4.07,3.90,4.01,16412058,65503104.000
2011-10-18,3.97,3.98,3.86,3.89,6330935,24772286.000
2011-10-19,3.90,4.15,3.81,3.97,14197608,56143988.000
2011-10-20,3.93,3.93,3.70,3.73,5218648,19734618.000
2011-10-21,3.70,3.79,3.68,3.73,2480128,9232624.000
2011-10-24,3.75,3.98,3.65,3.94,6159468,23475680.000
2011-10-25,3.90,4.04,3.86,4.01,8244544,32701544.000
2011-10-26,4.00,4.09,3.95,3.96,16432342,65982264.000
2011-10-27,3.91,4.03,3.90,3.97,8038060,31777020.000
2011-10-28,4.01,4.21,4.00,4.07,17017451,69862712.000
2011-10-31,4.01,4.04,3.94,4.01,6441428,25685168.000
2011-11-01,3.94,4.01,3.92,3.95,5359427,21243748.000
2011-11-02,3.90,3.99,3.87,3.97,5612252,22041696.000
2011-11-03,3.98,4.15,3.97,4.02,14303215,58255956.000
2011-11-04,4.00,4.12,3.99,4.10,12995686,52863864.000
2011-11-07,4.09,4.10,4.02,4.04,6596171,26730858.000
2011-11-08,4.03,4.05,3.94,4.00,6911679,27503120.000
2011-11-09,3.99,4.04,3.94,4.02,4159255,16596047.000
2011-11-10,3.95,3.98,3.89,3.90,5896266,23190108.000
2011-11-11,3.90,3.96,3.88,3.92,2855680,11187756.000
2011-11-14,3.93,3.99,3.93,3.98,4498576,17845120.000
2011-11-15,3.97,4.00,3.95,3.99,3850785,15293036.000
2011-11-16,4.00,4.00,3.84,3.87,5538298,21619580.000
2011-11-17,3.87,3.90,3.83,3.84,3025899,11670207.000
2011-11-18,3.83,3.86,3.72,3.74,3315500,12536696.000
2011-11-21,3.74,3.76,3.70,3.75,2022090,7535520.000
2011-11-22,3.70,3.77,3.69,3.75,2232723,8340503.000
2011-11-23,3.75,3.81,3.73,3.76,2892219,10912402.000
2011-11-24,3.73,3.82,3.68,3.76,3215052,12043454.000
2011-11-25,3.75,3.76,3.66,3.69,2628696,9736869.000
2011-11-28,3.69,3.71,3.65,3.69,1809649,6644211.000
2011-11-29,3.70,3.75,3.69,3.74,2499111,9294044.000
2011-11-30,3.72,3.74,3.52,3.55,3259060,11762419.000
2011-12-01,3.66,3.74,3.63,3.66,4981633,18359746.000
2011-12-02,3.60,3.65,3.57,3.61,2427874,8740196.000
2011-12-05,3.61,3.62,3.53,3.55,1757846,6266854.000
2011-12-06,3.52,3.62,3.52,3.58,1928253,6899052.000
2011-12-07,3.57,3.61,3.56,3.56,1072534,3843608.000
2011-12-08,3.59,3.59,3.52,3.55,1867458,6630507.000
2011-12-09,3.54,3.61,3.53,3.56,2237671,8015267.000
2011-12-12,3.58,3.58,3.51,3.53,2199392,7780249.000
2011-12-13,3.50,3.50,3.35,3.35,2849318,9693081.000
2011-12-14,3.35,3.39,3.27,3.27,2209388,7378026.000
2011-12-15,3.29,3.37,3.25,3.27,3776829,12499334.000
2011-12-16,3.30,3.37,3.27,3.36,2755334,9130593.000
2011-12-19,3.32,3.34,3.25,3.32,2641224,8714813.000
2011-12-20,3.32,3.56,3.29,3.38,4605522,15668760.000
2011-12-21,3.40,3.46,3.32,3.34,3136306,10615958.000
2011-12-22,3.29,3.35,3.18,3.34,4367002,14284401.000
2011-12-23,3.33,3.42,3.30,3.36,3246201,10932887.000
2011-12-26,3.34,3.39,3.31,3.34,1729487,5794863.000
2011-12-27,3.32,3.35,3.26,3.28,1919110,6322752.000
2011-12-28,3.35,3.46,3.29,3.38,7562909,25554752.000
2011-12-29,3.31,3.43,3.31,3.33,3413331,11432524.000
2011-12-30,3.34,3.41,3.33,3.40,3855499,13036093.000
2012-01-04,3.39,3.46,3.26,3.27,4348935,14655380.000
2012-01-05,3.27,3.27,3.15,3.20,3470350,11095520.000
2012-01-06,3.18,3.29,3.09,3.23,5220501,16582408.000
2012-01-09,3.24,3.35,3.15,3.35,7469286,24593768.000
2012-01-10,3.35,3.45,3.31,3.44,10379132,35225776.000
2012-01-11,3.44,3.44,3.37,3.40,5919713,20096968.000
2012-01-12,3.38,3.53,3.36,3.40,8057393,27713956.000
2012-01-13,3.39,3.41,3.26,3.26,5217284,17301572.000
2012-01-16,3.27,3.27,3.19,3.20,3036711,9816037.000
2012-01-17,3.27,3.37,3.23,3.37,6679705,22034724.000
2012-01-18,3.33,3.42,3.30,3.30,5341091,17921384.000
2012-01-19,3.32,3.38,3.29,3.35,5061826,16940878.000
2012-01-20,3.37,3.43,3.34,3.42,5618691,19115116.000
2012-01-30,3.42,3.44,3.36,3.38,3645956,12367773.000
2012-01-31,3.38,3.39,3.34,3.39,2624975,8839295.000
2012-02-01,3.38,3.41,3.34,3.35,3202113,10822958.000
2012-02-02,3.35,3.41,3.34,3.41,3340260,11293066.000
2012-02-03,3.41,3.45,3.39,3.44,5940618,20356348.000
2012-02-06,3.44,3.46,3.40,3.44,4847434,16615644.000
2012-02-07,3.43,3.43,3.33,3.37,3986562,13412402.000
2012-02-08,3.37,3.45,3.35,3.44,6304903,21512442.000
2012-02-09,3.44,3.78,3.42,3.65,33941661,124046568.000
2012-02-10,3.60,3.82,3.57,3.70,29906989,111376560.000
2012-02-13,3.60,3.65,3.53,3.63,13660976,49128044.000
2012-02-14,3.63,3.71,3.55,3.68,10213050,37101468.000
2012-02-15,3.64,3.72,3.58,3.68,10028512,36730384.000
2012-02-16,3.67,3.71,3.62,3.68,6790381,24848480.000
2012-02-17,3.69,3.74,3.61,3.71,9591357,35365416.000
2012-02-20,3.80,3.98,3.73,3.87,28572290,109874520.000
2012-02-21,3.80,3.87,3.77,3.86,18799862,71740016.000
2012-02-22,3.83,4.03,3.83,3.95,23264347,92094128.000
2012-02-23,3.90,3.99,3.85,3.90,13371160,52353568.000
2012-02-24,3.91,4.22,3.88,4.12,31141979,127095936.000
2012-02-27,4.13,4.33,4.07,4.08,33231680,139928128.000
2012-02-28,4.06,4.17,4.03,4.13,17042795,70034000.000
2012-02-29,4.05,4.05,3.92,3.93,16832019,66890152.000
2012-03-01,3.91,4.00,3.89,3.95,8322419,32944304.000
2012-03-02,3.95,4.15,3.94,4.13,18551521,75407600.000
2012-03-05,4.17,4.32,4.12,4.14,22852466,96040144.000
2012-03-06,4.12,4.13,4.02,4.06,10202007,41558148.000
2012-03-07,3.99,4.11,3.97,4.03,8652048,35032036.000
2012-03-08,4.03,4.14,4.03,4.08,8365460,34160456.000
2012-03-09,4.08,4.11,4.01,4.08,8064295,32723700.000
2012-03-12,4.09,4.10,3.96,4.00,11401193,45663480.000
2012-03-13,3.99,4.07,3.98,4.05,8357049,33664852.000
2012-03-14,4.05,4.09,3.69,3.81,17188247,67962016.000
2012-03-15,3.77,3.79,3.61,3.66,10511169,38736360.000
2012-03-16,3.65,3.73,3.62,3.73,6282575,23169730.000
2012-03-19,3.68,3.77,3.67,3.76,5697249,21204856.000
2012-03-20,3.76,3.81,3.69,3.74,6990921,26222464.000
2012-03-21,3.75,3.81,3.71,3.77,5764174,21697120.000
2012-03-22,3.77,3.85,3.73,3.81,8124233,30923184.000
2012-03-23,3.78,3.78,3.66,3.71,5663852,21039858.000
2012-03-26,3.63,3.71,3.63,3.69,3343856,12307100.000
2012-03-27,3.70,3.72,3.66,3.67,3177798,11737417.000
2012-03-28,3.67,3.70,3.51,3.53,6443401,23301206.000
2012-03-29,3.51,3.62,3.45,3.55,5604991,19813474.000
2012-03-30,3.53,3.57,3.48,3.55,3587947,12671538.000
2012-04-05,3.56,3.65,3.51,3.64,4975023,17944784.000
2012-04-06,3.64,3.70,3.60,3.68,5727457,20998316.000
2012-04-09,3.68,3.68,3.60,3.61,2848212,10358209.000
2012-04-10,3.58,3.72,3.55,3.71,5906947,21465956.000
2012-04-11,3.66,3.95,3.63,3.82,14476345,55256724.000
2012-04-12,3.84,3.90,3.78,3.89,11393047,43908304.000
2012-04-13,3.90,3.94,3.85,3.87,12606309,49124124.000
2012-04-16,3.83,4.00,3.81,3.96,13379580,52562088.000
2012-04-17,3.94,4.02,3.78,3.80,9933128,38697952.000
2012-04-18,3.80,3.97,3.79,3.96,10006163,38999556.000
2012-04-19,3.92,3.95,3.87,3.90,7388604,28824928.000
2012-04-20,3.92,4.10,3.84,3.99,20374706,81114960.000
2012-04-23,3.95,3.99,3.85,3.89,12447910,48679008.000
2012-04-24,3.83,3.98,3.78,3.95,13501234,52497012.000
2012-04-25,3.95,4.24,3.90,4.14,37533911,154826112.000
2012-04-26,4.18,4.23,4.06,4.08,23806903,98869104.000
2012-04-27,4.05,4.05,3.92,3.93,15484114,61336624.000
2012-05-02,3.93,4.00,3.87,3.93,12099207,47515252.000
2012-05-03,3.92,3.93,3.83,3.88,9277427,35851024.000
2012-05-04,3.87,3.89,3.84,3.88,6830112,26392032.000
2012-05-07,3.85,3.86,3.77,3.80,8199343,31214152.000
2012-05-08,3.80,3.84,3.76,3.82,5912636,22443046.000
2012-05-09,3.81,3.81,3.72,3.73,5296243,19921374.000
2012-05-11,3.73,3.75,3.67,3.68,4401760,16277574.000
2012-05-14,3.73,3.80,3.72,3.73,6443648,24219864.000
2012-05-15,3.72,3.81,3.69,3.81,6866732,25760810.000
2012-05-16,3.80,3.80,3.73,3.73,3524649,13235946.000
2012-05-17,3.73,3.78,3.72,3.78,3528257,13268356.000
2012-05-18,3.74,3.76,3.62,3.64,5640484,20793872.000
2012-05-21,3.65,3.66,3.57,3.60,3301883,11913741.000
2012-05-22,3.64,3.66,3.62,3.66,3490335,12712713.000
2012-05-23,3.66,3.69,3.60,3.63,3700679,13481972.000
2012-05-24,3.61,3.66,3.59,3.60,3409848,12330415.000
2012-05-25,3.60,3.62,3.58,3.59,2915290,10496961.000
2012-05-28,3.58,3.69,3.50,3.67,5513657,19791668.000
2012-05-29,3.65,3.72,3.65,3.69,5793365,21386636.000
2012-05-30,3.71,3.78,3.68,3.71,5374593,20089460.000
2012-05-31,3.69,3.73,3.65,3.69,3973680,14646043.000
2012-06-01,3.69,3.80,3.69,3.77,7865763,29597460.000
2012-06-04,3.69,3.75,3.59,3.62,5278230,19432676.000
2012-06-05,3.62,3.66,3.57,3.61,3028292,10935774.000
2012-06-06,3.61,3.63,3.52,3.56,3559336,12700346.000
2012-06-07,3.59,3.64,3.53,3.56,2970007,10659747.000
2012-06-08,3.62,3.64,3.54,3.55,3431923,12308455.000
2012-06-11,3.58,3.68,3.54,3.62,4178865,15099023.000
2012-06-12,3.62,3.70,3.59,3.66,4843328,17678152.000
2012-06-13,3.66,3.69,3.63,3.68,4239538,15528542.000
2012-06-14,3.68,3.68,3.59,3.60,4113200,14949707.000
2012-06-15,3.60,3.76,3.58,3.69,9569981,35131148.000
2012-06-18,3.67,3.71,3.66,3.68,3850192,14168514.000
2012-06-19,3.70,3.70,3.62,3.64,2641116,9633130.000
2012-06-20,3.63,3.64,3.59,3.61,2152606,7775693.000
2012-06-21,3.60,3.61,3.55,3.60,2443829,8750737.000
2012-06-25,3.59,3.59,3.48,3.49,2355900,8324566.000
2012-06-26,3.49,3.53,3.39,3.51,3619391,12563414.000
2012-06-27,3.52,3.54,3.45,3.46,2168988,7563126.000
2012-06-28,3.46,3.50,3.39,3.39,2079099,7141117.000
2012-06-29,3.39,3.42,3.34,3.42,2045242,6928432.000
2012-07-02,3.42,3.55,3.42,3.53,9645857,33898500.000
2012-07-03,3.52,3.63,3.46,3.57,10449765,37246084.000
2012-07-04,3.56,3.56,3.48,3.52,2775670,9766624.000
2012-07-05,3.50,3.55,3.45,3.47,2018721,7007404.000
2012-07-06,3.52,3.55,3.48,3.53,3822340,13471507.000
2012-07-09,3.50,3.51,3.37,3.38,3135511,10780922.000
2012-07-10,3.37,3.67,3.26,3.50,13708945,47873056.000
2012-07-11,3.45,3.48,3.42,3.44,2659095,9161123.000
2012-07-12,3.41,3.49,3.41,3.47,1935221,6672962.000
2012-07-13,3.43,3.55,3.43,3.47,2872611,10054597.000
2012-07-16,3.46,3.46,3.32,3.33,2485625,8394696.000
2012-07-17,3.32,3.39,3.30,3.38,1783459,5999801.000
2012-07-18,3.38,3.38,3.30,3.36,2530361,8438432.000
2012-07-19,3.36,3.42,3.33,3.40,2502147,8487468.000
2012-07-20,3.36,3.44,3.35,3.39,2361707,8028570.000
2012-07-23,3.38,3.38,3.31,3.33,1522826,5079191.000
2012-07-24,3.33,3.38,3.29,3.37,1310536,4397834.000
2012-07-25,3.34,3.36,3.32,3.33,1188863,3969077.000
2012-07-26,3.32,3.35,3.26,3.29,2310526,7639492.000
2012-07-27,3.30,3.32,3.26,3.28,1187356,3893950.000
2012-07-30,3.28,3.28,3.18,3.23,2202620,7086507.000
2012-07-31,3.24,3.24,3.16,3.23,1983105,6340206.000
2012-08-01,3.22,3.26,3.19,3.24,2761443,8929634.000
2012-08-02,3.24,3.24,3.15,3.16,2209054,7045616.000
2012-08-03,3.17,3.44,3.13,3.42,11970503,39468880.000
2012-08-06,3.35,3.46,3.33,3.39,20841643,70631264.000
2012-08-07,3.35,3.37,3.28,3.35,11668743,38789240.000
2012-08-08,3.34,3.36,3.30,3.32,4463561,14845533.000
2012-08-09,3.31,3.38,3.30,3.35,6791839,22680540.000
2012-08-10,3.32,3.33,3.24,3.25,6521383,21395672.000
2012-08-13,3.24,3.24,3.18,3.19,3547584,11356798.000
2012-08-14,3.19,3.23,3.16,3.23,2664151,8518000.000
2012-08-15,3.21,3.22,3.16,3.17,2107962,6713219.000
2012-08-16,3.17,3.19,3.15,3.16,2049600,6492930.000
2012-08-17,3.18,3.19,3.15,3.19,1516105,4813799.000
2012-08-20,3.17,3.17,3.13,3.16,1986024,6242482.000
2012-08-21,3.16,3.20,3.16,3.19,2464628,7855314.000
2012-08-22,3.17,3.22,3.15,3.17,2341790,7458051.000
2012-08-23,3.17,3.20,3.16,3.20,1889812,6015544.000
2012-08-24,3.19,3.20,3.14,3.14,2165712,6868114.000
2012-08-27,3.13,3.14,3.09,3.09,2299627,7145626.000
2012-08-28,3.09,3.12,3.07,3.09,1602106,4950169.000
2012-08-29,3.10,3.10,3.03,3.04,2205698,6755242.000
2012-08-30,3.04,3.06,2.98,3.00,2028941,6111585.000
2012-08-31,3.00,3.02,2.98,3.00,1805123,5417015.000
2012-09-03,3.00,3.06,2.98,3.05,2219859,6747504.000
2012-09-04,3.06,3.06,2.99,2.99,1847561,5592387.000
2012-09-05,2.98,3.03,2.98,3.01,1382727,4157592.000
2012-09-06,3.01,3.03,3.00,3.02,1316944,3969081.000
2012-09-07,3.04,3.15,3.03,3.12,5171012,16025928.000
2012-09-10,3.11,3.20,3.11,3.13,3351837,10521697.000
2012-09-11,3.12,3.12,3.08,3.10,2511402,7783567.000
2012-09-12,3.10,3.14,3.09,3.12,2759699,8592241.000
2012-09-13,3.12,3.12,3.06,3.07,2698750,8344752.000
2012-09-14,3.08,3.12,3.05,3.09,2672741,8257092.000
2012-09-17,3.08,3.13,3.03,3.04,3123689,9614457.000
2012-09-18,3.04,3.04,3.01,3.02,1529912,4621025.000
2012-09-19,3.01,3.06,3.01,3.04,1286166,3893592.000
2012-09-20,3.03,3.03,2.94,2.94,2202945,6605730.000
2012-09-21,2.95,2.98,2.92,2.93,1518278,4475120.000
2012-09-24,2.93,2.95,2.90,2.94,1239901,3631190.000
2012-09-25,2.92,2.95,2.91,2.92,1362404,3988100.000
2012-09-26,2.90,2.93,2.83,2.84,1492411,4289869.000
2012-09-27,2.83,2.91,2.80,2.89,2105402,6053356.000
2012-09-28,2.89,2.95,2.87,2.92,2234964,6520626.000
2012-10-08,2.93,2.94,2.89,2.90,1473469,4295068.000
2012-10-09,2.92,2.96,2.91,2.96,2361246,6955838.000
2012-10-10,2.96,3.02,2.94,3.01,3240731,9673694.000
2012-10-11,2.99,3.13,2.97,2.98,4606955,14021656.000
2012-10-12,2.98,3.03,2.96,3.01,2260064,6770558.000
2012-10-15,3.00,3.01,2.95,2.97,1419502,4220407.000
2012-10-16,2.98,3.00,2.96,2.97,1564773,4665855.000
2012-10-17,2.98,2.98,2.94,2.97,1249626,3695559.000
2012-10-18,2.98,3.08,2.97,3.05,7554607,23036544.000
2012-10-19,3.05,3.09,3.02,3.04,4261422,13025824.000
2012-10-22,3.03,3.09,3.01,3.06,3517441,10726765.000
2012-10-23,3.05,3.37,3.04,3.20,24643408,80651832.000
2012-10-24,3.14,3.16,3.08,3.11,13648467,42505304.000
2012-10-25,3.12,3.15,3.05,3.06,6754599,20949524.000
2012-10-26,3.06,3.07,3.00,3.01,4406870,13350604.000
2012-10-29,3.00,3.01,2.95,2.99,2311606,6883024.000
2012-10-30,2.99,3.07,2.97,3.02,2919330,8851171.000
2012-10-31,3.01,3.03,2.98,3.01,2137213,6414266.000
2012-11-01,3.01,3.17,3.01,3.14,10612272,33078566.000
2012-11-02,3.10,3.27,3.10,3.23,14858496,47509368.000
2012-11-05,3.20,3.25,3.15,3.19,6676979,21270690.000
2012-11-06,3.17,3.20,3.04,3.11,7618515,23603220.000
2012-11-07,3.12,3.14,3.07,3.08,2781411,8614470.000
2012-11-08,3.06,3.13,3.01,3.02,4446116,13670669.000
2012-11-09,3.02,3.06,3.01,3.03,2568469,7789799.000
2012-11-12,3.02,3.10,3.02,3.10,2807148,8601492.000
2012-11-13,3.10,3.10,2.97,2.99,3929201,11861770.000
2012-11-14,2.99,2.99,2.93,2.96,2320038,6873412.000
2012-11-15,2.92,3.00,2.90,2.91,2291722,6745692.000
2012-11-16,2.90,2.92,2.88,2.91,1988657,5768942.000
2012-11-19,2.90,2.93,2.88,2.92,1351333,3923000.000
2012-11-20,2.94,2.97,2.92,2.93,2289808,6738330.000
2012-11-21,2.91,3.00,2.90,2.99,2262673,6695823.000
2012-11-22,2.98,2.98,2.92,2.94,1907800,5627027.000
2012-11-23,2.94,2.97,2.93,2.94,1400226,4130634.000
2012-11-26,2.95,2.96,2.91,2.92,1317204,3861732.000
2012-11-27,2.91,2.91,2.81,2.82,1985751,5670048.000
2012-11-28,2.82,2.82,2.73,2.75,1677376,4634597.000
2012-11-29,2.76,2.79,2.74,2.75,1289007,3567289.000
2012-11-30,2.75,2.87,2.73,2.84,2757840,7798547.000
2012-12-03,2.82,2.88,2.79,2.81,2485078,7041519.000
2012-12-04,2.78,2.84,2.73,2.84,1963238,5472328.000
2012-12-05,2.84,2.96,2.83,2.93,4374387,12720539.000
2012-12-06,2.92,2.94,2.90,2.93,3076134,8989408.000
2012-12-07,2.93,3.00,2.91,2.97,5457481,16108430.000
2012-12-10,2.97,3.00,2.95,2.98,4496578,13368458.000
2012-12-11,2.97,3.02,2.94,2.97,5242831,15628998.000
2012-12-12,2.96,2.98,2.90,2.95,4110455,12062561.000
2012-12-13,2.95,2.99,2.91,2.94,3798263,11225198.000
2012-12-14,2.92,3.05,2.92,3.04,8336654,25144860.000
2012-12-17,3.05,3.10,3.02,3.05,6757858,20655956.000
2012-12-18,3.04,3.08,3.00,3.02,6512869,19831516.000
2012-12-19,3.02,3.05,3.00,3.02,4738704,14337089.000
2012-12-20,3.02,3.03,2.97,3.02,3588991,10770946.000
2012-12-21,3.02,3.04,2.97,3.00,4328010,12984962.000
2012-12-24,2.99,3.02,2.97,3.00,2634899,7905801.000
2012-12-25,2.99,3.11,2.98,3.07,9279817,28535664.000
2012-12-26,3.07,3.18,3.06,3.13,10419811,32607536.000
2012-12-27,3.13,3.20,3.09,3.10,6697736,20998836.000
2012-12-28,3.09,3.38,3.09,3.20,13362127,43242280.000
2012-12-31,3.19,3.32,3.19,3.29,13865036,45439932.000
2013-01-04,3.30,3.44,3.26,3.38,16279119,54338440.000
2013-01-07,3.32,3.40,3.29,3.32,8795198,29232020.000
2013-01-08,3.37,3.39,3.28,3.32,10382814,34565920.000
2013-01-09,3.30,3.32,3.23,3.28,6836681,22418850.000
2013-01-10,3.28,3.36,3.25,3.31,8519092,28268616.000
2013-01-11,3.32,3.32,3.16,3.19,8081940,26130764.000
2013-01-14,3.18,3.29,3.17,3.28,5264127,17101516.000
2013-01-15,3.28,3.36,3.27,3.31,5314101,17604570.000
2013-01-16,3.31,3.31,3.21,3.26,5371670,17552712.000
2013-01-17,3.26,3.30,3.22,3.24,3766818,12258502.000
2013-01-18,3.23,3.32,3.22,3.31,5590020,18366904.000
2013-01-21,3.31,3.36,3.30,3.32,5421687,18036672.000
2013-01-22,3.32,3.32,3.23,3.26,4668405,15320263.000
2013-01-23,3.25,3.30,3.23,3.27,3864613,12605615.000
2013-01-24,3.27,3.29,3.15,3.18,6279153,20257916.000
2013-01-25,3.18,3.18,3.12,3.17,2337522,7369337.000
2013-01-28,3.14,3.23,3.13,3.22,5559507,17759496.000
2013-01-29,3.22,3.32,3.20,3.25,6112668,19953712.000
2013-01-30,3.27,3.27,3.22,3.26,4105024,13314120.000
2013-01-31,3.25,3.25,3.16,3.18,4531345,14500349.000
2013-02-01,3.17,3.20,3.15,3.20,3328160,10580195.000
2013-02-04,3.20,3.21,3.13,3.15,4226109,13359504.000
2013-02-05,3.16,3.26,3.13,3.25,5722149,18349188.000
2013-02-06,3.24,3.24,3.19,3.21,3217970,10326883.000
2013-02-07,3.21,3.22,3.18,3.22,1996521,6394216.000
2013-02-08,3.20,3.25,3.19,3.23,2919080,9400381.000
2013-02-18,3.23,3.26,3.22,3.24,3043272,9859092.000
2013-02-19,3.22,3.24,3.16,3.17,3032797,9673022.000
2013-02-20,3.18,3.20,3.15,3.20,3409444,10831076.000
2013-02-21,3.18,3.20,3.11,3.14,4132140,13002758.000
2013-02-22,3.13,3.21,3.12,3.15,3427464,10838998.000
2013-02-25,3.14,3.16,3.11,3.15,2534363,7921852.000
2013-02-26,3.12,3.14,3.06,3.07,2992658,9281034.000
2013-02-27,3.05,3.10,3.05,3.08,1937811,5966298.000
2013-02-28,3.08,3.14,3.07,3.14,3947666,12326197.000
2013-03-01,3.14,3.14,3.09,3.12,3078727,9571085.000
2013-03-04,3.05,3.06,2.85,2.88,8310606,24416524.000
2013-03-05,2.88,2.93,2.87,2.92,3171166,9209403.000
2013-03-06,2.92,2.95,2.90,2.94,3685674,10792619.000
2013-03-07,2.94,2.98,2.91,2.94,4250507,12518022.000
2013-03-08,2.94,2.96,2.92,2.92,1919149,5622970.000
2013-03-11,2.92,2.94,2.90,2.94,1542215,4514190.000
2013-03-12,2.94,2.96,2.86,2.90,3027761,8808899.000
2013-03-13,2.90,2.90,2.86,2.87,2036233,5852755.000
2013-03-14,2.85,2.88,2.85,2.86,1536190,4402073.000
2013-03-15,2.87,2.88,2.81,2.85,2426375,6899774.000
2013-03-18,2.85,2.86,2.81,2.81,1717450,4865474.000
2013-03-19,2.81,2.86,2.81,2.86,2036582,5782478.000
2013-03-20,2.86,2.92,2.83,2.92,4381590,12674353.000
2013-03-21,2.91,2.93,2.89,2.91,2862465,8337269.000
2013-03-22,2.90,2.93,2.89,2.93,1604845,4675770.000
2013-03-25,2.92,2.94,2.90,2.93,1927128,5627448.000
2013-03-26,2.93,2.96,2.89,2.92,2703271,7884248.000
2013-03-27,2.90,2.93,2.87,2.90,2512851,7288413.000
2013-03-28,2.89,2.89,2.81,2.82,2484100,7016896.000
2013-03-29,2.82,2.85,2.77,2.79,2221865,6260983.000
2013-04-01,2.81,2.90,2.80,2.84,2385837,6811773.000
2013-04-02,2.84,2.87,2.82,2.83,1930611,5488477.000
2013-04-03,2.85,2.85,2.80,2.83,1318267,3721594.000
2013-04-08,2.76,2.81,2.75,2.80,1730679,4799986.000
2013-04-09,2.80,2.82,2.78,2.81,1619199,4545180.000
2013-04-10,2.81,2.86,2.80,2.84,3338470,9462043.000
2013-04-11,2.84,2.86,2.82,2.84,1375405,3897692.000
2013-04-12,2.84,2.84,2.80,2.80,1130317,3175171.000
2013-04-15,2.79,2.80,2.74,2.80,2863552,7940959.000
2013-04-16,2.77,2.85,2.75,2.84,2246864,6331598.000
2013-04-17,2.92,3.11,2.92,2.97,19692954,59177468.000
2013-04-18,2.90,2.95,2.87,2.91,8345513,24251540.000
2013-04-19,2.89,2.94,2.89,2.93,6022964,17591512.000
2013-04-22,2.92,2.93,2.87,2.90,3938792,11396183.000
2013-04-23,2.90,2.91,2.80,2.83,4578193,13088630.000
2013-04-24,2.82,2.86,2.81,2.84,3067943,8687790.000
2013-04-25,2.84,2.84,2.79,2.79,2625885,7380780.000
2013-04-26,2.79,2.82,2.78,2.81,1635880,4574267.000
2013-05-02,2.79,2.83,2.79,2.82,1597962,4496158.000
2013-05-03,2.82,2.87,2.82,2.84,3069111,8736041.000
2013-05-06,2.85,2.87,2.83,2.87,2848762,8116773.000
2013-05-07,2.87,2.89,2.85,2.87,2709301,7779409.000
2013-05-08,2.87,2.89,2.85,2.87,3194644,9170064.000
2013-05-09,2.88,2.88,2.84,2.85,2214840,6320382.000
2013-05-10,2.85,2.88,2.83,2.86,1834493,5246013.000
2013-05-13,2.86,2.87,2.83,2.84,1873702,5332110.000
2013-05-14,2.83,2.85,2.81,2.83,1447911,4091458.000
2013-05-15,2.83,2.84,2.81,2.83,1351059,3812460.000
2013-05-16,2.83,2.91,2.82,2.90,4834861,13908657.000
2013-05-17,2.90,2.98,2.87,2.94,6856096,20138236.000
2013-05-20,2.94,2.97,2.91,2.93,6646294,19515668.000
2013-05-21,2.94,2.95,2.91,2.94,4344761,12711637.000
2013-05-22,2.94,3.00,2.92,2.97,6763079,20057472.000
2013-05-23,2.98,2.99,2.93,2.94,3713781,11005236.000
2013-05-24,2.94,3.03,2.94,3.02,12946130,38705544.000
2013-05-27,3.12,3.13,3.03,3.08,16630585,51149256.000
2013-05-28,3.06,3.08,3.01,3.08,7568505,23036584.000
2013-05-29,3.07,3.09,3.04,3.05,5641933,17287696.000
2013-05-30,3.05,3.05,3.02,3.03,3513624,10657343.000
2013-05-31,3.03,3.04,2.97,2.98,4070900,12229542.000
2013-06-03,2.97,3.03,2.95,2.98,3021872,9067424.000
2013-06-04,2.99,3.00,2.92,2.94,2912711,8611433.000
2013-06-05,2.94,2.96,2.92,2.94,2093973,6151759.000
2013-06-06,2.94,2.95,2.89,2.89,2208059,6417931.000
2013-06-07,2.90,2.93,2.85,2.86,2421779,6994238.000
2013-06-13,2.86,2.86,2.73,2.82,3416992,9543976.000
2013-06-14,2.85,2.85,2.80,2.81,1953969,5523822.000
2013-06-17,2.81,2.84,2.77,2.78,2205715,6150329.000
2013-06-18,2.78,2.81,2.77,2.81,1056116,2948160.000
2013-06-19,2.80,2.80,2.76,2.80,1191690,3307487.000
2013-06-20,2.79,2.82,2.74,2.75,1557139,4338535.000
2013-06-21,2.73,2.77,2.72,2.76,1453420,3989140.000
2013-06-24,2.76,2.76,2.56,2.62,2695400,7180416.000
2013-06-25,2.61,2.62,2.38,2.53,3092084,7758092.000
2013-06-26,2.53,2.56,2.49,2.52,3217358,8093428.000
2013-06-27,2.52,2.55,2.49,2.50,2925543,7380099.000
2013-06-28,2.51,2.61,2.47,2.55,3106501,7943936.000
2013-07-01,2.54,2.55,2.49,2.55,2585024,6505129.000
2013-07-02,2.53,2.55,2.50,2.53,2101785,5295646.000
2013-07-03,2.53,2.53,2.47,2.49,1623794,4052208.000
2013-07-04,2.49,2.54,2.46,2.52,1850031,4655354.000
2013-07-05,2.54,2.60,2.54,2.55,2442784,6255794.000
2013-07-08,2.53,2.53,2.46,2.46,1931406,4804706.000
2013-07-09,2.47,2.49,2.44,2.46,1221096,3010740.000
2013-07-10,2.46,2.53,2.45,2.52,1844393,4617642.000
2013-07-11,2.52,2.63,2.52,2.60,4974878,12838741.000
2013-07-12,2.61,2.61,2.54,2.56,2545067,6549178.000
数据来源:通达信
