600267 海正药业 日线
      日期	    开盘	    最高	    最低	    收盘	    成交量	    成交额
2007-01-11,3.48,3.54,3.30,3.33,18178644,116763792.000
2007-01-12,3.35,3.43,3.20,3.22,9638897,59331192.000
2007-01-15,3.22,3.52,3.20,3.47,9636680,60623856.000
2007-01-16,3.50,3.75,3.39,3.65,12013179,79093792.000
2007-01-17,3.65,3.72,3.43,3.45,10317673,68281216.000
2007-01-18,3.44,3.72,3.41,3.68,8726297,57708600.000
2007-01-19,3.68,3.92,3.67,3.75,13794788,96056144.000
2007-01-22,3.79,3.90,3.75,3.83,12198383,85952544.000
2007-01-23,3.82,4.11,3.80,4.06,14887271,107770016.000
2007-01-24,4.07,4.07,3.90,3.95,8036939,57986068.000
2007-01-25,3.93,3.93,3.67,3.67,8950648,61730264.000
2007-01-26,3.62,3.67,3.42,3.63,8389024,55035140.000
2007-01-29,3.65,3.77,3.63,3.72,6863590,46708548.000
2007-01-30,3.73,3.75,3.56,3.66,5587265,37542036.000
2007-01-31,3.65,3.65,3.37,3.42,7575152,49249248.000
2007-02-01,3.32,3.42,3.25,3.39,8069582,50340440.000
2007-02-02,3.39,3.50,3.34,3.37,4858162,31006638.000
2007-02-05,3.36,3.45,3.34,3.43,3719620,23578416.000
2007-02-06,3.47,3.58,3.47,3.55,4619305,30320182.000
2007-02-07,3.57,3.58,3.44,3.56,6800048,44361312.000
2007-02-08,3.53,3.70,3.46,3.65,8176677,54407724.000
2007-02-09,3.66,3.73,3.58,3.68,5926469,40109012.000
2007-02-12,3.72,3.78,3.66,3.71,4900999,33564428.000
2007-02-13,3.72,3.83,3.66,3.80,9119053,62647840.000
2007-02-14,3.80,3.87,3.77,3.80,9001048,63040832.000
2007-02-15,3.82,4.00,3.78,3.96,11131309,79016568.000
2007-02-16,3.99,4.35,3.90,4.10,9728976,72392464.000
2007-02-26,4.12,4.35,4.07,4.30,8200634,63158540.000
2007-02-27,4.33,4.41,3.82,3.82,15212761,112079360.000
2007-02-28,3.75,4.10,3.73,4.07,10428674,74855352.000
2007-03-01,4.07,4.07,3.85,3.90,8218557,59093944.000
2007-03-02,3.90,4.00,3.87,3.94,5792271,41706032.000
2007-03-05,3.94,4.03,3.83,3.96,5157385,37146636.000
2007-03-06,3.97,4.05,3.93,4.01,4640974,33928108.000
2007-03-07,4.03,4.15,4.02,4.05,6606765,49126808.000
2007-03-08,4.08,4.15,4.00,4.15,5898228,44055904.000
2007-03-09,4.14,4.48,4.10,4.33,11639619,90097648.000
2007-03-12,4.35,4.62,4.35,4.55,13548259,110385272.000
2007-03-13,4.56,4.61,4.41,4.51,6615330,53769412.000
2007-03-14,4.44,4.49,4.32,4.41,8069063,64146188.000
2007-03-15,4.40,4.91,4.40,4.91,14493623,125998312.000
2007-03-16,4.99,5.00,4.63,4.70,12395078,106788720.000
2007-03-19,4.47,4.78,4.47,4.65,7652411,63801252.000
2007-03-20,4.65,4.86,4.63,4.84,4619127,39523360.000
2007-03-21,4.85,4.94,4.72,4.88,5778057,49851728.000
2007-03-22,4.91,4.97,4.79,4.81,7380775,64039872.000
2007-03-23,4.80,5.00,4.77,4.94,7400447,64379028.000
2007-03-26,4.97,5.30,4.96,5.16,7037292,64409488.000
2007-03-27,5.16,5.26,5.10,5.20,7297865,67108992.000
2007-03-28,5.23,5.25,4.68,5.01,9311853,83077192.000
2007-03-29,4.99,5.03,4.71,4.76,8408771,72479192.000
2007-03-30,4.74,4.81,4.68,4.75,5293352,44901092.000
2007-04-02,4.80,4.91,4.73,4.91,5247776,45394992.000
2007-04-03,4.99,5.15,4.91,4.98,8086097,72262528.000
2007-04-04,5.00,5.06,4.94,5.01,6602760,58814908.000
2007-04-05,5.02,5.21,4.99,5.19,7075510,64303624.000
2007-04-06,5.14,5.26,5.09,5.15,5809860,53328308.000
2007-04-09,5.19,5.25,5.12,5.18,8276634,75871096.000
2007-04-10,5.18,5.20,4.91,5.09,9474239,84923480.000
2007-04-11,5.09,5.55,5.06,5.40,13414869,126267504.000
2007-04-12,5.93,5.98,5.50,5.55,11076445,109042144.000
2007-04-13,5.56,5.62,5.35,5.38,9355492,90255536.000
2007-04-16,5.35,5.65,5.32,5.64,9551193,93040448.000
2007-04-17,5.68,6.26,5.68,6.26,22011357,232409120.000
2007-04-18,6.42,6.94,6.32,6.94,23734177,279223520.000
2007-04-24,7.49,7.69,6.95,7.15,18506757,236337456.000
2007-04-26,7.45,7.73,7.27,7.41,11205278,143806000.000
2007-04-27,7.41,7.69,7.19,7.53,10232252,130349712.000
2007-04-30,7.53,7.69,7.39,7.55,9021761,117330968.000
2007-05-08,7.75,7.86,7.63,7.72,9941322,132252136.000
2007-05-09,7.71,7.84,7.28,7.59,9195511,119407664.000
2007-05-10,7.74,7.76,7.43,7.63,8133003,105935792.000
2007-05-11,7.63,7.89,7.43,7.85,9667703,126736768.000
2007-05-14,7.80,8.69,7.66,8.69,20579185,299036768.000
2007-05-15,8.86,8.97,8.13,8.23,15030408,218166272.000
2007-05-16,8.13,8.38,7.97,8.33,7215049,101434392.000
2007-05-17,8.31,8.78,8.24,8.60,9896182,144296752.000
2007-05-18,8.51,9.19,8.37,9.10,13630556,204684736.000
2007-05-21,8.81,9.72,8.72,9.56,10109796,161469104.000
2007-05-22,9.60,9.81,9.30,9.40,11220223,179862560.000
2007-05-23,9.40,9.75,9.35,9.45,9952552,160621104.000
2007-05-24,9.66,9.68,8.88,9.21,12578712,195838176.000
2007-05-25,9.21,9.31,8.99,9.23,7556777,117723824.000
2007-05-28,9.30,9.53,9.19,9.32,9293173,147696640.000
2007-05-29,9.33,10.31,9.33,10.25,18893497,316829536.000
2007-05-30,9.38,10.19,9.16,9.16,21094680,343972768.000
2007-05-31,9.27,9.63,8.36,9.35,16730400,259539792.000
2007-06-01,9.38,9.56,8.36,8.36,14223806,213683536.000
2007-06-04,8.50,8.73,7.46,7.52,15382809,205142944.000
2007-06-05,7.25,7.56,6.71,7.47,15136565,187840000.000
2007-06-06,7.50,7.78,7.13,7.45,12310477,158783200.000
2007-06-07,7.19,8.25,7.19,8.24,14660902,200243136.000
2007-06-08,8.31,8.80,8.11,8.61,13621471,195891936.000
2007-06-11,8.85,9.12,8.68,8.93,12410530,187977376.000
2007-06-12,8.95,9.07,8.45,9.00,13244402,199703120.000
2007-06-13,8.97,9.96,8.97,9.96,24292594,401410592.000
2007-06-14,9.88,10.88,9.44,10.38,21416553,372174016.000
2007-06-15,10.41,10.56,9.99,10.05,10743846,185844048.000
2007-06-18,10.14,10.75,10.14,10.75,12920929,229142512.000
2007-06-19,10.69,11.00,10.31,10.73,10653222,191811200.000
2007-06-20,10.81,10.88,10.03,10.08,11130091,193930192.000
2007-06-21,10.13,10.25,9.50,9.75,8170725,134491376.000
2007-06-22,9.79,9.87,9.03,9.31,7996979,127476808.000
2007-06-25,9.32,9.66,8.88,9.06,6523332,102720608.000
2007-06-26,8.89,9.37,8.66,9.36,5986841,90549288.000
2007-06-27,9.48,9.67,9.29,9.59,5097603,81590016.000
2007-06-28,9.57,9.59,8.58,8.58,8366614,126113136.000
2007-06-29,8.34,8.49,7.94,8.25,7434736,103810080.000
2007-07-02,7.98,8.72,7.98,8.69,3900744,54728888.000
2007-07-03,8.90,9.03,8.41,8.80,5325110,79265680.000
2007-07-04,8.93,8.99,8.44,8.53,1905673,27935664.000
2007-07-05,8.36,8.57,7.99,8.00,2876178,40152368.000
2007-07-06,7.71,8.38,7.68,8.32,3345650,45973568.000
2007-07-09,8.44,8.55,8.31,8.48,3760943,53689504.000
2007-07-10,8.49,8.86,8.28,8.38,3146111,45507288.000
2007-07-11,8.38,8.50,8.13,8.30,1832366,25847704.000
2007-07-12,8.26,8.49,8.19,8.41,2424792,34407440.000
2007-07-13,8.44,8.45,8.13,8.19,2783013,38693844.000
2007-07-16,8.20,8.49,8.00,8.08,2079291,29006572.000
2007-07-17,8.06,8.19,7.94,8.10,1711439,23461172.000
2007-07-18,8.13,8.24,7.94,8.05,1835428,25224254.000
2007-07-19,7.93,8.13,7.76,7.85,1821968,24421516.000
2007-07-20,7.85,8.10,7.76,8.04,2683182,36449736.000
2007-07-23,8.05,8.66,8.05,8.57,4784244,68172688.000
2007-07-24,8.63,8.78,8.43,8.58,5980350,87138664.000
2007-07-25,8.55,8.77,8.43,8.73,5900296,86176816.000
2007-07-26,8.81,9.19,8.73,9.11,7567604,114583520.000
2007-07-27,9.01,9.18,8.90,9.13,4898914,74658592.000
2007-07-30,9.14,9.50,9.07,9.10,6529986,102057872.000
2007-07-31,9.25,9.50,9.05,9.31,8599823,134482624.000
2007-08-01,9.41,9.50,8.68,8.83,12151049,184191552.000
2007-08-02,8.91,9.06,8.68,8.94,6740693,100993008.000
2007-08-03,9.06,9.15,8.73,8.81,11203361,167048208.000
2007-08-06,8.97,9.75,8.83,9.75,17237487,271905920.000
2007-08-07,9.80,9.81,9.38,9.47,11910431,191698416.000
2007-08-08,9.36,9.50,8.88,9.09,6683278,104113704.000
2007-08-09,9.09,9.38,9.06,9.19,4653553,72080984.000
2007-08-10,9.19,9.30,8.85,9.00,3887902,59107048.000
2007-08-13,9.00,9.00,8.63,8.69,6595872,97448208.000
2007-08-14,8.69,9.00,8.69,8.92,3796827,56859760.000
2007-08-15,8.94,9.27,8.88,9.17,8424874,129179568.000
2007-08-16,9.17,9.17,8.72,8.94,5175445,77626224.000
2007-08-17,9.00,9.13,8.79,8.83,4393062,66418496.000
2007-08-20,9.05,9.38,9.01,9.17,9830265,152531968.000
2007-08-21,9.16,9.25,8.82,9.07,9484844,143562496.000
2007-08-22,8.93,9.28,8.88,9.17,9377815,144694416.000
2007-08-23,9.25,9.63,9.17,9.41,11463871,182033472.000
2007-08-24,9.43,9.63,9.25,9.37,6614597,104803448.000
2007-08-27,9.63,9.66,9.37,9.45,7890280,126064784.000
2007-08-28,9.44,9.55,9.13,9.52,11038617,172986448.000
2007-08-29,9.48,9.50,9.13,9.31,8957075,140845344.000
2007-08-30,9.47,9.98,9.25,9.91,16492891,268372320.000
2007-08-31,10.00,10.25,9.83,9.94,13704378,231781552.000
2007-09-03,10.07,10.13,9.82,9.86,9737604,162489056.000
2007-09-04,9.88,10.03,9.60,9.94,8534327,140866336.000
2007-09-05,9.76,10.03,9.38,9.75,9548254,155205840.000
2007-09-06,10.05,10.11,9.53,9.57,8404390,137441664.000
2007-09-07,9.55,9.55,9.16,9.30,8765336,137861952.000
2007-09-10,9.07,9.49,9.03,9.35,5463184,85196056.000
2007-09-11,9.35,9.39,8.44,8.63,5321743,81712320.000
2007-09-12,8.57,8.75,8.08,8.29,8834890,124627784.000
2007-09-13,8.38,9.10,8.36,8.95,7516870,110136120.000
2007-09-14,8.88,9.70,8.56,9.50,14401264,221415504.000
2007-09-17,9.43,9.62,9.30,9.42,6107182,97336544.000
2007-09-18,9.43,9.50,9.00,9.15,5481038,84895512.000
2007-09-19,8.97,9.22,8.88,8.90,4159044,63029868.000
2007-09-20,8.83,9.12,8.83,8.93,2717951,41160256.000
2007-09-24,8.88,9.06,8.58,8.63,3275395,48195248.000
2007-09-25,8.65,9.00,8.53,8.64,3058285,45153288.000
2007-09-26,8.75,9.28,8.75,9.06,6012531,92610144.000
2007-09-27,9.20,9.22,8.75,8.85,2935887,43999580.000
2007-09-28,9.00,9.23,8.88,8.97,3156853,48180196.000
2007-10-08,9.13,9.19,8.94,9.13,3488461,53431572.000
2007-10-09,9.14,9.29,8.94,9.25,3592237,55358160.000
2007-10-10,9.25,9.63,9.11,9.19,5819673,92312960.000
2007-10-11,9.19,9.31,8.97,8.98,3241135,49629476.000
2007-10-12,9.00,9.00,8.11,8.58,5076518,72758776.000
2007-10-15,8.66,8.66,8.26,8.36,3430974,48741972.000
2007-10-16,8.43,8.56,8.13,8.48,3156144,44476036.000
2007-10-17,8.53,8.53,8.31,8.35,2187073,31182210.000
2007-10-18,8.55,8.85,8.25,8.50,4192833,61024508.000
2007-10-19,8.58,8.75,8.43,8.44,2482939,35878840.000
2007-10-22,8.47,8.74,8.27,8.39,2320761,33548478.000
2007-10-23,8.63,8.69,8.25,8.56,2671895,38534336.000
2007-10-24,8.56,8.65,8.22,8.31,3244032,46129232.000
2007-10-25,8.30,8.30,7.43,7.43,5787044,74871928.000
2007-10-26,7.19,7.41,7.11,7.29,2595655,31985512.000
2007-10-29,7.35,7.53,6.89,7.11,2906315,35220548.000
2007-10-30,7.11,7.36,6.99,7.32,1863254,22969624.000
2007-10-31,7.44,7.75,7.31,7.74,2576013,33306596.000
2007-11-01,7.75,7.80,7.20,7.24,2910430,36970372.000
2007-11-02,7.22,7.22,7.03,7.10,2774398,33792936.000
2007-11-05,7.10,7.48,7.03,7.36,1833687,22640656.000
2007-11-06,7.31,7.58,7.21,7.53,1956027,24871118.000
2007-11-07,7.56,7.56,7.21,7.30,885703,11089708.000
2007-11-08,7.30,7.41,7.08,7.11,1302201,15993068.000
2007-11-09,7.04,7.26,6.99,7.00,1232970,14957521.000
2007-11-12,6.91,7.03,6.73,6.95,1399143,16502343.000
2007-11-13,7.06,7.21,6.90,7.03,1212950,14668069.000
2007-11-14,7.13,7.23,6.94,7.16,1555056,18948252.000
2007-11-15,7.19,7.29,6.91,6.99,1884412,22946980.000
2007-11-16,6.95,7.10,6.88,7.06,1430970,17201674.000
2007-11-19,7.25,7.55,7.07,7.36,2626208,32944428.000
2007-11-20,7.31,7.59,7.25,7.45,2262806,28871900.000
2007-11-21,7.61,7.62,7.32,7.42,970251,12271928.000
2007-11-22,7.41,7.50,7.28,7.40,1870026,23619720.000
2007-11-23,7.37,7.53,7.25,7.52,1103804,14044249.000
2007-11-26,7.63,7.88,7.55,7.68,2881893,37897720.000
2007-11-27,7.68,7.87,7.51,7.69,2023470,26714768.000
2007-11-28,7.71,7.81,7.25,7.35,1765178,22740292.000
2007-11-29,7.50,7.55,7.24,7.46,2435017,30703294.000
2007-11-30,7.40,7.47,7.25,7.28,1839187,23156528.000
2007-12-03,7.30,7.60,7.30,7.41,3348206,42311976.000
2007-12-04,7.41,7.63,7.38,7.57,2611779,33514592.000
2007-12-05,7.60,7.65,7.44,7.63,1303932,16921304.000
2007-12-06,7.68,7.94,7.60,7.84,2846292,37849220.000
2007-12-07,7.85,7.95,7.72,7.93,1537909,20625912.000
2007-12-10,7.85,8.36,7.81,8.27,5535424,76961312.000
2007-12-11,8.43,8.61,8.27,8.55,6465409,93198288.000
2007-12-12,8.61,8.66,8.39,8.60,3358580,48749964.000
2007-12-13,8.60,8.78,8.38,8.40,3982132,58561016.000
2007-12-14,8.34,8.72,8.25,8.72,5319976,76160720.000
2007-12-17,8.69,9.00,8.63,8.81,4256244,63931192.000
2007-12-18,8.73,8.88,8.45,8.86,4189980,61875904.000
2007-12-19,9.00,9.10,8.74,8.88,3616982,54654824.000
2007-12-20,8.88,8.99,8.78,8.82,2062446,30929464.000
2007-12-21,8.78,9.04,8.78,8.97,2314365,34840272.000
2007-12-24,8.97,9.32,8.97,9.12,4812453,74680128.000
2007-12-25,9.12,9.25,9.03,9.20,10683918,165495584.000
2007-12-26,9.20,10.16,9.20,10.16,17104868,285954240.000
2007-12-27,10.41,10.83,10.18,10.53,12624637,223275168.000
2007-12-28,10.74,10.74,10.31,10.68,6576819,116325408.000
2008-01-02,10.85,11.49,10.85,11.24,8645156,162562288.000
2008-01-03,11.24,11.97,11.09,11.63,9983892,192235440.000
2008-01-04,11.88,11.88,11.19,11.25,8949738,170327920.000
2008-01-07,11.23,11.94,11.18,11.61,5934291,115121616.000
2008-01-08,11.72,11.72,10.96,11.25,6676442,125523936.000
2008-01-09,11.24,11.58,11.01,11.38,6012559,113704632.000
2008-01-10,11.45,11.53,11.03,11.18,6474034,120721288.000
2008-01-11,11.38,11.43,10.73,10.75,11436883,207733632.000
2008-01-14,10.69,11.06,10.51,10.80,6771464,122202976.000
2008-01-15,10.72,11.34,10.68,11.14,7391756,136937104.000
2008-01-16,11.12,11.50,10.88,11.32,7330334,137532464.000
2008-01-17,11.26,11.62,10.63,11.00,6914756,129579624.000
2008-01-18,11.00,11.19,10.68,11.01,2975661,54426776.000
2008-01-21,10.99,11.50,10.98,11.10,8591535,162071744.000
2008-01-22,10.87,11.37,9.94,10.37,12516741,222311728.000
2008-01-23,10.66,11.29,10.44,11.25,6535965,119247472.000
2008-01-24,11.48,12.09,11.19,11.90,12043113,236441904.000
2008-01-25,11.95,13.06,11.91,12.33,13959935,292909824.000
2008-01-28,12.25,12.75,11.63,12.04,10267986,208244320.000
2008-01-29,12.13,12.62,11.32,12.06,11730708,234153760.000
2008-01-30,12.00,12.38,11.69,11.79,8414334,169481840.000
2008-01-31,11.69,11.95,10.67,10.73,6649671,125425344.000
2008-02-01,10.97,11.02,9.94,10.85,6884980,120439880.000
2008-02-04,11.11,11.98,11.11,11.98,5371554,105658608.000
2008-02-05,12.06,12.25,11.61,11.78,4246607,84153304.000
2008-02-13,11.67,11.93,11.38,11.45,1969070,38316272.000
2008-02-14,11.66,12.25,11.47,12.08,8162183,163054000.000
2008-02-15,11.93,12.44,11.81,12.32,8047599,164136576.000
2008-02-18,12.63,13.60,12.38,13.60,16434074,363413728.000
2008-02-19,13.65,14.30,13.45,13.99,11801785,271278592.000
2008-02-20,14.03,14.47,13.72,14.43,8517071,198773040.000
2008-02-21,14.22,14.50,13.56,14.05,7075634,165090336.000
2008-02-22,13.81,14.47,13.71,14.33,7714692,181573520.000
2008-02-25,14.36,14.99,13.79,14.74,8566607,207701280.000
2008-02-26,14.97,15.19,13.21,13.66,11010870,251840208.000
2008-02-27,13.61,14.03,12.91,13.45,5001967,113036944.000
2008-02-28,13.65,14.25,13.63,13.90,4856144,112844800.000
2008-02-29,13.88,14.54,13.81,14.31,3944471,93575368.000
2008-03-03,14.31,15.45,14.31,15.35,5179217,128867360.000
2008-03-04,15.50,15.63,14.75,15.13,5905131,147704048.000
2008-03-05,15.03,15.22,14.38,14.65,4762956,115719608.000
2008-03-06,14.50,15.00,14.03,14.56,3854569,92260472.000
2008-03-07,14.49,14.55,13.75,13.88,3446220,80136720.000
2008-03-10,13.51,13.86,13.25,13.78,2590179,57888836.000
2008-03-11,13.56,14.62,13.25,14.48,4644888,109712352.000
2008-03-12,14.68,14.81,14.38,14.41,4672421,112153640.000
2008-03-13,14.08,14.11,13.25,13.84,2483343,56628400.000
2008-03-14,13.75,13.88,13.27,13.63,1999930,44925400.000
2008-03-17,13.30,13.86,12.44,12.59,3080346,66659036.000
2008-03-18,12.11,12.62,11.43,11.73,6168763,124293352.000
2008-03-19,11.94,12.88,11.94,12.75,3856480,80204136.000
2008-03-20,12.56,14.00,11.94,13.41,3526241,75573288.000
2008-03-21,13.25,13.66,13.00,13.23,3539394,78322720.000
2008-03-24,13.32,13.53,12.50,12.63,2213401,47802952.000
2008-03-25,12.25,12.38,11.39,12.09,7876483,157489712.000
2008-03-26,12.11,12.30,11.26,11.51,5397345,105093528.000
2008-03-27,11.33,11.91,11.22,11.63,3875152,75705000.000
2008-03-28,11.70,12.69,11.70,12.69,4650754,94369792.000
2008-03-31,12.16,12.44,11.88,12.00,2630394,52922084.000
2008-04-01,11.75,12.00,10.75,10.75,5937963,108231208.000
2008-04-02,10.55,11.06,9.81,10.32,3171885,54839272.000
2008-04-03,10.12,10.69,9.83,10.45,1670411,28946420.000
2008-04-07,10.44,11.38,10.00,11.28,2086512,38547536.000
2008-04-08,11.15,11.69,11.15,11.23,2452979,46888328.000
2008-04-09,11.06,11.25,10.35,10.40,2243929,40845576.000
2008-04-10,10.30,10.75,10.14,10.69,1271820,22391344.000
2008-04-11,11.06,11.34,10.85,11.06,1526482,28368488.000
2008-04-14,10.75,10.86,10.56,10.63,1712857,30725282.000
2008-04-15,10.64,11.30,10.25,11.18,1325056,23822312.000
2008-04-17,10.89,11.36,10.50,10.70,947484,17236652.000
2008-04-18,10.51,10.65,10.00,10.31,1646989,28676144.000
2008-04-21,11.40,11.40,10.39,10.65,3592044,64801744.000
2008-04-22,10.43,10.90,9.86,10.73,1638397,28146318.000
2008-04-23,10.69,11.31,10.38,11.16,2448207,44740696.000
2008-04-24,12.19,12.33,11.68,12.11,5437034,109189832.000
2008-04-25,12.10,12.19,11.38,11.38,6205458,121396496.000
2008-04-28,11.12,11.27,10.81,11.07,2608001,48330872.000
2008-04-29,10.94,11.58,10.94,11.48,1685580,31916884.000
2008-04-30,11.55,12.00,11.41,11.91,2976848,58362204.000
2008-05-05,12.00,12.18,11.65,12.17,3749555,74719368.000
2008-05-06,12.10,12.41,11.88,12.17,3282612,66673472.000
2008-05-07,12.23,12.25,11.25,11.48,2573029,50459088.000
2008-05-08,11.13,12.00,11.13,11.98,1690422,32669064.000
2008-05-09,12.06,12.13,11.63,11.88,2277185,45143056.000
2008-05-12,11.68,13.11,11.63,13.11,6967217,148781840.000
2008-05-13,13.14,14.48,13.11,14.48,11982310,274751616.000
2008-05-14,14.48,14.50,12.98,14.13,6850795,158343968.000
2008-05-15,14.15,14.15,13.44,13.45,4022818,91444264.000
2008-05-16,13.44,13.84,12.93,13.31,2209511,49081248.000
2008-05-19,13.10,13.78,13.10,13.25,1975342,44229152.000
2008-05-20,13.24,13.43,11.88,11.95,4114097,85461032.000
2008-05-21,11.54,12.08,11.10,12.06,5003959,96270432.000
2008-05-22,11.88,11.98,11.33,11.37,3132294,60612460.000
2008-05-23,11.48,11.93,11.05,11.85,4137005,79990048.000
2008-05-26,11.75,11.88,11.25,11.40,1657733,32054482.000
2008-05-27,11.60,11.68,11.00,11.33,1998948,37860012.000
2008-05-28,11.41,11.75,11.13,11.61,2390531,45556888.000
2008-05-29,11.60,11.74,11.26,11.27,1377720,26461804.000
2008-05-30,11.25,11.38,10.81,11.20,4192006,77478952.000
2008-06-02,11.30,11.49,11.10,11.46,2338483,44223260.000
2008-06-03,11.45,11.69,11.44,11.57,1353219,26124868.000
2008-06-04,11.61,11.61,11.18,11.30,1492075,28243996.000
2008-06-05,11.31,11.31,10.97,11.21,958354,17798652.000
2008-06-06,11.31,11.31,10.75,10.77,604847,10930093.000
2008-06-10,10.19,10.37,9.88,10.21,2297169,38597248.000
2008-06-11,9.89,10.50,9.89,10.37,1075353,18420454.000
2008-06-12,10.37,10.50,10.20,10.40,1483442,25597692.000
2008-06-13,10.47,10.53,9.88,10.18,1474102,24899920.000
2008-06-16,10.19,10.36,9.89,10.31,1781388,30345284.000
2008-06-17,10.41,10.60,10.06,10.18,1257112,21758624.000
2008-06-18,10.12,10.80,9.57,10.72,2265719,39143900.000
2008-06-19,10.47,10.47,9.61,9.65,2152143,36187892.000
2008-06-20,9.67,10.31,9.00,9.55,3344333,54519108.000
2008-06-23,9.01,9.67,9.00,9.36,1371913,21341216.000
2008-06-24,9.40,9.63,9.07,9.46,1298814,20533300.000
2008-06-25,9.46,10.07,9.46,10.03,1961272,32201870.000
2008-06-26,10.13,10.48,9.94,10.23,1636127,27950392.000
2008-06-27,9.93,10.25,9.31,9.72,1727883,28414968.000
2008-06-30,9.72,9.74,9.44,9.67,487710,7814063.000
2008-07-01,9.70,9.81,9.45,9.67,714583,11567532.000
2008-07-02,9.74,10.00,9.57,9.90,726764,11938311.000
2008-07-03,9.90,10.55,9.75,10.37,2011505,34544796.000
2008-07-04,10.50,10.63,9.85,10.07,2742980,46828664.000
2008-07-08,10.66,10.66,10.27,10.36,2683273,46611868.000
2008-07-09,10.44,10.97,10.44,10.86,3302004,59171064.000
2008-07-10,10.63,11.05,10.55,10.85,1700521,30809200.000
2008-07-11,10.63,11.06,10.62,10.93,1702129,30868228.000
2008-07-14,10.93,11.03,10.38,10.62,2576493,45555836.000
2008-07-15,10.61,10.61,10.04,10.06,4848853,82686792.000
2008-07-16,10.08,10.19,9.25,9.57,3818861,60624976.000
2008-07-17,9.56,10.18,9.31,9.39,4879331,79801320.000
2008-07-18,9.47,9.70,9.16,9.46,2973522,46431640.000
2008-07-21,9.66,9.94,9.47,9.92,2361731,38651264.000
2008-07-22,9.95,10.25,9.75,10.06,1809163,30444788.000
2008-07-23,10.06,10.35,9.88,10.14,1974527,33587636.000
2008-07-24,10.32,10.54,10.13,10.52,1615267,28171546.000
2008-07-25,10.44,10.50,10.22,10.32,954158,16437201.000
2008-07-28,10.56,10.68,10.50,10.63,3148618,55742344.000
2008-07-29,10.60,10.60,10.35,10.39,832621,14494797.000
2008-07-30,10.61,10.81,10.50,10.63,1620238,28729068.000
2008-07-31,10.68,10.69,9.88,10.26,781350,13378629.000
2008-08-01,10.14,10.43,9.95,10.06,922398,15553671.000
2008-08-04,10.05,10.18,9.88,9.98,349571,5883575.000
2008-08-05,10.06,10.13,9.57,9.57,951968,15609485.000
2008-08-06,9.66,10.04,9.63,9.85,765298,12599456.000
2008-08-07,9.88,10.14,9.69,9.80,856930,14238559.000
2008-08-08,9.80,9.88,9.25,9.26,1027717,16490183.000
2008-08-11,9.44,9.85,9.13,9.44,1632104,25949418.000
2008-08-12,9.44,9.80,9.26,9.66,1098602,17723424.000
2008-08-13,9.75,9.94,9.43,9.93,991486,16135411.000
2008-08-14,9.93,10.06,9.83,10.00,752502,12512285.000
2008-08-15,10.06,10.09,9.83,9.99,590847,9882441.000
2008-08-18,9.99,9.99,9.44,9.44,679654,10886808.000
2008-08-19,9.25,9.63,9.25,9.39,434698,6835042.000
2008-08-20,9.35,10.19,9.13,10.01,1625545,26489660.000
2008-08-21,9.57,9.80,9.26,9.37,1493739,23673084.000
2008-08-22,9.28,9.50,8.83,8.95,937508,14235575.000
2008-08-25,8.92,9.03,8.23,8.37,1903248,27435816.000
2008-08-26,8.30,8.30,7.48,7.87,3573517,47053536.000
2008-08-27,7.69,7.97,7.51,7.60,357035,4643897.000
2008-08-28,7.60,7.75,7.46,7.58,613998,7853087.000
2008-08-29,7.78,7.86,7.51,7.68,762120,9901087.000
2008-09-01,7.68,7.68,7.47,7.58,518289,6632753.000
2008-09-02,7.74,7.74,7.49,7.63,495532,6417811.000
2008-09-03,7.55,7.65,6.82,7.07,2042946,24489132.000
2008-09-04,7.00,7.25,6.85,7.11,2105635,25066732.000
2008-09-05,7.00,7.00,6.49,6.67,2396305,27565684.000
2008-09-08,6.68,6.68,6.35,6.44,1478997,16306157.000
2008-09-09,6.44,6.53,6.42,6.45,1942851,21387074.000
2008-09-10,6.44,6.60,6.40,6.46,892766,9908490.000
2008-09-11,6.44,6.75,6.44,6.66,1114403,12623998.000
2008-09-16,6.66,6.97,6.19,6.83,919464,10642298.000
2008-09-17,6.83,7.05,6.66,6.98,942178,11167948.000
2008-09-18,6.83,6.99,6.46,6.98,1098401,12609282.000
2008-09-19,7.68,7.73,7.38,7.73,2197872,28539724.000
2008-09-22,8.16,8.55,7.38,7.72,2959133,39685820.000
2008-09-23,7.13,7.62,7.13,7.41,1117627,14035293.000
2008-09-24,7.14,7.56,7.14,7.54,771786,9698143.000
2008-09-25,7.68,7.78,7.41,7.73,1389716,18002746.000
2008-09-26,7.75,7.82,7.44,7.46,1075193,13840805.000
2008-10-06,7.35,7.44,7.19,7.20,907740,11301711.000
2008-10-07,7.00,7.63,7.00,7.48,692504,8588424.000
2008-10-08,7.31,7.91,7.23,7.65,2770460,35721200.000
2008-10-09,7.80,7.89,7.44,7.63,894330,11566717.000
2008-10-10,7.38,7.43,7.31,7.35,920732,11515252.000
2008-10-13,7.07,7.51,7.07,7.48,720649,8902630.000
2008-10-14,7.86,7.86,7.26,7.53,1356125,17255276.000
2008-10-15,7.48,8.00,7.48,7.94,2184412,28982344.000
2008-10-16,7.66,7.75,7.31,7.38,1403239,17870754.000
2008-10-17,7.40,7.67,7.30,7.51,563145,7096393.000
2008-10-20,7.57,7.57,7.31,7.46,873888,10960878.000
2008-10-21,7.56,7.56,7.31,7.34,1097246,13764113.000
2008-10-22,7.38,7.38,7.07,7.29,764422,9387434.000
2008-10-23,7.16,7.38,6.95,7.30,1096031,13232229.000
2008-10-24,7.33,7.38,7.19,7.33,747365,9250698.000
2008-10-27,7.24,7.36,7.02,7.31,736611,8976488.000
2008-10-28,7.22,7.50,6.76,7.45,1462104,17817828.000
2008-10-29,7.45,7.50,6.66,6.66,1303767,15397748.000
2008-10-30,6.66,6.85,6.35,6.71,1473912,16468648.000
2008-10-31,6.69,6.69,6.32,6.32,1648284,18168572.000
2008-11-03,6.35,6.35,5.94,6.00,2606519,26987356.000
2008-11-04,5.86,6.11,5.86,6.04,870163,8970026.000
2008-11-05,6.06,6.34,6.06,6.30,806129,8658849.000
2008-11-06,6.18,6.32,6.14,6.28,377738,4030433.000
2008-11-07,6.28,6.41,6.10,6.38,303850,3295487.000
2008-11-10,6.53,6.77,6.41,6.71,772213,8684451.000
2008-11-11,6.71,6.74,6.54,6.70,1081130,12265821.000
2008-11-12,6.62,6.73,6.60,6.69,287601,3263308.000
2008-11-13,6.57,6.94,6.57,6.76,2020962,23224478.000
2008-11-14,6.81,7.03,6.71,6.94,2817458,33050936.000
2008-11-17,7.11,7.22,6.97,7.21,1744553,21075886.000
2008-11-18,7.16,7.31,6.68,6.75,1702608,19894624.000
2008-11-19,6.64,7.28,6.64,7.25,1217423,14540712.000
2008-11-20,7.10,7.49,6.98,7.32,1071906,13256829.000
2008-11-21,7.25,7.38,6.88,7.07,937155,11275333.000
2008-11-24,7.03,7.52,6.99,7.35,1582199,19637830.000
2008-11-25,7.36,7.55,6.97,7.26,906320,11232703.000
2008-11-26,7.03,7.22,7.00,7.03,348891,4191572.000
2008-11-27,7.56,7.56,7.07,7.07,1142613,14087974.000
2008-11-28,7.03,7.25,7.01,7.19,810963,9862203.000
2008-12-01,7.19,7.33,6.98,7.33,639178,7814861.000
2008-12-02,7.18,7.44,7.16,7.34,1398365,17388404.000
2008-12-03,7.47,7.63,7.35,7.55,1480062,18907898.000
2008-12-04,7.62,7.87,7.57,7.58,1636989,21305936.000
2008-12-05,7.58,7.73,7.39,7.72,849635,10844024.000
2008-12-08,7.72,8.48,7.72,8.47,3759816,51336440.000
2008-12-09,8.47,8.47,8.10,8.13,1814489,25225740.000
2008-12-10,8.03,8.38,8.03,8.30,1364486,19029420.000
2008-12-11,8.31,8.57,8.00,8.02,1562417,21904522.000
2008-12-12,8.00,8.19,7.88,8.14,994428,13476927.000
2008-12-15,8.19,8.40,7.69,8.22,576990,7965491.000
2008-12-16,8.03,8.54,8.03,8.46,864929,12105582.000
2008-12-17,8.46,8.71,8.38,8.38,1181612,16949456.000
2008-12-18,8.38,8.58,8.28,8.57,625340,8931266.000
2008-12-19,8.70,9.18,8.63,9.09,2886444,43505112.000
2008-12-22,9.04,9.27,8.94,9.23,850871,13045968.000
2008-12-23,9.22,9.22,8.54,8.80,3895039,56902548.000
2008-12-24,8.35,8.98,8.35,8.97,1679856,24689620.000
2008-12-25,8.91,8.99,8.56,8.82,2391407,35136836.000
2008-12-26,8.60,8.87,8.60,8.83,1453480,21267668.000
2008-12-29,8.82,8.88,8.61,8.87,999226,14616386.000
2008-12-30,8.87,9.03,8.72,8.80,1320919,19743808.000
2008-12-31,8.81,8.93,8.61,8.90,1817915,26917036.000
2009-01-06,9.07,9.16,8.79,8.90,813144,12171218.000
2009-01-07,8.94,8.94,8.50,8.75,771764,11385838.000
2009-01-08,8.70,8.73,8.47,8.57,832983,11993460.000
2009-01-09,8.62,8.74,8.61,8.73,336460,4898557.000
2009-01-12,8.63,9.00,8.63,8.95,921924,13692480.000
2009-01-13,8.95,8.95,8.63,8.65,372909,5462964.000
2009-01-14,8.65,8.81,8.56,8.78,538942,7869968.000
2009-01-15,8.74,8.88,8.63,8.83,689360,10172650.000
2009-01-16,8.88,8.93,8.63,8.77,1151166,17066996.000
2009-01-19,8.69,8.78,8.06,8.13,5734082,79639536.000
2009-01-20,8.17,8.37,8.09,8.35,4332829,59588080.000
2009-01-21,8.24,8.30,8.13,8.19,1771867,24462696.000
2009-01-22,8.44,8.64,8.23,8.28,3373522,47581732.000
2009-01-23,8.28,8.30,7.94,8.08,4625261,62854624.000
2009-02-02,8.09,8.44,8.09,8.42,3120597,43483072.000
2009-02-03,8.42,8.50,8.30,8.47,5115599,72257760.000
2009-02-04,8.50,8.72,8.47,8.59,3226647,46634224.000
2009-02-05,8.60,8.80,8.59,8.62,3978506,57914384.000
2009-02-06,8.69,8.85,8.60,8.81,7712331,113238824.000
2009-02-09,8.90,9.15,8.75,9.13,5514545,82123600.000
2009-02-10,9.02,9.06,8.81,9.05,5125110,76591400.000
2009-02-11,8.94,9.30,8.75,8.95,4773562,72339016.000
2009-02-12,9.02,9.25,8.83,9.23,5348874,81254200.000
2009-02-13,9.28,9.51,9.20,9.47,4241770,66541780.000
2009-02-16,9.49,9.77,9.26,9.69,4490312,71158464.000
2009-02-17,9.63,10.11,9.44,9.81,6029602,99164568.000
2009-02-18,9.57,10.64,9.57,9.75,6376670,107245176.000
2009-02-19,9.79,10.16,9.44,9.74,3731141,60896272.000
2009-02-20,9.91,9.93,9.53,9.85,3425439,55837184.000
2009-02-23,9.85,10.10,9.57,9.99,4566189,75472608.000
2009-02-24,9.94,10.11,9.48,9.49,3817604,62288948.000
2009-02-25,9.39,9.62,9.23,9.40,2928538,45985344.000
2009-02-26,9.30,9.52,8.69,9.00,2791024,43089448.000
2009-02-27,8.94,9.41,8.75,9.27,2730998,41509528.000
2009-03-02,9.16,9.55,9.08,9.36,3265729,50574184.000
2009-03-03,9.16,10.03,9.00,9.96,5884732,96343480.000
2009-03-04,10.09,10.31,9.85,10.20,9636897,162185024.000
2009-03-05,10.22,10.44,9.94,10.32,5969694,101329856.000
2009-03-06,10.19,10.36,9.75,9.89,3239442,54559880.000
2009-03-09,9.92,9.96,9.13,9.92,5281646,85535392.000
2009-03-10,9.75,10.00,9.58,9.86,2109051,34447864.000
2009-03-11,10.00,10.06,9.78,9.78,1903350,31384242.000
2009-03-12,9.78,9.80,9.40,9.55,1594675,25441860.000
2009-03-13,9.57,9.90,9.45,9.50,1399736,22699716.000
2009-03-16,9.50,9.58,9.25,9.53,877489,13875024.000
2009-03-17,9.53,9.81,9.36,9.74,3790594,60918304.000
2009-03-18,9.82,10.03,9.81,9.83,3911790,64842972.000
2009-03-19,9.83,9.96,9.70,9.89,2718991,44552480.000
2009-03-20,9.89,9.90,9.51,9.60,3730668,60038516.000
2009-03-23,9.62,9.71,9.44,9.56,5830517,92920992.000
2009-03-24,9.58,9.85,9.48,9.83,5591317,90248632.000
2009-03-25,9.75,9.83,9.25,9.30,4717468,75766248.000
2009-03-27,9.53,9.60,9.30,9.40,4283212,67241272.000
2009-03-30,9.41,9.75,9.38,9.57,5212115,83204216.000
2009-03-31,9.49,9.71,9.32,9.57,5481194,87596704.000
2009-04-01,9.57,9.65,9.47,9.55,3832802,61097360.000
2009-04-02,9.57,9.73,9.41,9.45,12379390,198690496.000
2009-04-03,9.53,9.53,9.26,9.29,6529202,102402864.000
2009-04-07,9.49,9.53,9.18,9.27,7821430,122568240.000
2009-04-08,9.28,9.60,9.28,9.35,6917449,109669624.000
2009-04-09,9.33,9.53,9.14,9.30,5141629,80189512.000
2009-04-10,9.31,9.38,9.18,9.37,6780102,105252472.000
2009-04-13,9.37,9.60,9.35,9.59,7158973,113633872.000
2009-04-14,9.68,9.77,9.50,9.62,5797569,93354032.000
2009-04-15,9.63,9.70,9.44,9.56,5285011,84377360.000
2009-04-16,9.55,9.85,9.50,9.84,7706175,124934432.000
2009-04-17,9.81,9.95,9.45,9.47,6929813,112299248.000
2009-04-20,9.42,9.52,9.29,9.45,6530354,102770328.000
2009-04-21,9.41,9.43,9.23,9.28,5639112,87958456.000
2009-04-22,9.32,9.43,8.88,8.88,5655058,87235280.000
2009-04-23,8.84,9.02,8.72,8.98,3731663,55542800.000
2009-04-24,8.98,9.03,8.79,8.81,3218352,48256316.000
2009-04-27,8.81,9.00,8.69,8.85,2806920,41668736.000
2009-04-28,8.91,9.38,8.90,9.36,6687169,102880960.000
2009-04-29,9.43,9.46,9.00,9.09,6095045,93003232.000
2009-04-30,9.10,9.17,8.88,8.98,4407582,66663396.000
2009-05-04,8.98,9.08,8.92,9.06,6127246,92345048.000
2009-05-05,9.10,9.11,8.87,8.94,6720855,100752320.000
2009-05-06,8.94,8.94,8.77,8.91,9833661,145872864.000
2009-05-07,8.93,9.00,8.61,8.76,8647290,127337632.000
2009-05-08,8.73,8.90,8.61,8.77,8649593,127072120.000
2009-05-11,8.85,8.88,8.53,8.58,8393219,122229864.000
2009-05-12,8.59,8.72,8.58,8.65,4957371,71915544.000
2009-05-13,8.67,8.73,8.48,8.50,10739164,154545136.000
2009-05-14,8.56,9.39,8.50,9.39,19758606,298609216.000
2009-05-15,9.66,10.37,9.50,10.21,49296980,819084416.000
2009-05-18,10.08,10.08,9.49,9.80,17779096,291471392.000
2009-05-19,9.86,10.34,9.75,9.93,14476443,240216704.000
2009-05-20,9.93,9.93,9.45,9.49,14813835,234983616.000
2009-05-21,9.51,9.61,9.09,9.15,10145410,157089776.000
2009-05-22,9.16,9.72,9.16,9.57,14306153,226603120.000
2009-05-25,9.50,9.94,9.42,9.78,18424431,296851040.000
2009-05-26,9.84,9.84,9.39,9.42,6464942,103139232.000
2009-05-27,9.43,9.53,9.10,9.19,5953049,91692000.000
2009-06-01,9.28,9.40,9.14,9.38,6573321,101129504.000
2009-06-02,10.35,10.35,9.70,9.83,43731248,735948224.000
2009-06-03,9.81,10.60,9.55,10.12,31492240,526231392.000
2009-06-04,10.18,10.48,9.83,10.05,19194375,323803296.000
2009-06-05,9.91,10.22,9.86,10.11,15139778,251893984.000
2009-06-08,10.15,10.16,9.85,10.08,10653458,176773008.000
2009-06-09,9.94,10.06,9.62,9.80,10829851,176019328.000
2009-06-10,9.86,10.03,9.74,9.99,8938133,146947152.000
2009-06-11,9.96,10.21,9.76,10.07,12924535,213965472.000
2009-06-12,10.32,10.86,10.29,10.33,25136601,439256640.000
2009-06-15,10.38,10.59,10.14,10.33,10505846,180355168.000
2009-06-16,10.25,10.47,10.06,10.37,9672049,164767408.000
2009-06-17,10.27,10.78,10.19,10.54,16397276,286607808.000
2009-06-18,10.61,11.36,10.50,11.19,24426603,445407552.000
2009-06-19,11.23,11.88,10.75,10.78,25559788,477601792.000
2009-06-22,10.57,10.78,10.37,10.53,17992197,313452640.000
2009-06-23,10.37,10.69,10.34,10.51,7948617,138642432.000
2009-06-24,10.56,10.56,10.27,10.33,8063616,138450688.000
2009-06-25,10.35,10.46,10.25,10.30,6169102,105760584.000
2009-06-26,10.38,10.41,10.27,10.37,4508464,77304928.000
2009-06-29,10.38,10.47,10.05,10.23,9014940,152401040.000
2009-06-30,10.25,10.52,10.14,10.25,8151134,139908128.000
2009-07-01,10.30,10.37,10.03,10.14,7652379,128384000.000
2009-07-02,10.18,10.24,10.03,10.18,7923781,132979384.000
2009-07-03,10.16,10.26,10.08,10.18,6182758,104188152.000
2009-07-06,10.16,10.16,9.91,10.01,6621579,110151288.000
2009-07-07,9.99,10.30,9.98,10.23,7045191,119179032.000
2009-07-08,10.20,10.20,10.01,10.11,3443265,57635256.000
2009-07-09,10.22,10.43,10.21,10.33,7918736,135612976.000
2009-07-10,10.38,10.43,10.21,10.23,5590301,95187288.000
2009-07-13,10.21,10.40,10.16,10.33,6684918,113958264.000
2009-07-14,10.34,10.50,10.34,10.43,8839859,152802624.000
2009-07-15,10.47,10.52,10.32,10.35,6812809,117089288.000
2009-07-16,10.43,10.49,10.10,10.12,11026227,187968512.000
2009-07-17,10.08,10.18,9.91,9.98,11886134,197002048.000
2009-07-20,10.00,10.19,10.00,10.06,12012712,200812208.000
2009-07-21,10.10,10.12,9.94,9.96,11060397,183275536.000
2009-07-22,10.00,10.08,9.91,10.00,9350006,154937680.000
2009-07-23,10.01,10.11,9.98,10.10,10508286,175314704.000
2009-07-24,10.12,10.30,10.01,10.15,11582857,195103152.000
2009-07-27,10.20,10.48,10.20,10.37,12994545,222866032.000
2009-07-28,10.44,10.47,10.19,10.28,10697852,182391456.000
2009-07-29,10.30,10.38,9.33,9.66,11346125,188183872.000
2009-07-30,9.66,9.83,9.32,9.60,8816065,139115296.000
2009-07-31,9.53,9.74,9.53,9.74,6337063,101598952.000
2009-08-03,9.76,9.88,9.66,9.88,9426045,152454656.000
2009-08-04,9.86,10.11,9.78,10.06,10735797,177866368.000
2009-08-05,10.06,10.38,10.03,10.27,11968679,203150848.000
2009-08-06,10.27,10.63,10.15,10.40,19236227,333453120.000
2009-08-07,10.38,10.62,10.19,10.22,13317746,230281584.000
2009-08-10,10.41,10.47,10.20,10.37,9818177,168266752.000
2009-08-11,10.43,10.47,10.06,10.13,6082597,102845360.000
2009-08-12,10.06,10.22,9.57,9.58,5706259,92981632.000
2009-08-13,9.67,9.69,9.33,9.50,6024412,94570520.000
2009-08-14,9.51,9.53,9.02,9.04,4585179,70755304.000
2009-08-17,8.95,9.00,8.50,8.51,4759312,69721736.000
2009-08-18,8.38,8.84,8.37,8.78,4109645,59213032.000
2009-08-19,8.90,9.07,8.53,8.56,5052649,74445848.000
2009-08-20,8.71,8.82,8.58,8.69,4381092,63657144.000
2009-08-21,8.69,9.20,8.63,9.03,6301907,93380792.000
2009-08-24,9.04,9.73,9.00,9.63,10015848,157271648.000
2009-08-25,9.63,9.76,9.47,9.66,10681780,170674640.000
2009-08-26,9.69,9.97,9.57,9.88,9736338,158887200.000
2009-08-27,9.86,10.46,9.76,10.30,14452453,246923728.000
2009-08-28,10.16,10.35,10.00,10.16,9107262,153739840.000
2009-08-31,10.13,10.56,10.04,10.18,27232970,467185120.000
2009-09-01,10.06,10.17,9.50,10.10,8064260,132368832.000
2009-09-02,10.00,10.04,9.50,9.55,4745041,76517256.000
2009-09-03,9.56,9.94,9.56,9.75,6762785,109540936.000
2009-09-04,9.80,10.67,9.76,10.56,21370386,367489760.000
2009-09-07,11.13,11.65,11.13,11.65,39732288,756402944.000
2009-09-08,11.79,11.79,11.11,11.31,27930076,523944704.000
2009-09-09,11.07,11.94,10.89,11.75,24560666,466333184.000
2009-09-10,11.38,11.72,11.26,11.27,10035915,189791248.000
2009-09-11,11.19,12.08,11.18,11.93,13631367,262759808.000
2009-09-14,11.93,12.97,11.75,12.41,19123831,389339648.000
2009-09-15,12.28,12.75,12.13,12.17,14544286,297932064.000
2009-09-16,12.01,12.34,11.72,11.98,10049601,198764576.000
2009-09-17,11.98,12.16,11.82,11.93,8973023,177416560.000
2009-09-18,11.97,12.75,11.97,12.11,13989489,284280544.000
2009-09-21,11.88,12.56,11.88,12.39,11320961,228622448.000
2009-09-22,12.38,12.88,12.23,12.51,8868175,183900784.000
2009-09-23,12.51,12.64,11.78,11.84,9027946,180872784.000
2009-09-24,11.71,11.87,11.24,11.38,5838517,110857432.000
2009-09-25,11.30,11.57,10.94,11.03,4638416,85695080.000
2009-09-28,11.24,11.60,11.13,11.20,6630153,124686472.000
2009-09-29,11.25,11.28,10.81,11.07,4586102,83654352.000
2009-09-30,11.10,11.62,11.10,11.58,4786751,89903800.000
2009-10-09,11.78,12.11,11.50,11.89,6514644,127729808.000
2009-10-12,12.00,12.00,11.62,11.72,3645344,70877992.000
2009-10-13,11.68,12.18,11.58,12.15,4048417,79336192.000
2009-10-14,12.16,12.46,11.83,11.99,7502308,150165120.000
2009-10-15,12.10,12.11,11.62,11.74,5867119,114457672.000
2009-10-16,11.78,11.88,11.43,11.69,3648888,70015472.000
2009-10-19,11.74,12.06,11.62,11.71,6039690,117183848.000
2009-10-20,11.87,11.87,11.36,11.41,15756012,298971328.000
2009-10-21,11.43,11.58,11.22,11.26,13200554,247899328.000
2009-10-22,11.25,11.38,11.20,11.35,10992764,205399504.000
2009-10-23,11.36,11.55,11.31,11.48,10900206,205903424.000
2009-10-26,11.85,12.64,11.76,12.44,35585066,710263488.000
2009-10-27,12.41,12.50,12.00,12.17,20298881,411048960.000
2009-10-28,12.56,12.82,11.94,11.99,20778427,421091744.000
2009-11-04,13.23,13.23,13.23,13.23,4093451,89073496.000
2009-11-05,13.99,14.59,13.66,14.59,38548661,899614976.000
2009-11-06,14.63,15.24,14.20,14.23,34158007,823855296.000
2009-11-09,14.01,14.63,13.80,14.53,19769213,459274272.000
2009-11-10,14.69,15.97,14.56,15.55,22599045,567216384.000
2009-11-11,15.25,15.81,14.75,14.92,20491890,511608192.000
2009-11-12,14.91,15.13,14.33,14.58,12763410,306930752.000
2009-11-13,14.56,14.84,14.20,14.58,10544572,250902512.000
2009-11-16,14.52,14.85,14.30,14.62,15292635,364592928.000
2009-11-17,14.56,14.99,14.24,14.73,16568839,396444448.000
2009-11-18,14.63,15.21,14.50,14.95,15465748,376599616.000
2009-11-19,14.97,15.12,14.63,14.80,11374149,276746016.000
2009-11-20,14.80,14.93,14.60,14.76,8690777,210359024.000
2009-11-23,14.75,15.90,14.50,15.58,17995739,450059104.000
2009-11-24,15.38,15.75,14.63,14.69,12318634,308038720.000
2009-11-25,14.63,14.95,13.96,14.84,8249620,198817696.000
2009-11-26,14.72,14.83,13.56,13.66,8771772,205410784.000
2009-11-27,13.66,14.29,13.50,13.78,7351125,168976560.000
2009-11-30,13.94,14.30,13.88,14.24,4127988,95975304.000
2009-12-01,14.23,14.88,14.23,14.68,6572112,158311856.000
2009-12-02,14.63,14.75,14.32,14.50,5934988,140803712.000
2009-12-03,14.51,14.60,14.03,14.18,7478387,174606912.000
2009-12-04,14.12,14.35,13.50,13.68,7933898,180665824.000
2009-12-07,13.68,13.79,13.63,13.76,7301254,164482208.000
2009-12-08,13.76,13.76,13.45,13.68,5053661,112847736.000
2009-12-09,13.62,14.05,13.46,13.56,6576990,148496976.000
2009-12-10,13.51,13.72,13.51,13.65,3163941,70629888.000
2009-12-11,13.74,13.74,13.58,13.63,3377730,75842224.000
2009-12-14,13.65,13.65,13.18,13.47,3321316,73103320.000
2009-12-15,13.49,14.44,13.43,14.12,12544571,289064384.000
2009-12-16,14.12,14.41,14.00,14.15,5150894,120097704.000
2009-12-17,14.12,14.24,13.60,13.73,3710418,83885184.000
2009-12-18,13.57,13.78,13.20,13.70,3183872,70899984.000
2009-12-21,13.70,13.73,13.25,13.41,2630836,57824264.000
2009-12-22,13.44,13.63,13.38,13.50,4570413,101591984.000
2009-12-23,13.50,13.93,13.44,13.87,3528914,80006992.000
2009-12-24,13.87,14.63,13.87,14.60,7905631,186882528.000
2009-12-25,14.63,14.87,14.50,14.55,7207588,173858736.000
2009-12-28,14.64,14.97,14.50,14.96,6679542,161923856.000
2009-12-29,14.97,15.00,14.76,15.00,4913884,119998472.000
2009-12-30,15.00,15.06,14.66,14.73,6707577,163231136.000
2009-12-31,14.71,14.80,14.31,14.71,6731487,160161040.000
2010-01-04,14.63,14.69,14.42,14.61,3847783,91866120.000
2010-01-05,14.56,14.79,14.45,14.73,3161125,75952016.000
2010-01-06,14.71,15.19,14.63,14.67,4970090,121736944.000
2010-01-07,14.67,14.70,13.88,14.10,3393535,79223144.000
2010-01-08,14.00,14.39,13.88,14.29,4803947,112104568.000
2010-01-11,14.44,14.73,14.00,14.24,3901953,91742448.000
2010-01-12,14.24,15.05,14.24,14.95,10608441,257868624.000
2010-01-13,14.69,15.40,14.61,14.90,9427947,233457344.000
2010-01-14,14.95,16.43,14.88,16.43,16021878,419679200.000
2010-01-15,16.38,16.56,16.08,16.36,6068452,162636480.000
2010-01-18,16.24,17.10,16.24,16.81,4820613,131607688.000
2010-01-19,16.70,16.93,16.14,16.46,5371578,144045120.000
2010-01-20,16.21,16.73,15.69,15.81,5432269,144752128.000
2010-01-21,15.81,16.18,15.57,15.75,2128536,55006568.000
2010-01-22,15.69,15.98,15.03,15.28,3744189,94831120.000
2010-01-25,15.01,15.60,15.01,15.32,3325802,83545336.000
2010-01-26,15.20,15.75,15.02,15.25,5080027,128771296.000
2010-01-27,15.25,15.56,14.75,15.45,3616645,90527528.000
2010-01-28,15.25,15.66,15.10,15.55,3145884,79722784.000
2010-01-29,15.44,16.05,15.28,15.77,3535010,91089536.000
2010-02-01,15.77,16.24,15.19,15.32,3882926,99792576.000
2010-02-02,15.32,15.56,15.14,15.21,3158958,79229432.000
2010-02-03,15.05,15.22,13.81,14.56,5610182,133230496.000
2010-02-04,14.50,14.65,14.19,14.48,3193343,75533216.000
2010-02-05,14.25,14.35,13.99,14.20,1975396,45733884.000
2010-02-08,14.16,14.48,14.01,14.31,1271185,29912688.000
2010-02-09,14.31,14.47,14.07,14.31,576443,13469171.000
2010-02-10,14.45,14.45,14.13,14.13,1164351,27281662.000
2010-02-11,14.27,14.43,14.15,14.33,1223297,28793200.000
2010-02-12,14.33,14.69,14.31,14.59,1253371,29954348.000
2010-02-22,14.60,14.85,14.38,14.66,1533750,37033492.000
2010-02-23,14.66,14.84,14.27,14.77,1791282,42854544.000
2010-02-24,14.71,15.11,14.51,15.07,2883671,70468592.000
2010-02-25,15.18,15.54,15.06,15.27,1506788,37693244.000
2010-02-26,15.25,15.41,15.13,15.26,1702707,42715776.000
2010-03-01,15.38,15.38,15.11,15.32,1673516,41843472.000
2010-03-02,15.33,15.49,15.30,15.38,2021695,50958380.000
2010-03-03,15.38,15.44,15.13,15.43,2517442,63222084.000
2010-03-04,15.44,15.68,14.01,14.43,7144270,174357056.000
2010-03-05,14.26,14.82,14.26,14.61,2323914,55941284.000
2010-03-08,14.62,14.81,14.56,14.65,1260003,30346280.000
2010-03-09,14.57,14.65,14.22,14.61,1548679,36799808.000
2010-03-10,14.56,14.60,14.25,14.31,1415502,33397600.000
2010-03-11,14.30,14.36,14.02,14.10,1217019,28242512.000
2010-03-12,14.13,14.19,13.91,13.93,1130912,26063964.000
2010-03-15,13.93,14.15,13.89,14.05,1105123,25391964.000
2010-03-16,14.07,14.18,13.93,14.08,1042553,24013288.000
2010-03-17,14.18,14.41,13.96,14.35,1885249,43859656.000
2010-03-18,14.35,14.46,14.18,14.18,2904243,68351104.000
2010-03-19,14.20,14.28,13.85,14.07,4264809,97786544.000
2010-03-22,14.05,14.18,13.86,13.99,2309643,52874048.000
2010-03-23,14.05,14.24,13.99,14.12,2640025,61086008.000
2010-03-24,14.19,14.21,14.00,14.12,1317708,30459272.000
2010-03-25,14.07,14.47,14.01,14.40,3173289,74442808.000
2010-03-26,14.28,14.41,14.13,14.36,1410866,33080918.000
2010-03-29,14.25,14.81,14.24,14.65,3514732,83647000.000
2010-03-30,14.65,14.72,14.30,14.43,3843313,90969056.000
2010-03-31,14.38,14.49,13.88,14.15,6041018,139571232.000
2010-04-01,14.12,14.31,13.94,14.25,3778426,87917144.000
2010-04-02,14.28,14.41,14.00,14.38,3861581,90177000.000
2010-04-06,14.34,14.41,14.22,14.28,3006451,70664040.000
2010-04-07,14.26,14.62,14.26,14.56,3162681,75401200.000
2010-04-08,14.53,15.44,14.53,15.20,7840002,194733712.000
2010-04-09,15.20,15.43,15.06,15.20,6039622,151122064.000
2010-04-12,15.26,15.73,15.26,15.66,4402001,112016416.000
2010-04-13,15.68,15.97,14.88,15.50,3357630,85454080.000
2010-04-14,15.35,15.85,15.35,15.81,2575490,65829356.000
2010-04-15,15.81,15.94,15.66,15.68,2930852,75777056.000
2010-04-16,15.69,15.69,15.16,15.29,1575159,39613608.000
2010-04-20,14.91,16.86,14.91,16.86,13868733,372283520.000
2010-04-21,16.50,17.60,16.50,17.15,9341599,263438048.000
2010-04-22,17.13,17.56,16.95,17.39,3822720,108357152.000
2010-04-23,17.50,18.06,17.25,17.45,2350889,67289648.000
2010-04-26,17.32,17.63,17.13,17.30,1759827,49984232.000
2010-04-27,17.20,17.44,16.41,16.80,3044406,83211520.000
2010-04-28,16.69,17.61,16.44,17.43,2177932,60913172.000
2010-04-29,17.35,18.74,15.88,16.51,4984286,145741856.000
2010-04-30,16.86,17.06,15.94,16.72,3370490,91391328.000
2010-05-04,16.50,17.75,16.19,17.73,3087847,87322792.000
2010-05-05,17.65,18.28,17.50,17.94,4178023,122599328.000
2010-05-06,17.72,18.37,17.13,17.70,3710105,108830264.000
2010-05-07,17.35,17.93,17.05,17.13,2641653,74721648.000
2010-05-10,16.95,17.13,15.94,16.50,2211003,59449864.000
2010-05-11,16.60,16.80,15.88,16.25,3341084,89071952.000
2010-05-12,16.19,16.48,15.75,15.85,3147832,82902504.000
2010-05-13,16.06,17.10,15.82,17.06,2509413,67757688.000
2010-05-14,17.07,17.38,16.74,17.37,1947877,54692368.000
2010-05-17,16.88,17.80,16.50,17.00,3141084,88969112.000
2010-05-18,16.68,17.13,16.13,16.55,1697424,45742752.000
2010-05-19,16.52,16.85,16.25,16.76,1028079,27988146.000
2010-05-20,16.75,16.78,16.10,16.18,1277332,34376156.000
2010-05-21,15.87,16.50,15.58,16.25,3087864,82016192.000
2010-05-24,16.30,17.06,16.30,16.89,1722700,47394020.000
2010-05-25,16.91,17.32,16.77,17.16,3290533,90991632.000
2010-05-26,16.95,17.44,16.92,17.01,990429,27706336.000
2010-05-27,17.03,17.43,16.89,17.26,1595133,44857624.000
2010-05-28,17.30,17.80,17.26,17.47,2599129,73956424.000
2010-05-31,17.51,17.93,16.58,16.81,5103006,146051264.000
2010-06-01,16.51,17.20,16.25,16.83,2209819,60136704.000
2010-06-02,16.64,17.26,16.40,17.21,904467,24765676.000
2010-06-03,17.20,18.01,17.20,17.53,3570412,103084272.000
2010-06-04,17.33,17.89,17.28,17.77,1216710,35008040.000
2010-06-07,17.45,18.76,17.40,18.45,4014884,118878104.000
2010-06-08,18.45,18.48,18.01,18.16,1727721,51269628.000
2010-06-09,18.14,18.56,18.03,18.10,1574150,46708156.000
2010-06-10,18.10,18.32,18.05,18.08,1404464,41397284.000
2010-06-11,18.14,18.56,18.05,18.10,1482473,44033580.000
2010-06-17,18.08,18.17,16.26,16.26,8259054,226368960.000
2010-06-18,16.14,16.14,15.33,15.77,7371113,189018368.000
2010-06-21,15.64,16.16,15.45,15.78,4614972,118643016.000
2010-06-22,15.88,15.88,15.53,15.80,2456018,62814888.000
2010-06-23,15.77,15.87,15.33,15.45,3166571,80832912.000
2010-06-24,15.48,15.78,15.48,15.58,934461,23836920.000
2010-06-25,15.56,15.94,15.49,15.63,1894933,48576276.000
2010-06-28,15.63,15.64,15.33,15.42,1177892,29730120.000
2010-06-29,15.42,15.58,14.58,15.07,2080146,51461404.000
2010-06-30,15.07,15.64,14.72,15.42,2005695,50489872.000
2010-07-01,15.44,15.62,14.89,15.00,1744888,43160752.000
2010-07-02,14.77,15.07,13.80,14.33,1943709,45315612.000
2010-07-05,14.08,14.64,13.83,14.41,745309,17576096.000
2010-07-06,14.45,14.82,14.08,14.57,1436206,33958880.000
2010-07-07,14.39,15.05,14.39,14.90,833902,20038580.000
2010-07-08,14.90,15.08,14.80,14.91,842485,20605922.000
2010-07-09,15.06,15.20,14.82,15.00,3170220,77852888.000
2010-07-12,14.95,14.99,14.70,14.76,2118260,51292104.000
2010-07-13,14.88,14.94,14.58,14.63,1028701,24752656.000
2010-07-14,14.48,15.03,14.48,14.82,1001962,24342168.000
2010-07-15,14.81,15.00,14.67,14.95,782560,18978988.000
2010-07-16,14.92,15.16,14.64,15.07,392963,9584105.000
2010-07-19,15.13,15.20,14.70,15.13,1335307,32588476.000
2010-07-20,15.12,15.80,15.03,15.50,1728875,43564724.000
2010-07-21,15.58,15.61,15.32,15.42,837434,21088252.000
2010-07-22,15.42,15.53,15.17,15.47,1537340,38521492.000
2010-07-23,15.40,15.63,15.33,15.51,1354668,34231560.000
2010-07-26,15.51,16.14,15.45,15.98,1733987,44697672.000
2010-07-27,16.07,16.81,15.77,16.55,2848378,76241504.000
2010-07-28,16.58,17.14,16.56,16.96,2155209,59224716.000
2010-07-29,16.96,17.17,16.58,16.62,992176,26944586.000
2010-08-03,17.63,17.75,16.64,16.67,4072631,113402032.000
2010-08-04,16.67,16.75,16.21,16.73,1415569,37957600.000
2010-08-05,16.76,17.39,16.66,17.02,3028475,84315984.000
2010-08-06,16.78,17.20,16.58,17.11,904762,25068572.000
2010-08-09,17.14,17.83,17.14,17.73,2031662,58168184.000
2010-08-10,17.76,17.94,17.45,17.70,2906186,83787136.000
2010-08-11,17.54,17.80,17.45,17.70,1234766,35402092.000
2010-08-12,17.70,19.50,17.36,18.48,9935761,302930976.000
2010-08-13,18.80,20.16,18.80,20.03,10413064,328068096.000
2010-08-16,20.64,21.86,20.26,20.38,11298103,383864960.000
2010-08-17,20.33,20.47,19.49,19.94,10938501,354635744.000
2010-08-18,19.70,20.30,19.33,19.51,10501276,335818144.000
2010-08-19,19.43,19.76,18.92,19.63,9332639,292471136.000
2010-08-20,19.41,19.70,18.93,18.99,6980631,218348608.000
2010-08-23,18.83,19.51,18.77,19.12,4032325,125921608.000
2010-08-24,19.06,19.95,18.75,19.75,6910247,219488560.000
2010-08-25,19.75,20.45,19.71,20.21,8873571,290398880.000
2010-08-26,20.96,21.40,20.39,20.58,8403640,283401408.000
2010-08-27,20.62,21.14,20.20,21.00,3732272,125663616.000
2010-08-30,21.11,21.89,21.05,21.41,3585022,125136976.000
2010-08-31,21.41,21.64,20.94,21.53,2904110,100231304.000
2010-09-02,21.39,22.33,21.28,22.21,5135302,183678112.000
2010-09-03,22.20,23.06,21.91,22.75,5052395,184370368.000
2010-09-06,23.38,23.56,22.21,22.75,2404336,88594040.000
2010-09-07,22.51,23.01,21.89,22.83,2212828,81030712.000
2010-09-08,22.83,23.69,22.45,23.44,1700583,63327296.000
2010-09-09,23.66,24.81,23.39,23.43,3515855,138274560.000
2010-09-10,23.26,24.88,22.80,24.33,2787150,108937280.000
2010-09-13,24.10,25.01,24.10,24.98,3741112,149687424.000
2010-09-14,25.05,25.51,24.24,24.76,2702409,108372032.000
2010-09-15,24.70,25.04,24.08,24.41,1196334,47441304.000
2010-09-16,24.39,24.45,23.20,24.20,1489695,57377964.000
2010-09-17,24.17,25.20,23.95,24.98,3360119,135525728.000
2010-09-20,24.70,25.05,23.45,24.28,1055333,41722008.000
2010-09-21,24.36,25.50,24.08,25.01,1379503,55846388.000
2010-09-27,24.86,26.11,24.85,26.02,1431406,59556680.000
2010-09-28,26.01,27.70,25.65,27.30,1663634,72739184.000
2010-09-29,27.81,27.81,26.39,26.79,2225066,97186192.000
2010-09-30,26.76,27.01,26.28,26.82,1569204,67676568.000
2010-10-08,26.88,27.63,26.51,26.76,1620116,71031232.000
2010-10-11,26.58,26.58,24.19,24.70,6847219,273558432.000
2010-10-12,24.33,24.68,23.83,24.39,4661948,182588896.000
2010-10-13,24.38,24.38,23.08,23.78,7089456,269827392.000
2010-10-14,23.67,24.09,22.89,23.60,3971372,150906208.000
2010-10-15,23.45,23.94,22.14,23.08,4943246,183574240.000
2010-10-18,22.88,24.14,21.90,24.11,5690080,208613024.000
2010-10-19,24.00,24.47,23.28,23.85,6779080,261872112.000
2010-10-20,23.45,24.80,23.27,23.71,7661116,300048064.000
2010-10-21,23.73,24.23,23.46,23.81,2259852,87252776.000
2010-10-22,24.07,24.18,23.53,23.91,2923206,113138336.000
2010-10-25,24.01,24.64,23.70,24.40,5644812,221205024.000
2010-10-26,24.40,24.89,24.06,24.74,4859432,192171632.000
2010-10-27,26.09,27.20,24.49,24.80,10445179,434773312.000
2010-10-28,24.08,24.80,23.64,24.25,4135164,161249456.000
2010-10-29,24.01,24.08,23.14,23.84,4160959,158798416.000
2010-11-01,23.83,24.06,23.45,23.85,3064486,117989968.000
2010-11-02,23.86,24.02,23.43,23.48,3171229,121025408.000
2010-11-03,23.44,24.08,23.22,23.52,2659958,102699456.000
2010-11-04,23.48,23.83,23.31,23.73,1940014,74146616.000
2010-11-05,23.59,24.36,23.59,24.20,3031336,118146976.000
2010-11-08,24.23,25.33,23.88,25.23,4601402,183959824.000
2010-11-09,25.08,25.95,24.80,25.45,6136893,252884752.000
2010-11-10,25.76,26.58,25.33,25.55,6028106,253519808.000
2010-11-11,25.63,25.93,24.73,25.03,4196769,170255600.000
2010-11-15,23.22,26.75,23.22,26.52,8278029,340036896.000
2010-11-16,26.52,28.01,25.36,26.30,8321666,364557440.000
2010-11-17,25.96,26.33,24.20,24.74,4425373,182185760.000
2010-11-18,24.83,25.24,23.76,24.28,2545131,99442192.000
2010-11-19,24.28,24.69,23.51,24.64,2897911,112380256.000
2010-11-22,24.48,25.24,24.14,24.95,2727208,110173544.000
2010-11-23,25.03,25.24,23.76,24.48,1479579,58897444.000
2010-11-24,25.33,25.33,24.20,24.73,2768593,110647208.000
2010-11-25,25.83,26.26,25.14,25.54,4667484,194345680.000
2010-11-26,25.45,25.58,24.68,25.31,2777838,112909784.000
2010-11-29,25.41,26.45,25.11,26.25,4350090,183951120.000
2010-11-30,26.45,26.81,25.19,25.77,4202554,176211248.000
2010-12-01,25.76,26.51,25.76,25.85,3448594,145562592.000
2010-12-02,26.00,26.22,24.95,25.30,2800293,114573808.000
2010-12-03,25.30,25.30,24.70,25.03,919650,37113880.000
2010-12-06,25.01,25.20,23.80,24.04,1563789,61892764.000
2010-12-07,24.03,24.38,23.45,24.26,1616411,62905352.000
2010-12-08,24.27,24.95,24.27,24.70,2075519,83183312.000
2010-12-09,24.89,25.39,24.58,24.90,3953968,159974880.000
2010-12-10,24.86,25.20,24.08,24.83,1592308,63788804.000
2010-12-13,24.66,25.57,24.39,25.53,4786780,195037904.000
2010-12-14,25.53,25.53,24.61,25.33,4479799,181798432.000
2010-12-15,25.19,25.66,24.92,25.61,1917101,78495016.000
2010-12-16,25.61,25.94,25.33,25.86,2144757,89200384.000
2010-12-17,25.87,25.87,25.34,25.64,1638302,68015616.000
2010-12-20,25.64,25.81,24.39,24.83,3357625,135911216.000
2010-12-21,24.76,25.22,24.76,24.94,1021406,41408904.000
2010-12-22,24.94,25.21,24.71,25.00,1232346,49752088.000
2010-12-23,24.92,24.94,23.33,23.50,3727268,144451568.000
2010-12-27,23.33,23.94,21.95,22.42,2304140,86623216.000
2010-12-28,22.23,22.39,21.69,21.96,3021857,107652024.000
2010-12-29,21.69,22.81,21.69,22.53,1100780,39895716.000
2010-12-30,22.53,23.76,22.30,23.00,3260903,121972200.000
2010-12-31,22.76,23.88,22.58,23.75,2731250,102474200.000
2011-01-04,23.74,23.82,22.95,23.00,3721118,141052784.000
2011-01-05,23.13,24.26,23.13,23.56,3746322,143836272.000
2011-01-06,23.46,24.82,23.46,24.67,4951834,196113392.000
2011-01-07,24.39,24.68,22.95,23.85,1904719,73888368.000
2011-01-10,23.70,23.86,21.96,22.42,3057467,114272392.000
2011-01-11,22.57,22.76,20.95,21.45,2808634,98609552.000
2011-01-12,21.58,21.70,21.26,21.58,898527,31302264.000
2011-01-13,21.63,22.33,21.50,22.27,2247502,79612272.000
2011-01-14,22.33,22.45,21.88,22.18,1234973,44364096.000
2011-01-17,22.30,22.30,20.95,21.18,1078206,37556336.000
2011-01-18,20.76,21.55,20.76,21.49,215730,7468433.000
2011-01-19,21.76,22.31,21.45,22.17,1921383,68828552.000
2011-01-20,22.20,22.41,21.44,22.13,903704,32117186.000
2011-01-21,21.59,22.14,21.33,21.88,844701,30023616.000
2011-01-24,21.58,21.88,20.14,20.78,2822575,94613032.000
2011-01-25,20.78,20.78,20.01,20.46,624984,20611332.000
2011-01-26,20.61,20.80,20.45,20.75,406951,13662966.000
2011-01-27,20.70,21.51,20.42,21.35,1443678,49901696.000
2011-01-28,21.51,22.14,21.33,21.95,4222060,150325488.000
2011-01-31,21.61,22.70,21.61,22.50,2404311,87499024.000
2011-02-01,22.36,22.60,22.33,22.43,1298294,47197872.000
2011-02-09,22.26,23.16,22.23,22.42,965796,35692048.000
2011-02-10,22.41,23.24,22.33,23.14,1811923,67738544.000
2011-02-11,23.18,24.18,23.18,23.73,3527966,136436224.000
2011-02-14,23.94,24.70,23.50,23.93,3478020,136727008.000
2011-02-15,23.95,24.11,23.51,23.79,1940399,74892784.000
2011-02-16,23.61,23.95,23.56,23.73,1033856,39692556.000
2011-02-17,23.83,24.38,23.76,24.01,2011891,78376240.000
2011-02-18,24.08,24.48,23.89,24.00,1684335,65933900.000
2011-02-21,23.97,23.98,22.82,22.91,4903425,182763328.000
2011-02-22,22.97,23.23,22.20,22.50,3227274,118272840.000
2011-02-23,22.39,23.11,22.39,23.03,2105453,77847568.000
2011-02-24,23.03,23.19,22.83,22.97,1564148,58217592.000
2011-02-25,22.98,23.13,22.01,22.18,3757325,135184080.000
2011-02-28,22.20,22.32,22.01,22.19,3084739,110628328.000
2011-03-01,22.20,22.61,22.13,22.42,4783093,173227200.000
2011-03-02,22.43,23.06,22.33,23.05,5454458,200666720.000
2011-03-03,23.05,23.20,22.01,22.07,4017213,146092928.000
2011-03-04,21.66,22.11,21.31,21.78,4244403,148468752.000
2011-03-07,21.91,22.08,21.18,21.50,6155153,214238816.000
2011-03-08,21.51,21.65,21.16,21.50,5336073,185929072.000
2011-03-09,21.51,21.80,21.51,21.64,5102533,178838016.000
2011-03-10,21.70,22.58,21.70,22.33,7807084,280545664.000
2011-03-11,22.31,22.61,22.08,22.45,3611199,131156616.000
2011-03-14,22.35,23.35,22.15,23.26,6785284,251551376.000
2011-03-15,23.01,24.10,22.27,23.78,11206052,428997728.000
2011-03-16,23.73,23.73,23.08,23.23,3249931,122467584.000
2011-03-17,23.11,23.11,22.58,22.85,1892028,70117176.000
2011-03-18,22.85,23.16,22.76,22.83,3574840,132832448.000
2011-03-21,22.70,23.18,22.70,23.06,3943354,146886080.000
2011-03-22,23.14,23.25,22.18,22.20,3503418,127734952.000
2011-03-23,22.16,22.45,22.14,22.39,2215344,79959416.000
2011-03-24,22.45,22.65,22.20,22.21,1841050,66630360.000
2011-03-25,22.22,22.60,22.05,22.10,2458274,88695096.000
2011-03-28,22.19,22.39,21.63,21.75,3187457,113195016.000
2011-03-29,21.75,21.93,20.94,21.01,4399218,151344720.000
2011-03-30,21.06,21.51,21.06,21.35,1952097,67358880.000
2011-03-31,21.40,21.51,21.21,21.35,1304023,45190416.000
2011-04-01,21.35,21.56,21.33,21.46,1135652,39571912.000
2011-04-07,21.57,22.26,21.51,22.26,6346358,226948944.000
2011-04-08,22.20,22.64,21.84,22.53,2034540,73459432.000
2011-04-11,22.55,22.61,22.05,22.06,1889009,68190360.000
2011-04-12,22.41,22.41,21.59,21.67,1540109,54601664.000
2011-04-13,21.67,22.14,21.27,22.11,2518472,88791264.000
2011-04-14,22.01,22.28,21.85,22.11,1225317,43943528.000
2011-04-15,22.25,22.26,21.64,21.95,1212257,43027304.000
2011-04-18,21.95,21.95,21.52,21.76,1416418,49718128.000
2011-04-19,21.71,22.06,21.46,21.71,1636473,57940900.000
2011-04-20,21.70,22.95,21.60,22.56,4106746,149632096.000
2011-04-21,22.58,23.06,22.45,22.93,3931178,145954144.000
2011-04-25,22.81,23.27,22.38,22.86,2052361,76015112.000
2011-04-26,22.46,22.91,22.46,22.86,2035001,74949120.000
2011-04-27,22.88,23.12,22.38,22.86,1910231,69935992.000
2011-04-28,22.39,22.83,21.96,22.28,1386274,50256916.000
2011-04-29,22.24,22.54,22.08,22.36,1344622,48572280.000
2011-05-03,22.27,22.71,22.01,22.62,1693116,61744988.000
2011-05-04,22.62,22.86,22.24,22.35,1090384,39953892.000
2011-05-05,22.41,22.86,22.26,22.78,2032118,74392256.000
2011-05-06,22.58,22.91,22.58,22.84,1088980,40273252.000
2011-05-09,23.00,23.00,22.58,22.60,792360,29157104.000
2011-05-10,22.64,22.74,22.36,22.58,874365,31922296.000
2011-05-11,22.51,22.73,22.40,22.58,1422273,51931840.000
2011-05-12,22.67,22.70,22.17,22.19,861753,31373628.000
2011-05-13,22.25,22.76,21.42,22.73,1617128,57548312.000
2011-05-16,22.61,22.61,22.12,22.18,490985,17674388.000
2011-05-17,22.05,22.30,21.72,21.73,1099671,38743476.000
2011-05-18,21.60,22.07,21.60,21.75,1170817,41336120.000
2011-05-19,21.89,22.05,21.73,21.98,1651882,58602440.000
2011-05-20,21.92,22.02,21.78,21.98,363194,12834000.000
2011-05-23,21.98,22.17,21.36,22.00,1223194,43063112.000
2011-05-24,21.98,22.05,21.46,21.61,853924,30010130.000
2011-05-25,21.36,21.98,20.98,21.09,2184640,76087544.000
2011-05-26,21.27,21.45,20.22,21.00,3411570,113770936.000
2011-05-27,20.90,21.60,20.55,21.30,2734231,93139744.000
2011-05-30,21.25,22.13,21.25,21.51,3152099,110877480.000
2011-05-31,21.68,22.26,21.68,22.23,2216741,78743784.000
2011-06-01,22.23,22.31,21.92,22.23,901563,32366208.000
2011-06-03,23.11,23.80,22.31,22.44,4609659,170239968.000
2011-06-07,22.11,22.60,21.78,22.32,1181666,42537104.000
2011-06-08,22.32,22.73,22.17,22.70,1042065,37880260.000
2011-06-09,22.51,22.76,22.05,22.05,764800,27671066.000
2011-06-10,22.09,22.51,21.67,22.40,975614,34601488.000
2011-06-13,22.32,22.32,21.93,22.30,439514,15722431.000
2011-06-14,22.42,22.51,22.05,22.33,352902,12735960.000
2011-06-15,22.48,22.60,22.11,22.17,345650,12415270.000
2011-06-16,22.00,22.33,21.95,22.11,509195,18216742.000
2011-06-17,22.35,22.35,21.69,21.76,498864,17665894.000
2011-06-20,21.76,21.98,21.46,21.75,1051944,36895848.000
2011-06-21,21.87,22.44,21.87,22.27,916817,32864372.000
2011-06-22,22.35,22.47,22.25,22.30,630359,22792260.000
2011-06-23,22.30,22.48,22.30,22.44,432427,15656537.000
2011-06-27,22.80,22.94,22.51,22.63,978009,35880688.000
2011-06-28,22.78,23.17,22.51,23.06,1646596,60987712.000
2011-06-29,23.03,23.17,22.61,22.66,1530517,56734628.000
2011-06-30,22.91,23.20,22.75,23.13,1631022,60589044.000
2011-07-01,23.16,23.33,22.86,22.86,1472546,54811040.000
2011-07-04,22.88,23.21,22.81,22.99,1379705,51149464.000
2011-07-05,23.05,23.11,22.86,22.98,752883,27921462.000
2011-07-06,23.02,23.02,22.80,22.85,627362,23141772.000
2011-07-07,22.83,23.62,22.80,23.52,2431108,91617408.000
2011-07-08,23.53,23.58,23.23,23.45,1382755,52228672.000
2011-07-11,23.45,23.91,23.07,23.86,1426688,54471404.000
2011-07-12,23.70,24.18,23.55,24.01,1722226,66775056.000
2011-07-13,24.01,24.16,23.80,24.02,1390956,53906160.000
2011-07-14,23.82,24.23,23.82,24.03,1122976,43514528.000
2011-07-15,23.90,24.17,23.56,23.80,2971860,114829584.000
2011-07-18,23.92,24.61,23.77,24.03,4277069,167927872.000
2011-07-19,23.80,24.10,23.69,23.96,1919736,74094616.000
2011-07-20,24.20,24.20,23.40,23.91,1773209,67626336.000
2011-07-21,23.65,24.48,23.65,24.29,2931113,114325120.000
2011-07-22,24.22,24.67,24.17,24.54,1986153,78384512.000
2011-07-25,24.21,24.58,23.45,24.08,1895275,73741584.000
2011-07-26,23.86,24.95,23.74,24.75,2139437,84913104.000
2011-07-27,24.46,25.30,24.37,24.71,1552370,62494268.000
2011-07-28,24.51,25.11,24.42,25.03,1288206,51901068.000
2011-07-29,25.03,25.03,24.43,24.48,1341835,53378596.000
2011-08-01,24.48,24.73,24.30,24.48,532709,21107426.000
2011-08-02,24.18,24.67,24.18,24.60,578230,22758620.000
2011-08-03,24.36,24.73,24.18,24.60,1096595,43117380.000
2011-08-04,24.31,24.76,24.31,24.50,437795,17373306.000
2011-08-05,23.92,24.63,23.86,24.20,678660,26698788.000
2011-08-08,24.16,24.17,22.36,23.53,1197354,45924888.000
2011-08-09,22.84,23.85,22.49,23.73,963367,36463728.000
2011-08-10,23.92,23.98,23.61,23.77,618875,23787042.000
2011-08-11,23.77,24.47,23.24,24.42,827992,32114702.000
2011-08-12,24.42,24.73,23.98,24.19,1423207,55487904.000
2011-08-15,24.30,24.41,23.95,24.10,452980,17652716.000
2011-08-16,23.92,24.17,23.61,24.02,1113472,42983228.000
2011-08-17,24.10,24.10,23.77,23.88,404677,15624428.000
2011-08-18,24.02,24.02,23.49,23.51,518184,19808044.000
2011-08-19,23.36,23.75,22.50,23.18,1739921,64392256.000
2011-08-22,22.92,23.31,22.73,23.00,1840350,68694560.000
2011-08-23,23.23,23.53,22.78,22.98,842179,31461252.000
2011-08-24,23.03,23.40,22.92,23.10,740968,27666034.000
2011-08-25,23.05,23.37,22.95,23.23,1170079,43741040.000
2011-08-26,23.20,24.03,23.09,23.73,884988,33734800.000
2011-08-29,23.43,23.78,23.43,23.61,941617,35837852.000
2011-08-30,23.65,23.85,23.23,23.31,1348713,51477092.000
2011-08-31,23.14,23.51,22.65,23.30,841849,31452814.000
2011-09-01,23.26,23.30,22.86,22.95,397616,14755658.000
2011-09-02,23.04,23.26,22.92,23.23,338681,12600912.000
2011-09-06,23.17,23.17,22.62,22.74,259406,9565868.000
2011-09-07,23.03,23.03,22.42,22.73,556017,20339696.000
2011-09-08,22.50,23.03,22.50,23.01,833163,30722188.000
2011-09-09,23.17,23.47,22.55,22.78,1045026,38632864.000
2011-09-13,22.53,22.64,22.30,22.38,377183,13643265.000
2011-09-14,22.27,22.60,21.81,22.01,952125,34072456.000
2011-09-15,22.15,22.47,22.10,22.33,331602,11952308.000
2011-09-16,22.58,22.58,21.98,22.04,706721,25291248.000
2011-09-19,21.94,21.98,21.56,21.84,629514,22050196.000
2011-09-20,21.97,22.03,21.39,21.98,610513,21491364.000
2011-09-21,21.80,22.53,21.52,22.43,647731,23081832.000
2011-09-22,21.98,22.35,21.48,22.26,1072955,37934416.000
2011-09-23,21.91,21.95,20.99,21.55,1320010,45573832.000
2011-09-26,21.11,21.61,21.11,21.40,442754,15310544.000
2011-09-27,21.43,21.56,21.13,21.19,663523,22817400.000
2011-09-28,21.21,21.49,21.17,21.18,892264,30831194.000
2011-09-29,21.35,21.35,20.75,20.84,663547,22433810.000
2011-09-30,20.87,21.04,20.25,20.40,693999,23152092.000
2011-10-10,20.40,20.67,19.70,20.66,1646078,53051672.000
2011-10-11,20.85,21.12,19.61,20.10,856381,27859648.000
2011-10-12,20.00,20.58,19.61,20.53,1193754,39229872.000
2011-10-13,20.43,21.03,20.43,20.92,652750,21812340.000
2011-10-14,20.86,20.92,20.61,20.88,312356,10488411.000
2011-10-17,20.83,21.48,20.83,21.41,823971,28361516.000
2011-10-18,21.42,21.44,20.99,21.04,397347,13575331.000
2011-10-19,21.05,21.46,21.05,21.25,347734,11957350.000
2011-10-20,21.05,21.05,20.24,20.81,354484,11846805.000
2011-10-21,20.68,21.36,20.67,20.70,379532,12878938.000
2011-10-24,20.95,21.15,20.71,21.02,359034,12149740.000
2011-10-25,20.64,21.45,20.64,21.04,1226672,41721288.000
2011-10-26,21.05,21.73,21.04,21.66,1097536,37869532.000
2011-10-27,21.86,21.86,21.30,21.48,1150025,39916200.000
2011-10-28,21.66,21.83,21.42,21.72,1244991,43307748.000
2011-10-31,21.40,21.72,21.30,21.50,568154,19717148.000
2011-11-01,21.23,21.78,21.23,21.56,598461,20894472.000
2011-11-02,21.48,22.29,21.31,21.97,1162524,41053352.000
2011-11-03,21.97,22.61,21.55,22.33,2194789,78823776.000
2011-11-04,22.68,22.84,22.30,22.70,2468448,90109520.000
2011-11-07,21.80,22.73,21.80,22.54,867524,31664344.000
2011-11-08,22.70,22.70,22.02,22.05,916548,33166348.000
2011-11-09,22.15,22.30,21.72,22.08,1444181,51240384.000
2011-11-10,21.80,22.45,21.80,22.30,952008,34292868.000
2011-11-14,22.59,22.88,22.30,22.71,853240,31247680.000
2011-11-15,22.86,22.86,22.49,22.61,456743,16669138.000
2011-11-16,22.78,22.84,22.07,22.12,1111136,40029328.000
2011-11-17,22.30,22.40,21.85,21.86,789822,28253884.000
2011-11-18,22.09,22.09,21.63,21.77,791127,27921920.000
2011-11-21,21.70,21.91,21.05,21.58,900609,31123964.000
2011-11-22,21.16,21.61,21.05,21.41,1576456,54178808.000
2011-11-23,21.16,21.46,20.73,20.82,1351803,46207096.000
2011-11-24,20.80,21.55,20.61,21.50,794775,27304244.000
2011-11-25,21.33,21.73,21.31,21.42,643833,22459626.000
2011-11-28,21.66,22.61,21.20,22.59,3919030,137982032.000
2011-11-29,22.55,23.67,22.34,22.83,4371721,162246496.000
2011-11-30,22.74,23.08,22.22,22.56,1981723,72371032.000
2011-12-01,22.83,23.47,22.49,22.68,1131821,41883304.000
2011-12-02,22.41,23.05,22.05,22.54,899879,32871380.000
2011-12-05,22.63,22.86,22.11,22.70,1174310,42832060.000
2011-12-06,22.61,22.70,22.24,22.36,321586,11649114.000
2011-12-07,22.27,22.93,22.17,22.64,591729,21431518.000
2011-12-08,22.60,22.60,20.92,21.05,3476291,120560784.000
2011-12-09,20.76,21.61,20.76,21.10,1612138,55341760.000
2011-12-12,20.92,21.30,20.92,21.16,668480,22826412.000
2011-12-13,21.18,21.28,20.74,20.79,560008,18958836.000
2011-12-14,20.92,21.05,20.81,20.91,160655,5438274.000
2011-12-15,20.92,20.98,20.44,20.67,493325,16440191.000
2011-12-16,20.61,21.05,20.37,20.92,998690,33189786.000
2011-12-19,20.56,21.41,20.50,21.29,886875,30009952.000
2011-12-20,21.07,21.41,20.80,20.90,869231,29499930.000
2011-12-21,21.22,21.22,20.42,20.60,654930,21944100.000
2011-12-22,20.67,20.95,20.23,20.72,744117,24692942.000
2011-12-23,20.55,20.92,20.43,20.48,470172,15725994.000
2011-12-26,20.23,20.57,20.23,20.26,768667,25341940.000
2011-12-27,20.53,20.78,20.11,20.26,1096775,36369632.000
2011-12-28,20.36,20.42,18.55,20.08,1570603,50489792.000
2011-12-29,20.38,20.38,19.61,19.66,1347535,43342496.000
2011-12-30,19.68,19.97,19.50,19.65,1206472,38609672.000
2012-01-05,18.70,18.73,17.66,17.66,4501700,132060336.000
2012-01-06,17.64,17.64,16.42,17.05,3486900,95765480.000
2012-01-09,16.79,17.60,16.48,16.85,5612533,153458304.000
2012-01-10,16.90,17.71,16.79,17.67,3080109,85316384.000
2012-01-11,17.66,18.21,17.49,18.04,1612848,46612684.000
2012-01-12,17.95,18.05,17.29,17.55,1650845,46848212.000
2012-01-13,17.36,17.36,15.78,16.35,5172606,136978096.000
2012-01-16,15.89,16.11,15.66,15.73,1411858,36187904.000
2012-01-17,15.83,16.25,14.89,16.16,3442389,86312968.000
2012-01-18,16.05,16.13,14.92,15.36,3122881,78536712.000
2012-01-19,15.36,15.75,15.02,15.27,3114430,77228400.000
2012-01-20,15.20,16.21,15.15,16.01,4802582,121727064.000
2012-01-30,15.98,16.14,15.47,15.99,3038257,78362136.000
2012-01-31,15.97,16.15,15.91,16.11,939297,24454058.000
2012-02-01,16.18,16.63,16.11,16.56,1872905,49913424.000
2012-02-02,16.73,16.78,16.41,16.68,1267464,34199600.000
2012-02-03,16.60,16.94,16.58,16.64,2263215,61293768.000
2012-02-06,16.67,16.67,16.35,16.41,2151608,57355644.000
2012-02-07,16.25,16.66,16.15,16.49,896195,23730400.000
2012-02-08,16.49,16.76,16.36,16.69,1239258,33392920.000
2012-02-09,16.71,17.19,16.55,17.06,1314621,36230296.000
2012-02-10,16.95,17.22,16.95,17.15,866034,24015802.000
2012-02-13,17.18,17.64,17.01,17.36,2509258,70566352.000
2012-02-14,17.30,17.53,17.21,17.25,1798782,50345432.000
2012-02-15,17.06,17.51,17.06,17.32,1289377,36192124.000
2012-02-16,17.30,17.68,17.01,17.11,1774316,49820572.000
2012-02-17,17.23,17.35,16.96,17.21,1254915,34817016.000
2012-02-20,17.72,17.80,17.30,17.50,4518671,128329432.000
2012-02-21,17.61,17.73,17.40,17.67,1596194,45422688.000
2012-02-22,17.74,18.30,17.56,18.22,2712944,79152256.000
2012-02-23,18.22,18.65,17.91,18.13,2381820,70365880.000
2012-02-24,18.04,18.35,17.92,18.34,2026265,59320928.000
2012-02-27,18.46,18.46,17.67,17.95,12280407,355266272.000
2012-02-28,17.80,17.81,16.80,16.91,10990122,304612288.000
2012-02-29,16.91,16.91,16.28,16.45,10230718,272328416.000
2012-03-01,16.38,16.56,16.32,16.56,4376452,116380488.000
2012-03-02,16.53,16.73,16.48,16.66,5287407,142155792.000
2012-03-05,16.70,16.73,16.30,16.35,6687181,178231664.000
2012-03-06,16.32,16.53,16.10,16.41,4982565,132178704.000
2012-03-07,16.36,16.47,16.20,16.30,3532854,93228512.000
2012-03-08,16.26,16.37,16.16,16.31,5191377,136568192.000
2012-03-09,16.33,16.73,16.15,16.70,8160286,217754624.000
2012-03-12,16.72,17.33,16.72,17.25,9921928,274810400.000
2012-03-13,17.51,17.51,16.92,17.10,5041835,139918128.000
2012-03-14,17.14,17.35,16.37,16.55,8471933,233721280.000
2012-03-15,16.49,17.01,16.42,16.91,6243523,168774448.000
2012-03-16,16.98,17.57,16.86,17.54,8718128,243728992.000
2012-03-19,17.50,17.90,17.42,17.63,6943666,198536224.000
2012-03-20,17.53,17.53,16.86,17.18,6046252,168461472.000
2012-03-21,17.16,17.23,16.61,16.85,4412603,120328720.000
2012-03-22,16.85,16.86,16.34,16.51,3368609,90378688.000
2012-03-23,16.51,16.55,16.27,16.33,2384365,63314392.000
2012-03-26,16.26,16.65,16.25,16.61,2800569,75024704.000
2012-03-27,16.83,16.98,16.36,16.45,3175323,85994008.000
2012-03-28,16.36,16.60,15.67,15.83,4363502,113546288.000
2012-03-29,15.73,15.75,15.20,15.27,5029289,126345520.000
2012-03-30,15.30,15.52,15.05,15.41,2278476,56709384.000
2012-04-05,15.48,15.81,15.32,15.73,2878128,72728864.000
2012-04-06,15.73,15.80,15.60,15.73,2316806,58934504.000
2012-04-09,15.67,15.73,15.29,15.33,2478458,62121040.000
2012-04-10,15.31,15.50,15.08,15.42,2077787,51514400.000
2012-04-11,15.33,15.59,15.12,15.49,1610967,40333676.000
2012-04-12,15.45,15.86,15.45,15.83,1511756,38549944.000
2012-04-13,15.81,15.96,15.73,15.80,3064249,78594848.000
2012-04-16,15.68,15.87,15.50,15.78,1208231,30817934.000
2012-04-17,15.85,15.98,15.66,15.85,2004196,51537356.000
2012-04-18,15.95,16.10,15.69,16.03,2816733,72671424.000
2012-04-19,15.99,16.01,15.72,15.92,3300857,84655088.000
2012-04-20,15.90,16.08,15.75,15.98,2278327,58713856.000
2012-04-23,15.92,16.11,15.80,16.08,2436430,62879088.000
2012-04-24,16.02,16.16,15.50,15.81,2598019,66653560.000
2012-04-26,15.82,16.03,15.52,15.56,3224627,81755600.000
2012-04-27,15.23,15.23,13.98,14.49,10829625,253886032.000
2012-05-02,14.49,14.65,14.10,14.31,7600005,176149536.000
2012-05-03,14.31,15.35,14.25,15.25,12310948,298395776.000
2012-05-04,15.23,15.29,15.06,15.16,3635386,89272672.000
2012-05-07,15.14,15.50,15.04,15.47,5742025,142624000.000
2012-05-08,15.73,15.92,15.57,15.80,10168001,259277600.000
2012-05-09,15.81,16.01,15.61,15.83,6272355,161150048.000
2012-05-10,15.84,16.68,15.84,16.51,8730655,232535568.000
2012-05-11,16.47,16.67,16.14,16.47,4903670,130365712.000
2012-05-14,16.58,16.62,16.04,16.16,6970005,184806384.000
2012-05-15,15.91,16.06,15.65,15.98,4130973,105983848.000
2012-05-16,15.93,16.17,15.74,15.78,2458733,63668336.000
2012-05-17,15.89,15.96,15.68,15.86,2948399,75524920.000
2012-05-18,15.85,15.86,14.98,15.42,5641079,139822736.000
2012-05-21,15.42,15.77,15.42,15.59,4452147,112687464.000
2012-05-22,15.95,16.00,15.36,15.59,5002593,126353792.000
2012-05-23,15.58,15.58,14.86,15.01,6051088,148317392.000
2012-05-24,15.02,15.20,14.92,15.02,2925233,71224976.000
2012-05-25,14.89,15.29,14.69,14.95,1663625,25128296.000
2012-05-28,14.86,14.86,14.41,14.79,4418231,65307592.000
2012-05-29,14.76,15.16,14.76,15.06,4855905,73223016.000
2012-05-30,15.01,15.49,15.01,15.34,6992847,108034152.000
2012-05-31,15.34,15.42,15.25,15.27,2785301,43034684.000
2012-06-01,15.34,15.50,15.28,15.45,4021544,62450712.000
2012-06-04,15.10,15.98,15.00,15.61,9117722,144124112.000
2012-06-05,15.62,16.25,15.57,16.08,11688127,188607968.000
2012-06-06,16.15,16.19,15.74,15.84,4293096,68753080.000
2012-06-07,16.01,16.06,15.44,15.59,4009515,63596752.000
2012-06-08,15.64,15.94,15.50,15.89,6656035,105693784.000
2012-06-11,15.95,16.39,15.92,16.24,6744566,110037088.000
2012-06-12,16.24,16.53,15.99,16.42,7247194,118626456.000
2012-06-13,16.45,17.08,16.29,16.92,9407804,158349248.000
2012-06-14,16.94,17.53,16.90,17.07,10852240,188689504.000
2012-06-15,17.05,17.46,16.76,16.95,8859922,152083760.000
2012-06-18,17.19,17.47,16.99,17.16,6748155,116937488.000
2012-06-19,17.14,17.32,16.99,17.23,7849080,135721440.000
2012-06-20,17.27,17.37,16.79,16.80,6520856,111247552.000
2012-06-21,16.73,16.74,16.35,16.64,5600092,92976704.000
2012-06-25,16.54,17.19,16.41,16.86,8067749,137741408.000
2012-06-26,16.79,17.37,16.46,17.21,7202632,122835344.000
2012-06-27,17.24,17.51,17.04,17.34,7106181,123884120.000
2012-06-28,17.39,17.58,17.22,17.37,4831298,84578752.000
2012-07-02,17.68,17.77,17.10,17.36,8293787,145605584.000
2012-07-03,17.34,17.79,16.69,16.84,8496496,147900176.000
2012-07-04,16.78,17.02,16.05,16.22,8619479,143300416.000
2012-07-05,16.04,16.04,14.69,15.52,17953605,275309952.000
2012-07-06,15.47,15.87,14.94,15.67,8322483,128911760.000
2012-07-09,15.61,16.49,15.53,16.02,10950714,177273008.000
2012-07-10,15.82,16.14,15.39,15.65,5036099,79196504.000
2012-07-11,15.58,15.74,15.07,15.56,6592509,101771456.000
2012-07-12,15.39,16.14,15.34,15.96,5869553,94331056.000
2012-07-13,15.88,16.10,15.69,15.83,3610123,57760492.000
2012-07-16,15.82,15.98,14.89,15.34,5086718,78851968.000
2012-07-17,15.17,15.50,14.83,15.37,4887219,74034672.000
2012-07-18,15.19,15.30,14.76,15.15,4275473,64512060.000
2012-07-19,15.14,15.34,14.99,15.17,2375707,36322152.000
2012-07-20,15.01,15.54,14.97,15.53,3407081,52793184.000
2012-07-23,15.42,16.06,15.24,15.99,5434181,86448632.000
2012-07-24,15.94,16.02,15.74,15.79,2741583,43865484.000
2012-07-25,15.79,16.06,15.59,15.76,2023126,32281000.000
2012-07-26,15.69,15.92,15.46,15.59,2529583,39902872.000
2012-07-27,15.57,15.76,15.16,15.26,3754035,58001976.000
2012-07-30,15.25,15.29,14.59,14.80,4209288,63065924.000
2012-07-31,14.83,15.09,14.32,14.52,4763142,70507704.000
2012-08-01,14.56,14.82,14.31,14.64,2973410,43578392.000
2012-08-02,14.59,14.77,14.34,14.64,3092710,45451184.000
2012-08-03,14.67,15.11,14.49,15.06,3340348,50075908.000
2012-08-06,15.49,15.95,15.37,15.88,9828073,156411552.000
2012-08-07,15.84,16.19,15.65,15.99,8152396,131394408.000
2012-08-08,15.86,15.98,15.59,15.80,2697742,42785808.000
2012-08-09,15.75,16.69,15.75,16.35,8339540,137147632.000
2012-08-10,16.30,17.05,16.22,16.94,10630235,179856208.000
2012-08-13,16.91,17.29,16.58,16.71,7723486,131508288.000
2012-08-14,16.63,16.88,16.10,16.62,5365278,88813112.000
2012-08-15,16.50,16.61,16.16,16.29,3708349,61145380.000
2012-08-16,16.29,16.48,16.03,16.10,3769700,61579200.000
2012-08-17,16.10,16.28,15.89,16.00,2346659,37881580.000
2012-08-20,15.90,15.97,15.25,15.65,7815910,122085800.000
2012-08-21,15.53,16.23,15.53,16.18,6264782,100514560.000
2012-08-22,16.15,16.28,15.84,15.98,3156931,50681960.000
2012-08-23,16.02,16.23,15.78,15.85,2783370,44665536.000
2012-08-24,15.73,15.98,15.71,15.74,2599902,41417880.000
2012-08-27,15.68,15.68,15.09,15.15,3062936,47455440.000
2012-08-28,14.89,14.89,13.62,13.93,26906918,382451232.000
2012-08-29,13.78,14.04,13.54,13.80,7866403,108996784.000
2012-08-30,13.83,14.07,13.56,13.69,4330433,60039060.000
2012-08-31,13.64,14.04,13.62,13.73,4296015,59430512.000
2012-09-03,13.74,14.17,13.60,14.09,6493541,91104880.000
2012-09-04,14.04,14.22,13.98,14.09,4938984,70173040.000
2012-09-05,14.35,14.57,14.09,14.36,6496312,93958296.000
2012-09-06,14.30,14.59,14.28,14.53,2552203,37253788.000
2012-09-07,14.59,15.77,14.55,15.51,11706169,179266832.000
2012-09-10,15.51,15.74,15.13,15.39,5922669,91382416.000
2012-09-11,15.37,15.67,15.18,15.64,5761084,90213944.000
2012-09-12,15.72,15.88,15.30,15.70,3357862,52641968.000
2012-09-13,15.81,15.81,15.34,15.35,2891731,45290980.000
2012-09-14,15.42,15.59,15.09,15.31,2776885,43083896.000
2012-09-17,15.28,15.29,14.83,14.87,4103603,61799088.000
2012-09-18,14.87,15.32,14.61,15.29,3228227,48849312.000
2012-09-19,15.19,15.35,15.14,15.23,1587215,24393108.000
2012-09-20,15.14,15.20,14.77,14.92,2097426,31661472.000
2012-09-21,14.92,15.34,14.87,15.18,2915686,44396276.000
2012-09-24,14.91,15.69,14.91,15.57,2670753,41472176.000
2012-09-25,15.54,15.69,15.29,15.32,2186449,34201188.000
2012-09-26,15.47,15.48,14.99,15.19,1007162,15396007.000
2012-09-27,15.20,15.69,15.19,15.35,2368196,36863332.000
2012-09-28,15.23,15.69,15.04,15.52,3145263,48906520.000
2012-10-08,15.48,15.60,15.06,15.19,2030561,31252280.000
2012-10-09,15.37,16.29,15.26,15.85,5316670,84836416.000
2012-10-10,15.87,16.27,15.75,16.18,5943894,96288904.000
2012-10-11,16.18,16.46,15.66,15.70,5264437,85259016.000
2012-10-12,15.78,16.12,15.64,15.90,2412169,38535776.000
2012-10-15,15.98,16.14,15.69,16.04,2870811,46032520.000
2012-10-16,16.05,16.66,16.05,16.45,6812622,113128912.000
2012-10-17,16.57,16.71,16.39,16.47,3545863,59243380.000
2012-10-18,16.63,16.63,16.27,16.47,4577046,75536240.000
2012-10-19,16.55,16.55,16.10,16.36,2420731,39575340.000
2012-10-22,16.26,16.26,15.94,16.06,3496514,56413004.000
2012-10-23,15.99,16.21,15.94,16.04,2428613,39268600.000
2012-10-24,16.06,16.06,15.77,16.00,3537840,56532100.000
2012-10-25,15.91,15.98,15.67,15.70,2551934,40548208.000
2012-10-26,15.77,15.83,15.37,15.49,2064115,32256952.000
2012-10-29,15.44,15.47,15.12,15.27,1407583,21659100.000
2012-10-30,14.97,14.97,14.39,14.55,9008339,132317520.000
2012-10-31,14.57,15.09,14.46,15.01,3982387,59461060.000
2012-11-01,15.00,15.27,14.90,15.05,2319983,35261716.000
2012-11-02,15.09,15.24,14.90,15.02,1767040,26728404.000
2012-11-05,15.02,15.17,14.91,15.09,1340449,20309940.000
2012-11-06,15.08,15.13,14.78,14.98,1429161,21476582.000
2012-11-07,15.07,15.39,14.94,15.21,1830696,27967316.000
2012-11-08,15.04,15.23,14.94,15.05,1106702,16796830.000
2012-11-09,14.91,15.09,14.77,14.80,1280454,19286580.000
2012-11-12,14.74,14.83,14.34,14.37,2621054,38271976.000
2012-11-13,14.34,14.45,13.98,14.27,2100455,30112644.000
2012-11-14,14.27,14.31,14.00,14.09,1803089,25673520.000
2012-11-15,14.02,14.07,13.61,13.78,2368965,33075908.000
2012-11-16,13.83,13.83,13.26,13.48,4281685,57838080.000
2012-11-19,13.38,13.45,13.19,13.40,2843154,38062928.000
2012-11-20,13.47,13.65,13.30,13.62,2258299,30634144.000
2012-11-21,13.56,14.44,13.44,14.38,5194941,73450208.000
2012-11-22,14.32,14.49,14.04,14.08,2945397,42199932.000
2012-11-23,14.06,14.46,14.03,14.19,3625799,52025024.000
2012-11-26,14.02,14.39,14.02,14.21,3208747,46107956.000
2012-11-27,13.99,14.22,13.79,13.90,3137343,44218464.000
2012-11-28,13.88,13.89,13.40,13.84,2762880,37938036.000
2012-11-29,13.84,13.96,13.41,13.48,1853697,25526396.000
2012-11-30,13.41,13.71,13.34,13.69,1497370,20451582.000
2012-12-03,13.59,13.67,13.15,13.23,1247745,16909912.000
2012-12-04,13.22,13.39,13.08,13.22,1888378,25165492.000
2012-12-05,13.29,13.99,13.03,13.61,3194392,43555064.000
2012-12-06,13.64,13.76,13.46,13.54,1225968,16753029.000
2012-12-07,13.50,14.00,13.44,13.93,2726845,37744016.000
2012-12-10,14.01,14.26,13.71,14.16,2317030,32897752.000
2012-12-11,14.05,14.17,13.86,14.08,2306633,32465320.000
2012-12-12,14.08,14.19,13.91,14.06,2362964,33302948.000
2012-12-13,13.94,14.03,13.79,13.87,1897718,26593740.000
2012-12-14,13.96,14.33,13.88,14.23,4074688,58402536.000
2012-12-17,14.25,14.39,14.04,14.19,3629696,51687096.000
2012-12-18,14.27,14.44,14.04,14.29,4400712,63342164.000
2012-12-19,14.28,14.44,13.99,14.30,2798624,40002512.000
2012-12-20,14.20,14.27,13.99,14.09,2117911,30057328.000
2012-12-21,14.16,14.85,14.05,14.18,3562924,51069820.000
2012-12-24,14.33,14.38,14.15,14.25,1774965,25448486.000
2012-12-25,14.25,14.81,14.22,14.67,6225380,91616664.000
2012-12-26,14.61,14.79,14.54,14.72,5119547,75697072.000
2012-12-27,14.72,15.16,14.59,14.83,7252824,108875208.000
2012-12-28,14.93,14.98,14.49,14.62,7455071,110054360.000
2012-12-31,14.56,15.04,14.56,14.78,7959626,118505952.000
2013-01-04,14.89,14.89,14.05,14.14,11938851,172249824.000
2013-01-07,14.24,14.44,13.97,14.05,15948908,228327712.000
2013-01-08,14.07,14.41,14.06,14.31,18019161,258683504.000
2013-01-09,14.38,14.51,14.33,14.44,13303174,193219968.000
2013-01-10,14.49,14.53,14.21,14.35,7630875,110578592.000
2013-01-11,14.39,14.99,14.31,14.67,14229886,209595696.000
2013-01-14,14.86,15.46,14.67,15.45,20065950,305987872.000
2013-01-15,15.47,15.66,15.27,15.49,14281898,222299968.000
2013-01-16,15.48,15.76,15.26,15.44,10390527,161646864.000
2013-01-17,15.69,15.69,15.07,15.08,9918268,153367520.000
2013-01-18,15.21,15.39,15.04,15.29,8308297,127278928.000
2013-01-21,15.30,16.42,15.14,16.23,21765975,347498592.000
2013-01-22,16.18,16.49,15.90,16.29,18330674,297709024.000
2013-01-23,15.89,16.99,15.86,16.54,25643630,425583456.000
2013-01-24,16.29,17.44,16.27,17.29,24528962,420318720.000
2013-01-25,17.29,17.58,16.85,16.94,15229176,262286496.000
2013-01-28,16.98,17.56,16.93,17.19,14749280,255205312.000
2013-01-29,16.94,17.14,16.44,16.77,14657647,247598544.000
2013-01-30,16.75,17.39,16.52,17.34,14085332,243154688.000
2013-01-31,17.38,17.84,16.71,17.12,18372328,319755840.000
2013-02-01,15.40,16.14,15.40,15.70,38507277,608065728.000
2013-02-04,15.50,15.69,15.10,15.22,14172814,218565632.000
2013-02-05,15.30,15.72,15.22,15.66,10738565,167745104.000
2013-02-06,15.64,15.83,15.27,15.57,13043429,203757440.000
2013-02-07,15.50,15.80,15.23,15.75,11114802,173499296.000
2013-02-08,15.73,16.21,15.61,16.08,10279959,165721248.000
2013-02-18,16.11,16.41,16.11,16.30,10220948,167363984.000
2013-02-19,16.35,16.37,15.83,16.03,6389106,103032200.000
2013-02-20,16.05,16.73,15.94,16.58,12466246,206761344.000
2013-02-21,16.56,16.67,16.04,16.48,9004569,148289488.000
2013-02-22,16.45,16.47,16.05,16.26,4365768,71147672.000
2013-02-25,16.26,16.41,16.14,16.31,4523288,74212040.000
2013-02-26,16.28,16.84,16.17,16.46,9900975,164357328.000
2013-02-27,16.47,16.64,16.12,16.33,6899024,113036952.000
2013-02-28,16.33,16.44,16.15,16.41,6281683,103302064.000
2013-03-01,16.40,16.69,16.23,16.57,7842045,129969536.000
2013-03-04,16.57,16.72,16.28,16.41,9914728,165265248.000
2013-03-05,16.49,17.12,16.49,17.01,9968852,168523136.000
2013-03-06,17.12,17.12,16.79,17.02,9590691,163881152.000
2013-03-07,17.04,17.04,16.24,16.56,10376446,173297840.000
2013-03-08,16.53,16.53,15.60,15.89,10590248,170814304.000
2013-03-11,15.87,16.03,15.60,15.95,4911170,78507216.000
2013-03-12,15.92,15.99,15.49,15.88,6805208,107806024.000
2013-03-13,15.76,15.86,15.55,15.69,2359596,37270032.000
2013-03-14,15.57,15.87,15.57,15.67,2526590,40041912.000
2013-03-15,15.67,15.95,15.64,15.81,4477494,71496624.000
2013-03-18,15.91,16.18,15.69,15.73,3374147,54142748.000
2013-03-19,16.06,16.06,15.28,15.50,3871645,60620224.000
2013-03-20,15.52,15.55,15.14,15.52,7524817,116294688.000
2013-03-21,15.49,15.86,15.29,15.81,10823568,169382272.000
2013-03-22,15.67,15.79,15.48,15.67,3763070,59238692.000
2013-03-25,15.70,15.86,15.54,15.58,3952141,62235232.000
2013-03-26,15.54,15.54,14.70,14.84,10798673,162302688.000
2013-03-27,14.86,14.92,14.71,14.78,5843602,87335032.000
2013-03-28,14.79,14.96,14.40,14.92,12671442,188718000.000
2013-03-29,14.89,15.09,14.29,14.56,11654262,172437424.000
2013-04-01,14.87,15.04,14.57,14.81,13034784,194287216.000
2013-04-02,14.88,14.88,13.69,14.16,15047659,216876672.000
2013-04-03,14.84,15.04,14.39,14.48,20829975,307457376.000
2013-04-08,14.66,14.87,14.19,14.56,18762319,275590816.000
2013-04-09,14.49,14.53,14.02,14.15,14327092,204401392.000
2013-04-10,14.02,14.05,13.68,13.81,11836951,164845712.000
2013-04-11,13.88,13.93,13.60,13.73,7124597,98328448.000
2013-04-12,13.69,13.84,13.50,13.53,7402571,101820432.000
2013-04-15,13.69,13.78,13.51,13.61,6711077,92219592.000
2013-04-16,13.49,13.67,13.30,13.64,4965128,67456912.000
2013-04-17,13.64,13.79,13.55,13.73,6382803,88045080.000
2013-04-18,13.69,13.73,13.58,13.63,5469941,75234160.000
2013-04-19,13.68,14.06,13.60,14.02,10311711,144056800.000
2013-04-22,14.01,14.32,13.94,14.25,11355306,162444480.000
2013-04-23,14.19,14.22,13.47,13.48,9656989,133918752.000
2013-04-24,13.59,14.13,13.59,14.06,12809128,180193216.000
2013-04-25,14.22,14.68,14.22,14.44,18913823,275628064.000
2013-04-26,14.37,14.62,14.21,14.44,11364086,165271984.000
2013-05-02,14.39,14.69,14.09,14.49,6277650,91531120.000
2013-05-03,14.54,14.74,14.44,14.62,7643123,112342608.000
2013-05-06,14.65,14.98,14.47,14.89,12933599,191905168.000
2013-05-07,14.89,14.93,14.54,14.59,7397232,109952256.000
2013-05-08,14.63,14.79,14.48,14.68,6638658,97866216.000
2013-05-09,14.68,14.92,14.55,14.84,7917127,117967880.000
2013-05-10,14.71,15.19,14.69,15.02,8206781,123649656.000
2013-05-13,14.97,15.18,14.79,14.88,5252702,79338000.000
2013-05-14,14.84,14.88,14.47,14.79,7086018,104642680.000
2013-05-15,14.72,15.22,14.70,14.99,5821816,88085272.000
2013-05-16,14.92,15.19,14.90,15.03,5612162,85079936.000
2013-05-17,15.02,15.07,14.78,15.01,6179236,92883504.000
2013-05-20,14.88,14.88,14.35,14.48,19070987,278308960.000
2013-05-21,14.47,14.47,14.04,14.29,14418412,206009024.000
2013-05-22,14.31,14.33,13.99,14.09,12445138,177848352.000
2013-05-23,14.16,14.38,13.99,14.10,14335177,204699232.000
2013-05-24,14.14,14.24,13.98,14.11,9368528,132976176.000
2013-05-27,14.11,14.44,14.07,14.39,10457686,150554896.000
2013-05-28,14.39,14.48,14.24,14.43,8587028,124387728.000
2013-05-29,14.43,14.63,14.36,14.46,10279619,150202592.000
2013-05-30,14.46,14.64,14.19,14.59,11565497,168267136.000
2013-05-31,14.56,15.84,14.52,15.59,35940700,554811200.000
2013-06-03,15.63,16.05,15.51,15.64,25109775,398424672.000
2013-06-04,15.58,15.66,15.23,15.27,12348727,191347712.000
2013-06-05,15.38,15.93,15.32,15.92,17884954,280627072.000
2013-06-06,15.87,16.04,15.29,15.37,13061278,206237184.000
2013-06-07,15.37,15.49,14.94,15.05,9934046,151219296.000
2013-06-13,14.85,14.85,13.90,14.71,8102199,118630336.000
2013-06-14,14.70,15.06,14.59,14.94,6100655,91533472.000
2013-06-17,14.97,15.07,14.67,14.73,6646402,99134800.000
2013-06-18,14.84,14.84,14.30,14.68,5892184,85746256.000
2013-06-19,14.66,14.74,14.43,14.65,3656011,53389124.000
2013-06-20,14.58,14.76,14.18,14.24,4437784,64407596.000
2013-06-21,14.05,14.55,13.83,14.39,4476929,63787196.000
2013-06-24,14.22,14.43,13.53,13.82,7386052,102875384.000
2013-06-25,13.51,13.85,12.44,12.86,16059919,207774624.000
2013-06-26,12.91,13.15,12.70,13.04,8105415,104936440.000
2013-06-27,13.00,13.27,12.58,12.76,7753525,100497104.000
2013-06-28,12.55,12.96,12.41,12.72,4970563,63396788.000
2013-07-01,12.77,12.95,12.57,12.91,4671565,59484708.000
2013-07-02,12.76,13.99,12.75,13.49,11690701,156747376.000
2013-07-03,13.42,13.68,13.20,13.49,7477267,100554080.000
2013-07-04,13.30,13.68,13.20,13.54,7357304,99250000.000
2013-07-05,13.55,13.82,13.15,13.20,7095214,95857264.000
2013-07-08,13.06,13.06,12.51,12.67,6411763,82072936.000
2013-07-09,12.60,12.88,12.32,12.67,6367322,80387152.000
2013-07-10,12.70,12.90,12.53,12.88,6965136,88548920.000
2013-07-11,12.86,13.45,12.77,13.33,9214839,121252320.000
2013-07-12,13.75,14.08,13.66,13.77,21334101,295705536.000
数据来源:通达信
