600742 一汽富维 日线
      日期	    开盘	    最高	    最低	    收盘	    成交量	    成交额
2007-01-11,2.66,2.79,2.59,2.66,7134321,29246336.000
2007-01-12,2.65,2.73,2.46,2.50,5028601,19970920.000
2007-01-15,2.51,2.70,2.51,2.70,5815572,23388774.000
2007-01-16,2.74,2.79,2.65,2.73,5736898,23494186.000
2007-01-17,2.74,3.10,2.67,3.00,14937392,63360848.000
2007-01-18,3.00,3.21,2.94,3.19,19430475,86615920.000
2007-01-19,3.19,3.27,3.11,3.25,12160358,55915620.000
2007-01-22,3.28,3.59,3.27,3.58,11367582,54966348.000
2007-01-23,3.62,3.65,3.35,3.53,9779207,47662156.000
2007-01-24,3.52,3.52,3.37,3.46,6108198,29532432.000
2007-01-25,3.42,3.42,3.17,3.18,6867181,32025200.000
2007-01-26,3.12,3.18,2.82,3.15,7089372,31328112.000
2007-01-29,3.17,3.35,3.17,3.34,5119434,23802532.000
2007-01-30,3.36,3.39,3.19,3.25,5391811,25147400.000
2007-01-31,3.25,3.25,2.96,3.00,5543183,24982160.000
2007-02-01,2.93,3.07,2.85,2.99,4485361,19470584.000
2007-02-02,3.01,3.10,2.94,2.94,4283904,18901730.000
2007-02-05,2.96,3.14,2.96,3.08,4138936,18436768.000
2007-02-06,3.11,3.23,3.06,3.23,4165088,18943412.000
2007-02-07,3.27,3.28,3.17,3.24,3591290,16526459.000
2007-02-08,3.30,3.32,3.19,3.31,5017901,23428424.000
2007-02-09,3.33,3.35,3.27,3.32,5112279,24062884.000
2007-02-12,3.35,3.47,3.32,3.47,6772559,32601944.000
2007-02-13,3.47,3.83,3.37,3.79,14951253,75676712.000
2007-02-14,3.80,3.92,3.67,3.86,14056691,73067288.000
2007-02-15,3.89,3.97,3.82,3.93,9964763,52728828.000
2007-02-16,3.96,4.41,3.89,4.08,11039923,60890844.000
2007-02-26,4.20,4.51,4.11,4.46,11114064,63613652.000
2007-02-27,4.75,4.75,3.88,3.88,12472379,70844008.000
2007-02-28,3.72,4.29,3.71,4.26,9222820,50167608.000
2007-03-01,4.31,4.38,4.01,4.12,8199311,45450108.000
2007-03-02,4.12,4.36,4.07,4.24,6110335,34380832.000
2007-03-05,4.24,4.58,4.14,4.48,9643845,55674940.000
2007-03-06,4.41,4.43,4.23,4.34,4312029,24712956.000
2007-03-07,4.35,4.40,4.28,4.39,4567485,26221052.000
2007-03-08,4.41,4.46,4.31,4.44,5006273,28900906.000
2007-03-09,4.44,4.46,4.18,4.32,6183992,35328760.000
2007-03-12,4.33,4.76,4.17,4.63,9999934,57711056.000
2007-03-13,4.63,4.79,4.54,4.76,8760744,53381176.000
2007-03-14,4.74,5.05,4.51,4.81,15211214,94472624.000
2007-03-15,4.89,4.91,4.76,4.85,7110826,44233732.000
2007-03-16,4.84,4.84,4.51,4.57,7562616,45823428.000
2007-03-19,4.31,4.57,4.24,4.52,5328418,31214112.000
2007-03-20,4.50,4.72,4.49,4.65,4457329,26823560.000
2007-03-21,4.67,4.95,4.66,4.86,7222028,44659072.000
2007-03-22,4.87,4.92,4.74,4.78,8053533,50066088.000
2007-03-23,4.76,4.86,4.65,4.82,6447904,39684268.000
2007-03-26,4.83,5.16,4.82,5.12,9725232,62284368.000
2007-03-27,5.09,5.57,5.03,5.38,9653841,64948396.000
2007-03-28,5.61,6.06,5.61,6.06,10278732,76055136.000
2007-03-29,6.11,6.30,5.50,5.52,24897599,182364048.000
2007-03-30,5.49,5.75,5.35,5.62,7743935,54170936.000
2007-04-02,5.71,5.77,5.52,5.73,7071464,49725972.000
2007-04-03,5.78,5.95,5.67,5.76,8074612,58091980.000
2007-04-04,5.77,5.77,5.56,5.71,8010636,56435128.000
2007-04-05,5.69,5.84,5.61,5.83,7652130,54473724.000
2007-04-06,5.79,6.14,5.68,6.04,9888566,73150664.000
2007-04-09,6.14,6.24,5.96,6.06,9140979,68629784.000
2007-04-10,6.06,6.41,5.86,6.34,11188908,84193120.000
2007-04-11,6.37,6.49,6.23,6.40,8534127,66141848.000
2007-04-12,6.41,6.75,6.28,6.54,10103089,79951472.000
2007-04-13,6.51,6.59,6.31,6.48,10436374,81989160.000
2007-04-16,6.51,6.81,6.51,6.72,14725483,118442024.000
2007-04-17,6.72,6.77,6.47,6.71,9070188,72765368.000
2007-04-18,6.76,7.03,6.67,6.89,10541651,87143776.000
2007-04-19,6.80,6.86,6.06,6.24,9981186,78530376.000
2007-04-20,6.34,6.76,6.27,6.62,8524527,67393168.000
2007-04-23,6.81,7.29,6.74,7.27,12136237,100839600.000
2007-04-24,7.29,7.59,7.01,7.21,13657291,118966000.000
2007-04-25,7.10,7.19,6.72,7.00,10207279,85004416.000
2007-04-26,6.93,7.41,6.93,7.38,12061291,104043880.000
2007-04-27,7.34,7.82,7.24,7.64,19469366,176094912.000
2007-04-30,7.69,7.85,7.51,7.69,13723702,124255112.000
2007-05-08,7.87,8.11,7.71,7.99,13148272,122361264.000
2007-05-09,7.99,7.99,7.37,7.85,12596092,115572696.000
2007-05-10,7.87,8.77,7.87,8.77,19692170,195922720.000
2007-05-11,8.84,9.79,8.51,9.69,27749751,301868928.000
2007-05-14,9.61,10.80,9.22,10.80,18400799,218834608.000
2007-05-17,11.12,11.95,10.61,10.87,19853183,248540752.000
2007-05-18,10.81,12.10,10.29,12.10,14326744,178919056.000
2007-05-21,11.71,13.45,11.48,13.45,16833529,246420784.000
2007-05-22,13.90,14.88,13.42,14.03,23488089,361372992.000
2007-05-24,14.62,15.50,13.27,15.08,13252165,214578976.000
2007-05-25,14.64,15.46,14.61,14.68,10339623,168295456.000
2007-05-28,14.63,14.64,13.79,14.28,12477398,196280112.000
2007-05-29,14.27,14.59,13.71,14.42,11808522,182431200.000
2007-05-30,13.10,14.11,12.84,12.84,9926886,147127824.000
2007-05-31,12.11,12.69,11.42,11.87,15774329,209224752.000
2007-06-01,11.82,12.36,10.54,10.54,9745255,123899800.000
2007-06-04,10.76,11.07,9.35,9.35,11321449,125055800.000
2007-06-05,8.61,10.01,8.28,9.97,17636524,179194880.000
2007-06-06,10.03,10.36,9.26,9.98,13211579,150084080.000
2007-06-07,10.06,10.99,9.69,10.94,12987478,154011568.000
2007-06-08,11.11,11.91,11.01,11.65,15154453,196841248.000
2007-06-11,12.11,12.79,11.67,12.02,13659130,185803808.000
2007-06-12,11.96,12.31,11.07,12.02,12789487,168830720.000
2007-06-13,12.12,12.81,12.02,12.58,11551989,160239680.000
2007-06-14,12.67,13.11,12.08,12.32,14132979,197394016.000
2007-06-18,12.46,12.79,11.61,12.27,11625146,159649216.000
2007-06-19,12.28,12.41,11.71,12.15,11214213,149704576.000
2007-06-20,12.13,12.43,11.41,11.62,9254247,123671056.000
2007-06-21,11.41,12.01,10.79,11.57,11717026,148796928.000
2007-06-22,11.57,11.59,10.27,10.27,11186072,134771264.000
2007-06-25,10.11,10.41,9.10,9.10,7352431,79497536.000
2007-06-26,8.41,8.95,8.05,8.87,11286348,109442968.000
2007-06-27,8.87,9.71,8.71,9.50,9440953,101175056.000
2007-06-28,9.46,9.50,8.41,8.41,8087041,82880064.000
2007-06-29,8.01,8.06,7.43,7.43,8586975,77758872.000
2007-07-02,7.21,7.61,7.02,7.60,5211039,45398576.000
2007-07-03,7.61,7.90,7.49,7.71,5361516,48740108.000
2007-07-04,7.79,7.81,7.12,7.29,3826199,33559168.000
2007-07-05,7.01,7.26,6.42,6.42,4546368,36884804.000
2007-07-06,6.56,7.20,6.43,7.20,8608887,70784664.000
2007-07-09,7.55,8.06,7.36,8.06,10331127,94456544.000
2007-07-10,8.01,8.03,7.46,7.52,7654726,69330528.000
2007-07-11,7.34,7.73,7.31,7.66,3449253,30985972.000
2007-07-12,7.71,7.71,7.47,7.61,2950985,26478472.000
2007-07-13,7.66,7.66,7.37,7.45,2121409,18785460.000
2007-07-16,7.31,7.61,7.11,7.12,2651311,23230350.000
2007-07-17,7.00,7.44,6.91,7.30,2509170,21493880.000
2007-07-18,7.14,7.60,7.06,7.35,3928759,34302168.000
2007-07-19,7.21,7.43,7.11,7.30,2730196,23709532.000
2007-07-20,7.31,7.79,7.22,7.65,4815956,43458884.000
2007-07-23,7.71,8.55,7.71,8.55,4231646,40999232.000
2007-07-24,9.29,9.29,8.71,8.81,13258910,138240496.000
2007-07-25,8.68,9.51,8.61,9.12,9294141,97981432.000
2007-07-26,9.15,9.31,8.79,9.14,7050265,73780848.000
2007-07-27,9.00,9.46,8.81,9.40,6387404,68002032.000
2007-07-30,9.40,10.48,9.12,10.48,12478640,144227392.000
2007-07-31,10.59,10.70,10.11,10.39,10137723,119301416.000
2007-08-01,10.29,10.91,9.29,9.68,11848535,137219744.000
2007-08-02,9.63,10.79,9.63,10.77,18746410,223696256.000
2007-08-03,10.61,11.01,10.22,10.69,14524372,174795104.000
2007-08-06,10.66,11.30,10.51,10.80,10779086,132318688.000
2007-08-07,10.71,10.71,10.21,10.38,7010614,82521208.000
2007-08-08,10.29,10.82,10.20,10.47,7122631,84835176.000
2007-08-09,10.51,10.61,10.09,10.16,6304388,73690016.000
2007-08-10,10.16,10.17,9.16,9.50,7435923,81464688.000
2007-08-13,9.23,9.49,8.83,9.24,5304785,55749160.000
2007-08-14,9.22,9.78,9.17,9.59,4215139,46191080.000
2007-08-15,9.59,9.81,9.01,9.29,4398092,46934992.000
2007-08-16,9.26,9.47,8.96,9.41,3773069,40077112.000
2007-08-17,9.31,10.29,9.18,9.81,9173616,103502888.000
2007-08-20,9.94,10.46,9.94,10.28,7817645,90820320.000
2007-08-21,10.50,10.59,10.12,10.21,6252550,73198848.000
2007-08-22,10.06,10.55,9.87,10.40,9181005,106651696.000
2007-08-23,10.42,10.51,9.91,10.19,5086441,58755544.000
2007-08-24,10.29,10.41,10.03,10.20,5719202,66405096.000
2007-08-27,10.32,11.36,10.11,11.36,20647328,253019600.000
2007-08-28,11.35,12.18,10.71,11.27,19298481,248493376.000
2007-08-29,11.26,11.74,10.81,11.05,8616725,108891472.000
2007-08-30,11.06,11.61,11.06,11.28,7934416,101330440.000
2007-08-31,11.28,11.61,11.03,11.60,9420751,120256672.000
2007-09-03,11.83,12.11,11.61,11.64,11185338,148058384.000
2007-09-04,11.60,11.76,10.99,11.13,8743547,110415440.000
2007-09-05,11.13,11.36,10.63,11.02,5041968,62647688.000
2007-09-06,11.05,12.01,11.05,11.77,10462367,136555232.000
2007-09-07,11.79,13.08,11.46,12.25,22045914,302760416.000
2007-09-10,12.11,12.88,11.72,12.26,13989580,193708000.000
2007-09-11,12.41,12.41,10.90,10.90,10605242,139747024.000
2007-09-12,10.67,11.30,10.02,11.08,11618001,139405152.000
2007-09-13,10.88,11.11,10.53,10.98,5970255,73313416.000
2007-09-14,11.01,11.21,10.56,10.84,6030997,74105736.000
2007-09-17,10.88,12.06,10.69,11.79,9421105,121803264.000
2007-09-18,11.89,12.49,11.51,12.07,8863149,118816288.000
2007-09-19,12.26,12.26,11.51,11.59,5703338,74595936.000
2007-09-20,11.59,11.86,11.30,11.34,5160585,66483808.000
2007-09-21,11.36,11.51,10.39,10.83,6449683,78885704.000
2007-09-24,10.84,11.01,10.32,10.59,4269140,50890344.000
2007-09-25,10.69,11.01,10.57,10.73,2781882,33811316.000
2007-09-26,10.91,10.91,10.21,10.29,3030983,35848704.000
2007-09-27,10.23,10.44,10.14,10.41,2395319,28038620.000
2007-09-28,10.63,10.82,10.51,10.76,3248556,39338900.000
2007-10-08,10.85,11.01,10.41,10.44,3266470,39171704.000
2007-10-09,10.51,10.52,10.21,10.42,2863424,33492076.000
2007-10-10,10.46,10.80,10.21,10.63,4333358,51339652.000
2007-10-11,10.96,11.09,10.60,10.94,5647262,68925592.000
2007-10-12,10.89,10.94,9.71,10.22,5914051,68163320.000
2007-10-15,10.22,10.59,9.50,10.31,5028665,56855060.000
2007-10-16,10.26,10.81,9.94,10.54,4528203,53822264.000
2007-10-18,10.41,11.73,9.62,11.73,19288798,244248688.000
2007-10-19,12.01,12.05,11.06,11.17,13642562,177881920.000
2007-10-22,11.09,11.21,10.51,10.62,4692762,57107088.000
2007-10-23,10.56,10.86,10.07,10.36,3609769,42486228.000
2007-10-24,10.61,10.69,9.81,9.91,4297197,49526912.000
2007-10-25,9.86,9.86,8.78,8.78,6081468,63596352.000
2007-10-26,8.65,8.75,8.11,8.49,3634836,35459768.000
2007-10-29,8.61,8.88,8.56,8.84,1915474,19252720.000
2007-10-30,8.84,9.15,8.70,9.14,1987811,20514866.000
2007-10-31,9.19,9.48,8.96,9.27,3340381,35313896.000
2007-11-01,9.29,9.30,8.53,8.57,3465344,35215232.000
2007-11-02,8.41,8.41,8.11,8.13,2810492,26991144.000
2007-11-05,8.13,8.48,7.89,8.26,1805157,17414348.000
2007-11-06,8.35,8.57,8.23,8.49,1362306,13358715.000
2007-11-07,8.53,8.60,8.22,8.45,1412916,13769643.000
2007-11-08,8.44,8.44,7.71,7.73,1655660,15637954.000
2007-11-09,7.61,7.96,7.46,7.70,1678507,15273633.000
2007-11-12,7.56,7.69,7.33,7.58,1537800,13676805.000
2007-11-13,7.66,7.96,7.51,7.70,1231068,11247019.000
2007-11-14,7.95,8.11,7.72,8.05,1483848,13822210.000
2007-11-15,8.04,8.39,7.86,8.02,1913771,18119316.000
2007-11-16,7.81,7.99,7.73,7.89,1600806,14787199.000
2007-11-19,8.00,8.34,7.83,8.28,2231170,21102200.000
2007-11-20,8.28,8.51,8.19,8.43,2092443,20419144.000
2007-11-21,8.41,8.51,8.26,8.37,1981056,19335374.000
2007-11-22,8.34,8.34,7.78,7.88,1340788,12579177.000
2007-11-23,8.11,8.57,7.91,8.55,4996698,48033328.000
2007-11-26,8.71,8.84,8.27,8.29,4153175,41600860.000
2007-11-27,8.18,8.49,8.06,8.34,1375485,13379372.000
2007-11-28,8.41,8.50,8.09,8.18,1346633,12975560.000
2007-11-29,8.29,8.47,8.01,8.46,1744242,16929196.000
2007-11-30,8.44,8.44,8.11,8.12,1262278,12149871.000
2007-12-03,8.16,8.36,8.09,8.18,1209759,11597783.000
2007-12-04,8.19,8.30,8.13,8.21,834383,8022062.000
2007-12-05,8.26,8.50,8.21,8.43,1986975,19418848.000
2007-12-06,8.47,8.49,8.26,8.38,1235877,12005322.000
2007-12-07,8.37,8.58,8.32,8.57,1792978,17711308.000
2007-12-10,8.49,8.81,8.32,8.79,3091648,31245452.000
2007-12-11,8.81,8.85,8.61,8.73,2337303,23602728.000
2007-12-12,8.66,9.02,8.62,8.86,2491151,25646844.000
2007-12-13,8.88,8.92,8.32,8.38,2494228,25129806.000
2007-12-14,8.30,8.60,7.61,8.57,2340155,22737824.000
2007-12-17,8.56,8.63,8.31,8.45,2350383,23087038.000
2007-12-18,8.41,8.75,8.34,8.65,2348182,23361754.000
2007-12-19,8.79,8.99,8.67,8.77,3796478,38890624.000
2007-12-21,8.96,9.79,8.96,9.79,11501268,126867032.000
2007-12-24,10.11,10.45,9.99,10.05,17150379,198433776.000
2007-12-25,10.07,10.43,9.94,10.34,5826532,67621776.000
2007-12-26,10.43,10.47,10.16,10.36,5329285,62200200.000
2007-12-27,10.39,11.15,10.21,10.68,6895114,83051824.000
2007-12-28,10.53,10.65,10.24,10.30,5029446,59126792.000
2008-01-02,10.26,10.91,10.08,10.63,5576986,66081032.000
2008-01-03,10.54,10.91,10.43,10.81,5146147,62119816.000
2008-01-04,10.87,11.05,10.62,10.71,5262538,64220684.000
2008-01-07,10.69,10.91,10.47,10.90,5613553,68007480.000
2008-01-08,10.96,11.06,10.50,10.53,5231707,63552424.000
2008-01-09,10.47,10.69,10.21,10.64,4289205,50928324.000
2008-01-10,10.65,11.84,10.65,11.65,14879533,193418128.000
2008-01-11,11.56,11.69,11.12,11.32,5891664,74929928.000
2008-01-14,11.36,11.36,10.93,11.22,3859153,48430068.000
2008-01-15,11.25,11.41,11.02,11.34,3428841,43237324.000
2008-01-16,11.07,11.26,10.67,10.72,4214584,51985888.000
2008-01-17,10.61,10.88,9.71,10.21,5089144,59640912.000
2008-01-18,10.21,10.99,10.01,10.64,3964479,47569640.000
2008-01-21,10.66,10.87,9.82,9.96,2739025,32179850.000
2008-01-22,9.63,9.86,8.83,8.83,3859292,40445744.000
2008-01-23,8.86,9.30,8.61,9.21,4184151,43509400.000
2008-01-24,9.25,9.71,9.01,9.52,3547965,38250552.000
2008-01-25,9.42,9.61,9.32,9.39,2638809,28655992.000
2008-01-28,9.36,9.41,8.41,8.88,3797711,38637224.000
2008-01-29,8.86,9.91,8.81,9.91,5416391,58726912.000
2008-01-30,9.91,10.06,8.91,9.70,6478468,72546544.000
2008-01-31,9.76,9.80,8.91,9.19,1480446,15903093.000
2008-02-01,9.19,9.21,8.23,8.89,2262249,22836448.000
2008-02-04,8.97,9.79,8.97,9.68,2584643,28240840.000
2008-02-05,9.57,9.84,9.44,9.59,1779072,19560528.000
2008-02-13,9.39,9.69,9.11,9.44,956266,10440291.000
2008-02-14,9.53,9.99,9.53,9.80,2313247,25846660.000
2008-02-15,9.79,9.79,9.37,9.66,1612753,17604648.000
2008-02-18,9.80,10.11,9.79,9.81,2334302,26423532.000
2008-02-19,9.86,10.10,9.81,10.01,2005981,22817086.000
2008-02-20,10.04,10.18,9.66,9.68,2273623,25691668.000
2008-02-21,9.71,10.55,9.62,10.49,6161316,71664608.000
2008-02-22,10.60,10.76,9.97,10.67,6150291,72492128.000
2008-02-25,10.91,11.27,10.49,10.58,13784680,170797824.000
2008-02-26,10.88,11.09,10.49,10.84,6973269,85020144.000
2008-02-27,10.91,12.01,10.67,11.79,15003899,192931712.000
2008-02-28,11.56,12.32,11.37,11.97,14359559,192545152.000
2008-02-29,12.04,12.58,11.91,12.45,11765345,161925664.000
2008-03-03,12.71,13.05,12.36,12.58,15894160,223178064.000
2008-03-04,12.61,13.05,12.21,12.30,11914224,166969280.000
2008-03-05,12.26,12.49,11.30,12.02,15649816,206336240.000
2008-03-06,11.86,13.36,11.67,13.36,25689802,364405152.000
2008-03-07,12.79,13.19,12.42,12.75,12692978,179834672.000
2008-03-10,11.62,12.50,11.58,11.60,7294356,96869096.000
2008-03-11,11.56,12.25,11.31,12.19,5457230,72213088.000
2008-03-12,12.41,12.66,12.11,12.23,7811884,107576608.000
2008-03-13,12.23,12.56,11.42,12.54,6129194,81588064.000
2008-03-14,12.22,12.52,11.82,12.08,3284214,44731940.000
2008-03-17,11.76,12.01,10.73,10.73,5777080,73455584.000
2008-03-18,10.69,10.69,9.55,9.81,6358754,72270072.000
2008-03-19,10.13,10.81,10.01,10.38,5082191,59816520.000
2008-03-20,10.36,11.56,9.97,11.38,9656090,120514032.000
2008-03-21,11.29,12.51,11.17,11.89,8309287,111431600.000
2008-03-24,12.17,12.57,11.61,11.65,7550762,102191504.000
2008-03-25,11.43,12.88,11.24,12.86,12793086,176260064.000
2008-03-26,12.91,13.03,12.11,12.52,8607269,120033208.000
2008-03-27,12.11,12.84,11.41,12.22,12058683,164093616.000
2008-03-28,11.86,13.41,11.86,13.13,13547703,190946192.000
2008-03-31,12.81,13.48,11.68,11.68,14763160,204997680.000
2008-04-01,11.37,11.61,10.37,10.37,10441695,125487112.000
2008-04-02,10.14,10.59,9.21,9.42,7593281,85105072.000
2008-04-03,9.46,10.26,8.63,10.04,4298577,47574404.000
2008-04-07,9.84,10.98,9.70,10.78,6133342,73564400.000
2008-04-08,10.71,11.06,10.44,11.03,6610178,80282568.000
2008-04-09,10.89,11.11,9.79,9.80,5251820,62456852.000
2008-04-10,10.25,10.27,9.31,10.17,4761634,53772984.000
2008-04-11,10.31,10.81,10.18,10.40,4079108,48547440.000
2008-04-14,10.01,10.28,9.33,9.38,3625429,40167796.000
2008-04-15,9.41,9.89,8.61,9.87,4594683,48932912.000
2008-04-16,9.86,10.06,9.36,9.67,3876018,43037208.000
2008-04-17,9.67,9.90,8.56,8.82,6972371,72551232.000
2008-04-18,8.71,9.01,8.26,8.32,3408352,34058328.000
2008-04-21,9.06,9.06,7.51,7.73,4474167,43633212.000
2008-04-22,7.61,7.88,6.93,7.59,3333429,28968154.000
2008-04-23,7.59,8.33,7.49,8.03,4543624,42704000.000
2008-04-24,8.71,8.97,8.52,8.97,10119045,103109608.000
2008-04-25,9.01,9.61,8.63,9.05,9223405,97666152.000
2008-04-28,8.99,9.11,8.62,8.81,4562182,46761936.000
2008-04-29,8.81,8.94,8.67,8.86,4778977,48818904.000
2008-04-30,9.06,9.36,8.89,9.31,5484479,57943300.000
2008-05-05,9.46,9.77,9.12,9.71,5835193,63258784.000
2008-05-06,9.50,9.89,9.41,9.49,4928714,54144168.000
2008-05-07,9.48,9.60,8.83,8.87,4893962,51990448.000
2008-05-08,8.66,9.31,8.61,9.24,2602256,26814172.000
2008-05-09,9.22,10.10,9.11,9.96,10045355,111019136.000
2008-05-12,9.84,10.80,9.59,10.58,9070240,106841224.000
2008-05-13,10.16,11.19,10.12,10.64,6921724,83767024.000
2008-05-14,10.69,11.16,10.31,11.02,6721989,82142584.000
2008-05-15,11.06,11.47,10.83,10.88,5564815,69739336.000
2008-05-16,10.87,11.11,10.21,10.52,4277882,51241392.000
2008-05-19,10.41,10.70,10.16,10.34,3923880,46288512.000
2008-05-20,10.34,10.80,9.94,10.26,4972727,58915876.000
2008-05-21,10.22,10.31,9.21,10.06,7266431,81267256.000
2008-05-22,9.85,10.45,9.61,10.08,4814753,55302036.000
2008-05-23,9.85,10.18,9.21,9.50,4341926,47696424.000
2008-05-26,9.49,9.49,8.93,9.10,3056997,32269346.000
2008-05-27,9.02,9.34,9.02,9.29,1572398,16676967.000
2008-05-28,9.29,9.84,9.13,9.60,2370637,25665980.000
2008-05-29,9.56,9.81,9.02,9.03,2260304,24230098.000
2008-05-30,9.09,9.31,8.81,9.26,1633806,17110856.000
2008-06-02,9.18,9.30,8.81,9.01,2238430,23357476.000
2008-06-03,9.06,9.18,8.91,9.14,1328502,13825083.000
2008-06-04,8.97,9.18,8.71,8.80,1775269,18235534.000
2008-06-05,8.76,8.94,8.49,8.57,1573626,15784031.000
2008-06-06,8.58,8.62,8.31,8.40,1765168,17290926.000
2008-06-10,7.93,8.13,7.42,7.42,2502519,22574928.000
2008-06-11,7.07,7.42,6.91,7.11,2619780,22185672.000
2008-06-12,7.13,7.13,6.61,6.98,2868880,23737934.000
2008-06-13,6.98,7.08,6.26,6.48,2135520,17103768.000
2008-06-16,6.41,6.60,5.93,6.36,2872839,22071052.000
2008-06-17,6.36,6.46,5.71,5.80,2597690,19314422.000
2008-06-18,5.79,6.36,5.56,6.28,2787352,20823512.000
2008-06-19,6.29,6.29,5.51,5.51,2601334,18531364.000
2008-06-20,5.49,5.92,5.00,5.58,3009488,20653232.000
2008-06-23,5.51,5.76,5.31,5.50,2020035,14019087.000
2008-06-25,5.63,6.19,5.63,6.14,3519322,25796804.000
2008-06-26,5.96,6.61,5.95,6.38,3227331,24846966.000
2008-06-27,6.01,6.17,5.60,5.60,2918427,20872260.000
2008-06-30,5.34,5.61,5.02,5.39,1887931,12683676.000
2008-07-01,5.49,5.49,4.81,5.10,1359500,8914164.000
2008-07-02,5.11,5.35,5.06,5.17,1563635,10311826.000
2008-07-03,5.14,5.54,4.91,5.42,2226041,14917487.000
2008-07-04,5.43,6.01,5.31,5.66,3610848,25424460.000
2008-07-07,5.53,6.04,5.47,6.01,2873881,20857584.000
2008-07-08,5.91,6.33,5.91,6.06,2736351,20541660.000
2008-07-10,6.41,6.49,6.02,6.09,5187378,39848456.000
2008-07-11,6.02,6.21,5.67,5.79,2883771,20868748.000
2008-07-14,5.71,5.95,5.61,5.90,2185105,15699067.000
2008-07-15,5.93,6.00,5.66,5.71,2645496,19134984.000
2008-07-16,5.63,5.70,5.11,5.35,2294812,15496084.000
2008-07-17,5.41,5.65,4.98,5.11,3210500,21327068.000
2008-07-18,5.22,5.43,5.01,5.41,1749042,11590374.000
2008-07-21,5.43,5.91,5.31,5.85,3333177,23500500.000
2008-07-22,5.81,6.21,5.70,5.95,4174844,30443212.000
2008-07-23,6.05,6.39,5.97,6.20,11065873,84328976.000
2008-07-24,6.26,6.40,5.94,6.23,7648163,57328528.000
2008-07-25,6.09,6.71,6.01,6.64,8911673,69754816.000
2008-07-28,6.61,7.35,6.57,7.15,10626640,87997792.000
2008-07-29,6.76,7.41,6.76,6.90,11395714,96595552.000
2008-07-30,7.03,7.11,6.49,6.52,7198230,58608536.000
2008-07-31,6.51,6.53,6.02,6.06,4440129,34030808.000
2008-08-01,6.06,6.42,5.88,6.33,4899524,36841736.000
2008-08-04,6.30,6.51,6.14,6.23,3346893,25801950.000
2008-08-05,6.26,6.57,6.19,6.33,3941325,30777196.000
2008-08-06,6.38,6.71,6.24,6.69,4349554,34444300.000
2008-08-07,6.66,6.81,6.41,6.50,3943475,31433888.000
2008-08-08,6.59,6.65,5.71,5.71,4950260,36815272.000
2008-08-11,5.59,5.66,5.00,5.00,4103251,27055438.000
2008-08-12,4.96,5.11,4.71,4.97,2117318,13437184.000
2008-08-13,4.91,4.99,4.46,4.83,3320081,20259464.000
2008-08-14,4.80,5.03,4.71,4.90,1787038,11257854.000
2008-08-15,4.89,5.14,4.77,5.01,2064798,13245649.000
2008-08-18,5.07,5.11,4.53,4.60,2093907,12975984.000
2008-08-19,4.56,5.05,4.51,4.98,2021335,12672366.000
2008-08-20,4.89,5.58,4.83,5.51,2753382,18536512.000
2008-08-21,5.31,5.76,5.21,5.61,3543515,24455154.000
2008-08-22,5.58,5.58,5.16,5.17,2796310,18737096.000
2008-08-25,5.31,5.36,5.02,5.05,1621329,10662519.000
2008-08-26,5.00,5.00,4.56,4.71,1817925,11174221.000
2008-08-27,4.71,4.94,4.67,4.83,967138,5994861.000
2008-08-28,4.84,5.00,4.78,4.82,1506664,9447165.000
2008-08-29,4.86,5.27,4.85,5.13,3571099,23039832.000
2008-09-01,5.11,5.11,4.85,4.89,1699175,10751920.000
2008-09-02,4.84,5.08,4.82,4.90,1933172,12196989.000
2008-09-03,4.90,5.03,4.76,4.92,2076412,13001725.000
2008-09-04,4.84,4.99,4.84,4.95,1553330,9828129.000
2008-09-05,4.82,4.86,4.65,4.66,1599852,9786957.000
2008-09-08,4.70,4.73,4.21,4.30,2369917,13697205.000
2008-09-09,4.36,4.44,4.26,4.39,683400,3936559.000
2008-09-10,4.33,4.64,4.33,4.53,1597242,9394552.000
2008-09-11,4.51,4.79,4.40,4.46,1437150,8496555.000
2008-09-12,4.42,4.73,4.38,4.56,1450782,8653045.000
2008-09-16,4.58,5.16,4.41,4.85,6390634,39897456.000
2008-09-17,4.79,4.91,4.55,4.56,2879700,17614360.000
2008-09-18,4.39,4.51,3.97,4.26,5660001,31373688.000
2008-09-19,4.81,4.83,4.61,4.83,4122999,25427848.000
2008-09-22,5.11,5.44,4.80,5.00,8229565,53323580.000
2008-09-23,4.76,4.79,4.41,4.50,3787500,22758782.000
2008-09-24,4.46,4.69,4.30,4.65,2165388,12684805.000
2008-09-25,4.67,4.95,4.61,4.79,3780390,23464916.000
2008-09-26,4.91,4.91,4.63,4.77,3198538,19576658.000
2008-10-06,4.63,4.67,4.41,4.51,1883449,11126013.000
2008-10-07,4.32,4.57,4.31,4.53,1550858,9080088.000
2008-10-08,4.38,4.47,4.21,4.25,2095088,11990340.000
2008-10-09,4.32,4.40,4.21,4.25,1635739,9288390.000
2008-10-10,4.18,4.43,4.09,4.23,4051566,23059832.000
2008-10-13,4.11,4.21,3.72,4.19,3541410,18993352.000
2008-10-14,4.34,4.38,3.99,4.00,3147599,17795130.000
2008-10-15,3.93,4.06,3.79,3.85,1750406,9233342.000
2008-10-16,3.61,3.70,3.48,3.51,2044572,10161128.000
2008-10-17,3.53,3.67,3.48,3.62,1292295,6420886.000
2008-10-20,3.59,3.82,3.57,3.79,1412584,7201700.000
2008-10-21,3.76,4.04,3.76,3.93,2655246,14124452.000
2008-10-22,3.87,3.94,3.81,3.92,1761066,9277285.000
2008-10-23,3.84,3.96,3.73,3.93,1732925,9100170.000
2008-10-24,4.01,4.03,3.80,3.81,1353686,7146151.000
2008-10-27,3.73,3.78,3.48,3.49,2553998,12775432.000
2008-10-28,3.47,3.66,3.41,3.63,1616411,7979506.000
2008-10-29,3.81,3.81,3.49,3.53,1525200,7659960.000
2008-10-30,3.57,3.69,3.50,3.63,1359966,6786677.000
2008-10-31,3.79,3.97,3.71,3.74,3882488,20309638.000
2008-11-03,3.70,3.70,3.54,3.56,1764430,8807982.000
2008-11-04,3.57,3.97,3.53,3.93,5105516,26608668.000
2008-11-05,3.89,4.15,3.86,4.06,7020709,37884928.000
2008-11-06,3.88,3.99,3.74,3.87,2586340,13604452.000
2008-11-07,3.72,3.99,3.71,3.98,2918990,15491962.000
2008-11-10,4.07,4.36,4.01,4.34,5436493,30507432.000
2008-11-11,4.29,4.30,4.14,4.17,4561048,25578016.000
2008-11-12,4.11,4.28,4.07,4.24,2533180,14176310.000
2008-11-13,4.16,4.55,4.08,4.43,5371967,30730808.000
2008-11-14,4.51,4.66,4.32,4.60,6994779,41137956.000
2008-11-17,4.60,5.05,4.52,5.01,7052980,43254472.000
2008-11-18,4.86,4.96,4.37,4.37,6349798,38389928.000
2008-11-19,4.33,4.94,4.33,4.89,6826350,41677700.000
2008-11-20,4.67,5.11,4.62,4.71,5893892,36715576.000
2008-11-21,4.51,4.76,4.34,4.55,4158525,24627196.000
2008-11-24,4.55,4.61,4.28,4.29,2671409,15471236.000
2008-11-25,4.36,4.42,4.08,4.20,2261518,12699237.000
2008-11-26,4.18,4.31,4.16,4.22,1377563,7748402.000
2008-11-27,4.67,4.75,4.37,4.38,4984866,29691268.000
2008-11-28,4.26,4.63,4.26,4.51,3486292,20490370.000
2008-12-01,4.49,4.65,4.27,4.64,3373787,19915056.000
2008-12-02,4.41,4.79,4.40,4.70,5578177,33668176.000
2008-12-04,4.98,5.31,4.94,5.15,15451523,101957416.000
2008-12-05,5.06,5.16,4.94,5.11,8350924,53916460.000
2008-12-08,5.41,5.45,5.17,5.29,11264489,75299480.000
2008-12-09,5.33,5.34,5.01,5.04,5743370,37427944.000
2008-12-10,4.99,5.61,4.99,5.50,7624090,51066844.000
2008-12-11,5.41,5.54,5.27,5.40,6751927,45815652.000
2008-12-12,5.31,5.46,5.19,5.23,5862928,39462096.000
2008-12-15,5.41,5.45,5.01,5.17,3808010,25105880.000
2008-12-16,5.21,5.33,4.98,5.25,4507279,29457140.000
2008-12-17,5.18,5.29,5.06,5.12,4803242,31515712.000
2008-12-18,5.09,5.38,4.99,5.33,6337017,41274688.000
2008-12-19,5.35,5.47,5.27,5.29,7848613,52884984.000
2008-12-22,5.29,5.29,5.05,5.12,4306544,28105716.000
2008-12-23,5.07,5.17,4.70,4.72,4448959,28139438.000
2008-12-24,4.63,4.74,4.52,4.55,2782213,16711787.000
2008-12-25,4.63,4.65,4.47,4.56,1929642,11488896.000
2008-12-26,4.52,4.61,4.49,4.55,1415439,8412658.000
2008-12-29,4.47,4.53,4.29,4.47,1604911,9322528.000
2008-12-30,4.46,4.57,4.38,4.43,1343100,7871957.000
2008-12-31,4.42,4.59,4.41,4.42,1644463,9697286.000
2009-01-05,4.54,4.84,4.54,4.83,3771305,22978884.000
2009-01-06,4.83,5.15,4.71,5.08,4126176,26249704.000
2009-01-07,5.06,5.41,4.95,5.36,6610857,43494156.000
2009-01-08,5.22,5.90,5.13,5.62,14669329,102819120.000
2009-01-09,5.62,5.89,5.59,5.85,9559251,68516288.000
2009-01-12,5.81,6.57,5.78,6.39,14513972,112557488.000
2009-01-13,6.31,6.64,6.01,6.21,13081520,101029640.000
2009-01-14,6.35,6.97,6.23,6.95,20505253,166927648.000
2009-01-16,7.36,7.78,7.26,7.78,18183769,163179280.000
2009-01-19,7.97,7.97,7.41,7.75,10150234,91527744.000
2009-01-20,7.62,8.08,7.51,8.06,4766572,43840280.000
2009-01-21,7.89,8.13,7.64,7.73,8007484,73773792.000
2009-01-22,7.81,7.81,7.58,7.70,4573365,41536892.000
2009-01-23,7.70,7.96,7.65,7.75,3258616,29843288.000
2009-02-02,7.82,8.09,7.77,7.88,5293194,49387864.000
2009-02-03,7.84,8.21,7.81,8.03,5297022,49950056.000
2009-02-04,8.02,8.27,7.92,8.06,3737424,35329632.000
2009-02-05,8.09,8.56,7.93,8.18,5452453,52650400.000
2009-02-06,8.29,9.13,8.17,8.90,7580157,77007536.000
2009-02-09,9.09,9.09,8.74,9.05,6092614,62486024.000
2009-02-10,8.83,9.00,8.56,8.83,8230962,83242912.000
2009-02-11,8.71,8.82,8.28,8.43,10375744,103162896.000
2009-02-12,8.51,9.10,8.41,9.05,9338307,94219440.000
2009-02-13,9.19,9.58,8.91,9.39,12062711,128783624.000
2009-02-16,9.41,10.05,9.22,9.82,11309262,125406416.000
2009-02-17,9.66,9.88,8.84,8.90,9685430,103712040.000
2009-02-18,8.61,9.41,8.59,8.64,8291029,85348320.000
2009-02-19,8.81,9.42,8.81,9.32,8363141,88364952.000
2009-02-20,9.28,10.39,9.26,10.39,18515851,215377904.000
2009-02-23,10.41,11.47,10.28,11.00,15667822,192535344.000
2009-02-24,10.86,11.21,10.36,11.01,13590081,164818768.000
2009-02-25,11.21,11.82,11.03,11.51,10928760,139858768.000
2009-02-26,11.34,11.50,10.22,10.22,9636540,118081976.000
2009-02-27,10.04,10.16,9.16,9.80,9813856,108687616.000
2009-03-02,9.77,10.92,9.61,10.92,10235823,122329520.000
2009-03-03,10.61,11.87,10.44,11.43,11908438,151158000.000
2009-03-04,11.43,12.28,11.21,12.11,13903040,183922384.000
2009-03-05,12.06,12.86,11.85,12.05,12494801,171083824.000
2009-03-06,11.90,12.59,11.77,11.83,10251730,138546832.000
2009-03-09,12.09,12.38,11.61,12.21,13840188,186089088.000
2009-03-10,11.98,12.16,11.61,12.01,8802909,116307520.000
2009-03-11,12.26,12.47,11.01,11.12,14905104,194581120.000
2009-03-12,10.91,11.54,10.57,11.46,9413873,115720928.000
2009-03-13,11.43,11.44,10.87,10.90,7188827,89666536.000
2009-03-16,10.50,11.07,10.50,10.98,6306925,77118488.000
2009-03-17,10.96,11.49,10.91,11.41,8657334,109277856.000
2009-03-18,11.49,12.60,11.33,12.31,12950288,175172368.000
2009-03-19,12.23,12.49,11.61,11.92,21327466,283538912.000
2009-03-20,11.61,11.69,11.00,11.38,21932778,279003488.000
2009-03-23,11.33,12.01,11.06,11.77,18030940,233592992.000
2009-03-24,11.84,11.89,11.32,11.37,11194239,144201264.000
2009-03-25,11.19,11.21,10.89,10.90,9452073,117701456.000
2009-03-26,10.85,11.19,10.76,11.14,8580589,106255528.000
2009-03-27,11.21,11.21,10.91,10.98,7929931,98284232.000
2009-03-30,10.91,11.23,10.86,11.02,6935010,86406904.000
2009-03-31,10.85,10.93,10.51,10.83,7778920,94109816.000
2009-04-01,10.83,11.35,10.83,11.30,11735758,147681504.000
2009-04-02,11.41,11.51,11.12,11.43,11529498,146923616.000
2009-04-03,11.59,11.89,11.24,11.27,12352247,160310240.000
2009-04-07,11.26,11.26,10.81,10.99,7357081,90942592.000
2009-04-08,10.94,10.98,10.52,10.53,6319236,76453944.000
2009-04-09,10.53,10.73,10.52,10.67,3535630,42427816.000
2009-04-13,11.07,11.19,10.73,10.83,8349976,102762368.000
2009-04-14,10.85,12.03,10.85,11.90,21205624,276663456.000
2009-04-15,11.93,11.96,11.31,11.72,12589244,163418272.000
2009-04-16,11.65,11.89,11.33,11.57,9435996,122865896.000
2009-04-17,11.51,12.36,11.46,12.02,16784340,224711712.000
2009-04-20,12.23,12.81,12.04,12.66,13467571,185770432.000
2009-04-21,12.39,12.77,12.17,12.54,10419956,144973888.000
2009-04-22,12.43,13.31,12.21,12.47,14059912,199992528.000
2009-04-23,12.29,12.88,12.26,12.54,11081389,154150544.000
2009-04-27,12.51,12.51,11.41,11.48,10636356,141200336.000
2009-04-28,11.22,11.83,10.89,11.52,6122827,78083896.000
2009-04-29,11.41,12.00,11.36,11.89,4568930,59829096.000
2009-04-30,11.90,12.66,11.80,12.31,6285771,85573928.000
2009-05-04,12.33,12.66,12.16,12.53,5980061,82848472.000
2009-05-05,12.57,13.17,12.30,12.88,8176513,116000456.000
2009-05-06,12.73,14.24,12.73,14.18,12922987,195517536.000
2009-05-07,14.05,14.27,13.51,13.56,8146390,123287400.000
2009-05-08,13.44,13.53,12.91,13.15,4704675,68754720.000
2009-05-11,13.21,13.41,12.37,12.45,6594996,92474800.000
2009-05-12,12.76,13.49,12.42,13.47,7567657,107578144.000
2009-05-13,13.61,13.66,13.21,13.33,4974986,73640504.000
2009-05-14,13.16,13.31,12.77,13.09,2480135,35737680.000
2009-05-15,12.99,13.91,12.96,13.52,5355204,80260720.000
2009-05-18,13.58,14.97,13.34,14.80,10644703,168767056.000
2009-05-19,14.78,15.40,14.42,14.85,9167699,149214416.000
2009-05-20,14.97,15.32,14.33,14.45,5643307,90995944.000
2009-05-21,14.34,14.58,13.79,14.17,3767633,58266236.000
2009-05-22,14.06,14.26,13.49,13.71,4918065,74505720.000
2009-05-25,13.45,13.89,12.92,13.85,3624673,53566092.000
2009-05-26,13.81,14.40,13.60,13.61,3625889,55873192.000
2009-05-27,13.61,14.10,13.61,13.91,2845761,43389024.000
2009-06-01,13.90,14.20,13.61,14.17,4239580,64889640.000
2009-06-02,14.17,14.18,13.86,14.06,2982510,45442420.000
2009-06-03,14.05,14.05,13.66,13.85,5627877,85005608.000
2009-06-04,13.88,14.10,13.14,13.32,6278176,92040008.000
2009-06-05,13.32,13.32,12.68,12.73,15277442,214260880.000
2009-06-08,12.75,12.92,12.49,12.64,6464526,90384080.000
2009-06-09,12.66,12.84,12.34,12.77,5284593,72984296.000
2009-06-10,12.77,12.86,12.59,12.76,7103323,99218304.000
2009-06-11,12.77,12.98,12.66,12.78,4783059,67309344.000
2009-06-12,12.76,12.76,11.89,12.05,6072571,82527000.000
2009-06-15,12.06,12.24,11.91,12.17,3199841,42420220.000
2009-06-16,12.11,12.39,12.01,12.36,2764960,37214588.000
2009-06-17,12.36,12.73,12.34,12.71,4472637,61971780.000
2009-06-18,12.76,12.84,12.59,12.66,3381092,47004752.000
2009-06-19,12.74,12.76,12.38,12.64,3718441,51332912.000
2009-06-22,12.67,12.72,12.27,12.28,3592884,49124456.000
2009-06-23,12.17,12.76,12.11,12.36,4631932,63483456.000
2009-06-24,12.77,13.42,12.77,13.40,13375460,192679936.000
2009-06-25,13.43,13.44,13.04,13.06,7519788,108531640.000
2009-06-26,13.01,13.32,13.01,13.13,3125477,44916472.000
2009-06-29,13.13,13.24,12.94,13.16,2912651,41849400.000
2009-06-30,13.16,13.16,12.66,12.72,4322576,60615188.000
2009-07-01,12.47,12.80,12.35,12.37,4063208,55972604.000
2009-07-02,12.38,12.85,12.32,12.80,3824370,52830820.000
2009-07-03,12.72,13.04,12.56,12.85,2874422,40501216.000
2009-07-06,12.90,13.00,12.46,12.91,6326023,88344720.000
2009-07-07,12.78,13.63,12.77,13.37,10765683,156373696.000
2009-07-08,13.45,13.82,13.31,13.65,7234852,107849720.000
2009-07-09,13.65,14.79,13.36,14.56,13337549,205880320.000
2009-07-10,14.56,14.86,14.35,14.70,7972924,126043080.000
2009-07-13,14.66,15.32,14.36,14.46,8939731,144105440.000
2009-07-14,14.46,16.03,14.45,16.03,17852126,303510880.000
2009-07-15,16.16,16.86,15.76,16.63,13271141,232157808.000
2009-07-16,16.51,16.51,15.79,16.06,5091826,88440856.000
2009-07-17,16.05,16.11,15.41,15.78,5157700,86955456.000
2009-07-20,15.76,16.06,15.48,15.98,5573158,94887496.000
2009-07-21,15.91,15.91,14.78,15.03,4184184,69545088.000
2009-07-22,14.86,15.39,14.86,15.15,3574133,58637532.000
2009-07-23,15.25,15.38,14.78,15.02,4680735,76316072.000
2009-07-24,15.03,15.42,14.81,15.39,3842281,63045856.000
2009-07-27,15.37,15.55,14.84,15.07,9597423,156520560.000
2009-07-28,15.07,15.11,14.86,15.10,4425175,71665344.000
2009-07-29,15.20,15.96,14.06,14.70,9313614,154788848.000
2009-07-30,14.87,15.02,13.84,14.36,6067953,94855664.000
2009-07-31,14.35,14.72,13.96,14.69,5525886,86584680.000
2009-08-03,14.80,14.85,14.37,14.71,5157192,81544952.000
2009-08-04,14.64,14.76,14.06,14.31,8215296,127725672.000
2009-08-05,14.27,14.66,14.27,14.38,6695042,105168344.000
2009-08-06,14.34,15.14,14.31,14.90,10027928,160499360.000
2009-08-07,14.90,15.11,14.32,14.39,5970062,95696496.000
2009-08-10,14.71,15.11,14.52,15.03,7523318,120729016.000
2009-08-11,15.07,15.17,14.77,14.91,4993332,80882136.000
2009-08-12,14.83,15.35,14.41,14.55,7331392,119429864.000
2009-08-13,14.47,14.84,14.01,14.70,5198143,81650696.000
2009-08-14,14.69,14.93,14.09,14.13,3738683,58942896.000
2009-08-17,14.05,14.05,12.74,12.75,3851907,55977224.000
2009-08-18,12.48,13.23,12.48,13.20,2169201,30742964.000
2009-08-19,13.20,14.26,13.20,13.45,4197136,62588940.000
2009-08-20,13.34,14.06,13.21,13.92,2232869,33523670.000
2009-08-21,14.38,14.66,14.03,14.37,5266658,81832016.000
2009-08-24,14.42,14.76,14.06,14.75,5561470,87242304.000
2009-08-25,14.85,15.16,14.32,14.86,11596763,185715664.000
2009-08-26,14.76,15.66,14.57,15.17,11039689,180999712.000
2009-08-27,15.01,15.10,14.42,14.69,8068235,129110344.000
2009-08-28,14.69,14.69,13.74,14.08,4299901,66059940.000
2009-08-31,13.81,13.81,12.79,12.91,3402938,49330080.000
2009-09-01,12.83,13.47,12.83,13.17,3003607,43312080.000
2009-09-02,12.98,13.41,12.88,13.26,2204023,31848632.000
2009-09-03,13.26,13.99,13.22,13.89,3104863,46339128.000
2009-09-04,13.81,14.17,13.58,14.00,4137033,62341420.000
2009-09-07,14.05,14.64,13.96,14.33,4164145,65062572.000
2009-09-08,14.15,14.76,14.11,14.68,4820136,75988248.000
2009-09-09,14.73,15.15,14.61,14.94,6593607,106288232.000
2009-09-10,14.84,14.86,14.34,14.35,3640986,57522984.000
2009-09-11,14.34,14.89,14.34,14.61,2998690,47683984.000
2009-09-14,14.76,15.01,14.62,14.95,6286820,101013296.000
2009-09-15,14.95,14.95,14.66,14.76,4698817,75295656.000
2009-09-16,14.80,14.90,14.48,14.60,3737958,59299220.000
2009-09-17,14.60,15.00,14.60,14.95,5942830,95775968.000
2009-09-18,14.99,15.33,14.36,14.52,5919902,95625984.000
2009-09-21,14.37,14.98,14.06,14.97,4188147,65995920.000
2009-09-22,15.00,15.48,14.86,14.91,8197331,134642944.000
2009-09-23,14.83,15.10,13.91,13.96,5162333,80873040.000
2009-09-24,13.96,14.21,13.44,13.87,2678325,40348408.000
2009-09-25,13.85,13.96,13.65,13.76,1636566,24659216.000
2009-09-28,13.78,14.03,13.16,13.20,2209285,32587762.000
2009-09-29,13.52,13.52,12.87,13.37,2265605,32790700.000
2009-09-30,13.40,13.69,13.37,13.39,1691546,25004294.000
2009-10-09,13.65,14.08,13.39,14.06,3735189,56503692.000
2009-10-12,14.10,14.64,13.90,14.56,4768273,74420736.000
2009-10-13,14.43,16.14,14.37,16.14,13687446,228215952.000
2009-10-14,16.75,17.88,16.31,17.16,28251246,514694112.000
2009-10-15,16.94,17.56,16.85,16.96,14778377,270590112.000
2009-10-16,16.96,17.46,16.79,17.39,13431550,246597424.000
2009-10-19,17.41,17.98,17.07,17.38,16316172,306651744.000
2009-10-20,17.56,17.58,16.86,17.46,14948717,275912640.000
2009-10-21,17.36,17.41,16.91,17.21,10066696,184524464.000
2009-10-22,17.06,17.66,16.95,17.25,10564911,196023872.000
2009-10-23,17.26,17.77,17.06,17.56,13355275,249762064.000
2009-10-26,17.46,18.05,17.02,17.35,8757945,163190336.000
2009-10-27,17.15,17.56,16.58,16.72,8670648,158226432.000
2009-10-28,16.74,17.66,16.46,17.61,9340553,170526912.000
2009-10-29,17.26,18.42,17.09,17.63,17730328,338720064.000
2009-10-30,17.86,18.33,17.57,17.86,10202714,196116384.000
2009-11-02,17.45,19.77,17.06,19.60,14024203,278339552.000
2009-11-03,19.46,20.15,19.42,19.61,11281472,236853632.000
2009-11-04,19.59,20.66,19.41,19.75,8670128,184012576.000
2009-11-05,19.86,19.86,19.26,19.63,5643525,117135152.000
2009-11-06,19.56,19.96,19.45,19.53,5288203,110409208.000
2009-11-09,19.67,19.95,19.41,19.81,4044898,84701168.000
2009-11-10,19.95,20.81,19.71,20.55,7076813,153397056.000
2009-11-11,20.53,20.78,20.29,20.60,3929903,85912032.000
2009-11-12,20.65,20.68,19.78,19.88,5502720,117959088.000
2009-11-16,20.59,21.99,20.59,21.99,5304694,120716464.000
2009-11-17,22.55,23.45,22.06,23.00,11051921,264063696.000
2009-11-18,22.76,23.97,22.56,23.04,6192596,151059104.000
2009-11-19,23.15,23.16,22.46,23.02,3767132,90157704.000
2009-11-20,22.96,23.19,22.46,22.79,3958116,95231312.000
2009-11-23,22.77,24.01,22.71,23.71,3695262,91704384.000
2009-11-24,23.91,23.94,22.12,22.35,7058713,170018304.000
2009-11-25,22.31,23.35,22.26,23.00,3976846,95750904.000
2009-11-26,23.16,23.21,20.61,20.71,8089895,186323808.000
2009-11-27,20.16,21.61,19.87,20.68,9091673,199747216.000
2009-11-30,21.27,21.86,20.89,21.82,4989884,113782512.000
2009-12-01,21.94,23.06,21.46,22.30,4524563,107037440.000
2009-12-02,22.44,22.75,21.94,22.17,4520155,106183184.000
2009-12-03,22.08,22.21,21.46,22.10,6739879,155464864.000
2009-12-04,21.96,22.71,21.54,22.20,6558133,153594608.000
2009-12-07,22.31,22.49,21.96,22.47,3105809,72854984.000
2009-12-08,22.66,22.66,21.94,22.14,2878310,67305808.000
2009-12-09,21.86,24.00,21.76,22.68,9025723,219419392.000
2009-12-10,22.69,23.42,22.36,22.68,5404830,130149992.000
2009-12-11,22.81,23.06,22.36,22.66,2869105,68617240.000
2009-12-14,22.71,22.71,21.84,22.56,2415883,56811784.000
2009-12-15,22.46,24.12,22.45,24.03,9572190,238579824.000
2009-12-16,24.11,24.43,23.63,24.04,7077478,179230976.000
2009-12-17,24.04,24.04,22.76,23.31,6740807,165816368.000
2009-12-18,23.01,23.23,22.42,22.87,3953603,94945272.000
2009-12-21,22.75,22.88,21.74,22.35,4327651,101675352.000
2009-12-22,22.35,22.95,22.16,22.24,5078210,120836264.000
2009-12-23,21.99,22.84,21.86,22.76,2622389,62118392.000
2009-12-24,22.56,25.16,22.51,25.16,8228512,212557376.000
2009-12-25,25.36,25.87,25.01,25.04,6828744,182014464.000
2009-12-28,25.05,26.34,24.93,25.93,5361867,144824880.000
2009-12-29,25.92,26.81,25.06,26.69,3577769,96775312.000
2009-12-30,26.32,26.84,25.64,26.03,6060361,164520640.000
2009-12-31,25.77,26.95,25.21,26.77,7223328,197675696.000
2010-01-04,26.82,26.82,25.66,25.74,5193352,141855408.000
2010-01-05,25.85,25.98,24.77,25.07,6437350,169321200.000
2010-01-06,25.01,25.49,24.61,24.65,4989382,130997248.000
2010-01-07,24.48,24.90,23.34,23.95,6838728,171633584.000
2010-01-08,23.57,24.09,23.36,24.04,3411160,85152864.000
2010-01-11,24.10,24.23,22.66,23.27,5148958,125789312.000
2010-01-12,23.21,24.01,22.64,23.91,5043609,124562336.000
2010-01-13,23.35,23.80,22.66,22.74,5247269,127809456.000
2010-01-14,22.91,23.74,22.67,23.53,4564252,111364192.000
2010-01-15,23.46,25.31,23.28,25.22,8604650,221558384.000
2010-01-18,24.94,26.80,24.86,26.38,10048593,271421856.000
2010-01-19,26.74,27.34,26.06,26.56,7472698,208809984.000
2010-01-20,26.56,27.14,25.56,25.86,6886079,190599904.000
2010-01-21,26.06,26.45,25.21,26.22,3632808,98418848.000
2010-01-22,25.76,25.76,24.52,25.13,3202555,84486704.000
2010-01-25,24.85,25.11,24.52,24.65,2681149,69772456.000
2010-01-26,24.60,25.00,23.34,24.05,2068304,52502680.000
2010-01-27,23.99,24.55,23.50,24.03,1563327,39688984.000
2010-01-28,24.03,24.76,23.79,24.75,1840906,47359496.000
2010-01-29,24.73,25.34,24.26,24.45,2238379,58401008.000
2010-02-01,24.15,24.55,23.56,24.46,2297811,57913308.000
2010-02-02,24.36,25.18,24.28,24.65,2032974,52765368.000
2010-02-03,24.66,25.04,23.61,25.01,2956199,75849744.000
2010-02-04,24.76,25.18,24.42,24.99,2586384,67526400.000
2010-02-05,24.06,24.56,23.74,23.93,2106062,53391768.000
2010-02-08,23.76,24.05,23.46,23.65,1389177,34647928.000
2010-02-09,23.51,23.83,23.46,23.64,866912,21556344.000
2010-02-10,23.87,24.26,23.79,24.22,1087158,27541074.000
2010-02-11,24.21,24.51,24.02,24.03,729800,18614576.000
2010-02-12,24.33,24.74,24.08,24.61,1243547,32016696.000
2010-02-22,24.44,24.72,24.06,24.09,1090202,27787078.000
2010-02-23,24.09,26.56,23.86,26.07,7289337,193729136.000
2010-02-24,25.76,26.52,25.56,26.42,3983091,109564456.000
2010-02-25,26.21,26.71,25.94,26.53,4131722,113931728.000
2010-02-26,26.36,26.96,26.26,26.27,3440040,96008560.000
2010-03-01,26.28,27.24,25.87,26.78,4106005,114744904.000
2010-03-02,26.75,26.96,26.26,26.38,1891546,52424988.000
2010-03-03,26.41,26.74,26.03,26.70,1580814,43756440.000
2010-03-04,26.65,27.56,25.56,25.68,2947704,82351128.000
2010-03-05,25.69,26.74,25.69,26.08,1879350,51716936.000
2010-03-08,26.26,27.03,25.91,26.73,2418409,67167520.000
2010-03-09,26.49,27.01,26.06,26.68,1721512,48131648.000
2010-03-10,26.48,26.90,25.64,25.90,1938490,52947020.000
2010-03-11,26.34,26.84,25.46,25.68,3992917,108598720.000
2010-03-12,25.57,25.70,24.67,24.69,4030400,105760568.000
2010-03-15,24.72,25.06,24.16,24.26,2317411,59314400.000
2010-03-16,24.29,24.72,24.26,24.71,1514124,38948536.000
2010-03-17,24.59,25.41,24.59,25.40,1728691,45441728.000
2010-03-18,25.36,25.85,25.29,25.43,2055289,55196632.000
2010-03-19,25.53,25.76,25.24,25.56,1335785,35651048.000
2010-03-22,25.58,26.04,25.46,25.92,1479680,40012828.000
2010-03-23,25.94,26.00,25.17,25.33,1301974,34840728.000
2010-03-24,25.34,25.41,24.76,24.93,2557191,66958456.000
2010-03-25,24.96,25.15,24.57,24.66,1326593,34562008.000
2010-03-26,24.84,25.41,24.73,25.18,1575274,41574780.000
2010-03-29,25.46,26.12,25.19,25.69,3674105,98845112.000
2010-03-30,25.66,26.10,25.47,25.91,2442200,66246712.000
2010-03-31,25.94,26.04,25.03,25.57,1610624,42990760.000
2010-04-01,25.53,26.11,25.46,26.00,2877183,78177976.000
2010-04-02,26.16,26.24,25.58,25.99,2259627,61266608.000
2010-04-06,25.99,25.99,25.27,25.49,2456912,65688184.000
2010-04-07,25.53,25.74,25.16,25.38,1671511,44482456.000
2010-04-08,25.27,25.49,25.07,25.18,1931512,51170536.000
2010-04-09,25.15,26.04,25.12,25.96,2253135,60614872.000
2010-04-12,26.21,26.26,24.86,24.96,6112100,162991728.000
2010-04-13,24.95,25.11,23.53,24.41,5281382,134702560.000
2010-04-14,24.26,24.60,23.66,24.52,3522459,89744552.000
2010-04-15,24.51,24.51,23.98,24.10,1676269,42615796.000
2010-04-16,24.16,24.34,24.01,24.26,949906,24168076.000
2010-04-19,23.96,24.13,23.27,23.30,3135418,77828104.000
2010-04-20,23.41,23.66,22.62,23.08,2960204,71526488.000
2010-04-21,23.32,24.44,23.11,24.41,4121503,102485208.000
2010-04-22,24.37,24.42,23.79,23.97,2759392,69932296.000
2010-04-23,23.94,24.11,22.91,23.22,4849420,119240480.000
2010-04-26,23.15,23.73,23.03,23.24,1657953,40862656.000
2010-04-27,23.24,23.24,21.06,22.00,5788834,134524096.000
2010-04-28,21.69,22.25,20.86,21.46,3245478,73369352.000
2010-04-29,21.51,21.70,20.76,20.87,2133680,47841160.000
2010-04-30,20.88,21.06,20.17,20.53,1669733,36145416.000
2010-05-04,20.25,20.54,19.28,19.71,3093512,65175780.000
2010-05-05,19.56,19.56,18.51,19.37,9943869,200230080.000
2010-05-06,19.05,19.05,17.96,18.38,7263926,143081184.000
2010-05-07,17.76,18.20,17.52,17.57,3721351,71085344.000
2010-05-10,17.68,18.13,17.27,18.03,7220718,137462704.000
2010-05-11,18.38,18.43,16.95,16.96,6351068,121398344.000
2010-05-12,16.61,17.50,16.16,17.42,6399600,115930752.000
2010-05-14,17.88,18.42,17.77,17.93,10643441,205945808.000
2010-05-17,17.46,17.46,16.16,16.21,6016207,109203384.000
2010-05-18,15.96,16.94,15.77,16.76,5222789,92148616.000
2010-05-19,16.53,17.26,16.17,16.77,5130004,92345528.000
2010-05-20,16.56,17.24,16.34,16.35,4812953,86617680.000
2010-05-21,15.76,17.03,15.58,16.96,5048894,89497488.000
2010-05-24,17.16,18.01,17.16,17.56,8545563,161506608.000
2010-05-25,17.43,17.48,17.01,17.26,5012716,92593376.000
2010-05-26,17.14,17.52,17.06,17.26,2693672,49906148.000
2010-05-27,17.18,17.51,16.87,17.44,3831081,70924456.000
2010-05-28,17.76,17.86,17.15,17.31,5035931,94124648.000
2010-05-31,17.34,17.35,16.39,16.52,3380923,61720068.000
2010-06-01,16.41,16.65,15.81,16.13,3082785,53974760.000
2010-06-02,16.23,16.56,16.05,16.40,3752348,65802604.000
2010-06-03,16.52,16.56,16.06,16.08,3403205,59836900.000
2010-06-04,15.96,16.06,15.58,16.00,2605573,44561464.000
2010-06-07,15.66,15.66,15.27,15.37,4480001,74565952.000
2010-06-08,15.27,16.29,15.27,15.90,5290844,90089160.000
2010-06-09,15.90,16.31,15.57,16.22,6437796,110558024.000
2010-06-10,16.08,16.23,15.92,16.00,5042814,87131816.000
2010-06-11,16.13,16.35,16.01,16.10,4303866,75001232.000
2010-06-17,16.33,17.00,16.32,16.62,9009880,161388848.000
2010-06-18,16.60,17.12,16.26,16.89,10978868,198477552.000
2010-06-21,16.89,17.50,16.81,17.40,7571609,139810128.000
2010-06-22,17.46,18.37,17.36,17.76,13673942,262866720.000
2010-06-23,17.46,18.04,17.39,17.85,5189996,98480280.000
2010-06-24,18.05,18.05,17.58,17.75,2850567,53979008.000
2010-06-25,17.60,17.70,16.97,17.19,3909135,72299832.000
2010-06-28,17.24,17.50,16.84,17.08,2681315,49228480.000
2010-06-29,17.21,17.29,15.95,16.13,3824538,67111024.000
2010-06-30,15.84,16.22,15.60,16.16,2544522,43201960.000
2010-07-01,15.99,16.40,15.70,15.85,2691242,45966996.000
2010-07-02,15.62,16.39,15.51,16.36,3309722,56169220.000
2010-07-05,16.09,17.61,15.95,17.29,4818231,86103304.000
2010-07-06,17.13,17.79,17.03,17.54,5396822,100124264.000
2010-07-07,17.59,17.89,17.37,17.81,4902564,91711360.000
2010-07-08,17.84,17.94,17.16,17.55,4346379,80966840.000
2010-07-09,17.44,18.71,17.22,18.46,9127588,176075136.000
2010-07-12,18.48,19.74,18.36,19.46,10556100,215190704.000
2010-07-13,19.14,20.51,18.99,20.15,9065137,187404464.000
2010-07-14,20.22,20.44,19.64,19.98,6963755,146691776.000
2010-07-15,19.79,20.84,19.62,19.82,7293897,155839232.000
2010-07-16,20.02,20.32,19.24,19.72,6837071,142584016.000
2010-07-19,19.63,20.42,19.29,20.21,8579462,180305440.000
2010-07-20,20.24,21.24,20.24,20.90,7356881,161568800.000
2010-07-21,20.59,21.18,20.53,20.95,6913214,152106768.000
2010-07-22,20.84,21.45,20.68,21.13,4857173,107787032.000
2010-07-23,21.08,21.50,20.86,21.17,4727938,105276456.000
2010-07-26,21.04,21.39,20.72,21.04,4325738,95329016.000
2010-07-27,20.79,21.43,20.60,21.07,4425240,97512776.000
2010-07-28,21.04,21.96,20.94,21.73,4805583,108634608.000
2010-07-29,21.73,22.87,21.69,22.41,4911432,114545776.000
2010-07-30,22.34,22.57,21.93,22.27,3276806,76391304.000
2010-08-02,22.27,24.37,22.17,24.11,6168474,150845120.000
2010-08-03,23.94,24.31,23.65,23.74,5278153,131932952.000
2010-08-04,23.65,24.39,23.54,24.38,3984691,99335760.000
2010-08-05,24.40,24.93,24.23,24.24,4329039,110629080.000
2010-08-06,24.23,24.42,23.52,24.25,4233103,105845424.000
2010-08-09,23.95,24.35,23.87,24.23,4164624,104637008.000
2010-08-10,24.15,24.77,23.90,24.18,4455554,113033792.000
2010-08-11,23.99,24.26,23.34,23.88,4824259,119581328.000
2010-08-12,23.54,24.02,23.15,23.22,3120247,76997216.000
2010-08-13,23.18,24.84,23.07,24.78,4509645,113597136.000
2010-08-16,24.80,26.08,24.50,25.36,4763763,127302248.000
2010-08-17,25.59,25.82,25.20,25.66,2348057,62246376.000
2010-08-18,25.93,26.37,25.39,25.73,3265332,87933592.000
2010-08-19,25.54,26.50,24.87,25.08,9026465,243592016.000
2010-08-20,24.94,25.56,24.74,24.80,4258678,111472896.000
2010-08-23,24.75,25.71,24.72,24.84,3827089,100015344.000
2010-08-24,24.72,25.22,24.44,24.94,2485517,64605536.000
2010-08-25,24.75,25.15,24.40,24.82,2368961,60991052.000
2010-08-26,24.89,25.12,24.40,24.64,1912936,49082188.000
2010-08-27,24.64,25.54,24.45,25.50,2730888,71410064.000
2010-08-30,25.65,28.14,25.44,27.50,7400788,205948656.000
2010-08-31,27.05,27.83,27.03,27.50,3982271,113458768.000
2010-09-01,27.56,28.74,27.44,27.82,4196105,121290248.000
2010-09-02,28.07,30.64,27.74,30.53,9620244,291827328.000
2010-09-03,29.94,32.04,29.94,30.58,7629614,245964688.000
2010-09-06,29.94,30.99,29.94,30.77,3330673,105042512.000
2010-09-07,30.74,31.20,30.27,31.05,2287665,72996512.000
2010-09-08,31.19,31.82,30.44,31.25,2693036,86406056.000
2010-09-09,31.24,31.24,29.44,29.84,3524558,110107024.000
2010-09-10,29.92,30.02,28.37,29.43,3109163,93955776.000
2010-09-13,29.36,30.44,28.99,29.93,4585236,141913024.000
2010-09-14,30.13,32.27,30.13,31.18,5824446,188133504.000
2010-09-15,31.44,31.64,30.37,30.43,2212806,70144024.000
2010-09-16,30.43,30.43,27.82,28.86,5521957,162754624.000
2010-09-17,28.79,29.21,28.56,28.94,2935171,87916928.000
2010-09-20,28.94,28.95,27.64,28.41,2457255,72109976.000
2010-09-21,28.46,28.84,28.44,28.59,1370872,40613356.000
2010-09-27,28.82,30.13,28.54,29.81,2164329,66248656.000
2010-09-28,29.74,29.93,29.34,29.36,1820121,55796488.000
2010-09-29,29.39,29.64,28.07,28.24,2613722,77414168.000
2010-09-30,27.94,30.94,27.89,30.22,4536966,139454688.000
2010-10-08,30.86,33.14,30.27,32.53,6192998,203756976.000
2010-10-11,32.82,33.93,32.44,33.75,6143404,210004704.000
2010-10-12,33.71,37.08,33.49,36.15,5126895,189752576.000
2010-10-13,35.95,37.63,35.45,36.16,2565468,96228816.000
2010-10-14,36.16,37.54,35.21,35.27,5656966,211240416.000
2010-10-15,35.10,35.62,32.74,34.04,6389977,223972736.000
2010-10-18,33.79,35.43,32.32,34.54,4160735,143918000.000
2010-10-19,34.14,36.94,32.79,36.34,3853341,138079488.000
2010-10-20,35.39,39.06,34.98,38.22,5257127,201926224.000
2010-10-21,38.44,40.04,37.58,37.87,4021156,159418912.000
2010-10-22,37.74,39.94,37.73,39.36,3020260,121593968.000
2010-10-25,39.05,39.84,38.44,39.04,2840735,113885560.000
2010-10-26,38.84,39.09,37.34,37.83,2985030,116655832.000
2010-10-27,37.64,39.12,37.45,38.00,2411423,95143320.000
2010-10-28,37.94,38.60,36.98,37.44,1859435,71697632.000
2010-10-29,37.24,37.44,36.04,36.33,3371652,126582360.000
2010-11-01,36.21,37.96,36.06,37.91,2597263,99297752.000
2010-11-02,38.04,38.84,36.44,36.53,6220158,239648464.000
2010-11-03,36.24,36.81,33.60,33.93,7942136,283672064.000
2010-11-04,34.54,34.89,33.74,34.75,6567869,231580400.000
2010-11-05,34.89,35.63,34.22,35.18,5106023,184033712.000
2010-11-08,35.18,37.95,34.94,37.75,7622456,286552992.000
2010-11-09,37.76,37.76,36.31,37.08,5661390,214452352.000
2010-11-10,36.62,38.13,36.44,37.67,5263687,202963504.000
2010-11-11,37.19,38.75,36.94,36.95,4844153,189042128.000
2010-11-12,37.00,37.33,33.15,33.15,7341219,264225200.000
2010-11-15,33.05,34.10,31.89,33.87,5050584,172554720.000
2010-11-16,33.87,33.87,32.06,32.13,3522066,119401784.000
2010-11-17,31.83,32.44,31.33,31.43,3623430,119779216.000
2010-11-18,31.84,32.41,31.54,32.25,2867389,95011528.000
2010-11-19,32.53,32.94,31.59,32.92,3033307,100945144.000
2010-11-22,32.64,32.92,31.97,32.45,4143058,138744896.000
2010-11-23,32.43,32.43,29.94,30.64,4522552,145830432.000
2010-11-24,30.22,33.81,30.22,33.30,5452818,181460320.000
2010-11-25,33.44,34.92,33.43,33.73,4690238,165081296.000
2010-11-26,33.74,34.10,32.75,33.62,2781339,95896048.000
2010-11-29,33.49,33.89,32.87,33.69,2147783,74100640.000
2010-11-30,33.69,34.80,31.77,33.49,4515275,155101232.000
2010-12-01,33.49,33.84,33.06,33.47,2393105,82639904.000
2010-12-02,34.04,34.40,33.39,33.43,2504785,87460296.000
2010-12-03,33.54,33.54,32.13,32.41,2548624,85783552.000
2010-12-06,32.62,32.74,31.63,31.83,1675400,55249480.000
2010-12-07,31.83,32.19,31.32,32.08,1953015,64283832.000
2010-12-08,31.92,32.24,31.75,31.87,2084136,68894736.000
2010-12-09,31.74,31.92,30.34,30.41,3161400,100781160.000
2010-12-10,30.14,31.17,30.06,30.74,2110082,66988288.000
2010-12-13,31.04,33.52,31.04,33.14,4906861,163755696.000
2010-12-14,33.16,33.44,32.55,33.10,2604418,88635928.000
2010-12-15,33.24,33.32,32.23,32.24,2940230,99221344.000
2010-12-16,32.33,32.77,32.14,32.32,2423681,81180032.000
2010-12-17,32.28,32.31,31.64,32.23,1773290,58485016.000
2010-12-20,32.09,32.89,30.84,31.93,2519202,83133680.000
2010-12-21,31.93,32.94,31.59,32.54,2702110,89931608.000
2010-12-22,32.54,33.74,32.37,33.37,5360938,184342080.000
2010-12-23,33.34,33.34,32.02,32.07,2835198,95504472.000
2010-12-24,31.95,31.95,30.94,31.14,2428725,78523072.000
2010-12-27,31.46,32.04,27.94,29.03,5497183,172930144.000
2010-12-28,28.54,28.63,27.84,28.15,3324319,97073704.000
2010-12-29,28.22,28.43,27.74,28.42,2512059,73213776.000
2010-12-30,28.14,28.64,27.83,28.54,2907623,85375568.000
2010-12-31,28.49,29.18,28.25,29.15,2279989,68209152.000
2011-01-04,29.29,29.33,28.36,28.77,4559053,135803184.000
2011-01-05,28.75,28.75,27.99,28.21,4491182,131301440.000
2011-01-06,28.24,28.53,28.07,28.35,3917599,114936296.000
2011-01-07,28.39,30.35,28.27,29.76,7273266,222224256.000
2011-01-10,29.63,30.28,28.64,28.69,3722017,113524384.000
2011-01-11,28.37,28.54,28.00,28.50,1833234,53814264.000
2011-01-12,28.59,30.94,28.59,30.52,7071256,219980256.000
2011-01-13,30.53,31.31,30.04,30.09,4343567,137899376.000
2011-01-14,29.72,29.99,28.82,29.16,3735503,113727376.000
2011-01-17,28.89,29.06,27.44,27.60,3092791,89991496.000
2011-01-18,27.17,28.38,27.14,27.83,2879557,83180664.000
2011-01-19,27.74,28.59,27.55,28.58,2209043,64849740.000
2011-01-20,28.29,28.70,27.14,27.21,2511035,72271048.000
2011-01-21,27.24,28.52,27.10,28.32,2562859,74213984.000
2011-01-24,28.64,29.83,28.54,29.04,4180336,126093936.000
2011-01-25,28.74,29.05,28.14,28.43,1830020,54075672.000
2011-01-26,28.34,29.41,28.34,29.02,1625433,48967112.000
2011-01-27,28.92,30.39,28.52,30.30,4941118,153020608.000
2011-01-28,30.14,31.44,29.94,31.23,6028503,193439856.000
2011-01-31,31.07,31.83,30.55,31.41,4529471,146597376.000
2011-02-01,31.43,31.44,30.63,30.82,2447358,78159864.000
2011-02-09,30.39,30.64,29.44,29.67,2833923,87988304.000
2011-02-10,29.44,31.81,29.34,31.68,6503469,208990784.000
2011-02-11,31.79,33.17,31.45,32.57,7225366,243110800.000
2011-02-14,32.76,35.92,32.76,35.08,14498646,517028384.000
2011-02-15,35.08,35.42,34.53,34.82,6356869,229107552.000
2011-02-16,35.03,36.30,34.44,35.92,5437360,198550176.000
2011-02-17,36.04,36.23,35.44,35.92,3558564,131167632.000
2011-02-18,35.72,35.83,34.46,34.75,4066681,146172608.000
2011-02-21,34.24,35.22,34.24,35.14,2747383,99000904.000
2011-02-22,35.09,35.09,32.96,33.07,4925933,171504800.000
2011-02-23,32.90,33.46,32.73,33.05,2852389,97236912.000
2011-02-24,32.95,33.94,32.80,33.48,2662965,92249864.000
2011-02-25,33.42,34.14,33.05,34.07,1968585,68421000.000
2011-02-28,34.09,35.43,33.44,35.03,2945227,105036112.000
2011-03-01,35.17,36.32,34.76,35.35,3956639,145554912.000
2011-03-02,35.10,35.44,33.65,34.21,4907352,172371328.000
2011-03-03,33.99,36.60,33.89,34.77,6204486,225863984.000
2011-03-04,35.14,35.82,34.70,35.42,3221623,117161120.000
2011-03-07,35.49,35.84,34.86,35.09,4922055,178547312.000
2011-03-08,35.23,36.12,34.97,35.91,4556920,167040720.000
2011-03-09,35.91,36.36,35.53,35.63,3023295,111797552.000
2011-03-10,35.57,35.57,34.34,34.49,3820138,136431664.000
2011-03-11,34.23,34.63,33.74,33.86,2927066,102953136.000
2011-03-14,33.99,34.31,33.61,34.23,2834008,99278784.000
2011-03-15,33.74,34.43,31.74,32.70,5506456,185375632.000
2011-03-16,32.63,33.12,32.45,33.00,2946034,99951024.000
2011-03-17,32.69,32.69,31.64,31.85,3753658,123955440.000
2011-03-18,32.09,32.43,31.97,32.33,2340677,77900192.000
2011-03-21,32.22,32.23,31.57,31.75,2941641,96637096.000
2011-03-22,31.93,33.31,31.49,33.01,4008586,134878112.000
2011-03-23,32.83,34.45,32.64,34.04,5279450,184306928.000
2011-03-24,34.03,34.53,33.66,33.76,3198794,112452224.000
2011-03-25,33.75,34.69,33.73,34.42,4233809,150250656.000
2011-03-28,34.44,35.11,33.79,33.85,2619479,92366864.000
2011-03-29,33.62,33.81,32.34,32.73,3542952,120299152.000
2011-03-30,32.74,32.88,31.94,32.40,2873563,96092320.000
2011-03-31,32.47,32.69,30.83,31.78,4950948,161445120.000
2011-04-01,31.64,32.11,31.07,31.91,2541209,83095040.000
2011-04-06,31.74,32.35,31.44,31.57,2050119,67051484.000
2011-04-07,31.58,31.63,29.95,30.54,5839719,183797664.000
2011-04-08,30.38,31.35,30.17,31.26,5335407,170746608.000
2011-04-11,31.33,31.34,30.16,30.21,4462348,141088720.000
2011-04-12,29.96,30.30,29.23,29.52,5915884,182477952.000
2011-04-13,29.52,30.02,28.93,30.00,3808036,116474016.000
2011-04-14,30.04,30.42,29.90,30.31,3473428,108428088.000
2011-04-15,30.34,30.59,29.27,29.57,4331143,133465920.000
2011-04-18,29.28,29.63,29.15,29.38,3323326,101174272.000
2011-04-19,29.19,29.90,28.97,29.82,4738963,145645792.000
2011-04-20,29.59,30.22,29.09,30.15,5677048,173601232.000
2011-04-21,30.16,30.35,29.82,30.31,4459224,138682096.000
2011-04-22,30.19,30.39,29.74,29.99,2974418,92492040.000
2011-04-25,29.94,30.00,29.14,29.37,2177558,66540696.000
2011-04-26,29.35,29.37,28.16,28.32,3076120,91219648.000
2011-04-27,28.49,28.84,27.74,27.92,2555565,74395200.000
2011-04-28,28.13,28.13,26.82,26.86,4252372,120659296.000
2011-04-29,26.93,27.26,26.60,27.21,3055136,85410592.000
2011-05-03,27.32,27.32,25.77,26.17,6640686,182568240.000
2011-05-04,26.06,26.11,24.82,25.11,6937475,181925088.000
2011-05-05,24.94,25.39,24.79,25.15,3047749,79711672.000
2011-05-06,24.94,25.43,24.62,25.33,3120886,81659872.000
2011-05-09,25.38,25.79,25.08,25.36,3210308,85049976.000
2011-05-10,25.40,25.53,25.11,25.48,2385762,62942104.000
2011-05-11,25.48,25.48,25.05,25.22,2735582,71959536.000
2011-05-12,24.97,25.38,24.84,24.86,2943217,77075880.000
2011-05-13,24.75,25.16,24.60,25.00,1904313,49367936.000
2011-05-16,24.96,25.45,24.89,25.37,3059180,80503920.000
2011-05-17,25.34,26.24,25.19,25.88,3856954,103595880.000
2011-05-18,25.79,26.20,25.44,25.85,2894869,77806968.000
2011-05-19,26.04,26.04,25.44,25.44,1728157,46170232.000
2011-05-20,25.43,25.64,25.17,25.33,1065841,28125604.000
2011-05-23,25.31,25.31,23.85,23.87,2698002,68566744.000
2011-05-24,23.82,23.82,23.27,23.69,1908701,46981016.000
2011-05-25,23.78,24.28,23.62,23.63,1330059,33185072.000
2011-05-26,23.76,24.24,23.29,23.34,1170810,28867748.000
2011-05-27,23.34,23.42,22.85,22.92,1503975,36329564.000
2011-05-30,22.73,23.19,22.62,22.83,1666984,40025620.000
2011-05-31,22.79,23.58,22.75,23.54,2087339,50581812.000
2011-06-01,23.52,25.03,23.27,24.52,5301384,134588272.000
2011-06-02,24.08,24.51,23.73,24.22,3152884,79349608.000
2011-06-03,24.25,25.56,24.23,25.16,4558459,119597544.000
2011-06-07,25.17,26.04,24.97,25.24,3958320,105541656.000
2011-06-09,25.56,25.71,24.94,24.95,2391707,63070212.000
2011-06-10,24.64,25.01,24.46,24.93,1809758,46516508.000
2011-06-13,24.84,24.84,24.08,24.71,1219897,31013290.000
2011-06-14,24.54,26.21,24.32,26.18,4941213,132078968.000
2011-06-15,25.89,26.69,25.82,25.83,3775398,103256440.000
2011-06-16,25.74,26.08,25.35,25.70,2321023,62300432.000
2011-06-17,25.68,25.89,25.45,25.58,1156210,30840596.000
2011-06-20,25.67,25.91,24.95,25.90,1854596,49036032.000
2011-06-21,25.84,27.17,25.80,26.93,5081279,141378176.000
2011-06-22,26.89,27.75,26.64,27.52,4173141,118200528.000
2011-06-23,27.34,28.46,27.19,27.98,6324294,184041952.000
2011-06-24,28.04,28.41,27.94,28.24,5483088,160453360.000
2011-06-27,28.04,28.54,27.44,28.46,3124358,91080928.000
2011-06-28,28.46,28.70,27.97,28.51,2829236,83480520.000
2011-06-29,28.52,29.30,27.97,28.20,3333356,98737808.000
2011-06-30,28.20,28.78,28.14,28.22,1933741,56952596.000
2011-07-01,28.26,28.39,27.75,27.97,2355285,68447872.000
2011-07-04,28.29,30.64,28.29,29.84,6311178,195312544.000
2011-07-05,29.85,30.64,29.53,30.58,3851322,120530592.000
2011-07-06,30.44,30.44,29.93,30.13,3647635,113806800.000
2011-07-07,30.42,30.84,29.82,30.03,2727772,84385592.000
2011-07-08,29.93,29.93,28.29,28.51,6627344,195292016.000
2011-07-11,28.30,29.48,28.17,29.36,3158168,93775616.000
2011-07-12,28.96,29.06,28.26,28.57,2115777,62269132.000
2011-07-13,28.56,29.04,28.48,29.00,2104709,62130032.000
2011-07-14,28.83,29.72,28.79,29.69,2148235,64346960.000
2011-07-15,29.68,29.82,29.22,29.42,1630697,49208020.000
2011-07-18,29.50,29.52,28.53,28.56,2960296,87640336.000
2011-07-19,28.27,28.73,27.73,27.74,2287369,65933544.000
2011-07-20,27.89,28.45,27.74,28.01,1778879,51243424.000
2011-07-21,28.03,28.34,27.54,27.61,1017399,28947634.000
2011-07-22,27.69,28.04,27.69,27.82,1363798,39048304.000
2011-07-25,27.76,28.32,27.34,27.41,1666484,47543520.000
2011-07-26,27.34,27.37,26.84,27.27,1148056,31913870.000
2011-07-27,27.04,27.39,26.85,27.33,1617337,45181816.000
2011-07-28,27.02,27.02,25.96,26.85,3004835,81536000.000
2011-07-29,26.64,26.93,26.05,26.82,2424518,65964972.000
2011-08-01,26.74,26.75,25.95,26.22,2176401,58775036.000
2011-08-02,26.01,26.43,25.14,26.08,2673181,70500816.000
2011-08-03,25.50,27.17,25.48,27.15,3557671,98096248.000
2011-08-04,27.14,27.84,27.04,27.39,2382496,67543080.000
2011-08-05,26.54,27.72,25.79,27.38,3156426,88245712.000
2011-08-08,26.90,26.90,25.39,25.52,3471196,92864312.000
2011-08-09,24.76,25.43,24.44,25.09,4325626,111353528.000
2011-08-10,25.54,26.24,25.24,25.34,2787503,73917352.000
2011-08-11,24.84,25.72,24.59,25.62,1626756,42492476.000
2011-08-12,25.90,26.24,25.74,25.88,2972215,79407656.000
2011-08-15,25.94,26.63,25.84,26.45,2156339,58168996.000
2011-08-16,26.45,27.45,26.31,26.91,3242080,90086920.000
2011-08-17,26.93,26.93,26.36,26.41,1582533,43262240.000
2011-08-18,26.41,26.63,25.27,25.61,3085499,81786768.000
2011-08-19,25.19,25.52,24.94,25.43,1331177,34672816.000
2011-08-22,25.27,25.82,25.18,25.43,1022072,26773908.000
2011-08-23,25.63,25.74,25.34,25.73,1170151,30788836.000
2011-08-24,25.93,26.19,25.82,25.94,1985319,53163768.000
2011-08-25,25.26,26.96,24.75,26.54,6234138,167075280.000
2011-08-26,26.29,27.13,26.26,27.11,3623259,100058704.000
2011-08-29,26.56,27.44,26.49,26.89,2662026,73692776.000
2011-08-30,26.96,27.24,26.24,26.26,1518504,41660440.000
2011-08-31,26.37,26.82,26.14,26.42,1063300,29010664.000
2011-09-01,26.36,26.68,25.97,25.99,699345,18910848.000
2011-09-02,26.00,26.24,25.25,25.44,1110266,29170988.000
2011-09-05,25.42,26.47,25.16,26.38,2777641,74043144.000
2011-09-06,26.13,26.37,25.64,25.76,2863932,76735680.000
2011-09-07,25.85,26.59,25.84,26.50,1590725,43074592.000
2011-09-08,26.64,27.01,26.42,26.55,2443687,67369040.000
2011-09-09,26.62,26.91,26.05,26.25,1201102,32656162.000
2011-09-13,25.92,26.10,25.44,25.60,998087,26598460.000
2011-09-14,26.03,26.03,25.09,25.70,1651973,43412592.000
2011-09-16,25.86,27.20,25.74,26.93,4432946,121991896.000
2011-09-19,26.52,27.24,26.52,26.83,3477984,96374144.000
2011-09-20,26.69,27.86,26.54,27.11,5369880,151029648.000
2011-09-21,27.03,28.76,26.84,28.60,5061496,146948192.000
2011-09-22,28.29,28.54,27.90,27.96,2164205,62519668.000
2011-09-23,27.33,28.43,27.04,28.41,3328998,94767032.000
2011-09-26,28.17,28.70,26.94,27.04,3702226,105662800.000
2011-09-27,27.72,28.11,27.16,27.99,2466412,70190040.000
2011-09-28,28.19,28.21,27.28,27.48,2176711,62431284.000
2011-09-29,27.12,27.79,26.55,27.02,1158572,32454964.000
2011-09-30,27.24,27.60,26.65,26.77,1695156,46883248.000
2011-10-10,27.06,27.32,25.29,25.32,1658815,43967264.000
2011-10-11,26.02,26.22,22.71,22.71,8479049,206625968.000
2011-10-12,21.76,22.79,20.40,22.62,16191258,360028576.000
2011-10-13,21.96,22.32,21.66,22.14,8569263,195157728.000
2011-10-14,21.94,22.20,21.85,22.00,4494120,102305512.000
2011-10-17,22.02,22.13,21.46,21.66,6363205,143184832.000
2011-10-18,21.44,21.50,20.41,20.45,4264298,92245808.000
2011-10-19,20.55,20.65,19.43,19.44,5314955,110176144.000
2011-10-20,19.25,19.68,18.79,19.01,4429176,88431056.000
2011-10-21,19.06,19.30,18.82,19.13,2526801,50152316.000
2011-10-24,19.14,19.51,18.59,19.34,2967317,59088776.000
2011-10-25,19.33,20.23,19.15,20.00,5192483,106348992.000
2011-10-26,19.74,20.54,19.70,20.15,5000519,104798384.000
2011-10-27,20.16,20.34,19.82,19.97,2759576,57426960.000
2011-10-28,20.27,20.63,20.05,20.62,4463023,94404128.000
2011-10-31,20.67,22.10,20.54,21.30,6230469,137858400.000
2011-11-01,21.05,21.62,20.87,21.53,3712202,82180448.000
2011-11-02,21.09,21.52,20.74,21.47,2272156,49715048.000
2011-11-03,21.54,22.14,21.54,21.61,4043033,91774872.000
2011-11-04,21.69,22.09,21.02,21.43,3442625,76988544.000
2011-11-07,21.21,21.46,20.71,20.78,3241958,70418312.000
2011-11-08,20.78,20.92,20.13,20.22,2574138,54636076.000
2011-11-09,20.24,20.70,19.85,20.64,2491677,52608072.000
2011-11-10,20.34,20.52,20.05,20.12,2137225,45014340.000
2011-11-11,20.15,20.42,19.96,20.07,1506147,31445968.000
2011-11-14,20.22,20.90,20.22,20.84,2632407,56485204.000
2011-11-15,20.85,21.23,20.74,20.84,3370484,73097960.000
2011-11-16,20.82,20.94,20.12,20.24,2063921,43770664.000
2011-11-17,20.42,20.49,20.09,20.28,1165624,24513272.000
2011-11-18,20.05,20.12,19.43,19.54,1597686,32707128.000
2011-11-21,19.24,19.80,19.24,19.64,882350,17932572.000
2011-11-22,19.64,19.75,19.25,19.54,1357344,27472380.000
2011-11-23,19.54,19.64,19.36,19.41,704443,14254390.000
2011-11-24,19.24,19.54,18.95,19.49,1503569,30103308.000
2011-11-25,19.49,20.01,19.30,19.78,2077869,42741072.000
2011-11-28,19.75,20.37,19.75,20.34,3043536,63976548.000
2011-11-29,20.79,20.89,20.26,20.51,2043539,43430732.000
2011-11-30,20.47,20.47,19.44,19.65,2258065,46822540.000
2011-12-01,20.19,21.34,20.19,20.35,4244837,90676272.000
2011-12-02,20.25,20.37,19.75,19.90,1872781,38863524.000
2011-12-05,19.79,20.05,19.14,19.18,1424887,28821068.000
2011-12-06,19.14,19.41,19.04,19.29,1637990,32697154.000
2011-12-07,19.43,19.43,19.02,19.26,3090877,61560476.000
2011-12-08,19.18,19.18,17.89,18.05,6552466,123923360.000
2011-12-09,17.78,18.07,17.65,17.75,2131389,39621416.000
2011-12-12,17.73,17.77,16.69,16.71,4106163,73574552.000
2011-12-13,16.50,16.62,16.14,16.16,2975728,50919356.000
2011-12-14,15.99,16.33,15.65,15.76,4558420,76544216.000
2011-12-15,15.75,16.12,15.54,16.04,3151571,52550000.000
2011-12-16,16.10,16.55,15.97,16.54,3956052,67503152.000
2011-12-19,16.35,16.58,15.97,16.56,5083018,86296920.000
2011-12-20,16.53,17.49,16.44,17.38,5510865,99346944.000
2011-12-21,17.40,17.49,16.74,16.75,3927564,70019176.000
2011-12-22,16.44,16.58,15.89,16.37,3939918,66929060.000
2011-12-23,16.37,17.44,16.22,17.15,4181863,74193472.000
2011-12-26,16.93,17.81,16.90,17.66,5028102,92360640.000
2011-12-27,17.44,17.87,17.38,17.51,3523237,64833760.000
2011-12-28,17.45,17.65,17.09,17.55,2523795,45605176.000
2011-12-29,17.48,18.54,17.35,18.46,4779968,91114704.000
2011-12-30,18.31,19.33,18.31,19.24,5070184,100406552.000
2012-01-04,19.26,19.51,18.84,18.92,3151437,62682404.000
2012-01-05,18.74,19.79,18.64,19.12,7957433,161088624.000
2012-01-06,18.86,19.25,18.24,18.69,4313859,84395520.000
2012-01-09,18.78,19.99,18.68,19.94,4001551,80863384.000
2012-01-10,20.13,20.81,19.62,20.62,4701054,99599400.000
2012-01-11,20.62,21.29,19.24,21.20,6237205,131664616.000
2012-01-12,20.84,21.17,20.62,20.82,3300879,71432400.000
2012-01-13,20.86,21.02,19.72,19.84,3352596,70062696.000
2012-01-16,19.69,20.39,19.36,19.55,2310341,47842272.000
2012-01-17,19.59,21.20,19.44,21.12,3645757,76882752.000
2012-01-18,21.14,21.62,20.64,20.80,2303016,50408832.000
2012-01-19,20.79,21.46,20.79,21.15,1832395,40155520.000
2012-01-20,21.00,21.60,21.00,21.19,2072767,45942512.000
2012-01-30,20.92,21.20,20.12,20.24,3885389,82028792.000
2012-01-31,20.24,20.30,19.49,19.55,4013146,82110392.000
2012-02-01,19.57,20.15,19.56,19.79,2336863,48168172.000
2012-02-02,19.55,20.12,19.40,20.08,3072922,62966712.000
2012-02-03,19.98,19.99,19.66,19.94,4243791,87354032.000
2012-02-06,20.02,20.02,19.59,19.91,2577119,53054380.000
2012-02-07,19.68,19.78,18.84,19.07,3297947,66072180.000
2012-02-08,18.94,19.79,18.86,19.77,3012078,60750768.000
2012-02-09,19.71,20.32,19.63,20.27,3598187,75035272.000
2012-02-10,20.13,20.40,19.97,20.14,2074469,43438212.000
2012-02-13,19.79,20.28,19.79,19.92,2322513,48291992.000
2012-02-14,19.79,20.59,19.74,20.56,3825489,80816872.000
2012-02-15,20.68,21.06,20.37,20.83,3541952,76248840.000
2012-02-16,20.84,20.99,20.46,20.60,2441517,52559596.000
2012-02-17,20.57,20.83,19.73,19.75,4769578,99118168.000
2012-02-20,20.01,20.11,19.62,19.89,3118246,64371028.000
2012-02-21,19.92,20.06,19.44,19.99,1977233,40613720.000
2012-02-22,19.94,21.59,19.92,21.55,7727934,167681248.000
2012-02-23,21.56,22.03,21.24,21.57,4619765,103515776.000
2012-02-24,21.59,22.04,21.23,21.84,4281778,96048048.000
2012-02-27,22.09,23.59,22.04,22.06,6971966,162760976.000
2012-02-28,22.11,22.54,21.59,22.09,3901897,89168472.000
2012-02-29,21.92,22.09,21.55,21.66,2184075,49287744.000
2012-03-01,21.40,22.42,21.39,22.38,4079372,93499912.000
2012-03-02,22.44,23.84,22.44,23.63,7479002,180652416.000
2012-03-05,23.67,24.24,23.37,23.57,3989409,97698096.000
2012-03-06,23.25,23.82,23.15,23.60,2542692,61545588.000
2012-03-07,23.23,24.22,22.95,23.51,3804710,93326240.000
2012-03-08,23.81,24.00,23.44,23.73,2326670,56753768.000
2012-03-09,23.74,23.96,23.26,23.51,2363461,57526588.000
2012-03-12,23.55,23.74,23.04,23.34,2168222,52094636.000
2012-03-13,23.23,23.42,22.84,23.28,3420187,81351088.000
2012-03-14,23.28,23.83,22.42,22.56,6056997,145164224.000
2012-03-15,22.44,22.79,21.57,22.09,3210350,73077576.000
2012-03-16,22.06,23.04,22.04,22.96,2806261,65549052.000
2012-03-19,22.96,23.30,22.49,23.22,2557880,60702860.000
2012-03-20,23.04,23.14,21.94,22.15,4096336,94467056.000
2012-03-21,22.13,22.15,19.86,20.80,11617638,249426912.000
2012-03-22,20.65,20.65,20.05,20.47,3951650,83347200.000
2012-03-23,20.25,20.62,19.78,19.96,2112824,44205032.000
2012-03-26,19.83,20.32,19.83,20.07,1284916,26737520.000
2012-03-27,20.24,20.37,20.09,20.21,961062,20180072.000
2012-03-28,20.24,20.24,19.72,19.72,1889490,39208176.000
2012-03-29,19.72,19.84,19.09,19.73,2195728,44585944.000
2012-03-30,19.73,20.71,19.56,20.35,3701562,78284192.000
2012-04-05,20.24,20.90,20.15,20.88,2524580,53982708.000
2012-04-06,20.87,21.11,20.52,20.84,1614718,34946016.000
2012-04-09,20.80,20.84,20.60,20.63,992318,21307048.000
2012-04-10,20.45,20.59,19.79,20.50,1603317,33729212.000
2012-04-11,20.14,21.43,19.94,21.22,2560664,55900880.000
2012-04-12,21.06,21.59,21.06,21.53,1935904,42998856.000
2012-04-13,21.51,21.67,21.39,21.47,1409695,31343914.000
2012-04-16,21.24,21.79,21.14,21.61,1336343,29840000.000
2012-04-17,21.65,21.74,20.82,21.05,1646279,35929772.000
2012-04-18,21.05,21.44,20.62,21.39,2894841,63152764.000
2012-04-19,21.19,21.59,21.04,21.06,2195303,48563316.000
2012-04-20,20.98,21.30,20.95,21.20,1182934,25944822.000
2012-04-23,21.20,21.49,20.67,20.73,1724095,37542976.000
2012-04-24,20.56,20.84,19.89,20.39,1521233,32148784.000
2012-04-25,20.47,20.76,20.14,20.64,1484899,31468168.000
2012-04-26,20.69,20.71,20.33,20.42,1096676,23268336.000
2012-04-27,20.44,20.53,20.30,20.38,779391,16494730.000
2012-05-02,20.66,21.83,20.59,21.32,2931182,64653544.000
2012-05-03,21.34,22.14,21.25,22.05,2806224,62826900.000
2012-05-04,22.09,22.19,21.65,22.04,1642424,37346484.000
2012-05-07,21.78,22.19,21.64,22.08,1522387,34524656.000
2012-05-09,21.98,21.98,21.32,21.35,1491754,33191624.000
2012-05-10,21.34,21.64,21.07,21.18,1236398,27275868.000
2012-05-11,21.16,21.23,20.84,20.85,1038282,22614192.000
2012-05-14,21.16,21.68,20.78,20.84,1574325,34719840.000
2012-05-15,20.66,21.34,20.64,21.24,1400946,30443760.000
2012-05-16,21.24,21.24,20.84,20.89,1231329,26882768.000
2012-05-17,20.76,21.43,20.76,21.24,1528112,33486994.000
2012-05-18,21.04,21.19,20.44,20.55,1600271,34315600.000
2012-05-21,20.52,20.61,20.05,20.61,856500,18097678.000
2012-05-22,20.71,20.86,20.59,20.70,1222516,26209396.000
2012-05-23,20.66,20.74,20.04,20.25,1468910,30926696.000
2012-05-24,20.15,20.38,20.02,20.06,1188326,24776522.000
2012-05-25,20.04,20.09,19.48,19.49,1318605,27022992.000
2012-05-28,19.44,21.12,18.94,20.63,4298030,88343376.000
2012-05-29,20.55,20.87,20.47,20.59,4334383,92977416.000
2012-05-30,20.44,20.83,20.44,20.72,2065164,44255248.000
2012-05-31,20.60,21.12,20.49,21.10,3276362,70930944.000
2012-06-01,20.95,21.26,20.93,21.16,2147857,46940280.000
2012-06-04,20.74,21.39,20.54,20.84,2551265,55502584.000
2012-06-05,20.93,21.21,20.62,20.67,956207,20380016.000
2012-06-06,20.73,20.89,20.38,20.44,651610,13751391.000
2012-06-07,20.57,20.81,20.15,20.17,1281681,26926500.000
2012-06-08,20.39,20.49,20.15,20.23,961075,20030816.000
2012-06-11,20.23,21.13,20.17,21.01,1290617,27569926.000
2012-06-12,20.81,20.92,20.48,20.52,711202,15154849.000
2012-06-13,20.64,21.74,20.47,21.69,3957795,86209216.000
2012-06-14,21.58,21.82,21.24,21.25,1498149,33139816.000
2012-06-15,21.23,21.86,21.23,21.78,2260468,50315864.000
2012-06-18,21.85,22.45,21.74,22.12,2845078,64818616.000
2012-06-19,22.12,22.44,21.67,21.71,1930032,43934716.000
2012-06-20,21.92,21.92,21.55,21.56,810460,18003030.000
2012-06-21,21.64,21.68,21.19,21.39,582034,12743237.000
2012-06-25,21.22,21.71,21.06,21.38,1421893,31184192.000
2012-06-26,21.11,21.40,21.07,21.19,519914,11320673.000
2012-06-27,21.12,21.93,21.05,21.10,971249,21220926.000
2012-06-28,21.34,21.34,19.14,19.32,3093053,63288632.000
2012-06-29,19.20,19.30,18.19,18.99,4646708,89481448.000
2012-07-02,19.11,19.11,17.69,18.07,5169200,96736032.000
2012-07-03,18.04,18.43,17.94,18.07,1796865,33661088.000
2012-07-04,18.07,18.57,18.07,18.43,2649349,50300416.000
2012-07-05,18.23,18.64,18.23,18.44,1752802,33268954.000
2012-07-06,18.57,18.72,18.09,18.54,2339864,44455532.000
2012-07-09,18.44,18.44,17.32,17.63,3816740,69700504.000
2012-07-10,17.70,17.71,16.99,17.18,2135451,37951664.000
2012-07-11,17.10,17.42,16.65,16.81,2406970,42412296.000
2012-07-12,16.93,17.37,16.76,17.18,2952531,52204976.000
2012-07-13,17.18,17.34,16.84,16.86,1273197,22430000.000
2012-07-16,17.04,17.04,16.14,16.16,1221648,20754748.000
2012-07-17,16.13,16.48,16.04,16.44,673758,11378972.000
2012-07-18,16.53,16.94,16.30,16.89,1554551,26631556.000
2012-07-19,16.86,18.19,16.79,17.28,4465377,80904440.000
2012-07-20,17.32,17.60,17.12,17.22,2000852,35892708.000
2012-07-23,17.10,17.10,16.49,16.57,1456409,25141434.000
2012-07-24,16.48,16.80,16.29,16.59,2824722,48346576.000
2012-07-25,16.53,16.62,16.29,16.33,1402751,23804738.000
2012-07-26,16.35,16.44,16.21,16.30,1290062,21793296.000
2012-07-27,16.31,16.77,16.27,16.44,2408947,41059248.000
2012-07-30,16.50,16.78,16.17,16.33,1270015,21640704.000
2012-07-31,16.14,16.34,15.64,15.71,2628684,43192404.000
2012-08-01,15.79,16.24,15.70,16.03,2918698,48086448.000
2012-08-02,15.92,16.02,15.59,15.70,1089572,17808164.000
2012-08-03,15.84,15.84,14.34,14.60,12338336,188161328.000
2012-08-06,14.44,14.81,14.22,14.76,7198557,108326712.000
2012-08-07,14.65,15.07,14.62,15.04,5095903,78670960.000
2012-08-08,15.04,15.90,15.01,15.73,9832792,158534160.000
2012-08-09,15.72,15.98,15.47,15.90,3718104,60605840.000
2012-08-10,15.90,15.90,15.58,15.65,2350805,38278888.000
2012-08-13,15.59,15.74,15.14,15.20,2626821,42092940.000
2012-08-14,15.27,15.46,15.06,15.44,2662356,42084100.000
2012-08-15,15.54,15.54,15.24,15.36,1571771,25098714.000
2012-08-16,15.39,15.49,15.27,15.32,1228139,19572656.000
2012-08-17,15.37,15.58,15.25,15.54,1355533,21694884.000
2012-08-20,15.59,16.00,15.39,15.97,2814141,45659864.000
2012-08-21,16.06,16.34,15.94,16.11,3884160,65057112.000
2012-08-22,16.40,16.63,15.62,15.73,5290215,88092520.000
2012-08-23,15.72,15.92,15.61,15.88,2144434,35008248.000
2012-08-24,15.88,15.92,15.68,15.85,1457488,23844072.000
2012-08-27,15.84,15.84,15.24,15.34,1793192,28604616.000
2012-08-28,15.34,15.54,15.17,15.44,1845437,29388476.000
2012-08-29,15.48,15.56,15.22,15.31,1478613,23578276.000
2012-08-30,15.31,15.39,14.87,15.17,1463237,22961748.000
2012-08-31,15.18,15.29,14.95,15.08,1785889,27981914.000
2012-09-03,15.05,15.62,14.95,15.44,3245575,51877924.000
2012-09-04,15.54,15.54,15.00,15.09,1719476,27184268.000
2012-09-05,15.01,15.14,14.92,15.08,1828328,28529532.000
2012-09-06,15.10,15.34,15.10,15.26,2266669,35807808.000
2012-09-07,15.54,16.35,15.39,15.90,5671291,93209336.000
2012-09-10,15.92,16.37,15.84,16.28,5470089,91282672.000
2012-09-11,16.14,16.19,15.92,16.12,2289818,38085300.000
2012-09-12,16.15,16.36,15.92,16.22,2796441,46665764.000
2012-09-13,16.27,16.31,15.63,15.65,3787744,62360288.000
2012-09-14,15.80,16.14,15.45,16.05,3856398,63243580.000
2012-09-17,15.94,16.08,15.19,15.21,3317828,53970352.000
2012-09-18,15.14,15.23,14.86,14.93,2333370,36386856.000
2012-09-19,14.99,15.09,14.87,15.06,1501432,23334352.000
2012-09-20,15.02,15.02,14.40,14.41,2553569,38755580.000
2012-09-21,14.39,14.66,14.33,14.44,1066297,16063259.000
2012-09-24,14.39,14.75,14.14,14.67,1341491,20230008.000
2012-09-25,14.57,14.99,14.57,14.66,1284002,19768090.000
2012-09-26,14.67,14.84,14.50,14.56,1196827,18229548.000
2012-09-27,14.55,14.96,14.14,14.77,4222323,63905156.000
2012-09-28,14.56,15.18,14.52,15.08,3833748,59463592.000
2012-10-08,15.03,15.03,14.32,14.54,6234957,94409104.000
2012-10-09,14.52,15.22,14.46,15.20,5731368,89239824.000
2012-10-10,15.14,15.73,15.08,15.65,6852071,110597568.000
2012-10-11,15.62,15.62,15.12,15.16,4227304,67146952.000
2012-10-12,15.19,15.44,15.08,15.24,2708890,42824104.000
2012-10-15,15.32,15.32,14.74,14.86,2595183,40140304.000
2012-10-16,14.87,15.07,14.57,14.68,3100990,47712448.000
2012-10-17,14.76,14.87,14.49,14.66,2240217,34060688.000
2012-10-18,14.73,15.07,14.70,15.04,4115016,63668284.000
2012-10-19,14.99,15.21,14.91,14.93,2714442,42385956.000
2012-10-22,14.79,14.89,14.64,14.85,2665603,40832144.000
2012-10-23,15.02,15.26,14.86,15.09,4398840,68726560.000
2012-10-24,15.00,15.51,14.94,15.26,4945781,78401512.000
2012-10-25,15.34,15.36,14.79,14.97,3727380,58227912.000
2012-10-26,14.92,14.92,14.45,14.75,3060885,46608692.000
2012-10-29,14.67,14.89,14.57,14.63,1651454,25194312.000
2012-10-30,14.69,14.88,14.61,14.80,1200310,18387024.000
2012-10-31,14.83,14.89,14.59,14.86,1505889,23073442.000
2012-11-01,14.83,15.34,14.83,15.26,3986861,62592420.000
2012-11-02,15.21,15.42,15.07,15.33,3017313,47610968.000
2012-11-05,15.24,15.36,15.05,15.22,2173605,34256312.000
2012-11-06,15.23,15.23,14.71,14.93,3137462,48475944.000
2012-11-07,14.94,15.86,14.82,15.73,7929615,126302080.000
2012-11-08,15.45,16.29,15.32,15.83,10207833,167587040.000
2012-11-09,15.73,15.94,15.40,15.54,6636259,107469224.000
2012-11-12,15.61,15.69,15.35,15.60,4573109,73522208.000
2012-11-13,15.54,15.60,15.11,15.19,3447696,54568816.000
2012-11-14,15.12,15.37,15.03,15.22,2050313,32304608.000
2012-11-15,15.02,15.13,14.56,14.57,3153324,48626580.000
2012-11-16,14.54,14.63,14.26,14.34,3513337,52588064.000
2012-11-19,14.36,14.43,13.94,14.33,3087081,45599096.000
2012-11-20,14.41,14.48,14.17,14.23,1856649,27620352.000
2012-11-21,14.24,14.64,14.04,14.62,2488379,37195200.000
2012-11-22,14.54,14.58,14.34,14.46,1859280,27911736.000
2012-11-23,14.46,14.69,14.44,14.50,1774343,26831190.000
2012-11-26,14.50,14.64,14.29,14.32,1144980,17232300.000
2012-11-27,14.30,14.32,13.94,14.10,1931800,28239964.000
2012-11-28,14.01,14.09,13.86,14.01,1267488,18406450.000
2012-11-29,14.11,14.18,13.87,13.99,1312505,19148268.000
2012-11-30,13.94,14.39,13.85,14.34,2070875,30522894.000
2012-12-03,14.37,14.48,14.15,14.16,1954100,29106150.000
2012-12-04,14.06,14.59,13.87,14.56,2306024,34215864.000
2012-12-05,14.54,15.18,14.45,15.04,4885115,75543832.000
2012-12-06,15.00,15.11,14.73,14.74,2854432,43927788.000
2012-12-07,14.74,15.31,14.69,15.19,4598503,72136312.000
2012-12-10,15.29,15.49,15.05,15.36,4769746,75395344.000
2012-12-11,15.22,15.59,15.15,15.17,3315842,52579656.000
2012-12-12,15.11,15.22,14.89,15.16,2884338,44951224.000
2012-12-13,15.03,15.10,14.88,14.89,1725462,26848916.000
2012-12-14,14.89,15.71,14.89,15.68,6244597,100143048.000
2012-12-17,15.70,16.04,15.64,15.75,5623271,92237232.000
2012-12-18,15.69,16.41,15.63,16.12,6832005,113476336.000
2012-12-19,16.09,16.66,15.94,16.33,6443487,108433296.000
2012-12-20,16.31,16.54,15.99,16.26,4628705,77623200.000
2012-12-21,16.26,16.83,16.09,16.34,5701686,97015328.000
2012-12-24,16.29,17.31,16.12,17.06,8496370,147924112.000
2012-12-25,16.85,17.36,16.80,17.23,6970868,123038560.000
2012-12-26,17.11,17.26,16.94,17.16,4862762,85782888.000
2012-12-27,17.21,17.30,16.59,16.62,6223552,108451984.000
2012-12-28,16.61,17.12,16.58,16.97,4851258,84547656.000
2012-12-31,16.99,17.29,16.91,17.14,4532900,80044528.000
2013-01-04,17.33,17.34,16.54,16.80,5382085,93880856.000
2013-01-07,16.71,16.84,16.40,16.73,3275519,56326872.000
2013-01-08,16.78,17.27,16.49,17.14,5304313,93218704.000
2013-01-09,16.99,17.64,16.96,17.38,5265060,93669384.000
2013-01-10,17.32,17.43,16.96,17.11,4109801,73031184.000
2013-01-11,17.10,17.29,16.62,16.70,3523216,61692172.000
2013-01-14,16.61,17.38,16.55,17.32,5606249,98529784.000
2013-01-15,17.34,17.71,17.23,17.58,7252535,130620800.000
2013-01-16,17.61,17.62,16.99,17.26,5945834,105990952.000
2013-01-17,17.24,17.24,16.71,16.77,4567764,79867232.000
2013-01-18,16.85,17.20,16.77,17.07,3959546,69553592.000
2013-01-21,17.14,17.57,16.91,17.52,5982423,107282632.000
2013-01-22,17.59,17.62,17.05,17.21,5013930,89735568.000
2013-01-23,17.15,17.54,16.88,17.21,4007764,71328808.000
2013-01-24,17.20,17.54,16.51,16.69,6718409,118559640.000
2013-01-25,16.64,16.89,16.54,16.60,3943950,68122952.000
2013-01-28,16.74,17.44,16.60,17.32,5790024,102450016.000
2013-01-29,17.42,17.96,17.34,17.56,9177536,167598304.000
2013-01-30,17.53,17.67,17.21,17.41,6234361,111871176.000
2013-01-31,17.45,19.04,17.42,18.58,14421596,274584416.000
2013-02-01,18.53,18.82,18.30,18.73,6612319,126409296.000
2013-02-04,18.64,19.38,18.52,18.55,8104641,158022000.000
2013-02-05,18.44,19.04,18.33,18.65,4424919,85206040.000
2013-02-06,18.66,19.10,18.54,18.94,5036163,97543464.000
2013-02-07,18.89,19.03,18.44,18.63,4117772,79038256.000
2013-02-08,18.55,19.78,18.55,19.45,7783983,154765392.000
2013-02-18,19.62,20.42,19.50,19.82,7947347,163385184.000
2013-02-19,19.84,20.18,19.25,19.44,6216090,124772536.000
2013-02-20,19.62,19.81,19.10,19.79,4365674,87363432.000
2013-02-21,19.53,19.53,18.63,18.69,6639440,129898104.000
2013-02-22,18.70,18.83,18.24,18.27,4401478,83747608.000
2013-02-25,18.32,18.64,18.29,18.36,3667050,69689744.000
2013-02-26,18.19,18.73,17.97,18.12,4451576,84311864.000
2013-02-27,18.40,18.63,18.16,18.44,2493015,47194208.000
2013-02-28,18.64,18.91,18.32,18.84,4981033,95935800.000
2013-03-01,18.83,18.87,18.40,18.68,4256157,81667000.000
2013-03-04,18.52,18.52,17.36,17.53,5474618,100844032.000
2013-03-05,17.57,18.16,17.53,18.15,3048907,56214136.000
2013-03-06,18.05,18.41,18.05,18.20,2766412,51882528.000
2013-03-07,18.20,18.24,17.62,17.94,3229826,59661968.000
2013-03-08,17.84,18.11,17.74,17.81,2190403,40431552.000
2013-03-11,17.82,17.88,17.62,17.71,1774376,32457368.000
2013-03-12,17.75,18.08,16.84,17.17,3643359,65333304.000
2013-03-13,17.20,17.22,16.59,16.78,2642797,45940220.000
2013-03-14,16.80,17.16,16.74,16.98,2071762,36253140.000
2013-03-15,16.99,17.36,16.60,16.81,3435319,60235480.000
2013-03-18,16.24,16.62,15.54,16.29,3046581,51402264.000
2013-03-19,16.31,16.49,15.94,16.48,1745176,29363002.000
2013-03-20,16.53,17.43,16.51,17.37,5171981,91743088.000
2013-03-21,17.37,17.48,17.03,17.21,3821815,67972888.000
2013-03-22,17.09,17.20,16.86,16.98,3130474,55033664.000
2013-03-25,17.04,17.20,16.84,16.93,1851116,32506990.000
2013-03-26,16.93,16.93,16.34,16.46,3087389,52709448.000
2013-03-27,16.54,16.79,16.34,16.46,2582229,44237696.000
2013-03-28,16.40,16.40,15.84,15.85,3815182,63097196.000
2013-03-29,15.85,16.04,15.75,15.85,1884612,31057424.000
2013-04-01,15.88,16.30,15.87,16.18,1853480,30940228.000
2013-04-02,16.06,16.23,15.94,16.05,3204820,53363876.000
2013-04-03,16.02,16.10,15.45,15.63,4736135,77125776.000
2013-04-08,15.43,16.28,15.27,16.17,3625591,59754384.000
2013-04-09,16.29,16.78,16.15,16.53,3631483,61894280.000
2013-04-10,16.40,16.40,16.00,16.20,3867854,64647584.000
2013-04-11,16.55,17.00,16.33,16.35,4854717,83798376.000
2013-04-12,16.25,16.39,16.09,16.28,2323527,38925544.000
2013-04-15,16.16,16.61,16.07,16.21,3196739,53840056.000
2013-04-16,16.08,16.48,15.80,16.47,2547044,42547304.000
2013-04-17,16.49,16.60,16.28,16.44,2122229,36013696.000
2013-04-18,16.34,16.66,16.24,16.53,2032075,34680800.000
2013-04-19,16.55,17.00,16.52,16.90,4070882,70815384.000
2013-04-22,16.84,17.00,16.66,16.98,3995256,69550112.000
2013-04-23,16.96,16.96,16.27,16.43,3758984,64279904.000
2013-04-24,15.44,15.81,15.06,15.70,10757193,172182832.000
2013-04-25,15.52,15.53,15.20,15.21,3724072,59392892.000
2013-04-26,15.24,15.34,14.73,14.78,3481065,54083760.000
2013-05-02,14.59,14.82,14.54,14.78,2394924,36503104.000
2013-05-03,14.78,15.22,14.74,15.05,2321918,36262584.000
2013-05-06,15.05,15.32,15.04,15.26,2611577,41219380.000
2013-05-07,15.27,15.96,15.14,15.93,5404643,87111600.000
2013-05-08,16.09,17.15,15.81,16.82,11025954,190148608.000
2013-05-09,16.54,16.90,16.24,16.61,5438100,93087656.000
2013-05-10,16.54,16.79,16.34,16.63,3213143,54986996.000
2013-05-13,16.63,16.79,16.39,16.42,3056676,52229848.000
2013-05-14,16.35,16.49,15.79,15.88,4465847,74079336.000
2013-05-15,15.92,16.02,15.49,15.74,4129310,67101800.000
2013-05-16,15.76,16.24,15.56,16.16,5783227,95378640.000
2013-05-17,16.09,16.28,15.92,16.23,3658413,60977932.000
2013-05-20,16.22,16.49,16.15,16.40,4551739,76973664.000
2013-05-21,16.41,16.50,16.23,16.43,3116855,52760648.000
2013-05-22,16.43,16.87,16.38,16.51,4650450,79763848.000
2013-05-23,16.40,16.49,16.06,16.09,3847735,64529772.000
2013-05-24,16.04,16.26,15.97,16.24,2226058,37153936.000
2013-05-27,16.25,16.69,16.17,16.46,4113076,70160912.000
2013-05-28,16.48,17.02,16.35,17.01,6824115,118009792.000
2013-05-29,17.07,18.28,16.94,17.77,15401682,281573792.000
2013-05-30,17.52,17.99,17.49,17.71,6352704,116210144.000
2013-05-31,17.56,18.24,17.56,17.68,7655965,141842576.000
2013-06-03,17.66,17.89,17.23,17.26,5151103,92835776.000
2013-06-04,17.23,17.43,16.69,16.79,4749712,83318832.000
2013-06-05,16.92,17.00,16.69,16.95,3419681,59493200.000
2013-06-06,16.90,17.39,16.76,16.84,5137501,90764480.000
2013-06-07,16.79,16.92,16.06,16.26,5671578,96129768.000
2013-06-13,15.98,15.99,15.24,15.68,4048475,65249100.000
2013-06-14,15.68,15.98,15.61,15.91,2739009,44822804.000
2013-06-17,15.98,16.02,15.65,15.96,3060712,50070752.000
2013-06-18,16.03,16.13,15.83,16.01,1639546,26207580.000
2013-06-19,15.92,15.93,15.38,15.75,3105571,48379568.000
2013-06-20,15.59,15.60,15.15,15.35,3120733,47857108.000
2013-06-21,15.02,15.43,14.97,15.39,2180450,33182764.000
2013-06-24,15.34,15.34,14.50,14.58,3455871,51483724.000
2013-06-25,14.57,14.66,13.21,14.43,4521660,63595540.000
2013-06-26,14.28,14.40,13.91,14.18,4493565,63459712.000
2013-06-27,14.24,14.33,13.80,13.91,3466240,48949456.000
2013-06-28,13.85,14.20,13.61,13.94,2401449,33460740.000
2013-07-01,13.86,14.07,13.70,14.00,2446650,34033484.000
2013-07-02,13.91,14.20,13.87,14.18,4168911,58386212.000
2013-07-03,14.09,14.09,13.68,13.82,2850975,39467832.000
2013-07-04,13.78,14.26,13.70,14.08,3050713,42914448.000
2013-07-05,14.02,14.28,13.98,14.06,3082350,43533040.000
2013-07-08,13.81,13.81,13.45,13.47,2807842,38134296.000
2013-07-09,13.40,13.78,13.38,13.49,1575439,21317468.000
2013-07-10,13.49,13.97,13.49,13.96,2215801,30484804.000
2013-07-11,14.01,14.59,13.98,14.42,5106427,73332768.000
2013-07-12,14.45,14.56,14.04,14.11,3783396,54099488.000
数据来源:通达信
