600175 美都控股 日线
      日期	    开盘	    最高	    最低	    收盘	    成交量	    成交额
2007-01-11,1.06,1.14,1.05,1.08,4555535,21060780.000
2007-01-12,1.08,1.19,1.08,1.19,11599588,56707592.000
2007-01-17,1.32,1.32,1.27,1.32,3865882,21167044.000
2007-01-18,1.30,1.32,1.18,1.27,8829385,45433448.000
2007-01-19,1.23,1.33,1.23,1.32,5532292,29377732.000
2007-01-22,1.36,1.46,1.34,1.46,5602640,32892736.000
2007-01-23,1.52,1.55,1.45,1.52,7056111,43802336.000
2007-01-24,1.52,1.57,1.50,1.53,3273681,20672420.000
2007-01-25,1.52,1.52,1.40,1.45,2137540,13036625.000
2007-01-26,1.41,1.56,1.41,1.51,4646426,28627728.000
2007-01-29,1.51,1.54,1.43,1.47,3698007,22626288.000
2007-01-30,1.47,1.48,1.42,1.43,3970447,23891584.000
2007-01-31,1.43,1.43,1.30,1.35,4559635,25692884.000
2007-02-01,1.34,1.36,1.31,1.35,2282505,12608034.000
2007-02-02,1.35,1.37,1.31,1.32,1603225,8855010.000
2007-02-05,1.30,1.38,1.29,1.38,1951314,10819419.000
2007-02-06,1.37,1.45,1.36,1.44,2081697,12146012.000
2007-02-07,1.44,1.47,1.33,1.44,1744582,10252598.000
2007-02-08,1.44,1.52,1.40,1.52,3692242,22437528.000
2007-02-09,1.48,1.52,1.48,1.50,1117952,6932543.000
2007-02-12,1.49,1.51,1.48,1.49,1169884,7229044.000
2007-02-13,1.49,1.50,1.45,1.47,1560279,9502704.000
2007-02-14,1.47,1.50,1.45,1.49,2012397,12315485.000
2007-02-15,1.49,1.52,1.47,1.52,7420695,45847196.000
2007-02-16,1.51,1.64,1.51,1.57,5098643,33196684.000
2007-02-26,1.57,1.64,1.53,1.62,6322876,41447592.000
2007-02-27,1.60,1.63,1.45,1.45,5107872,32427668.000
2007-02-28,1.45,1.52,1.41,1.50,2692506,16342925.000
2007-03-01,1.50,1.52,1.41,1.42,2823530,16907650.000
2007-03-02,1.42,1.48,1.42,1.46,1958011,11726881.000
2007-03-05,1.45,1.52,1.41,1.50,2884266,17588568.000
2007-03-06,1.48,1.56,1.47,1.55,3731213,23419138.000
2007-03-07,1.55,1.64,1.52,1.62,5835848,38415660.000
2007-03-08,1.62,1.78,1.60,1.75,7631682,53626408.000
2007-03-09,1.75,1.76,1.70,1.73,3878641,27578796.000
2007-03-12,1.73,1.84,1.73,1.75,3317684,24164872.000
2007-03-13,1.74,1.81,1.72,1.77,2465781,17885460.000
2007-03-14,1.75,1.75,1.65,1.72,3771548,26758820.000
2007-03-15,1.71,1.82,1.71,1.77,3570028,25962594.000
2007-03-16,1.77,1.79,1.70,1.73,2398293,17169572.000
2007-03-19,1.70,1.75,1.65,1.74,3606766,25339480.000
2007-03-20,1.74,1.92,1.73,1.92,5454514,42001648.000
2007-03-21,2.05,2.05,1.93,1.95,8585344,69644416.000
2007-03-22,1.95,2.00,1.91,1.95,4785772,38321044.000
2007-03-23,1.96,2.02,1.93,2.00,4213858,34132128.000
2007-03-26,2.00,2.04,1.97,2.01,6350114,51869288.000
2007-03-27,2.03,2.07,2.00,2.06,5777096,48165780.000
2007-03-28,2.07,2.07,1.91,2.01,5668350,45905568.000
2007-03-29,2.01,2.02,1.95,1.95,2953480,23962010.000
2007-03-30,1.98,2.00,1.92,1.96,2818651,22676544.000
2007-04-02,1.97,2.07,1.96,2.01,3158937,25805772.000
2007-04-03,2.00,2.06,1.99,2.06,3909534,32439012.000
2007-04-04,2.05,2.17,2.02,2.14,5874760,50408792.000
2007-04-05,2.14,2.33,2.13,2.28,7024569,64504132.000
2007-04-06,2.21,2.33,2.21,2.26,3819547,35233444.000
2007-04-09,2.30,2.49,2.30,2.49,9328146,93118640.000
2007-04-10,2.57,2.75,2.45,2.75,13793917,149675808.000
2007-04-11,2.93,3.03,2.85,3.03,3877718,47090672.000
2007-04-12,3.33,3.33,3.33,3.33,1170869,15841858.000
2007-04-13,3.67,3.67,3.15,3.33,12411653,177219088.000
2007-04-16,3.44,3.67,3.44,3.67,2083883,30787558.000
2007-04-18,4.04,4.04,3.63,3.75,10000323,155601200.000
2007-04-19,3.75,3.75,3.37,3.50,6501422,92207320.000
2007-04-20,3.58,3.83,3.52,3.81,7544016,112574272.000
2007-04-23,3.89,4.19,3.89,4.19,6517386,107929400.000
2007-04-24,4.32,4.60,4.20,4.45,7111305,126634944.000
2007-04-25,4.22,4.40,4.21,4.33,4777547,83090008.000
2007-04-26,4.38,4.48,4.21,4.40,2450946,43098176.000
2007-04-27,4.40,4.47,4.23,4.29,3151637,54943760.000
2007-04-30,4.30,4.35,4.05,4.28,4678902,79395552.000
2007-05-08,4.31,4.70,4.27,4.54,4707488,85858832.000
2007-05-09,4.54,4.78,4.10,4.44,5282126,95451864.000
2007-05-10,4.40,4.43,4.26,4.32,2998645,52517856.000
2007-05-11,4.24,4.62,4.10,4.50,9311847,168392192.000
2007-05-14,4.45,4.96,4.40,4.96,12856733,251448128.000
2007-05-15,5.10,5.46,4.83,5.44,12617184,263352896.000
2007-05-16,5.44,5.85,5.03,5.64,7263867,162058624.000
2007-05-17,5.53,5.83,5.39,5.64,8014436,180714112.000
2007-05-21,5.46,6.13,5.27,6.01,7533908,175490256.000
2007-05-22,6.09,6.15,5.93,5.95,5812753,141367152.000
2007-05-23,6.01,6.13,5.41,5.77,12360666,284176000.000
2007-05-24,5.68,5.79,5.46,5.68,7168936,161708336.000
2007-05-25,5.65,6.25,5.53,6.25,10056316,238876000.000
2007-05-28,6.30,6.71,6.29,6.41,9048295,235788864.000
2007-05-29,6.47,6.75,6.11,6.70,13964450,361265408.000
2007-05-30,6.16,6.61,6.02,6.02,8441075,213635648.000
2007-05-31,5.88,6.26,5.41,5.95,10080558,232862512.000
2007-06-01,5.91,6.26,5.89,6.17,9387223,230717264.000
2007-06-04,5.86,6.17,5.55,5.75,8344249,194569936.000
2007-06-05,5.26,5.74,5.17,5.46,6786902,146493008.000
2007-06-06,5.47,6.01,5.41,6.01,6468427,149719936.000
2007-06-07,5.99,6.60,5.96,6.46,9090739,235794608.000
2007-06-08,6.46,6.91,6.41,6.67,6618510,177879424.000
2007-06-11,6.96,7.34,6.83,7.34,9205744,266697952.000
2007-06-12,8.06,8.06,6.62,7.01,16489555,484406464.000
2007-06-13,6.80,7.58,6.59,7.33,11582266,328813632.000
2007-06-14,7.18,7.45,6.83,7.14,7830018,226683008.000
2007-06-15,7.10,7.38,6.83,6.88,8202484,231167632.000
2007-06-18,6.94,7.21,6.82,6.95,5591122,157243936.000
2007-06-19,7.00,7.33,6.91,7.31,7559109,218989424.000
2007-06-20,7.39,7.63,6.93,6.94,7434796,217636960.000
2007-06-21,6.93,7.19,6.70,6.75,5920783,164181696.000
2007-06-22,6.84,6.93,6.09,6.22,7897831,204881072.000
2007-06-25,6.28,6.33,5.59,5.59,3800869,88650592.000
2007-06-26,5.11,5.28,5.03,5.18,5743178,117846344.000
2007-06-27,5.24,5.69,5.23,5.60,5045879,111729400.000
2007-06-28,5.56,5.56,5.03,5.03,5278673,111859328.000
2007-06-29,4.70,4.86,4.52,4.52,5000531,93497464.000
2007-07-02,4.50,4.65,4.07,4.36,5140218,89417920.000
2007-07-03,4.45,4.58,4.07,4.52,4113912,72389096.000
2007-07-04,4.49,4.59,4.27,4.42,2482078,44391484.000
2007-07-05,4.34,4.34,3.97,3.97,2418225,40479824.000
2007-07-06,3.84,4.18,3.60,4.12,4705105,75030000.000
2007-07-09,4.12,4.32,4.10,4.23,3638479,62073652.000
2007-07-10,4.20,4.26,3.86,3.92,4092954,65981772.000
2007-07-11,3.84,4.08,3.78,4.01,2503323,40321872.000
2007-07-12,3.96,4.05,3.93,3.99,1480910,23858366.000
2007-07-13,4.02,4.03,3.83,3.99,1487985,23641570.000
2007-07-16,3.99,4.08,3.88,3.89,2039395,33025700.000
2007-07-17,3.88,4.29,3.88,4.29,5255663,88431864.000
2007-07-18,4.31,4.68,4.31,4.42,8118710,148148288.000
2007-07-19,4.37,4.55,4.24,4.44,3769877,67412032.000
2007-07-20,4.35,4.83,4.35,4.76,6081883,114815776.000
2007-07-23,4.79,5.20,4.79,4.89,6806538,135973472.000
2007-07-24,4.92,5.11,4.70,4.92,5252370,104424120.000
2007-07-25,4.92,4.96,4.86,4.96,2930592,58000328.000
2007-07-26,4.97,5.19,4.89,5.12,4346246,88510928.000
2007-07-27,5.13,5.15,4.91,5.01,3661800,73785296.000
2007-07-30,5.01,5.31,4.90,5.17,5608296,115811840.000
2007-07-31,5.16,5.17,4.98,5.14,4397030,89482512.000
2007-08-01,5.14,5.35,4.92,4.93,5818992,120965088.000
2007-08-02,4.92,5.33,4.92,5.30,6964908,143600304.000
2007-08-03,5.59,5.67,5.38,5.50,7592917,169108704.000
2007-08-06,5.50,5.58,5.25,5.38,5254148,112905720.000
2007-08-07,5.38,5.38,5.06,5.14,5638136,116491136.000
2007-08-08,5.12,5.29,4.89,5.01,3549268,72022416.000
2007-08-09,5.01,5.09,4.91,5.07,3355026,67482936.000
2007-08-10,5.08,5.08,4.61,4.77,4178038,81241472.000
2007-08-13,4.71,4.96,4.46,4.55,3829381,71595168.000
2007-08-14,4.49,4.69,4.49,4.66,1919840,35708040.000
2007-08-15,4.71,4.84,4.54,4.80,2589251,48946616.000
2007-08-16,4.81,4.81,4.64,4.68,2134710,40340648.000
2007-08-20,4.72,4.86,4.71,4.85,2807997,54126832.000
2007-08-21,5.00,5.19,4.98,5.05,5352607,109231040.000
2007-08-22,4.98,5.11,4.91,5.05,4280032,86416224.000
2007-08-23,4.95,5.19,4.94,5.06,5607842,115178480.000
2007-08-24,4.94,5.16,4.90,4.91,4882137,97922072.000
2007-08-27,4.96,5.06,4.70,4.77,4256855,82609640.000
2007-08-28,4.73,4.75,4.51,4.56,4097047,75682192.000
2007-08-29,4.61,4.74,4.51,4.62,2215115,41557040.000
2007-08-30,4.69,4.84,4.59,4.77,2978799,56822996.000
2007-08-31,4.81,4.83,4.71,4.77,2290403,43842776.000
2007-09-03,4.83,4.99,4.70,4.94,5062274,99078464.000
2007-09-04,4.94,5.06,4.79,4.95,5279371,105143056.000
2007-09-05,4.96,5.06,4.88,5.05,4262248,85603432.000
2007-09-06,5.09,5.11,4.93,4.95,4215046,85350784.000
2007-09-07,4.87,4.95,4.67,4.68,4440844,85406224.000
2007-09-10,4.69,4.86,4.59,4.86,2989962,57503656.000
2007-09-11,4.56,4.88,4.54,4.55,2799490,53176976.000
2007-09-12,4.09,4.54,4.09,4.51,4345583,75232776.000
2007-09-13,4.46,4.66,4.34,4.45,2274404,40678848.000
2007-09-14,4.74,4.74,4.24,4.45,2995477,54126196.000
2007-09-17,4.46,4.48,4.36,4.42,1906777,33873104.000
2007-09-18,4.42,4.52,4.33,4.37,2758648,48923148.000
2007-09-19,4.34,4.43,4.31,4.33,1570178,27517172.000
2007-09-20,4.36,4.49,4.32,4.36,1775286,31381758.000
2007-09-21,4.36,4.39,3.92,4.10,3291636,54768468.000
2007-09-24,4.10,4.28,3.88,4.27,3609868,59005400.000
2007-09-25,4.21,4.21,4.06,4.10,1836600,30662376.000
2007-09-26,4.10,4.15,3.89,3.94,2899126,46499324.000
2007-09-27,3.55,3.96,3.55,3.85,2129164,32878180.000
2007-09-28,3.86,3.96,3.86,3.88,1674196,26406436.000
2007-10-08,3.93,4.05,3.81,3.94,3371750,53707780.000
2007-10-09,3.98,4.00,3.86,3.93,1918642,30539500.000
2007-10-10,3.94,4.01,3.89,4.00,3476706,55426816.000
2007-10-11,4.07,4.41,4.04,4.41,8664699,149772512.000
2007-10-12,4.47,4.51,3.96,4.13,6014512,102982928.000
2007-10-15,4.15,4.21,3.81,3.93,3314606,52372052.000
2007-10-16,3.89,4.04,3.81,3.98,1895706,30197564.000
2007-10-17,3.98,4.01,3.86,3.89,1794985,28384660.000
2007-10-18,3.86,3.89,3.68,3.69,2620766,39828300.000
2007-10-19,3.69,3.79,3.67,3.69,1365455,20468452.000
2007-10-22,3.67,3.69,3.53,3.54,1280895,18659616.000
2007-10-23,3.54,3.61,3.47,3.57,921541,13141891.000
2007-10-24,3.55,3.84,3.49,3.65,2048059,30509108.000
2007-10-25,3.61,3.61,3.28,3.29,1767959,24317314.000
2007-10-26,3.28,3.37,3.15,3.19,1484587,19481268.000
2007-10-29,3.21,3.40,3.21,3.26,966510,12831796.000
2007-10-31,3.59,3.59,3.41,3.59,971514,14090218.000
2007-11-01,3.86,3.96,3.71,3.96,7020250,110055328.000
2007-11-02,3.86,4.00,3.75,3.82,3069334,47699588.000
2007-11-05,3.82,3.85,3.58,3.59,1622990,24224880.000
2007-11-06,3.59,3.66,3.49,3.59,1273861,18489124.000
2007-11-07,3.67,3.95,3.66,3.95,3609728,57312568.000
2007-11-08,3.94,3.96,3.62,3.66,2987007,45940468.000
2007-11-09,3.67,3.83,3.61,3.79,1921286,29218936.000
2007-11-12,3.67,3.74,3.46,3.65,1410970,20648148.000
2007-11-13,3.67,3.81,3.66,3.75,1171928,17663770.000
2007-11-14,3.80,3.84,3.71,3.82,1491304,22829432.000
2007-11-15,3.79,3.79,3.63,3.68,1439328,21453188.000
2007-11-16,3.66,3.66,3.51,3.63,864428,12515037.000
2007-11-19,3.74,3.96,3.74,3.90,4415271,69696464.000
2007-11-20,3.84,3.94,3.79,3.91,2119701,33296144.000
2007-11-21,3.91,3.95,3.86,3.93,1949878,30857104.000
2007-11-22,3.81,3.92,3.66,3.66,1533246,23358906.000
2007-11-23,3.66,3.79,3.59,3.76,1138831,16854312.000
2007-11-26,3.84,3.84,3.63,3.64,1010190,15276402.000
2007-11-27,3.56,3.69,3.54,3.54,1011714,14644253.000
2007-11-28,3.61,3.61,3.38,3.43,856965,12135921.000
2007-11-29,3.45,3.54,3.36,3.50,1283692,17978672.000
2007-11-30,3.53,3.57,3.40,3.43,1219056,17127348.000
2007-12-03,3.46,3.77,3.44,3.77,3711173,56214404.000
2007-12-04,3.89,3.93,3.66,3.70,4043049,61969160.000
2007-12-05,3.70,3.77,3.62,3.72,1614958,24150032.000
2007-12-06,3.73,3.85,3.69,3.75,1119931,17030262.000
2007-12-07,3.82,3.87,3.79,3.82,1836747,28379268.000
2007-12-10,3.78,3.95,3.71,3.93,3239284,50477936.000
2007-12-11,3.96,4.01,3.88,3.91,2473853,39255280.000
2007-12-12,3.91,3.92,3.79,3.82,2150200,33280632.000
2007-12-13,3.80,3.95,3.76,3.85,2917484,45411892.000
2007-12-14,3.81,3.94,3.71,3.91,2204057,34363232.000
2007-12-17,3.96,3.98,3.66,3.68,2717007,41283720.000
2007-12-18,3.68,3.75,3.61,3.65,1090540,16201093.000
2007-12-19,3.67,3.75,3.66,3.74,1579868,23678994.000
2007-12-20,3.78,3.86,3.68,3.81,1799759,27460024.000
2007-12-21,3.81,3.96,3.74,3.96,3948829,61686408.000
2007-12-24,4.06,4.17,3.98,4.05,5691500,93592856.000
2007-12-25,4.09,4.13,4.01,4.11,4516495,74301624.000
2007-12-26,4.11,4.31,4.07,4.24,4175760,70138152.000
2007-12-27,4.23,4.34,4.16,4.30,4014705,69303224.000
2007-12-28,4.34,4.38,4.15,4.15,2664343,45528208.000
2008-01-02,4.16,4.38,4.06,4.29,4588235,78579528.000
2008-01-03,4.29,4.46,4.22,4.39,4669980,82716616.000
2008-01-04,4.39,4.49,4.36,4.38,2939644,52181924.000
2008-01-07,4.38,4.45,4.24,4.39,2783146,49291764.000
2008-01-08,4.39,4.41,4.13,4.19,3995373,68586792.000
2008-01-09,4.13,4.24,4.12,4.21,2274893,38366848.000
2008-01-10,4.23,4.36,4.23,4.31,2908025,50381360.000
2008-01-11,4.31,4.41,4.29,4.37,4479692,78708976.000
2008-01-14,4.40,4.56,4.30,4.52,4578717,82418904.000
2008-01-15,4.52,4.61,4.41,4.52,3358590,61277232.000
2008-01-16,4.53,4.53,4.37,4.44,3598851,64705808.000
2008-01-18,4.30,4.41,4.21,4.39,2558186,44489220.000
2008-01-21,4.36,4.40,3.95,3.99,2304995,38801096.000
2008-01-22,3.91,3.91,3.59,3.59,1999350,29583252.000
2008-01-23,3.49,3.71,3.38,3.62,2481581,35788148.000
2008-01-24,3.66,3.71,3.49,3.67,3029853,44152312.000
2008-01-25,3.62,3.88,3.59,3.87,3514877,53508436.000
2008-01-28,3.86,3.86,3.48,3.48,2234671,32990020.000
2008-01-29,3.50,3.67,3.44,3.53,895185,12762233.000
2008-01-30,3.72,3.84,3.51,3.59,1229018,18063836.000
2008-01-31,3.62,3.68,3.47,3.49,626532,8960625.000
2008-02-01,3.42,3.54,3.14,3.23,1447642,19225352.000
2008-02-04,3.31,3.53,3.26,3.50,767762,10614661.000
2008-02-05,3.46,3.61,3.42,3.61,1087879,15625987.000
2008-02-13,3.60,3.60,3.46,3.55,659961,9405648.000
2008-02-14,3.58,3.61,3.54,3.61,498773,7223539.000
2008-02-15,3.56,3.59,3.48,3.56,557717,7916480.000
2008-02-18,3.56,3.66,3.56,3.65,1034130,15113914.000
2008-02-19,3.65,3.87,3.49,3.86,2390998,36543496.000
2008-02-20,3.92,4.02,3.86,3.87,4481563,71349720.000
2008-02-21,3.84,3.87,3.74,3.79,1482394,22635912.000
2008-02-22,3.79,3.82,3.53,3.63,1138187,16770548.000
2008-02-25,3.62,3.71,3.54,3.54,805880,11650694.000
2008-02-26,3.60,3.66,3.54,3.59,808644,11703063.000
2008-02-27,3.61,3.70,3.54,3.67,772914,11412241.000
2008-02-28,3.70,3.70,3.61,3.62,877600,12992902.000
2008-02-29,3.62,3.71,3.49,3.70,781089,11588661.000
2008-03-03,3.69,3.76,3.56,3.75,1251110,18689462.000
2008-03-04,3.71,3.82,3.64,3.64,1612790,24280034.000
2008-03-05,3.60,3.67,3.53,3.64,2367521,34181324.000
2008-03-06,3.76,3.96,3.69,3.90,5111281,78988432.000
2008-03-07,3.96,4.01,3.81,3.85,4245974,67329888.000
2008-03-10,3.92,3.92,3.64,3.68,1560694,23631136.000
2008-03-11,3.68,3.73,3.54,3.70,952587,13953664.000
2008-03-12,3.76,3.79,3.62,3.63,880000,13185038.000
2008-03-13,3.55,3.64,3.49,3.57,1083370,15562556.000
2008-03-14,3.60,3.61,3.49,3.58,1186560,17052868.000
2008-03-17,3.52,3.52,3.29,3.30,730461,10089564.000
2008-03-18,3.37,3.42,2.97,3.02,1473138,18961172.000
2008-03-19,3.08,3.18,3.02,3.10,1394271,17513838.000
2008-03-20,3.10,3.21,2.93,3.20,1093238,13679994.000
2008-03-21,3.16,3.43,3.11,3.25,911417,12088831.000
2008-03-24,3.33,3.33,3.21,3.25,1181647,15639913.000
2008-03-25,3.16,3.33,3.15,3.29,780946,10281028.000
2008-03-26,3.33,3.35,3.23,3.25,529757,7063050.000
2008-03-27,3.21,3.31,3.14,3.21,1274578,16647872.000
2008-03-28,3.16,3.31,3.09,3.30,1079228,14189213.000
2008-03-31,3.22,3.24,3.11,3.12,561596,7214514.000
2008-04-01,3.11,3.19,2.80,2.80,1201460,14076875.000
2008-04-02,2.83,2.86,2.52,2.54,1622816,17173240.000
2008-04-03,2.54,2.63,2.41,2.63,830795,8465568.000
2008-04-07,2.56,2.78,2.47,2.76,1198473,13178585.000
2008-04-08,2.76,2.88,2.75,2.79,1430028,16271304.000
2008-04-09,2.75,2.81,2.54,2.57,823084,9076276.000
2008-04-10,2.51,2.65,2.49,2.61,625345,6517248.000
2008-04-11,2.61,2.77,2.61,2.75,955962,10467033.000
2008-04-14,2.72,2.72,2.48,2.48,908499,9578229.000
2008-04-15,2.46,2.54,2.33,2.54,700243,6955619.000
2008-04-16,2.52,2.53,2.41,2.46,441555,4415061.000
2008-04-17,2.62,2.62,2.41,2.47,1080229,11014061.000
2008-04-18,2.48,2.48,2.31,2.35,528093,5103589.000
2008-04-21,2.51,2.56,2.30,2.36,684471,6697033.000
2008-04-22,2.21,2.33,2.18,2.28,698663,6400411.000
2008-04-23,2.27,2.40,2.22,2.38,625133,5974340.000
2008-04-24,2.62,2.62,2.51,2.62,2383806,25139640.000
2008-04-25,2.62,2.75,2.56,2.66,2284003,24859886.000
2008-04-28,2.63,2.73,2.58,2.67,1289540,13948162.000
2008-04-29,2.66,2.66,2.60,2.61,1064277,11335104.000
2008-04-30,2.67,2.73,2.62,2.71,1501073,16405014.000
2008-05-05,2.73,2.80,2.68,2.78,1548142,17249480.000
2008-05-06,2.76,2.81,2.71,2.75,1645741,18419728.000
2008-05-07,2.71,2.75,2.57,2.58,1212233,13178847.000
2008-05-08,2.57,2.65,2.53,2.65,1359856,14302582.000
2008-05-12,2.67,2.68,2.58,2.65,1751430,18767038.000
2008-05-13,2.56,2.63,2.51,2.56,1541944,16058123.000
2008-05-14,2.56,2.70,2.56,2.70,2578080,27653268.000
2008-05-15,2.76,2.88,2.71,2.72,3870719,43923572.000
2008-05-16,2.70,2.78,2.61,2.67,1827397,19919844.000
2008-05-19,2.68,2.76,2.61,2.73,1715733,18864836.000
2008-05-20,2.72,2.77,2.53,2.56,2035629,22177280.000
2008-05-21,2.55,2.63,2.43,2.61,1769355,18062660.000
2008-05-22,2.62,2.71,2.58,2.62,2286014,24539174.000
2008-05-23,2.58,2.62,2.49,2.54,1316382,13533939.000
2008-05-26,2.53,2.55,2.45,2.45,980189,9904069.000
2008-05-27,2.51,2.51,2.45,2.46,919685,9218923.000
2008-05-28,2.53,2.53,2.46,2.49,546673,3697617.000
2008-05-29,2.49,2.49,2.35,2.38,2205799,14294262.000
2008-05-30,2.37,2.39,2.29,2.36,1309362,8273352.000
2008-06-02,2.33,2.36,2.25,2.34,1257436,7846903.000
2008-06-03,2.34,2.36,2.30,2.34,1188090,7480391.000
2008-06-04,2.35,2.35,2.22,2.28,1415303,8662319.000
2008-06-05,2.29,2.29,2.22,2.22,986990,5972495.000
2008-06-06,2.25,2.25,2.19,2.23,615810,3701473.000
2008-06-10,2.14,2.14,2.01,2.01,996149,5501099.000
2008-06-11,1.90,1.95,1.86,1.88,1738730,8938960.000
2008-06-12,1.88,2.07,1.88,2.07,8369776,46726268.000
2008-06-13,2.14,2.28,2.06,2.28,15724812,94028240.000
2008-06-16,2.22,2.22,2.05,2.14,7539745,43444736.000
2008-06-17,2.13,2.36,2.06,2.27,10751191,65956876.000
2008-06-18,2.21,2.38,2.04,2.31,10438146,62869032.000
2008-06-19,2.26,2.28,2.08,2.08,5515123,32368000.000
2008-06-20,1.99,2.12,1.87,1.92,7104540,37824136.000
2008-06-23,1.84,1.86,1.73,1.75,4497055,21702608.000
2008-06-24,1.76,1.82,1.69,1.78,2799061,13487310.000
2008-06-25,1.79,1.91,1.78,1.90,3814598,19272866.000
2008-06-26,1.88,1.97,1.88,1.92,3706695,19353906.000
2008-06-27,1.84,1.85,1.73,1.73,3705623,17794240.000
2008-06-30,1.67,1.77,1.60,1.69,1935092,8888098.000
2008-07-01,1.67,1.70,1.61,1.61,1569223,7003527.000
2008-07-02,1.61,1.67,1.60,1.66,1271914,5688996.000
2008-07-03,1.65,1.79,1.58,1.73,2337937,10851966.000
2008-07-04,1.70,1.79,1.70,1.74,2420814,11563786.000
2008-07-07,1.75,1.88,1.73,1.87,3406574,17009004.000
2008-07-08,1.87,1.88,1.80,1.88,3106840,15619650.000
2008-07-09,1.89,2.03,1.88,2.02,4974339,26753826.000
2008-07-10,1.95,2.14,1.91,2.01,5469732,30026102.000
2008-07-11,1.97,2.04,1.91,1.95,2664097,14242934.000
2008-07-14,1.97,2.01,1.94,1.99,1738520,9299081.000
2008-07-15,2.02,2.06,1.88,1.89,3106922,16569096.000
2008-07-16,1.84,1.88,1.71,1.76,2700413,12978456.000
2008-07-17,1.74,1.82,1.67,1.72,1716565,8195786.000
2008-07-18,1.73,1.79,1.65,1.78,1773219,8296166.000
2008-07-21,1.75,1.89,1.75,1.88,2397725,12029047.000
2008-07-22,1.90,1.95,1.87,1.89,2022144,10409897.000
2008-07-23,1.90,1.96,1.88,1.89,1354423,7043317.000
2008-07-24,1.90,2.01,1.90,1.98,3875504,20582676.000
2008-07-25,1.94,1.99,1.90,1.93,2416982,12712125.000
2008-07-28,1.95,2.13,1.95,2.13,4484270,25334820.000
2008-07-29,2.22,2.31,2.14,2.22,18614602,113527784.000
2008-07-30,2.17,2.36,2.17,2.34,12658991,79170152.000
2008-07-31,2.24,2.31,2.10,2.10,7672846,44850688.000
2008-08-01,2.07,2.14,1.94,2.07,6794444,37043768.000
2008-08-04,2.02,2.05,1.96,1.96,3763405,20408516.000
2008-08-05,1.96,1.99,1.84,1.86,3307442,17127904.000
2008-08-06,1.90,1.91,1.83,1.89,2447462,12477334.000
2008-08-07,1.91,1.95,1.88,1.95,1903594,9939928.000
2008-08-08,1.94,1.94,1.75,1.76,2884982,14386671.000
2008-08-11,1.77,1.78,1.58,1.58,2485388,10923208.000
2008-08-12,1.53,1.58,1.48,1.53,1565117,6525481.000
2008-08-13,1.51,1.55,1.42,1.53,1973106,8010126.000
2008-08-14,1.52,1.55,1.47,1.51,1350248,5588182.000
2008-08-18,1.52,1.54,1.36,1.36,1381166,5396316.000
2008-08-19,1.35,1.38,1.31,1.36,1215514,4491386.000
2008-08-20,1.37,1.50,1.33,1.50,1924255,7624421.000
2008-08-21,1.49,1.61,1.46,1.54,4379025,18502092.000
2008-08-22,1.50,1.55,1.43,1.48,1682464,6770650.000
2008-08-25,1.48,1.52,1.43,1.48,954800,3878547.000
2008-08-26,1.49,1.49,1.38,1.40,1053978,4100370.000
2008-08-27,1.39,1.48,1.38,1.45,920492,3594641.000
2008-08-28,1.46,1.48,1.42,1.44,780509,3088365.000
2008-08-29,1.45,1.51,1.43,1.48,1319604,5335786.000
2008-09-01,1.47,1.47,1.41,1.42,878944,3428653.000
2008-09-02,1.39,1.46,1.37,1.45,731598,2872526.000
2008-09-03,1.45,1.49,1.41,1.48,1393058,5545922.000
2008-09-04,1.50,1.63,1.48,1.58,6495147,28514120.000
2008-09-05,1.50,1.50,1.42,1.43,4736055,18685480.000
2008-09-08,1.40,1.42,1.30,1.32,1878614,6980336.000
2008-09-09,1.32,1.37,1.31,1.35,1000989,3682483.000
2008-09-10,1.34,1.39,1.31,1.37,1110668,4135827.000
2008-09-11,1.34,1.37,1.34,1.34,615799,2269774.000
2008-09-12,1.35,1.38,1.33,1.34,510444,1891299.000
2008-09-16,1.37,1.39,1.28,1.30,1497636,5500929.000
2008-09-17,1.28,1.33,1.22,1.23,1194230,4120710.000
2008-09-18,1.22,1.22,1.11,1.20,1451092,4621200.000
2008-09-19,1.31,1.33,1.28,1.33,1867586,6736171.000
2008-09-22,1.44,1.46,1.34,1.40,3969149,15289830.000
2008-09-23,1.35,1.35,1.26,1.27,1600933,5690223.000
2008-09-24,1.29,1.30,1.20,1.30,936430,3241197.000
2008-09-25,1.30,1.39,1.30,1.33,2111422,7711819.000
2008-09-26,1.33,1.41,1.29,1.38,2449850,9023382.000
2008-10-06,1.36,1.36,1.29,1.30,994390,3592474.000
2008-10-07,1.24,1.37,1.22,1.31,1285454,4567939.000
2008-10-08,1.31,1.31,1.26,1.28,666929,2345198.000
2008-10-09,1.31,1.34,1.25,1.26,943793,3301996.000
2008-10-10,1.20,1.22,1.13,1.14,1453023,4616411.000
2008-10-13,1.14,1.17,1.06,1.15,1323579,4024201.000
2008-10-14,1.19,1.22,1.16,1.17,1898861,6186588.000
2008-10-15,1.14,1.22,1.14,1.21,993257,3208958.000
2008-10-16,1.16,1.34,1.16,1.34,6885675,24286000.000
2008-10-17,1.34,1.44,1.28,1.39,9925670,36734204.000
2008-10-20,1.34,1.42,1.30,1.39,7046347,26430070.000
2008-10-21,1.39,1.40,1.31,1.32,5665480,20923544.000
2008-10-22,1.31,1.31,1.19,1.19,4521817,15355445.000
2008-10-23,1.20,1.27,1.19,1.24,3455851,11649616.000
2008-10-24,1.25,1.27,1.14,1.16,2944122,9534196.000
2008-10-27,1.14,1.14,1.04,1.04,2555749,7589002.000
2008-10-28,1.01,1.08,1.00,1.07,2346560,6771723.000
2008-10-29,1.08,1.09,0.98,1.00,2299721,6630567.000
2008-10-30,1.02,1.05,1.01,1.02,1288299,3650927.000
2008-10-31,1.03,1.03,0.99,1.00,645309,1804839.000
2008-11-03,1.00,1.02,0.98,0.98,691580,1909452.000
2008-11-04,0.98,1.00,0.90,0.93,1086669,2806544.000
2008-11-05,0.96,0.98,0.95,0.96,1139929,3041672.000
2008-11-06,0.94,1.00,0.91,0.99,920124,2427972.000
2008-11-07,0.96,1.02,0.96,1.00,1216074,3373462.000
2008-11-10,1.06,1.08,1.00,1.07,2264138,6570384.000
2008-11-11,1.08,1.11,1.05,1.05,2278425,6802445.000
2008-11-12,1.04,1.10,1.02,1.09,1575587,4578057.000
2008-11-13,1.07,1.15,1.05,1.13,3186480,9807610.000
2008-11-14,1.14,1.20,1.13,1.19,4355032,14020961.000
2008-11-17,1.19,1.24,1.13,1.23,3995535,13197816.000
2008-11-18,1.20,1.24,1.10,1.10,4298685,13632370.000
2008-11-19,1.09,1.19,1.07,1.18,3993027,12424132.000
2008-11-20,1.14,1.25,1.14,1.21,5246882,17291688.000
2008-11-21,1.17,1.29,1.11,1.27,6656320,22308444.000
2008-11-24,1.24,1.27,1.15,1.16,4346452,14449243.000
2008-11-25,1.18,1.20,1.10,1.13,2002210,6321110.000
2008-11-26,1.14,1.19,1.11,1.15,1821891,5783631.000
2008-11-27,1.27,1.27,1.25,1.27,7169128,25000056.000
2008-11-28,1.23,1.24,1.18,1.19,6276638,20810658.000
2008-12-01,1.16,1.22,1.13,1.21,3585621,11692676.000
2008-12-02,1.17,1.24,1.16,1.24,4452171,14807892.000
2008-12-03,1.24,1.30,1.23,1.28,5923619,20678134.000
2008-12-04,1.30,1.36,1.28,1.32,7605068,27453550.000
2008-12-05,1.29,1.39,1.29,1.38,7428381,27608808.000
2008-12-08,1.42,1.44,1.36,1.42,7498204,28716054.000
2008-12-09,1.42,1.42,1.34,1.34,4431894,16591377.000
2008-12-10,1.34,1.37,1.31,1.37,3620255,13311394.000
2008-12-11,1.37,1.45,1.34,1.41,8264842,31627040.000
2008-12-12,1.39,1.41,1.27,1.29,5111083,18637240.000
2008-12-15,1.30,1.32,1.25,1.30,2326824,8201218.000
2008-12-16,1.28,1.37,1.25,1.36,3815308,13792732.000
2008-12-17,1.37,1.41,1.34,1.36,4130180,15457935.000
2008-12-18,1.40,1.41,1.34,1.39,4871942,18422352.000
2008-12-19,1.38,1.45,1.38,1.40,5987637,23114122.000
2008-12-22,1.40,1.40,1.32,1.36,2981436,11032411.000
2008-12-23,1.36,1.37,1.22,1.25,4819193,16844720.000
2008-12-24,1.24,1.27,1.22,1.23,2906108,9939548.000
2008-12-25,1.22,1.25,1.14,1.20,2094118,6931873.000
2008-12-26,1.20,1.25,1.17,1.23,2064098,6903212.000
2008-12-29,1.22,1.23,1.15,1.22,1586215,5221597.000
2008-12-30,1.20,1.23,1.19,1.20,1358962,4526929.000
2008-12-31,1.19,1.21,1.15,1.16,897400,2898794.000
2009-01-05,1.17,1.21,1.16,1.20,1421815,4641551.000
2009-01-06,1.19,1.26,1.19,1.24,1837931,6201557.000
2009-01-07,1.32,1.37,1.32,1.37,3513196,13116498.000
2009-01-08,1.37,1.42,1.30,1.30,9303407,34652448.000
2009-01-09,1.30,1.32,1.27,1.31,3343688,11908201.000
2009-01-12,1.31,1.33,1.28,1.33,2603475,9347138.000
2009-01-13,1.32,1.32,1.25,1.27,2310001,8119850.000
2009-01-14,1.28,1.33,1.27,1.32,1973512,7024863.000
2009-01-15,1.30,1.35,1.29,1.33,2682035,9710166.000
2009-01-16,1.33,1.36,1.33,1.33,2962039,10889978.000
2009-01-19,1.33,1.36,1.32,1.34,1975479,7270931.000
2009-01-20,1.34,1.34,1.29,1.32,1731648,6205543.000
2009-01-21,1.31,1.36,1.30,1.35,2089251,7624991.000
2009-01-22,1.36,1.40,1.33,1.38,3459483,12966911.000
2009-01-23,1.38,1.38,1.34,1.35,1287367,4802050.000
2009-02-02,1.38,1.42,1.34,1.41,3468395,13103097.000
2009-02-03,1.41,1.45,1.39,1.45,6377127,24795976.000
2009-02-04,1.45,1.48,1.42,1.46,7058560,28002732.000
2009-02-05,1.46,1.52,1.42,1.43,6846134,27458042.000
2009-02-06,1.43,1.58,1.43,1.56,12385357,51217256.000
2009-02-09,1.58,1.62,1.53,1.61,10893473,46900244.000
2009-02-10,1.60,1.64,1.55,1.63,9189672,40318252.000
2009-02-11,1.61,1.68,1.58,1.61,10237321,45549136.000
2009-02-12,1.61,1.65,1.55,1.64,7032195,30527886.000
2009-02-13,1.64,1.81,1.64,1.81,10506320,50161064.000
2009-02-16,1.88,2.00,1.87,1.91,19358313,101706856.000
2009-02-17,1.90,1.91,1.81,1.82,7894725,39780512.000
2009-02-18,1.78,1.91,1.76,1.84,8053002,40218920.000
2009-02-19,1.86,1.93,1.85,1.91,6703567,34520976.000
2009-02-20,1.91,1.93,1.82,1.90,5059027,25718896.000
2009-02-23,1.90,2.00,1.89,1.99,8400142,44735928.000
2009-02-24,1.95,2.01,1.84,1.86,7552080,39356808.000
2009-02-25,1.85,1.90,1.73,1.79,5877547,28688088.000
2009-02-26,1.80,1.82,1.61,1.64,3722401,17548362.000
2009-02-27,1.63,1.65,1.50,1.52,3644347,15350812.000
2009-03-02,1.52,1.60,1.52,1.56,2682091,11447901.000
2009-03-03,1.54,1.60,1.51,1.58,2475025,10599063.000
2009-03-04,1.60,1.71,1.58,1.67,3375332,15256691.000
2009-03-05,1.69,1.77,1.64,1.72,4189791,19489780.000
2009-03-06,1.70,1.76,1.66,1.73,3428600,16125701.000
2009-03-10,1.70,1.74,1.59,1.73,3319481,15062254.000
2009-03-11,1.75,1.78,1.67,1.69,3205925,15139131.000
2009-03-12,1.72,1.75,1.64,1.75,2194798,10148074.000
2009-03-13,1.74,1.84,1.73,1.74,5074401,24722070.000
2009-03-16,1.73,1.80,1.70,1.80,3196130,15317812.000
2009-03-17,1.86,1.89,1.79,1.86,5529025,27713726.000
2009-03-18,1.86,1.89,1.82,1.84,5210014,26215438.000
2009-03-19,1.82,1.90,1.82,1.89,4317387,21871438.000
2009-03-20,1.88,1.90,1.85,1.89,4232569,21602312.000
2009-03-23,1.89,1.96,1.87,1.92,6002227,31341144.000
2009-03-24,1.93,1.95,1.87,1.90,4122975,21257152.000
2009-03-25,1.89,1.90,1.83,1.84,3611960,18400108.000
2009-03-26,1.83,1.88,1.79,1.88,3627166,18175394.000
2009-03-27,1.89,1.95,1.86,1.92,5239849,27179176.000
2009-03-30,1.94,1.95,1.88,1.91,3093295,16021053.000
2009-03-31,1.87,2.03,1.84,2.02,7143236,37726820.000
2009-04-01,2.03,2.16,2.02,2.09,11310255,64220392.000
2009-04-02,2.10,2.10,2.04,2.05,5423887,30398544.000
2009-04-03,2.10,2.19,2.06,2.16,8230104,47520444.000
2009-04-07,2.14,2.22,2.11,2.14,4947066,28902248.000
2009-04-08,2.14,2.14,2.04,2.04,4748200,27031224.000
2009-04-09,2.03,2.13,2.02,2.13,3906588,21996956.000
2009-04-10,2.14,2.26,2.14,2.26,6776397,40807712.000
2009-04-13,2.29,2.33,2.19,2.28,7559173,46282316.000
2009-04-14,2.28,2.38,2.24,2.38,6649273,42155016.000
2009-04-15,2.35,2.47,2.31,2.40,5223481,33839756.000
2009-04-16,2.40,2.40,2.29,2.33,5597246,35379832.000
2009-04-17,2.32,2.37,2.28,2.30,3458149,21822564.000
2009-04-20,2.29,2.42,2.29,2.40,4610327,29590280.000
2009-04-21,2.39,2.39,2.28,2.34,4141230,26065088.000
2009-04-22,2.34,2.37,2.17,2.20,5613817,34774144.000
2009-04-23,2.16,2.34,2.16,2.31,5252718,31974192.000
2009-04-24,2.36,2.55,2.36,2.43,14142361,95102896.000
2009-04-27,2.33,2.48,2.27,2.31,4747781,29879320.000
2009-04-28,2.31,2.41,2.29,2.35,4167272,26732052.000
2009-04-29,2.40,2.55,2.33,2.52,9482028,63037220.000
2009-04-30,2.60,2.63,2.51,2.60,8572404,59514392.000
2009-05-04,2.63,2.72,2.56,2.71,6454391,46511336.000
2009-05-05,2.70,2.89,2.70,2.80,7715874,58160272.000
2009-05-06,2.80,2.89,2.75,2.80,5429506,41213804.000
2009-05-07,2.82,2.84,2.62,2.73,6703621,49415648.000
2009-05-08,2.63,2.87,2.63,2.85,5968974,44748368.000
2009-05-11,2.89,2.92,2.67,2.69,5394577,40940316.000
2009-05-12,2.67,2.79,2.64,2.78,3374882,24687166.000
2009-05-13,2.76,2.89,2.74,2.81,5099562,39049112.000
2009-05-14,2.78,2.82,2.73,2.81,2642315,19786196.000
2009-05-15,2.80,2.96,2.80,2.91,5588651,43873928.000
2009-05-18,2.93,3.08,2.87,3.05,5366136,42960196.000
2009-05-19,3.09,3.22,3.02,3.03,9269901,78157208.000
2009-05-20,3.02,3.11,2.95,3.00,4906455,39939016.000
2009-05-25,2.85,2.92,2.74,2.91,5534368,42343460.000
2009-05-26,2.91,3.00,2.83,2.91,4604781,36256052.000
2009-05-27,2.90,2.92,2.82,2.86,2600732,20016922.000
2009-06-01,2.89,2.91,2.84,2.88,5223196,40445032.000
2009-06-02,2.89,2.98,2.85,2.89,6016122,47000676.000
2009-06-03,2.90,3.00,2.88,2.99,9790528,77933472.000
2009-06-04,2.97,3.15,2.94,3.14,12309665,100961408.000
2009-06-05,3.15,3.16,2.97,3.00,8322195,68386672.000
2009-06-08,3.02,3.03,2.89,2.92,5118310,40656896.000
2009-06-09,2.91,2.95,2.82,2.92,3214379,24985588.000
2009-06-10,2.89,2.98,2.89,2.92,3526574,27865312.000
2009-06-11,2.92,2.92,2.82,2.84,4261170,32826754.000
2009-06-12,2.84,2.84,2.66,2.70,4947190,36709136.000
2009-06-15,2.69,2.78,2.69,2.78,2717510,20113836.000
2009-06-16,2.76,2.78,2.72,2.76,1530900,11333674.000
2009-06-17,2.76,2.91,2.76,2.89,3985880,30527680.000
2009-06-18,2.91,3.00,2.85,2.95,6333839,49847832.000
2009-06-19,2.95,3.03,2.93,2.96,5875638,47192944.000
2009-06-22,3.00,3.00,2.79,2.81,5187219,40267628.000
2009-06-23,2.70,2.84,2.70,2.78,2746215,20496696.000
2009-06-24,2.80,2.82,2.74,2.78,1992121,14899754.000
2009-06-25,2.77,2.85,2.77,2.82,2532130,19281404.000
2009-06-26,2.82,2.85,2.76,2.79,6840071,51454976.000
2009-06-29,2.81,2.94,2.79,2.93,7781832,60772712.000
2009-06-30,2.92,2.94,2.87,2.90,3929372,30660992.000
2009-07-01,2.90,3.18,2.90,3.07,13266468,109200856.000
2009-07-02,3.08,3.22,3.04,3.16,11434306,96692608.000
2009-07-03,3.15,3.45,3.11,3.40,13431311,119921088.000
2009-07-06,3.43,3.43,3.25,3.35,11141469,100168536.000
2009-07-07,3.34,3.34,3.20,3.27,8073566,70755024.000
2009-07-08,3.20,3.34,3.15,3.29,6859433,59983356.000
2009-07-09,3.29,3.30,3.19,3.24,5526483,48135968.000
2009-07-10,3.21,3.35,3.21,3.33,7332820,65326716.000
2009-07-13,3.33,3.38,3.27,3.27,4120143,36621464.000
2009-07-14,3.26,3.33,3.24,3.30,5269656,46431940.000
2009-07-15,3.30,3.37,3.25,3.29,5712183,50910012.000
2009-07-16,3.29,3.37,3.22,3.30,7378504,65619012.000
2009-07-17,3.29,3.32,3.17,3.22,5890758,51212928.000
2009-07-20,3.19,3.24,3.14,3.19,5434791,46495520.000
2009-07-22,3.15,3.20,3.12,3.19,4010828,34094616.000
2009-07-23,3.21,3.33,3.17,3.27,6286482,55446420.000
2009-07-24,3.30,3.30,3.08,3.15,4669410,40054928.000
2009-07-27,3.15,3.18,3.10,3.17,3179179,26957136.000
2009-07-28,3.16,3.30,3.14,3.27,5384591,47070816.000
2009-07-29,3.24,3.32,2.95,3.03,5168735,44263864.000
2009-07-30,3.02,3.10,2.85,2.98,4635668,37001176.000
2009-07-31,2.99,3.04,2.94,3.04,2987155,24207194.000
2009-08-03,3.04,3.06,2.97,3.05,3852783,31262596.000
2009-08-04,3.04,3.11,3.03,3.09,3413207,28267016.000
2009-08-05,3.08,3.08,3.00,3.06,3634866,29793322.000
2009-08-06,3.03,3.14,2.99,3.08,4757731,39287360.000
2009-08-07,3.08,3.14,2.99,3.00,4430652,36901208.000
2009-08-10,3.00,3.06,2.85,2.94,3604958,28554084.000
2009-08-11,2.93,2.99,2.92,2.96,1921712,15319225.000
2009-08-12,2.96,2.97,2.85,2.87,2338764,18253192.000
2009-08-13,2.89,2.93,2.79,2.91,1965769,15279348.000
2009-08-14,2.89,2.97,2.82,2.84,2220786,17321020.000
2009-08-17,2.83,2.83,2.55,2.55,3208435,22857644.000
2009-08-18,2.52,2.58,2.44,2.51,2981220,20133084.000
2009-08-19,2.55,2.55,2.29,2.34,1830815,11930089.000
2009-08-20,2.29,2.47,2.29,2.47,4628530,30011460.000
2009-08-21,2.44,2.72,2.40,2.72,7462775,52179012.000
2009-08-24,2.73,2.79,2.61,2.72,5447819,39991972.000
2009-08-25,2.68,2.70,2.56,2.69,3734281,26378454.000
2009-08-26,2.67,2.84,2.59,2.80,4235416,31535940.000
2009-08-27,2.76,2.90,2.73,2.84,4131752,31708460.000
2009-08-28,2.84,2.88,2.76,2.85,3022122,22941644.000
2009-08-31,2.77,2.84,2.64,2.66,3777280,27882188.000
2009-09-01,2.66,2.78,2.65,2.73,3225541,23730412.000
2009-09-02,2.69,2.97,2.67,2.88,6641496,51394248.000
2009-09-03,2.85,3.12,2.80,3.03,10586138,83668704.000
2009-09-07,3.00,3.01,2.90,2.96,7544342,60124244.000
2009-09-08,2.93,3.21,2.91,3.06,11049458,92265968.000
2009-09-09,3.04,3.10,2.97,3.03,4734462,38438376.000
2009-09-10,3.01,3.11,2.97,2.97,4041080,33189104.000
2009-09-11,2.96,3.05,2.92,2.98,3630316,29342634.000
2009-09-14,2.96,3.10,2.96,3.09,4595402,37847724.000
2009-09-15,3.10,3.12,3.03,3.07,4442382,36753232.000
2009-09-16,3.05,3.07,2.93,3.04,4250016,34435736.000
2009-09-17,3.04,3.11,2.97,3.08,5354978,44459320.000
2009-09-18,3.08,3.13,2.96,2.97,4299859,35128332.000
2009-09-21,2.95,2.98,2.84,2.94,2573605,20097788.000
2009-09-22,2.94,2.95,2.84,2.85,2458326,19183676.000
2009-09-23,2.87,2.87,2.70,2.72,2018664,15326199.000
2009-09-24,2.72,2.80,2.66,2.75,1939862,14257362.000
2009-09-25,2.75,2.81,2.70,2.75,1306362,9774371.000
2009-09-28,2.76,2.81,2.64,2.65,1306750,9580071.000
2009-09-29,2.70,2.70,2.58,2.67,2282717,16251655.000
2009-09-30,2.70,2.80,2.64,2.71,1926834,14127926.000
2009-10-09,2.78,2.82,2.70,2.79,1523453,11413484.000
2009-10-12,2.80,2.84,2.70,2.76,1736460,12902165.000
2009-10-13,2.76,2.81,2.73,2.80,1611814,12036112.000
2009-10-14,2.81,2.88,2.79,2.84,2060512,15867480.000
2009-10-15,2.85,2.91,2.81,2.86,1547749,11965293.000
2009-10-16,2.86,2.88,2.81,2.87,1557731,11959588.000
2009-10-19,2.87,3.02,2.87,2.97,4092027,32585872.000
2009-10-20,2.97,3.02,2.93,2.98,2196681,17580726.000
2009-10-21,2.96,3.11,2.95,3.01,6020378,49653124.000
2009-10-22,2.97,3.03,2.94,2.97,2830345,22775458.000
2009-10-23,2.97,3.06,2.96,3.00,3075249,24947652.000
2009-10-26,3.00,3.09,2.97,3.09,5027480,41356120.000
2009-10-27,3.07,3.07,2.93,2.96,3484122,28177744.000
2009-10-28,2.93,2.99,2.87,2.97,1520701,12042995.000
2009-10-29,2.93,2.94,2.85,2.86,1683607,13100842.000
2009-10-30,2.91,2.99,2.88,2.97,1953143,15481375.000
2009-11-02,2.93,3.07,2.69,3.07,4716859,38509568.000
2009-11-03,3.06,3.10,3.03,3.10,4805643,39852448.000
2009-11-04,3.11,3.11,3.04,3.09,4141261,34376520.000
2009-11-05,3.10,3.15,3.06,3.15,5183535,43514852.000
2009-11-06,3.20,3.34,3.15,3.21,9498236,83682040.000
2009-11-09,3.23,3.27,3.12,3.22,5981043,51397096.000
2009-11-10,3.26,3.29,3.18,3.20,4897261,42410712.000
2009-11-11,3.19,3.30,3.03,3.30,6212094,54470880.000
2009-11-12,3.30,3.34,3.23,3.24,4935459,43566652.000
2009-11-13,3.21,3.29,3.21,3.27,4249065,37192112.000
2009-11-17,3.38,3.53,3.30,3.49,12870344,119074560.000
2009-11-18,3.45,3.50,3.39,3.44,5996443,55583516.000
2009-11-19,3.45,3.79,3.45,3.79,19640932,195343616.000
2009-11-20,3.80,4.08,3.72,3.98,19572182,207026752.000
2009-11-23,3.94,4.23,3.94,4.17,12804990,139360768.000
2009-11-24,4.14,4.24,3.94,3.96,14256190,156899088.000
2009-11-25,4.00,4.35,4.00,4.28,13351060,149183648.000
2009-11-26,4.26,4.47,3.87,4.03,16198895,182001808.000
2009-11-27,3.98,4.09,3.70,3.79,10491977,109380336.000
2009-11-30,3.81,4.04,3.79,4.00,8722645,91913712.000
2009-12-01,3.96,4.22,3.93,4.15,8294400,91337520.000
2009-12-02,4.12,4.46,4.12,4.39,10855385,126445008.000
2009-12-03,4.41,4.53,4.29,4.41,12630211,149761440.000
2009-12-04,4.41,4.53,4.21,4.26,10840916,126202864.000
2009-12-07,4.27,4.56,4.26,4.45,9687883,116035064.000
2009-12-08,4.45,4.60,4.42,4.45,7675453,92690096.000
2009-12-09,4.43,4.43,4.24,4.26,8291746,95712624.000
2009-12-10,4.26,4.34,4.16,4.24,4454777,50909572.000
2009-12-11,4.26,4.48,4.22,4.38,5375756,62498312.000
2009-12-14,4.36,4.41,4.19,4.37,4308785,49755816.000
2009-12-15,4.35,4.39,4.22,4.30,4499479,51788840.000
2009-12-16,4.24,4.35,4.21,4.34,5612210,64720656.000
2009-12-17,4.35,4.77,4.29,4.70,19117044,233101968.000
2009-12-18,4.57,4.68,4.34,4.53,10431428,124671728.000
2009-12-21,4.44,4.64,4.38,4.55,6380071,76971488.000
2009-12-22,4.54,4.76,4.38,4.40,9065631,111278920.000
2009-12-23,4.34,4.50,4.32,4.42,5626496,66886512.000
2009-12-24,4.42,4.60,4.36,4.59,8918398,108316080.000
2009-12-25,4.63,4.81,4.53,4.71,10232927,128881976.000
2009-12-28,4.77,4.96,4.75,4.92,13507959,176123632.000
2009-12-29,4.93,5.09,4.79,4.92,12261825,162246160.000
2009-12-30,4.92,5.03,4.85,4.95,8363106,110593208.000
2009-12-31,4.92,5.03,4.90,4.94,7149920,95152000.000
2010-01-04,4.98,5.00,4.82,4.92,5775290,76137024.000
2010-01-05,4.92,5.13,4.92,5.00,11000236,148324432.000
2010-01-06,5.03,5.12,4.94,5.03,7797466,105058752.000
2010-01-07,5.03,5.03,4.69,4.82,10710446,139124752.000
2010-01-08,4.83,4.98,4.69,4.86,6752984,87644304.000
2010-01-11,4.91,4.92,4.69,4.85,5508538,70808864.000
2010-01-12,4.85,4.96,4.74,4.88,7727679,101120768.000
2010-01-13,4.77,4.82,4.68,4.72,5420149,68969408.000
2010-01-14,4.72,4.85,4.71,4.79,5072465,65052464.000
2010-01-15,4.77,5.15,4.74,4.99,11765373,156208352.000
2010-01-18,5.03,5.16,4.98,5.09,12831641,173875856.000
2010-01-19,5.04,5.11,4.92,4.99,5351217,71425368.000
2010-01-20,4.98,5.00,4.68,4.69,5232018,67444272.000
2010-01-21,4.66,4.77,4.45,4.55,4826460,58915368.000
2010-01-22,4.48,4.64,4.39,4.57,4201533,50871388.000
2010-01-25,4.54,4.65,4.41,4.52,3387361,41154516.000
2010-01-26,4.51,4.56,4.07,4.08,5548080,63565172.000
2010-01-27,3.99,4.11,3.69,3.84,7772529,79700792.000
2010-01-28,3.79,3.85,3.71,3.82,3940391,40081984.000
2010-01-29,3.77,4.07,3.72,3.91,4027570,42138780.000
2010-02-01,3.91,3.98,3.83,3.95,3798770,39976316.000
2010-02-02,3.95,4.04,3.64,3.67,4196399,43212480.000
2010-02-03,3.69,3.82,3.49,3.78,5385817,53154300.000
2010-02-04,3.76,4.00,3.69,3.89,6492429,67286632.000
2010-02-05,3.77,3.83,3.69,3.74,4328704,43690500.000
2010-02-08,3.74,3.75,3.69,3.74,1652688,16517459.000
2010-02-09,3.74,3.79,3.70,3.72,1615287,16248903.000
2010-02-10,3.73,3.77,3.71,3.76,1139670,11445222.000
2010-02-11,3.78,3.81,3.72,3.77,1896517,19287646.000
2010-02-12,3.77,3.90,3.76,3.86,2813605,29116084.000
2010-02-22,3.86,3.90,3.78,3.85,2783067,28686252.000
2010-02-23,3.85,3.88,3.75,3.88,2718858,27927664.000
2010-02-24,3.85,4.15,3.81,4.14,8150951,88556160.000
2010-02-25,4.12,4.23,4.09,4.17,6528105,72868856.000
2010-02-26,4.16,4.29,4.13,4.17,5800548,65711216.000
2010-03-01,4.17,4.24,4.12,4.20,3633155,40760156.000
2010-03-02,4.18,4.21,4.08,4.15,3308211,36815144.000
2010-03-03,4.15,4.26,4.10,4.20,4126904,46595580.000
2010-03-04,4.20,4.37,4.13,4.16,6468318,73824104.000
2010-03-05,4.14,4.30,4.14,4.28,4319958,49189004.000
2010-03-08,4.32,4.54,4.32,4.46,7431258,88876848.000
2010-03-09,4.46,4.51,4.39,4.49,3743456,44966000.000
2010-03-10,4.49,4.54,4.35,4.36,3853182,45792152.000
2010-03-11,4.35,4.39,4.12,4.23,4725283,53778400.000
2010-03-12,4.18,4.24,4.15,4.15,2238829,25205544.000
2010-03-15,4.15,4.32,4.15,4.24,2874839,32843600.000
2010-03-16,4.30,4.35,4.23,4.30,1641103,18911504.000
2010-03-17,4.33,4.41,4.29,4.41,3109267,36485992.000
2010-03-18,4.42,4.60,4.42,4.55,5153808,62805824.000
2010-03-19,4.58,4.70,4.55,4.61,5503804,68415088.000
2010-03-22,4.62,4.72,4.60,4.70,4607328,57699908.000
2010-03-23,4.71,4.72,4.58,4.62,3426769,42681832.000
2010-03-24,4.61,4.68,4.58,4.62,2790096,34595168.000
2010-03-25,4.62,4.99,4.57,4.92,9780273,126850288.000
2010-03-26,4.98,5.02,4.77,4.94,13316878,175758976.000
2010-03-29,5.37,5.44,5.28,5.44,26110233,378896640.000
2010-03-30,5.52,5.63,5.42,5.46,38167608,564312640.000
2010-03-31,5.39,5.74,5.39,5.63,21968187,328267904.000
2010-04-01,5.60,5.71,5.54,5.66,17190103,258713680.000
2010-04-02,5.66,5.96,5.59,5.82,18139625,282162432.000
2010-04-06,5.81,5.86,5.71,5.77,11761051,181829408.000
2010-04-07,5.75,5.95,5.72,5.84,10821619,169424960.000
2010-04-08,5.78,5.95,5.76,5.82,10773347,169157200.000
2010-04-09,5.80,6.00,5.75,5.94,11682323,184193344.000
2010-04-12,5.92,6.14,5.90,6.09,13494613,218741200.000
2010-04-13,6.14,6.22,5.60,5.76,17359690,272638976.000
2010-04-14,5.76,5.85,5.69,5.75,8131279,125536032.000
2010-04-15,5.75,5.75,5.43,5.55,11099458,166086272.000
2010-04-16,5.48,5.69,5.39,5.60,7950790,118967952.000
2010-04-20,5.22,5.35,5.07,5.23,9870829,137995920.000
2010-04-21,5.23,5.36,5.15,5.33,8104966,114386544.000
2010-04-22,5.33,5.33,5.03,5.16,7454703,103411808.000
2010-04-23,5.12,5.31,5.11,5.28,7049804,99140816.000
2010-04-26,5.35,5.73,5.33,5.66,16852674,249655104.000
2010-04-27,5.54,5.59,5.24,5.36,9760053,140810976.000
2010-04-28,5.23,5.43,5.14,5.15,8208942,115810128.000
2010-04-29,5.25,5.48,5.01,5.03,7300382,46892388.000
2010-04-30,4.85,4.90,4.53,4.53,16001064,89233136.000
2010-05-04,4.32,4.49,4.21,4.29,10018725,52796144.000
2010-05-05,4.21,4.51,4.11,4.50,13170037,69515632.000
2010-05-06,4.39,4.49,4.15,4.20,10505685,55660508.000
2010-05-07,4.11,4.27,4.02,4.15,7902754,40035728.000
2010-05-10,4.16,4.25,4.02,4.21,8967850,45480460.000
2010-05-11,4.34,4.34,4.08,4.10,7512605,38248084.000
2010-05-12,4.08,4.15,3.91,4.06,7362770,36145844.000
2010-05-13,4.06,4.14,3.96,4.11,7875991,39023164.000
2010-05-14,4.09,4.15,3.99,4.07,7953768,39460804.000
2010-05-17,3.96,4.02,3.66,3.66,10645279,49574596.000
2010-05-18,3.66,3.94,3.61,3.89,13663685,62903504.000
2010-05-19,3.82,3.89,3.68,3.81,11437356,52747488.000
2010-05-20,3.77,3.83,3.69,3.70,6529328,29850936.000
2010-05-21,3.56,3.82,3.52,3.82,10755032,48854892.000
2010-05-24,3.87,4.20,3.84,4.20,13866826,69659152.000
2010-05-25,4.34,4.62,4.25,4.45,46841031,253033968.000
2010-05-26,4.40,4.49,4.28,4.46,18389784,98119072.000
2010-05-27,4.37,4.51,4.31,4.49,16023746,86732632.000
2010-05-28,4.49,4.55,4.34,4.40,13372882,72022280.000
2010-05-31,4.39,4.46,4.20,4.22,10139078,53509144.000
2010-06-01,4.17,4.17,3.95,4.06,9126991,45159912.000
2010-06-02,4.06,4.25,4.03,4.25,9113654,46035264.000
2010-06-03,4.26,4.29,4.14,4.15,7720958,39569988.000
2010-06-04,4.11,4.22,4.05,4.19,7434087,37437504.000
2010-06-07,4.06,4.16,4.01,4.10,5960530,29660566.000
2010-06-08,4.11,4.25,4.08,4.25,8061745,40818096.000
2010-06-09,4.21,4.56,4.19,4.47,30333597,162653744.000
2010-06-10,4.38,4.42,4.26,4.30,18995401,100145936.000
2010-06-11,4.29,4.33,4.15,4.15,18170038,93176208.000
2010-06-17,3.73,3.73,3.73,3.73,29686700,135074480.000
2010-06-18,3.45,3.65,3.39,3.47,79977945,343745280.000
2010-06-21,3.40,3.56,3.36,3.53,49601343,209955728.000
2010-06-22,3.49,3.58,3.44,3.58,40975866,175236208.000
2010-06-23,3.53,3.58,3.49,3.51,23406582,100712000.000
2010-06-24,3.53,3.55,3.45,3.47,19533486,82904784.000
2010-06-25,3.45,3.49,3.38,3.40,17968081,74910344.000
2010-06-28,3.40,3.40,3.30,3.31,21416760,87357208.000
2010-06-29,3.31,3.33,3.01,3.02,38100825,145953360.000
2010-06-30,3.01,3.01,2.81,2.82,43307293,151138032.000
2010-07-01,2.84,3.11,2.84,3.11,74500574,276038656.000
2010-07-02,3.19,3.36,3.09,3.28,143867113,562971840.000
2010-07-05,3.20,3.26,3.11,3.19,60197532,234156320.000
2010-07-06,3.15,3.31,3.13,3.30,81528995,318228896.000
2010-07-07,3.25,3.35,3.20,3.32,80150825,320681024.000
2010-07-08,3.30,3.37,3.21,3.24,59520093,238567456.000
2010-07-09,3.22,3.34,3.16,3.30,64714208,257958032.000
2010-07-12,3.31,3.51,3.26,3.39,73167376,303048160.000
2010-07-13,3.30,3.34,3.22,3.25,49761662,198715520.000
2010-07-14,3.25,3.30,3.22,3.25,33206183,132091768.000
2010-07-15,3.24,3.30,3.17,3.18,31532399,124676456.000
2010-07-16,3.14,3.20,3.07,3.17,30440783,116108944.000
2010-07-19,3.11,3.25,3.11,3.22,30638509,119511392.000
2010-07-20,3.23,3.40,3.21,3.36,62072231,250936592.000
2010-07-21,3.35,3.38,3.30,3.34,47620137,194034688.000
2010-07-22,3.34,3.64,3.32,3.58,105996222,451370976.000
2010-07-23,3.57,3.57,3.47,3.53,64538191,276863840.000
2010-07-26,3.53,3.56,3.46,3.53,40345469,172738928.000
2010-07-27,3.53,3.73,3.49,3.59,74291890,330134816.000
2010-07-29,3.74,3.84,3.63,3.69,86762102,394839904.000
2010-07-30,3.69,3.86,3.63,3.85,73174965,333865792.000
2010-08-02,3.85,4.24,3.80,4.24,136971008,684337024.000
2010-08-03,4.29,4.67,4.24,4.54,173627004,952203840.000
2010-08-04,4.54,4.99,4.35,4.96,153908728,859036224.000
2010-08-05,4.96,5.46,4.78,5.46,228170195,1469070592.000
2010-08-06,5.45,5.68,5.09,5.38,205721377,1340713088.000
2010-08-09,5.28,5.34,5.19,5.29,116055932,741609920.000
2010-08-10,5.30,5.64,5.26,5.35,175538346,1171259264.000
2010-08-11,5.30,5.39,5.18,5.30,91059538,582555328.000
2010-08-12,5.21,5.41,5.10,5.15,86867573,553613376.000
2010-08-13,5.15,5.20,4.97,5.18,83934140,520461504.000
2010-08-16,5.10,5.29,5.05,5.18,94559898,594674752.000
2010-08-17,5.18,5.55,5.12,5.46,150823969,992724288.000
2010-08-18,5.46,5.50,5.26,5.34,79369322,516247104.000
2010-08-19,5.31,5.34,5.20,5.30,60252862,385626432.000
2010-08-20,5.28,5.43,5.15,5.28,73781372,474787904.000
2010-08-23,5.25,5.41,5.20,5.32,64310982,415337984.000
2010-08-24,5.25,5.65,5.25,5.49,124276219,829454976.000
2010-08-25,5.42,5.48,5.22,5.23,80026983,517042816.000
2010-08-26,5.20,5.30,5.15,5.29,46424089,295459456.000
2010-08-27,5.25,5.28,5.04,5.10,56968650,356127968.000
2010-08-30,5.11,5.20,5.10,5.20,49445401,309727488.000
2010-08-31,5.17,5.20,5.06,5.15,49068193,305413056.000
2010-09-01,5.15,5.20,4.93,5.04,51662097,318159360.000
2010-09-02,5.07,5.51,4.96,5.34,136014694,869324160.000
2010-09-03,5.27,5.29,5.10,5.19,73192070,462444192.000
2010-09-06,5.19,5.43,5.10,5.25,70173425,448174496.000
2010-09-07,5.19,5.55,5.15,5.44,113706381,746502016.000
2010-09-08,5.38,5.98,5.34,5.98,182973140,1288115200.000
2010-09-09,5.99,6.50,5.99,6.31,197624893,1513497600.000
2010-09-10,6.31,6.57,5.96,6.10,125845387,953093888.000
2010-09-13,6.07,6.15,5.86,6.01,88311649,643397312.000
2010-09-14,5.99,6.25,5.93,6.08,80579656,599518080.000
2010-09-15,6.02,6.03,5.77,5.82,74097487,529304928.000
2010-09-16,5.82,5.82,5.35,5.46,68147246,459433248.000
2010-09-17,5.45,5.53,5.34,5.35,42612856,281275200.000
2010-09-20,5.37,5.40,5.11,5.16,38360169,243205552.000
2010-09-21,5.18,5.34,5.11,5.26,30910608,197462704.000
2010-09-27,5.30,5.49,5.20,5.44,34066316,221394432.000
2010-09-28,5.41,5.41,5.25,5.26,30461375,196604032.000
2010-09-29,5.25,5.26,5.11,5.14,28246181,177379984.000
2010-09-30,5.08,5.34,5.00,5.25,29901741,190499312.000
2010-10-08,5.26,5.38,5.08,5.28,43409825,277374752.000
2010-10-11,5.26,5.41,5.19,5.35,51272037,331263968.000
2010-10-12,5.31,5.37,5.25,5.30,42614073,274008768.000
2010-10-13,5.29,5.84,5.23,5.84,119213067,826103040.000
2010-10-14,6.15,6.15,5.53,5.56,136437358,966887808.000
2010-10-15,5.41,5.50,5.24,5.39,67351333,439946272.000
2010-10-18,5.37,5.51,5.26,5.37,50751164,332402304.000
2010-10-19,5.34,5.59,5.28,5.51,51971236,342705888.000
2010-10-20,5.33,5.40,5.26,5.33,47892446,310651968.000
2010-10-21,5.30,5.42,5.25,5.36,32544414,211239968.000
2010-10-22,5.36,5.50,5.29,5.44,45376662,296967072.000
2010-10-25,5.44,5.72,5.39,5.55,60875687,414359776.000
2010-10-26,5.56,5.68,5.45,5.67,62601623,426041568.000
2010-10-27,5.68,6.13,5.68,5.82,103280868,744190336.000
2010-10-28,5.76,6.00,5.68,5.72,57182525,403705728.000
2010-10-29,5.72,5.72,5.52,5.58,46843989,317830304.000
2010-11-01,5.53,5.66,5.48,5.61,49004569,331813184.000
2010-11-02,5.68,5.77,5.53,5.65,67534696,462779840.000
2010-11-03,5.62,5.65,5.49,5.49,37910316,256278176.000
2010-11-04,5.47,5.56,5.44,5.55,40054670,267374608.000
2010-11-05,5.56,5.60,5.48,5.56,40435970,272319232.000
2010-11-08,5.61,5.84,5.61,5.83,79701632,558198784.000
2010-11-09,5.88,5.89,5.68,5.74,50848211,354065952.000
2010-11-10,5.75,5.76,5.59,5.65,41487285,284182112.000
2010-11-11,5.63,5.73,5.53,5.58,49416508,338784320.000
2010-11-12,5.57,5.67,5.06,5.10,61835825,406496672.000
2010-11-15,5.10,5.18,5.01,5.17,32632629,202308512.000
2010-11-17,4.93,4.93,4.67,4.71,31858293,187273248.000
2010-11-18,4.75,4.82,4.61,4.75,20481208,117575872.000
2010-11-19,4.79,4.79,4.58,4.74,24063022,137336416.000
2010-11-22,4.72,5.06,4.64,5.01,43721454,259049920.000
2010-11-23,4.95,4.97,4.74,4.80,25054277,147547392.000
2010-11-24,4.74,4.89,4.68,4.86,19989981,117106368.000
2010-11-25,4.88,5.04,4.82,4.93,27916391,167631024.000
2010-11-26,4.92,4.93,4.81,4.84,19911953,117591936.000
2010-11-29,4.81,4.87,4.73,4.82,16274651,94912248.000
2010-11-30,4.83,4.86,4.50,4.62,23717071,134412192.000
2010-12-01,4.63,4.66,4.57,4.63,12285469,68950688.000
2010-12-02,4.66,4.74,4.63,4.64,14327621,81348120.000
2010-12-03,4.64,4.70,4.60,4.64,12124450,68615080.000
2010-12-06,4.63,4.66,4.52,4.53,14816046,82302296.000
2010-12-07,4.53,4.57,4.36,4.55,15504779,84386816.000
2010-12-08,4.55,4.56,4.45,4.47,12910890,70867768.000
2010-12-09,4.44,4.44,4.25,4.26,20263800,106795376.000
2010-12-10,4.25,4.27,4.17,4.26,15355732,78982360.000
2010-12-13,4.26,4.37,4.26,4.36,17821819,93880032.000
2010-12-14,4.37,4.51,4.33,4.49,24100488,130318648.000
2010-12-15,4.47,4.47,4.39,4.39,15841136,85265368.000
2010-12-16,4.38,4.84,4.36,4.84,84853044,493587232.000
2010-12-17,4.84,4.97,4.77,4.78,73183933,433583904.000
2010-12-20,4.77,4.80,4.44,4.59,36033744,202225024.000
2010-12-21,4.60,4.83,4.49,4.77,38627585,221258000.000
2010-12-22,4.68,4.79,4.57,4.60,30120887,171033152.000
2010-12-23,4.56,4.63,4.50,4.51,17627074,97448408.000
2010-12-24,4.49,4.58,4.42,4.53,15029327,82671904.000
2010-12-27,4.44,4.53,4.28,4.32,22106567,119254712.000
2010-12-28,4.32,4.34,4.19,4.20,14424175,74660960.000
2010-12-29,4.19,4.27,4.18,4.26,9211976,47475512.000
2010-12-30,4.25,4.26,4.19,4.25,8334742,42862756.000
2010-12-31,4.25,4.34,4.21,4.34,10585644,55487888.000
2011-01-04,4.37,4.61,4.34,4.50,19379747,106062720.000
2011-01-05,4.45,4.62,4.44,4.50,15154880,83538536.000
2011-01-06,4.51,4.54,4.43,4.45,10211234,55511112.000
2011-01-07,4.45,4.55,4.42,4.47,15547637,85127944.000
2011-01-10,4.44,4.51,4.27,4.30,12771891,68369648.000
2011-01-11,4.26,4.40,4.23,4.34,10850074,57082804.000
2011-01-12,4.35,4.53,4.31,4.46,17522501,94773288.000
2011-01-13,4.43,4.51,4.36,4.39,10856466,58371116.000
2011-01-14,4.35,4.38,4.28,4.30,9859884,51739908.000
2011-01-17,4.27,4.29,4.15,4.17,13567025,69445168.000
2011-01-18,4.17,4.17,4.07,4.14,9203500,46089296.000
2011-01-19,4.13,4.23,4.08,4.22,9597163,48569136.000
2011-01-20,4.22,4.22,4.03,4.04,11184613,56036888.000
2011-01-21,4.02,4.17,3.99,4.08,8230517,40932004.000
2011-01-24,4.08,4.08,4.00,4.01,8060685,39504696.000
2011-01-25,4.06,4.06,3.90,3.92,7328623,35253808.000
2011-01-26,3.94,3.98,3.92,3.97,5616618,27072154.000
2011-01-27,3.90,3.96,3.76,3.96,11242971,53390000.000
2011-01-28,3.96,4.04,3.94,4.00,8199031,39963632.000
2011-01-31,4.01,4.04,3.96,4.04,7717991,37569048.000
2011-02-01,4.05,4.07,4.01,4.06,6492122,31969488.000
2011-02-09,4.01,4.04,3.96,3.96,6596454,32049020.000
2011-02-10,3.96,4.35,3.95,4.23,22368478,114883344.000
2011-02-11,4.19,4.29,4.15,4.25,16634382,85835816.000
2011-02-14,4.25,4.34,4.23,4.31,19755180,103056304.000
2011-02-15,4.31,4.34,4.25,4.26,16123846,84326680.000
2011-02-16,4.26,4.27,4.17,4.26,13792135,71018576.000
2011-02-17,4.28,4.29,4.19,4.23,14241234,73216144.000
2011-02-18,4.20,4.48,4.20,4.31,30016418,159519552.000
2011-02-21,4.30,4.33,4.21,4.32,18337818,95441840.000
2011-02-22,4.33,4.34,4.17,4.18,17796690,91608408.000
2011-02-23,4.18,4.25,4.15,4.22,9865537,50571700.000
2011-02-24,4.22,4.33,4.19,4.30,17783193,92338864.000
2011-02-25,4.30,4.30,4.20,4.25,11963641,61825372.000
2011-02-28,4.25,4.47,4.25,4.44,31986743,169590192.000
2011-03-01,4.39,4.46,4.34,4.42,31597280,169141808.000
2011-03-02,4.39,4.41,4.29,4.36,17748483,93823120.000
2011-03-03,4.35,4.44,4.30,4.31,17130778,91071560.000
2011-03-04,4.30,4.42,4.29,4.38,16350520,86756048.000
2011-03-07,4.38,4.52,4.38,4.46,29494189,159429696.000
2011-03-08,4.46,4.49,4.39,4.44,18941421,102255848.000
2011-03-09,4.45,4.46,4.39,4.42,14925938,80173952.000
2011-03-10,4.43,4.44,4.32,4.36,17230401,91574720.000
2011-03-11,4.36,4.39,4.31,4.32,12967311,68610480.000
2011-03-14,4.29,4.32,4.24,4.30,12591505,65590372.000
2011-03-15,4.29,4.29,4.11,4.19,18812516,95601664.000
2011-03-16,4.19,4.24,4.16,4.22,11655015,59680988.000
2011-03-17,4.18,4.30,4.11,4.25,22594707,116473456.000
2011-03-18,4.27,4.36,4.24,4.34,19077802,99944896.000
2011-03-21,4.34,4.55,4.34,4.40,45132099,243899696.000
2011-03-22,4.40,4.41,4.25,4.30,17722257,93031824.000
2011-03-23,4.30,4.44,4.28,4.39,19249918,102414048.000
2011-03-24,4.39,4.40,4.32,4.32,16563247,87605584.000
2011-03-25,4.33,4.40,4.30,4.37,19371473,102838184.000
2011-03-28,4.39,4.48,4.36,4.39,23932933,128381592.000
2011-03-29,4.39,4.66,4.32,4.55,66950887,368418624.000
2011-03-30,4.51,4.54,4.41,4.44,31237964,169743888.000
2011-03-31,4.44,4.57,4.42,4.47,27834084,152143136.000
2011-04-01,4.48,4.51,4.39,4.49,18342898,99177128.000
2011-04-06,4.44,4.52,4.42,4.48,22755636,124098216.000
2011-04-07,4.49,4.53,4.44,4.46,18908838,102935896.000
2011-04-08,4.45,4.45,4.37,4.42,22045767,118249160.000
2011-04-11,4.41,4.42,4.31,4.32,22976730,121710464.000
2011-04-12,4.31,4.42,4.30,4.39,16801990,89381400.000
2011-04-13,4.38,4.45,4.33,4.44,19144703,102571384.000
2011-04-14,4.42,4.43,4.36,4.40,14303184,76428888.000
2011-04-15,4.40,4.57,4.37,4.49,41850379,227778144.000
2011-04-18,4.48,4.52,4.44,4.49,25227107,137538752.000
2011-04-19,4.47,4.47,4.35,4.37,21725098,115944368.000
2011-04-20,4.37,4.43,4.35,4.38,14516316,77418128.000
2011-04-21,4.39,4.41,4.34,4.37,15800973,84134056.000
2011-04-22,4.37,4.41,4.32,4.39,19051322,101401480.000
2011-04-25,4.38,4.38,4.25,4.27,15642735,82224744.000
2011-04-26,4.26,4.26,4.15,4.19,11709942,59838924.000
2011-04-27,4.19,4.23,4.07,4.11,12355842,62463460.000
2011-04-28,4.13,4.15,3.91,3.93,12402335,60850936.000
2011-04-29,3.92,4.03,3.91,4.01,7389027,35822916.000
2011-05-03,4.02,4.15,3.99,4.11,15208237,75617920.000
2011-05-04,4.10,4.10,3.96,4.00,9521307,46733156.000
2011-05-05,3.98,4.13,3.96,4.07,13304601,65854868.000
2011-05-06,4.02,4.06,4.00,4.04,7184322,35244136.000
2011-05-09,4.03,4.10,4.02,4.09,7928939,39283952.000
2011-05-10,4.07,4.10,4.03,4.07,6070481,29979380.000
2011-05-11,4.08,4.14,4.03,4.09,15104765,75347520.000
2011-05-12,4.05,4.21,4.04,4.06,15209401,76462448.000
2011-05-16,4.11,4.18,4.09,4.15,15020308,75810000.000
2011-05-17,4.15,4.25,4.14,4.20,20792287,106196432.000
2011-05-18,4.20,4.20,4.09,4.20,10989832,55631328.000
2011-05-19,4.20,4.20,4.11,4.11,9509043,48049696.000
2011-05-20,4.12,4.24,4.07,4.21,14796612,75074912.000
2011-05-23,4.17,4.19,4.03,4.04,17074712,85395872.000
2011-05-24,4.00,4.15,4.00,4.15,13790846,68624544.000
2011-05-25,4.19,4.26,4.13,4.15,31363366,160170608.000
2011-05-26,4.19,4.19,4.01,4.01,15227758,75458240.000
2011-05-27,4.00,4.01,3.61,3.70,18140530,84051416.000
2011-05-30,3.68,3.69,3.53,3.58,7303172,32206380.000
2011-06-01,3.65,3.68,3.62,3.67,6804497,30366920.000
2011-06-02,3.63,3.64,3.57,3.63,6152018,27039192.000
2011-06-03,3.63,3.71,3.61,3.69,6063431,27141188.000
2011-06-07,3.69,3.73,3.67,3.71,4768053,21489588.000
2011-06-08,3.71,3.75,3.63,3.73,8416740,37890352.000
2011-06-09,3.75,3.87,3.74,3.75,9157124,38503220.000
2011-06-10,3.75,3.76,3.68,3.74,7042218,28989744.000
2011-06-13,3.70,3.72,3.66,3.70,4681865,19090398.000
2011-06-14,3.70,3.82,3.69,3.76,9261217,38649924.000
2011-06-15,3.74,3.77,3.72,3.72,6742485,27878778.000
2011-06-16,3.70,3.73,3.66,3.67,5647189,23018076.000
2011-06-17,3.66,3.69,3.64,3.65,5396299,21881580.000
2011-06-20,3.62,3.68,3.62,3.64,4764745,19190592.000
2011-06-21,3.65,3.70,3.64,3.68,5443300,22092988.000
2011-06-22,3.69,3.70,3.64,3.65,4256232,17248198.000
2011-06-23,3.65,3.71,3.62,3.70,6545938,26575570.000
2011-06-24,3.69,3.78,3.67,3.77,12764529,52957848.000
2011-06-27,3.78,3.80,3.74,3.76,10054531,41866524.000
2011-06-28,3.76,3.84,3.74,3.82,13363626,56201356.000
2011-06-29,3.84,3.84,3.73,3.74,8875018,36947720.000
2011-06-30,3.73,3.78,3.72,3.75,6325460,26271114.000
2011-07-01,3.75,3.81,3.74,3.78,9544266,39950808.000
2011-07-04,3.80,3.86,3.75,3.84,13246535,56076888.000
2011-07-05,3.84,3.91,3.81,3.85,10379202,44251372.000
2011-07-06,3.85,3.85,3.79,3.84,8644339,36439696.000
2011-07-07,3.83,3.84,3.79,3.80,8933818,37632368.000
2011-07-08,3.79,3.82,3.77,3.80,6372887,26718142.000
2011-07-11,3.80,3.86,3.75,3.83,8715169,36613976.000
2011-07-12,3.80,3.80,3.71,3.72,10502209,43515516.000
2011-07-13,3.73,3.77,3.73,3.76,6607499,27377064.000
2011-07-14,3.76,3.79,3.74,3.78,8718239,36318656.000
2011-07-15,3.76,3.83,3.71,3.80,15631055,65309856.000
2011-07-18,3.79,4.11,3.76,4.02,46219916,201711872.000
2011-07-19,3.94,4.09,3.91,4.06,51034619,226369248.000
2011-07-20,4.06,4.07,3.95,3.97,18805280,83032512.000
2011-07-21,3.96,3.97,3.84,3.85,14389848,61876648.000
2011-07-22,3.84,4.01,3.81,3.94,15809102,68425472.000
2011-07-25,3.88,3.91,3.70,3.74,14543245,61031440.000
2011-07-26,3.73,3.79,3.73,3.76,6826497,28329092.000
2011-07-27,3.75,3.79,3.71,3.77,6825702,28317088.000
2011-07-28,3.75,3.75,3.69,3.71,9228055,37837384.000
2011-07-29,3.71,3.75,3.66,3.69,6161024,25261372.000
2011-08-01,3.69,3.73,3.67,3.69,4456251,18226380.000
2011-08-02,3.69,3.71,3.63,3.66,6154988,24841612.000
2011-08-03,3.64,3.71,3.63,3.68,5916437,24018020.000
2011-08-04,3.70,3.76,3.68,3.72,7046980,29009700.000
2011-08-05,3.61,3.75,3.53,3.68,10204935,41199116.000
2011-08-08,3.62,3.64,3.31,3.39,11096092,42720252.000
2011-08-09,3.25,3.40,3.16,3.36,12625400,46056632.000
2011-08-10,3.41,3.48,3.39,3.40,8830300,33607704.000
2011-08-11,3.33,3.45,3.27,3.44,9406201,35378152.000
2011-08-12,3.48,3.56,3.44,3.51,11111226,43173540.000
2011-08-15,3.51,3.56,3.50,3.52,6857295,26711098.000
2011-08-16,3.50,3.58,3.50,3.53,7149513,27981288.000
2011-08-17,3.52,3.58,3.47,3.50,6067993,23642070.000
2011-08-18,3.50,3.68,3.49,3.54,16097875,63697524.000
2011-08-19,3.44,3.53,3.40,3.44,11044751,42222396.000
2011-08-22,3.44,3.49,3.41,3.42,5348282,20338052.000
2011-08-23,3.44,3.47,3.41,3.47,4494223,17110028.000
2011-08-24,3.49,3.51,3.43,3.44,4963142,19073920.000
2011-08-25,3.44,3.79,3.42,3.63,14879869,58481056.000
2011-08-26,3.61,3.74,3.58,3.65,20121789,81632104.000
2011-08-29,3.65,3.69,3.55,3.57,9770468,38880684.000
2011-08-30,3.59,3.64,3.51,3.51,6523679,25747660.000
2011-08-31,3.52,3.55,3.42,3.48,6602803,25341676.000
2011-09-01,3.49,3.51,3.41,3.44,4862240,18593436.000
2011-09-02,3.44,3.46,3.39,3.42,4368131,16496959.000
2011-09-05,3.39,3.39,3.30,3.32,5144262,18980432.000
2011-09-06,3.32,3.34,3.27,3.33,3248653,11923825.000
2011-09-07,3.34,3.39,3.34,3.39,3823124,14239600.000
2011-09-08,3.39,3.42,3.33,3.34,3675840,13727268.000
2011-09-09,3.34,3.37,3.31,3.33,2746844,10148991.000
2011-09-13,3.29,3.29,3.22,3.25,4222455,15167397.000
2011-09-14,3.27,3.29,3.21,3.28,2855136,10290472.000
2011-09-15,3.28,3.32,3.27,3.29,3397660,12391338.000
2011-09-16,3.32,3.33,3.26,3.27,2234900,8161134.000
2011-09-19,3.28,3.28,3.18,3.19,3203620,11403817.000
2011-09-20,3.19,3.23,3.17,3.21,2434342,8612630.000
2011-09-21,3.19,3.29,3.17,3.26,5996124,21549896.000
2011-09-22,3.25,3.28,3.18,3.19,5625220,20152488.000
2011-09-23,3.16,3.27,3.10,3.22,6458823,22886598.000
2011-09-26,3.19,3.22,3.12,3.13,5777116,20244548.000
2011-09-27,3.14,3.17,3.05,3.13,5268703,18154284.000
2011-09-28,3.14,3.16,3.03,3.03,4359129,14856465.000
2011-09-29,3.02,3.03,2.89,2.90,6225478,20288080.000
2011-09-30,2.94,2.94,2.87,2.91,3493154,11209785.000
2011-10-10,2.91,2.94,2.89,2.90,2769802,8939076.000
2011-10-11,2.96,3.00,2.89,2.91,2805272,9109467.000
2011-10-12,2.91,3.11,2.88,3.10,10273534,34240168.000
2011-10-13,3.08,3.25,3.04,3.22,14017643,48515144.000
2011-10-14,3.17,3.33,3.14,3.26,14208714,50664256.000
2011-10-17,3.27,3.39,3.22,3.24,23903339,87074736.000
2011-10-18,3.17,3.21,3.07,3.10,11999985,41434788.000
2011-10-19,3.08,3.14,3.08,3.10,4252463,14613057.000
2011-10-20,3.05,3.09,2.93,2.94,7545091,24850604.000
2011-10-21,2.96,2.98,2.90,2.94,3545983,11528297.000
2011-10-24,2.94,3.02,2.90,3.00,5668495,18681424.000
2011-10-25,3.00,3.20,2.98,3.18,13922755,47774248.000
2011-10-26,3.14,3.29,3.13,3.28,23057083,82003896.000
2011-10-27,3.25,3.48,3.21,3.45,45079057,168571872.000
2011-10-28,3.37,3.49,3.36,3.40,57560358,216765600.000
2011-10-31,3.34,3.34,3.22,3.29,25176190,91298776.000
2011-11-01,3.25,3.32,3.22,3.26,14831424,53622560.000
2011-11-02,3.21,3.31,3.19,3.30,15123984,54542524.000
2011-11-03,3.29,3.36,3.26,3.26,18056441,66191544.000
2011-11-04,3.27,3.31,3.24,3.28,12947486,46886316.000
2011-11-07,3.26,3.32,3.23,3.24,8887718,32134300.000
2011-11-08,3.24,3.25,3.16,3.17,10501262,37143360.000
2011-11-09,3.17,3.28,3.12,3.26,13100099,46279256.000
2011-11-10,3.22,3.24,3.17,3.17,8042205,28510332.000
2011-11-11,3.19,3.23,3.16,3.19,5248033,18541568.000
2011-11-14,3.21,3.25,3.21,3.24,7331377,26276192.000
2011-11-15,3.25,3.29,3.23,3.25,7802384,28061600.000
2011-11-16,3.25,3.26,3.13,3.14,10013699,35211352.000
2011-11-17,3.14,3.21,3.12,3.14,5959496,20842938.000
2011-11-18,3.07,3.12,3.04,3.05,6033260,20494952.000
2011-11-21,3.04,3.06,3.03,3.06,3410235,11486815.000
2011-11-22,3.03,3.09,3.03,3.05,3246165,10963577.000
2011-11-23,3.05,3.08,3.03,3.04,2868155,9673850.000
2011-11-24,3.03,3.06,2.96,3.04,4742230,15819731.000
2011-11-25,3.04,3.05,2.98,2.99,3311355,11050780.000
2011-11-28,2.99,3.02,2.94,2.97,3082350,10141825.000
2011-11-29,3.00,3.02,2.97,3.01,4152445,13775081.000
2011-11-30,2.99,3.01,2.84,2.88,7105805,22905016.000
2011-12-01,2.94,3.01,2.94,2.95,7010718,23072868.000
2011-12-02,2.94,2.94,2.88,2.90,3908128,12588860.000
2011-12-05,2.90,2.90,2.82,2.82,4062712,12816268.000
2011-12-06,2.83,2.86,2.82,2.85,2639656,8307418.000
2011-12-07,2.84,2.87,2.83,2.84,2499715,7878429.000
2011-12-08,2.84,2.86,2.79,2.81,4707980,14717826.000
2011-12-09,2.82,2.92,2.80,2.89,9390644,29927200.000
2011-12-12,2.89,2.93,2.84,2.85,6075065,19349172.000
2011-12-13,2.84,3.06,2.78,2.93,13220579,42303296.000
2011-12-14,2.92,2.97,2.79,2.80,16231519,51505688.000
2011-12-15,2.78,2.82,2.64,2.64,9525517,28629348.000
2011-12-16,2.65,2.69,2.55,2.69,6857596,19911564.000
2011-12-19,2.66,2.68,2.60,2.65,4350602,12744382.000
2011-12-20,2.64,2.72,2.63,2.66,4603986,13659392.000
2011-12-21,2.68,2.70,2.53,2.56,4871311,14155285.000
2011-12-22,2.56,2.56,2.40,2.48,6686735,18310392.000
2011-12-23,2.45,2.54,2.45,2.49,3927967,10881657.000
2011-12-26,2.49,2.54,2.46,2.47,3555320,9856592.000
2011-12-27,2.46,2.49,2.41,2.41,3537880,9587462.000
2011-12-28,2.41,2.44,2.35,2.43,3932120,10406152.000
2011-12-29,2.41,2.44,2.38,2.40,4070181,10869841.000
2011-12-30,2.42,2.45,2.39,2.44,4970123,13339398.000
2012-01-04,2.45,2.47,2.38,2.38,3822363,10282362.000
2012-01-05,2.39,2.41,2.31,2.32,4075477,10641645.000
2012-01-06,2.31,2.34,2.25,2.33,3986671,10116159.000
2012-01-09,2.32,2.43,2.30,2.42,6121867,16106314.000
2012-01-10,2.41,2.52,2.40,2.51,9172532,25213780.000
2012-01-11,2.53,2.54,2.47,2.50,7193899,19995976.000
2012-01-12,2.48,2.58,2.47,2.50,6148657,17225564.000
2012-01-13,2.49,2.54,2.40,2.42,5923697,16060156.000
2012-01-17,2.37,2.54,2.35,2.53,8168073,22226140.000
2012-01-18,2.53,2.56,2.47,2.48,6079990,16960914.000
2012-01-19,2.51,2.54,2.45,2.50,4333144,12030798.000
2012-01-20,2.50,2.53,2.49,2.52,3681912,10264792.000
2012-01-30,2.54,2.54,2.48,2.48,3443630,9560701.000
2012-01-31,2.48,2.50,2.44,2.48,2069283,5660011.000
2012-02-01,2.48,2.50,2.45,2.46,2284884,6262157.000
2012-02-02,2.45,2.51,2.44,2.51,3898188,10705261.000
2012-02-03,2.50,2.54,2.49,2.53,5473142,15291414.000
2012-02-06,2.53,2.55,2.52,2.54,5944348,16707209.000
2012-02-07,2.54,2.54,2.48,2.49,4119365,11394663.000
2012-02-08,2.50,2.56,2.47,2.55,6047827,16955038.000
2012-02-09,2.55,2.81,2.54,2.81,32307369,98312448.000
2012-02-10,2.84,2.94,2.77,2.81,48730193,154358080.000
2012-02-13,2.74,2.79,2.70,2.75,20452821,62051808.000
2012-02-14,2.74,2.79,2.67,2.75,18423901,55867584.000
2012-02-15,2.72,2.78,2.71,2.78,16732231,51007584.000
2012-02-16,2.77,2.79,2.71,2.75,12897784,39268760.000
2012-02-17,2.76,2.84,2.71,2.79,17623107,54337332.000
2012-02-20,2.84,2.90,2.79,2.83,23140920,72670424.000
2012-02-21,2.82,2.84,2.74,2.84,13694461,42329312.000
2012-02-22,2.86,2.93,2.83,2.88,21358187,68218696.000
2012-02-23,2.86,2.91,2.83,2.85,14491637,46002056.000
2012-02-24,2.86,3.02,2.84,2.97,33175951,108208152.000
2012-02-27,2.97,3.12,2.94,2.95,30308488,101123288.000
2012-02-28,2.93,2.96,2.87,2.91,17030057,54883592.000
2012-02-29,2.89,2.89,2.79,2.81,16094423,50543920.000
2012-03-01,2.79,2.85,2.78,2.83,8184680,25623400.000
2012-03-02,2.83,2.95,2.82,2.91,14508294,46489836.000
2012-03-05,2.93,2.96,2.89,2.90,10343252,33445662.000
2012-03-06,2.88,2.89,2.82,2.86,8989098,28373646.000
2012-03-07,2.82,2.88,2.81,2.84,6507921,20542404.000
2012-03-08,2.84,2.90,2.84,2.86,6727002,21390904.000
2012-03-09,2.89,2.90,2.85,2.90,7317126,23338572.000
2012-03-12,2.91,2.92,2.84,2.88,6839574,21766832.000
2012-03-13,2.87,2.91,2.87,2.91,7592798,24330582.000
2012-03-14,2.92,2.94,2.71,2.74,19640530,62029768.000
2012-03-15,2.71,2.73,2.58,2.62,16087035,47214344.000
2012-03-16,2.62,2.67,2.60,2.67,7385977,21621670.000
2012-03-19,2.67,2.69,2.64,2.68,6306516,18628576.000
2012-03-20,2.68,2.73,2.64,2.68,8588510,25581460.000
2012-03-21,2.67,2.71,2.64,2.69,5446207,16127222.000
2012-03-22,2.68,2.74,2.66,2.71,6945977,20852648.000
2012-03-23,2.69,2.70,2.62,2.64,7055360,20712014.000
2012-03-26,2.63,2.65,2.59,2.61,4529750,13114589.000
2012-03-27,2.62,2.64,2.59,2.60,2924458,8461760.000
2012-03-28,2.59,2.59,2.48,2.49,7670124,21500742.000
2012-03-29,2.47,2.54,2.44,2.48,6358606,17489212.000
2012-03-30,2.50,2.51,2.46,2.49,3318476,9133906.000
2012-04-05,2.48,2.55,2.48,2.54,4446492,12468181.000
2012-04-06,2.54,2.66,2.52,2.62,9033725,25914358.000
2012-04-09,2.60,2.60,2.54,2.55,5495611,15657793.000
2012-04-10,2.53,2.60,2.49,2.59,5747445,16174707.000
2012-04-11,2.55,2.84,2.54,2.80,30163154,91311112.000
2012-04-12,2.76,2.93,2.73,2.89,42187525,132567144.000
2012-04-13,2.89,2.91,2.82,2.84,21063537,66659384.000
2012-04-16,2.81,3.00,2.80,2.92,30745412,99641368.000
2012-04-17,2.89,2.97,2.74,2.78,18244468,57724680.000
2012-04-18,2.80,2.89,2.76,2.86,14225646,44801792.000
2012-04-19,2.85,2.94,2.83,2.85,11582061,36850304.000
2012-04-20,2.86,3.14,2.85,3.14,82265791,283378240.000
2012-04-23,3.24,3.24,3.08,3.09,84583909,295151936.000
2012-04-24,3.05,3.34,3.04,3.29,82311628,292548064.000
2012-04-25,3.24,3.49,3.17,3.37,83073686,308119808.000
2012-04-26,3.33,3.60,3.27,3.28,64727607,246093584.000
2012-04-27,3.16,3.25,3.07,3.10,35375728,123320456.000
2012-05-02,3.14,3.21,3.08,3.15,25234509,87587296.000
2012-05-03,3.14,3.14,3.04,3.10,17326915,59305332.000
2012-05-04,3.10,3.14,3.03,3.12,14784182,50388812.000
2012-05-07,3.08,3.11,3.04,3.09,11878790,40326600.000
2012-05-08,3.09,3.10,3.03,3.07,12542417,42526388.000
2012-05-09,3.05,3.07,3.03,3.03,11529923,38841936.000
2012-05-10,3.03,3.04,2.94,2.97,14851563,49097864.000
2012-05-14,2.99,3.07,2.97,3.01,12684943,42469808.000
2012-05-15,2.97,2.98,2.91,2.96,10795234,35217176.000
2012-05-16,2.94,2.98,2.93,2.94,8039602,26319220.000
2012-05-17,2.94,3.03,2.93,3.01,10450605,34611736.000
2012-05-18,2.99,3.03,2.93,2.93,10347864,33965840.000
2012-05-21,2.94,2.95,2.85,2.91,7040420,22653624.000
2012-05-22,2.94,2.99,2.93,2.99,8892821,29185708.000
2012-05-23,2.99,3.05,2.94,3.03,11938794,39648872.000
2012-05-24,2.99,3.04,2.94,2.95,8674574,28649984.000
2012-05-25,2.95,2.97,2.91,2.92,5770500,18752164.000
2012-05-28,2.92,2.99,2.86,2.98,7924947,25704818.000
2012-05-29,2.98,3.04,2.94,3.01,12566165,41982496.000
2012-05-30,3.03,3.06,3.00,3.02,9786088,32811200.000
2012-05-31,3.01,3.02,2.97,2.98,8227656,27278024.000
2012-06-01,2.98,3.04,2.98,3.03,8872045,29647328.000
2012-06-04,2.99,3.00,2.89,2.90,10120905,32959540.000
2012-06-05,2.91,2.94,2.86,2.93,6785520,21850276.000
2012-06-06,2.92,2.94,2.86,2.90,6608786,21137728.000
2012-06-07,2.92,2.95,2.87,2.89,7654972,24719124.000
2012-06-08,3.01,3.01,2.91,2.92,7776800,23001740.000
2012-06-11,2.93,2.99,2.86,2.96,9134488,26838980.000
2012-06-12,2.93,3.02,2.92,2.98,10318031,30855016.000
2012-06-13,2.98,2.99,2.92,2.97,9943191,29518532.000
2012-06-14,2.97,2.99,2.93,2.93,7781219,23118434.000
2012-06-15,2.95,2.96,2.88,2.93,5976057,17494590.000
2012-06-18,2.93,2.96,2.93,2.94,4191818,12390019.000
2012-06-19,2.94,2.94,2.90,2.91,3924692,11488453.000
2012-06-20,2.92,2.92,2.87,2.90,4446189,12923086.000
2012-06-21,2.90,2.90,2.82,2.84,5944017,16998322.000
2012-06-25,2.84,2.85,2.75,2.76,4678629,13160558.000
2012-06-26,2.77,2.79,2.72,2.77,4497390,12449075.000
2012-06-27,2.78,2.82,2.74,2.76,5087983,14237366.000
2012-06-28,2.76,2.79,2.70,2.71,4045821,11169477.000
2012-06-29,2.72,2.77,2.65,2.76,5087744,13841021.000
2012-07-02,2.74,2.80,2.74,2.76,3762128,10474611.000
2012-07-03,2.76,2.82,2.71,2.80,6175788,17296834.000
2012-07-04,2.81,2.82,2.77,2.80,3659305,10244645.000
2012-07-05,2.79,2.79,2.70,2.73,5014466,13765435.000
2012-07-06,2.77,2.80,2.73,2.80,6025090,16761821.000
2012-07-09,2.78,2.80,2.72,2.72,5622055,15502888.000
2012-07-10,2.72,2.74,2.65,2.69,4805524,12957998.000
2012-07-11,2.69,2.72,2.65,2.71,3350486,9024012.000
2012-07-12,2.69,2.74,2.66,2.72,3969891,10796386.000
2012-07-13,2.72,2.73,2.67,2.71,3787229,10262516.000
2012-07-16,2.71,2.71,2.60,2.61,5551091,14686685.000
2012-07-17,2.61,2.66,2.60,2.65,3133469,8266075.000
2012-07-18,2.65,2.65,2.58,2.64,3631092,9526226.000
2012-07-19,2.63,2.70,2.61,2.67,7594645,20331912.000
2012-07-20,2.65,2.71,2.63,2.69,5929529,15937205.000
2012-07-23,2.67,2.67,2.63,2.65,3312889,8792031.000
2012-07-24,2.64,2.73,2.63,2.69,6566759,17696348.000
2012-07-25,2.69,2.70,2.64,2.67,3143244,8411397.000
2012-07-26,2.66,2.67,2.63,2.63,2616709,6961516.000
2012-07-27,2.64,2.66,2.61,2.63,2666220,7039412.000
2012-07-30,2.63,2.64,2.55,2.55,3773791,9795380.000
2012-07-31,2.54,2.56,2.48,2.53,4126945,10437242.000
2012-08-01,2.54,2.59,2.53,2.55,2159399,5552574.000
2012-08-02,2.52,2.56,2.48,2.49,3541240,8891186.000
2012-08-03,2.49,2.56,2.47,2.56,3657863,9247915.000
2012-08-06,2.55,2.61,2.54,2.61,4591193,11934460.000
2012-08-07,2.62,2.68,2.60,2.66,6094964,16196001.000
2012-08-08,2.67,2.68,2.63,2.66,4611799,12307910.000
2012-08-09,2.63,2.70,2.63,2.69,5596095,15052825.000
2012-08-10,2.69,2.71,2.64,2.67,3590027,9642985.000
2012-08-13,2.66,2.66,2.58,2.58,4640600,12177432.000
2012-08-14,2.59,2.62,2.54,2.60,3216746,8328802.000
2012-08-15,2.59,2.60,2.56,2.57,2781961,7195266.000
2012-08-16,2.56,2.59,2.55,2.57,1674322,4311515.000
2012-08-17,2.56,2.58,2.55,2.57,1684557,4335406.000
2012-08-20,2.56,2.56,2.51,2.55,2762005,7017182.000
2012-08-21,2.54,2.61,2.53,2.59,3776266,9789856.000
2012-08-22,2.58,2.79,2.56,2.68,12744617,34421776.000
2012-08-23,2.67,2.68,2.62,2.66,6638378,17621426.000
2012-08-24,2.65,2.66,2.61,2.63,3628496,9601375.000
2012-08-27,2.62,2.62,2.56,2.57,3338167,8666497.000
2012-08-28,2.57,2.60,2.54,2.58,3490759,9029662.000
2012-08-29,2.58,2.61,2.53,2.56,3324675,8574711.000
2012-08-30,2.55,2.59,2.53,2.56,3746299,9607965.000
2012-08-31,2.56,2.58,2.55,2.56,2282912,5884621.000
2012-09-03,2.55,2.62,2.55,2.61,3997383,10454449.000
2012-09-04,2.60,2.62,2.57,2.59,3230980,8402351.000
2012-09-05,2.59,2.63,2.58,2.61,4495409,11770736.000
2012-09-06,2.61,2.63,2.59,2.62,3592951,9400918.000
2012-09-07,2.63,2.73,2.63,2.71,12105836,32667248.000
2012-09-10,2.70,2.73,2.68,2.71,7200386,19528328.000
2012-09-11,2.69,2.69,2.65,2.67,4855631,13006417.000
2012-09-12,2.67,2.71,2.67,2.71,6126338,16552868.000
2012-09-13,2.72,2.72,2.65,2.66,5113018,13749921.000
2012-09-14,2.66,2.70,2.63,2.69,7131853,19134964.000
2012-09-17,2.68,2.87,2.65,2.67,23563115,65081352.000
2012-09-18,2.62,2.66,2.56,2.62,11085524,29002570.000
2012-09-19,2.61,2.65,2.60,2.64,4232819,11156902.000
2012-09-20,2.62,2.63,2.53,2.55,6003643,15549938.000
2012-09-21,2.54,2.57,2.53,2.54,3367748,8627356.000
2012-09-24,2.53,2.58,2.49,2.55,3370478,8586336.000
2012-09-25,2.55,2.57,2.54,2.56,3537888,9065681.000
2012-09-26,2.56,2.59,2.50,2.51,3616711,9202919.000
2012-09-27,2.51,2.58,2.50,2.55,5039022,12865456.000
2012-09-28,2.55,2.59,2.53,2.58,4480717,11546936.000
2012-10-08,2.58,2.60,2.53,2.55,4211264,10828275.000
2012-10-09,2.55,2.64,2.55,2.62,8331572,21832812.000
2012-10-10,2.61,2.73,2.60,2.66,11917533,31843714.000
2012-10-11,2.66,2.68,2.61,2.62,7284069,19320616.000
2012-10-12,2.62,2.68,2.61,2.65,9697283,25759018.000
2012-10-15,2.65,2.67,2.60,2.65,4454076,11729853.000
2012-10-16,2.63,2.68,2.63,2.65,4605391,12279743.000
2012-10-17,2.65,2.67,2.61,2.67,5263739,13979824.000
2012-10-18,2.65,2.88,2.65,2.74,21253195,59062884.000
2012-10-19,2.73,2.81,2.70,2.73,12514606,34528140.000
2012-10-22,2.71,2.79,2.70,2.76,10699459,29562420.000
2012-10-23,2.77,2.96,2.76,2.82,32932151,94476160.000
2012-10-24,2.79,2.95,2.77,2.91,30958916,89313200.000
2012-10-25,2.89,2.93,2.81,2.83,19767743,56721792.000
2012-10-26,2.81,2.85,2.70,2.73,12728042,35144468.000
2012-10-29,2.74,2.76,2.70,2.75,6829211,18702156.000
2012-10-30,2.74,2.83,2.73,2.75,10665705,29786830.000
2012-10-31,2.76,2.77,2.72,2.77,5731090,15790480.000
2012-11-01,2.75,2.89,2.74,2.86,20660112,59029108.000
2012-11-02,2.87,2.95,2.84,2.94,32457408,94487624.000
2012-11-05,2.94,2.95,2.84,2.87,22504103,65371912.000
2012-11-06,2.87,2.88,2.78,2.83,16373903,46289444.000
2012-11-07,2.84,2.85,2.79,2.83,7576917,21374204.000
2012-11-08,2.80,2.84,2.70,2.70,13302579,36956108.000
2012-11-09,2.71,2.75,2.67,2.68,8176264,22222876.000
2012-11-12,2.69,2.77,2.69,2.77,8279813,22640902.000
2012-11-13,2.76,2.77,2.65,2.67,8933173,24192020.000
2012-11-14,2.65,2.70,2.63,2.69,3630330,9715456.000
2012-11-15,2.68,2.71,2.61,2.62,5731528,15266624.000
2012-11-16,2.61,2.64,2.60,2.64,4271726,11247354.000
2012-11-19,2.64,2.65,2.60,2.65,3831820,10111352.000
2012-11-20,2.67,2.68,2.63,2.65,3703748,9871531.000
2012-11-21,2.65,2.70,2.63,2.69,5886479,15748811.000
2012-11-22,2.67,2.69,2.64,2.66,3891756,10405760.000
2012-11-23,2.65,2.69,2.64,2.65,4706347,12595633.000
2012-11-26,2.66,2.67,2.60,2.61,3763844,9949295.000
2012-11-27,2.60,2.62,2.51,2.52,6165423,15845558.000
2012-11-28,2.51,2.53,2.46,2.47,4938527,12322847.000
2012-11-29,2.47,2.50,2.42,2.43,4512908,11190672.000
2012-11-30,2.43,2.53,2.42,2.52,6345383,15898288.000
2012-12-03,2.50,2.56,2.48,2.49,5054812,12787625.000
2012-12-04,2.48,2.52,2.45,2.51,4148664,10359038.000
2012-12-05,2.52,2.63,2.51,2.59,8996236,23319068.000
2012-12-06,2.60,2.61,2.55,2.57,6201574,16066688.000
2012-12-07,2.56,2.64,2.55,2.63,8753262,22932902.000
2012-12-10,2.63,2.65,2.60,2.64,8933171,23587230.000
2012-12-11,2.64,2.78,2.61,2.67,19320555,52432704.000
2012-12-12,2.66,2.68,2.60,2.66,8874997,23532592.000
2012-12-13,2.64,2.69,2.60,2.62,6876347,18242190.000
2012-12-14,2.62,2.73,2.61,2.71,16453449,44527760.000
2012-12-17,2.71,2.75,2.69,2.73,12058210,32920820.000
2012-12-18,2.72,2.75,2.68,2.70,12345098,33678248.000
2012-12-19,2.71,2.72,2.67,2.69,7519250,20331420.000
2012-12-20,2.69,2.71,2.65,2.70,6186107,16642608.000
2012-12-21,2.70,2.72,2.66,2.67,7446198,20076704.000
2012-12-24,2.65,2.68,2.65,2.67,5044801,13479016.000
2012-12-25,2.67,2.80,2.66,2.76,21625124,59626376.000
2012-12-26,2.76,2.82,2.75,2.79,16581471,46312872.000
2012-12-27,2.80,2.80,2.74,2.76,10166400,28238058.000
2012-12-28,2.75,2.94,2.75,2.85,28186428,80855720.000
2012-12-31,2.84,2.93,2.82,2.88,22357505,64613376.000
2013-01-04,2.91,2.91,2.80,2.86,17929921,51282036.000
2013-01-07,2.85,2.90,2.83,2.86,11163463,32008524.000
2013-01-08,2.84,2.89,2.83,2.88,11624231,33355700.000
2013-01-09,2.87,2.87,2.82,2.85,11007107,31436308.000
2013-01-10,2.85,2.90,2.82,2.88,13377804,38458560.000
2013-01-11,2.88,2.88,2.75,2.76,14862292,41833384.000
2013-01-14,2.75,2.85,2.74,2.84,11592665,32685920.000
2013-01-15,2.83,2.87,2.83,2.86,12891044,36859512.000
2013-01-16,2.86,2.86,2.79,2.82,14734692,41652452.000
2013-01-17,2.82,2.85,2.78,2.79,9914830,27944016.000
2013-01-18,2.79,2.85,2.77,2.84,15988882,45175844.000
2013-01-21,2.86,2.93,2.84,2.86,21350957,61664608.000
2013-01-22,2.85,2.86,2.80,2.82,9879908,28072252.000
2013-01-23,2.80,2.86,2.78,2.84,12684498,35859528.000
2013-01-24,2.82,2.86,2.74,2.76,15217531,42794572.000
2013-01-25,2.78,2.78,2.74,2.76,5974316,16551661.000
2013-01-28,2.76,2.86,2.76,2.85,13721891,38902360.000
2013-01-29,2.85,2.93,2.84,2.86,18384620,53211984.000
2013-01-30,2.88,2.89,2.83,2.88,15044847,43203732.000
2013-01-31,2.88,2.90,2.84,2.86,12504830,35983632.000
2013-02-01,2.84,2.86,2.82,2.84,10599340,30179164.000
2013-02-04,2.88,2.88,2.83,2.84,9442355,27018386.000
2013-02-05,2.83,3.01,2.80,2.92,35095869,102483368.000
2013-02-06,2.90,2.93,2.86,2.87,15026193,43405888.000
2013-02-07,2.87,2.88,2.84,2.86,7838539,22480660.000
2013-02-08,2.86,2.89,2.86,2.88,6336841,18280128.000
2013-02-18,2.88,2.91,2.87,2.89,8222247,23833552.000
2013-02-19,2.89,2.90,2.83,2.84,10194799,29174174.000
2013-02-20,2.85,2.87,2.82,2.86,8029264,22904140.000
2013-02-21,2.85,2.85,2.76,2.78,10834985,30447772.000
2013-02-22,2.78,2.81,2.77,2.77,5621830,15747580.000
2013-02-25,2.77,2.80,2.76,2.78,3646509,10160608.000
2013-02-26,2.78,2.80,2.73,2.73,6485551,17990148.000
2013-02-27,2.72,2.76,2.71,2.72,5791349,15849671.000
2013-02-28,2.74,2.79,2.72,2.79,7848306,21784668.000
2013-03-01,2.79,2.80,2.75,2.78,4919415,13678483.000
2013-03-04,2.73,2.73,2.58,2.60,17610476,46616380.000
2013-03-05,2.60,2.63,2.59,2.62,7499274,19671724.000
2013-03-06,2.63,2.69,2.61,2.65,7902098,21003556.000
2013-03-07,2.65,2.68,2.63,2.66,8107835,21549612.000
2013-03-08,2.66,2.66,2.62,2.63,4715737,12476939.000
2013-03-11,2.62,2.66,2.62,2.64,3855778,10206650.000
2013-03-12,2.64,2.66,2.57,2.60,8912193,23402236.000
2013-03-13,2.60,2.60,2.56,2.57,4056633,10484628.000
2013-03-14,2.59,2.61,2.57,2.58,3379216,8786258.000
2013-03-15,2.59,2.62,2.57,2.59,4228681,11017481.000
2013-03-18,2.58,2.60,2.56,2.57,2946350,7624510.000
2013-03-19,2.57,2.61,2.56,2.61,4452676,11553039.000
2013-03-20,2.61,2.67,2.59,2.66,10017180,26565956.000
2013-03-21,2.68,2.70,2.64,2.65,8293338,22226426.000
2013-03-22,2.64,2.65,2.61,2.64,5653160,14941822.000
2013-03-25,2.64,2.67,2.62,2.63,4223494,11194739.000
2013-03-26,2.62,2.68,2.61,2.66,9355472,24943290.000
2013-03-27,2.66,2.67,2.63,2.64,4621239,12274392.000
2013-03-28,2.63,2.63,2.58,2.59,7717449,20141480.000
2013-03-29,2.59,2.61,2.58,2.59,2822651,7347000.000
2013-04-01,2.59,2.63,2.59,2.61,4101019,10762194.000
2013-04-02,2.60,2.64,2.60,2.61,4347962,11436964.000
2013-04-03,2.61,2.62,2.58,2.59,3202167,8344323.000
2013-04-08,2.58,2.58,2.54,2.56,3886233,9981931.000
2013-04-09,2.56,2.59,2.56,2.59,2792761,7225507.000
2013-04-10,2.59,2.60,2.56,2.60,3554946,9214681.000
2013-04-11,2.60,2.62,2.58,2.60,3959775,10350272.000
2013-04-12,2.61,2.61,2.57,2.57,1983922,5147185.000
2013-04-15,2.57,2.60,2.54,2.58,4519815,11672692.000
2013-04-16,2.57,2.64,2.54,2.63,5285644,13755817.000
2013-04-17,2.62,2.66,2.60,2.62,4049807,10694102.000
2013-04-18,2.61,2.63,2.60,2.61,2428926,6362875.000
2013-04-19,2.60,2.64,2.60,2.64,4265466,11257351.000
2013-04-22,2.62,2.62,2.60,2.62,3439184,9025180.000
2013-04-23,2.60,2.61,2.54,2.56,4386190,11306018.000
2013-04-24,2.56,2.62,2.55,2.60,5731679,14901591.000
2013-04-25,2.60,2.60,2.56,2.56,2829559,7325415.000
2013-04-26,2.56,2.59,2.56,2.57,3830806,9897905.000
2013-05-02,2.57,2.62,2.56,2.61,3697487,9649639.000
2013-05-03,2.63,2.64,2.60,2.62,5135675,13508913.000
2013-05-06,2.62,2.64,2.61,2.62,4905376,12927743.000
2013-05-07,2.63,2.64,2.61,2.62,4190350,11042995.000
2013-05-08,2.62,2.64,2.62,2.64,3889894,10259866.000
2013-05-09,2.63,2.64,2.60,2.63,6062740,15917678.000
2013-05-10,2.78,2.89,2.74,2.74,43933129,123314784.000
2013-05-13,2.67,2.74,2.65,2.71,18650446,50302292.000
2013-05-14,2.73,2.73,2.67,2.69,8654022,23411180.000
2013-05-15,2.70,2.73,2.68,2.71,6564277,17836858.000
2013-05-16,2.71,2.73,2.67,2.72,9562517,25952178.000
2013-05-17,2.72,2.78,2.72,2.76,11231024,31066200.000
2013-05-20,2.77,2.78,2.74,2.75,11814692,32610828.000
2013-05-21,2.74,2.75,2.71,2.75,9014023,24692792.000
2013-05-22,2.76,2.77,2.72,2.72,8838931,24304300.000
2013-05-23,2.73,2.74,2.70,2.70,6542084,17889644.000
2013-05-24,2.71,2.73,2.68,2.72,6830296,18511944.000
2013-05-27,2.72,2.74,2.68,2.69,13297339,36046816.000
2013-05-28,2.68,2.78,2.67,2.78,22387879,61449280.000
2013-07-12,3.06,3.06,3.06,3.06,6943610,21247448.000
数据来源:通达信
