600559 老白干酒 日线
      日期	    开盘	    最高	    最低	    收盘	    成交量	    成交额
2007-01-11,4.52,4.83,4.52,4.69,4340622,21576654.000
2007-01-12,4.69,4.87,4.60,4.80,8487486,43210604.000
2007-01-15,4.85,5.24,4.50,5.03,9421393,49777932.000
2007-01-16,5.06,5.50,4.81,5.48,7805343,41895512.000
2007-01-17,5.35,5.96,5.26,5.68,12940751,76703240.000
2007-01-18,5.66,5.84,5.48,5.66,6546223,39267884.000
2007-01-19,5.70,5.80,5.54,5.72,5877921,34998292.000
2007-01-22,5.86,5.89,5.70,5.80,5472505,33173820.000
2007-01-23,5.80,5.80,5.32,5.62,4436692,25940296.000
2007-01-24,5.60,5.69,5.36,5.56,3729654,21958978.000
2007-01-25,5.58,5.94,5.43,5.71,6120397,36930620.000
2007-01-26,5.69,5.69,5.11,5.28,4813615,26836188.000
2007-01-29,5.29,5.45,5.20,5.39,2940219,16575393.000
2007-01-30,5.40,5.72,5.35,5.59,4816679,28319932.000
2007-01-31,5.61,5.62,5.10,5.15,2932655,16655578.000
2007-02-01,5.10,5.20,4.83,5.12,2857085,15145356.000
2007-02-02,5.05,5.12,4.80,4.82,1885313,9927591.000
2007-02-05,4.78,4.93,4.78,4.86,1428919,7366611.000
2007-02-06,4.86,5.04,4.86,5.01,1366431,7203573.000
2007-02-07,5.05,5.10,4.95,5.01,1630731,8686562.000
2007-02-08,5.05,5.10,4.95,5.09,1962161,10475840.000
2007-02-09,5.10,5.23,5.05,5.21,2145568,11734729.000
2007-02-12,5.21,5.33,5.16,5.32,1851557,10298630.000
2007-02-13,5.33,5.37,5.21,5.34,2406289,13421676.000
2007-02-14,5.32,5.48,5.28,5.40,1747177,9916399.000
2007-02-15,5.51,5.63,5.41,5.59,2881239,16862026.000
2007-02-16,5.60,5.79,5.55,5.62,3541593,21134258.000
2007-02-26,5.70,5.96,5.59,5.93,4879122,29848408.000
2007-02-27,6.00,6.20,5.31,5.36,6906135,42646544.000
2007-02-28,5.33,5.84,5.33,5.81,3729676,22062708.000
2007-03-01,5.79,6.08,5.51,5.94,7039320,43449052.000
2007-03-02,6.02,6.56,6.02,6.55,9659762,63751028.000
2007-03-05,6.38,6.44,5.88,6.06,6570083,42514000.000
2007-03-06,6.06,6.10,5.98,6.07,2159449,13699755.000
2007-03-07,6.01,6.20,6.00,6.09,2302890,14705773.000
2007-03-08,6.08,6.15,5.97,6.06,3783535,23962502.000
2007-03-09,6.05,6.36,6.04,6.15,3551395,23046534.000
2007-03-12,6.12,6.24,5.96,6.21,3778712,24116008.000
2007-03-13,6.18,6.44,6.18,6.33,4002858,26599204.000
2007-03-14,6.27,6.27,5.90,6.14,3468081,22189716.000
2007-03-15,6.10,6.35,6.10,6.23,3645693,23807024.000
2007-03-16,6.23,6.41,5.98,6.15,4092041,26762460.000
2007-03-19,5.90,6.33,5.81,6.20,3423113,22103956.000
2007-03-20,6.15,6.52,6.11,6.46,4953892,32761308.000
2007-03-21,6.48,6.50,6.26,6.43,4127520,27544968.000
2007-03-22,6.48,6.67,6.41,6.44,5381107,36815784.000
2007-03-23,6.40,6.61,6.26,6.60,4561385,30553768.000
2007-03-26,6.63,7.29,6.62,7.22,12246182,90348600.000
2007-03-27,7.15,7.47,7.09,7.37,10325819,78155904.000
2007-03-28,7.45,7.89,7.00,7.68,14125223,110577488.000
2007-03-29,7.60,7.70,7.10,7.16,6532774,50591172.000
2007-03-30,7.16,7.35,7.08,7.19,2883324,21740818.000
2007-04-02,7.35,7.53,7.20,7.41,2935825,22550088.000
2007-04-03,7.41,7.42,7.28,7.38,2660163,20319216.000
2007-04-04,7.40,7.51,7.29,7.40,2909379,22434356.000
2007-04-05,7.54,8.17,7.50,7.84,9570148,78658688.000
2007-04-06,7.66,8.65,7.56,8.65,12740178,110245296.000
2007-04-09,9.20,9.55,9.15,9.55,9855134,96368480.000
2007-04-10,9.58,10.30,9.21,9.69,8494113,86356800.000
2007-04-11,9.68,10.69,9.50,10.69,8015419,85951208.000
2007-04-12,11.01,11.29,10.40,10.93,7096111,79006152.000
2007-04-13,10.50,11.00,10.11,10.55,7710040,83325976.000
2007-04-16,10.25,10.77,10.25,10.54,4545073,49102776.000
2007-04-17,10.50,11.60,10.45,11.06,5697331,64285996.000
2007-04-18,11.07,11.65,10.90,11.35,5224820,60968816.000
2007-04-19,11.20,11.20,10.19,10.21,5887307,63738524.000
2007-04-20,10.26,10.70,10.11,10.53,3860880,41512216.000
2007-04-23,10.70,10.95,10.30,10.77,5903871,64357676.000
2007-04-25,10.56,11.43,10.40,11.10,5649837,64163492.000
2007-04-26,11.06,11.20,10.78,10.80,3762579,42271572.000
2007-04-27,10.80,10.90,10.25,10.39,3191720,34378428.000
2007-04-30,10.35,10.35,9.73,10.00,3638771,37332456.000
2007-05-08,10.05,11.03,10.05,11.03,5050922,55719024.000
2007-05-09,11.31,11.69,10.60,11.47,6775720,78809712.000
2007-05-10,11.49,11.99,11.30,11.45,5225268,62513364.000
2007-05-11,11.47,11.48,11.06,11.24,2498125,28845568.000
2007-05-14,11.08,11.70,10.70,11.27,5688157,65421536.000
2007-05-15,11.28,11.70,11.10,11.20,4793964,56339152.000
2007-05-16,11.20,12.35,11.10,12.28,9629060,118011608.000
2007-05-17,12.38,12.70,11.92,12.50,8872589,112279608.000
2007-05-18,12.58,13.18,12.37,12.46,9006741,117134016.000
2007-05-21,12.10,13.18,11.90,12.83,6975529,89515536.000
2007-05-22,12.79,14.14,12.60,14.14,8250152,113806256.000
2007-05-23,14.80,14.96,13.90,14.38,9607803,141572016.000
2007-05-24,14.60,15.07,13.78,14.32,6854333,100877128.000
2007-05-25,14.11,14.30,13.80,14.09,5018405,72074984.000
2007-05-28,14.40,14.86,14.15,14.55,5898581,87610752.000
2007-05-29,14.21,14.87,14.15,14.45,4942246,73148704.000
2007-05-30,13.40,14.10,12.98,12.98,4724722,64337164.000
2007-05-31,12.49,12.60,11.65,11.66,5601643,68243280.000
2007-06-01,11.36,11.95,10.46,10.46,4166151,46316164.000
2007-06-04,10.70,10.90,9.38,9.38,5207830,51385672.000
2007-06-05,9.40,9.67,8.41,9.58,6024478,54972584.000
2007-06-06,9.70,9.95,9.01,9.85,5736808,56955276.000
2007-06-07,9.70,10.30,9.55,10.23,4746149,48765612.000
2007-06-08,10.20,11.20,10.10,10.88,7461879,81680464.000
2007-06-11,11.01,11.44,10.65,11.13,6895575,77751264.000
2007-06-12,11.01,11.67,10.09,11.11,5415324,60637928.000
2007-06-13,11.00,11.56,10.98,11.54,5675720,65823688.000
2007-06-14,11.39,11.39,10.78,10.98,3740609,42532236.000
2007-06-15,10.73,11.20,10.40,10.49,3393346,37216060.000
2007-06-18,10.56,11.14,10.56,10.96,3950132,43932368.000
2007-06-19,10.98,10.99,10.51,10.75,2947561,32441200.000
2007-06-20,10.81,11.06,9.90,10.21,3588702,39540112.000
2007-06-21,10.10,10.37,9.52,9.81,3224279,32703528.000
2007-06-22,9.79,9.79,8.80,8.81,3580205,33859920.000
2007-06-25,8.90,9.37,7.93,8.32,4629646,42316852.000
2007-06-26,8.40,9.18,8.35,9.18,3674276,33373708.000
2007-06-27,9.20,9.28,8.83,9.10,3385344,31721732.000
2007-06-28,9.05,9.05,8.28,8.33,2940669,26318354.000
2007-06-29,8.18,8.66,7.70,8.25,2623808,22236552.000
2007-07-02,8.27,8.60,8.10,8.58,1225513,10653270.000
2007-07-03,8.62,8.99,8.62,8.90,2245684,20552438.000
2007-07-04,8.90,9.70,8.86,9.43,5187640,50088668.000
2007-07-05,9.19,9.58,8.70,9.17,2870115,27100340.000
2007-07-06,9.28,10.12,9.20,10.12,9332647,93697360.000
2007-07-09,10.29,11.16,10.15,11.16,11136698,123921008.000
2007-07-10,11.31,12.26,10.20,10.47,12100370,141356912.000
2007-07-11,9.81,10.77,9.40,10.22,6245496,63974688.000
2007-07-12,10.08,10.10,9.61,9.84,3274394,33205708.000
2007-07-13,9.92,10.23,9.62,10.08,3014220,30969268.000
2007-07-16,9.90,10.00,9.38,9.41,3258254,32142308.000
2007-07-17,9.33,9.57,8.83,9.35,2086883,19731380.000
2007-07-18,9.40,9.79,9.25,9.50,2176501,21626400.000
2007-07-19,9.40,9.54,9.18,9.38,1166789,11260931.000
2007-07-20,9.38,9.77,9.38,9.68,1766759,17549496.000
2007-07-23,9.68,10.55,9.68,10.32,3503859,36696728.000
2007-07-24,10.39,10.70,10.16,10.25,4440400,47719836.000
2007-07-25,10.20,11.08,10.12,10.94,5733297,62375720.000
2007-07-26,10.80,11.10,10.61,10.98,3839534,42831432.000
2007-07-27,10.75,11.62,10.67,11.44,5200474,60251528.000
2007-07-30,11.63,12.19,11.44,11.68,5846391,70836896.000
2007-07-31,11.68,12.18,11.51,12.08,5203615,63859956.000
2007-08-01,12.09,12.71,11.06,11.98,9591838,118845616.000
2007-08-02,11.88,12.58,11.88,12.56,6519751,82653304.000
2007-08-03,12.85,13.75,12.58,13.20,7476141,101598048.000
2007-08-06,13.35,13.44,12.21,12.87,5034344,65511336.000
2007-08-07,12.69,12.69,11.95,12.28,3732131,46935128.000
2007-08-08,11.95,12.56,11.40,11.73,2836613,34644444.000
2007-08-09,11.88,12.29,11.62,11.85,2096338,25612130.000
2007-08-10,11.89,12.15,11.16,11.43,1984103,23453190.000
2007-08-13,11.40,11.87,11.20,11.82,2301802,27306324.000
2007-08-14,11.80,12.08,11.70,11.86,1768443,21528486.000
2007-08-16,11.85,12.45,11.45,12.26,2624374,32752928.000
2007-08-17,12.22,12.25,11.38,11.42,2513265,30074224.000
2007-08-20,11.67,11.75,11.40,11.63,2068407,24526360.000
2007-08-21,11.52,12.05,11.26,11.79,2726827,32381232.000
2007-08-22,11.55,11.94,11.40,11.65,3076357,36682516.000
2007-08-23,11.70,11.94,11.69,11.74,2220944,26839472.000
2007-08-24,11.75,11.92,11.37,11.48,3471511,41005488.000
2007-08-27,11.49,11.56,10.77,10.93,3654133,41846688.000
2007-08-28,11.10,11.40,10.80,11.18,1726898,19730012.000
2007-08-29,11.20,11.48,10.80,10.96,1654819,18980066.000
2007-08-30,10.95,11.30,10.89,11.24,3018351,34447096.000
2007-08-31,11.24,11.41,11.21,11.25,3028512,35189668.000
2007-09-03,11.32,11.80,11.24,11.70,4267491,50373504.000
2007-09-04,11.70,11.88,11.30,11.45,2551546,30402608.000
2007-09-05,11.45,11.89,11.45,11.79,3220301,38637216.000
2007-09-06,11.80,12.05,11.70,11.84,3707686,45163980.000
2007-09-07,11.81,11.82,11.00,11.18,3101861,36056016.000
2007-09-10,11.04,11.45,10.90,11.33,1856149,21284424.000
2007-09-11,11.33,11.64,10.20,10.75,2226402,25671528.000
2007-09-12,10.61,11.19,10.61,11.11,2240904,25209542.000
2007-09-13,11.15,11.70,11.00,11.69,3494495,41320004.000
2007-09-14,11.68,12.89,11.30,12.89,11180324,141867344.000
2007-09-17,13.90,14.21,13.51,14.21,18892657,273072320.000
2007-09-18,14.21,15.11,13.96,14.90,9541430,142218016.000
2007-09-19,14.95,15.58,14.60,14.90,5800066,88828368.000
2007-09-20,14.90,15.71,14.71,15.65,4357475,67115912.000
2007-09-21,15.63,16.40,15.02,15.37,4915772,79654536.000
2007-09-24,15.35,16.30,15.10,15.38,3752934,60009824.000
2007-09-25,15.30,15.68,14.50,14.69,3008906,45918892.000
2007-09-26,14.60,16.19,14.50,16.19,4884095,79375440.000
2007-09-27,16.91,17.84,16.91,17.84,6583804,119098480.000
2007-09-28,18.09,19.30,17.90,18.20,7603881,144052272.000
2007-10-08,18.61,20.03,18.61,19.21,5175789,102192624.000
2007-10-09,19.00,20.19,19.00,19.82,3231047,64429432.000
2007-10-10,20.09,21.17,19.29,20.96,3739866,76447856.000
2007-10-11,21.20,22.98,20.70,22.48,3338394,73841544.000
2007-10-12,22.98,23.05,20.20,21.29,7057706,150294608.000
2007-10-15,20.68,22.56,19.13,20.83,4207947,88112200.000
2007-10-16,20.50,20.68,19.50,19.73,2380576,48141340.000
2007-10-17,19.79,19.85,18.21,18.68,5531113,106093680.000
2007-10-18,18.55,20.45,17.76,20.18,7200136,140570816.000
2007-10-19,19.50,19.70,18.74,19.03,3349550,65145176.000
2007-10-22,18.58,18.96,18.00,18.07,1445290,27138060.000
2007-10-23,17.74,18.92,17.74,18.41,1134688,21125012.000
2007-10-24,18.20,19.59,18.01,18.84,2350989,45151224.000
2007-10-25,18.78,18.90,17.20,17.57,2512546,46435572.000
2007-10-26,18.47,19.29,16.70,17.71,1571849,28493328.000
2007-10-29,17.90,18.57,17.61,17.93,811075,14763832.000
2007-10-30,18.21,19.75,18.21,19.60,2379490,46237744.000
2007-10-31,19.70,20.19,19.24,19.89,2628993,52887448.000
2007-11-01,19.30,20.04,18.40,18.70,1663851,32386924.000
2007-11-02,18.70,18.70,17.90,17.99,1462603,27084796.000
2007-11-05,17.80,18.69,17.23,18.04,1004746,18368340.000
2007-11-06,18.22,18.30,17.60,18.04,990807,17928060.000
2007-11-07,17.99,18.20,17.60,18.13,808496,14683929.000
2007-11-08,18.38,18.98,17.81,18.69,2191777,41493552.000
2007-11-09,18.20,19.20,18.10,19.08,1739652,33371404.000
2007-11-12,19.08,20.06,18.63,19.22,1804876,35608896.000
2007-11-13,19.10,19.55,17.98,18.85,1597520,30363156.000
2007-11-14,18.90,19.80,18.40,19.60,2281007,44591740.000
2007-11-15,19.60,20.36,19.20,19.68,2104608,42373040.000
2007-11-16,19.60,20.07,19.32,19.72,1181088,23632326.000
2007-11-19,19.72,19.90,18.98,19.11,1395349,27325168.000
2007-11-20,19.12,19.12,18.10,18.59,1347041,25357164.000
2007-11-21,18.80,18.82,18.21,18.68,689120,12948610.000
2007-11-22,18.10,18.58,17.90,17.93,978724,17968484.000
2007-11-23,17.70,18.20,17.70,17.95,496380,9053851.000
2007-11-26,18.00,18.36,17.76,17.88,562583,10292493.000
2007-11-27,17.70,17.81,16.83,16.86,839230,14831461.000
2007-11-28,17.05,17.69,16.21,16.29,898251,15359031.000
2007-11-29,16.20,17.60,15.50,17.17,1521521,25714568.000
2007-11-30,16.90,17.19,16.50,17.09,578967,9884844.000
2007-12-03,16.75,18.23,16.54,17.81,760328,13604388.000
2007-12-04,17.70,18.09,17.20,17.51,486502,8696009.000
2007-12-05,17.20,17.70,17.10,17.40,423467,7504693.000
2007-12-06,17.52,18.05,17.51,17.78,344939,6237329.000
2007-12-07,17.70,18.04,17.70,17.98,406677,7418503.000
2007-12-10,17.76,18.70,16.76,18.55,786305,14669282.000
2007-12-11,18.97,19.20,18.42,18.90,1124937,21608092.000
2007-12-12,18.85,19.40,18.51,19.05,1287620,25015588.000
2007-12-13,19.65,19.65,18.12,18.57,1233599,23860080.000
2007-12-14,17.80,19.48,17.80,19.39,2601335,49978520.000
2007-12-17,19.66,20.28,19.39,19.40,3421474,68927160.000
2007-12-18,19.35,19.35,18.50,18.90,834497,16022939.000
2007-12-19,18.92,19.40,18.86,19.22,1255366,24380136.000
2007-12-20,19.30,20.00,19.21,19.36,1328050,26454076.000
2007-12-21,19.10,19.60,19.10,19.40,837273,16445801.000
2007-12-24,19.35,21.37,18.70,21.37,5223631,111996888.000
2007-12-25,21.80,22.51,21.15,22.20,5746275,126897560.000
2007-12-26,22.35,22.68,22.00,22.18,2780007,62800072.000
2007-12-27,22.21,22.44,21.81,22.28,2215204,49710892.000
2007-12-28,22.30,22.40,21.21,21.74,3088547,67779864.000
2008-01-02,21.70,22.25,20.68,21.90,3679622,80162904.000
2008-01-03,21.94,22.91,21.51,22.70,3471642,78679104.000
2008-01-04,22.70,22.98,21.89,22.09,2325238,52253648.000
2008-01-07,22.24,22.35,21.78,21.99,1702688,37876072.000
2008-01-08,22.02,22.30,21.17,21.49,2681937,59286360.000
2008-01-09,21.10,21.90,21.00,21.61,1826703,39525500.000
2008-01-10,21.65,22.50,21.18,22.01,2700057,60330400.000
2008-01-11,22.01,22.27,21.09,21.44,2353105,51338992.000
2008-01-14,21.70,22.01,21.37,21.64,2121494,46442892.000
2008-01-15,22.00,22.58,21.66,22.40,2997435,67491584.000
2008-01-16,22.40,22.40,21.50,21.67,2107756,46672736.000
2008-01-17,21.36,22.03,20.00,20.63,2992514,63813168.000
2008-01-18,20.66,20.90,19.70,20.44,1416123,29106436.000
2008-01-21,20.40,20.99,20.00,20.53,1569673,32573682.000
2008-01-22,20.16,20.49,18.45,18.52,1776102,34686008.000
2008-01-23,18.40,19.82,18.40,19.51,1512577,29334688.000
2008-01-24,19.49,20.20,19.40,19.73,1467965,29428298.000
2008-01-25,19.50,19.80,18.90,19.37,1505902,29390184.000
2008-01-28,19.19,19.20,17.70,18.17,1277150,23665234.000
2008-01-29,18.42,18.57,17.75,18.45,536844,9871087.000
2008-01-30,18.69,19.10,17.92,18.66,691688,13007165.000
2008-01-31,18.41,18.70,17.97,18.45,372213,6943427.000
2008-02-01,18.29,18.44,16.70,18.01,794014,14395161.000
2008-02-04,18.51,19.84,18.20,19.84,1604173,31471560.000
2008-02-05,19.82,20.20,18.90,19.67,1264189,25203840.000
2008-02-13,19.40,19.67,19.16,19.65,535698,10573870.000
2008-02-14,19.81,20.58,19.51,20.51,1611382,32967706.000
2008-02-15,20.52,20.90,19.76,20.54,1257725,26156128.000
2008-02-18,20.70,21.40,20.31,20.55,989363,20890612.000
2008-02-19,20.53,20.69,20.30,20.55,1190260,24762516.000
2008-02-20,20.55,21.00,20.30,20.40,905943,19008428.000
2008-02-21,20.52,20.88,20.05,20.79,1334046,27931992.000
2008-02-22,20.79,20.79,19.85,20.21,721108,14781930.000
2008-02-25,20.19,20.20,19.20,20.06,842360,16771327.000
2008-02-26,20.26,20.68,18.71,20.02,844180,16829660.000
2008-02-27,20.18,20.18,19.70,20.01,757970,15324900.000
2008-02-28,19.72,19.90,19.28,19.81,1105420,21954668.000
2008-02-29,19.42,19.88,19.42,19.83,357490,7113508.000
2008-03-03,19.59,20.70,19.30,20.50,1540827,31919672.000
2008-03-04,20.51,21.20,20.07,20.97,2090054,44136256.000
2008-03-05,20.80,21.80,20.70,21.75,3095594,67101596.000
2008-03-06,22.00,22.20,21.25,21.45,1815932,39851576.000
2008-03-07,21.45,21.88,20.70,21.30,1231710,26833592.000
2008-03-10,21.30,21.66,20.90,21.38,986934,21307008.000
2008-03-11,21.10,21.55,20.55,21.06,725437,15404153.000
2008-03-12,21.10,22.20,21.10,21.89,3979695,88231760.000
2008-03-13,21.70,23.45,21.00,23.03,5321062,121159040.000
2008-03-14,22.78,25.27,22.50,24.69,7670309,187031424.000
2008-03-17,22.19,27.19,22.19,22.19,9564256,223255424.000
2008-03-18,21.50,21.92,19.94,19.94,6421726,135899616.000
2008-03-19,20.35,21.80,18.40,21.12,11707687,240074528.000
2008-03-20,20.18,22.94,19.73,22.25,8830696,192479040.000
2008-03-21,22.09,23.98,21.72,23.16,14100105,328329248.000
2008-03-24,22.58,23.58,20.81,20.81,10923118,248431392.000
2008-03-25,18.71,20.00,18.70,18.86,9607731,186788272.000
2008-03-26,18.82,19.43,17.70,18.26,7092421,132828288.000
2008-03-27,17.71,18.12,16.40,16.40,5915036,101290856.000
2008-03-28,15.68,16.58,14.95,16.04,7310920,117163320.000
2008-03-31,15.38,15.39,14.41,14.41,5315418,80307528.000
2008-04-01,14.25,14.35,13.03,14.17,6206801,86364160.000
2008-04-02,13.91,14.25,12.72,12.74,5245444,71861704.000
2008-04-03,12.20,13.46,11.85,13.10,5190267,67029904.000
2008-04-07,12.80,14.40,12.70,14.28,5395050,76028080.000
2008-04-08,14.50,14.76,14.10,14.50,5751122,84822424.000
2008-04-09,14.50,15.20,13.20,13.27,5576754,83547824.000
2008-04-10,13.50,14.63,13.34,14.63,5524654,79971376.000
2008-04-11,15.00,15.65,14.71,15.42,6929078,107688944.000
2008-04-14,15.00,15.16,14.10,14.21,4270920,63644456.000
2008-04-15,14.22,15.66,14.22,15.66,4826766,74147920.000
2008-04-16,15.62,15.62,14.78,15.11,3970840,61968916.000
2008-04-17,14.90,15.56,14.20,14.56,2869139,43232824.000
2008-04-18,14.35,14.35,13.10,13.28,3704172,51303240.000
2008-04-21,14.30,14.63,13.20,13.53,4178364,59021844.000
2008-04-22,13.20,13.28,12.20,13.11,3549429,46629264.000
2008-04-23,12.90,14.35,12.67,14.05,3216728,44626320.000
2008-04-24,15.33,15.49,14.78,15.49,7947247,123722792.000
2008-04-25,15.49,16.70,14.91,15.73,6487873,106600880.000
2008-04-28,15.50,16.59,15.10,16.19,5852708,94299888.000
2008-04-29,15.71,16.63,15.70,16.44,4747260,79308512.000
2008-04-30,16.50,17.39,16.10,17.10,7728136,130678096.000
2008-05-05,17.00,17.25,16.32,16.81,6529665,111712872.000
2008-05-06,16.59,16.90,16.00,16.55,5607542,93674144.000
2008-05-07,16.50,17.20,16.20,16.25,5216841,89006944.000
2008-05-08,16.05,16.58,15.93,16.56,2849527,47222280.000
2008-05-09,16.80,18.20,16.65,17.78,9022008,160234848.000
2008-05-12,17.45,19.29,17.30,18.97,8690299,163617168.000
2008-05-13,18.35,18.96,17.70,18.55,6733687,126136784.000
2008-05-14,18.59,19.58,18.20,18.77,4699978,90009232.000
2008-05-15,18.82,19.10,18.05,18.46,3229030,60881540.000
2008-05-16,18.11,18.75,18.01,18.19,2225220,41436596.000
2008-05-19,18.20,18.90,18.20,18.53,2532414,47847896.000
2008-05-20,18.55,18.60,16.65,16.65,3666766,65561440.000
2008-05-21,16.33,16.99,15.06,16.54,4318556,69335144.000
2008-05-23,15.90,16.45,15.25,15.83,2907328,46842852.000
2008-05-26,15.81,16.29,15.32,15.81,1837757,29706244.000
2008-05-27,15.81,16.14,15.60,15.74,1985207,32028546.000
2008-05-28,15.88,16.56,15.86,16.20,2612476,43450396.000
2008-05-29,16.30,16.68,15.63,15.65,2627712,43346128.000
2008-05-30,15.35,15.85,14.90,15.58,2407587,37804468.000
2008-06-02,15.60,16.06,15.45,15.81,1560859,25149224.000
2008-06-03,15.96,16.59,15.96,16.41,2250161,37406256.000
2008-06-04,16.10,16.44,15.44,15.86,1246678,20080316.000
2008-06-05,15.73,15.98,15.05,15.33,1275038,20219962.000
2008-06-06,15.33,15.58,15.22,15.53,865596,13592887.000
2008-06-10,14.98,15.06,13.95,13.95,1558092,22625972.000
2008-06-11,13.70,14.09,13.21,13.99,1404441,19781786.000
2008-06-12,13.95,14.15,13.20,13.96,1548364,21665864.000
2008-06-13,14.05,14.28,13.51,14.03,1770980,25243950.000
2008-06-16,14.11,14.62,13.64,14.17,1695668,24522282.000
2008-06-17,14.10,14.34,12.72,12.72,1838045,25154002.000
2008-06-18,12.60,13.59,11.95,13.51,2469802,32739204.000
2008-06-19,13.12,13.50,12.13,12.13,1729610,22351492.000
2008-06-20,12.14,12.91,11.00,11.96,1958604,24172972.000
2008-06-23,11.68,11.87,11.10,11.40,1241896,14662035.000
2008-06-24,11.07,11.90,11.07,11.90,1328117,15913359.000
2008-06-25,11.90,12.77,11.72,12.70,1936709,24785760.000
2008-06-26,12.80,13.22,12.70,12.81,2269879,30188826.000
2008-06-27,12.38,12.45,11.65,11.81,1755783,21719680.000
2008-06-30,11.70,12.55,11.67,12.21,1976148,24802292.000
2008-07-01,12.30,12.59,11.70,11.81,1042412,12813735.000
2008-07-02,11.81,12.09,11.52,11.93,868721,10551136.000
2008-07-03,11.65,12.65,11.60,12.35,3758528,46927208.000
2008-07-04,12.19,12.50,11.67,11.97,2583800,31968660.000
2008-07-07,11.85,13.01,11.76,12.94,5559310,70937232.000
2008-07-08,12.88,14.26,12.75,14.11,9546226,131449192.000
2008-07-09,13.84,14.26,13.65,14.16,7192333,102527160.000
2008-07-10,13.92,14.10,13.30,13.36,4722130,66533864.000
2008-07-11,13.20,13.89,13.10,13.77,3360384,46854236.000
2008-07-14,13.70,14.45,13.61,14.41,3802751,55127940.000
2008-07-15,14.49,14.49,13.60,13.85,3165973,45246720.000
2008-07-16,13.71,13.80,12.70,13.12,2306471,31118148.000
2008-07-17,13.36,14.20,13.10,13.13,2568047,35605496.000
2008-07-18,13.30,13.90,13.04,13.87,3044443,42286284.000
2008-07-21,13.72,14.50,13.72,14.44,3879965,56259684.000
2008-07-22,14.30,14.68,14.08,14.35,3433542,50295968.000
2008-07-23,14.50,14.65,14.00,14.35,2938574,43098408.000
2008-07-24,14.54,15.00,14.37,14.87,5062290,75785888.000
2008-07-25,15.00,15.99,14.95,15.35,8479009,132830128.000
2008-07-28,15.33,15.33,14.93,15.06,4005673,61253440.000
2008-07-29,14.85,14.89,14.45,14.46,2440996,36103460.000
2008-07-30,14.60,14.85,14.10,14.32,1777316,26055876.000
2008-07-31,14.40,14.55,13.88,13.90,1673582,24118908.000
2008-08-01,13.79,14.31,13.35,14.18,2020028,28314080.000
2008-08-04,14.05,14.65,13.61,13.79,2159506,31014656.000
2008-08-05,13.70,13.97,12.76,12.91,1517198,20765124.000
2008-08-06,13.03,13.19,12.30,12.66,1663317,21648696.000
2008-08-07,12.60,12.90,12.40,12.88,1163168,14921658.000
2008-08-08,12.80,12.98,11.81,11.98,1645412,20750134.000
2008-08-11,12.00,12.17,10.76,10.86,2452156,28654764.000
2008-08-12,10.85,10.95,10.25,10.37,1313111,14037857.000
2008-08-13,10.28,10.67,9.98,10.54,1609905,16972712.000
2008-08-14,10.49,11.00,10.33,10.97,1651361,18091802.000
2008-08-15,10.97,11.10,10.78,10.87,1105899,12321407.000
2008-08-18,10.94,10.94,9.76,9.78,1453872,14973513.000
2008-08-19,9.36,10.04,9.21,9.93,1057628,10601296.000
2008-08-20,9.93,10.94,9.60,10.92,1871830,20045848.000
2008-08-21,10.98,11.13,10.41,10.57,1911355,20975912.000
2008-08-22,10.65,10.65,9.62,10.10,1705179,17411118.000
2008-08-25,10.09,10.15,9.70,9.80,1088331,11018124.000
2008-08-26,9.61,9.65,8.80,9.03,3036166,27915464.000
2008-08-27,8.75,9.04,8.30,8.71,1763755,15609284.000
2008-08-28,8.50,8.97,8.50,8.82,1076106,9637347.000
2008-08-29,9.00,9.40,8.85,9.22,1796768,16821296.000
2008-09-01,9.07,9.66,9.07,9.34,2542671,24526754.000
2008-09-02,9.28,9.35,8.92,9.13,1297101,12082247.000
2008-09-03,8.96,9.19,8.66,8.85,1137710,10253149.000
2008-09-04,8.76,8.93,8.65,8.90,886086,7970604.000
2008-09-05,8.41,8.80,8.05,8.11,1142076,9845102.000
2008-09-08,8.11,8.22,7.28,7.38,2430490,18565850.000
2008-09-09,7.28,7.44,6.83,7.13,1561591,11302395.000
2008-09-10,6.99,7.30,6.84,7.08,1259443,9215710.000
2008-09-11,6.91,7.23,6.90,6.92,936959,6737269.000
2008-09-12,6.99,7.06,6.91,6.95,655295,4709991.000
2008-09-16,6.96,6.96,6.55,6.66,937690,6532819.000
2008-09-17,6.59,6.71,6.32,6.38,994574,6672234.000
2008-09-18,6.32,6.32,5.72,6.07,1880916,11629641.000
2008-09-19,6.67,6.70,6.50,6.70,4252296,29260452.000
2008-09-22,7.10,7.39,6.65,7.01,4856489,35020136.000
2008-09-23,6.70,6.77,6.29,6.29,3225106,21647316.000
2008-09-24,5.89,6.34,5.89,6.32,1827471,11527831.000
2008-09-25,6.23,6.65,6.23,6.54,2965431,19923024.000
2008-09-26,6.56,6.63,6.38,6.55,1968188,13194641.000
2008-10-06,6.29,6.55,6.11,6.28,1174533,7740381.000
2008-10-07,6.10,6.22,5.90,6.13,1401608,8800936.000
2008-10-08,5.95,6.12,5.87,5.91,1120887,6909776.000
2008-10-09,6.05,6.10,5.89,5.90,1183411,7317390.000
2008-10-10,5.72,5.75,5.30,5.30,1366689,7740232.000
2008-10-13,5.20,5.38,5.00,5.37,1217244,6485948.000
2008-10-14,5.51,5.65,5.11,5.18,1647698,9440192.000
2008-10-15,4.87,5.19,4.87,4.99,1058630,5515893.000
2008-10-16,4.75,4.80,4.47,4.47,1290932,6264978.000
2008-10-17,4.49,4.76,4.49,4.67,1136606,5489253.000
2008-10-20,4.61,5.16,4.53,5.16,2920754,15431895.000
2008-10-21,5.31,5.65,5.20,5.39,5845295,32949164.000
2008-10-22,5.16,5.64,5.12,5.44,3556223,20092772.000
2008-10-23,5.36,5.51,5.15,5.45,2206012,12265491.000
2008-10-24,5.40,5.62,5.35,5.55,2390458,13646237.000
2008-10-27,5.40,5.93,5.16,5.73,4781995,27608722.000
2008-10-28,5.49,6.22,5.37,6.19,5629117,33989476.000
2008-10-29,6.20,6.25,5.91,6.08,5026473,31541144.000
2008-10-30,6.13,6.18,5.67,5.85,4870783,29893116.000
2008-10-31,5.82,5.97,5.49,5.54,3087183,18411884.000
2008-11-03,5.45,5.68,5.21,5.64,3356005,18746688.000
2008-11-04,5.50,6.00,5.26,5.84,4471627,26203388.000
2008-11-05,5.80,6.25,5.75,6.13,5461245,34142344.000
2008-11-06,5.95,6.37,5.86,6.30,5424222,34485160.000
2008-11-07,6.15,6.53,6.03,6.33,5506656,36268744.000
2008-11-10,6.38,6.95,6.38,6.91,5484449,37448812.000
2008-11-11,6.85,6.87,6.48,6.50,5101391,35121984.000
2008-11-12,6.34,6.63,6.34,6.58,2892689,19519430.000
2008-11-13,6.49,6.95,6.45,6.82,4563798,31712988.000
2008-11-14,6.94,7.52,6.81,7.52,5127020,38428348.000
2008-11-17,8.29,8.29,7.86,8.29,12106701,101060808.000
2008-11-18,8.30,8.30,7.44,7.44,8071784,64574540.000
2008-11-19,7.30,8.20,7.30,8.16,7946183,63207160.000
2008-11-20,7.93,8.63,7.50,8.23,8026454,66747544.000
2008-11-21,7.76,8.26,7.60,7.80,5017383,40713352.000
2008-11-24,7.76,8.15,7.30,7.36,3967766,31632168.000
2008-11-25,7.42,7.59,6.86,7.07,3638470,26784302.000
2008-11-26,7.08,7.29,7.00,7.19,2089606,15386202.000
2008-11-27,7.79,7.80,7.19,7.20,3394400,26266544.000
2008-11-28,7.16,7.50,7.07,7.32,2603011,19580042.000
2008-12-01,7.40,8.07,7.30,8.07,6761162,54295836.000
2008-12-02,8.05,8.70,7.90,8.29,8584365,73287352.000
2008-12-03,8.20,8.70,8.17,8.56,6487837,55970216.000
2008-12-04,8.60,9.06,8.49,8.58,8103599,72266856.000
2008-12-05,8.54,9.46,8.51,9.46,10528159,97635064.000
2008-12-08,9.58,9.89,9.18,9.71,11084909,107093800.000
2008-12-09,9.70,9.70,9.16,9.19,5758251,55088580.000
2008-12-10,9.12,9.38,8.90,9.27,3825033,35891792.000
2008-12-11,9.27,9.32,8.90,8.91,3251818,30250946.000
2008-12-12,8.79,8.94,8.30,8.45,3120671,27254180.000
2008-12-15,8.59,8.90,8.54,8.73,3046759,27154232.000
2008-12-16,8.69,8.94,8.30,8.91,2483702,22047728.000
2008-12-17,8.88,9.29,8.86,9.02,3550289,33089856.000
2008-12-18,8.88,9.11,8.71,9.10,3047499,27986074.000
2008-12-19,9.09,9.50,9.03,9.30,4537675,43378264.000
2008-12-22,9.33,9.50,9.10,9.37,4149613,39447656.000
2008-12-23,9.20,9.46,8.82,9.07,4144645,38826648.000
2008-12-24,9.08,9.75,9.07,9.69,10780564,104016640.000
2008-12-25,9.70,9.75,9.05,9.09,6270100,59598212.000
2008-12-26,8.98,9.18,8.40,8.50,4437897,39396072.000
2008-12-29,8.36,8.39,7.89,8.20,4172420,34456768.000
2008-12-30,8.15,8.36,7.95,8.03,3069118,25551722.000
2008-12-31,8.19,8.25,7.80,7.81,3089329,25084400.000
2009-01-05,7.88,8.19,7.88,8.18,3234561,26694520.000
2009-01-06,8.21,8.68,8.12,8.60,5253529,45187136.000
2009-01-07,8.60,8.73,8.47,8.54,3662799,32244868.000
2009-01-08,8.35,8.76,8.26,8.44,3351140,29178670.000
2009-01-09,8.46,9.06,8.46,9.01,5184582,46462756.000
2009-01-12,8.91,9.24,8.90,8.95,4686509,43290668.000
2009-01-13,8.90,8.90,8.41,8.49,3186897,28169420.000
2009-01-14,8.40,9.04,8.35,9.02,3582509,32237916.000
2009-01-15,8.90,9.10,8.82,8.94,3995419,36569904.000
2009-01-16,9.01,9.85,9.01,9.48,11299625,109290656.000
2009-01-19,9.41,9.65,9.12,9.26,6137608,58533896.000
2009-01-20,9.30,9.45,9.13,9.36,3389107,32235432.000
2009-01-21,9.31,9.34,9.06,9.14,2938181,27525208.000
2009-01-22,9.20,9.43,9.17,9.23,3119770,29586188.000
2009-01-23,9.21,9.25,8.80,8.88,3362428,30907942.000
2009-02-02,8.90,9.04,8.71,8.97,2526803,22933836.000
2009-02-03,8.91,9.38,8.86,9.22,4733351,44543644.000
2009-02-04,9.23,9.74,9.15,9.65,8740938,84665920.000
2009-02-05,9.60,9.66,9.32,9.49,6405968,62339456.000
2009-02-06,9.59,10.25,9.51,10.02,8646987,86808496.000
2009-02-09,10.03,10.35,9.90,10.12,8488629,87427952.000
2009-02-10,10.08,10.30,9.90,10.30,6655785,68625648.000
2009-02-11,10.18,11.29,10.11,11.00,11959171,131302592.000
2009-02-12,11.03,11.03,10.32,10.79,6237976,67722480.000
2009-02-13,10.67,10.97,10.61,10.93,5937073,65381536.000
2009-02-16,11.00,11.16,10.56,10.88,5220176,57565880.000
2009-02-17,10.90,10.93,10.27,10.29,6208807,66596896.000
2009-02-18,9.92,10.27,9.55,9.57,4231959,42888156.000
2009-02-19,9.65,9.99,9.63,9.83,3556002,35677104.000
2009-02-20,9.87,10.15,9.70,10.09,4145439,42109248.000
2009-02-23,10.12,10.59,10.03,10.44,4679862,49579944.000
2009-02-24,10.26,10.42,9.70,9.71,4603682,47099584.000
2009-02-25,9.75,9.95,9.32,9.73,2728763,26916724.000
2009-02-26,9.74,9.94,8.74,8.85,3124156,29967124.000
2009-02-27,8.61,8.83,7.96,8.21,3205986,27129952.000
2009-03-02,8.19,8.55,8.19,8.45,1575480,13549750.000
2009-03-03,8.40,8.95,7.80,8.85,2987456,26485238.000
2009-03-04,8.71,9.28,8.71,9.24,3769851,35160324.000
2009-03-05,9.30,9.42,8.86,9.06,3676421,34404088.000
2009-03-06,8.67,9.80,8.67,9.57,4409997,41680848.000
2009-03-09,9.50,9.68,9.10,9.25,4043782,39031316.000
2009-03-10,9.05,9.85,8.90,9.76,7714647,75919736.000
2009-03-11,9.98,9.99,9.64,9.84,4592597,45856672.000
2009-03-12,9.83,9.84,9.27,9.71,2488368,24301164.000
2009-03-13,9.79,10.20,9.58,9.82,5436349,55013024.000
2009-03-16,9.71,9.95,9.52,9.92,2152185,21460872.000
2009-03-17,9.92,10.16,9.80,10.09,3200587,32742088.000
2009-03-18,9.97,10.20,9.96,10.11,3713985,38148388.000
2009-03-19,10.10,10.18,9.82,10.15,3671733,37736944.000
2009-03-20,10.10,10.17,9.72,9.83,3091540,31187820.000
2009-03-23,9.83,10.03,9.80,9.85,2616846,26412006.000
2009-03-24,9.91,10.18,9.86,10.17,3931096,40359888.000
2009-03-25,10.22,10.42,9.92,10.26,5649059,58735128.000
2009-03-26,10.25,10.98,10.05,10.76,6974454,74599136.000
2009-03-27,10.85,10.95,10.53,10.83,7734713,84704320.000
2009-03-30,10.87,11.30,10.66,10.92,6904211,77286296.000
2009-03-31,10.60,11.10,10.20,10.72,4987976,54224440.000
2009-04-01,10.72,10.83,10.48,10.53,4429937,47866128.000
2009-04-03,10.53,10.69,10.15,10.18,3015434,31799740.000
2009-04-07,10.18,10.41,10.14,10.37,1863913,19546190.000
2009-04-08,10.30,10.43,9.76,9.77,2828366,28991672.000
2009-04-09,9.74,9.98,9.70,9.95,1839240,18477070.000
2009-04-10,9.98,10.20,9.91,10.16,2573196,26482992.000
2009-04-13,10.22,10.86,10.17,10.59,6312949,68207472.000
2009-04-14,10.60,10.77,10.41,10.63,3858760,41755684.000
2009-04-15,10.60,10.66,10.28,10.54,3075137,32794308.000
2009-04-16,10.55,10.87,10.42,10.82,5387712,58670748.000
2009-04-17,10.82,11.02,10.60,10.75,6148246,68104072.000
2009-04-20,10.73,11.48,10.60,11.31,7020643,79435200.000
2009-04-21,11.19,12.08,10.95,11.79,8570211,99914296.000
2009-04-22,11.80,11.98,10.73,10.88,6880492,80526384.000
2009-04-23,10.70,11.22,10.68,10.97,3088432,34474736.000
2009-04-24,11.11,11.88,11.05,11.61,7789050,91674720.000
2009-04-27,11.66,12.17,11.30,11.61,8075705,96716848.000
2009-04-28,11.40,11.40,10.70,11.08,3850836,43374564.000
2009-04-29,11.09,11.57,10.85,11.41,4139601,47195988.000
2009-04-30,11.52,11.85,11.45,11.66,6136489,72877912.000
2009-05-04,11.78,11.94,11.51,11.86,5011688,60150416.000
2009-05-05,11.90,11.95,11.58,11.72,3634157,43268576.000
2009-05-06,11.60,12.53,11.59,12.42,7087061,87128304.000
2009-05-07,12.35,12.46,11.84,11.99,5275805,64762972.000
2009-05-08,12.03,12.10,11.62,11.83,3400396,40905136.000
2009-05-11,11.85,11.95,11.30,11.35,3006729,35477760.000
2009-05-12,11.32,11.62,11.15,11.60,1709113,19902934.000
2009-05-13,11.60,11.67,11.48,11.56,2134206,25113952.000
2009-05-14,11.50,11.70,11.22,11.48,2252488,26264130.000
2009-05-15,11.48,11.75,11.48,11.66,2535826,30048704.000
2009-05-18,11.66,12.09,11.29,11.94,4936561,59414784.000
2009-05-19,11.90,12.21,11.70,12.10,4625883,56175180.000
2009-05-20,12.09,12.09,11.62,11.65,3137970,37943972.000
2009-05-22,11.33,11.47,11.08,11.23,2306051,26390568.000
2009-05-25,10.75,11.08,10.65,11.04,1889295,20947842.000
2009-05-26,11.05,11.38,11.00,11.11,1498476,17060908.000
2009-05-27,11.11,11.19,10.92,11.04,1392615,15689468.000
2009-06-01,11.04,11.35,11.04,11.25,1544208,17599234.000
2009-06-02,11.29,11.39,11.12,11.27,1944514,22313800.000
2009-06-03,11.29,11.42,11.21,11.27,1778969,20462840.000
2009-06-04,11.25,11.25,10.89,11.13,2498450,27991020.000
2009-06-05,11.08,11.89,11.00,11.68,7212510,84695360.000
2009-06-08,11.51,11.84,11.39,11.62,4857237,57623060.000
2009-06-09,11.60,12.67,11.55,12.40,10760219,133172024.000
2009-06-10,12.30,12.70,12.12,12.50,6315735,79801600.000
2009-06-11,12.51,12.80,12.21,12.26,4676037,59511792.000
2009-06-12,12.19,12.50,11.78,11.99,4143757,51298752.000
2009-06-15,12.10,12.80,11.98,12.71,4678358,59316764.000
2009-06-16,12.45,12.60,12.18,12.34,4105387,51647264.000
2009-06-17,12.22,12.43,11.91,12.23,3328051,41094392.000
2009-06-18,12.20,12.78,11.97,12.37,5347249,67554744.000
2009-06-19,12.17,12.29,12.00,12.15,3399993,41850932.000
2009-06-22,12.26,12.28,11.80,11.90,2509634,30479074.000
2009-06-23,11.77,11.94,11.40,11.72,2915720,34606488.000
2009-06-24,11.72,11.95,11.60,11.90,1536998,18410832.000
2009-06-25,11.91,11.96,11.60,11.67,2530052,30161344.000
2009-06-26,11.68,11.78,11.60,11.75,1265739,15088534.000
2009-06-29,11.86,12.44,11.74,12.32,5103652,63436048.000
2009-06-30,12.46,12.93,12.08,12.27,5218953,66846568.000
2009-07-01,12.10,12.38,12.05,12.13,2411716,29797098.000
2009-07-02,12.13,12.25,12.02,12.11,1993642,24559132.000
2009-07-03,12.11,12.37,12.03,12.15,2405438,29797220.000
2009-07-06,12.12,12.31,11.83,12.21,3862042,47245044.000
2009-07-07,12.22,13.45,12.16,13.45,16020429,214152160.000
2009-07-08,13.48,14.82,13.28,14.82,15555983,219271296.000
2009-07-10,16.32,16.32,15.12,16.32,7910506,128593712.000
2009-07-13,16.95,17.38,16.37,16.82,10884934,185358992.000
2009-07-14,16.82,16.91,16.36,16.79,7393536,124439904.000
2009-07-15,16.79,17.05,16.54,16.83,6506323,110277448.000
2009-07-16,16.96,17.15,16.41,16.61,6051366,102773256.000
2009-07-17,16.40,17.45,16.20,16.79,7120752,121879984.000
2009-07-20,16.79,17.08,16.51,16.99,4836153,82588720.000
2009-07-21,17.16,18.71,17.16,18.71,8480398,158415728.000
2009-07-22,18.96,19.00,17.30,18.79,10184964,189855760.000
2009-07-23,18.50,20.40,18.40,19.48,6211128,122118728.000
2009-07-24,19.49,19.68,18.50,19.09,3508276,67590456.000
2009-07-27,19.05,21.02,18.61,21.02,7345679,148547840.000
2009-07-28,20.80,21.80,20.30,21.15,4852281,103921416.000
2009-07-29,21.15,21.15,19.10,19.94,3715960,75959776.000
2009-07-30,19.90,21.78,19.90,21.37,5361243,114212832.000
2009-07-31,21.54,23.27,21.10,22.60,4339728,97145368.000
2009-08-03,23.10,24.88,23.10,24.88,4999712,122958440.000
2009-08-04,25.18,25.78,24.00,24.74,5101198,126905952.000
2009-08-05,24.60,26.59,24.48,26.00,5410591,140287456.000
2009-08-06,26.30,26.68,24.80,25.25,4202780,109175144.000
2009-08-07,24.80,25.60,23.15,23.48,4360686,106211488.000
2009-08-10,23.78,24.46,22.62,23.47,2910054,68744968.000
2009-08-11,23.80,25.30,23.53,25.06,4187884,103705096.000
2009-08-12,25.05,25.78,23.80,23.89,4062495,101190584.000
2009-08-13,23.82,23.90,22.50,23.41,3627782,84364168.000
2009-08-14,23.60,23.74,22.08,22.40,2983984,68281624.000
2009-08-17,22.20,22.20,20.30,21.28,3778342,80699720.000
2009-08-18,21.20,22.20,20.90,21.68,2978788,65157420.000
2009-08-19,21.65,22.40,20.91,21.37,3946002,86876648.000
2009-08-20,20.70,22.30,20.65,22.14,3801918,82710544.000
2009-08-21,21.80,23.70,21.60,23.66,4480311,103323896.000
2009-08-24,23.93,24.21,23.20,23.71,4486702,106956312.000
2009-08-25,23.30,23.34,22.10,22.85,2735636,62961064.000
2009-08-26,22.80,23.45,21.90,22.90,1810685,42146176.000
2009-08-27,22.90,23.69,22.56,23.08,2223222,52196072.000
2009-08-28,22.78,22.80,21.68,21.72,2005182,44737600.000
2009-08-31,21.33,21.97,20.40,20.87,1787154,38402200.000
2009-09-01,20.87,21.78,20.50,21.11,1669941,35927084.000
2009-09-02,21.11,21.30,20.22,20.71,1451528,30385656.000
2009-09-03,20.61,21.80,20.40,21.64,1368830,29609924.000
2009-09-04,21.77,22.00,21.20,21.87,2010826,44142584.000
2009-09-07,21.90,24.08,21.85,24.08,7181893,170522464.000
2009-09-08,24.12,24.80,23.46,24.28,6642181,161853792.000
2009-09-09,24.10,24.70,23.60,24.19,3876912,94034872.000
2009-09-10,23.75,24.32,23.50,23.71,1854423,44782536.000
2009-09-11,23.35,24.36,23.35,24.07,2389436,57986940.000
2009-09-14,24.00,24.79,23.84,24.38,2574208,63079816.000
2009-09-15,24.40,24.81,23.85,24.60,2976573,73013104.000
2009-09-16,24.60,24.65,23.81,24.29,2143381,52185624.000
2009-09-17,24.38,24.59,24.00,24.55,3311922,81269744.000
2009-09-18,24.55,25.60,24.04,24.42,4743412,119632304.000
2009-09-21,24.20,24.20,22.38,23.68,3112919,72525640.000
2009-09-22,23.30,24.26,23.10,23.26,2567273,61574720.000
2009-09-23,23.10,23.40,21.49,21.94,2806595,63268896.000
2009-09-24,21.79,22.39,21.25,21.71,1800019,39451056.000
2009-09-25,21.82,22.08,21.51,21.64,1170236,25764146.000
2009-09-28,22.00,22.72,21.59,21.64,1872321,41884412.000
2009-09-29,21.90,22.20,19.80,20.65,1798774,38163556.000
2009-09-30,20.72,21.02,20.27,20.65,1061415,22148608.000
2009-10-09,20.60,21.60,20.60,21.53,1734944,37258364.000
2009-10-12,21.38,21.80,21.23,21.30,1581451,34228184.000
2009-10-13,21.20,21.54,20.91,21.29,1587933,33814592.000
2009-10-14,21.50,22.06,21.20,21.99,3211067,69659152.000
2009-10-15,21.80,22.05,21.38,21.40,2550591,55571168.000
2009-10-16,21.45,21.60,20.56,20.99,2658065,55885220.000
2009-10-19,20.99,21.35,20.99,21.30,2525466,53983716.000
2009-10-20,21.33,23.10,20.99,22.80,6962993,155177984.000
2009-10-21,22.80,22.80,22.02,22.07,4432165,99249152.000
2009-10-22,21.97,22.10,21.63,21.71,1949645,42924508.000
2009-10-23,21.74,22.29,21.74,21.94,2324299,51521512.000
2009-10-26,21.89,21.89,21.40,21.50,2765664,60021000.000
2009-10-27,21.59,21.59,20.78,20.79,2007647,42682520.000
2009-10-28,20.79,21.15,20.53,20.99,1415526,29724052.000
2009-10-29,20.75,20.80,20.18,20.54,1349409,27979064.000
2009-10-30,20.77,21.30,20.57,20.73,1403124,29579810.000
2009-11-02,20.60,21.30,20.21,21.20,2321083,49233028.000
2009-11-03,21.20,23.30,21.20,22.44,6033932,136899792.000
2009-11-04,22.59,23.00,22.20,22.76,4206531,96483232.000
2009-11-05,22.82,23.03,22.28,22.80,2943650,67327664.000
2009-11-06,23.10,23.20,22.55,22.71,2698146,62073192.000
2009-11-09,22.85,22.97,22.58,22.81,2490802,57265216.000
2009-11-10,22.88,23.30,22.71,22.83,4247814,98602048.000
2009-11-11,22.30,23.76,22.30,23.70,6944144,163637952.000
2009-11-12,23.73,24.80,23.50,24.29,6838539,167842880.000
2009-11-13,24.26,25.15,23.81,24.34,5350709,132310824.000
2009-11-16,24.61,26.59,24.40,26.08,7277061,187495648.000
2009-11-17,26.05,26.19,25.31,25.93,3920777,102073312.000
2009-11-18,25.93,26.10,24.82,25.29,5442915,138705008.000
2009-11-19,25.20,25.26,24.40,25.06,4881020,121642832.000
2009-11-20,24.93,25.43,24.65,25.20,4470506,113545408.000
2009-11-23,25.20,26.35,24.68,26.27,6539593,171116176.000
2009-11-24,26.30,26.38,24.26,24.46,6000874,154038176.000
2009-11-25,24.44,25.45,23.85,25.22,4111021,102828304.000
2009-11-26,25.21,25.21,24.40,24.41,4070028,101600128.000
2009-11-27,23.65,24.30,23.65,24.04,1857783,44729944.000
2009-11-30,23.85,25.80,23.85,25.48,4229447,107086584.000
2009-12-01,25.24,26.30,24.86,25.98,5040920,130568256.000
2009-12-02,25.99,26.04,25.20,25.61,4421295,113313120.000
2009-12-03,25.35,25.69,24.87,25.17,3004860,76415904.000
2009-12-04,25.25,25.30,23.75,24.21,4811403,118509824.000
2009-12-07,24.80,25.10,24.21,24.47,2586881,64227112.000
2009-12-08,24.60,24.78,23.80,24.72,2870698,70074272.000
2009-12-09,24.50,25.13,24.03,24.45,2456800,61030468.000
2009-12-10,24.65,24.90,24.50,24.89,2223841,55405768.000
2009-12-11,25.05,25.15,24.72,24.79,2022002,50822016.000
2009-12-14,24.49,24.79,23.77,24.06,2576178,62347328.000
2009-12-15,24.10,24.36,23.75,23.89,1957939,47293752.000
2009-12-16,23.89,24.21,23.59,23.64,1778434,42730104.000
2009-12-17,23.45,23.90,22.68,22.69,2060773,47950976.000
2009-12-18,22.69,22.69,21.30,21.50,1798960,39812520.000
2009-12-21,21.52,22.96,21.31,22.85,3628524,81915128.000
2009-12-22,22.93,23.77,22.90,23.13,3668057,86449616.000
2009-12-23,22.82,23.40,22.58,23.29,1462698,33876772.000
2009-12-24,23.33,24.78,23.00,24.31,3678390,89922336.000
2009-12-25,24.21,24.69,24.10,24.14,2299226,56419624.000
2009-12-28,24.08,24.79,23.83,24.57,2330953,57359320.000
2009-12-29,24.58,24.65,24.23,24.60,2060340,50881508.000
2009-12-30,24.70,24.90,23.80,24.12,2547941,62304632.000
2009-12-31,24.09,24.94,24.08,24.80,3230654,80500320.000
2010-01-04,24.74,25.29,24.62,25.19,3207812,81074008.000
2010-01-05,25.20,25.37,24.40,24.71,2523665,63032400.000
2010-01-06,24.71,24.71,24.10,24.16,2122767,51979916.000
2010-01-07,24.10,24.10,23.14,23.29,2666765,63131172.000
2010-01-08,23.30,23.61,23.20,23.59,1501781,35559008.000
2010-01-11,23.80,23.98,22.97,23.19,1359592,31904768.000
2010-01-12,23.20,23.65,23.08,23.62,1632930,38526404.000
2010-01-13,23.15,23.45,22.80,23.23,1732495,40508728.000
2010-01-14,23.30,24.80,23.30,24.64,4453535,108826864.000
2010-01-15,24.68,25.06,24.40,24.79,3236842,80636976.000
2010-01-18,24.70,25.00,24.45,24.69,2318004,57751704.000
2010-01-19,24.80,24.95,24.48,24.50,1727521,42874364.000
2010-01-20,24.44,24.44,22.60,23.11,2850907,67464680.000
2010-01-21,23.11,23.50,22.60,23.16,1490756,34550096.000
2010-01-22,23.09,23.09,21.70,22.51,1325171,30044784.000
2010-01-25,22.50,22.90,22.20,22.56,668629,15292910.000
2010-01-26,22.80,22.80,21.33,21.50,1089700,24074370.000
2010-01-27,21.65,22.10,21.20,21.35,930532,20151908.000
2010-01-28,21.35,21.48,20.51,21.20,953218,20152608.000
2010-01-29,21.40,23.34,20.80,23.34,5490497,126440232.000
2010-02-01,23.24,24.70,22.99,24.30,5551670,135593648.000
2010-02-02,24.14,24.80,24.14,24.35,2710398,66770536.000
2010-02-03,24.40,24.58,22.30,24.16,2030660,48447296.000
2010-02-04,23.80,24.80,23.39,24.30,1967658,48413660.000
2010-02-05,23.90,25.37,23.31,25.05,4147488,103288616.000
2010-02-08,25.02,25.33,24.56,25.00,2836514,71594024.000
2010-02-09,24.71,25.14,24.62,25.02,2157378,54114032.000
2010-02-11,25.17,25.21,24.88,25.01,1616218,40799460.000
2010-02-12,24.75,25.09,23.80,24.41,2093502,51272992.000
2010-02-22,23.80,24.86,23.80,24.65,1899787,47014512.000
2010-02-23,24.30,27.14,24.30,27.14,5148378,136916432.000
2010-02-24,27.80,29.30,27.15,28.50,6607624,188866320.000
2010-02-25,28.48,29.22,28.18,28.85,5092856,147661008.000
2010-02-26,28.30,28.83,27.80,28.26,5147077,146366128.000
2010-03-01,28.30,28.40,27.30,28.22,2872844,80968688.000
2010-03-02,28.16,28.59,27.60,28.47,3114535,88374544.000
2010-03-03,28.47,28.47,27.60,28.07,1908084,53698064.000
2010-03-04,27.86,28.26,25.30,25.86,4217970,112882192.000
2010-03-05,25.85,25.99,25.30,25.44,1854849,47955692.000
2010-03-08,25.44,26.10,24.83,25.89,2353794,61113688.000
2010-03-09,25.91,26.48,25.30,26.45,1965063,51796716.000
2010-03-10,26.21,26.44,25.65,25.84,995559,25971838.000
2010-03-11,25.87,26.08,25.32,25.71,703992,18183932.000
2010-03-12,25.66,26.14,25.52,25.72,500984,12992640.000
2010-03-15,25.89,25.89,24.58,24.71,1264114,31783838.000
2010-03-16,24.16,25.18,24.16,24.80,578775,14442297.000
2010-03-17,24.70,25.65,24.64,25.58,1653513,41858624.000
2010-03-18,25.40,25.57,25.11,25.21,1006865,25654326.000
2010-03-19,25.22,25.34,24.99,25.09,1427196,36131048.000
2010-03-22,25.09,25.79,24.82,25.56,1042246,26777728.000
2010-03-23,25.56,26.15,25.40,25.46,1042774,26964982.000
2010-03-24,25.42,25.57,25.02,25.38,840642,21389480.000
2010-03-25,25.37,25.38,24.95,24.95,824289,20887886.000
2010-03-26,24.95,25.37,24.80,25.00,783554,19796028.000
2010-03-29,25.03,25.80,24.88,25.33,959699,24532016.000
2010-03-30,25.32,25.67,25.01,25.10,1245124,31665860.000
2010-03-31,25.10,25.20,24.46,24.65,1268014,31571956.000
2010-04-01,24.65,25.10,24.45,25.03,1552396,38627464.000
2010-04-02,25.02,25.66,24.90,25.58,2146600,54775896.000
2010-04-06,25.28,25.64,25.12,25.22,1289458,32976664.000
2010-04-07,25.22,25.60,25.13,25.57,1334198,34235564.000
2010-04-08,25.35,25.63,25.25,25.37,742008,18976344.000
2010-04-09,25.35,26.75,25.16,26.33,2648383,69773256.000
2010-04-12,26.20,26.99,25.86,26.89,2372952,63700032.000
2010-04-13,26.89,27.20,25.09,26.82,2265130,60660072.000
2010-04-14,26.53,27.65,26.21,27.49,2076791,56972004.000
2010-04-15,27.50,27.89,26.86,27.63,2290961,63487416.000
2010-04-16,27.50,27.58,26.80,27.11,1302328,35648896.000
2010-04-19,26.61,28.45,26.61,27.21,2826736,78307096.000
2010-04-20,27.21,29.78,27.21,29.17,4563826,132534528.000
2010-04-21,28.80,31.78,28.80,31.05,4050090,124219200.000
2010-04-22,30.60,32.10,29.98,30.57,2577256,80244632.000
2010-04-23,30.50,31.00,29.60,29.80,1866122,56366880.000
2010-04-26,29.80,30.68,28.90,29.95,1358545,40954024.000
2010-04-27,29.45,30.47,27.68,28.52,1782995,51469496.000
2010-04-28,28.27,28.76,27.80,28.65,1192560,33928428.000
2010-04-29,28.65,29.25,27.72,27.82,1299947,37335776.000
2010-04-30,27.60,28.32,27.01,27.80,982662,27280042.000
2010-05-04,27.50,28.80,27.30,28.61,1391396,39674824.000
2010-05-05,28.57,29.80,27.85,29.49,1699017,49508296.000
2010-05-06,29.51,30.00,28.80,29.25,1187537,35100688.000
2010-05-07,28.80,28.94,27.72,28.54,1149482,32818312.000
2010-05-10,28.40,28.60,27.00,28.05,707655,19747192.000
2010-05-11,28.50,28.50,26.30,26.51,769667,21608896.000
2010-05-12,26.25,26.30,24.90,25.99,848469,21979016.000
2010-05-13,26.18,26.60,24.52,26.34,902638,23350164.000
2010-05-14,26.10,26.68,25.78,26.35,672406,17833724.000
2010-05-17,25.40,26.05,24.78,24.81,724247,18662224.000
2010-05-18,24.81,24.82,23.50,24.21,704197,17133924.000
2010-05-19,23.83,25.48,23.83,24.92,906223,22788124.000
2010-05-20,24.82,25.38,24.82,25.03,674021,17064958.000
2010-05-21,24.60,26.00,24.30,25.79,725943,18652200.000
2010-05-24,26.53,28.10,25.62,27.30,881509,24193348.000
2010-05-25,26.81,27.54,26.68,26.79,441122,11986418.000
2010-05-27,26.40,27.25,24.60,26.25,2353365,60432056.000
2010-05-28,26.15,27.05,25.68,26.77,2134558,56705688.000
2010-05-31,26.40,26.80,25.78,25.81,1442570,38282676.000
2010-06-01,25.68,25.68,23.80,24.50,1117666,27821520.000
2010-06-02,24.50,24.87,24.01,24.86,590604,14622011.000
2010-06-03,24.71,25.30,24.70,24.77,463527,11632007.000
2010-06-04,24.40,24.99,24.32,24.85,395651,9873715.000
2010-06-07,24.39,25.30,24.27,25.00,585211,14709098.000
2010-06-08,25.00,25.30,24.90,25.13,457100,11579129.000
2010-06-09,25.14,26.10,25.05,26.03,878137,22841870.000
2010-06-10,26.30,27.22,25.80,26.47,1292676,34625640.000
2010-06-11,26.80,26.80,25.40,25.45,1207674,31398120.000
2010-06-17,25.49,25.65,24.86,25.63,770742,19564878.000
2010-06-18,25.60,25.80,24.51,25.24,660530,16691191.000
2010-06-21,25.24,25.54,24.68,25.47,276818,7053136.000
2010-06-22,25.48,25.90,25.27,25.60,361961,9343785.000
2010-06-23,25.90,25.90,24.91,25.37,476987,12196125.000
2010-06-24,25.30,25.60,25.00,25.11,437493,11078149.000
2010-06-25,24.91,25.25,24.60,24.78,235300,5896647.000
2010-06-28,24.72,25.05,24.64,24.75,119189,2982022.000
2010-06-29,24.80,25.06,22.81,23.23,439354,10316901.000
2010-06-30,22.88,24.21,22.53,23.82,615592,14356811.000
2010-07-01,23.60,24.47,23.34,24.02,636138,15435605.000
2010-07-02,24.30,24.50,22.07,24.47,582953,13891696.000
2010-07-05,24.30,24.30,23.62,23.76,152370,3644316.000
2010-07-06,23.38,24.16,23.32,23.88,423079,10126373.000
2010-07-07,23.88,24.28,23.50,23.92,221826,5315150.000
2010-07-08,23.94,24.89,23.59,24.58,586843,14265102.000
2010-07-09,24.48,26.07,24.00,25.80,1288105,32930906.000
2010-07-12,25.72,26.05,25.33,25.54,495664,12772789.000
2010-07-13,25.20,25.66,25.20,25.39,188690,4810256.000
2010-07-14,25.49,25.84,24.90,25.13,295101,7518145.000
2010-07-15,25.16,25.39,24.82,24.87,171610,4319393.000
2010-07-16,24.71,25.70,24.70,25.24,277619,7021850.000
2010-07-19,24.81,26.00,24.81,25.72,446628,11546020.000
2010-07-20,25.60,26.35,25.60,26.31,890548,23171112.000
2010-07-21,26.31,26.70,26.02,26.30,964049,25536244.000
2010-07-22,26.08,27.05,25.97,26.59,970767,25949360.000
2010-07-23,26.59,26.87,26.01,26.20,520111,13690715.000
2010-07-26,26.20,28.18,26.05,27.59,1069671,29328942.000
2010-07-27,27.60,28.99,26.75,28.02,2317977,64387648.000
2010-07-28,27.59,28.50,27.07,28.09,1615537,45386488.000
2010-07-29,28.00,28.50,27.67,28.14,1015923,28611336.000
2010-07-30,27.80,28.10,27.51,27.76,657294,18339992.000
2010-08-02,28.08,29.35,27.70,28.89,2092499,60666424.000
2010-08-03,29.20,29.24,27.90,28.77,1519314,43759116.000
2010-08-04,28.65,29.52,28.02,29.50,1672649,48791292.000
2010-08-05,29.38,30.45,29.21,29.78,1483307,44496580.000
2010-08-06,29.90,30.49,29.46,30.32,879797,26610766.000
2010-08-09,30.35,30.70,29.88,30.24,1249847,37939440.000
2010-08-10,30.15,30.20,28.15,28.17,2358732,68537472.000
2010-08-11,27.93,29.36,27.60,29.01,1748472,49919072.000
2010-08-12,28.86,29.34,28.22,28.47,1108792,32129280.000
2010-08-13,28.85,28.90,28.30,28.81,596699,17130656.000
2010-08-16,28.55,30.48,28.55,29.77,2019625,60232280.000
2010-08-17,29.53,30.10,29.30,29.71,1268966,37704700.000
2010-08-18,29.43,29.70,28.76,29.06,1078569,31549332.000
2010-08-19,29.06,29.08,28.59,28.69,1005292,28984644.000
2010-08-20,28.67,28.67,27.62,27.75,1332421,37290192.000
2010-08-23,28.05,28.28,27.63,28.10,597312,16747461.000
2010-08-24,28.15,28.37,27.74,28.32,1178000,33154176.000
2010-08-25,28.25,28.65,28.00,28.20,746318,21227876.000
2010-08-26,28.59,28.59,28.18,28.36,541999,15450527.000
2010-08-27,28.23,28.37,28.00,28.15,938704,26505240.000
2010-08-30,28.31,30.98,28.31,30.98,3685282,113084080.000
2010-08-31,32.32,34.09,31.70,34.09,9598085,315876512.000
2010-09-01,34.09,34.09,32.90,33.14,3352354,112144904.000
2010-09-02,33.29,36.40,33.01,35.15,3984133,138003072.000
2010-09-03,34.40,36.18,34.40,35.63,2452102,86622608.000
2010-09-06,35.63,37.56,35.00,35.81,2289921,83724160.000
2010-09-07,35.70,37.26,35.35,36.86,1455717,52710680.000
2010-09-08,36.90,37.40,36.20,36.99,869343,32156364.000
2010-09-09,36.08,37.38,36.08,36.64,1267542,46575312.000
2010-09-10,36.22,40.20,35.32,39.27,1934382,72086440.000
2010-09-13,39.00,39.40,37.72,38.91,1989969,76918144.000
2010-09-14,38.91,39.97,38.41,39.03,1327307,52106720.000
2010-09-15,38.87,39.58,38.32,38.94,843191,32994858.000
2010-09-16,38.98,38.98,36.30,36.36,1312323,48891732.000
2010-09-17,36.40,37.90,36.40,37.84,1522701,57458736.000
2010-09-20,37.84,38.34,36.58,36.80,743866,27582628.000
2010-09-21,36.77,37.69,36.77,37.45,586469,21984814.000
2010-09-27,37.45,38.35,36.90,38.11,576698,21882968.000
2010-09-28,38.13,40.49,37.45,39.81,1509269,60073072.000
2010-09-29,39.65,40.22,38.67,38.71,784808,30904288.000
2010-09-30,38.02,39.30,38.02,39.21,810270,31527368.000
2010-10-08,39.30,43.14,39.30,43.14,1104580,47277372.000
2010-10-11,44.70,46.80,39.90,43.75,3897397,170831584.000
2010-10-12,42.10,42.90,39.90,42.77,2653168,110731968.000
2010-10-13,41.88,41.88,39.16,40.47,3933026,157323552.000
2010-10-14,40.10,40.30,38.27,38.64,2460862,96268192.000
2010-10-15,37.90,40.08,37.70,38.40,2477961,96751280.000
2010-10-18,37.89,40.10,34.71,39.69,2926692,109876608.000
2010-10-19,39.07,39.87,37.91,39.45,1704304,67089644.000
2010-10-20,38.80,40.90,37.90,39.61,3444107,135996032.000
2010-10-21,39.14,39.70,38.95,39.11,1475609,58133552.000
2010-10-22,39.63,39.65,39.07,39.10,1809058,71332152.000
2010-10-25,39.10,43.02,39.10,42.54,4241646,175399520.000
2010-10-26,40.95,42.54,40.95,41.16,2232998,92426808.000
2010-10-27,41.27,41.30,39.30,39.38,1839325,73998824.000
2010-10-28,39.50,39.95,38.30,38.99,1412638,55244756.000
2010-10-29,39.00,40.40,37.81,39.56,1640971,64317328.000
2010-11-01,39.65,41.10,39.65,40.50,2191141,88677280.000
2010-11-02,40.60,42.70,40.60,41.82,2591117,108296496.000
2010-11-03,42.08,45.10,41.98,44.39,4343895,190189952.000
2010-11-04,44.48,46.15,43.40,45.03,3479005,155141424.000
2010-11-05,44.90,44.90,43.30,44.04,2005053,88113536.000
2010-11-08,43.99,44.20,42.68,43.14,1971122,85298608.000
2010-11-09,43.09,43.89,42.86,43.86,1703946,74239776.000
2010-11-10,43.65,46.79,43.50,45.40,3129375,142050592.000
2010-11-11,45.41,46.40,44.61,44.65,2610862,119317128.000
2010-11-12,44.40,46.19,41.66,43.41,2845635,126644640.000
2010-11-15,42.80,45.40,42.80,45.01,1786856,79155736.000
2010-11-16,44.92,45.67,42.50,43.53,1663392,73479336.000
2010-11-17,42.93,44.20,39.17,40.13,2940047,123742944.000
2010-11-18,39.90,40.90,38.40,39.77,790903,31285336.000
2010-11-19,40.48,41.89,39.83,41.87,945623,38727240.000
2010-11-22,41.60,43.20,40.65,42.21,993389,42031020.000
2010-11-23,41.90,42.00,40.40,41.65,951492,39331940.000
2010-11-24,41.40,44.30,40.50,43.89,1679067,72823536.000
2010-11-25,43.75,44.58,42.94,43.34,1435239,62692280.000
2010-11-26,43.70,47.57,42.86,46.81,4488302,204995648.000
2010-11-29,46.38,47.40,45.28,46.56,3259978,151344128.000
2010-11-30,45.90,46.31,42.05,44.89,2267394,100563768.000
2010-12-01,43.48,44.80,42.60,43.79,1224191,53289652.000
2010-12-02,44.20,44.67,43.03,43.22,928535,40385144.000
2010-12-03,43.10,43.10,41.40,42.57,1093142,46079176.000
2010-12-06,42.26,42.40,40.44,40.88,1539941,63465088.000
2010-12-07,41.18,41.88,39.88,41.62,1157942,47602064.000
2010-12-08,41.30,42.30,40.90,41.46,753838,31486502.000
2010-12-09,40.91,41.38,39.98,40.41,788669,31962374.000
2010-12-10,39.95,41.68,39.69,41.54,952851,38616488.000
2010-12-13,41.57,42.15,41.23,41.91,1283195,53740452.000
2010-12-14,41.98,42.25,41.30,41.80,975293,40676068.000
2010-12-15,41.71,42.90,41.64,42.05,1377172,58424440.000
2010-12-16,42.70,43.60,42.11,42.35,1243574,53213592.000
2010-12-17,42.10,42.75,41.60,41.86,775158,32529524.000
2010-12-20,41.86,42.14,38.93,39.56,2839533,114082320.000
2010-12-21,39.56,39.68,37.60,39.54,1810729,70489960.000
2010-12-22,39.32,39.38,38.40,38.91,1159515,45190576.000
2010-12-23,38.87,38.87,38.23,38.30,904573,34870120.000
2010-12-24,38.35,38.40,36.90,37.61,1859170,69381048.000
2010-12-27,37.90,37.90,35.50,35.98,2557789,93390512.000
2010-12-28,35.89,36.40,33.06,35.74,3671624,127427984.000
2010-12-29,35.66,36.05,34.70,35.82,1594855,56741824.000
2010-12-30,35.80,36.48,35.23,36.36,1481954,53450684.000
2010-12-31,36.40,37.80,36.40,37.55,1523835,56400856.000
2011-01-04,37.99,38.40,36.19,37.16,2509767,92936192.000
2011-01-05,37.08,37.08,35.40,35.50,3148266,112794384.000
2011-01-06,35.42,35.75,34.35,34.50,2253606,79166368.000
2011-01-07,34.40,35.12,33.79,34.84,1468137,50587080.000
2011-01-10,34.85,34.85,33.40,33.60,1350963,46022520.000
2011-01-11,33.30,33.79,32.90,33.33,709569,23688934.000
2011-01-12,33.15,33.80,33.15,33.61,630513,21143986.000
2011-01-13,33.49,35.10,33.49,34.65,1742119,60377876.000
2011-01-14,34.45,34.53,33.42,33.79,770230,26067640.000
2011-01-17,33.60,33.60,31.99,32.00,857202,28166308.000
2011-01-18,32.00,32.88,31.40,32.40,737878,23956156.000
2011-01-19,32.39,33.80,32.30,33.70,1365592,45684016.000
2011-01-20,33.70,34.20,32.60,32.73,1772806,59793200.000
2011-01-21,32.54,33.81,32.10,33.05,1276010,42510176.000
2011-01-24,33.45,33.87,32.90,33.84,1295582,43419252.000
2011-01-25,33.69,34.08,33.39,33.89,553295,18710860.000
2011-01-26,33.70,34.78,33.68,33.75,847844,28932704.000
2011-01-27,33.60,33.75,32.90,33.58,864663,28942900.000
2011-01-28,33.50,33.67,33.15,33.41,671163,22427800.000
2011-01-31,32.90,33.60,32.90,33.33,617388,20593004.000
2011-02-01,32.95,33.67,32.95,33.34,447163,14992106.000
2011-02-09,33.00,33.20,32.20,32.20,1270664,41500628.000
2011-02-10,32.20,33.25,31.76,33.21,942836,30833420.000
2011-02-11,33.10,34.60,32.91,34.49,1479482,50310452.000
2011-02-14,34.47,35.00,34.10,34.84,1643067,57059704.000
2011-02-15,34.84,35.47,34.40,34.59,1391403,48836348.000
2011-02-16,34.40,35.14,34.26,34.78,939128,32716856.000
2011-02-17,34.90,35.07,34.10,34.26,855681,29555016.000
2011-02-18,34.26,36.48,34.26,35.71,2853413,102397624.000
2011-02-21,35.60,36.25,35.01,36.15,1724387,61639536.000
2011-02-22,36.15,36.19,33.90,34.41,1233168,43559960.000
2011-02-23,34.40,34.85,33.81,34.26,937284,32038132.000
2011-02-24,34.26,34.40,33.95,34.29,548868,18854498.000
2011-02-25,34.49,34.90,34.13,34.29,909687,31406516.000
2011-02-28,34.07,34.40,33.39,34.01,1214329,41110856.000
2011-03-01,34.19,34.50,33.81,34.36,1225568,41944080.000
2011-03-02,34.40,34.62,33.27,33.37,1635640,55188752.000
2011-03-03,33.38,33.77,32.70,32.78,1479130,48953148.000
2011-03-04,32.79,33.15,32.70,33.11,693209,22906216.000
2011-03-07,33.28,33.40,32.76,33.14,1919346,63586648.000
2011-03-08,33.22,33.73,33.19,33.55,1034125,34669132.000
2011-03-09,33.56,33.60,33.00,33.21,1078055,35882916.000
2011-03-10,33.21,34.05,33.15,33.59,1999472,67637744.000
2011-03-11,33.50,33.55,33.03,33.19,1117124,37202316.000
2011-03-14,32.90,33.20,32.25,32.91,960250,31531448.000
2011-03-15,32.92,33.16,32.10,32.39,925569,30168172.000
2011-03-16,32.49,33.71,32.40,33.30,1483205,49540816.000
2011-03-17,33.00,33.40,32.65,32.80,872521,28807512.000
2011-03-18,33.00,33.25,32.70,32.96,604081,19984192.000
2011-03-21,32.92,33.03,32.25,32.39,1211566,39475792.000
2011-03-22,32.42,32.50,31.90,32.11,721646,23242156.000
2011-03-23,32.13,32.30,31.90,32.17,684768,22039872.000
2011-03-24,32.12,32.57,31.92,32.39,935327,30169988.000
2011-03-25,32.49,33.28,32.40,33.05,1666346,55043764.000
2011-03-28,34.21,34.21,32.16,32.37,1640751,54192760.000
2011-03-29,32.30,32.40,31.40,31.43,1201411,38232788.000
2011-03-30,31.40,31.68,30.16,30.18,2004817,61494120.000
2011-03-31,30.20,31.30,30.20,30.40,1174844,36220148.000
2011-04-01,30.47,30.83,30.19,30.60,468330,14325827.000
2011-04-06,30.65,30.87,29.51,29.69,1660104,49626968.000
2011-04-07,29.70,29.84,29.08,29.84,986521,29113156.000
2011-04-08,29.79,29.94,29.59,29.91,884808,26502398.000
2011-04-11,30.00,30.02,29.78,29.83,1413851,42434716.000
2011-04-12,29.60,30.18,29.59,29.83,693270,20775296.000
2011-04-13,29.91,30.55,29.80,30.49,1750297,53047812.000
2011-04-14,30.49,30.77,30.07,30.24,1137618,34503656.000
2011-04-15,30.25,30.40,29.76,29.84,815488,24502622.000
2011-04-18,29.85,29.89,29.50,29.66,812202,24183600.000
2011-04-19,29.74,30.47,29.20,30.33,1610007,48362332.000
2011-04-20,30.34,31.18,30.11,30.85,2004827,61908024.000
2011-04-21,30.97,31.57,30.76,31.21,1809475,56668736.000
2011-04-22,31.10,31.19,30.81,30.94,847432,26341748.000
2011-04-25,30.90,31.38,30.66,30.67,1552239,48449608.000
2011-04-26,30.60,30.73,29.28,29.82,1607580,48045744.000
2011-04-27,29.90,30.34,29.43,29.62,699546,20966138.000
2011-04-28,29.70,29.70,27.85,27.88,969677,27955980.000
2011-04-29,27.88,28.20,27.74,27.95,773821,21748408.000
2011-05-03,28.10,28.87,27.95,28.85,575611,16415316.000
2011-05-04,28.85,30.40,28.46,29.75,1767777,52996764.000
2011-05-05,29.33,30.75,29.33,30.62,1705767,52030752.000
2011-05-06,30.70,31.23,30.03,30.98,1854130,57450088.000
2011-05-09,31.10,31.37,30.40,30.72,1382559,42853488.000
2011-05-10,30.50,30.70,30.04,30.22,608432,18481662.000
2011-05-11,30.20,30.50,29.46,30.42,677084,20563988.000
2011-05-12,30.29,31.20,29.90,30.56,1190924,36902732.000
2011-05-13,30.70,31.30,30.40,30.59,628566,19467204.000
2011-05-16,30.58,30.87,30.40,30.50,468406,14346205.000
2011-05-17,30.41,30.73,30.10,30.67,540614,16501124.000
2011-05-18,30.78,31.50,30.32,31.42,1863918,58555864.000
2011-05-19,31.65,33.04,31.50,32.46,3352766,109803448.000
2011-05-20,32.40,33.10,32.40,32.70,1460949,48002112.000
2011-05-23,32.69,33.07,31.40,31.57,1030243,33286692.000
2011-05-24,31.20,31.53,29.88,30.57,1406639,42984104.000
2011-05-26,30.35,30.69,28.91,29.70,813277,24348716.000
2011-05-27,29.63,30.14,28.61,28.95,696490,20408108.000
2011-05-30,28.76,29.48,28.00,29.34,554034,16044657.000
2011-05-31,29.88,29.88,29.00,29.65,488074,14449063.000
2011-06-01,29.89,30.28,28.90,29.91,441427,13117689.000
2011-06-02,29.40,30.19,29.26,29.98,437646,13081095.000
2011-06-03,29.90,30.35,29.73,30.04,616779,18643284.000
2011-06-07,29.90,30.38,29.90,30.25,351325,10638403.000
2011-06-08,29.92,30.25,28.90,29.50,771181,22693032.000
2011-06-09,29.37,29.37,28.80,28.82,576683,16733832.000
2011-06-10,28.80,29.09,28.50,29.08,263062,7568406.000
2011-06-13,28.90,28.90,28.01,28.85,227037,6515589.000
2011-06-14,28.84,29.36,28.60,29.23,296619,8650068.000
2011-06-15,29.19,29.20,28.73,29.10,357385,10428454.000
2011-06-16,28.85,28.85,28.40,28.48,275898,7913745.000
2011-06-17,28.40,28.60,28.05,28.09,170590,4838785.000
2011-06-20,27.90,28.10,27.40,27.49,334926,9299181.000
2011-06-21,27.40,28.03,27.40,27.50,329799,9112627.000
2011-06-22,27.50,27.77,27.18,27.50,576601,15878129.000
2011-06-23,27.40,27.50,26.50,27.50,1250770,33818924.000
2011-06-24,27.40,28.41,27.02,28.16,1811244,50694744.000
2011-06-27,28.15,28.37,28.00,28.30,968363,27406344.000
2011-06-28,28.40,28.82,28.11,28.53,765824,21874288.000
2011-06-29,28.40,28.49,27.71,27.83,811668,22867236.000
2011-06-30,27.83,28.25,27.78,28.13,486347,13707618.000
2011-07-01,28.35,28.50,27.94,28.41,875242,24815632.000
2011-07-04,28.50,29.10,28.26,29.00,1581570,45609976.000
2011-07-05,29.01,29.20,28.38,28.67,1553894,44764520.000
2011-07-06,28.67,28.98,28.35,28.94,1239210,35709844.000
2011-07-07,28.94,30.47,28.70,29.69,3299134,98363960.000
2011-07-08,29.48,30.28,29.16,29.42,2187062,65350216.000
2011-07-11,29.30,32.37,29.00,31.54,5189067,161233952.000
2011-07-12,31.00,32.60,30.92,32.06,4070317,131069376.000
2011-07-13,32.08,33.86,31.60,32.82,4008055,132343568.000
2011-07-14,32.90,33.21,32.50,32.79,3231659,106489560.000
2011-07-15,32.66,32.97,32.37,32.40,2338016,76486944.000
2011-07-18,32.08,33.30,32.07,32.89,2540387,84057616.000
2011-07-19,32.90,33.02,32.30,32.48,1211899,39556328.000
2011-07-20,32.50,33.40,32.50,33.24,1762277,58094360.000
2011-07-21,33.20,36.24,33.08,35.85,6116126,216491488.000
2011-07-22,35.65,36.21,35.40,36.11,3632338,130586096.000
2011-07-25,36.02,36.14,33.02,33.43,3112063,107688432.000
2011-07-26,33.11,34.08,33.00,33.59,1419944,47653928.000
2011-07-27,33.50,35.34,33.02,34.83,2092383,71903760.000
2011-07-28,34.38,34.49,33.48,34.04,1784868,60612004.000
2011-07-29,33.68,35.06,33.68,34.15,1877994,64818188.000
2011-08-01,34.00,34.00,32.88,33.18,1718125,57194512.000
2011-08-02,32.99,32.99,31.78,32.11,2029252,65094220.000
2011-08-03,32.00,32.80,31.50,32.37,1805264,58540320.000
2011-08-04,32.50,33.09,31.60,32.64,2213489,71445536.000
2011-08-05,31.70,33.80,31.33,32.96,2733500,89650896.000
2011-08-08,32.63,33.05,31.00,32.00,1804024,57799088.000
2011-08-09,31.28,31.85,30.01,31.56,1956560,60510980.000
2011-08-10,32.00,33.60,31.68,33.52,3513156,114771424.000
2011-08-11,32.86,34.70,32.75,34.60,3822661,130461648.000
2011-08-12,34.56,34.87,34.18,34.50,3619285,125022984.000
2011-08-15,34.47,35.70,34.18,34.61,3549046,124820992.000
2011-08-16,34.59,35.15,33.85,33.98,1821075,62600908.000
2011-08-17,33.98,34.46,33.60,33.85,1070998,36319856.000
2011-08-18,33.76,34.20,33.61,33.95,1526566,51879064.000
2011-08-19,33.40,35.00,33.05,34.99,2068773,71274064.000
2011-08-22,34.80,35.44,34.21,34.27,1315950,45644640.000
2011-08-23,34.25,34.50,33.33,33.79,1479569,50036480.000
2011-08-24,33.61,33.96,32.67,32.87,2077778,69152000.000
2011-08-25,32.09,33.20,32.09,32.88,2030966,66334884.000
2011-08-26,32.73,33.09,32.12,33.08,2418857,79104536.000
2011-08-29,32.90,35.15,32.68,35.08,3423607,116769872.000
2011-08-30,34.95,35.45,33.88,34.06,2259936,78257664.000
2011-08-31,34.13,34.67,33.72,34.21,1459700,49744208.000
2011-09-01,34.26,34.61,33.03,33.10,1745408,58785200.000
2011-09-02,33.06,33.06,31.96,32.26,2289033,73831392.000
2011-09-05,32.00,32.27,31.30,31.65,909309,28971202.000
2011-09-06,31.40,31.92,31.05,31.43,624221,19628428.000
2011-09-07,31.47,32.38,31.47,32.28,969731,31179882.000
2011-09-08,32.40,32.49,31.70,31.76,589620,18960068.000
2011-09-09,31.62,32.13,31.14,31.18,698643,21993368.000
2011-09-13,31.00,31.00,29.41,30.07,1135800,34212208.000
2011-09-14,30.38,30.83,29.74,30.12,711788,21458672.000
2011-09-15,30.29,30.73,29.82,29.98,1002608,30246448.000
2011-09-16,30.23,30.27,29.86,29.90,472220,14160863.000
2011-09-19,30.08,30.08,29.08,29.68,741116,21978152.000
2011-09-20,29.70,29.97,29.50,29.75,469587,13966837.000
2011-09-21,30.00,30.57,29.62,30.55,1568451,47369472.000
2011-09-22,30.34,30.34,29.06,29.67,885987,26287452.000
2011-09-23,29.40,29.40,27.88,28.50,1599631,45419568.000
2011-09-26,28.40,28.40,27.47,27.73,1147793,31870760.000
2011-09-27,27.80,28.19,27.52,28.11,759514,21150604.000
2011-09-28,28.30,28.49,27.60,27.78,446924,12535039.000
2011-09-29,27.60,27.74,26.70,26.97,604822,16399966.000
2011-09-30,27.00,27.23,25.91,26.78,586349,15454773.000
2011-10-10,26.80,27.10,26.19,26.23,254098,6736571.000
2011-10-11,26.60,27.09,24.80,25.13,770667,20041632.000
2011-10-12,25.25,25.79,24.51,25.65,596835,15148141.000
2011-10-13,25.50,26.47,25.33,26.19,928566,24188928.000
2011-10-14,26.25,26.25,25.43,25.81,495159,12759641.000
2011-10-17,25.85,26.79,25.85,26.77,914370,24028792.000
2011-10-18,26.70,27.38,26.31,26.71,1414768,38124916.000
2011-10-19,26.42,27.17,26.42,26.57,631780,16948052.000
2011-10-20,26.38,26.70,24.06,25.22,797488,20170368.000
2011-10-21,24.78,25.20,24.78,24.81,278584,6947492.000
2011-10-24,24.80,25.15,24.38,24.84,1312488,32528456.000
2011-10-25,24.90,25.70,24.80,25.52,1521298,38352016.000
2011-10-26,25.24,26.70,25.10,25.84,1192068,30708820.000
2011-10-27,25.85,26.09,25.40,25.73,675092,17347640.000
2011-10-28,25.90,26.32,25.80,26.31,1246427,32509762.000
2011-10-31,26.50,26.75,26.30,26.51,912651,24176834.000
2011-11-01,26.41,26.75,26.13,26.68,927044,24562664.000
2011-11-02,26.30,26.68,25.69,26.66,1184948,31065716.000
2011-11-03,26.90,27.80,26.71,27.11,2182896,59547060.000
2011-11-04,27.12,27.51,27.12,27.35,1220094,33315850.000
2011-11-07,27.30,27.50,26.78,26.91,558404,15127427.000
2011-11-08,26.90,27.08,26.40,26.46,600946,16042687.000
2011-11-09,26.26,28.10,26.26,28.09,2207937,60805432.000
2011-11-10,27.75,27.88,27.31,27.76,1595059,44072380.000
2011-11-11,27.70,28.00,27.46,27.73,1085101,30089760.000
2011-11-14,27.77,28.78,27.77,28.30,1164317,33012948.000
2011-11-15,28.30,28.50,28.08,28.21,736053,20757868.000
2011-11-16,28.19,28.20,27.30,27.41,1095732,30222260.000
2011-11-17,27.38,27.80,27.21,27.42,699073,19309264.000
2011-11-18,27.40,27.40,26.78,26.79,700777,18970036.000
2011-11-21,26.78,26.99,26.60,26.86,402215,10801854.000
2011-11-22,26.63,27.50,26.55,27.38,1257572,34271240.000
2011-11-23,27.47,28.47,27.30,28.24,2061224,57964132.000
2011-11-24,27.99,30.60,27.79,29.63,4676283,136632256.000
2011-11-25,29.54,30.05,29.14,29.22,2650512,78149352.000
2011-11-28,29.20,29.85,28.68,29.80,2444917,71718880.000
2011-11-29,30.10,30.10,28.80,29.22,2261048,66489228.000
2011-11-30,29.25,29.64,27.13,28.27,1855764,53031908.000
2011-12-01,28.68,29.30,28.32,28.58,1623932,46583216.000
2011-12-02,28.58,28.89,28.05,28.24,1060711,30118224.000
2011-12-05,28.20,28.20,26.80,27.27,1292017,35385448.000
2011-12-06,27.43,27.43,26.03,27.00,1019839,27156250.000
2011-12-07,26.74,27.20,26.43,27.09,699359,18744264.000
2011-12-08,26.88,27.80,26.40,27.54,1047505,28377408.000
2011-12-09,27.39,27.68,27.00,27.41,542110,14803380.000
2011-12-12,27.40,27.49,26.60,26.66,425884,11551980.000
2011-12-13,26.50,26.53,25.40,25.40,929372,23872984.000
2011-12-14,25.37,25.70,24.48,24.48,564450,14170559.000
2011-12-15,24.51,24.60,23.32,23.34,720946,17219188.000
2011-12-16,23.34,24.33,23.03,24.29,962325,22733162.000
2011-12-19,24.18,24.18,23.21,23.72,678801,16033101.000
2011-12-20,23.90,24.26,23.51,23.71,751596,17942944.000
2011-12-21,23.99,24.20,22.80,22.89,714952,16804408.000
2011-12-22,22.55,22.89,20.98,21.92,1520278,33286190.000
2011-12-23,21.70,22.30,21.30,21.68,1029955,22605476.000
2011-12-26,21.87,22.00,21.06,21.12,756500,16311793.000
2011-12-27,21.01,21.06,20.00,20.52,975679,19894980.000
2011-12-28,20.20,20.53,19.72,20.33,1362877,27184592.000
2011-12-29,20.00,20.65,20.00,20.39,617106,12590468.000
2011-12-30,20.39,20.90,20.39,20.83,819650,16954676.000
2012-01-04,20.90,21.40,20.02,20.10,878234,18068026.000
2012-01-05,19.97,20.08,18.98,18.99,904425,17478024.000
2012-01-06,18.55,19.15,18.55,18.99,643274,12121421.000
2012-01-09,19.02,19.83,18.80,19.80,1219505,23422046.000
2012-01-10,19.90,21.50,19.55,21.13,2145365,44095664.000
2012-01-11,21.00,21.00,20.50,20.79,1760789,36481376.000
2012-01-12,20.76,20.88,20.39,20.85,968296,20051304.000
2012-01-13,20.85,21.21,20.11,20.17,1182742,24441828.000
2012-01-16,19.50,20.09,19.00,19.08,960865,18763280.000
2012-01-17,19.06,20.18,18.65,20.09,1144676,22281954.000
2012-01-18,20.08,20.49,19.21,19.25,1116113,22174358.000
2012-01-19,19.24,19.60,19.07,19.51,984326,19114488.000
2012-01-20,19.78,20.49,19.60,20.33,1116088,22570752.000
2012-01-30,20.06,20.81,20.05,20.79,1207372,24675460.000
2012-01-31,20.90,22.80,20.90,22.55,5340829,117444496.000
2012-02-01,22.56,24.52,22.20,23.98,5860169,137162384.000
2012-02-02,23.90,24.40,23.50,24.04,3371753,80410984.000
2012-02-03,24.04,24.20,23.65,24.05,2513283,60109596.000
2012-02-06,24.05,24.40,23.68,24.21,3393045,81450944.000
2012-02-07,24.00,24.10,23.28,23.56,2095920,49731976.000
2012-02-08,23.40,25.29,23.40,25.26,4350262,106572624.000
2012-02-09,25.01,26.42,25.01,25.78,3029479,78216064.000
2012-02-10,25.51,27.38,25.38,26.96,2828592,74084856.000
2012-02-13,26.70,28.07,26.20,27.30,3479283,95540840.000
2012-02-14,27.06,27.65,26.83,27.29,1606673,43613820.000
2012-02-15,27.23,27.29,26.59,26.89,4019471,107746504.000
2012-02-16,26.88,26.90,25.96,26.46,2851192,75026912.000
2012-02-17,26.30,26.80,26.20,26.61,1422370,37665184.000
2012-02-20,26.83,26.88,26.15,26.26,1464516,38757760.000
2012-02-21,26.20,27.50,26.00,27.48,2956211,79346088.000
2012-02-22,27.58,27.89,27.21,27.59,2223597,61191276.000
2012-02-23,27.45,27.55,26.33,27.47,2010499,54652616.000
2012-02-24,26.85,28.70,26.85,28.49,3447176,96705408.000
2012-02-27,28.16,28.70,27.68,27.73,2879035,81005200.000
2012-02-28,27.62,28.47,27.31,28.06,1556301,43563976.000
2012-02-29,28.07,28.83,27.71,28.41,3650430,103834360.000
2012-03-01,28.12,29.90,28.12,28.99,3296585,95921432.000
2012-03-02,28.89,29.47,28.60,29.15,1703916,49499016.000
2012-03-05,28.90,30.15,28.86,29.81,3172138,94288992.000
2012-03-06,29.60,29.74,28.81,29.17,2498997,73354856.000
2012-03-07,28.90,28.90,26.63,27.39,4064223,113479768.000
2012-03-08,27.30,27.76,26.90,27.46,3079611,84293392.000
2012-03-09,27.55,30.21,27.55,30.21,6876794,199086464.000
2012-03-12,30.40,30.59,29.62,30.24,4029304,121657472.000
2012-03-13,30.00,31.50,29.80,31.31,3737568,115419208.000
2012-03-14,31.20,31.58,28.90,29.43,3840643,116706128.000
2012-03-15,29.40,30.55,29.00,30.01,3207503,95581712.000
2012-03-16,30.00,31.80,29.91,31.55,3572262,111356560.000
2012-03-19,31.65,31.70,30.35,31.03,2868825,88798920.000
2012-03-20,30.81,31.02,30.00,30.49,1484596,45066800.000
2012-03-21,30.48,30.86,29.40,30.29,1670585,50180692.000
2012-03-22,30.41,30.89,30.00,30.20,1225215,37339916.000
2012-03-23,29.98,30.30,29.40,29.81,2037962,60729024.000
2012-03-26,29.58,30.80,29.50,30.53,1334329,40273632.000
2012-03-27,30.55,30.65,28.80,29.38,1991566,59154264.000
2012-03-28,29.10,29.20,28.02,28.09,2221140,63238960.000
2012-03-29,28.03,29.14,27.40,28.57,1799338,51263528.000
2012-03-30,28.07,28.86,27.00,27.62,2263713,62541224.000
2012-04-05,27.14,30.23,27.14,30.07,2272584,66432448.000
2012-04-06,30.00,31.36,29.90,30.47,3226505,99029088.000
2012-04-09,30.80,30.80,29.88,30.19,1451604,43828176.000
2012-04-10,30.00,30.19,28.74,30.00,1831843,53898192.000
2012-04-11,29.70,29.95,28.72,29.20,1782411,51830104.000
2012-04-12,29.18,29.55,28.84,29.54,1110455,32580846.000
2012-04-13,29.48,29.98,29.26,29.53,1172406,34663836.000
2012-04-16,29.03,30.10,29.03,29.46,936251,27794400.000
2012-04-17,29.28,29.79,28.88,29.10,627665,18341898.000
2012-04-18,29.15,29.47,28.78,29.21,853969,24882628.000
2012-04-19,29.21,29.70,28.60,28.72,1088664,31626244.000
2012-04-20,28.75,28.97,28.18,28.67,1091806,31168696.000
2012-04-23,28.78,29.17,28.29,28.53,749058,21594884.000
2012-04-24,28.55,28.80,27.27,27.86,1520889,42454040.000
2012-04-25,27.50,28.10,27.42,27.60,1890506,52033432.000
2012-04-26,27.66,28.35,27.60,27.98,1557220,43565108.000
2012-04-27,27.71,29.28,26.80,27.15,7918902,221467600.000
2012-05-02,27.28,27.40,24.65,26.24,8525203,221911632.000
2012-05-03,26.00,26.90,25.55,26.84,4397522,116323928.000
2012-05-04,26.79,27.19,26.50,26.99,3096869,83272136.000
2012-05-07,26.99,28.78,26.80,28.31,5093298,142961184.000
2012-05-08,28.31,28.34,27.48,28.09,2927921,81689168.000
2012-05-09,27.40,28.34,27.40,27.70,2479881,69071088.000
2012-05-10,27.60,28.93,27.60,28.59,3451258,98666272.000
2012-05-11,28.46,29.29,28.31,28.63,2663786,76613160.000
2012-05-14,28.78,28.80,27.60,27.65,2060364,57886872.000
2012-05-15,27.43,27.59,26.80,27.50,1735308,47211088.000
2012-05-16,27.48,27.48,26.88,26.90,1140067,31029644.000
2012-05-17,26.90,27.27,26.52,26.96,1832915,49113544.000
2012-05-18,26.94,27.12,26.12,26.21,2056627,54478896.000
2012-05-21,26.20,27.45,26.00,27.26,2435287,65464448.000
2012-05-22,27.30,28.14,27.05,27.76,2097959,58136952.000
2012-05-23,27.79,30.50,27.58,29.70,8751173,254304832.000
2012-05-24,29.30,30.00,28.23,28.58,4974414,145127136.000
2012-05-25,28.58,28.58,27.33,27.54,3175854,88030232.000
2012-05-28,27.10,27.97,26.50,27.43,2848168,77682176.000
2012-05-29,27.45,28.94,26.85,28.34,3427981,94951488.000
2012-05-30,28.18,28.65,27.94,28.02,1781511,50421544.000
2012-05-31,27.80,28.59,27.68,28.36,1712628,48365192.000
2012-06-01,28.36,29.05,28.16,28.68,2130366,61096456.000
2012-06-04,28.10,28.60,27.51,27.66,1887558,52963684.000
2012-06-05,27.58,27.88,26.89,27.15,1401994,38355920.000
2012-06-06,27.17,27.42,27.00,27.17,704866,19138102.000
2012-06-07,27.45,27.56,26.91,27.07,1093516,29795452.000
2012-06-08,27.23,27.37,26.66,26.88,1015100,27303852.000
2012-06-11,26.88,27.20,26.00,27.11,679224,18228524.000
2012-06-12,27.11,27.30,26.70,26.83,631067,16956456.000
2012-06-13,26.71,27.90,26.55,27.47,1513555,41436272.000
2012-06-14,27.47,28.30,27.21,27.75,1599114,44754364.000
2012-06-15,27.92,27.93,27.08,27.38,1284345,35209612.000
2012-06-18,27.40,28.00,27.31,27.95,1270106,35296096.000
2012-06-19,27.70,27.97,27.00,27.15,1984232,54170796.000
2012-06-20,27.17,27.38,26.90,27.00,766738,20791740.000
2012-06-21,26.98,27.15,26.80,27.01,721972,19490500.000
2012-06-25,27.03,27.29,26.66,26.71,659936,17774934.000
2012-06-26,26.82,26.94,26.28,26.59,764557,20365156.000
2012-06-27,26.61,27.25,26.61,27.14,804560,21703084.000
2012-06-29,27.02,28.60,26.75,28.54,5413774,152874240.000
2012-07-02,28.60,30.50,27.95,29.15,6852018,201947408.000
2012-07-03,29.02,29.51,28.10,28.89,3579495,103337120.000
2012-07-04,28.79,29.14,28.35,28.89,3352188,96356896.000
2012-07-05,28.62,28.80,27.98,28.38,1806743,51080600.000
2012-07-06,28.55,30.60,28.26,30.13,6361720,190737824.000
2012-07-09,29.98,31.39,29.50,29.73,5106762,156023920.000
2012-07-10,29.70,30.89,29.20,30.15,3646807,110530608.000
2012-07-11,29.95,33.17,29.55,33.17,6874264,218187616.000
2012-07-12,33.17,36.00,32.71,34.20,9395528,323022464.000
2012-07-13,33.68,37.50,33.61,36.69,8161679,289877344.000
2012-07-16,36.58,37.38,35.67,36.36,6547892,239138768.000
2012-07-17,35.81,35.98,34.28,35.40,6084511,211393136.000
2012-07-18,35.00,35.40,33.78,34.81,5052000,174318992.000
2012-07-19,34.61,35.35,34.03,35.09,3998588,138882112.000
2012-07-20,34.60,35.54,32.50,32.75,5825771,198768416.000
2012-07-23,32.02,32.70,31.58,32.56,3471369,111546472.000
2012-07-24,32.29,34.00,32.15,33.55,3477547,115686936.000
2012-07-25,33.47,34.20,32.50,32.68,2720101,90549504.000
2012-07-26,32.70,33.49,31.61,31.70,2075068,67493416.000
2012-07-27,31.73,32.18,30.50,30.96,2554740,79333888.000
2012-07-30,30.83,31.28,30.70,31.08,1283820,39745220.000
2012-07-31,31.00,31.19,29.50,29.52,2097623,63498948.000
2012-08-01,29.52,30.68,29.35,30.66,2390491,72062304.000
2012-08-02,30.60,31.24,30.20,30.50,1750608,53760576.000
2012-08-03,30.50,31.31,30.21,31.16,1908726,59051764.000
2012-08-06,31.05,32.20,30.64,31.97,2357814,74248896.000
2012-08-07,31.88,32.36,31.42,31.76,2002043,63707952.000
2012-08-08,31.87,31.87,30.50,30.66,2178009,67359960.000
2012-08-09,30.66,32.50,30.40,32.42,4431933,141137824.000
2012-08-10,32.21,32.21,30.90,31.27,3307089,103756856.000
2012-08-13,31.13,31.48,30.71,30.77,1495396,46408168.000
2012-08-14,30.80,31.23,29.50,31.20,1766679,53950532.000
2012-08-15,31.07,32.10,30.90,31.11,2830959,89390512.000
2012-08-16,31.00,32.50,30.68,31.29,2861451,90898496.000
2012-08-17,31.18,31.19,29.68,30.29,2259441,68079232.000
2012-08-20,29.99,30.50,29.40,30.17,1362363,40908036.000
2012-08-21,29.85,30.68,29.85,30.40,1899730,57653656.000
2012-08-22,30.50,30.60,29.74,30.17,1508060,45182584.000
2012-08-23,29.85,30.25,29.10,29.55,1392674,41308680.000
2012-08-24,29.55,30.15,29.29,29.84,1189205,35341636.000
2012-08-27,29.80,29.80,28.55,28.60,2153430,62284584.000
2012-08-28,28.44,29.37,28.26,29.30,1351679,39136816.000
2012-08-29,29.20,29.40,28.40,28.42,803189,23090558.000
2012-08-30,28.18,28.50,26.55,26.92,1623922,44380728.000
2012-08-31,27.00,27.40,26.60,27.18,837582,22664784.000
2012-09-03,27.18,28.43,27.01,28.07,1659690,46574824.000
2012-09-04,28.40,29.39,28.28,28.28,1727439,49794284.000
2012-09-05,28.05,28.48,27.75,28.28,875092,24533324.000
2012-09-06,28.03,28.75,28.03,28.45,627141,17812454.000
2012-09-07,28.50,29.65,28.50,29.29,1870344,54653068.000
2012-09-10,29.20,29.44,28.72,29.26,1965568,57061256.000
2012-09-11,29.20,29.20,28.30,28.87,866345,24869464.000
2012-09-12,28.81,29.22,28.73,29.17,898069,26085112.000
2012-09-13,29.18,29.30,28.80,28.81,892224,25945920.000
2012-09-14,28.91,29.28,28.77,29.03,968052,28175578.000
2012-09-17,29.30,29.62,28.90,29.36,2225262,65342888.000
2012-09-18,29.37,30.57,29.36,30.47,3170499,95845832.000
2012-09-19,30.48,30.76,29.45,29.68,1927155,57478288.000
2012-09-20,29.73,29.73,28.01,28.08,2012795,57470736.000
2012-09-21,28.07,28.48,27.74,27.85,1155950,32361506.000
2012-09-24,27.59,28.45,27.30,28.18,641340,18003506.000
2012-09-25,27.85,28.62,27.85,28.00,1057456,29837356.000
2012-09-26,27.99,28.28,26.90,27.07,1212353,33237602.000
2012-09-27,27.07,27.79,27.07,27.66,1020762,28005280.000
2012-09-28,27.50,28.58,27.45,28.47,1175888,33329544.000
2012-10-08,28.50,28.79,28.36,28.63,1099081,31407348.000
2012-10-09,28.71,29.25,28.67,29.04,1108463,32041400.000
2012-10-10,28.78,29.03,28.60,28.95,630979,18201338.000
2012-10-11,28.95,29.40,28.62,28.77,1245646,36207784.000
2012-10-12,28.77,29.15,28.45,28.98,626450,18025128.000
2012-10-15,29.05,29.70,28.99,29.46,1318192,38832288.000
2012-10-16,29.46,31.80,29.31,30.43,3224305,98715216.000
2012-10-17,30.43,30.99,30.19,30.67,1586874,48465468.000
2012-10-18,30.73,32.65,30.73,31.94,3387576,107947864.000
2012-10-19,32.08,32.78,31.40,32.00,2543171,81545040.000
2012-10-22,31.90,32.57,31.60,32.10,1390928,44673032.000
2012-10-23,32.00,32.19,30.50,30.62,2750076,85076992.000
2012-10-24,30.55,30.94,30.03,30.78,1444363,43877576.000
2012-10-25,30.78,31.15,30.61,31.15,1043392,32274276.000
2012-10-26,34.00,34.27,34.00,34.27,11156234,382132000.000
2012-10-29,34.27,36.11,34.05,35.02,7859317,276657184.000
2012-10-30,35.00,35.71,34.39,34.75,4503764,157663056.000
2012-10-31,34.66,34.88,33.45,34.53,4529464,154956688.000
2012-11-01,34.64,35.12,34.12,34.50,3564585,123596784.000
2012-11-02,34.58,36.57,34.30,36.04,5680941,203235184.000
2012-11-05,36.04,36.87,35.76,36.26,4070332,148059104.000
2012-11-06,35.94,36.00,34.78,35.75,3110297,110137184.000
2012-11-07,35.49,36.45,34.80,36.12,1648992,58662284.000
2012-11-08,35.94,39.73,35.53,38.36,4686052,178802832.000
2012-11-09,37.80,38.28,36.88,37.85,2867868,107831960.000
2012-11-12,37.72,38.30,36.50,37.04,2198475,81820760.000
2012-11-13,36.72,37.01,35.30,35.35,1605914,58243460.000
2012-11-14,35.40,36.18,35.01,35.52,1507503,53717324.000
2012-11-15,35.20,36.12,34.62,34.73,1743491,61247936.000
2012-11-16,34.73,35.50,33.70,34.96,1633451,56554192.000
2012-11-19,34.95,34.95,31.46,31.46,5345370,172732592.000
2012-11-20,31.40,32.88,31.40,32.13,3053061,98463208.000
2012-11-21,31.65,32.25,30.40,32.00,4664139,144497728.000
2012-11-22,30.48,31.38,28.80,31.00,5092037,153368240.000
2012-11-23,30.62,33.00,30.60,32.02,3146501,100377696.000
2012-11-26,32.19,32.19,30.95,31.12,1167659,36542180.000
2012-11-27,30.95,31.37,30.00,30.95,1482123,45592536.000
2012-11-28,30.83,32.17,30.68,31.55,2461317,77753000.000
2012-11-29,31.70,31.95,30.50,30.93,1652120,51546712.000
2012-11-30,30.61,31.10,28.99,29.94,2540089,75934288.000
2012-12-03,29.50,29.64,27.20,27.77,2840222,80575120.000
2012-12-04,27.30,29.99,26.61,29.38,3191452,90174016.000
2012-12-05,28.90,30.98,28.90,30.03,2050413,61417636.000
2012-12-06,29.90,30.72,28.55,30.10,1533371,45185780.000
2012-12-07,29.92,30.60,29.30,30.23,1168181,35303524.000
2012-12-10,29.50,31.27,28.58,30.87,2521058,74655664.000
2012-12-11,30.88,31.77,30.55,31.06,2693634,83862656.000
2012-12-12,31.05,31.68,30.59,31.53,1382990,43174856.000
2012-12-13,31.60,32.51,31.30,31.50,1474342,46987416.000
2012-12-14,30.88,32.45,30.40,32.08,2230497,70335632.000
2012-12-17,32.10,34.50,31.44,34.09,5615542,185753056.000
2012-12-18,33.60,34.90,33.11,33.51,3075310,104088728.000
2012-12-19,33.61,34.43,33.11,33.81,2050456,69614456.000
2012-12-20,33.81,33.94,32.20,32.98,1820053,60283488.000
2012-12-21,32.65,33.84,32.50,33.31,1807269,59867064.000
2012-12-24,33.30,33.55,31.90,32.39,3027504,98932112.000
2012-12-25,32.15,33.67,31.70,32.77,3343376,109810408.000
2012-12-26,32.77,35.50,32.50,34.69,3122020,105999848.000
2012-12-27,34.60,36.41,34.33,36.21,3282308,117389280.000
2012-12-28,36.18,37.86,35.65,37.00,3102663,114750544.000
2012-12-31,36.90,37.49,36.33,36.99,1610342,59293800.000
2013-01-04,36.96,37.55,35.55,36.82,3300552,120866536.000
2013-01-07,36.50,37.50,36.37,37.25,1684526,62546676.000
2013-01-08,37.00,39.90,37.00,38.50,2818188,109314552.000
2013-01-09,38.51,41.95,38.30,41.59,3979322,158580576.000
2013-01-10,40.81,43.10,40.67,41.01,2807786,116367784.000
2013-01-11,41.10,41.56,40.00,40.74,1831125,74317696.000
2013-01-14,40.25,42.22,39.80,41.67,2286398,94166168.000
2013-01-15,41.50,41.98,40.60,41.59,1565564,64840808.000
2013-01-16,41.06,42.60,40.29,42.21,2792977,116583808.000
2013-01-17,42.20,45.20,41.81,43.67,2768965,121554648.000
2013-01-18,43.48,46.31,43.28,45.58,2982204,133446048.000
2013-01-21,45.37,46.56,43.47,43.94,2993365,134055256.000
2013-01-22,43.45,43.50,40.20,41.54,5742690,237781632.000
2013-01-23,41.14,42.77,40.30,42.59,3198826,133800368.000
2013-01-24,42.28,42.96,41.70,42.45,2360533,99972432.000
2013-01-25,41.80,42.16,40.00,40.31,1910403,77363584.000
2013-01-28,39.68,39.94,37.29,38.69,4697982,180385472.000
2013-01-29,38.51,39.54,37.68,39.29,3050879,117915408.000
2013-01-30,39.13,40.60,38.20,39.87,2623374,104475952.000
2013-01-31,39.61,39.90,38.91,39.07,1216703,47737016.000
2013-02-01,38.90,39.80,38.00,38.71,1377597,53768268.000
2013-02-04,38.26,38.68,36.06,37.72,3545331,130745224.000
2013-02-05,37.32,39.22,36.91,39.21,3391959,129171168.000
2013-02-06,39.19,39.19,38.00,38.45,1894244,73058552.000
2013-02-07,38.10,39.65,37.27,38.51,1812635,70088736.000
2013-02-08,38.10,39.80,37.80,39.11,2417002,93996904.000
2013-02-18,38.91,38.91,37.00,38.22,1815211,68789352.000
2013-02-19,38.20,39.98,37.80,39.22,2369597,93221816.000
2013-02-20,39.27,41.00,38.29,40.97,2702355,108442112.000
2013-02-21,40.89,44.94,40.20,43.20,3324352,143230640.000
2013-02-22,43.46,46.58,43.25,44.99,4294452,194972960.000
2013-02-25,45.15,46.88,43.50,44.13,2347916,103444352.000
2013-02-26,43.95,46.50,43.66,43.69,2002450,90062616.000
2013-02-27,43.28,43.90,41.59,42.12,2106862,89436400.000
2013-02-28,42.39,42.39,40.35,41.46,2600359,106776896.000
2013-03-01,41.28,42.64,41.00,41.97,2053855,86159056.000
2013-03-04,41.83,43.53,41.38,41.96,2497558,106514616.000
2013-03-05,41.35,43.19,41.35,42.10,2517384,106647832.000
2013-03-06,42.25,44.20,41.50,43.92,3021856,128797448.000
2013-03-07,44.00,46.30,43.60,44.60,4970491,223258768.000
2013-03-08,44.00,46.00,42.61,42.66,2434706,107796480.000
2013-03-11,42.53,42.53,40.50,40.99,2750232,112461840.000
2013-03-12,40.89,41.40,39.00,39.68,2208886,88389128.000
2013-03-13,39.70,42.43,39.50,42.34,4238181,172357328.000
2013-03-14,42.55,42.57,41.15,41.70,2099259,88107440.000
2013-03-15,41.30,41.70,40.24,40.79,2131345,87424240.000
2013-03-18,40.80,41.30,37.50,39.37,3622457,140572400.000
2013-03-19,38.95,40.23,38.00,40.19,2204783,85885184.000
2013-03-20,39.89,40.70,39.31,40.43,1356199,54445724.000
2013-03-21,40.50,40.51,39.10,39.49,1906876,75554304.000
2013-03-22,39.18,39.99,38.98,39.43,1463074,57789920.000
2013-03-25,39.16,39.52,37.90,38.24,2915812,111678176.000
2013-03-26,38.06,38.16,36.90,37.06,3465607,129656480.000
2013-03-27,36.91,36.91,34.60,35.22,7290575,259113792.000
2013-03-28,34.91,34.91,32.98,33.51,6641717,224444320.000
2013-03-29,33.49,33.96,32.15,32.82,4010302,131795384.000
2013-04-01,32.60,32.99,30.82,30.95,8060853,253077664.000
2013-04-02,30.90,31.40,30.66,31.13,3826609,118732136.000
2013-04-03,31.24,31.46,29.88,30.00,5063074,154840320.000
2013-04-08,29.66,30.85,29.01,30.69,4143132,125670424.000
2013-04-09,30.60,31.50,30.50,31.23,4270107,132889200.000
2013-04-10,31.30,33.00,31.01,32.78,5354948,173742832.000
2013-04-11,32.69,32.70,31.68,31.83,3377145,108368864.000
2013-04-12,31.70,33.29,31.40,32.66,3519395,114832816.000
2013-04-15,32.66,32.75,31.58,31.96,1987936,63452968.000
2013-04-16,31.21,31.50,30.56,30.88,2085305,64464828.000
2013-04-17,30.80,31.89,30.60,31.46,1662725,52252556.000
2013-04-18,31.40,31.40,30.40,30.80,1904720,58430344.000
2013-04-19,30.75,31.60,30.75,31.34,2046816,64007568.000
2013-04-22,30.80,31.25,28.93,29.50,6485486,191632880.000
2013-04-23,29.09,29.88,28.97,29.04,2890524,84732040.000
2013-04-24,29.12,29.33,27.70,28.61,4786001,135558752.000
2013-04-25,28.00,28.41,27.67,27.69,3096328,86898176.000
2013-04-26,27.55,28.10,26.72,26.77,2604923,71612784.000
2013-05-02,26.50,26.75,25.50,25.69,2932817,76269256.000
2013-05-03,25.78,26.47,25.71,26.03,2118787,55338480.000
2013-05-06,26.03,27.55,26.03,27.51,4351097,115894536.000
2013-05-07,27.45,30.26,27.12,30.26,8274476,239906112.000
2013-05-08,30.00,30.60,29.52,30.54,5832524,175901488.000
2013-05-09,30.62,32.88,30.15,32.30,7981257,256147776.000
2013-05-10,32.34,33.30,31.50,32.14,3473289,112272296.000
2013-05-13,32.10,33.25,31.58,32.06,3642668,118144504.000
2013-05-14,31.80,31.93,29.10,29.80,6662137,200806912.000
2013-05-15,29.78,30.49,29.63,29.86,3835193,115174024.000
2013-05-16,29.88,30.48,28.75,30.20,5599571,166671744.000
2013-05-17,30.02,30.72,29.73,30.45,3522896,106628848.000
2013-05-20,30.60,31.10,30.34,30.74,4412861,135789536.000
2013-05-21,30.55,30.95,30.03,30.25,3931409,119316312.000
2013-05-22,30.39,33.00,30.26,32.84,8632071,275169440.000
2013-05-23,32.48,33.55,32.05,32.74,6459138,211855344.000
2013-05-24,32.74,33.30,32.10,32.66,4032827,131458776.000
2013-05-27,32.66,33.09,32.00,32.83,3306242,107486984.000
2013-05-28,32.76,33.17,32.39,33.01,3864866,127228368.000
2013-05-29,33.30,34.19,32.98,33.01,5301962,178270912.000
2013-05-30,32.48,32.80,31.45,31.88,4617522,147183488.000
2013-05-31,31.65,32.50,31.61,31.67,2315020,74278976.000
2013-06-03,31.68,31.95,30.61,31.17,2916101,90942128.000
2013-06-04,31.14,31.16,30.46,30.68,1741580,53624436.000
2013-06-05,30.60,31.62,30.08,31.46,2685123,83337440.000
2013-06-06,31.29,31.81,31.00,31.19,1869455,58501776.000
2013-06-07,31.03,31.30,29.50,30.18,2394565,72282256.000
2013-06-13,29.90,30.95,28.70,30.40,1958953,58334688.000
2013-06-14,30.60,31.15,29.89,30.50,1529913,46886216.000
2013-06-17,30.40,30.45,28.90,29.36,2487556,73483368.000
2013-06-18,29.13,29.68,28.82,29.23,1481421,43254000.000
2013-06-19,28.80,31.31,28.50,30.98,3935718,117650264.000
2013-06-20,30.46,31.45,29.40,29.73,2649277,81298312.000
2013-06-21,29.03,30.60,28.75,30.22,1743117,52446104.000
2013-06-24,29.81,30.77,28.50,29.38,4262336,127020480.000
2013-06-25,28.75,29.53,26.44,28.11,4123748,114664528.000
2013-06-26,28.00,28.37,27.00,28.04,2175736,60294856.000
2013-06-27,28.09,28.25,26.19,26.20,4485162,121925960.000
2013-06-28,28.82,28.82,26.00,26.60,5835360,160329296.000
2013-07-01,26.20,26.50,25.72,26.28,3303470,85735832.000
2013-07-02,26.03,28.09,26.03,27.66,5060545,138037520.000
2013-07-03,27.15,28.10,26.70,27.66,4733168,130470384.000
2013-07-04,27.48,28.20,27.13,28.02,3150321,87878408.000
2013-07-05,28.00,28.74,27.70,27.89,2551375,71986664.000
2013-07-08,27.50,27.51,26.30,26.37,2166365,58284504.000
2013-07-09,26.37,26.70,25.50,25.98,1957295,50849280.000
2013-07-10,25.73,27.30,25.73,27.19,2619676,69927664.000
2013-07-11,27.00,29.91,26.80,29.07,6474054,186638032.000
2013-07-12,28.70,28.89,27.69,27.80,3864499,109053736.000
数据来源:通达信
