600129 太极集团 日线
      日期	    开盘	    最高	    最低	    收盘	    成交量	    成交额
2007-01-11,3.99,4.20,3.91,4.00,10152772,69610952.000
2007-01-12,3.95,4.13,3.92,4.05,10694921,72866936.000
2007-01-15,4.09,4.41,4.05,4.34,15202503,109301944.000
2007-01-16,4.37,4.77,4.26,4.67,12503079,96361192.000
2007-01-17,4.67,4.73,4.31,4.40,10504703,80319248.000
2007-01-18,4.38,4.76,4.34,4.76,8906288,69039824.000
2007-01-19,4.80,4.95,4.62,4.79,9509381,76479104.000
2007-01-22,4.80,4.91,4.71,4.89,9565349,77388008.000
2007-01-23,4.91,4.91,4.53,4.69,8273091,65796672.000
2007-01-24,4.68,4.85,4.62,4.82,7928528,63746516.000
2007-01-25,4.83,4.83,4.44,4.51,6062577,47427616.000
2007-01-29,4.73,4.75,4.54,4.67,5561425,43652728.000
2007-01-30,4.67,4.79,4.58,4.78,6712990,53540904.000
2007-01-31,4.82,5.12,4.64,4.67,11020891,91644728.000
2007-02-01,4.62,4.62,4.25,4.51,6933171,52344940.000
2007-02-02,4.51,4.64,4.28,4.32,4763864,35998720.000
2007-02-05,4.31,4.41,4.29,4.33,2896488,21264832.000
2007-02-06,4.35,4.54,4.34,4.51,2698110,20279370.000
2007-02-07,4.56,4.64,4.47,4.59,3463998,26634624.000
2007-02-08,4.58,4.70,4.50,4.69,4121482,32166908.000
2007-02-09,4.70,4.81,4.58,4.70,4279779,34120544.000
2007-02-12,4.75,4.82,4.70,4.80,3503104,28194352.000
2007-02-13,4.80,4.85,4.73,4.84,3754557,30361464.000
2007-02-14,4.85,5.01,4.79,4.89,4802327,39944040.000
2007-02-15,4.97,5.25,4.91,5.20,7449084,64699296.000
2007-02-16,5.43,5.55,5.24,5.24,8389483,76539024.000
2007-02-26,5.33,5.60,5.20,5.57,6098155,56021272.000
2007-02-27,5.78,5.78,5.02,5.02,9241113,84603976.000
2007-02-28,4.95,5.33,4.92,5.32,6632555,57459756.000
2007-03-01,5.33,5.34,4.94,4.98,6453061,55631868.000
2007-03-02,4.98,5.11,4.91,5.05,3786500,32166470.000
2007-03-05,5.05,5.24,4.92,5.11,4368427,37657844.000
2007-03-06,5.09,5.34,5.03,5.28,5028021,44277464.000
2007-03-07,5.28,5.53,5.28,5.48,5944992,54628148.000
2007-03-08,5.50,5.62,5.39,5.57,4932487,45858232.000
2007-03-09,5.59,5.92,5.38,5.75,9276291,89284488.000
2007-03-12,5.77,6.26,5.77,6.13,9878932,101373928.000
2007-03-13,6.24,6.25,5.99,6.08,8626704,89138416.000
2007-03-14,6.02,6.24,5.77,6.02,7647854,77853848.000
2007-03-15,6.13,6.63,6.13,6.63,4194065,46027508.000
2007-03-16,7.16,7.16,6.51,6.57,12223445,140155264.000
2007-03-19,6.25,7.23,6.22,7.23,10363364,120466032.000
2007-03-20,7.34,7.95,7.34,7.83,17189497,227416128.000
2007-03-21,7.75,7.82,7.56,7.73,7352506,95813104.000
2007-03-22,7.75,8.28,7.75,7.85,5857315,79929936.000
2007-03-23,7.91,7.99,7.48,7.78,5901321,76921760.000
2007-03-26,7.81,7.98,7.75,7.76,6636987,87834232.000
2007-03-27,7.71,8.21,7.51,8.15,7714868,101790736.000
2007-03-28,8.17,8.24,7.60,7.83,6274186,83730208.000
2007-03-29,7.80,7.80,7.30,7.31,6663961,84392264.000
2007-03-30,7.27,7.43,7.16,7.31,5547318,68542328.000
2007-04-02,7.10,7.50,7.00,7.38,5825638,71218264.000
2007-04-03,7.43,7.45,7.23,7.31,5370560,66383848.000
2007-04-04,7.34,7.66,7.21,7.59,8514622,106374696.000
2007-04-05,7.59,7.64,7.43,7.56,4581627,58324996.000
2007-04-06,7.49,7.96,7.45,7.89,6847286,90230280.000
2007-04-09,7.95,8.28,7.95,8.08,7661189,105074232.000
2007-04-10,8.11,8.12,7.69,7.86,6249404,83007464.000
2007-04-11,7.86,8.05,7.73,7.98,6585422,88027816.000
2007-04-12,8.01,8.28,8.01,8.10,8160331,112335456.000
2007-04-13,8.14,8.17,7.87,7.89,7092193,95966768.000
2007-04-16,7.84,8.67,7.78,8.53,13592021,191062096.000
2007-04-17,8.64,9.20,8.45,9.18,15232048,225912032.000
2007-04-18,9.11,9.41,8.96,9.06,8091585,125101632.000
2007-04-19,9.04,9.14,8.15,8.43,8820050,128690136.000
2007-04-20,8.45,8.96,8.45,8.89,7918224,118163128.000
2007-04-23,8.94,9.51,8.94,9.37,9129526,143405184.000
2007-04-24,9.43,9.82,9.23,9.44,9077430,146845808.000
2007-04-25,9.46,9.63,9.10,9.23,7365607,115508248.000
2007-04-27,9.40,10.00,9.32,9.64,8446285,138867824.000
2007-04-30,9.67,10.60,9.67,10.60,12964225,224953840.000
2007-05-08,11.01,11.66,10.69,11.41,10411409,198385856.000
2007-05-09,11.40,11.51,10.38,11.15,10151315,188926736.000
2007-05-10,11.03,11.27,10.76,11.08,6050430,112375928.000
2007-05-11,10.80,10.95,10.53,10.72,7565161,136881712.000
2007-05-14,10.47,11.01,10.41,10.80,5226019,94659824.000
2007-05-15,10.71,10.93,10.41,10.47,6273855,112018560.000
2007-05-16,10.51,10.71,10.09,10.64,5401962,95274552.000
2007-05-17,10.80,11.36,10.65,11.34,10456072,195731232.000
2007-05-18,11.24,12.47,11.17,12.34,14922705,300127872.000
2007-05-21,11.83,12.91,11.63,12.44,10573076,221032960.000
2007-05-22,12.53,13.21,12.43,12.53,8633739,187663232.000
2007-05-23,12.54,13.37,12.54,12.91,9374099,205371008.000
2007-05-24,12.80,13.67,12.80,13.49,12249369,275128864.000
2007-05-25,13.53,13.55,13.08,13.23,6726921,150556752.000
2007-05-28,13.20,13.53,13.02,13.29,7134938,159651088.000
2007-05-29,13.30,13.31,12.93,13.18,5956172,132007664.000
2007-05-30,11.89,12.79,11.86,11.86,7338217,152006912.000
2007-06-01,11.36,12.01,10.68,10.68,10087782,190017472.000
2007-06-04,10.36,10.70,9.62,9.62,10288282,170932768.000
2007-06-05,9.35,9.76,8.66,9.70,8334981,128968440.000
2007-06-06,9.70,10.56,9.40,10.20,6900807,118353936.000
2007-06-07,10.36,10.89,10.24,10.78,5697957,102818152.000
2007-06-08,10.80,11.24,10.62,10.76,5589231,102944376.000
2007-06-11,11.01,11.83,10.92,11.83,9886118,192583792.000
2007-06-12,12.13,13.02,12.12,13.02,11461950,245161840.000
2007-06-13,13.31,13.67,12.74,12.92,7626783,169708432.000
2007-06-14,12.72,13.14,12.31,12.83,6494326,139781136.000
2007-06-15,12.54,12.84,12.13,12.42,4940689,103752120.000
2007-06-18,12.84,13.01,12.53,12.58,3901547,83946608.000
2007-06-19,12.61,13.41,12.49,13.24,7506097,164585600.000
2007-06-20,13.24,13.89,12.43,12.69,6708640,151692208.000
2007-06-21,12.72,13.02,12.43,12.65,4807011,102604360.000
2007-06-22,12.49,12.60,11.39,11.47,4691938,94106416.000
2007-06-25,11.52,11.81,10.33,10.38,5513881,99858328.000
2007-06-26,10.17,10.82,10.14,10.80,3574425,63788244.000
2007-06-27,11.01,11.57,10.81,11.47,6699998,126087880.000
2007-06-28,11.30,11.42,10.42,10.59,3771843,69866536.000
2007-06-29,10.47,10.56,10.01,10.20,4384925,75978064.000
2007-07-02,10.06,10.32,9.49,10.02,4103599,68461080.000
2007-07-03,10.06,10.55,9.96,10.32,2726641,47793640.000
2007-07-04,10.36,10.41,9.99,10.05,1681687,28922884.000
2007-07-05,10.05,10.05,9.39,9.55,2861360,46208556.000
2007-07-06,9.47,10.04,9.23,9.96,3351701,54711896.000
2007-07-09,10.06,10.36,9.82,10.18,5315703,89911936.000
2007-07-10,10.24,10.24,9.62,9.80,2014044,33588840.000
2007-07-11,9.62,9.89,9.62,9.88,1409172,23358670.000
2007-07-12,9.88,9.92,9.57,9.79,1155568,19007044.000
2007-07-13,9.92,9.94,9.65,9.78,594799,9801257.000
2007-07-16,9.62,9.69,9.23,9.38,1384519,21987782.000
2007-07-17,9.29,9.53,8.86,9.40,1792972,27741180.000
2007-07-18,9.40,9.51,9.10,9.32,1691331,26563024.000
2007-07-19,9.31,9.31,9.07,9.19,1285218,19892368.000
2007-07-20,9.17,10.06,9.11,9.97,3962841,64943048.000
2007-07-23,9.97,10.47,9.97,10.30,3883447,67331352.000
2007-07-24,10.41,10.63,10.18,10.24,3483189,60910680.000
2007-07-25,10.24,10.59,10.12,10.48,2483158,43744548.000
2007-07-26,10.48,11.01,10.36,10.66,4203426,76189136.000
2007-07-27,10.64,10.83,10.51,10.66,2903776,52231412.000
2007-07-30,10.76,11.00,10.59,10.79,4232992,76733376.000
2007-07-31,10.71,10.85,10.41,10.66,3244274,58113896.000
2007-08-01,10.66,10.89,10.06,10.12,4123971,73830664.000
2007-08-02,10.13,10.44,10.06,10.34,3299655,57013912.000
2007-08-03,10.34,10.65,10.14,10.55,4284535,75243424.000
2007-08-06,10.59,10.99,10.58,10.80,4009571,73373016.000
2007-08-07,10.82,10.83,10.47,10.51,3934503,70669280.000
2007-08-08,10.41,10.57,10.17,10.27,2529038,44122864.000
2007-08-09,10.24,11.30,10.24,11.30,8194342,152601488.000
2007-08-10,11.71,11.71,10.74,10.96,5938413,112021808.000
2007-08-13,10.91,11.03,10.52,10.85,2969896,53820864.000
2007-08-14,10.84,11.45,10.66,11.34,5138727,97458560.000
2007-08-15,11.34,11.72,10.95,11.69,6569753,126430088.000
2007-08-16,11.51,12.34,11.37,12.07,7364196,149556944.000
2007-08-17,12.06,12.07,11.66,11.73,3850037,76905648.000
2007-08-20,11.83,12.50,11.83,12.40,4307023,89294976.000
2007-08-21,12.53,12.75,12.31,12.45,3100009,65697680.000
2007-08-22,12.42,12.43,12.01,12.07,3391708,69985152.000
2007-08-23,12.07,12.31,11.96,12.09,3384506,69365416.000
2007-08-24,12.09,12.09,11.66,11.78,3612151,72316192.000
2007-08-27,11.93,12.01,11.40,11.47,3615922,71334064.000
2007-08-28,11.50,11.83,11.36,11.62,3029920,59633392.000
2007-08-29,11.60,12.40,11.49,12.29,6745951,137152768.000
2007-08-30,12.32,13.08,12.32,12.60,4963190,107128624.000
2007-08-31,12.66,12.66,12.23,12.41,3799375,79337944.000
2007-09-03,12.37,13.37,12.31,13.28,7022395,155898880.000
2007-09-04,13.37,13.85,13.08,13.33,6723398,152680688.000
2007-09-05,13.37,13.75,12.93,13.27,2815457,63000420.000
2007-09-06,13.20,13.47,12.85,13.02,3752916,83193304.000
2007-09-07,12.92,13.07,12.31,12.38,4712932,100936368.000
2007-09-10,12.14,12.38,11.67,12.36,3777413,76593136.000
2007-09-11,12.47,12.47,11.19,11.26,2990008,60202824.000
2007-09-12,11.20,11.56,11.05,11.39,1905047,36273032.000
2007-09-13,11.43,11.51,11.07,11.33,2720949,51636848.000
2007-09-14,11.25,11.80,11.25,11.70,2829077,55237052.000
2007-09-17,11.66,12.01,11.51,11.65,2368370,46951760.000
2007-09-18,11.69,11.95,11.48,11.69,2875130,56766032.000
2007-09-19,11.72,11.78,11.12,11.21,2827603,54004936.000
2007-09-20,11.36,11.69,11.25,11.41,1818521,35308884.000
2007-09-21,11.54,11.65,10.93,11.03,2093720,39660604.000
2007-09-24,11.09,11.24,10.53,10.65,4457203,80527568.000
2007-09-25,10.65,11.20,10.53,11.13,5830989,107647600.000
2007-09-26,11.14,11.82,10.84,11.82,8800612,171211248.000
2007-09-27,11.77,12.41,11.66,11.87,7759731,158627296.000
2007-09-28,12.10,12.53,11.89,12.38,7853051,162975072.000
2007-10-08,12.62,12.69,12.19,12.25,7699969,161646672.000
2007-10-09,12.25,12.93,12.25,12.73,4818863,103119400.000
2007-10-10,12.69,12.71,11.97,12.04,4721286,97733360.000
2007-10-11,12.54,12.54,11.72,11.79,3922035,79497112.000
2007-10-12,11.78,11.78,10.71,11.27,4353537,82009696.000
2007-10-15,11.26,11.26,10.82,11.09,2782849,51781208.000
2007-10-16,11.09,11.56,10.95,11.51,2093859,39984368.000
2007-10-17,11.45,11.47,11.18,11.28,1307272,24910020.000
2007-10-18,11.27,11.95,11.27,11.36,2508103,49030760.000
2007-10-19,11.62,11.78,11.12,11.15,1393725,26815444.000
2007-10-22,11.04,11.12,10.76,10.83,1925209,35459160.000
2007-10-23,10.97,10.98,10.36,10.55,1336770,23833564.000
2007-10-24,10.59,10.83,10.33,10.39,1451101,25790708.000
2007-10-25,10.24,10.36,9.35,9.35,3112271,50251664.000
2007-10-26,9.17,9.53,8.95,9.10,1680253,26152594.000
2007-10-29,9.41,9.41,9.02,9.12,1226291,18950906.000
2007-10-30,9.15,9.69,9.12,9.66,2137000,33646776.000
2007-10-31,9.67,9.88,9.41,9.66,3809768,62098420.000
2007-11-01,9.68,9.70,8.98,9.11,3548451,55344544.000
2007-11-02,8.93,8.99,8.46,8.62,3273958,47795700.000
2007-11-05,8.63,8.93,8.59,8.71,1420321,21019008.000
2007-11-06,8.95,8.98,8.69,8.77,2935207,43563144.000
2007-11-07,8.96,9.05,8.70,8.76,2360209,35145972.000
2007-11-08,8.75,8.75,8.18,8.21,2396385,34103040.000
2007-11-09,8.21,8.43,7.98,8.27,2315631,32208172.000
2007-11-12,8.22,8.22,7.47,7.73,3430973,44684444.000
2007-11-13,7.80,7.98,7.72,7.86,2122204,28167420.000
2007-11-14,8.04,8.22,7.93,8.22,2452943,33482964.000
2007-11-15,8.19,8.26,7.93,7.97,2197544,30164336.000
2007-11-19,8.08,8.49,7.99,8.36,3194628,44721212.000
2007-11-20,8.37,8.78,8.28,8.51,4157462,60302424.000
2007-11-21,8.53,8.76,8.52,8.56,2486789,36284544.000
2007-11-22,8.48,8.48,8.05,8.07,2382420,33067236.000
2007-11-23,8.20,8.70,8.17,8.65,3052088,43842080.000
2007-11-26,8.78,9.08,8.63,8.69,4955022,74214208.000
2007-11-27,8.58,8.76,8.42,8.50,2011905,29173476.000
2007-11-28,8.58,8.72,8.51,8.54,1151788,16774245.000
2007-11-29,8.62,8.75,8.43,8.69,2519002,36568720.000
2007-11-30,8.75,8.75,8.46,8.52,2523111,36460872.000
2007-12-03,8.51,8.58,8.28,8.44,1148965,16380764.000
2007-12-04,8.46,8.67,8.46,8.55,1011067,14658577.000
2007-12-05,8.58,8.68,8.41,8.65,1504371,21861180.000
2007-12-06,8.63,8.83,8.59,8.80,1723651,25434120.000
2007-12-07,8.81,8.93,8.73,8.92,1925616,28805912.000
2007-12-10,8.92,9.23,8.82,9.11,4729302,72539336.000
2007-12-11,9.17,9.62,8.98,9.53,4668991,73605128.000
2007-12-12,9.46,9.56,9.33,9.48,3143140,50158192.000
2007-12-13,9.36,9.94,9.36,9.57,5311161,86723664.000
2007-12-14,9.57,10.18,9.40,10.11,6958940,114132656.000
2007-12-17,10.22,10.77,10.21,10.37,11709017,207840416.000
2007-12-18,10.30,10.35,9.91,9.92,3628721,61737320.000
2007-12-19,9.99,10.86,9.99,10.60,8363474,148211968.000
2007-12-20,10.53,10.83,10.47,10.52,6047514,108431232.000
2007-12-27,11.24,11.57,10.86,11.07,9186399,176634672.000
2007-12-28,11.00,11.44,10.91,11.24,7453895,141031648.000
2008-01-02,11.31,11.95,11.12,11.79,6259157,122572600.000
2008-01-03,11.78,11.88,11.54,11.72,3912931,77328688.000
2008-01-04,11.76,11.76,11.13,11.30,7107460,135821600.000
2008-01-07,11.18,11.42,11.07,11.41,3819851,72794288.000
2008-01-08,11.36,11.47,10.68,10.76,5789422,108009608.000
2008-01-09,10.70,11.07,10.54,10.97,2891585,53048848.000
2008-01-10,10.97,11.35,10.79,11.21,4044523,75869480.000
2008-01-11,11.22,11.26,10.83,11.05,2189333,40699640.000
2008-01-14,11.12,11.42,11.11,11.38,4490813,85673592.000
2008-01-15,11.39,11.43,11.13,11.31,4129702,79000432.000
2008-01-17,11.21,11.64,10.59,10.96,4505690,85610792.000
2008-01-18,10.96,11.17,10.43,10.68,2405983,43469416.000
2008-01-21,10.57,10.76,9.77,9.83,3064767,53195548.000
2008-01-22,9.70,9.70,8.85,8.85,4723972,71740944.000
2008-01-23,8.86,9.31,8.60,9.19,3522045,54096432.000
2008-01-24,9.24,9.81,9.24,9.58,3328227,53601256.000
2008-01-25,9.57,10.04,8.93,9.76,2715946,44420136.000
2008-01-28,9.76,9.76,8.80,8.86,2392039,36870672.000
2008-01-29,8.98,9.21,8.82,9.14,1661427,25401828.000
2008-01-30,9.28,9.39,8.91,9.19,1326190,20537312.000
2008-01-31,9.17,9.31,8.88,8.98,1033467,15951103.000
2008-02-01,8.88,9.09,8.33,8.61,1989755,29144736.000
2008-02-04,8.85,9.45,8.85,9.39,1565053,24208766.000
2008-02-05,9.40,9.55,9.08,9.40,1316422,20899640.000
2008-02-13,9.34,9.53,9.18,9.39,993099,15701621.000
2008-02-14,9.46,9.76,9.40,9.68,1598178,26009494.000
2008-02-15,9.66,9.66,9.41,9.56,1023885,16435707.000
2008-02-18,9.75,10.11,9.67,10.01,2707618,45486676.000
2008-02-19,10.04,10.24,10.00,10.11,2172897,37176052.000
2008-02-20,10.08,10.28,9.97,10.02,2331520,39788772.000
2008-02-21,9.88,10.30,9.82,10.21,2150028,36633152.000
2008-02-22,10.20,10.34,9.77,9.95,2007564,33876136.000
2008-02-25,9.88,10.01,9.47,9.74,2049858,33646992.000
2008-02-26,9.95,10.03,9.50,9.95,1587566,26249608.000
2008-02-27,9.90,10.33,9.90,10.17,1791885,30788528.000
2008-02-28,10.18,10.24,10.00,10.04,1244365,21258524.000
2008-02-29,10.06,10.33,10.00,10.27,2490899,43019008.000
2008-03-03,10.31,10.80,10.17,10.74,4160792,74772128.000
2008-03-04,10.77,10.89,10.41,10.46,2507041,44869904.000
2008-03-05,10.38,10.63,10.20,10.61,3191199,56183564.000
2008-03-06,10.59,10.89,10.54,10.76,2818445,51230484.000
2008-03-07,10.63,10.64,10.33,10.37,1536619,27116992.000
2008-03-10,10.30,10.30,9.66,9.69,2352108,39470616.000
2008-03-11,9.65,9.69,9.38,9.67,1579885,25498044.000
2008-03-12,9.81,9.91,9.17,9.27,1843924,29655628.000
2008-03-13,9.29,9.34,8.88,9.04,1217806,18700950.000
2008-03-14,8.93,9.17,8.89,9.04,700178,10704665.000
2008-03-17,8.96,9.11,8.28,8.28,1495461,21880268.000
2008-03-18,8.17,8.39,7.47,7.69,2146280,28522538.000
2008-03-19,7.88,8.20,7.75,8.09,1828652,24599760.000
2008-03-20,7.98,8.50,7.57,8.41,1702172,23191972.000
2008-03-21,8.43,8.58,8.22,8.50,1959092,27901088.000
2008-03-24,8.50,8.69,8.22,8.24,1425120,20505236.000
2008-03-25,8.09,8.40,7.96,8.33,863402,11982251.000
2008-03-26,8.46,8.55,8.31,8.50,1003430,14315528.000
2008-03-27,8.34,8.40,8.05,8.14,800570,11130308.000
2008-03-28,7.99,8.43,7.82,8.39,912601,12632789.000
2008-03-31,8.05,8.27,7.99,8.09,763016,10465379.000
2008-04-01,8.00,8.15,7.30,7.33,1271992,16444073.000
2008-04-02,7.34,7.56,6.62,6.68,1115780,13342362.000
2008-04-03,6.66,7.01,6.22,6.82,954609,10697798.000
2008-04-07,6.80,7.34,6.66,7.30,1435581,17172636.000
2008-04-08,7.30,7.47,7.17,7.34,1050776,13050409.000
2008-04-09,7.22,7.43,6.93,6.97,1277520,15614061.000
2008-04-10,6.89,7.06,6.63,7.05,1251042,14552297.000
2008-04-11,7.10,7.30,7.04,7.26,973661,11880171.000
2008-04-14,7.09,7.16,6.78,6.86,794140,9300720.000
2008-04-15,6.69,7.08,6.63,7.07,1029868,11991121.000
2008-04-16,7.04,7.15,6.92,7.04,512727,6099091.000
2008-04-17,7.04,7.21,6.70,6.79,578015,6774723.000
2008-04-18,6.75,6.79,6.15,6.22,847506,9190381.000
2008-04-21,6.69,6.73,6.12,6.23,946469,10260343.000
2008-04-22,6.04,6.18,5.61,5.95,1809837,17925072.000
2008-04-23,5.91,6.30,5.74,6.27,1481627,15292685.000
2008-04-24,6.88,6.89,6.63,6.89,4692871,54350332.000
2008-04-25,6.96,7.40,6.77,7.09,2684640,32386398.000
2008-04-29,6.93,7.08,6.82,7.04,1957287,22986184.000
2008-04-30,7.20,7.53,7.12,7.45,2150410,26815522.000
2008-05-05,7.56,7.86,7.56,7.79,2379375,30943814.000
2008-05-06,7.69,7.87,7.57,7.66,1919504,24997324.000
2008-05-07,7.61,7.79,7.17,7.20,2456916,30904000.000
2008-05-08,7.05,7.66,7.05,7.64,1842839,22848380.000
2008-05-09,7.69,7.93,7.57,7.79,2758521,36060680.000
2008-05-12,7.69,8.31,7.60,8.25,4485945,61557296.000
2008-05-14,9.08,9.08,8.76,8.78,14133549,215271600.000
2008-05-15,8.81,8.84,8.43,8.58,9507217,138273888.000
2008-05-19,8.40,9.22,8.39,9.17,10033117,152425568.000
2008-05-20,9.23,9.34,8.29,8.39,6420772,95490968.000
2008-05-21,8.17,8.91,7.86,8.77,4340934,47758716.000
2008-05-22,8.54,8.69,8.24,8.29,4111667,45363340.000
2008-05-23,8.25,8.35,7.67,7.70,4495075,45920556.000
2008-05-26,7.77,7.80,7.48,7.52,2280511,22609404.000
2008-05-27,7.43,7.80,7.43,7.59,1548617,15317283.000
2008-05-28,7.69,8.12,7.69,8.04,4091869,42495436.000
2008-05-29,8.08,8.08,7.69,7.70,2835914,28857384.000
2008-05-30,7.69,7.88,7.48,7.64,1967514,19532886.000
2008-06-02,7.65,7.72,7.48,7.70,2147433,21265600.000
2008-06-03,7.74,7.83,7.51,7.58,1545963,15383210.000
2008-06-04,7.58,7.58,7.08,7.22,2237578,21151334.000
2008-06-05,7.23,7.27,7.00,7.18,1571347,14634316.000
2008-06-06,7.09,7.25,7.00,7.05,1212391,11173515.000
2008-06-10,6.77,6.77,6.34,6.34,1619021,13550275.000
2008-06-11,6.07,6.18,5.86,6.01,2610152,20417700.000
2008-06-12,6.01,6.06,5.70,5.88,2645350,20192452.000
2008-06-13,5.98,5.98,5.65,5.72,1783846,13489792.000
2008-06-16,5.75,5.81,5.45,5.54,2896399,20919636.000
2008-06-17,5.53,5.64,5.02,5.14,3549435,24513944.000
2008-06-18,5.08,5.52,4.90,5.47,4052904,27922344.000
2008-06-19,5.42,5.42,4.92,4.92,3271823,21875684.000
2008-06-20,4.92,5.28,4.64,5.05,3285013,21474100.000
2008-06-23,4.98,5.34,4.85,5.16,2825581,18986672.000
2008-06-24,5.15,5.45,5.12,5.41,3242950,22484556.000
2008-06-25,5.44,5.88,5.41,5.87,4688376,34834408.000
2008-06-26,5.97,5.99,5.63,5.85,4793946,36408128.000
2008-06-27,5.62,5.69,5.26,5.37,3348211,23851108.000
2008-06-30,5.27,5.52,5.19,5.45,1862571,13040960.000
2008-07-01,5.44,5.55,5.27,5.35,1435020,9999117.000
2008-07-02,5.33,5.56,5.33,5.50,2092564,14853085.000
2008-07-03,5.39,5.96,5.32,5.78,4322083,32256036.000
2008-07-04,5.77,6.09,5.68,6.00,4487444,34508408.000
2008-07-07,5.99,6.38,5.96,6.34,5423036,43814568.000
2008-07-08,6.38,6.38,6.00,6.22,6102604,49115148.000
2008-07-09,6.19,6.61,6.19,6.60,6412128,52861400.000
2008-07-10,6.46,6.59,6.15,6.20,4796236,40048660.000
2008-07-11,6.24,6.29,5.96,6.19,3175355,25266992.000
2008-07-14,6.08,6.42,6.08,6.37,2612839,21444858.000
2008-07-15,6.38,6.59,6.16,6.27,4677285,38822268.000
2008-07-16,6.15,6.23,5.71,5.92,3304192,25798200.000
2008-07-18,6.14,6.22,5.73,6.15,3007931,23566622.000
2008-07-21,6.11,6.52,6.02,6.46,5017720,41748208.000
2008-07-22,6.46,6.57,6.35,6.40,3899361,32669216.000
2008-07-23,6.46,6.60,6.35,6.36,2801330,23488074.000
2008-07-24,6.43,6.59,6.38,6.57,4118770,34849048.000
2008-07-25,6.46,6.51,6.39,6.43,2069265,17372750.000
2008-07-28,6.47,6.58,6.45,6.48,2411916,20384400.000
2008-07-29,6.39,6.70,6.36,6.55,4644405,39486008.000
2008-07-30,6.62,6.75,6.42,6.46,3783502,32518528.000
2008-07-31,6.51,6.55,6.04,6.11,3620367,29329548.000
2008-08-01,6.04,6.29,5.95,6.23,1949658,15508820.000
2008-08-04,6.22,6.22,5.88,5.92,1752437,13791633.000
2008-08-05,5.92,6.20,5.77,5.85,1543507,11967207.000
2008-08-06,5.93,6.02,5.62,5.82,2241474,16904384.000
2008-08-07,5.82,5.91,5.66,5.78,1390745,10441596.000
2008-08-08,5.78,5.82,5.21,5.32,1957916,14013000.000
2008-08-11,5.35,5.38,4.87,4.90,2038088,13530877.000
2008-08-12,4.91,5.00,4.78,4.88,1029850,6561309.000
2008-08-13,4.85,5.00,4.73,4.94,1239032,7788508.000
2008-08-14,4.89,5.00,4.82,4.95,1539918,9839557.000
2008-08-15,4.95,5.04,4.84,4.91,1189353,7664886.000
2008-08-18,4.95,4.97,4.45,4.54,2526743,15426481.000
2008-08-19,4.45,4.59,4.40,4.52,1555775,9138530.000
2008-08-20,4.52,4.97,4.43,4.97,7056496,43955660.000
2008-08-21,4.83,4.98,4.71,4.77,3603696,22690320.000
2008-08-22,4.73,4.78,4.48,4.67,2234901,13468618.000
2008-08-25,4.53,4.53,4.21,4.38,6543042,37199456.000
2008-08-26,4.23,4.29,3.94,3.94,4935958,25935254.000
2008-08-27,3.96,4.04,3.81,3.95,5134197,26144596.000
2008-08-28,3.96,4.30,3.95,4.08,7378424,39640816.000
2008-08-29,4.08,4.22,4.02,4.15,4716034,25228230.000
2008-09-01,4.12,4.12,3.84,3.95,4240648,21679370.000
2008-09-02,3.92,4.07,3.84,4.00,3046845,15715723.000
2008-09-03,3.98,4.07,3.88,4.05,2692049,13947694.000
2008-09-04,4.00,4.32,3.99,4.21,4454471,23945554.000
2008-09-05,4.12,4.27,4.01,4.17,7025077,37870760.000
2008-09-08,4.20,4.22,3.86,3.92,3790460,19894496.000
2008-09-09,3.93,4.06,3.86,4.03,2490867,12881484.000
2008-09-10,4.04,4.17,3.88,4.07,2881059,15172936.000
2008-09-11,4.07,4.19,3.92,3.96,3283798,17389032.000
2008-09-16,3.96,3.98,3.85,3.87,2721874,13805154.000
2008-09-17,3.84,3.90,3.54,3.67,3599044,17417564.000
2008-09-18,3.58,3.64,3.31,3.55,3047386,13796883.000
2008-09-19,3.88,3.90,3.81,3.90,3097258,15642173.000
2008-09-22,4.19,4.29,3.93,4.11,7666503,41071540.000
2008-09-23,3.95,3.98,3.81,3.84,3593776,18156872.000
2008-09-24,3.75,3.95,3.69,3.95,2314357,11497288.000
2008-09-25,3.95,4.12,3.88,4.04,4270314,22169952.000
2008-09-26,3.99,4.08,3.93,4.05,4612522,24070228.000
2008-10-06,3.98,3.98,3.80,3.89,3156685,15969425.000
2008-10-07,3.76,4.00,3.73,3.96,2433626,12381231.000
2008-10-08,3.89,3.92,3.75,3.82,2336190,11618933.000
2008-10-09,3.92,3.92,3.75,3.75,1722536,8567311.000
2008-10-10,3.52,3.61,3.44,3.45,1840893,8423667.000
2008-10-13,3.44,3.57,3.35,3.56,1312280,5887291.000
2008-10-14,3.70,3.75,3.46,3.48,1500568,7105279.000
2008-10-15,3.48,3.65,3.48,3.56,2014177,9357693.000
2008-10-16,3.38,3.53,3.29,3.37,1837196,8095571.000
2008-10-17,3.41,3.45,3.34,3.42,1153584,5094628.000
2008-10-20,3.42,3.55,3.38,3.53,1107713,5016887.000
2008-10-21,3.52,3.60,3.49,3.52,1250075,5758504.000
2008-10-22,3.43,3.54,3.39,3.46,843481,3796175.000
2008-10-23,3.38,3.52,3.32,3.50,950873,4221041.000
2008-10-24,3.46,3.55,3.42,3.47,959267,4349453.000
2008-10-28,3.18,3.38,3.12,3.28,4972623,20663636.000
2008-10-29,3.32,3.35,3.10,3.11,2528938,10510348.000
2008-10-30,3.15,3.15,3.04,3.11,1769979,7145605.000
2008-10-31,3.07,3.08,2.90,2.98,2625678,10182863.000
2008-11-03,2.99,2.99,2.85,2.90,1404521,5353604.000
2008-11-04,2.89,2.92,2.76,2.87,1460955,5364239.000
2008-11-05,2.88,2.98,2.86,2.98,2914332,11123117.000
2008-11-06,2.92,3.10,2.88,3.05,4303745,16932564.000
2008-11-07,2.95,3.19,2.94,3.15,3908050,15839136.000
2008-11-10,3.24,3.38,3.19,3.36,4750824,20362652.000
2008-11-11,3.36,3.43,3.26,3.28,3792833,16420305.000
2008-11-12,3.23,3.35,3.22,3.34,2396519,10268200.000
2008-11-13,3.29,3.52,3.25,3.47,4722280,21058232.000
2008-11-14,3.50,3.71,3.48,3.69,6268597,29309186.000
2008-11-17,3.62,3.90,3.60,3.87,8540419,42182572.000
2008-11-18,3.81,3.91,3.48,3.48,8240056,39167136.000
2008-11-19,3.54,3.83,3.47,3.75,6032755,28461332.000
2008-11-20,3.68,4.02,3.58,3.97,10435225,52167036.000
2008-11-21,3.85,3.99,3.62,3.87,9531106,47308544.000
2008-11-24,3.92,4.15,3.75,3.78,12528224,64850736.000
2008-11-25,3.86,3.91,3.46,3.57,9631721,45531344.000
2008-11-26,3.57,3.59,3.46,3.52,6140805,28089124.000
2008-11-27,3.75,3.80,3.54,3.55,8917806,42359540.000
2008-11-28,3.51,3.54,3.38,3.44,7279114,32614524.000
2008-12-01,3.42,3.62,3.35,3.61,6083627,27819154.000
2008-12-02,3.52,3.81,3.50,3.79,9313047,44270680.000
2008-12-03,3.83,3.96,3.73,3.92,11450548,57871936.000
2008-12-04,3.93,4.07,3.85,3.85,13065399,67235720.000
2008-12-05,3.81,4.01,3.79,4.00,7772619,39807104.000
2008-12-08,4.08,4.21,3.98,4.13,11045490,58987384.000
2008-12-09,4.17,4.18,3.94,4.05,9362458,49286896.000
2008-12-10,4.00,4.37,4.00,4.31,16603694,90795936.000
2008-12-11,4.31,4.32,4.16,4.24,14238672,78370088.000
2008-12-12,4.27,4.46,4.03,4.18,26166910,146774528.000
2008-12-15,4.24,4.31,4.00,4.22,12296678,66090160.000
2008-12-16,4.13,4.35,3.98,4.29,11919023,64737512.000
2008-12-17,4.34,4.48,4.24,4.33,13763845,78177640.000
2008-12-18,4.30,4.33,4.12,4.26,10463700,57464856.000
2008-12-19,4.25,4.45,4.23,4.35,10175531,57696840.000
2008-12-22,4.31,4.48,4.28,4.38,8988908,51334952.000
2008-12-23,4.38,4.38,3.98,3.98,10348813,55637468.000
2008-12-24,3.91,3.97,3.72,3.80,7337944,36668740.000
2008-12-25,3.81,4.02,3.81,3.97,10417602,53456152.000
2008-12-26,3.96,3.99,3.89,3.92,4304768,22075388.000
2008-12-29,3.95,4.07,3.85,4.05,4970815,25743886.000
2008-12-30,4.05,4.17,4.00,4.10,5489260,29116492.000
2008-12-31,4.15,4.15,4.04,4.11,4307860,22935720.000
2009-01-05,4.19,4.34,4.13,4.30,6159428,34118000.000
2009-01-06,4.25,4.53,4.23,4.48,10177856,57904440.000
2009-01-07,4.45,4.58,4.40,4.47,7842817,45696808.000
2009-01-08,4.39,4.60,4.36,4.55,9000742,52641072.000
2009-01-09,4.58,4.65,4.48,4.59,7259710,43064944.000
2009-01-12,4.64,4.64,4.50,4.51,6997231,41444304.000
2009-01-13,4.41,4.50,4.27,4.32,6423924,36611968.000
2009-01-14,4.28,4.46,4.28,4.43,4669223,26666312.000
2009-01-15,4.38,4.70,4.37,4.63,9798615,58503868.000
2009-01-16,4.75,4.86,4.61,4.64,10253166,62633560.000
2009-01-19,4.62,4.68,4.46,4.55,5542637,32860722.000
2009-01-20,4.54,4.66,4.42,4.62,4210467,25100498.000
2009-01-21,4.50,4.65,4.50,4.55,3667502,21783508.000
2009-01-22,4.67,4.79,4.65,4.67,7690789,47121892.000
2009-01-23,4.74,4.75,4.63,4.65,3455618,20956980.000
2009-02-02,4.69,4.81,4.66,4.78,4714725,29035798.000
2009-02-03,4.79,4.88,4.72,4.85,7236840,45306168.000
2009-02-04,4.85,5.06,4.81,5.03,8107315,52159664.000
2009-02-05,5.00,5.15,4.92,4.98,8760977,57292984.000
2009-02-06,4.97,5.30,4.97,5.29,8907662,59717036.000
2009-02-09,5.38,5.42,5.19,5.37,8434396,58153472.000
2009-02-10,5.38,5.77,5.32,5.69,12480502,90980272.000
2009-02-11,5.62,5.76,5.45,5.56,10526223,76959936.000
2009-02-12,5.58,5.62,5.22,5.54,8375546,59144440.000
2009-02-13,5.58,5.75,5.49,5.69,7847967,57401128.000
2009-02-16,5.83,5.88,5.71,5.85,9178718,69059664.000
2009-02-17,5.80,5.81,5.51,5.52,8045473,58822504.000
2009-02-18,5.40,5.55,5.16,5.19,7623425,53157208.000
2009-02-19,5.31,5.45,5.24,5.35,6532172,45429244.000
2009-02-20,5.38,5.60,5.31,5.58,5221629,37054180.000
2009-02-23,5.58,5.78,5.46,5.72,6958375,51027520.000
2009-02-24,5.69,5.80,5.42,5.44,8394781,61343780.000
2009-02-25,5.52,5.55,5.23,5.53,7701729,54181080.000
2009-02-26,5.55,5.58,4.98,5.12,7013661,47913128.000
2009-02-27,5.04,5.08,4.61,4.64,6432363,39888616.000
2009-03-02,4.68,4.82,4.60,4.79,3821384,23504240.000
2009-03-03,4.69,5.08,4.62,4.93,6550906,42071784.000
2009-03-04,4.96,5.42,4.93,5.42,14115994,97304664.000
2009-03-05,5.48,5.79,5.40,5.55,13949254,101601360.000
2009-03-06,5.46,5.73,5.39,5.71,8062501,58365800.000
2009-03-09,5.65,5.78,5.14,5.14,10147349,71745456.000
2009-03-10,5.00,5.31,4.91,5.29,4779877,32050272.000
2009-03-11,5.42,5.46,5.15,5.18,4352143,29963692.000
2009-03-12,5.13,5.22,5.01,5.19,3381236,22393528.000
2009-03-13,5.22,5.23,5.06,5.06,3260308,21794700.000
2009-03-16,5.05,5.20,5.01,5.16,2020029,13461553.000
2009-03-17,5.20,5.45,5.14,5.44,5052138,35008048.000
2009-03-18,5.52,5.58,5.44,5.46,7438575,53255736.000
2009-03-19,5.48,5.73,5.46,5.72,9657506,70830152.000
2009-03-20,5.74,5.83,5.60,5.76,8399541,62608488.000
2009-03-23,5.75,6.34,5.73,6.34,19118441,155249120.000
2009-03-24,6.42,6.49,6.23,6.38,12523156,103653792.000
2009-03-25,6.35,6.60,6.15,6.18,10087745,84322008.000
2009-03-26,6.25,6.51,6.18,6.45,7868280,65022160.000
2009-03-27,6.45,6.61,6.31,6.42,8034488,66821232.000
2009-03-30,6.45,6.54,6.22,6.28,5109011,42012224.000
2009-03-31,6.08,6.20,6.00,6.15,6549939,51975856.000
2009-04-01,6.15,6.58,6.10,6.47,8800334,73161488.000
2009-04-02,6.48,6.77,6.31,6.65,10417881,89124888.000
2009-04-03,6.68,6.72,6.28,6.36,7875465,65958328.000
2009-04-07,6.49,6.52,6.18,6.34,7187883,59061312.000
2009-04-08,6.27,6.34,5.95,5.98,6772275,53861496.000
2009-04-09,5.98,6.05,5.81,5.98,7968585,61152904.000
2009-04-10,6.00,6.32,5.96,6.20,8203310,66170928.000
2009-04-13,6.29,6.31,6.15,6.28,7985996,64406912.000
2009-04-14,6.25,6.34,6.16,6.30,5570761,45397228.000
2009-04-15,6.23,6.55,6.15,6.54,10033223,83141392.000
2009-04-16,6.44,6.68,6.43,6.56,7733846,66053076.000
2009-04-17,6.54,7.05,6.48,6.69,13893245,122623320.000
2009-04-20,6.69,6.98,6.55,6.98,10524987,93723240.000
2009-04-21,6.85,7.68,6.83,7.68,17548775,165291264.000
2009-04-22,7.62,7.74,6.92,7.05,10845716,104442688.000
2009-04-23,7.02,7.02,6.55,6.92,9674812,85807536.000
2009-04-27,6.79,7.04,6.39,6.64,6432214,56655324.000
2009-04-28,6.63,7.14,6.52,6.99,9178901,82122520.000
2009-04-29,7.04,7.04,6.63,6.90,6162820,54457576.000
2009-04-30,6.83,7.01,6.70,6.85,5667698,50608284.000
2009-05-04,7.01,7.47,6.92,7.35,9710392,92010472.000
2009-05-05,7.33,7.47,7.08,7.44,7285060,68538128.000
2009-05-06,7.35,7.43,7.22,7.32,5047073,47992396.000
2009-05-07,7.32,7.35,6.88,7.05,6379949,58821312.000
2009-05-08,7.22,7.47,7.08,7.14,6525159,61600760.000
2009-05-11,7.20,7.46,6.91,7.20,11055566,103398048.000
2009-05-12,7.12,7.24,6.94,7.09,4691854,43011000.000
2009-05-13,7.09,7.24,7.03,7.09,4907205,45354296.000
2009-05-14,7.08,7.17,7.00,7.12,5370045,49556116.000
2009-05-15,7.19,7.46,7.15,7.36,8676609,82695192.000
2009-05-18,7.55,7.67,7.36,7.45,10681136,103968440.000
2009-05-19,7.46,7.91,7.46,7.65,14424158,144545248.000
2009-05-20,7.63,7.63,7.37,7.41,7753549,75445344.000
2009-05-21,7.33,7.88,7.14,7.82,13320400,129654560.000
2009-05-22,7.69,7.88,7.44,7.50,11119346,110487928.000
2009-05-25,7.26,7.32,6.98,7.24,6390626,59503724.000
2009-05-27,7.23,7.35,7.01,7.11,4553254,42473116.000
2009-06-01,7.15,7.29,7.11,7.22,3861633,36142884.000
2009-06-02,7.19,7.38,7.17,7.35,6209550,59023568.000
2009-06-03,7.35,7.58,7.15,7.47,5874623,56683812.000
2009-06-04,7.46,7.60,7.39,7.51,6347545,62014160.000
2009-06-05,7.50,7.53,7.31,7.39,3650241,35133992.000
2009-06-08,7.39,7.40,7.23,7.27,2816434,26703044.000
2009-06-09,7.27,7.31,7.06,7.28,3211135,29807582.000
2009-06-10,7.25,7.31,7.15,7.24,2185580,20525526.000
2009-06-11,7.24,7.48,7.19,7.23,2825465,26806832.000
2009-06-12,7.42,7.42,7.00,7.12,3891222,36361404.000
2009-06-15,7.04,7.14,6.93,7.03,3147739,28794660.000
2009-06-16,7.00,7.14,6.94,7.07,2460967,22515604.000
2009-06-17,7.04,7.17,7.02,7.15,2427420,22467524.000
2009-06-18,7.19,7.40,7.12,7.15,6006794,56373888.000
2009-06-19,7.15,7.64,7.15,7.44,12327846,118503328.000
2009-06-22,7.42,7.42,7.15,7.25,5933054,55853608.000
2009-06-23,7.15,7.19,7.02,7.15,3355223,30916954.000
2009-06-24,7.16,7.38,7.05,7.20,3010799,28303856.000
2009-06-25,7.20,7.22,7.08,7.11,2133739,19756076.000
2009-06-26,7.14,7.30,7.14,7.19,3188691,29843702.000
2009-06-29,7.18,7.35,7.15,7.32,4768325,45116848.000
2009-06-30,7.30,7.42,7.17,7.19,3369591,32053956.000
2009-07-01,7.19,7.24,7.10,7.14,2837001,26316336.000
2009-07-02,7.16,7.25,7.03,7.12,5742414,52792504.000
2009-07-03,7.09,7.11,6.92,7.08,4782969,43599456.000
2009-07-06,7.08,7.19,7.04,7.11,3172229,29330502.000
2009-07-07,7.06,7.22,7.06,7.22,5569976,51800768.000
2009-07-08,7.04,7.30,7.04,7.28,4651851,43687796.000
2009-07-09,7.31,7.46,7.30,7.42,8015606,77003688.000
2009-07-10,7.42,7.46,7.26,7.33,6455869,61482672.000
2009-07-13,7.31,7.48,7.28,7.35,6256977,60203872.000
2009-07-14,7.38,7.41,7.27,7.38,5111318,48746144.000
2009-07-15,7.40,7.61,7.38,7.61,9349586,91416904.000
2009-07-16,7.62,7.65,7.42,7.45,5463125,53258648.000
2009-07-17,7.43,7.58,7.38,7.45,4349279,42282936.000
2009-07-20,7.45,7.54,7.38,7.54,5751913,55875884.000
2009-07-21,7.55,7.58,7.20,7.22,6567487,62907252.000
2009-07-22,7.22,7.36,7.18,7.33,5760259,54407796.000
2009-07-23,7.34,7.42,7.28,7.41,6430364,61452288.000
2009-07-24,7.42,7.76,7.42,7.68,14758446,145958928.000
2009-07-27,7.77,7.98,7.69,7.89,13207217,134268224.000
2009-07-28,7.89,7.90,7.66,7.78,9017029,90662928.000
2009-07-29,7.78,7.85,7.00,7.13,7610839,73870224.000
2009-07-30,7.15,7.31,6.92,7.15,6127412,56460544.000
2009-07-31,7.18,7.33,7.10,7.32,4850254,45528396.000
2009-08-03,7.35,7.54,7.21,7.52,9509476,91093152.000
2009-08-04,7.52,7.57,7.32,7.55,6586485,63654688.000
2009-08-05,7.56,7.96,7.56,7.77,11759445,119149320.000
2009-08-06,7.79,7.93,7.57,7.74,9473009,95841088.000
2009-08-07,7.76,8.01,7.67,7.79,11502735,117626352.000
2009-08-10,7.85,8.23,7.80,8.18,18148768,190733968.000
2009-08-11,8.27,8.27,7.88,7.93,9170870,95597024.000
2009-08-12,7.92,7.92,7.35,7.38,7132334,70396728.000
2009-08-13,7.38,7.49,7.15,7.43,4053288,38764084.000
2009-08-14,7.47,7.47,6.80,6.83,4767890,44032860.000
2009-08-17,6.69,6.88,6.22,6.27,3911298,33552658.000
2009-08-18,6.38,6.60,6.26,6.52,2587214,21711042.000
2009-08-19,6.60,6.78,6.14,6.27,4887903,41479524.000
2009-08-20,6.21,6.47,6.01,6.43,4338334,35356944.000
2009-08-21,6.48,6.55,6.32,6.53,4441373,37249340.000
2009-08-24,6.53,6.88,6.52,6.78,6249965,54687148.000
2009-08-25,6.76,6.77,6.47,6.67,5367540,46041744.000
2009-08-26,6.67,6.98,6.62,6.82,4498094,40240556.000
2009-08-27,6.83,7.51,6.77,7.51,16359089,157792720.000
2009-08-28,7.78,7.78,7.26,7.28,24298387,237160656.000
2009-08-31,7.04,7.04,6.55,6.55,10058409,88501728.000
2009-09-01,6.47,6.50,6.18,6.26,5562891,45863888.000
2009-09-02,6.29,6.37,6.08,6.33,5344796,43513244.000
2009-09-03,6.36,6.64,6.28,6.58,5390540,45380588.000
2009-09-04,6.54,6.81,6.48,6.70,5028055,43591048.000
2009-09-07,6.77,7.28,6.77,7.12,8886902,81672696.000
2009-09-08,7.10,7.20,6.82,7.09,6867213,62473932.000
2009-09-09,7.02,7.08,6.85,7.01,5637644,50989836.000
2009-09-10,7.14,7.14,6.82,6.87,3211378,28871440.000
2009-09-11,6.87,7.09,6.86,7.08,6704536,61447536.000
2009-09-14,7.08,7.22,7.02,7.13,6376146,59006540.000
2009-09-15,7.13,7.22,7.04,7.17,5548227,51574800.000
2009-09-16,7.16,7.17,6.94,7.10,5256932,48233528.000
2009-09-17,7.08,7.27,7.07,7.22,6055633,56700664.000
2009-09-18,7.26,7.42,7.06,7.09,6587618,62380304.000
2009-09-21,6.98,7.35,6.96,7.34,5622248,52594812.000
2009-09-22,7.34,7.37,6.85,6.89,7174296,66267140.000
2009-09-23,6.90,6.96,6.55,6.58,4426947,38655600.000
2009-09-24,6.55,6.58,6.31,6.44,4314984,36099096.000
2009-09-25,6.50,6.62,6.41,6.61,4436844,37586608.000
2009-09-28,6.58,6.75,6.39,6.43,3535066,30207200.000
2009-09-29,6.43,6.49,6.22,6.28,2854255,23565520.000
2009-09-30,6.38,6.43,6.30,6.37,1889686,15652207.000
2009-10-09,6.42,6.65,6.40,6.63,2797369,23863020.000
2009-10-12,6.60,6.68,6.54,6.64,3076001,26435412.000
2009-10-13,6.65,6.85,6.58,6.84,3529765,30973678.000
2009-10-14,6.92,7.19,6.92,7.08,10976238,100919168.000
2009-10-15,7.08,7.54,6.97,7.08,7084125,65970652.000
2009-10-16,7.06,7.25,7.01,7.15,4492308,41543488.000
2009-10-19,7.16,7.28,7.12,7.22,5091331,47728504.000
2009-10-20,7.22,7.26,7.09,7.16,5426707,50533088.000
2009-10-21,7.14,7.15,7.02,7.04,3735430,34338900.000
2009-10-22,6.98,7.06,6.91,7.02,2981288,27105916.000
2009-10-23,7.00,7.11,6.98,7.03,3846467,35235336.000
2009-10-26,7.08,7.23,7.06,7.23,6340861,59112280.000
2009-10-27,7.22,7.22,6.92,6.95,3585372,32815590.000
2009-10-28,6.99,7.02,6.85,6.98,3232619,29081204.000
2009-10-29,6.92,7.28,6.83,7.03,5874298,54387652.000
2009-10-30,7.15,7.35,7.04,7.27,10770221,101446992.000
2009-11-02,7.12,7.75,7.08,7.69,20245291,199397376.000
2009-11-03,7.72,7.82,7.46,7.63,11615600,114980144.000
2009-11-04,7.69,7.85,7.55,7.76,11965125,119817768.000
2009-11-05,7.82,8.54,7.66,8.54,26155960,278926272.000
2009-11-06,8.76,9.05,8.20,8.30,33503852,375860480.000
2009-11-09,8.27,8.41,7.94,8.12,15265527,161801808.000
2009-11-10,8.09,8.44,8.05,8.16,14103547,151575168.000
2009-11-11,8.12,8.33,8.04,8.22,8306692,88328784.000
2009-11-12,8.23,8.41,8.12,8.31,11181533,120601304.000
2009-11-13,8.32,8.38,8.00,8.23,7690154,81970296.000
2009-11-16,8.31,8.42,8.22,8.30,8730251,94243944.000
2009-11-17,8.32,8.90,8.25,8.75,16035915,178818992.000
2009-11-18,8.65,8.97,8.58,8.83,15371734,175582032.000
2009-11-19,8.84,9.42,8.77,9.15,18740531,222464304.000
2009-11-20,9.10,9.37,8.88,9.14,15266405,180879792.000
2009-11-23,9.25,9.70,8.93,9.62,16152183,198805920.000
2009-11-24,9.54,9.77,8.88,9.10,15341872,187547664.000
2009-11-25,9.06,9.68,8.88,9.65,11773823,143117408.000
2009-11-26,9.60,9.62,8.68,8.69,13099469,156606128.000
2009-11-27,8.46,8.92,8.16,8.35,8236368,91201760.000
2009-11-30,8.46,8.66,8.45,8.62,6451827,71623624.000
2009-12-01,8.62,8.98,8.54,8.80,9742954,111626912.000
2009-12-02,8.86,8.99,8.78,8.89,6659345,76820592.000
2009-12-03,8.85,9.76,8.72,9.46,12532002,151105088.000
2009-12-04,9.38,9.53,8.69,8.95,9530152,112604872.000
2009-12-07,8.94,9.19,8.85,8.95,4369972,51020648.000
2009-12-08,8.97,9.31,8.97,9.08,7624589,90716112.000
2009-12-09,9.06,9.22,8.86,9.05,5274383,61967336.000
2009-12-10,9.06,9.30,8.91,9.28,5209131,61691564.000
2009-12-11,9.37,9.44,9.15,9.20,5154351,62242412.000
2009-12-14,9.20,9.82,9.12,9.75,11743451,144163904.000
2009-12-15,9.81,10.72,9.74,10.72,18781721,255465152.000
2009-12-16,11.04,11.79,10.72,11.22,32662811,479495264.000
2009-12-17,10.77,10.85,10.10,10.12,15137240,203417504.000
2009-12-18,9.92,10.36,9.65,10.24,13670421,177529136.000
2009-12-21,10.08,10.12,9.69,10.01,9801310,125877648.000
2009-12-22,10.00,10.98,9.81,10.20,13084652,176991520.000
2009-12-23,9.99,10.52,9.68,10.38,10453715,136617440.000
2009-12-24,10.36,10.76,10.17,10.44,16809948,227351488.000
2009-12-25,10.31,10.38,10.08,10.24,7342618,97432904.000
2009-12-28,10.24,10.38,10.06,10.32,9798930,130002680.000
2009-12-30,10.36,10.36,9.88,10.08,10707578,139883184.000
2009-12-31,10.00,10.14,9.85,9.94,7368072,95249904.000
2010-01-04,10.00,10.14,9.95,10.08,6539070,85572352.000
2010-01-05,10.14,10.16,9.89,10.02,6186107,80172480.000
2010-01-06,9.99,10.28,9.75,10.18,12226864,159481440.000
2010-01-07,10.18,10.29,9.48,9.59,11916170,153246672.000
2010-01-08,9.65,9.65,9.35,9.49,5900295,72532424.000
2010-01-11,9.53,9.65,9.32,9.56,6544431,81025176.000
2010-01-12,9.56,9.70,9.40,9.69,6268529,77860032.000
2010-01-13,9.52,9.94,9.41,9.90,9929490,126199504.000
2010-01-14,9.78,10.05,9.69,10.05,7182921,92772840.000
2010-01-15,10.08,10.14,9.90,9.98,4896156,63615480.000
2010-01-18,9.99,10.35,9.92,10.33,8673897,115136976.000
2010-01-19,10.33,10.46,10.16,10.38,7413100,99507440.000
2010-01-20,10.37,10.92,10.25,10.42,18576305,255816112.000
2010-01-21,10.43,10.58,9.76,10.06,7808032,102574416.000
2010-01-22,9.89,10.02,9.50,9.77,6595085,83808480.000
2010-01-25,9.70,9.88,9.62,9.80,3688499,46844172.000
2010-01-26,9.77,9.98,9.52,9.54,5868738,74438392.000
2010-01-27,9.54,9.62,9.14,9.15,4067810,49387708.000
2010-01-28,9.15,9.48,9.01,9.39,3928385,47455336.000
2010-01-29,9.31,10.04,9.29,9.99,7746191,98853328.000
2010-02-01,10.08,10.68,9.91,10.59,18365845,247996624.000
2010-02-02,10.50,10.85,10.35,10.43,11881481,163896528.000
2010-02-03,10.32,10.83,10.07,10.77,11889180,162708960.000
2010-02-04,10.73,11.08,10.58,10.91,11687085,165169296.000
2010-02-05,10.63,11.33,10.46,11.02,12612428,179911728.000
2010-02-08,10.94,11.23,10.60,10.62,6793651,96322408.000
2010-02-09,10.43,11.01,10.42,10.52,5238930,72824792.000
2010-02-10,10.53,10.65,10.27,10.38,4299677,58031456.000
2010-02-11,10.39,10.65,10.23,10.62,4030677,54909544.000
2010-02-12,10.62,10.78,10.46,10.67,2620421,36213772.000
2010-02-22,10.58,11.08,10.58,10.86,6194557,88133008.000
2010-02-23,10.88,11.04,10.50,10.97,5184342,72636024.000
2010-02-24,10.93,11.52,10.75,11.38,9932591,145989696.000
2010-02-25,11.51,11.77,11.27,11.55,9327827,140157632.000
2010-02-26,11.52,12.58,11.44,12.25,12836101,202455184.000
2010-03-01,12.25,12.54,12.04,12.45,9877624,158257248.000
2010-03-02,12.41,12.49,11.85,11.96,9331259,147577840.000
2010-03-03,11.91,12.00,11.66,11.95,5374478,82557392.000
2010-03-04,11.92,12.12,11.79,11.86,6469041,100553464.000
2010-03-05,11.76,11.99,11.42,11.54,5164696,78487568.000
2010-03-08,11.70,11.88,11.35,11.52,4766286,71699336.000
2010-03-09,11.53,11.63,11.32,11.46,3718046,55379648.000
2010-03-10,11.18,11.38,10.83,11.08,14414023,205793728.000
2010-03-11,10.98,11.04,10.65,10.75,7266094,102009576.000
2010-03-12,10.69,10.95,10.67,10.71,8805804,123561072.000
2010-03-15,10.68,10.91,10.59,10.88,4683778,65364524.000
2010-03-16,10.92,10.98,10.77,10.91,3751169,53060832.000
2010-03-17,10.88,11.08,10.78,11.05,7525031,107053216.000
2010-03-18,11.02,11.07,10.78,10.87,7264240,102935680.000
2010-03-19,10.88,10.90,10.65,10.89,4795686,67090040.000
2010-03-22,10.90,11.02,10.69,10.96,5295312,74884256.000
2010-03-23,10.99,11.04,10.88,10.91,3663698,52121296.000
2010-03-24,10.96,10.98,10.65,10.70,5520250,77144312.000
2010-03-25,10.62,10.66,10.25,10.28,6522524,88095120.000
2010-03-26,10.23,10.52,10.23,10.42,2973110,40193320.000
2010-03-29,10.42,10.71,10.42,10.54,3494243,47942484.000
2010-03-30,10.55,10.62,10.36,10.46,3774491,51159304.000
2010-03-31,10.48,11.14,10.27,10.99,10985822,152813216.000
2010-04-01,10.85,11.04,10.78,10.97,6890924,97883048.000
2010-04-02,10.96,11.18,10.79,11.13,8156199,116787272.000
2010-04-06,11.15,11.52,11.06,11.18,7965166,116605848.000
2010-04-07,11.15,11.19,10.88,11.08,4249859,61037672.000
2010-04-08,11.02,11.34,10.98,11.17,6874307,100325176.000
2010-04-09,11.22,11.22,11.02,11.19,4467566,64477032.000
2010-04-12,11.23,11.62,11.23,11.61,12012428,179024992.000
2010-04-13,11.63,11.68,10.87,11.14,8067537,118778240.000
2010-04-14,11.14,11.65,11.12,11.52,9890468,147678080.000
2010-04-15,11.53,12.03,11.48,11.56,19045910,292170880.000
2010-04-16,11.55,11.55,11.19,11.45,5607597,83000768.000
2010-04-19,11.31,11.85,11.23,11.35,10164140,152923152.000
2010-04-20,11.23,11.83,10.87,11.81,12754441,191216672.000
2010-04-21,11.82,12.25,11.69,12.23,12145246,190865728.000
2010-04-22,12.24,12.45,12.05,12.42,11443303,182715856.000
2010-04-23,12.38,12.51,11.88,12.01,10968463,172706960.000
2010-04-26,12.00,12.01,11.58,11.62,7413479,112939560.000
2010-04-27,11.86,12.22,11.20,11.73,14245432,216233216.000
2010-04-28,11.53,11.98,11.18,11.85,7890727,120163896.000
2010-04-29,11.69,11.78,10.92,10.98,6883487,102621760.000
2010-04-30,10.92,10.92,10.24,10.52,4926899,67867984.000
2010-05-04,10.27,10.92,10.27,10.81,3300926,46020912.000
2010-05-05,10.69,11.05,10.51,10.96,4202163,59224296.000
2010-05-06,10.83,11.07,10.52,10.62,3865857,54528116.000
2010-05-07,10.09,10.65,10.09,10.17,3702314,50075628.000
2010-05-10,10.18,10.42,9.39,9.62,4599338,58376860.000
2010-05-11,9.85,9.95,8.90,9.03,5327894,64602168.000
2010-05-12,8.99,9.15,8.54,8.63,4763340,54566360.000
2010-05-13,8.74,9.10,8.55,9.08,4153120,47606392.000
2010-05-17,8.96,9.28,8.62,8.65,4618960,54257680.000
2010-05-18,8.65,8.84,8.23,8.78,4318997,48242752.000
2010-05-19,8.72,8.97,8.62,8.81,2628077,30076128.000
2010-05-20,8.79,8.98,8.72,8.83,3870022,44654088.000
2010-05-21,8.46,9.12,8.46,9.08,3566993,41442512.000
2010-05-24,9.10,9.52,9.10,9.44,3904869,47648604.000
2010-05-25,9.44,9.52,9.19,9.42,3646138,44404248.000
2010-05-26,9.31,9.44,9.22,9.29,2366724,28665340.000
2010-05-27,9.31,9.62,9.23,9.54,4221322,52045448.000
2010-05-28,9.63,10.07,9.62,9.97,6758986,87299952.000
2010-05-31,10.07,10.28,9.95,9.97,7762807,102075952.000
2010-06-01,9.91,9.91,9.41,9.81,3693038,46581964.000
2010-06-02,9.62,9.87,9.62,9.77,3326251,42046252.000
2010-06-03,9.80,9.98,9.65,9.65,2927028,37373048.000
2010-06-04,9.69,9.92,9.45,9.78,1999434,19539294.000
2010-06-07,9.58,9.60,9.37,9.56,2867425,27285878.000
2010-06-08,9.52,9.60,9.43,9.52,2856495,27202308.000
2010-06-09,9.54,9.77,9.54,9.76,2908545,28068480.000
2010-06-10,9.77,10.04,9.66,9.90,4144659,40989496.000
2010-06-11,9.92,10.03,9.80,9.86,4426530,43882764.000
2010-06-17,9.86,10.00,9.60,9.63,5141491,50196228.000
2010-06-18,9.50,9.51,8.70,8.77,8612727,77772360.000
2010-06-21,8.80,8.90,8.25,8.80,12367527,105778424.000
2010-06-22,8.73,9.10,8.43,8.97,25934385,225589680.000
2010-06-23,8.71,8.89,8.49,8.68,14967845,129956192.000
2010-06-24,8.61,8.68,8.44,8.50,10418485,89047104.000
2010-06-28,8.30,8.36,7.98,8.06,11574210,94319176.000
2010-06-29,8.10,8.19,7.54,7.55,8208373,64027268.000
2010-06-30,7.36,7.49,7.23,7.44,5450424,40200560.000
2010-07-01,7.46,7.46,7.00,7.07,8511120,61264320.000
2010-07-02,7.12,7.14,6.67,6.97,9165132,63380436.000
2010-07-05,6.83,7.13,6.76,7.02,6219437,43370064.000
2010-07-06,6.99,7.26,6.95,7.20,6674779,47718784.000
2010-07-07,7.23,7.31,7.12,7.28,5212206,37624968.000
2010-07-08,7.29,7.43,7.16,7.35,6885030,50238100.000
2010-07-09,7.31,7.59,7.23,7.55,7621609,56876036.000
2010-07-12,7.56,7.65,7.50,7.55,6255033,47351620.000
2010-07-13,7.47,7.48,7.19,7.25,6512989,47549736.000
2010-07-14,7.29,7.45,7.26,7.36,5485355,40347820.000
2010-07-15,7.35,7.59,7.21,7.45,12905230,95746544.000
2010-07-16,7.41,8.05,7.36,7.96,20888512,161115920.000
2010-07-19,7.85,8.12,7.78,8.07,20965992,166755072.000
2010-07-20,8.03,8.50,8.00,8.39,21226794,175737808.000
2010-07-21,8.35,8.56,8.22,8.42,21563100,181167616.000
2010-07-22,8.45,8.52,8.27,8.48,13433084,113118872.000
2010-07-23,8.49,8.52,8.31,8.42,10504259,88136240.000
2010-07-26,8.39,8.80,8.33,8.72,14851405,127615088.000
2010-07-27,8.62,8.82,8.61,8.63,12023962,104612784.000
2010-07-28,8.57,8.79,8.52,8.78,12118441,105329032.000
2010-07-29,8.78,9.18,8.71,9.04,16231256,145839664.000
2010-07-30,9.00,9.07,8.80,8.93,8929296,79671544.000
2010-08-02,8.93,9.20,8.89,9.13,11511449,104541192.000
2010-08-03,9.10,9.15,8.80,8.83,10413152,93904992.000
2010-08-04,8.83,8.94,8.51,8.88,13205277,114752984.000
2010-08-05,8.87,9.09,8.82,8.98,13182920,118429520.000
2010-08-06,9.00,9.19,8.76,9.15,11522122,103858904.000
2010-08-09,9.17,9.61,9.10,9.56,20426397,192892400.000
2010-08-10,9.50,9.57,9.18,9.19,11989100,112045336.000
2010-08-11,9.15,9.33,9.09,9.26,7873287,72527760.000
2010-08-12,9.17,9.24,9.00,9.01,7976625,72592024.000
2010-08-13,9.02,9.26,8.89,9.24,8094007,73652816.000
2010-08-16,9.30,9.78,9.29,9.62,17485334,168023088.000
2010-08-17,9.62,9.68,9.45,9.64,11891383,113990304.000
2010-08-18,9.59,9.72,9.48,9.70,10720837,103143416.000
2010-08-19,9.72,9.76,9.60,9.63,9140070,88419744.000
2010-08-20,9.61,9.61,9.11,9.16,14962118,138826656.000
2010-08-23,9.16,9.23,9.06,9.12,5392238,49276020.000
2010-08-24,9.10,9.32,8.98,9.24,6614401,60822804.000
2010-08-25,9.19,9.25,8.95,8.96,7947013,72022936.000
2010-08-26,9.00,9.11,8.96,9.07,4937560,44549156.000
2010-08-27,9.09,9.27,9.04,9.25,6600092,60721992.000
2010-08-30,9.28,9.55,9.28,9.49,8739469,82683008.000
2010-08-31,9.52,9.54,9.20,9.39,10552285,98320600.000
2010-09-01,9.40,9.52,9.22,9.46,12369164,116007800.000
2010-09-02,9.51,10.41,9.48,10.41,26350087,264608720.000
2010-09-03,10.96,11.45,10.89,11.45,30636788,343576768.000
2010-09-06,11.00,11.45,10.31,10.56,48305829,517836576.000
2010-09-07,10.52,10.66,10.01,10.50,26665887,276550176.000
2010-09-08,10.45,11.26,10.23,11.15,41112184,444969024.000
2010-09-09,11.20,11.78,11.03,11.30,36502389,416414528.000
2010-09-10,11.30,11.93,11.27,11.58,28097467,325318304.000
2010-09-13,11.62,11.78,11.30,11.69,22197521,256070368.000
2010-09-14,11.59,11.60,11.20,11.29,16180148,184197248.000
2010-09-15,11.27,11.69,11.15,11.26,15601787,177729392.000
2010-09-16,11.35,11.35,10.25,10.64,16571753,177198288.000
2010-09-17,10.53,10.86,10.53,10.68,8895270,95489504.000
2010-09-20,10.93,11.19,10.73,10.77,12611201,138586400.000
2010-09-21,10.81,11.85,10.81,11.50,24277863,280968704.000
2010-09-27,11.80,11.88,11.28,11.65,22302062,257776480.000
2010-09-28,11.58,11.58,11.27,11.54,16502218,188335248.000
2010-09-29,11.50,12.17,11.42,11.68,23967263,283348064.000
2010-09-30,11.49,11.79,11.32,11.60,12691114,146640320.000
2010-10-08,11.64,12.20,11.40,12.01,22852750,271251904.000
2010-10-11,12.10,12.10,11.58,11.78,32144464,377807456.000
2010-10-13,11.51,11.51,10.90,11.13,30798771,341280224.000
2010-10-14,11.16,11.21,10.65,10.67,19798150,214863056.000
2010-10-15,10.72,10.99,10.62,10.77,16833831,182109504.000
2010-10-18,10.78,10.95,10.17,10.83,20293187,214645360.000
2010-10-19,10.72,11.20,10.66,11.15,16102803,178009440.000
2010-10-20,10.94,11.36,10.80,11.14,20927615,232936816.000
2010-10-21,11.14,11.53,10.93,11.42,26164424,295583424.000
2010-10-22,11.40,11.50,11.23,11.28,14603165,165592896.000
2010-10-25,11.30,11.50,11.07,11.40,20519365,230877456.000
2010-10-26,11.41,11.79,11.18,11.75,27990914,323154848.000
2010-10-27,12.08,12.48,11.48,11.55,34539829,413337536.000
2010-10-28,11.43,11.79,11.28,11.68,18215900,209315376.000
2010-10-29,12.12,12.40,11.58,11.74,29176988,348246464.000
2010-11-01,11.00,11.66,10.88,11.43,43414383,489707776.000
2010-11-02,11.20,11.25,10.98,10.99,39261902,434604096.000
2010-11-03,10.85,10.87,10.60,10.77,19883015,213348496.000
2010-11-04,10.72,11.02,10.63,10.98,16734822,182322224.000
2010-11-05,10.99,11.05,10.72,10.89,22202414,240333104.000
2010-11-08,10.87,11.26,10.78,11.25,28461157,314130432.000
2010-11-09,11.31,11.80,11.25,11.80,44849001,516166784.000
2010-11-10,11.70,12.28,11.60,11.82,41620459,498136512.000
2010-11-11,11.73,12.20,11.51,11.76,37179638,441818592.000
2010-11-12,11.70,12.10,10.96,11.04,31022043,359990336.000
2010-11-15,10.94,11.45,10.90,11.38,17108048,189511008.000
2010-11-16,11.43,12.52,11.32,12.52,88396598,1096588544.000
2010-11-17,12.41,12.41,11.27,11.27,66752965,771274176.000
2010-11-18,10.85,11.05,10.37,10.79,32380264,345833856.000
2010-11-19,10.86,11.05,10.48,10.97,21939443,234701616.000
2010-11-22,10.80,11.19,10.67,11.11,21054375,231712560.000
2010-11-23,11.13,11.34,10.70,11.32,24288373,269518176.000
2010-11-24,11.10,11.73,11.01,11.64,27450089,313865024.000
2010-11-25,11.62,11.89,11.48,11.58,24162988,281978176.000
2010-11-26,11.60,12.12,11.51,11.89,30196116,356341664.000
2010-11-29,11.81,12.29,11.78,12.00,31724927,383162816.000
2010-11-30,12.16,12.26,11.05,11.39,30838018,357198912.000
2010-12-01,11.39,11.45,11.10,11.31,12010976,134954880.000
2010-12-02,11.50,11.74,11.25,11.45,16255549,186670304.000
2010-12-03,11.36,11.63,11.12,11.18,11722483,132507872.000
2010-12-06,11.13,11.20,10.74,10.90,11194226,122272960.000
2010-12-07,10.81,11.17,10.70,11.14,7304004,79941880.000
2010-12-08,11.10,11.44,11.05,11.14,8511540,95571760.000
2010-12-09,11.11,11.19,10.76,10.77,7134331,78012176.000
2010-12-10,10.73,11.00,10.69,10.93,5063505,55058656.000
2010-12-13,11.00,11.18,10.97,11.17,9852055,109195064.000
2010-12-14,11.18,11.29,11.05,11.25,10152902,113334864.000
2010-12-15,11.28,11.50,11.11,11.32,12939734,146413760.000
2010-12-16,11.21,11.36,11.10,11.11,7344262,82345504.000
2010-12-17,11.14,11.25,11.08,11.20,5649361,62904416.000
2010-12-20,11.24,11.28,10.60,10.87,10554463,115837312.000
2010-12-21,10.88,11.10,10.78,11.01,6693414,72941840.000
2010-12-22,11.01,11.09,10.80,10.87,5869252,63903184.000
2010-12-23,10.83,10.93,10.58,10.60,6655543,71344024.000
2010-12-24,10.58,10.58,10.21,10.31,7637444,79167208.000
2010-12-27,10.30,10.46,9.80,9.86,7009362,71229064.000
2010-12-28,9.84,9.84,9.34,9.47,6316022,60044944.000
2010-12-29,9.47,9.63,9.43,9.57,3649918,34808304.000
2010-12-30,9.58,9.59,9.42,9.55,3345917,31896892.000
2010-12-31,9.60,9.78,9.55,9.77,3864013,37408932.000
2011-01-04,9.82,9.94,9.72,9.91,4607283,45318640.000
2011-01-05,9.86,10.23,9.81,10.06,6780269,68398152.000
2011-01-06,10.04,10.12,9.92,9.97,3745017,37370888.000
2011-01-07,9.96,10.09,9.87,9.91,4112355,40977808.000
2011-01-10,9.78,9.88,9.41,9.50,4334612,41934784.000
2011-01-11,9.47,9.47,9.16,9.28,5154387,47818968.000
2011-01-12,9.31,9.39,9.21,9.38,2547375,23702348.000
2011-01-13,9.39,9.41,9.29,9.35,3073830,28688432.000
2011-01-14,9.32,9.33,9.12,9.15,3424777,31558556.000
2011-01-17,9.12,9.12,8.70,8.72,4818710,42580568.000
2011-01-18,8.70,8.87,8.68,8.81,2043580,18008188.000
2011-01-19,8.81,8.95,8.80,8.91,3899327,34677332.000
2011-01-20,8.87,8.99,8.64,8.83,3863364,33995028.000
2011-01-21,8.80,9.26,8.61,8.89,4786920,42450184.000
2011-01-24,8.85,8.95,8.65,8.68,2309698,20287956.000
2011-01-25,8.68,8.68,8.42,8.45,1784349,15182658.000
2011-01-26,8.45,8.67,8.45,8.58,1644679,14107651.000
2011-01-27,8.46,8.75,8.46,8.72,2441949,21132284.000
2011-01-28,8.58,8.79,8.32,8.76,10923617,92776432.000
2011-01-31,8.62,8.79,8.52,8.74,6307343,54599944.000
2011-02-01,8.71,8.96,8.62,8.82,7979568,70056616.000
2011-02-09,8.72,8.86,8.63,8.83,5140509,45067568.000
2011-02-10,8.82,9.15,8.80,9.11,9163941,82785224.000
2011-02-11,9.10,9.37,9.01,9.25,8175294,74999112.000
2011-02-14,9.24,9.35,9.16,9.32,7935705,73606896.000
2011-02-15,9.33,9.43,9.25,9.26,6871703,64072336.000
2011-02-16,9.30,9.40,9.21,9.35,6452255,60185272.000
2011-02-17,9.39,9.39,9.17,9.23,5908742,54630792.000
2011-02-18,9.23,9.32,9.16,9.20,4120495,38023296.000
2011-02-21,9.18,9.35,9.12,9.34,5703516,52723912.000
2011-02-22,9.36,9.37,9.01,9.03,6244496,57185988.000
2011-02-23,9.04,9.25,9.04,9.11,4282204,39069476.000
2011-02-24,9.11,9.60,9.04,9.59,12814381,119909776.000
2011-02-25,9.50,9.50,9.32,9.40,7156677,67281288.000
2011-02-28,9.40,9.46,9.30,9.42,4760778,44701120.000
2011-03-01,9.41,9.65,9.40,9.57,9656375,91946472.000
2011-03-02,9.52,9.75,9.44,9.68,10400123,99990336.000
2011-03-03,9.75,9.99,9.51,9.54,12515417,122069680.000
2011-03-04,9.52,9.57,9.40,9.55,5645825,53513624.000
2011-03-07,9.54,9.62,9.48,9.58,6555948,62608956.000
2011-03-08,9.56,9.74,9.54,9.71,6443898,61898508.000
2011-03-09,9.72,9.89,9.67,9.77,7450714,72879760.000
2011-03-10,9.70,9.85,9.66,9.79,7124264,69589840.000
2011-03-11,9.77,10.10,9.65,9.89,12434389,122943840.000
2011-03-14,9.84,10.30,9.80,10.28,18879627,191177952.000
2011-03-15,10.27,10.27,9.78,10.08,13616553,136193840.000
2011-03-16,10.20,10.27,9.95,10.12,9877759,99829184.000
2011-03-17,10.06,10.17,9.74,9.96,9777919,97172080.000
2011-03-18,9.96,10.61,9.95,10.26,21177698,219450448.000
2011-03-21,10.03,10.04,9.70,9.88,11619388,114343216.000
2011-03-22,9.88,9.88,9.61,9.68,6407350,62266000.000
2011-03-23,9.69,9.80,9.62,9.79,5122068,49741800.000
2011-03-24,9.77,10.15,9.70,10.00,11791312,117813840.000
2011-03-25,9.92,10.07,9.91,9.95,7590439,75635104.000
2011-03-28,9.95,10.15,9.84,9.99,8105211,80807600.000
2011-03-29,9.94,10.10,9.67,9.69,7691536,75588312.000
2011-03-30,9.72,9.77,9.46,9.48,5783214,55188020.000
2011-03-31,9.49,9.57,9.21,9.22,4758750,44579224.000
2011-04-01,9.22,9.37,9.20,9.36,2879138,26831172.000
2011-04-06,9.38,9.65,9.30,9.62,5919111,56243432.000
2011-04-07,9.60,9.90,9.50,9.65,6599431,63704856.000
2011-04-08,9.59,9.70,9.55,9.68,4710972,45397180.000
2011-04-11,9.69,9.73,9.60,9.66,3913411,37758068.000
2011-04-12,9.59,9.70,9.46,9.50,4510216,43192736.000
2011-04-13,9.48,9.64,9.35,9.59,4424624,42023560.000
2011-04-14,9.58,9.76,9.54,9.75,7320114,70735208.000
2011-04-15,9.68,10.40,9.68,10.27,20257503,202412864.000
2011-04-18,10.20,10.46,10.02,10.34,17599092,180354048.000
2011-04-19,10.28,11.00,10.11,10.54,33437314,354339776.000
2011-04-20,10.50,10.82,10.27,10.45,20033970,209866048.000
2011-04-21,10.30,10.48,9.90,10.09,18861836,190803264.000
2011-04-22,10.08,10.09,9.85,9.88,10133347,100685512.000
2011-04-25,9.88,9.97,9.74,9.78,5504021,54148088.000
2011-04-26,9.80,9.84,9.57,9.63,5520199,53339912.000
2011-04-27,9.63,9.73,9.50,9.62,4287829,41275560.000
2011-04-28,9.68,9.70,9.16,9.22,5153160,48534652.000
2011-04-29,9.10,9.28,9.00,9.26,3882579,35505640.000
2011-05-03,9.28,9.39,9.20,9.37,3049361,28380300.000
2011-05-04,9.33,9.49,9.24,9.26,4906039,45959076.000
2011-05-05,9.22,9.40,9.20,9.34,2919968,27161580.000
2011-05-06,9.30,9.55,9.25,9.48,3784107,35694376.000
2011-05-09,9.43,9.69,9.43,9.57,3703689,35464568.000
2011-05-10,9.58,9.60,9.38,9.50,3495498,33158688.000
2011-05-11,9.55,9.63,9.47,9.51,3255868,31057308.000
2011-05-12,9.44,9.48,9.20,9.23,4634452,43339344.000
2011-05-13,9.19,9.31,9.12,9.29,3131921,28928050.000
2011-05-16,9.29,9.35,9.20,9.21,2296894,21295734.000
2011-05-17,9.20,9.29,9.10,9.24,2847246,26231140.000
2011-05-18,9.27,9.64,9.23,9.61,8888130,84654808.000
2011-05-19,9.54,9.67,9.44,9.49,4326282,41297600.000
2011-05-20,9.50,9.60,9.45,9.53,3351049,31960864.000
2011-05-23,9.51,9.51,8.90,8.90,6328384,57710896.000
2011-05-24,8.85,8.94,8.65,8.92,2901478,25529752.000
2011-05-25,8.90,9.07,8.80,8.81,2704102,24126438.000
2011-05-27,8.79,8.79,8.32,8.33,3954371,33541246.000
2011-05-30,8.31,8.39,8.16,8.19,2459867,20362760.000
2011-05-31,8.25,8.46,8.16,8.43,2140932,17835076.000
2011-06-01,8.43,8.77,8.36,8.67,4113141,35462752.000
2011-06-02,8.53,8.56,8.19,8.36,4389792,36664712.000
2011-06-03,8.35,8.53,8.26,8.45,2431179,20559932.000
2011-06-07,8.44,8.74,8.40,8.63,3366744,29039332.000
2011-06-08,8.61,8.73,8.45,8.66,3528399,30302704.000
2011-06-09,8.63,8.83,8.56,8.57,5157472,44799388.000
2011-06-10,8.50,8.60,8.28,8.43,3081649,25865548.000
2011-06-13,8.36,8.45,8.29,8.41,1522411,12730864.000
2011-06-14,8.37,8.61,8.37,8.54,2278722,19445964.000
2011-06-15,8.54,8.59,8.44,8.44,1743098,14860274.000
2011-06-16,8.34,8.44,8.25,8.27,1708659,14255356.000
2011-06-17,8.21,8.35,8.20,8.21,1382264,11433916.000
2011-06-20,8.22,8.28,7.99,8.02,1909979,15455591.000
2011-06-21,8.02,8.15,7.96,8.14,1725119,13930289.000
2011-06-22,8.15,8.17,8.03,8.08,1373450,11129907.000
2011-06-23,8.05,8.22,7.97,8.20,2106414,17133728.000
2011-06-24,8.18,8.44,8.16,8.37,3863777,32259192.000
2011-06-27,8.37,8.62,8.35,8.55,4162374,35430404.000
2011-06-28,8.50,8.78,8.43,8.66,5529685,47662632.000
2011-06-29,8.60,8.63,8.46,8.48,2456504,20973812.000
2011-06-30,8.46,8.60,8.46,8.54,2217968,18961168.000
2011-07-01,8.58,8.67,8.52,8.59,2731373,23470944.000
2011-07-04,8.72,8.92,8.66,8.86,5958959,52464500.000
2011-07-05,8.85,8.99,8.76,8.92,4914978,43695388.000
2011-07-06,8.87,9.19,8.83,9.05,7918199,71706624.000
2011-07-07,9.04,9.15,8.92,8.99,5670261,51153364.000
2011-07-08,8.97,9.06,8.89,9.01,2890300,25950408.000
2011-07-11,9.01,9.05,8.90,9.05,2294954,20636700.000
2011-07-12,9.00,9.00,8.83,8.84,3469365,30847884.000
2011-07-13,8.81,9.02,8.81,8.96,2207484,19795004.000
2011-07-14,8.96,9.15,8.91,9.12,4862500,44094176.000
2011-07-15,9.11,9.26,9.06,9.24,6148625,56297208.000
2011-07-18,9.20,9.38,9.07,9.09,7523902,69370448.000
2011-07-19,9.00,9.06,8.85,8.93,3989508,35658884.000
2011-07-20,8.96,9.18,8.90,9.14,7243850,65736708.000
2011-07-21,9.12,9.21,8.83,8.88,6888041,61936804.000
2011-07-22,8.93,8.97,8.69,8.78,6575419,58180232.000
2011-07-25,8.70,8.70,8.29,8.31,7544220,63679880.000
2011-07-26,8.32,8.38,8.24,8.36,1941564,16174478.000
2011-07-27,8.32,8.55,8.26,8.48,2775323,23414032.000
2011-07-28,8.41,8.48,8.27,8.38,3250715,27144982.000
2011-07-29,8.38,8.43,8.16,8.20,4415620,36439544.000
2011-08-01,8.19,8.34,8.16,8.31,2124796,17589620.000
2011-08-02,8.26,8.30,8.13,8.28,2134493,17479216.000
2011-08-03,8.20,8.40,8.18,8.33,2953091,24611368.000
2011-08-04,8.30,8.49,8.30,8.47,3252055,27386278.000
2011-08-05,8.22,8.35,8.16,8.27,3235989,26748288.000
2011-08-08,8.19,8.19,7.51,7.77,4779153,37613484.000
2011-08-09,7.55,7.72,7.33,7.62,3980072,29973748.000
2011-08-10,7.76,7.84,7.69,7.70,3609688,28016220.000
2011-08-11,7.46,7.88,7.45,7.85,3248756,25062364.000
2011-08-12,7.86,7.98,7.84,7.89,2954076,23389068.000
2011-08-15,7.93,8.06,7.86,8.04,3067229,24480068.000
2011-08-16,8.03,8.08,7.95,7.97,2291776,18350112.000
2011-08-17,7.96,8.09,7.88,8.08,3045419,24441896.000
2011-08-18,8.07,8.10,7.95,8.02,3251000,26101568.000
2011-08-19,7.77,7.93,7.73,7.92,2395861,18764870.000
2011-08-22,7.84,7.91,7.76,7.80,2692222,21090532.000
2011-08-23,7.80,7.95,7.74,7.94,1713748,13434415.000
2011-08-24,7.97,8.05,7.85,7.85,1825132,14521168.000
2011-08-25,7.86,8.16,7.86,8.14,3938725,31698516.000
2011-08-26,8.05,8.45,8.04,8.43,7534098,62627600.000
2011-08-29,8.36,8.52,8.32,8.40,5013682,42289348.000
2011-08-30,8.51,8.51,8.17,8.20,5709162,47565536.000
2011-08-31,8.15,8.26,8.11,8.23,2024380,16596360.000
2011-09-01,8.23,8.30,8.10,8.13,1325011,10857321.000
2011-09-02,8.10,8.16,7.94,7.97,1829390,14635995.000
2011-09-05,7.88,7.90,7.65,7.72,1621552,12599814.000
2011-09-06,7.70,7.78,7.66,7.71,1113661,8603682.000
2011-09-07,7.71,7.88,7.63,7.86,2478960,19265360.000
2011-09-09,7.77,8.00,7.77,7.88,4089177,32143100.000
2011-09-13,7.70,7.97,7.66,7.83,2863667,22396524.000
2011-09-14,7.95,7.96,7.75,7.95,2889579,22753584.000
2011-09-15,7.94,8.09,7.89,8.08,2894624,23215240.000
2011-09-16,8.07,8.16,8.05,8.12,2344325,19019212.000
2011-09-19,8.12,8.12,7.85,7.87,1385396,11015674.000
2011-09-20,7.87,7.95,7.78,7.85,998929,7840895.000
2011-09-21,7.82,8.15,7.79,8.12,2512601,20121676.000
2011-09-22,8.04,8.12,7.81,7.82,2127461,16994108.000
2011-09-23,7.71,7.85,7.59,7.65,2941913,22644512.000
2011-09-26,7.61,7.72,7.45,7.50,1488083,11262268.000
2011-09-27,7.62,7.62,7.46,7.52,2150409,16191434.000
2011-09-28,7.55,7.58,7.16,7.19,3010667,22196420.000
2011-09-29,7.21,7.21,6.85,6.89,2090088,14709890.000
2011-09-30,6.98,6.98,6.82,6.84,1382655,9509883.000
2011-10-10,6.80,6.92,6.76,6.79,1642745,11223223.000
2011-10-11,6.96,7.00,6.77,6.94,2771535,19043580.000
2011-10-12,6.92,7.47,6.83,7.32,6051072,42992560.000
2011-10-13,7.26,7.53,7.18,7.30,5416586,39588932.000
2011-10-14,7.30,7.30,7.04,7.14,3567057,25446324.000
2011-10-17,7.17,7.20,7.08,7.11,1685374,12010196.000
2011-10-18,7.06,7.06,6.83,6.84,1958204,13608848.000
2011-10-19,6.88,6.90,6.80,6.86,1158016,7933023.000
2011-10-20,6.81,6.85,6.55,6.61,1815289,12061264.000
2011-10-21,6.60,6.66,6.51,6.52,1173150,7729963.000
2011-10-24,6.56,6.88,6.51,6.74,2004721,13354490.000
2011-10-25,6.75,6.89,6.60,6.87,2889278,19650000.000
2011-10-26,6.85,6.94,6.75,6.88,3299344,22610504.000
2011-10-27,6.92,7.00,6.85,6.88,2174862,15057360.000
2011-10-28,6.94,7.19,6.91,7.07,4432579,31252250.000
2011-10-31,7.02,7.40,7.01,7.38,7983312,57497600.000
2011-11-01,7.22,7.95,7.17,7.75,17951845,135082128.000
2011-11-02,7.64,8.09,7.51,7.89,13863402,107571192.000
2011-11-03,7.82,8.24,7.68,7.87,17524769,137614752.000
2011-11-04,7.78,7.94,7.67,7.73,7992574,62093932.000
2011-11-07,7.71,7.75,7.50,7.69,6495699,49626612.000
2011-11-08,7.64,7.70,7.55,7.56,4794944,36534296.000
2011-11-09,7.60,7.85,7.48,7.78,6527269,50198568.000
2011-11-10,7.68,7.90,7.63,7.65,5093987,39431280.000
2011-11-11,7.63,7.69,7.52,7.58,2677131,20360288.000
2011-11-14,7.63,7.74,7.63,7.70,3000266,23081300.000
2011-11-15,7.70,7.76,7.65,7.75,2906902,22449422.000
2011-11-16,7.77,7.86,7.45,7.54,3432181,26199230.000
2011-11-17,7.55,7.58,7.45,7.47,2066043,15481829.000
2011-11-18,7.45,7.45,7.12,7.14,3214629,23183968.000
2011-11-21,7.16,7.21,7.07,7.19,1427843,10198115.000
2011-11-22,7.15,7.18,7.05,7.15,1311767,9347276.000
2011-11-23,7.13,7.20,7.13,7.16,1512519,10844342.000
2011-11-24,7.10,7.23,7.05,7.15,1435926,10274894.000
2011-11-25,7.16,7.23,7.10,7.12,1280067,9165886.000
2011-12-01,7.29,7.49,7.20,7.32,3987570,29375184.000
2011-12-02,7.34,7.34,7.09,7.11,2186717,15749098.000
2011-12-05,7.11,7.11,6.75,6.76,1985533,13591862.000
2011-12-06,6.76,6.90,6.76,6.87,1271086,8685787.000
2011-12-07,6.88,6.92,6.80,6.87,870297,5983494.000
2011-12-08,6.88,6.96,6.76,6.85,1119873,7681453.000
2011-12-09,6.75,6.90,6.75,6.86,718812,4922461.000
2011-12-12,6.89,7.00,6.79,6.93,1196078,8242059.000
2011-12-13,6.92,6.92,6.56,6.63,1857345,12445505.000
2011-12-14,6.60,6.68,6.36,6.39,982100,6410320.000
2011-12-15,6.33,6.39,6.06,6.06,1809866,11146263.000
2011-12-16,6.07,6.27,6.00,6.23,1712555,10429298.000
2011-12-19,6.23,6.23,6.05,6.21,1155609,7094945.000
2011-12-21,6.24,6.30,6.05,6.06,1819680,11303481.000
2011-12-22,6.06,6.06,5.68,5.90,1581249,9302018.000
2011-12-23,5.90,6.05,5.77,6.03,1369026,8165706.000
2011-12-26,6.04,6.15,5.98,6.00,1156658,7011229.000
2011-12-27,5.95,5.98,5.81,5.82,693399,4088384.000
2011-12-28,5.82,6.30,5.77,6.25,2058199,12263600.000
2011-12-29,6.18,6.32,6.08,6.13,2642569,16301936.000
2011-12-30,6.13,6.20,6.05,6.18,1516732,9334724.000
2012-01-04,6.20,6.28,6.00,6.03,1304269,8020400.000
2012-01-05,5.96,6.05,5.76,5.83,1203927,7085385.000
2012-01-06,5.86,5.95,5.75,5.93,1536754,8997339.000
2012-01-09,5.90,6.21,5.85,6.12,1893534,11485505.000
2012-01-10,6.12,6.36,6.03,6.32,2983272,18602260.000
2012-01-11,6.25,6.37,6.22,6.30,1974503,12423798.000
2012-01-12,6.28,6.39,6.22,6.28,2131875,13443639.000
2012-01-13,6.28,6.33,6.10,6.12,2047015,12703017.000
2012-01-16,6.15,6.15,5.90,5.92,1303891,7861097.000
2012-01-17,5.92,6.22,5.80,6.18,1710662,10328761.000
2012-01-18,6.19,6.26,6.04,6.06,1470645,9052386.000
2012-01-19,6.13,6.16,6.00,6.08,1417029,8639802.000
2012-01-20,6.10,6.48,6.10,6.37,2966058,18596456.000
2012-01-30,6.35,6.40,6.22,6.24,2586655,16274943.000
2012-01-31,6.25,6.27,6.18,6.26,1089020,6783976.000
2012-02-01,6.24,6.30,6.18,6.20,1119543,6975988.000
2012-02-02,6.20,6.30,6.18,6.30,1838323,11453047.000
2012-02-03,6.34,6.39,6.28,6.36,3161678,20029824.000
2012-02-06,6.37,6.45,6.31,6.43,2314649,14749418.000
2012-02-07,6.40,6.40,6.27,6.33,1857100,11722147.000
2012-02-08,6.32,6.45,6.29,6.43,2040136,13026904.000
2012-02-09,6.42,6.62,6.37,6.53,4523380,29496720.000
2012-02-10,6.50,6.72,6.47,6.59,5157066,33954772.000
2012-02-13,6.54,6.72,6.45,6.63,3194775,21175136.000
2012-02-14,6.69,6.70,6.57,6.59,1992668,13202409.000
2012-02-15,6.58,6.69,6.56,6.66,2325329,15420685.000
2012-02-16,6.65,7.15,6.64,6.81,6985836,48289792.000
2012-02-17,6.76,6.80,6.64,6.70,2656085,17845024.000
2012-02-20,6.77,6.81,6.70,6.70,2085109,14095404.000
2012-02-21,6.71,6.76,6.59,6.75,2163245,14454507.000
2012-02-22,6.71,6.86,6.71,6.85,3241726,22040196.000
2012-02-23,6.85,7.08,6.76,7.03,5448211,37761868.000
2012-02-24,6.94,7.04,6.90,6.98,3635053,25362678.000
2012-02-27,7.05,7.08,6.91,6.93,4461275,31233592.000
2012-02-28,6.92,6.92,6.79,6.83,3184772,21779154.000
2012-02-29,6.81,6.84,6.72,6.78,2471602,16727530.000
2012-03-01,6.77,6.82,6.73,6.80,1791682,12159961.000
2012-03-02,6.77,6.87,6.77,6.86,2697234,18424380.000
2012-03-05,6.90,6.96,6.84,6.87,2870795,19787150.000
2012-03-06,6.87,6.87,6.70,6.75,2064113,13974649.000
2012-03-07,6.70,6.77,6.68,6.71,2330512,15660918.000
2012-03-08,6.71,6.98,6.71,6.96,4616303,31681454.000
2012-03-09,6.97,7.02,6.91,6.98,2710743,18857000.000
2012-03-12,7.01,7.07,6.97,7.02,3517297,24678226.000
2012-03-13,7.02,7.10,7.00,7.03,2479255,17443252.000
2012-03-14,7.05,7.13,6.75,6.84,7574315,52822548.000
2012-03-15,6.78,6.86,6.65,6.81,3310447,22466604.000
2012-03-16,6.80,7.04,6.80,7.04,2429083,16778324.000
2012-03-19,7.05,7.26,7.05,7.23,5388612,38663316.000
2012-03-20,7.22,7.23,7.04,7.07,2872979,20467214.000
2012-03-21,7.09,7.16,6.95,7.15,3752333,26459776.000
2012-03-22,7.12,7.20,6.96,7.01,2474838,17462238.000
2012-03-23,6.96,7.07,6.87,6.97,2063155,14371203.000
2012-03-26,7.01,7.02,6.90,6.97,1308718,9122508.000
2012-03-27,6.99,7.03,6.86,6.91,1581856,11014181.000
2012-03-28,6.93,6.93,6.53,6.54,2936950,19597328.000
2012-03-29,6.55,6.60,6.35,6.57,1959976,12713700.000
2012-03-30,6.53,6.67,6.45,6.55,1672470,10995037.000
2012-04-05,6.57,6.69,6.50,6.67,1599940,10577519.000
2012-04-06,6.65,6.72,6.62,6.67,1118007,7457207.000
2012-04-09,6.69,6.74,6.60,6.66,1396413,9306756.000
2012-04-10,6.60,6.72,6.52,6.70,1016542,6719171.000
2012-04-11,6.68,6.85,6.65,6.84,1962279,13251062.000
2012-04-12,6.82,7.17,6.30,7.13,4995840,35108104.000
2012-04-13,7.06,7.13,6.97,7.08,2590720,18272712.000
2012-04-16,7.08,7.18,7.02,7.09,3073933,21896466.000
2012-04-17,7.09,7.26,7.02,7.17,5663003,40523552.000
2012-04-18,7.15,7.21,7.02,7.17,5454785,38939052.000
2012-04-19,7.20,7.31,7.09,7.23,5029701,36440760.000
2012-04-20,7.20,7.22,7.08,7.16,2917303,20830688.000
2012-04-23,7.12,7.38,7.11,7.35,6744272,49141744.000
2012-04-24,7.30,7.39,7.10,7.35,5619776,40867240.000
2012-04-25,7.36,7.54,7.32,7.47,6345195,47292816.000
2012-04-26,7.46,7.64,7.41,7.43,5763108,43412648.000
2012-04-27,7.40,7.53,7.36,7.40,3275422,24393352.000
2012-05-02,7.48,7.77,7.28,7.30,8202343,61424324.000
2012-05-03,7.20,7.31,7.18,7.25,6526051,47189536.000
2012-05-04,7.24,7.33,7.18,7.22,4829539,34955524.000
2012-05-07,7.25,7.31,7.22,7.31,4630818,33651696.000
2012-05-08,7.31,7.35,7.24,7.30,2889261,21074204.000
2012-05-09,7.27,7.27,7.11,7.11,2924900,20985470.000
2012-05-10,7.12,7.31,7.12,7.23,3565344,25812092.000
2012-05-11,7.20,7.56,7.20,7.46,8234881,60907656.000
2012-05-14,7.50,8.21,7.41,8.14,33187561,266129200.000
2012-05-15,7.95,7.96,7.69,7.78,15569665,121807984.000
2012-05-16,7.76,8.09,7.70,7.93,14055876,111254816.000
2012-05-17,7.85,7.89,7.62,7.80,9832953,76137664.000
2012-05-18,7.75,7.78,7.43,7.44,8155995,61708396.000
2012-05-21,7.50,7.61,7.38,7.50,4886800,36624356.000
2012-05-22,7.56,7.84,7.52,7.74,7401518,57218840.000
2012-05-23,7.66,7.93,7.64,7.90,7919263,61621984.000
2012-05-24,7.84,7.95,7.60,7.66,5480580,42608416.000
2012-05-28,7.51,7.51,7.14,7.38,7079503,51556288.000
2012-05-29,7.32,7.46,7.28,7.43,5417830,39968680.000
2012-05-30,7.40,7.46,7.34,7.45,4133327,30575448.000
2012-05-31,7.39,7.52,7.36,7.44,3496943,26039464.000
2012-06-01,7.44,7.51,7.38,7.38,3020869,22459820.000
2012-06-04,7.30,7.38,7.19,7.19,2781746,20226552.000
2012-06-05,7.19,7.43,7.19,7.30,4208128,30755688.000
2012-06-06,7.36,7.37,7.11,7.13,2860400,20673820.000
2012-06-07,7.20,7.27,7.00,7.08,2657567,18951236.000
2012-06-08,7.16,7.21,7.05,7.08,2063148,14668843.000
2012-06-11,7.08,7.22,7.08,7.18,1754477,12539251.000
2012-06-12,7.15,7.24,7.15,7.18,1553051,11168461.000
2012-06-13,7.21,7.37,7.16,7.35,3426053,25001008.000
2012-06-14,7.30,7.39,7.26,7.27,2844858,20845420.000
2012-06-15,7.32,7.53,7.29,7.48,4588316,34170976.000
2012-06-18,7.49,7.69,7.48,7.61,6203188,47241440.000
2012-06-19,7.63,7.65,7.48,7.51,4106285,31122616.000
2012-06-20,7.53,7.54,7.30,7.31,3695382,27230280.000
2012-06-21,7.31,7.33,7.14,7.19,3036932,21899652.000
2012-06-25,7.18,7.26,7.08,7.11,2264351,16256419.000
2012-06-26,7.10,7.14,6.95,7.08,2301916,16240050.000
2012-06-27,7.06,7.15,7.03,7.07,1585108,11261680.000
2012-06-28,7.07,7.21,7.03,7.04,1798296,12801024.000
2012-06-29,7.00,7.20,7.00,7.19,3138532,22375672.000
2012-07-02,7.20,7.52,7.18,7.44,5227223,38761048.000
2012-07-03,7.46,7.61,7.38,7.47,5290562,39636564.000
2012-07-04,7.45,7.53,7.36,7.39,3593124,26734236.000
2012-07-05,7.38,7.38,7.14,7.20,3231574,23329384.000
2012-07-06,7.25,7.70,7.18,7.60,10617880,79779440.000
2012-07-09,7.62,7.97,7.57,7.60,15509924,121049448.000
2012-07-10,7.45,7.95,7.36,7.82,12360225,95470120.000
2012-07-11,7.81,7.93,7.65,7.93,10295339,80260528.000
2012-07-12,7.88,8.15,7.82,7.88,14450228,115808536.000
2012-07-13,7.88,8.40,7.75,8.32,15975700,129434776.000
2012-07-16,8.28,8.50,7.95,8.03,19486373,160365488.000
2012-07-17,7.88,7.93,7.59,7.83,11243542,87170888.000
2012-07-18,7.70,7.99,7.59,7.96,11034674,86031688.000
2012-07-19,7.85,8.05,7.76,7.81,9781802,77399440.000
2012-07-20,7.75,7.99,7.75,7.79,5851296,45933808.000
2012-07-23,7.78,7.93,7.58,7.65,6056261,46901896.000
2012-07-24,7.59,7.74,7.48,7.68,5563682,42313504.000
2012-07-25,7.62,7.69,7.46,7.52,4916508,37172064.000
2012-07-26,7.52,7.67,7.50,7.51,3982038,30225864.000
2012-07-27,7.56,7.63,7.17,7.24,6135780,45127400.000
2012-07-30,7.24,7.29,7.01,7.04,4048572,28805076.000
2012-07-31,7.04,7.10,6.90,6.97,2886135,20137492.000
2012-08-01,6.98,7.17,6.98,7.10,2840860,20117568.000
2012-08-02,7.12,7.31,7.09,7.20,4072834,29314176.000
2012-08-03,7.24,7.29,7.14,7.29,2969683,21397980.000
2012-08-06,7.22,7.45,7.18,7.41,4273281,31403512.000
2012-08-07,7.41,7.55,7.36,7.41,3141036,23327668.000
2012-08-08,7.45,7.45,7.26,7.32,2547025,18709844.000
2012-08-09,7.30,7.73,7.19,7.70,6119717,45947804.000
2012-08-10,7.63,8.01,7.63,8.00,7949203,62009096.000
2012-08-13,8.30,8.30,7.70,7.74,12133997,96774616.000
2012-08-14,7.69,8.08,7.62,8.04,8022791,63508452.000
2012-08-15,8.04,8.09,7.85,7.91,6020426,47986232.000
2012-08-16,7.85,7.97,7.62,7.74,4615422,35909384.000
2012-08-17,7.72,7.82,7.52,7.69,4082370,31306670.000
2012-08-20,7.66,7.88,7.48,7.81,3493872,26902140.000
2012-08-21,7.89,8.13,7.89,7.94,7352484,59056856.000
2012-08-22,7.91,7.96,7.71,7.80,3974104,31175926.000
2012-08-23,7.83,7.97,7.71,7.94,3092928,24271116.000
2012-08-24,7.86,7.94,7.75,7.84,2970513,23242466.000
2012-08-27,7.61,7.63,7.28,7.28,4896863,36470432.000
2012-08-28,7.28,7.44,7.23,7.37,2622753,19206220.000
2012-08-29,7.37,7.42,7.20,7.23,2202480,16103919.000
2012-08-30,7.23,7.32,7.07,7.29,3003444,21590948.000
2012-08-31,7.27,7.45,7.25,7.39,1853052,13668711.000
2012-09-03,7.38,7.50,7.35,7.47,2495557,18552108.000
2012-09-04,7.44,7.58,7.39,7.51,3452311,25858096.000
2012-09-05,7.45,7.89,7.43,7.86,6794143,52333640.000
2012-09-06,7.88,7.90,7.75,7.83,3387696,26487000.000
2012-09-07,7.85,8.35,7.83,8.29,15214422,124106512.000
2012-09-10,8.26,8.28,8.10,8.25,5993264,49109752.000
2012-09-11,8.15,8.48,8.08,8.47,7664455,62993104.000
2012-09-12,8.40,8.49,8.25,8.29,5508338,45799224.000
2012-09-13,8.26,8.29,8.12,8.26,6037936,49446388.000
2012-09-14,8.22,8.54,8.18,8.51,10787459,90360192.000
2012-09-17,8.45,8.68,8.26,8.42,7726047,65484320.000
2012-09-18,8.32,8.62,8.25,8.57,9489357,80618864.000
2012-09-19,8.55,8.61,8.47,8.59,4461086,38118492.000
2012-09-20,8.51,8.57,8.00,8.11,8675102,71045104.000
2012-09-21,8.08,8.21,7.97,8.10,3300866,26755430.000
2012-09-24,8.07,8.17,8.02,8.13,2822666,22924004.000
2012-09-25,8.12,8.23,7.82,7.92,4520487,36249920.000
2012-09-26,7.95,7.95,7.63,7.76,4423758,34201288.000
2012-09-27,7.71,8.05,7.71,8.04,4634929,36676152.000
2012-09-28,7.98,8.28,7.94,8.24,5080254,41090208.000
2012-10-08,8.16,8.28,8.05,8.13,2963913,24120676.000
2012-10-09,8.09,8.25,8.08,8.15,12546395,102126512.000
2012-10-10,8.10,8.12,7.96,8.02,7099068,56897672.000
2012-10-11,8.00,8.01,7.83,7.87,5029381,39785896.000
2012-10-12,7.86,7.99,7.81,7.94,3740273,29603386.000
2012-10-15,7.91,7.97,7.74,7.80,4154543,32556888.000
2012-10-16,7.82,8.02,7.79,7.92,8643134,68476056.000
2012-10-17,7.91,7.95,7.86,7.90,3848702,30416424.000
2012-10-18,7.92,8.08,7.90,8.03,7140988,57304064.000
2012-10-19,8.03,8.12,7.96,7.99,6899187,55542944.000
2012-10-22,7.90,8.24,7.90,8.10,6753248,54693364.000
2012-10-23,8.06,8.13,7.86,7.90,5793888,46210192.000
2012-10-24,7.85,8.02,7.83,8.00,4441506,35280600.000
2012-10-25,8.03,8.03,7.87,7.89,4703665,37372584.000
2012-10-26,7.89,7.99,7.76,7.81,3933434,30965924.000
2012-10-29,7.81,7.85,7.60,7.63,3481560,26680798.000
2012-10-30,7.62,7.72,7.62,7.66,2012859,15419785.000
2012-10-31,7.50,7.69,7.43,7.63,3076391,23251152.000
2012-11-01,7.61,7.78,7.61,7.75,3120645,24097758.000
2012-11-02,7.72,7.78,7.69,7.74,2859618,22105700.000
2012-11-05,7.76,7.86,7.70,7.83,3532525,27568748.000
2012-11-06,7.81,7.83,7.58,7.64,3707802,28486052.000
2012-11-09,7.66,7.78,7.23,7.28,5372601,40196072.000
2012-11-12,7.30,7.34,7.18,7.28,2601991,18880092.000
2012-11-13,7.28,7.39,7.15,7.16,2564074,18661188.000
2012-11-14,7.16,7.20,7.05,7.17,2173926,15458781.000
2012-11-15,7.11,7.25,6.81,6.83,3483523,24493618.000
2012-11-16,6.79,6.80,6.65,6.76,3423438,22971208.000
2012-11-19,6.78,6.84,6.68,6.79,1916766,12933648.000
2012-11-20,6.78,6.85,6.74,6.76,1420604,9654139.000
2012-11-21,6.80,6.85,6.55,6.83,2292659,15334931.000
2012-11-22,6.79,6.80,6.60,6.72,1138542,7661219.000
2012-11-23,6.69,6.81,6.68,6.71,1434440,9691838.000
2012-11-26,6.78,6.78,6.58,6.62,1312499,8753434.000
2012-11-27,6.60,6.60,6.18,6.36,3238945,20600332.000
2012-11-28,6.30,6.30,6.08,6.12,2291568,14143601.000
2012-11-29,6.05,6.17,6.00,6.05,1718197,10437824.000
2012-11-30,6.04,6.15,5.95,6.10,1538699,9361754.000
2012-12-03,6.13,6.13,5.80,5.80,2360456,13975607.000
2012-12-04,5.73,5.90,5.70,5.87,1808929,10462813.000
2012-12-05,5.84,6.14,5.82,6.10,3034579,18380316.000
2012-12-06,6.08,6.15,6.03,6.09,1494991,9089156.000
2012-12-07,6.10,6.33,6.04,6.30,3544721,22027780.000
2012-12-10,6.30,6.36,6.23,6.35,2995866,18856540.000
2012-12-11,6.31,6.35,6.22,6.24,2181109,13708549.000
2012-12-12,6.22,6.30,6.12,6.19,1966030,12205100.000
2012-12-13,6.20,6.20,6.06,6.08,1808215,11073208.000
2012-12-14,6.08,6.37,6.07,6.35,4029085,25253360.000
2012-12-17,6.38,6.46,6.27,6.43,4291006,27334456.000
2012-12-18,6.43,6.58,6.37,6.44,4081662,26435866.000
2012-12-19,6.44,6.55,6.36,6.48,3329818,21520908.000
2012-12-20,6.44,6.56,6.36,6.52,2728512,17653908.000
2012-12-21,6.48,6.68,6.45,6.66,4239185,27848786.000
2012-12-24,6.63,6.69,6.57,6.59,2869935,18977620.000
2012-12-25,6.59,6.73,6.53,6.70,3996578,26651602.000
2012-12-26,6.70,6.76,6.66,6.73,2935844,19675152.000
2012-12-27,6.71,6.74,6.58,6.59,2786122,18576980.000
2012-12-28,6.60,6.71,6.57,6.69,2957678,19653000.000
2012-12-31,6.68,6.92,6.67,6.80,4308061,29284572.000
2013-01-04,6.89,6.89,6.64,6.71,3200668,21494976.000
2013-01-07,6.74,6.85,6.73,6.82,4540080,30852220.000
2013-01-08,6.83,6.98,6.78,6.93,4885256,33678944.000
2013-01-09,6.90,6.93,6.77,6.82,4736098,32401892.000
2013-01-10,6.80,6.91,6.77,6.91,4290855,29370728.000
2013-01-11,6.89,7.06,6.79,6.83,4776784,33008986.000
2013-01-14,6.83,7.03,6.80,7.01,6899461,47854072.000
2013-01-15,7.01,7.18,6.94,7.16,8148724,57556600.000
2013-01-16,7.11,7.17,6.91,7.10,6789808,47929688.000
2013-01-17,7.06,7.19,7.01,7.04,3791557,26858460.000
2013-01-18,7.02,7.26,7.02,7.19,6322998,45259152.000
2013-01-21,7.22,7.40,7.15,7.34,7855449,57241136.000
2013-01-22,7.40,7.49,7.08,7.15,5828130,42365248.000
2013-01-23,7.20,7.68,7.12,7.48,11030150,81742768.000
2013-01-24,7.55,8.09,7.47,7.85,25003219,195835744.000
2013-01-25,7.72,7.84,7.44,7.54,11930758,90689160.000
2013-01-28,7.59,7.65,7.38,7.63,9766714,73388160.000
2013-01-29,7.56,7.58,7.42,7.48,7570107,56730304.000
2013-01-30,7.48,7.54,7.31,7.41,6003553,44308080.000
2013-01-31,7.30,7.38,6.99,7.09,12991432,92617496.000
2013-02-01,7.05,7.24,7.01,7.14,6232205,44483084.000
2013-02-04,7.10,7.25,7.00,7.17,4540776,32418804.000
2013-02-05,7.13,7.23,7.10,7.18,3609136,25830108.000
2013-02-06,7.16,7.34,7.16,7.27,4581375,33220000.000
2013-02-07,7.26,7.29,7.17,7.27,2408265,17417886.000
2013-02-08,7.27,7.41,7.27,7.34,3494889,25688096.000
2013-02-18,7.38,7.49,7.30,7.48,4070855,30156608.000
2013-02-19,7.45,7.50,7.33,7.38,3288579,24360012.000
2013-02-20,7.36,7.60,7.31,7.59,6406937,48042824.000
2013-02-21,7.55,7.68,7.40,7.46,5643974,42502652.000
2013-02-22,7.41,7.65,7.40,7.57,5227949,39475260.000
2013-02-25,7.62,7.62,7.44,7.50,3432865,25773756.000
2013-02-26,7.48,7.64,7.36,7.41,4266024,32022464.000
2013-02-27,7.39,7.45,7.17,7.19,5291468,38562892.000
2013-02-28,7.20,7.28,7.10,7.27,3054419,22010902.000
2013-03-01,7.26,7.42,7.23,7.42,3141193,22989524.000
2013-03-04,7.39,7.42,7.17,7.26,3259648,23744536.000
2013-03-05,7.27,7.50,7.19,7.47,4010330,29660636.000
2013-03-06,7.49,7.76,7.47,7.54,6588888,50191020.000
2013-03-07,7.53,7.59,7.36,7.48,4340616,32462972.000
2013-03-08,7.49,7.57,7.42,7.42,2115033,15854520.000
2013-03-11,7.41,7.51,7.32,7.49,1969052,14666976.000
2013-03-12,7.49,7.54,7.11,7.22,3317081,24164148.000
2013-03-13,7.22,7.26,7.10,7.21,1840079,13188147.000
2013-03-14,7.20,7.34,7.20,7.33,2323201,16892508.000
2013-03-15,7.33,7.47,7.23,7.35,2863593,21162934.000
2013-03-18,7.34,7.54,7.25,7.26,2335006,17276100.000
2013-03-19,7.25,7.30,6.95,7.18,3111891,22136990.000
2013-03-20,7.18,7.32,7.14,7.30,3033434,21937712.000
2013-03-21,7.39,7.60,7.36,7.45,7572235,56733500.000
2013-03-22,7.42,7.67,7.40,7.56,6173537,46764536.000
2013-03-25,7.50,7.59,7.46,7.50,2798289,21044920.000
2013-03-26,7.47,7.75,7.41,7.70,7989041,60752240.000
2013-03-27,7.69,7.78,7.59,7.66,5852658,44916616.000
2013-03-28,7.61,7.62,7.43,7.43,5179008,38964188.000
2013-03-29,7.46,7.80,7.46,7.73,10364711,79658152.000
2013-04-01,7.77,7.85,7.62,7.74,5568592,42920796.000
2013-04-02,7.76,7.80,7.33,7.41,7193676,54540696.000
2013-04-03,7.41,7.63,7.35,7.43,5203461,38946776.000
2013-04-08,7.55,7.77,7.40,7.76,10006301,75969392.000
2013-04-09,7.68,7.75,7.58,7.63,7424608,56804536.000
2013-04-10,7.60,7.62,7.39,7.51,4197352,31519784.000
2013-04-11,7.47,7.58,7.40,7.57,3479631,26079332.000
2013-04-12,7.58,7.58,7.19,7.20,4477213,32746596.000
2013-04-15,6.95,7.08,6.82,6.86,6082124,42099136.000
2013-04-16,6.75,6.78,6.55,6.70,4282075,28596782.000
2013-04-17,6.73,6.75,6.61,6.70,2614132,17477040.000
2013-04-18,6.66,6.71,6.57,6.64,2766695,18394768.000
2013-04-19,6.63,6.78,6.62,6.74,3205707,21574922.000
2013-04-22,6.85,6.96,6.80,6.82,4979120,34163532.000
2013-04-23,6.77,6.80,6.50,6.54,4103169,27161494.000
2013-04-24,6.56,6.65,6.55,6.59,2644811,17435338.000
2013-04-25,6.63,6.93,6.61,6.76,6415057,43699836.000
2013-04-26,6.72,6.88,6.61,6.70,2949700,19934956.000
2013-05-02,6.67,6.67,6.51,6.53,2656235,17485080.000
2013-05-03,6.58,6.72,6.47,6.69,2711445,18003570.000
2013-05-06,6.67,6.86,6.67,6.83,3184821,21696778.000
2013-05-07,6.80,6.86,6.75,6.85,2374384,16207131.000
2013-05-08,6.83,6.88,6.78,6.84,2305765,15751497.000
2013-05-09,6.84,6.86,6.70,6.76,2157673,14600868.000
2013-05-10,6.76,7.13,6.73,7.09,6091837,42649120.000
2013-05-14,7.26,7.80,7.23,7.80,8479894,64984864.000
2013-05-15,8.12,8.30,7.78,7.89,27214572,217744368.000
2013-05-16,7.73,7.94,7.70,7.79,12586300,98199128.000
2013-05-17,7.74,8.25,7.71,8.03,14559135,116563792.000
2013-05-20,8.02,8.06,7.80,7.96,8514049,67521824.000
2013-05-21,7.92,8.05,7.80,8.00,7809964,61679272.000
2013-05-22,8.00,8.20,7.95,8.04,8661429,70165872.000
2013-05-23,7.99,8.12,7.92,8.03,5091479,40752048.000
2013-05-24,7.99,8.64,7.99,8.36,13210539,111021984.000
2013-05-27,8.29,8.65,8.29,8.55,9996296,85222848.000
2013-05-28,8.51,8.52,8.30,8.46,7745718,65198404.000
2013-05-29,8.48,8.60,8.38,8.41,5177253,43889904.000
2013-05-30,8.41,8.77,8.33,8.67,9860756,84735736.000
2013-05-31,8.65,9.54,8.60,9.05,18862195,172100720.000
2013-06-03,9.12,9.86,9.04,9.64,19296663,183420752.000
2013-06-04,9.64,9.64,9.20,9.39,12896467,121037728.000
2013-06-05,9.46,10.33,9.41,10.31,26988959,271956160.000
2013-06-06,10.10,10.42,10.00,10.14,15793122,160245984.000
2013-06-07,10.11,10.28,9.24,9.37,18880453,182571712.000
2013-06-13,9.18,9.65,8.75,9.56,14900057,137207936.000
2013-06-14,9.50,9.89,9.28,9.41,16521394,158015648.000
2013-06-17,9.35,9.75,9.11,9.66,12683209,119279984.000
2013-06-18,9.60,9.79,9.36,9.68,7355400,70469168.000
2013-06-19,9.60,9.60,9.16,9.33,7817405,72923712.000
2013-06-20,9.21,9.46,8.82,8.89,7829139,71675136.000
2013-06-21,8.61,9.00,8.49,8.80,7432610,65144232.000
2013-06-24,8.71,8.92,8.20,8.34,8306853,71360248.000
2013-06-25,8.34,8.60,7.62,8.47,11316538,92980768.000
2013-06-26,8.46,8.84,8.32,8.78,8045747,68977168.000
2013-06-27,8.75,8.92,8.38,8.41,7056084,61357076.000
2013-06-28,8.35,8.56,8.12,8.28,5846050,48482920.000
2013-07-01,8.20,8.49,8.12,8.47,4058056,33723508.000
2013-07-02,8.44,8.74,8.36,8.64,5404361,46448876.000
2013-07-03,8.58,8.60,8.21,8.54,4883463,41248500.000
2013-07-04,8.48,9.08,8.36,9.04,11723058,103871840.000
2013-07-05,9.04,9.10,8.81,8.82,5209775,46666432.000
2013-07-08,8.60,8.75,8.38,8.44,4835508,41312568.000
2013-07-09,8.44,8.62,8.37,8.46,2565348,21745384.000
2013-07-10,8.40,8.68,8.40,8.67,3169316,27159316.000
2013-07-11,8.65,9.07,8.60,8.85,8422168,75027328.000
2013-07-12,8.81,8.95,8.63,8.67,5877000,51699172.000
数据来源:通达信
