600483 福建南纺 日线
      日期	    开盘	    最高	    最低	    收盘	    成交量	    成交额
2007-01-11,3.03,3.29,2.91,2.99,27003003,88152848.000
2007-01-12,2.95,3.14,2.86,3.12,17450275,55703680.000
2007-01-15,3.19,3.27,3.06,3.23,14140224,46845236.000
2007-01-16,3.25,3.27,3.09,3.25,12478005,41336004.000
2007-01-17,3.19,3.23,2.96,3.01,11974870,38868344.000
2007-01-18,3.01,3.13,2.96,3.11,8363108,26733432.000
2007-01-19,3.15,3.19,3.07,3.17,9979463,32663832.000
2007-01-22,3.25,3.50,3.16,3.50,18439758,63619428.000
2007-01-23,3.54,3.57,3.27,3.41,13406571,47661088.000
2007-01-24,3.41,3.51,3.34,3.40,10055924,36003448.000
2007-01-25,3.35,3.35,3.13,3.14,9710286,32951188.000
2007-01-26,3.03,3.22,2.93,3.21,9605034,30885550.000
2007-01-29,3.26,3.53,3.25,3.52,16009896,56629272.000
2007-01-30,3.54,3.55,3.33,3.36,10935118,38993136.000
2007-01-31,3.36,3.42,3.10,3.12,8735280,29858080.000
2007-02-01,3.05,3.23,2.99,3.20,7182807,23500142.000
2007-02-02,3.23,3.39,3.09,3.14,8144765,27776592.000
2007-02-06,3.13,3.23,3.13,3.20,4794599,15959199.000
2007-02-07,3.23,3.32,3.17,3.25,6731517,22815628.000
2007-02-08,3.21,3.35,3.20,3.35,8078582,27793918.000
2007-02-09,3.36,3.60,3.34,3.51,16684584,60526764.000
2007-02-12,3.53,3.88,3.52,3.88,21699139,84074048.000
2007-02-13,3.95,4.25,3.89,4.04,23454934,97834088.000
2007-02-14,4.03,4.12,3.90,4.02,13482611,56356808.000
2007-02-15,4.05,4.20,4.02,4.12,11176405,47628688.000
2007-02-16,4.15,4.17,4.01,4.07,11136205,47257352.000
2007-02-26,4.04,4.25,3.93,4.25,12741893,54501284.000
2007-02-27,4.29,4.48,3.81,3.81,16614940,71524096.000
2007-02-28,3.75,4.20,3.69,4.15,13119202,53719368.000
2007-03-01,4.13,4.15,3.90,3.98,11251397,46786896.000
2007-03-02,4.03,4.15,3.95,4.08,8738222,36757568.000
2007-03-05,4.07,4.22,3.95,4.10,8447225,35678192.000
2007-03-06,4.10,4.40,4.03,4.36,13795561,60213456.000
2007-03-07,4.30,4.40,4.25,4.33,10455988,46734296.000
2007-03-08,4.31,4.53,4.26,4.39,11566385,52529696.000
2007-03-09,4.44,4.45,4.20,4.29,9323050,41495400.000
2007-03-12,4.29,4.45,4.29,4.43,10268770,46535744.000
2007-03-13,4.43,4.59,4.36,4.46,11531001,53505760.000
2007-03-14,4.45,4.85,4.27,4.74,22527363,107625800.000
2007-03-15,4.70,5.10,4.66,4.92,16334734,83143072.000
2007-03-16,4.90,4.96,4.51,4.64,14925476,72956224.000
2007-03-19,4.48,4.82,4.38,4.80,9464699,45739408.000
2007-03-20,4.80,4.95,4.73,4.88,8176860,40892504.000
2007-03-21,4.89,5.07,4.78,5.01,11565305,58801336.000
2007-03-22,5.05,5.06,4.88,4.92,10181481,52298328.000
2007-03-23,4.93,5.07,4.73,5.00,11227163,56678556.000
2007-03-26,5.00,5.29,4.97,5.22,15465849,81821904.000
2007-03-27,5.25,5.76,5.16,5.75,20864875,117395472.000
2007-03-28,5.75,6.07,5.55,5.78,36957613,221362544.000
2007-03-29,5.70,5.77,5.33,5.33,14820884,83979976.000
2007-03-30,5.28,5.50,5.20,5.40,7040719,38995612.000
2007-04-02,5.36,5.60,5.34,5.56,6335885,35571268.000
2007-04-03,5.60,5.62,5.46,5.55,6897827,39205624.000
2007-04-04,5.56,5.82,5.52,5.65,8546608,49847764.000
2007-04-05,5.71,5.92,5.56,5.83,10775460,63843760.000
2007-04-06,5.73,5.97,5.69,5.90,11055979,66540224.000
2007-04-09,6.03,6.05,5.86,5.93,10490713,63916116.000
2007-04-10,6.03,6.05,5.70,5.93,11266991,67826032.000
2007-04-11,5.86,6.23,5.79,6.21,18350810,113039904.000
2007-04-12,6.26,6.85,6.26,6.85,24327758,162916048.000
2007-04-13,7.41,7.55,6.85,7.10,35903238,269256736.000
2007-04-16,7.10,7.75,6.96,7.57,19024844,142393136.000
2007-04-17,7.54,7.73,7.30,7.57,15512498,118948016.000
2007-04-18,7.63,7.64,7.35,7.63,16173303,124046952.000
2007-04-19,7.63,7.63,6.85,6.96,14335845,105494888.000
2007-04-20,6.95,7.40,6.95,7.32,8809959,65366572.000
2007-04-23,7.49,8.07,7.35,7.96,15974624,125924728.000
2007-04-24,7.87,8.58,7.82,8.16,17902913,149835888.000
2007-04-25,8.13,8.36,7.85,8.21,12725529,105380640.000
2007-04-26,8.45,8.95,8.45,8.73,15951749,141211488.000
2007-04-27,8.65,9.43,8.55,9.27,16282545,151814288.000
2007-04-30,9.29,10.17,9.29,10.14,16586102,164014368.000
2007-05-08,10.36,11.17,10.36,11.17,12526235,139808912.000
2007-05-09,11.17,12.21,10.04,10.81,17497526,195610432.000
2007-05-10,10.81,10.81,10.11,10.43,13429483,140818752.000
2007-05-11,10.23,11.40,9.90,11.34,17043826,184532800.000
2007-05-14,11.33,12.05,10.96,11.66,18422604,219134960.000
2007-05-15,11.70,11.93,10.48,10.48,18110677,199824832.000
2007-05-16,10.02,10.45,9.42,10.12,16497390,166279712.000
2007-05-17,10.10,10.45,9.73,10.23,13411456,138114512.000
2007-05-18,10.15,10.15,9.85,9.86,13022748,131069696.000
2007-05-21,9.40,10.09,9.23,9.78,14457115,142928256.000
2007-05-22,9.78,10.20,9.78,10.07,15701328,160159392.000
2007-05-23,10.10,10.80,10.10,10.78,18405770,194290384.000
2007-05-24,10.96,11.09,10.25,10.45,17813160,190874464.000
2007-05-28,10.71,10.99,10.46,10.48,17006741,182900112.000
2007-05-29,10.35,11.00,10.33,10.90,25527623,275655840.000
2007-05-30,10.25,10.79,9.80,9.80,14043811,146328400.000
2007-05-31,9.36,9.51,8.81,8.81,11339838,103178648.000
2007-06-01,8.81,9.05,7.91,7.91,12642986,104356984.000
2007-06-04,7.38,7.40,7.10,7.10,2651500,19411100.000
2007-06-05,6.38,6.93,6.38,6.76,10887467,72188880.000
2007-06-06,6.65,7.04,6.08,6.63,14097611,95466456.000
2007-06-07,6.63,7.01,6.46,6.99,15243568,105167512.000
2007-06-08,7.07,7.28,6.95,7.06,12857719,93422320.000
2007-06-11,7.13,7.20,6.80,6.84,13446776,95407488.000
2007-06-12,6.84,6.96,6.14,6.59,16081262,106495840.000
2007-06-13,6.61,7.26,6.61,7.26,13289349,94796952.000
2007-06-14,7.43,7.71,7.12,7.27,22001733,166886304.000
2007-06-15,7.10,7.24,6.77,7.03,10412632,74710976.000
2007-06-18,7.10,7.32,7.08,7.15,10714207,78549632.000
2007-06-19,7.12,7.40,6.91,7.39,11968340,87632016.000
2007-06-20,7.39,7.60,7.01,7.08,12956314,97718208.000
2007-06-21,6.95,7.17,6.73,6.95,9572711,67766160.000
2007-06-22,6.94,6.94,6.24,6.24,10602476,70260744.000
2007-06-25,6.20,6.33,5.60,5.60,8156974,48112164.000
2007-06-26,5.06,5.50,5.06,5.48,9976836,53685584.000
2007-06-27,5.50,5.60,5.36,5.58,7567233,42846944.000
2007-06-28,5.58,5.68,5.01,5.01,7147142,39113320.000
2007-06-29,4.84,5.47,4.56,5.08,12956239,67040536.000
2007-07-02,5.10,5.51,5.05,5.48,10352298,56352728.000
2007-07-03,5.53,5.59,5.17,5.41,7589478,42031136.000
2007-07-04,5.28,5.44,5.03,5.09,5323510,28473128.000
2007-07-05,4.95,5.11,4.87,4.94,5259400,27019556.000
2007-07-06,5.03,5.45,4.90,5.44,11187945,60505112.000
2007-07-09,5.39,5.82,5.30,5.66,14162169,80912200.000
2007-07-10,5.65,5.65,5.24,5.28,7578558,42093284.000
2007-07-11,5.27,5.43,5.18,5.33,4652212,25327886.000
2007-07-13,5.39,5.39,5.04,5.16,4096414,21715028.000
2007-07-16,5.14,5.35,4.87,5.32,6683446,35312452.000
2007-07-17,5.33,5.61,5.21,5.47,12750001,71289208.000
2007-07-18,5.36,5.50,5.18,5.35,5770841,31735234.000
2007-07-19,5.25,5.39,5.23,5.35,2688537,14676032.000
2007-07-20,5.40,5.60,5.37,5.55,7867101,44632768.000
2007-07-23,5.49,6.01,5.49,5.96,13005939,77076600.000
2007-07-24,5.96,6.13,5.80,5.86,11669394,71329192.000
2007-07-25,5.86,6.13,5.82,6.10,9319594,57290044.000
2007-07-26,6.10,6.50,6.10,6.34,13276868,85530944.000
2007-07-27,6.35,6.57,6.19,6.56,10460678,68372736.000
2007-07-30,6.46,6.88,6.45,6.73,11635786,79629392.000
2007-07-31,6.72,6.73,6.38,6.60,8838201,59133592.000
2007-08-01,6.59,6.68,5.93,5.96,10967990,70675168.000
2007-08-02,6.03,6.25,5.85,6.15,7451847,46495216.000
2007-08-03,6.15,6.23,5.85,6.03,9123593,56647264.000
2007-08-06,6.04,6.48,6.01,6.47,10378397,66295592.000
2007-08-07,6.47,6.69,6.19,6.58,10902393,72120480.000
2007-08-08,6.58,6.92,6.33,6.88,17919038,122741792.000
2007-08-09,7.01,7.20,6.65,6.72,30257497,214373088.000
2007-08-10,6.65,6.65,6.13,6.28,10379724,67712120.000
2007-08-13,6.35,6.37,6.07,6.23,5662602,35785912.000
2007-08-14,6.28,6.49,6.23,6.46,5162363,33931484.000
2007-08-15,6.48,6.53,6.10,6.27,4932289,31667228.000
2007-08-16,6.25,6.50,6.10,6.40,4316631,27834306.000
2007-08-17,6.35,6.57,6.32,6.49,6514642,43152192.000
2007-08-20,6.65,6.69,6.52,6.66,6631651,44884212.000
2007-08-21,6.60,6.74,6.51,6.73,9606817,64835516.000
2007-08-22,6.67,7.02,6.63,6.99,13493501,95573728.000
2007-08-23,7.00,7.04,6.77,6.85,7781173,54697244.000
2007-08-24,6.87,6.95,6.76,6.80,6786344,47252152.000
2007-08-27,6.83,6.92,6.66,6.70,6110899,42044204.000
2007-08-28,6.70,6.73,6.48,6.62,5347921,36062292.000
2007-08-29,6.63,6.83,6.54,6.64,5212591,35780776.000
2007-08-30,6.63,7.03,6.63,6.95,8431910,59126408.000
2007-08-31,6.98,7.34,6.93,7.25,14688861,106732552.000
2007-09-03,7.30,7.52,7.25,7.33,13710286,103189720.000
2007-09-04,7.35,7.43,7.05,7.08,7656823,56146660.000
2007-09-05,7.13,7.20,6.93,7.19,5214991,37458648.000
2007-09-06,7.20,7.41,7.15,7.32,7501969,56006792.000
2007-09-07,7.30,7.30,6.90,7.16,6952746,50453160.000
2007-09-10,7.11,7.89,6.97,7.89,12883792,98947112.000
2007-09-11,8.69,8.69,8.38,8.69,32720194,288628608.000
2007-09-12,9.15,9.55,7.90,8.55,30074439,258090352.000
2007-09-13,8.56,8.65,8.02,8.23,11266467,94885136.000
2007-09-14,8.13,8.85,8.13,8.70,14000943,122494856.000
2007-09-17,8.64,9.59,8.63,9.20,19758292,188064256.000
2007-09-18,9.15,9.48,8.80,8.96,11544637,106734104.000
2007-09-19,9.05,9.15,8.55,8.65,7640739,67627216.000
2007-09-20,8.65,8.89,8.40,8.72,5993391,52695388.000
2007-09-21,8.72,8.95,8.15,8.28,6978911,60042264.000
2007-09-24,8.46,8.67,8.00,8.43,5131708,43608904.000
2007-09-25,8.43,8.65,8.15,8.54,4208589,36321324.000
2007-09-26,8.53,8.98,8.44,8.59,6434226,57453828.000
2007-09-27,8.65,8.91,8.43,8.59,4051374,35410020.000
2007-09-28,8.61,8.83,8.55,8.68,4800168,42550736.000
2007-10-08,8.83,8.90,8.45,8.46,4013110,35252936.000
2007-10-09,8.44,8.45,8.05,8.40,3584338,30035328.000
2007-10-10,8.37,8.37,8.03,8.05,5426254,44925440.000
2007-10-11,8.10,8.25,7.71,7.72,4613120,37433780.000
2007-10-12,7.75,7.77,6.93,7.34,5641000,42258320.000
2007-10-15,7.34,8.09,7.22,8.09,5670128,45521612.000
2007-10-16,8.45,8.91,8.25,8.55,11955909,104970792.000
2007-10-17,8.51,8.77,8.28,8.34,4284920,36846176.000
2007-10-18,8.36,8.65,8.26,8.42,4235151,36524116.000
2007-10-19,8.29,8.62,8.10,8.11,3465123,29447212.000
2007-10-22,7.93,8.05,7.47,7.61,2341056,18473836.000
2007-10-23,7.61,7.88,7.40,7.69,2025779,15755465.000
2007-10-24,7.75,7.79,7.03,7.09,2911400,21804004.000
2007-10-25,7.04,7.50,6.75,7.11,4802985,35274448.000
2007-10-26,7.00,7.35,6.93,7.01,2006270,14561803.000
2007-10-29,6.97,7.15,6.40,6.68,2821973,19121472.000
2007-10-30,6.74,6.80,6.43,6.78,1909554,12847248.000
2007-10-31,6.75,7.18,6.75,6.95,2311072,16484524.000
2007-11-01,7.00,7.07,6.66,6.74,1654492,11568850.000
2007-11-02,6.75,6.75,6.30,6.40,2391403,15808557.000
2007-11-05,6.41,6.67,6.20,6.65,1628533,10702215.000
2007-11-06,6.55,6.75,6.49,6.73,1070263,7264143.000
2007-11-07,6.58,6.81,6.44,6.46,1065731,7180927.000
2007-11-08,6.43,6.53,6.26,6.37,1401509,9201703.000
2007-11-09,6.37,6.49,6.23,6.32,971591,6286953.000
2007-11-12,6.25,6.44,6.03,6.20,1136235,7195548.000
2007-11-13,6.31,6.55,6.22,6.30,1479040,9669966.000
2007-11-14,6.37,6.59,6.35,6.51,1121024,7427421.000
2007-11-15,6.51,6.64,6.45,6.52,970306,6510371.000
2007-11-16,6.33,6.60,6.33,6.56,1063316,7101271.000
2007-11-19,6.50,7.23,6.50,7.23,3336534,24232912.000
2007-11-20,7.23,7.42,7.00,7.05,2926978,21381854.000
2007-11-21,7.03,7.41,6.87,7.23,2750678,20008904.000
2007-11-22,7.05,7.23,6.70,6.75,1542006,11053115.000
2007-11-23,6.70,6.85,6.53,6.84,863559,5914557.000
2007-11-26,6.95,7.26,6.86,6.98,2086424,15156792.000
2007-11-27,6.93,7.19,6.92,6.94,845752,6046790.000
2007-11-28,7.05,7.14,6.93,7.13,947274,6829512.000
2007-11-29,7.21,7.23,6.98,7.11,1139744,8272309.000
2007-11-30,7.23,7.23,7.04,7.12,1289182,9387541.000
2007-12-03,7.03,7.15,6.87,6.96,1046024,7451898.000
2007-12-04,6.91,7.14,6.86,6.95,1039028,7373481.000
2007-12-05,6.90,7.03,6.89,6.98,1021995,7243658.000
2007-12-06,7.05,7.10,6.95,7.07,1121873,8075586.000
2007-12-07,7.11,7.15,6.95,7.14,1544020,11120819.000
2007-12-10,7.11,7.28,6.97,7.22,2056140,15047883.000
2007-12-11,7.20,7.45,7.11,7.44,2943816,22022144.000
2007-12-12,7.38,7.46,7.23,7.44,2092028,15663040.000
2007-12-13,7.42,7.62,7.19,7.22,2234849,17054996.000
2007-12-14,7.05,7.35,7.05,7.27,1423694,10420650.000
2007-12-17,7.27,7.37,7.19,7.26,1254927,9303846.000
2007-12-18,7.25,7.26,6.95,7.00,1456743,10508379.000
2007-12-19,7.08,7.20,6.99,7.16,1912731,13786213.000
2007-12-20,7.18,7.30,7.08,7.16,1809468,13304659.000
2007-12-21,7.15,7.55,7.08,7.46,3517390,26540684.000
2007-12-24,7.73,7.90,7.50,7.54,4666668,36305056.000
2007-12-25,7.55,7.65,7.37,7.43,2806803,21304338.000
2007-12-26,7.45,7.65,7.45,7.65,2898325,22352584.000
2007-12-27,7.71,7.82,7.60,7.81,3847850,30138260.000
2007-12-28,7.81,7.81,7.59,7.61,2384241,18641424.000
2008-01-02,7.63,7.82,7.31,7.75,4728195,36595560.000
2008-01-03,7.69,7.93,7.57,7.89,5054230,40284056.000
2008-01-04,7.95,7.98,7.70,7.80,3269141,26019236.000
2008-01-07,7.75,8.11,7.67,8.05,6708370,54014304.000
2008-01-08,7.97,8.05,7.56,7.66,3769859,30175080.000
2008-01-09,7.60,8.44,7.57,8.43,9496681,78279872.000
2008-01-10,8.45,8.84,7.95,8.51,15290761,132745384.000
2008-01-11,8.51,8.51,8.25,8.41,4059402,34512896.000
2008-01-14,8.35,8.51,8.18,8.50,4564314,38773920.000
2008-01-15,8.50,8.65,8.28,8.32,4531721,38980408.000
2008-01-16,8.31,8.36,7.95,7.98,4086594,33706332.000
2008-01-17,7.95,8.16,7.41,7.73,4134398,32907496.000
2008-01-18,7.73,7.89,7.57,7.82,2780607,21924280.000
2008-01-21,7.75,8.17,7.57,7.86,5482754,44439256.000
2008-01-22,7.83,7.83,7.06,7.06,3591673,26575084.000
2008-01-23,6.86,7.35,6.53,7.24,4213707,30029682.000
2008-01-24,7.40,7.58,7.10,7.38,4258286,32157288.000
2008-01-25,7.35,7.79,7.14,7.75,6404360,49189796.000
2008-01-28,7.78,7.78,6.96,6.97,5673822,42275360.000
2008-01-29,6.97,7.24,6.66,7.00,2629526,18729232.000
2008-01-30,7.01,7.15,6.70,6.88,1915278,13576893.000
2008-01-31,6.88,6.95,6.52,6.53,2131402,14619332.000
2008-02-01,6.53,6.65,5.87,6.08,2226394,14108259.000
2008-02-04,6.15,6.64,6.15,6.60,1765625,11662126.000
2008-02-05,6.55,6.70,6.36,6.63,1512201,10179817.000
2008-02-13,6.53,6.78,6.45,6.65,941205,6402796.000
2008-02-14,6.74,6.85,6.65,6.77,916687,6310636.000
2008-02-15,6.80,6.80,6.41,6.66,2094575,14109263.000
2008-02-18,6.65,7.34,6.65,7.34,3405222,24744884.000
2008-02-19,7.65,8.09,7.45,7.97,15885793,127954416.000
2008-02-20,7.81,8.27,7.66,8.12,8802907,71062184.000
2008-02-21,7.95,8.45,7.85,8.09,8711979,72604512.000
2008-02-22,8.05,8.40,7.91,8.06,7080382,58828492.000
2008-02-25,8.35,8.35,7.51,7.60,4656382,37181764.000
2008-02-26,7.70,7.91,7.50,7.84,4003688,31453874.000
2008-02-27,8.00,8.02,7.65,7.87,3498850,28064932.000
2008-02-28,7.76,8.24,7.76,8.05,4960009,40490552.000
2008-02-29,8.03,8.19,7.95,8.11,3000105,24675818.000
2008-03-03,8.21,8.34,7.99,8.23,4591496,38411160.000
2008-03-04,8.20,8.33,7.93,7.97,4828188,39714760.000
2008-03-05,7.98,8.01,7.64,7.86,3677679,29278540.000
2008-03-06,7.87,8.30,7.83,8.08,4908870,40682688.000
2008-03-07,8.11,8.23,7.66,7.86,2804273,22642012.000
2008-03-10,7.91,7.91,7.30,7.43,2765439,21465104.000
2008-03-11,7.45,7.64,7.23,7.59,1800198,13641556.000
2008-03-12,7.77,7.77,7.38,7.38,1517538,11641695.000
2008-03-13,7.36,7.93,7.15,7.80,5669748,43825044.000
2008-03-14,7.64,7.73,7.45,7.52,2711516,20973468.000
2008-03-17,7.53,7.58,6.75,6.75,3606894,26398988.000
2008-03-18,6.74,6.90,6.15,6.45,3631232,24013660.000
2008-03-19,6.57,6.96,6.45,6.74,2300074,15853635.000
2008-03-20,6.65,7.11,6.35,6.94,3293938,23027792.000
2008-03-21,6.95,7.65,6.90,7.65,8338908,64147016.000
2008-03-24,8.08,8.28,7.30,7.43,13820384,111450384.000
2008-03-25,7.13,7.64,6.93,7.57,4846761,35799448.000
2008-03-26,7.07,7.81,7.07,7.36,2889656,22203790.000
2008-03-27,7.28,7.30,6.75,6.79,3119101,22312080.000
2008-03-28,6.67,7.16,6.62,7.13,1877653,13244630.000
2008-03-31,6.85,7.06,6.65,6.67,1761991,12270174.000
2008-04-01,6.56,6.73,5.99,6.00,2877321,18359846.000
2008-04-02,6.05,6.29,5.39,5.49,2945907,17342062.000
2008-04-03,5.25,5.75,5.14,5.62,2044237,11478201.000
2008-04-07,5.40,5.94,5.40,5.87,2121250,12543267.000
2008-04-08,5.90,6.19,5.80,6.05,2461519,15116693.000
2008-04-09,6.00,6.05,5.45,5.48,1878499,11180137.000
2008-04-10,5.40,5.65,5.18,5.60,1741354,9823025.000
2008-04-11,5.65,5.69,5.46,5.65,1385933,7972443.000
2008-04-14,5.51,5.59,5.10,5.13,2060214,11187477.000
2008-04-15,5.08,5.23,4.83,5.21,2201135,11346281.000
2008-04-16,5.14,5.53,4.95,5.39,2308828,12488907.000
2008-04-17,5.45,5.58,5.02,5.12,1872769,10171364.000
2008-04-18,5.05,5.06,4.70,4.81,1987015,9916953.000
2008-04-21,5.18,5.18,4.74,4.81,1507055,7657203.000
2008-04-22,4.75,4.75,4.31,4.47,2359880,10733803.000
2008-04-23,4.35,4.73,4.33,4.67,2263859,10700763.000
2008-04-24,5.10,5.15,4.94,5.15,5936559,31053890.000
2008-04-25,5.15,5.38,5.01,5.17,3394304,18116864.000
2008-04-28,5.05,5.20,5.00,5.11,2013158,10578292.000
2008-04-29,5.06,5.64,5.06,5.45,4946081,27898056.000
2008-04-30,5.36,5.60,5.36,5.57,3168746,17930962.000
2008-05-05,5.60,5.78,5.56,5.66,2911114,16930252.000
2008-05-06,5.63,5.66,5.45,5.58,2679013,15273212.000
2008-05-07,5.52,6.10,5.45,5.74,5810244,34549992.000
2008-05-08,5.65,5.97,5.65,5.88,4194319,25117052.000
2008-05-09,5.91,6.00,5.77,5.95,3770589,22850688.000
2008-05-12,5.87,6.23,5.75,6.14,4371168,27371060.000
2008-05-13,5.90,6.10,5.77,5.94,3665439,22307002.000
2008-05-14,5.96,6.08,5.88,6.04,2947499,18151756.000
2008-05-15,6.05,6.20,5.97,6.01,2779258,17312784.000
2008-05-16,5.97,6.10,5.71,5.78,2707756,16355752.000
2008-05-19,5.77,5.90,5.75,5.79,1517454,9039273.000
2008-05-20,5.85,5.92,5.20,5.29,2275338,13068908.000
2008-05-21,5.29,5.45,4.97,5.36,2551338,13566222.000
2008-05-23,5.81,5.91,5.81,5.91,5720429,34634448.000
2008-05-26,5.89,5.89,5.40,5.44,5915557,34144896.000
2008-05-27,5.23,5.49,5.22,5.44,1673871,9183380.000
2008-05-28,5.40,5.84,5.35,5.68,2689548,15541191.000
2008-05-29,5.62,5.79,5.45,5.45,2008940,11589846.000
2008-05-30,5.45,5.73,5.43,5.69,2649476,15212678.000
2008-06-02,5.77,5.83,5.55,5.75,3383807,19803276.000
2008-06-03,5.78,5.78,5.40,5.45,3712253,21029758.000
2008-06-04,5.46,5.51,5.27,5.29,1773769,9734916.000
2008-06-05,5.35,5.42,5.23,5.24,1622819,8873406.000
2008-06-06,5.26,5.35,5.16,5.30,1377513,7430993.000
2008-06-10,5.04,5.14,4.76,4.76,1630768,8193189.000
2008-06-11,4.60,4.72,4.43,4.51,1561871,7331946.000
2008-06-12,4.50,4.62,4.21,4.37,1958755,8870209.000
2008-06-13,4.35,4.50,4.33,4.46,1993215,9058174.000
2008-06-16,4.64,4.65,4.39,4.52,3718918,17492874.000
2008-06-17,4.50,4.55,4.05,4.05,3190700,13864657.000
2008-06-18,3.91,4.37,3.75,4.31,3211525,13649284.000
2008-06-19,4.27,4.27,3.86,3.86,2306109,9678683.000
2008-06-20,3.91,4.10,3.65,3.89,2454438,9964177.000
2008-06-23,3.74,3.91,3.72,3.75,1295200,5096982.000
2008-06-24,3.75,3.94,3.65,3.93,1571663,6287300.000
2008-06-25,4.02,4.16,3.91,4.15,2307606,9740218.000
2008-06-26,4.15,4.20,4.01,4.13,1882251,8037474.000
2008-06-27,3.95,4.02,3.70,3.74,2407511,9538199.000
2008-06-30,3.74,3.82,3.55,3.71,1310185,5009003.000
2008-07-01,3.71,3.79,3.56,3.60,800363,3036884.000
2008-07-02,3.66,3.77,3.56,3.74,2050596,7879992.000
2008-07-03,3.71,3.92,3.63,3.90,2951001,11662842.000
2008-07-04,3.85,3.90,3.74,3.82,2016204,7984975.000
2008-07-07,3.84,4.02,3.83,3.98,2727345,11212126.000
2008-07-08,3.98,4.17,3.92,4.09,3151991,13193332.000
2008-07-09,4.11,4.29,4.05,4.19,3401896,14716307.000
2008-07-10,4.15,4.27,4.05,4.08,3115953,13465051.000
2008-07-11,4.08,4.11,3.96,4.04,1623829,6743896.000
2008-07-14,4.00,4.24,3.96,4.20,3311012,14112841.000
2008-07-15,4.15,4.20,3.96,4.02,2611039,11010227.000
2008-07-16,3.96,4.04,3.71,3.78,1810763,7245416.000
2008-07-17,3.86,4.08,3.81,3.82,2227523,9092993.000
2008-07-18,3.80,4.01,3.72,3.98,1778088,7144495.000
2008-07-21,3.95,4.14,3.90,4.13,2406658,10134356.000
2008-07-22,4.06,4.18,4.06,4.13,2008238,8589571.000
2008-07-23,4.13,4.18,4.05,4.07,1682006,7182325.000
2008-07-24,4.12,4.19,4.09,4.17,2372165,10191581.000
2008-07-25,4.12,4.22,4.05,4.14,1711236,7359457.000
2008-07-28,4.11,4.31,4.11,4.29,3189271,13942417.000
2008-07-29,4.17,4.38,4.16,4.31,3687230,16355241.000
2008-07-30,4.33,4.66,4.33,4.46,5870985,26963412.000
2008-07-31,4.45,4.52,4.10,4.11,3703734,16391379.000
2008-08-01,4.51,4.51,4.15,4.23,7144344,32182956.000
2008-08-04,4.06,4.38,3.95,4.26,6143790,26362070.000
2008-08-05,4.20,4.21,3.97,3.98,2858248,12186337.000
2008-08-06,3.99,4.10,3.97,4.08,2041352,8531689.000
2008-08-07,4.11,4.11,3.96,4.04,1732745,7230066.000
2008-08-08,3.93,4.06,3.62,3.64,2310946,9106780.000
2008-08-11,3.66,3.69,3.26,3.26,1679815,5892163.000
2008-08-12,3.25,3.30,3.15,3.24,1037343,3510272.000
2008-08-13,3.17,3.23,2.96,3.15,1238138,4023889.000
2008-08-14,3.10,3.21,3.07,3.17,1676699,5506804.000
2008-08-15,3.15,3.29,3.15,3.19,1764530,5951869.000
2008-08-18,3.15,3.19,2.86,2.86,1657490,5197292.000
2008-08-19,2.83,2.92,2.80,2.90,1183898,3583207.000
2008-08-20,2.88,3.19,2.82,3.16,2953017,9508256.000
2008-08-21,3.13,3.16,3.00,3.03,1575804,5079265.000
2008-08-22,3.02,3.08,2.88,3.02,1368590,4264952.000
2008-08-25,2.99,3.09,2.96,3.01,770018,2454163.000
2008-08-26,2.95,3.01,2.75,2.88,1409246,4251773.000
2008-08-27,2.85,2.94,2.80,2.90,995564,3015801.000
2008-08-28,2.90,2.97,2.85,2.94,1169582,3578734.000
2008-08-29,2.93,3.09,2.91,3.02,2086832,6628177.000
2008-09-01,3.02,3.02,2.86,2.91,950886,2932832.000
2008-09-02,2.87,3.05,2.86,2.99,1613980,5042436.000
2008-09-03,2.97,3.12,2.95,3.05,1733885,5495266.000
2008-09-04,3.03,3.09,2.99,3.06,1431591,4572277.000
2008-09-05,3.00,3.00,2.84,2.86,1701859,5175302.000
2008-09-08,2.86,2.89,2.63,2.67,1439082,4127554.000
2008-09-09,2.70,2.76,2.65,2.71,618308,1763944.000
2008-09-10,2.67,2.81,2.64,2.75,881301,2558512.000
2008-09-11,2.75,2.79,2.65,2.66,806899,2299170.000
2008-09-12,2.67,2.74,2.62,2.69,564801,1603631.000
2008-09-16,2.69,2.69,2.57,2.60,697281,1927288.000
2008-09-17,2.59,2.66,2.53,2.54,713200,1950244.000
2008-09-18,2.45,2.51,2.27,2.41,1577154,3993155.000
2008-09-19,2.63,2.67,2.58,2.67,1603471,4489786.000
2008-09-22,2.84,2.94,2.68,2.80,4291973,12749156.000
2008-09-23,2.71,2.71,2.54,2.55,1958885,5434314.000
2008-09-24,2.51,2.60,2.50,2.60,1206398,3242879.000
2008-09-25,2.60,2.70,2.60,2.66,1885750,5291673.000
2008-09-26,2.67,2.68,2.57,2.62,1387669,3837366.000
2008-10-06,2.59,2.88,2.50,2.75,3808869,10834391.000
2008-10-07,2.69,2.85,2.63,2.71,3574637,10329835.000
2008-10-08,2.65,2.68,2.48,2.56,1684320,4606293.000
2008-10-09,2.61,2.62,2.50,2.52,932830,2507168.000
2008-10-10,2.43,2.43,2.30,2.32,1517168,3776249.000
2008-10-13,2.27,2.38,2.17,2.37,1113200,2723851.000
2008-10-14,2.39,2.47,2.27,2.28,968099,2452320.000
2008-10-15,2.27,2.30,2.21,2.30,801800,1934787.000
2008-10-16,2.21,2.39,2.15,2.30,1888986,4585536.000
2008-10-17,2.30,2.33,2.27,2.30,1151930,2819745.000
2008-10-20,2.31,2.39,2.24,2.37,1021854,2538528.000
2008-10-21,2.37,2.42,2.30,2.41,1739073,4389159.000
2008-10-22,2.45,2.65,2.44,2.44,6122099,16333832.000
2008-10-23,2.27,2.33,2.23,2.32,3326401,8097739.000
2008-10-24,2.31,2.34,2.23,2.25,1725741,4179662.000
2008-10-27,2.17,2.20,2.02,2.03,1793401,4067042.000
2008-10-28,1.96,2.14,1.96,2.10,1677305,3735710.000
2008-10-29,2.13,2.16,2.04,2.06,1122573,2514060.000
2008-10-30,2.06,2.11,2.06,2.10,745701,1668210.000
2008-10-31,2.10,2.12,2.02,2.03,911401,2011544.000
2008-11-03,2.07,2.07,1.95,1.98,400700,864348.000
2008-11-04,1.97,1.99,1.87,1.99,786700,1647493.000
2008-11-05,1.97,2.08,1.97,2.06,1264046,2771943.000
2008-11-06,2.04,2.04,1.92,1.99,882500,1881252.000
2008-11-07,1.94,2.11,1.94,2.09,2336588,5167411.000
2008-11-10,2.13,2.27,2.10,2.24,3641970,8506060.000
2008-11-11,2.22,2.25,2.15,2.15,2508517,5888405.000
2008-11-12,2.15,2.24,2.12,2.23,1928260,4536964.000
2008-11-13,2.22,2.37,2.22,2.33,4096785,10114846.000
2008-11-14,2.38,2.50,2.29,2.49,5746348,14557822.000
2008-11-17,2.45,2.62,2.41,2.57,5202393,13811371.000
2008-11-18,2.55,2.64,2.30,2.30,5448362,14164034.000
2008-11-19,2.27,2.50,2.27,2.48,3146896,8027519.000
2008-11-20,2.74,2.74,2.74,2.74,7418500,21439464.000
2008-11-21,2.69,2.70,2.45,2.57,12253084,33160652.000
2008-11-24,2.54,2.61,2.40,2.44,4461676,11737666.000
2008-11-25,2.54,2.70,2.53,2.64,9591218,26398634.000
2008-11-26,2.55,2.81,2.50,2.54,6458223,17815520.000
2008-11-27,2.69,2.72,2.52,2.54,6309612,17489600.000
2008-11-28,2.56,2.57,2.40,2.50,3028703,7960781.000
2008-12-01,2.49,2.65,2.44,2.62,4634922,12690020.000
2008-12-02,2.56,2.90,2.55,2.88,17611842,51962456.000
2008-12-03,2.92,3.11,2.80,2.93,17211946,52794864.000
2008-12-04,2.93,3.17,2.83,2.94,12543421,39171128.000
2008-12-05,2.86,3.00,2.86,2.97,6485242,20063152.000
2008-12-08,2.97,3.19,2.96,3.18,11316186,36646536.000
2008-12-09,3.13,3.15,2.94,2.95,7846606,24980606.000
2008-12-10,2.92,3.04,2.91,3.03,4246290,13317013.000
2008-12-11,3.03,3.05,2.85,2.88,4856955,14957529.000
2008-12-12,2.82,2.93,2.67,2.91,5231556,15478299.000
2008-12-15,2.95,2.96,2.81,2.88,3023495,9154952.000
2008-12-16,2.81,2.93,2.73,2.90,3827568,11518638.000
2008-12-17,2.90,2.94,2.84,2.88,3912513,11942554.000
2008-12-18,2.92,2.95,2.86,2.94,3780776,11595828.000
2008-12-19,2.91,3.05,2.90,2.99,4900467,15397319.000
2008-12-22,2.99,3.09,2.90,3.03,6526951,20682632.000
2008-12-23,3.05,3.05,2.75,2.75,4619400,14045429.000
2008-12-24,2.73,3.04,2.67,2.87,5153416,15465513.000
2008-12-25,2.85,2.88,2.75,2.78,2651550,7843199.000
2008-12-26,2.78,2.84,2.66,2.67,2216251,6386198.000
2008-12-29,2.63,2.80,2.53,2.77,4222286,11979913.000
2008-12-30,2.83,2.83,2.71,2.74,4463199,13069024.000
2008-12-31,2.74,2.77,2.61,2.61,1838019,5167304.000
2009-01-05,2.63,2.75,2.63,2.70,1945528,5533817.000
2009-01-06,2.68,2.79,2.67,2.76,2259320,6537707.000
2009-01-07,2.76,2.83,2.74,2.78,3485814,10254782.000
2009-01-08,2.73,2.75,2.64,2.69,2258717,6430580.000
2009-01-09,2.67,2.77,2.67,2.77,1653666,4785525.000
2009-01-12,2.77,2.84,2.74,2.81,2335197,6907635.000
2009-01-13,2.81,2.81,2.71,2.71,1879567,5462170.000
2009-01-14,2.73,2.81,2.72,2.80,2148775,6291034.000
2009-01-15,2.78,3.00,2.76,2.97,7140262,21684430.000
2009-01-16,2.99,2.99,2.87,2.92,7508854,23135756.000
2009-01-19,2.92,2.93,2.85,2.90,2401235,7303314.000
2009-01-20,2.90,2.95,2.85,2.92,1633442,4969166.000
2009-01-21,2.90,3.03,2.89,2.96,5743743,17989564.000
2009-01-22,2.96,3.12,2.85,3.06,5617130,17678320.000
2009-01-23,3.00,3.04,2.91,2.92,3589435,11241946.000
2009-02-02,2.96,3.03,2.92,3.00,2788200,8703959.000
2009-02-03,3.07,3.32,3.07,3.32,12773953,43962428.000
2009-02-04,3.39,3.55,3.36,3.44,25927358,93478760.000
2009-02-05,3.43,3.43,3.23,3.28,12047650,41945272.000
2009-02-06,3.24,3.42,3.24,3.38,8750977,30499794.000
2009-02-09,3.39,3.42,3.29,3.41,11140906,39246776.000
2009-02-10,3.39,3.56,3.32,3.55,11891031,42835668.000
2009-02-11,3.45,3.58,3.38,3.45,10995881,39898776.000
2009-02-12,3.45,3.52,3.31,3.50,7608303,27134260.000
2009-02-13,3.55,3.64,3.48,3.62,12545719,46886508.000
2009-02-16,3.62,3.80,3.60,3.75,11049813,42194956.000
2009-02-17,3.71,3.72,3.49,3.50,7836853,29508588.000
2009-02-18,3.40,3.53,3.28,3.30,4886928,17319266.000
2009-02-19,3.31,3.40,3.30,3.39,4178179,14634376.000
2009-02-20,3.39,3.65,3.35,3.60,8149622,30050746.000
2009-02-23,3.59,3.80,3.50,3.71,10925982,42153424.000
2009-02-24,3.64,3.86,3.61,3.78,15478504,60181792.000
2009-02-25,3.84,3.93,3.69,3.90,17126512,67997120.000
2009-02-26,3.81,4.19,3.77,3.88,24406348,100459136.000
2009-02-27,3.85,3.85,3.48,3.48,14898860,54987600.000
2009-03-02,3.20,3.52,3.13,3.42,7324980,25938220.000
2009-03-03,3.26,3.55,3.25,3.45,6518891,23610012.000
2009-03-04,3.48,3.65,3.42,3.63,9490212,35337524.000
2009-03-05,3.63,3.75,3.56,3.70,9860032,37710464.000
2009-03-06,3.62,3.75,3.59,3.63,5604889,21392274.000
2009-03-09,3.59,3.97,3.50,3.95,19573872,76602192.000
2009-03-10,3.85,3.92,3.65,3.84,13123596,51926848.000
2009-03-11,3.92,4.00,3.71,3.75,10221688,41231764.000
2009-03-12,3.75,4.13,3.65,4.02,16766105,68415648.000
2009-03-13,4.00,4.25,3.96,3.97,21464811,91349040.000
2009-03-16,3.86,4.00,3.76,3.98,8845641,35547864.000
2009-03-17,3.91,4.10,3.86,4.06,9793953,40561992.000
2009-03-18,4.07,4.20,4.03,4.08,10004188,42671684.000
2009-03-19,4.15,4.21,4.05,4.17,9678129,41503108.000
2009-03-20,4.15,4.19,4.00,4.03,8713156,36604196.000
2009-03-23,4.03,4.06,3.94,4.01,7704115,32053436.000
2009-03-24,4.03,4.07,3.96,4.03,6522883,27216976.000
2009-03-25,4.00,4.02,3.86,3.87,7018906,28603296.000
2009-03-26,3.88,3.98,3.85,3.97,5539075,22665000.000
2009-03-27,4.00,4.04,3.92,4.00,5616433,23264644.000
2009-03-30,3.98,4.19,3.96,4.12,8868712,37659064.000
2009-03-31,4.02,4.12,3.94,4.11,5577672,23291740.000
2009-04-01,4.11,4.15,4.04,4.10,7254707,30738826.000
2009-04-02,4.09,4.11,4.02,4.04,5956615,25085748.000
2009-04-03,4.05,4.08,3.91,3.96,4932656,20409008.000
2009-04-07,3.96,4.07,3.95,4.06,3553447,14760608.000
2009-04-08,4.03,4.13,3.97,4.07,6847742,28824870.000
2009-04-09,4.02,4.43,4.00,4.29,13457671,58458288.000
2009-04-10,4.25,4.35,4.15,4.31,11587081,51113512.000
2009-04-13,4.33,4.35,4.21,4.23,7928662,34876144.000
2009-04-14,4.23,4.29,4.15,4.28,7071998,30801912.000
2009-04-15,4.24,4.28,4.13,4.24,6460957,28156446.000
2009-04-16,4.24,4.36,4.10,4.29,10403618,45858432.000
2009-04-17,4.24,4.26,4.10,4.11,6859585,29556012.000
2009-04-20,4.04,4.22,4.04,4.21,5989946,25800488.000
2009-04-21,4.15,4.28,4.14,4.27,6902970,30190256.000
2009-04-22,4.29,4.43,4.07,4.15,11753985,52349348.000
2009-04-23,4.10,4.13,3.85,4.02,6053582,25146542.000
2009-04-24,4.02,4.07,3.99,4.00,3273613,13646092.000
2009-04-27,4.00,4.22,4.00,4.14,13923505,59814268.000
2009-04-28,4.18,4.19,4.03,4.16,6690719,28656556.000
2009-04-29,4.19,4.33,4.08,4.27,11128831,48824880.000
2009-04-30,4.27,4.45,4.20,4.35,13211674,59188576.000
2009-05-04,4.36,4.75,4.31,4.73,21076402,98786144.000
2009-05-05,4.92,5.02,4.61,4.65,31467020,157118416.000
2009-05-06,4.56,4.65,4.48,4.62,12367050,58496144.000
2009-05-07,4.63,4.63,4.36,4.49,10792671,50022568.000
2009-05-08,4.43,4.57,4.39,4.51,6425672,29918916.000
2009-05-11,4.56,4.60,4.32,4.33,5961878,27533992.000
2009-05-12,4.31,4.45,4.27,4.45,4003090,18113388.000
2009-05-13,4.45,4.51,4.38,4.50,4427015,20378082.000
2009-05-14,4.47,4.57,4.44,4.54,5538222,25837832.000
2009-05-15,4.56,4.80,4.56,4.70,12108243,58581472.000
2009-05-18,4.69,4.71,4.55,4.66,5956093,28484188.000
2009-05-19,4.70,4.73,4.61,4.68,5930602,28478216.000
2009-05-20,4.71,4.77,4.61,4.62,6377646,30973444.000
2009-05-21,4.59,4.62,4.38,4.44,6455504,29840168.000
2009-05-22,4.39,4.49,4.35,4.40,3342995,15261660.000
2009-05-25,4.26,4.44,4.15,4.39,6315853,28018128.000
2009-05-27,4.38,4.74,4.38,4.61,12269672,58195404.000
2009-06-01,4.66,5.08,4.65,4.95,26959758,135746720.000
2009-06-02,4.88,4.93,4.77,4.83,12104360,60303344.000
2009-06-03,4.84,4.93,4.78,4.81,7224294,36022660.000
2009-06-04,4.83,4.91,4.65,4.77,7491124,36718736.000
2009-06-05,4.75,4.78,4.68,4.77,5508315,26866884.000
2009-06-08,4.76,4.98,4.73,4.94,11941024,60214452.000
2009-06-09,4.95,4.95,4.79,4.86,6590200,33009994.000
2009-06-10,4.86,4.90,4.77,4.90,6544130,32718590.000
2009-06-11,4.91,4.97,4.80,4.82,6242290,31521170.000
2009-06-12,4.81,4.85,4.63,4.75,6567995,32111656.000
2009-06-15,4.74,4.99,4.69,4.94,8548918,42904368.000
2009-06-16,4.87,4.91,4.77,4.80,4794148,23865016.000
2009-06-17,4.77,4.89,4.77,4.87,4695282,23490960.000
2009-06-18,4.89,4.97,4.84,4.95,8256642,41851456.000
2009-06-19,4.95,5.10,4.90,5.03,11823833,61250528.000
2009-06-22,5.05,5.07,4.90,5.02,6983628,35694700.000
2009-06-23,4.93,5.02,4.83,4.88,4737951,23948404.000
2009-06-24,4.88,4.94,4.84,4.89,3854435,19393160.000
2009-06-25,4.93,4.93,4.78,4.79,4782979,23777184.000
2009-06-26,4.79,4.86,4.79,4.86,2624480,13071649.000
2009-06-29,4.85,4.87,4.80,4.85,3391347,16915506.000
2009-06-30,4.85,4.88,4.72,4.75,3778769,18591448.000
2009-07-01,4.73,4.87,4.73,4.81,2940156,14583215.000
2009-07-02,4.83,4.87,4.76,4.87,4324155,21490924.000
2009-07-03,4.85,5.00,4.81,4.96,7630863,38685344.000
2009-07-06,4.98,5.00,4.86,4.93,4836833,24521676.000
2009-07-07,4.93,5.13,4.87,5.08,11511630,59557720.000
2009-07-08,5.02,5.06,4.90,5.00,5667626,29030144.000
2009-07-09,4.98,5.08,4.94,5.07,6671829,34429704.000
2009-07-10,5.05,5.19,5.04,5.06,8076455,42523868.000
2009-07-13,5.02,5.20,5.00,5.14,9378752,49333244.000
2009-07-14,5.10,5.26,5.09,5.16,8098248,43204060.000
2009-07-15,5.17,5.28,5.14,5.18,7819413,41878744.000
2009-07-16,5.18,5.28,5.15,5.17,6952089,37185840.000
2009-07-17,5.15,5.41,5.15,5.31,11503862,62558704.000
2009-07-20,5.28,5.40,5.26,5.33,8687189,47381312.000
2009-07-21,5.32,5.34,5.04,5.19,8388025,44662660.000
2009-07-22,5.08,5.21,5.08,5.19,4956540,26326920.000
2009-07-23,5.19,5.26,5.13,5.22,4296766,22954890.000
2009-07-24,5.22,5.37,5.08,5.22,9484216,51433016.000
2009-07-27,5.23,5.52,5.21,5.47,13671994,75433408.000
2009-07-28,5.47,5.58,5.40,5.56,20642695,116501104.000
2009-07-29,5.47,5.55,4.99,5.10,10100779,54875320.000
2009-07-30,5.12,5.19,4.90,5.11,5384497,27961174.000
2009-07-31,5.11,5.25,5.07,5.23,5692983,30326384.000
2009-08-03,5.20,5.33,5.19,5.32,4956933,26907652.000
2009-08-04,5.33,5.40,5.19,5.38,6722453,36741940.000
2009-08-05,5.40,5.42,5.26,5.39,5879430,32366300.000
2009-08-06,5.36,5.70,5.25,5.59,13876886,77753112.000
2009-08-07,5.58,5.78,5.46,5.65,18322229,106204664.000
2009-08-10,5.68,5.90,5.52,5.86,23178117,136849760.000
2009-08-11,5.80,6.02,5.62,5.85,17423280,104110760.000
2009-08-12,5.86,6.14,5.77,5.98,28479204,175115520.000
2009-08-13,6.03,6.04,5.55,5.90,17129994,101841120.000
2009-08-14,5.87,6.16,5.73,5.89,19733947,120517496.000
2009-08-17,5.89,6.05,5.71,5.87,21835594,131989376.000
2009-08-18,5.93,6.20,5.27,5.31,30107363,175865712.000
2009-08-19,5.05,5.15,4.76,4.76,17680463,89564960.000
2009-08-20,4.64,4.88,4.43,4.84,15379535,73707480.000
2009-08-21,4.68,4.86,4.58,4.83,12584815,61576056.000
2009-08-24,4.85,4.92,4.66,4.91,9993593,49525892.000
2009-08-25,4.85,4.85,4.45,4.67,8886516,42735508.000
2009-08-26,4.66,4.87,4.56,4.85,8962842,44283892.000
2009-08-27,4.85,5.09,4.84,4.92,11320622,58038992.000
2009-08-28,4.95,5.12,4.87,5.06,12471798,64673388.000
2009-08-31,5.00,5.00,4.55,4.57,7484237,36563856.000
2009-09-01,4.48,4.64,4.37,4.59,5146882,24110932.000
2009-09-02,4.52,4.61,4.38,4.54,4503596,20990022.000
2009-09-03,4.53,4.79,4.48,4.78,5870921,28228826.000
2009-09-04,4.75,4.87,4.64,4.83,7273839,35652872.000
2009-09-07,4.83,4.95,4.77,4.85,7288136,36562220.000
2009-09-08,4.83,4.95,4.71,4.93,6911745,34546312.000
2009-09-09,4.88,4.96,4.79,4.87,5533932,27757364.000
2009-09-10,4.85,4.99,4.83,4.93,6389294,32355180.000
2009-09-11,4.93,5.04,4.85,5.03,8311707,42460272.000
2009-09-14,5.03,5.12,4.95,5.09,8841336,46049184.000
2009-09-15,5.09,5.33,5.06,5.21,11263992,60361868.000
2009-09-16,5.21,5.26,5.06,5.18,6377558,33829236.000
2009-09-17,5.20,5.35,5.14,5.35,7595097,41061744.000
2009-09-18,5.34,5.40,5.00,5.06,7598176,40909140.000
2009-09-21,5.01,5.11,4.83,5.10,5596602,28635692.000
2009-09-22,5.07,5.11,4.86,4.91,5031089,25975902.000
2009-09-23,4.89,4.95,4.74,4.78,4418685,22069152.000
2009-09-24,4.73,4.84,4.63,4.78,3308206,16164563.000
2009-09-25,4.78,4.86,4.70,4.79,2426386,11962200.000
2009-09-28,4.85,4.85,4.60,4.63,2384901,11595601.000
2009-09-29,4.61,4.71,4.43,4.49,2786478,13104596.000
2009-09-30,4.59,4.63,4.51,4.53,1624936,7665842.000
2009-10-09,4.65,4.78,4.58,4.76,3822431,18530228.000
2009-10-12,4.75,5.05,4.72,4.92,6840472,34357308.000
2009-10-13,4.90,5.22,4.85,5.21,11096545,57905392.000
2009-10-14,5.19,5.40,5.07,5.24,12462784,66961016.000
2009-10-15,5.24,5.39,5.07,5.15,14157763,75468464.000
2009-10-16,5.13,5.25,4.99,5.12,9711148,51024680.000
2009-10-19,5.12,5.28,5.09,5.20,9295956,49450188.000
2009-10-20,5.20,5.29,5.13,5.24,8504979,45474208.000
2009-10-21,5.21,5.32,5.17,5.20,7420235,40010712.000
2009-10-22,5.20,5.44,5.16,5.42,12695431,69682224.000
2009-10-23,5.43,5.68,5.38,5.63,15645700,89302048.000
2009-10-26,5.62,5.69,5.50,5.60,8423396,48295640.000
2009-10-27,5.55,5.55,5.24,5.26,7427340,41293368.000
2009-10-28,5.30,5.44,5.25,5.42,4941418,27175740.000
2009-10-29,5.33,5.33,5.16,5.17,4436902,23910118.000
2009-10-30,5.20,5.35,5.20,5.25,4269090,23115878.000
2009-11-02,5.35,5.77,5.35,5.68,13397788,77231784.000
2009-11-03,5.68,5.88,5.56,5.76,10693355,63035344.000
2009-11-04,5.69,5.81,5.64,5.80,7457501,43958008.000
2009-11-05,5.85,5.93,5.68,5.80,6246755,36984096.000
2009-11-06,5.83,5.89,5.71,5.88,8099456,48321292.000
2009-11-09,5.91,5.95,5.84,5.93,5704325,34492580.000
2009-11-10,5.94,6.04,5.87,5.95,7165990,43715952.000
2009-11-11,5.94,6.05,5.87,5.97,4892203,29976508.000
2009-11-12,5.95,6.00,5.91,5.97,5055064,30795936.000
2009-11-13,5.93,6.05,5.92,6.01,5535554,33942704.000
2009-11-16,6.01,6.15,6.00,6.14,6837836,42796192.000
2009-11-17,6.17,6.24,6.08,6.22,6754734,42770680.000
2009-11-18,6.18,6.26,6.10,6.15,6572382,41525928.000
2009-11-19,6.16,6.28,6.10,6.27,6303763,39996048.000
2009-11-20,6.23,6.47,6.21,6.31,8375667,54495204.000
2009-11-23,6.28,6.49,6.27,6.45,6278696,41235292.000
2009-11-24,6.45,6.59,5.92,5.95,9215018,58942452.000
2009-11-25,5.93,6.19,5.88,6.17,6689115,41249040.000
2009-11-26,6.19,6.24,5.87,5.89,8455684,52101000.000
2009-11-27,5.84,5.97,5.67,5.93,5399433,32505448.000
2009-11-30,5.94,6.22,5.94,6.20,5710284,35674692.000
2009-12-01,6.23,6.41,6.13,6.35,7060252,45346912.000
2009-12-02,6.40,7.00,6.30,6.70,14945485,101664728.000
2009-12-03,6.58,6.70,6.46,6.61,7373474,49534596.000
2009-12-04,6.63,6.80,6.25,6.42,8122572,54498552.000
2009-12-07,6.41,6.57,6.35,6.55,4695537,31156836.000
2009-12-08,6.54,6.80,6.51,6.64,6573030,44849040.000
2009-12-09,6.55,6.61,6.36,6.40,3919006,25996102.000
2009-12-10,6.43,6.55,6.38,6.53,2808559,18520388.000
2009-12-11,6.55,6.60,6.43,6.46,2764618,18365296.000
2009-12-14,6.46,6.48,6.22,6.48,3023156,19691460.000
2009-12-15,6.47,6.60,6.45,6.52,3825952,25646532.000
2009-12-16,6.50,6.58,6.45,6.51,2957194,19763036.000
2009-12-17,6.47,6.53,6.03,6.05,5336646,34086464.000
2009-12-18,5.98,6.12,5.85,5.89,4079263,24956226.000
2009-12-21,5.89,6.04,5.88,6.03,2381036,14518887.000
2009-12-22,6.03,6.05,5.76,5.76,2430042,14662285.000
2009-12-23,5.76,5.92,5.76,5.88,2127265,12762244.000
2009-12-24,5.89,6.08,5.88,6.04,2331494,14360854.000
2009-12-25,6.05,6.09,5.99,6.05,2253039,13951180.000
2009-12-28,6.05,6.17,6.05,6.15,1982335,12443643.000
2009-12-29,6.17,6.22,6.09,6.20,2312137,14575509.000
2009-12-30,6.16,6.23,6.07,6.14,2219283,13930183.000
2009-12-31,6.11,6.29,6.09,6.26,3056775,19309284.000
2010-01-04,6.40,6.71,6.40,6.43,12653868,84809648.000
2010-01-05,6.45,6.51,6.30,6.49,4688845,30771612.000
2010-01-06,6.50,6.52,6.41,6.41,3903800,25873452.000
2010-01-07,6.47,6.65,6.36,6.55,7693583,51499028.000
2010-01-08,6.61,6.78,6.55,6.71,8296437,56708240.000
2010-01-11,6.75,6.75,6.45,6.54,5740464,38567860.000
2010-01-12,6.53,6.61,6.37,6.60,4692648,31308828.000
2010-01-13,6.38,6.55,6.38,6.43,4073769,26950828.000
2010-01-14,6.43,6.58,6.43,6.56,3623349,24227334.000
2010-01-15,6.59,6.68,6.56,6.65,4820888,32599936.000
2010-01-18,6.65,6.87,6.62,6.85,7420364,51402400.000
2010-01-19,6.85,6.98,6.73,6.85,7062502,49343708.000
2010-01-20,6.91,7.25,6.85,6.94,14391083,103292656.000
2010-01-21,6.94,6.94,6.56,6.71,7309123,50470876.000
2010-01-22,6.64,6.80,6.31,6.74,6823013,45629924.000
2010-01-25,6.67,6.75,6.55,6.56,2281112,15461273.000
2010-01-26,6.53,6.64,6.26,6.30,3109202,20333404.000
2010-01-27,6.30,6.78,6.16,6.68,8023610,54040176.000
2010-01-28,6.68,6.98,6.57,6.96,13466708,94146632.000
2010-01-29,6.88,7.10,6.82,6.98,12496895,88666656.000
2010-02-01,6.98,7.02,6.71,6.86,5547060,38684280.000
2010-02-02,6.90,7.19,6.90,7.11,11741701,84824800.000
2010-02-03,7.08,7.15,6.76,7.06,8283849,59238416.000
2010-02-04,7.00,7.14,6.83,7.03,6816365,48569736.000
2010-02-05,6.88,6.97,6.55,6.58,6949351,47828232.000
2010-02-08,6.55,6.67,6.46,6.63,2554620,17253934.000
2010-02-09,6.62,6.70,6.55,6.65,2052232,13914740.000
2010-02-10,6.60,6.70,6.56,6.64,2021810,13687965.000
2010-02-11,6.67,6.69,6.56,6.57,2256156,15310553.000
2010-02-12,6.64,6.94,6.56,6.92,4340177,30038700.000
2010-02-22,7.00,7.63,6.87,7.63,20289084,152045680.000
2010-02-23,7.75,8.41,7.75,8.41,33465235,275745184.000
2010-02-24,8.45,8.61,7.91,8.16,30651868,258173376.000
2010-02-25,8.18,8.44,7.97,8.22,20308682,169838512.000
2010-02-26,8.15,9.05,8.02,8.62,29027653,253416608.000
2010-03-01,8.42,8.95,8.27,8.59,23953271,209894976.000
2010-03-02,8.50,8.62,8.20,8.30,14323948,121577512.000
2010-03-03,8.31,8.52,8.20,8.45,12052711,102775856.000
2010-03-04,8.36,8.55,8.07,8.12,11732849,99660928.000
2010-03-05,8.07,8.15,7.72,7.83,9426300,76135368.000
2010-03-08,7.90,8.15,7.90,8.03,6215435,50896300.000
2010-03-09,8.04,8.09,7.82,8.02,4608177,37434620.000
2010-03-10,7.95,8.13,7.94,8.11,5301162,43394352.000
2010-03-11,8.10,8.13,7.75,7.88,5002007,40263848.000
2010-03-12,7.85,7.94,7.55,7.56,4870894,38398284.000
2010-03-15,7.55,7.64,7.43,7.60,4123586,31636492.000
2010-03-16,7.62,7.72,7.47,7.71,3896824,30187068.000
2010-03-17,7.71,7.91,7.65,7.90,5533815,44089484.000
2010-03-18,7.90,7.92,7.77,7.85,4307409,34364648.000
2010-03-19,7.84,7.90,7.73,7.86,3945884,31405066.000
2010-03-22,7.90,7.90,7.71,7.75,4331386,34315512.000
2010-03-23,7.76,7.77,7.56,7.64,4627218,36184344.000
2010-03-24,7.65,7.70,7.57,7.61,3314805,25766874.000
2010-03-25,7.55,7.62,7.45,7.46,4942540,37885632.000
2010-03-26,7.44,7.60,7.39,7.56,3025001,23171608.000
2010-03-29,7.58,7.71,7.48,7.68,4123501,31959042.000
2010-03-30,7.65,7.71,7.58,7.66,3285331,25656062.000
2010-03-31,7.64,7.68,7.53,7.58,3350593,25946904.000
2010-04-01,7.58,7.70,7.55,7.69,5143584,39992544.000
2010-04-02,7.67,7.94,7.66,7.92,9477656,75733360.000
2010-04-06,7.91,7.99,7.81,7.90,5229465,42054412.000
2010-04-07,7.90,7.95,7.77,7.85,3690605,29566704.000
2010-04-08,7.85,7.94,7.75,7.93,6198335,49580380.000
2010-04-09,7.94,7.98,7.84,7.97,6497918,52396848.000
2010-04-12,8.00,8.02,7.76,7.88,5190185,41620704.000
2010-04-13,7.85,7.92,7.38,7.59,5922510,46636284.000
2010-04-14,7.55,7.90,7.55,7.85,4289926,33717408.000
2010-04-15,7.99,8.09,7.72,8.04,10376255,84127584.000
2010-04-16,8.01,8.01,7.85,7.87,4832501,39040588.000
2010-04-19,7.73,7.73,7.38,7.42,4856721,37499912.000
2010-04-20,7.40,7.50,7.08,7.25,3963972,29182744.000
2010-04-21,7.21,7.58,7.21,7.52,4442130,33330392.000
2010-04-22,7.49,7.69,7.36,7.66,4915523,37819512.000
2010-04-23,7.82,8.06,7.71,7.73,9486145,76348832.000
2010-04-26,7.62,7.64,7.33,7.50,4375047,33344652.000
2010-04-27,7.45,7.48,7.13,7.31,3608425,26652368.000
2010-04-28,7.20,7.34,7.15,7.29,2410129,17898498.000
2010-04-29,7.24,7.35,6.87,6.90,2602859,18970598.000
2010-04-30,6.86,6.94,6.34,6.52,3119959,20813294.000
2010-05-04,6.35,6.51,6.15,6.44,1452119,9542282.000
2010-05-05,6.46,6.71,6.40,6.67,2818146,18877390.000
2010-05-06,6.67,6.68,6.33,6.34,2240978,14985612.000
2010-05-07,6.25,6.49,6.15,6.43,1785575,11587697.000
2010-05-10,6.49,6.49,6.16,6.32,1613660,10481156.000
2010-05-11,6.47,6.50,6.11,6.14,1793049,11551277.000
2010-05-12,6.10,6.34,6.00,6.19,2504994,15854691.000
2010-05-13,6.17,6.32,6.08,6.30,2568147,16383438.000
2010-05-14,6.27,6.34,6.23,6.28,1506382,9690692.000
2010-05-17,6.18,6.24,5.64,5.64,2829381,17023924.000
2010-05-18,5.61,5.74,5.25,5.56,2643045,14977617.000
2010-05-19,5.49,5.64,5.44,5.62,2515506,14296546.000
2010-05-20,5.90,6.20,5.90,6.20,16454996,103051104.000
2010-05-21,5.87,6.25,5.66,6.22,11180447,68829952.000
2010-05-24,6.10,6.65,6.09,6.51,11948888,77943760.000
2010-05-25,6.39,6.39,6.20,6.26,7326757,47157216.000
2010-05-27,6.25,6.38,6.07,6.31,5349720,34125824.000
2010-05-28,6.31,6.41,6.15,6.19,4719453,30366904.000
2010-05-31,6.21,6.23,5.75,5.82,3374524,20894256.000
2010-06-01,5.77,5.85,5.48,5.76,3998991,23305070.000
2010-06-02,5.67,5.89,5.57,5.88,2794842,16426354.000
2010-06-03,5.89,5.93,5.73,5.74,2848092,17080766.000
2010-06-04,5.74,5.83,5.62,5.82,2242796,13215507.000
2010-06-07,5.60,5.74,5.60,5.69,2262751,13173543.000
2010-06-08,5.66,5.87,5.63,5.85,3041656,17972342.000
2010-06-09,6.10,6.14,5.88,5.98,4875567,29932078.000
2010-06-10,5.94,6.09,5.87,5.98,4109319,25267286.000
2010-06-11,6.03,6.05,5.94,5.96,2684901,16469219.000
2010-06-17,5.99,6.05,5.91,5.91,1860100,11414310.000
2010-06-18,5.95,6.00,5.63,5.64,2774553,16592565.000
2010-06-24,5.41,5.63,5.40,5.58,7170109,40516004.000
2010-06-25,5.46,5.53,5.43,5.46,3690518,20751848.000
2010-06-28,5.44,5.48,5.15,5.16,3352324,18182280.000
2010-06-29,5.18,5.23,4.81,4.82,3572164,18467680.000
2010-06-30,4.85,5.20,4.84,4.98,4871660,24963088.000
2010-07-01,4.90,4.95,4.75,4.76,3089172,15495240.000
2010-07-02,4.75,4.75,4.43,4.66,3286072,15572582.000
2010-07-05,4.59,4.67,4.45,4.61,1437162,6792243.000
2010-07-06,4.62,4.83,4.56,4.82,2741390,13382890.000
2010-07-07,4.79,5.14,4.74,5.11,5699356,29058292.000
2010-07-08,5.11,5.15,4.93,4.97,5279771,27286240.000
2010-07-09,5.01,5.09,4.93,5.05,3439041,17816958.000
2010-07-12,5.06,5.15,5.02,5.11,3298592,17323206.000
2010-07-13,5.11,5.11,4.94,5.00,2714512,13999335.000
2010-07-14,4.97,5.09,4.97,5.03,2071259,10695559.000
2010-07-15,5.04,5.06,4.90,4.91,2169279,11105963.000
2010-07-16,4.89,4.95,4.78,4.88,1616756,8048577.000
2010-07-19,4.85,5.00,4.77,5.00,1763154,8949499.000
2010-07-20,4.98,5.35,4.98,5.25,7349666,38994368.000
2010-07-21,5.22,5.38,5.20,5.37,5738989,31247892.000
2010-07-22,5.31,5.67,5.28,5.64,7427429,41858088.000
2010-07-23,5.55,6.19,5.47,6.17,13467029,80119568.000
2010-07-26,6.01,6.47,5.90,6.07,19654168,122302320.000
2010-07-27,6.01,6.20,5.88,5.93,7754387,47160228.000
2010-07-28,5.88,6.01,5.79,5.97,7475870,45133120.000
2010-07-29,5.97,6.02,5.92,6.01,6799074,41563828.000
2010-07-30,5.99,5.99,5.81,5.90,4638310,27899294.000
2010-08-02,5.87,5.99,5.87,5.98,4845794,29434754.000
2010-08-03,5.99,6.07,5.88,5.88,6596058,40318504.000
2010-08-04,5.84,5.92,5.72,5.88,4337604,25814456.000
2010-08-05,5.87,5.96,5.84,5.90,3451502,20813488.000
2010-08-06,5.91,6.35,5.87,6.26,9993244,62290892.000
2010-08-09,6.22,6.25,6.09,6.21,6602962,41567208.000
2010-08-10,6.15,6.17,5.87,5.87,5986991,36771924.000
2010-08-11,5.79,5.94,5.77,5.91,3009354,18038952.000
2010-08-12,5.86,5.94,5.78,5.83,2236936,13392057.000
2010-08-13,5.87,5.98,5.80,5.96,2567623,15502818.000
2010-08-16,5.92,6.09,5.91,6.09,3674031,22632784.000
2010-08-17,6.09,6.15,6.02,6.11,3996404,24887424.000
2010-08-18,6.11,6.15,5.99,6.05,3383285,20915448.000
2010-08-19,6.05,6.20,6.00,6.15,5427552,33934660.000
2010-08-20,6.09,6.13,5.90,5.91,3720499,22780668.000
2010-08-23,5.92,6.03,5.92,5.96,2268889,13866540.000
2010-08-24,5.96,6.06,5.90,6.04,3266978,20003818.000
2010-08-25,5.98,6.12,5.94,5.94,2830144,17410336.000
2010-08-26,5.94,5.99,5.89,5.97,1995840,12125782.000
2010-08-27,5.91,5.98,5.88,5.95,1997028,12104364.000
2010-08-30,5.99,6.12,5.96,6.12,4581461,28405820.000
2010-08-31,6.10,6.25,6.08,6.22,7037443,44313004.000
2010-09-01,6.24,6.26,5.93,6.11,5153114,32089960.000
2010-09-02,6.15,6.22,6.07,6.18,5416694,34071348.000
2010-09-03,6.19,6.37,6.12,6.35,8156435,52432480.000
2010-09-06,6.37,6.52,6.27,6.44,9077409,59498228.000
2010-09-07,6.41,6.52,6.32,6.44,5020889,32864964.000
2010-09-08,6.45,6.49,6.36,6.43,4113212,26885582.000
2010-09-09,6.39,6.50,6.15,6.18,6062683,39330208.000
2010-09-10,6.23,6.25,6.02,6.21,3623131,22724300.000
2010-09-13,6.27,6.72,6.20,6.66,9455846,62411008.000
2010-09-14,6.63,7.04,6.44,6.52,10048507,67721456.000
2010-09-15,6.50,6.67,6.36,6.49,5817739,38371776.000
2010-09-16,6.47,6.47,6.07,6.21,5191838,33026438.000
2010-09-17,6.26,6.31,6.17,6.20,2531430,16117033.000
2010-09-20,6.20,6.22,6.02,6.15,2892683,18133660.000
2010-09-21,6.13,6.20,6.04,6.09,1682338,10502465.000
2010-09-27,6.10,6.23,6.08,6.22,1874647,11817884.000
2010-09-28,6.19,6.22,6.06,6.06,2313206,14499118.000
2010-09-29,6.05,6.18,6.02,6.06,2281447,14181657.000
2010-09-30,6.09,6.16,6.02,6.14,1353347,8463968.000
2010-10-08,6.19,6.30,6.15,6.26,2751305,17552626.000
2010-10-11,6.30,6.39,6.23,6.34,4490581,28964936.000
2010-10-12,6.32,6.45,6.31,6.40,3989527,25970124.000
2010-10-13,6.42,6.45,6.31,6.38,4702574,30499408.000
2010-10-14,6.38,6.43,6.04,6.06,4667052,29528560.000
2010-10-15,6.02,6.13,5.94,6.01,3444580,21229228.000
2010-10-18,6.03,6.03,5.75,6.01,3862732,23306962.000
2010-10-19,5.99,6.17,5.95,6.17,3134669,19435748.000
2010-10-20,6.10,6.17,5.99,6.06,3324140,20582356.000
2010-10-21,6.06,6.17,5.97,6.16,4589818,28445000.000
2010-10-22,6.13,6.65,6.12,6.63,13772725,89893728.000
2010-10-25,6.63,7.10,6.49,6.96,14842022,101438224.000
2010-10-26,6.88,7.04,6.77,6.97,14175988,99315240.000
2010-10-27,6.91,6.97,6.75,6.90,14164667,98697528.000
2010-10-28,6.82,6.87,6.56,6.75,10447812,71716536.000
2010-10-29,6.77,6.94,6.67,6.68,6342818,43399404.000
2010-11-01,6.75,6.75,6.60,6.68,6094597,41353452.000
2010-11-02,6.68,6.77,6.63,6.74,6240084,42585224.000
2010-11-03,6.74,6.75,6.53,6.53,4961001,33388904.000
2010-11-04,6.54,6.62,6.53,6.59,3782164,25333088.000
2010-11-05,6.61,6.70,6.57,6.66,4484964,30359440.000
2010-11-08,6.67,6.81,6.67,6.81,7419836,51019740.000
2010-11-09,6.86,6.89,6.77,6.81,6533587,45452392.000
2010-11-10,6.83,6.84,6.63,6.76,6021306,41223776.000
2010-11-11,6.76,6.86,6.63,6.65,7751787,53627828.000
2010-11-12,6.55,6.66,6.06,6.10,5906280,38551124.000
2010-11-15,6.19,6.25,6.08,6.21,2577925,16208189.000
2010-11-16,6.21,6.47,6.13,6.35,7968465,51266392.000
2010-11-17,6.26,6.50,6.15,6.34,6934462,45238896.000
2010-11-18,6.34,6.96,6.29,6.93,11408476,77210368.000
2010-11-19,6.88,7.14,6.73,7.04,20186300,143018496.000
2010-11-22,6.94,7.35,6.78,7.21,20147015,145582864.000
2010-11-23,7.15,7.62,6.87,7.36,21182667,157120496.000
2010-11-24,7.24,7.51,7.12,7.24,15502607,114126888.000
2010-11-25,7.25,7.30,6.98,7.09,11169113,80602448.000
2010-11-26,7.06,7.37,6.97,7.28,12011611,87665520.000
2010-11-29,7.17,7.35,7.02,7.10,8291280,60313516.000
2010-11-30,7.07,7.13,6.43,6.59,8854697,60484156.000
2010-12-01,6.57,6.68,6.43,6.61,4456932,29955592.000
2010-12-02,6.70,6.75,6.59,6.61,3824397,25944614.000
2010-12-03,6.61,7.28,6.52,7.28,14119990,101291808.000
2010-12-06,7.32,7.84,7.12,7.72,29559149,227214816.000
2010-12-07,7.47,7.84,7.40,7.73,23127448,180429168.000
2010-12-08,7.65,8.02,7.27,7.41,22488800,176903792.000
2010-12-09,7.28,7.71,7.19,7.67,16276108,123378048.000
2010-12-10,7.53,7.75,7.40,7.49,11663540,89810712.000
2010-12-13,7.44,7.79,7.44,7.64,10593132,82223248.000
2010-12-14,7.65,8.23,7.57,7.96,20514943,165184032.000
2010-12-15,7.94,8.01,7.77,7.98,10200519,81470632.000
2010-12-16,7.95,8.00,7.65,7.70,7098074,56380236.000
2010-12-17,7.62,7.67,7.48,7.64,5058991,38995144.000
2010-12-20,7.65,7.82,7.15,7.38,7042398,53530908.000
2010-12-21,7.35,7.60,7.30,7.55,4764055,36073844.000
2010-12-22,7.55,7.65,7.42,7.62,4914146,37643616.000
2010-12-23,7.58,7.66,7.28,7.34,3570674,27191084.000
2010-12-24,7.35,7.35,6.97,7.08,3805818,27602152.000
2010-12-27,7.16,7.62,7.09,7.32,9080771,68093000.000
2010-12-28,7.34,7.34,6.89,7.18,4490154,32745214.000
2010-12-29,7.17,7.27,6.94,7.20,4060874,29350400.000
2010-12-30,7.22,7.45,7.19,7.32,5634732,42141392.000
2010-12-31,7.33,7.39,7.15,7.35,4795833,35526044.000
2011-01-04,7.38,8.10,7.22,8.10,21377580,171556416.000
2011-01-05,8.01,8.33,7.95,8.19,27282530,226258096.000
2011-01-06,8.12,8.62,7.97,8.56,31821111,270338368.000
2011-01-07,8.42,8.62,8.32,8.54,27266505,235155344.000
2011-01-10,8.53,8.74,8.40,8.61,30408394,264385712.000
2011-01-11,8.41,8.67,8.27,8.49,20677323,178444224.000
2011-01-12,8.49,8.97,8.42,8.88,27142492,241361008.000
2011-01-13,8.52,8.71,8.26,8.63,27582756,238382768.000
2011-01-14,8.49,8.85,8.34,8.76,26818387,235414208.000
2011-01-17,8.75,8.75,8.00,8.16,19512603,165496416.000
2011-01-18,8.02,8.08,7.64,7.76,14632241,116229048.000
2011-01-19,7.70,8.13,7.53,8.11,16160711,129061056.000
2011-01-20,8.02,8.02,7.55,7.57,12250203,96787488.000
2011-01-21,7.58,7.95,7.53,7.70,9580837,75268912.000
2011-01-24,7.71,7.92,7.61,7.75,10811279,85302432.000
2011-01-25,7.77,7.98,7.08,7.26,13692481,107000208.000
2011-01-26,7.06,7.27,6.79,7.26,9389363,67632288.000
2011-01-27,7.10,7.41,7.04,7.36,9290738,68467208.000
2011-01-28,7.30,7.58,7.23,7.46,8163966,61793300.000
2011-01-31,7.38,7.63,7.32,7.41,7827885,59363612.000
2011-02-01,7.44,7.65,7.32,7.62,7533035,57494620.000
2011-02-09,7.54,7.72,7.33,7.45,8756013,67054160.000
2011-02-10,7.44,7.97,7.33,7.88,11506842,90374576.000
2011-02-11,7.85,7.91,7.69,7.82,9736042,77194312.000
2011-02-14,7.87,8.11,7.75,7.94,10174715,82468080.000
2011-02-15,7.93,8.11,7.84,7.86,9531924,77061992.000
2011-02-16,7.86,8.22,7.74,8.18,12314720,100926208.000
2011-02-17,8.15,8.34,8.04,8.19,12782323,105952216.000
2011-02-18,8.16,8.32,7.94,7.97,8234661,67937744.000
2011-02-21,7.89,8.17,7.87,8.16,7146746,58627976.000
2011-02-22,8.19,8.24,7.68,7.74,10640453,85502008.000
2011-02-23,7.69,7.95,7.67,7.87,6837214,54379372.000
2011-02-24,7.88,8.42,7.76,8.36,14165703,116533584.000
2011-02-25,8.25,8.64,8.14,8.18,12395535,104525432.000
2011-02-28,8.18,8.27,8.00,8.16,8337781,68963592.000
2011-03-01,8.16,8.29,8.10,8.26,8492933,70829168.000
2011-03-02,8.15,8.24,7.96,8.10,7153920,58750960.000
2011-03-03,8.07,8.47,8.07,8.23,13114048,110285392.000
2011-03-04,8.23,8.42,8.07,8.33,9037696,75974992.000
2011-03-07,8.32,8.62,8.27,8.60,12967489,111938440.000
2011-03-08,8.53,8.85,8.47,8.77,12438547,109516784.000
2011-03-09,8.75,8.80,8.57,8.79,9164670,80814416.000
2011-03-10,8.74,8.74,8.41,8.44,8543198,74017216.000
2011-03-11,8.36,8.59,8.33,8.36,7808563,66952992.000
2011-03-14,8.24,8.41,8.12,8.41,6189335,52124872.000
2011-03-15,8.44,8.44,7.93,8.10,8432394,69681248.000
2011-03-16,8.09,8.36,8.08,8.32,6067933,50857756.000
2011-03-17,8.24,8.52,8.12,8.38,9124416,77659384.000
2011-03-18,8.41,8.49,8.30,8.37,4658383,39644832.000
2011-03-21,8.36,8.42,7.98,8.13,5308717,44025136.000
2011-03-22,8.09,8.57,8.00,8.55,9661176,81911032.000
2011-03-23,8.56,8.85,8.49,8.76,13447165,119100088.000
2011-03-24,8.70,8.94,8.66,8.78,14832226,132416544.000
2011-03-25,8.74,9.65,8.64,9.58,26958196,248865136.000
2011-03-28,9.37,9.82,9.18,9.66,28865518,276818240.000
2011-03-29,9.47,9.71,8.88,8.98,21004435,198244048.000
2011-03-30,8.86,9.08,8.72,8.76,12680334,114049216.000
2011-03-31,8.76,8.92,8.39,8.43,8860596,77525816.000
2011-04-01,8.37,8.73,8.37,8.67,7113947,61933372.000
2011-04-06,8.64,8.89,8.63,8.72,6961509,62078288.000
2011-04-07,8.74,8.89,8.55,8.67,8559415,75612112.000
2011-04-08,8.60,9.05,8.60,8.96,8733827,78427032.000
2011-04-11,8.92,9.15,8.83,9.00,9814561,89654472.000
2011-04-12,8.94,9.36,8.92,9.06,9312719,86013232.000
2011-04-13,9.00,9.05,8.81,9.04,8327767,75434248.000
2011-04-14,9.03,9.33,8.91,9.22,11891269,110870400.000
2011-04-15,9.17,9.24,8.97,9.17,8548552,79142000.000
2011-04-18,9.11,9.27,8.93,9.23,10259263,94675808.000
2011-04-19,9.15,9.68,9.09,9.55,23021052,220238544.000
2011-04-20,9.43,10.07,9.42,10.03,25930920,258063072.000
2011-04-21,9.97,10.09,9.65,10.05,20630551,206362864.000
2011-04-22,9.95,9.95,9.47,9.63,20069730,197130064.000
2011-04-25,9.64,9.81,9.47,9.76,17783261,174206560.000
2011-04-26,9.76,9.85,9.22,9.73,19199083,186457472.000
2011-04-27,9.68,9.85,9.47,9.67,19359944,188987216.000
2011-04-28,9.68,9.74,9.53,9.60,22072842,214816576.000
2011-04-29,9.60,10.17,9.47,9.98,29079238,286166656.000
2011-05-03,9.95,10.26,9.70,10.15,25036511,253443808.000
2011-05-04,10.14,10.23,9.12,9.12,23644738,228899664.000
2011-05-05,8.86,8.86,8.40,8.54,14823946,129181928.000
2011-05-06,8.38,8.54,8.12,8.47,10388299,87757008.000
2011-05-09,8.37,8.44,8.20,8.33,8521390,72001032.000
2011-05-10,8.30,8.49,8.25,8.43,6871955,58651836.000
2011-05-11,8.41,8.60,8.40,8.56,7548521,65406288.000
2011-05-12,8.54,8.54,8.23,8.24,9353896,79330728.000
2011-05-13,8.22,8.36,7.98,8.18,7909912,65232816.000
2011-05-16,8.18,8.28,8.08,8.24,5019481,41872784.000
2011-05-17,8.17,9.08,8.01,9.08,28811029,258325376.000
2011-05-18,9.05,9.15,8.84,8.97,20733467,189293216.000
2011-05-19,8.93,9.04,8.71,8.90,14703465,132941232.000
2011-05-20,8.85,8.90,8.64,8.81,7686208,68637536.000
2011-05-23,8.82,9.15,8.61,8.85,14405386,130185624.000
2011-05-24,8.77,9.10,8.33,9.09,12360812,110055536.000
2011-05-26,8.72,9.11,8.72,9.08,20718034,188865248.000
2011-05-27,8.94,9.24,8.37,8.97,25087368,229774448.000
2011-05-30,8.73,9.55,8.42,9.12,28200015,261225856.000
2011-05-31,9.11,9.22,8.77,9.02,12621210,115195952.000
2011-06-01,9.01,9.05,8.57,8.83,12702253,114037920.000
2011-06-02,8.54,9.40,8.48,9.25,30260132,281593344.000
2011-06-03,9.17,9.52,9.11,9.43,23753985,223789024.000
2011-06-07,9.27,9.60,9.22,9.31,15869509,150699328.000
2011-06-08,9.33,9.58,9.22,9.51,17118673,163375024.000
2011-06-09,9.45,9.57,8.62,8.67,16035257,149051520.000
2011-06-10,8.63,8.63,8.00,8.19,14352666,120647176.000
2011-06-13,8.10,8.10,7.83,7.99,6745072,54611120.000
2011-06-14,7.95,8.18,7.91,8.07,6143393,50448552.000
2011-06-15,8.02,8.24,8.02,8.08,5161254,42628736.000
2011-06-16,7.97,8.02,7.47,7.48,8428086,66280324.000
2011-06-17,7.45,7.67,7.33,7.43,4704275,36065792.000
2011-06-20,7.42,7.62,7.35,7.61,3829823,29219182.000
2011-06-21,7.67,7.69,7.49,7.63,3129773,24211128.000
2011-06-22,7.64,7.69,7.54,7.59,2827756,21894906.000
2011-06-23,7.59,7.70,7.36,7.64,4619320,35419868.000
2011-06-24,7.62,7.95,7.58,7.81,6133002,48524920.000
2011-06-27,7.76,7.99,7.75,7.92,5665667,45541864.000
2011-06-28,7.91,8.19,7.85,8.00,7398685,60438368.000
2011-06-29,7.99,7.99,7.76,7.77,5262186,42118792.000
2011-06-30,7.72,7.94,7.71,7.84,4399162,35028312.000
2011-07-01,7.82,7.97,7.80,7.88,4585645,36783400.000
2011-07-04,7.88,8.02,7.87,8.00,6822726,55096960.000
2011-07-05,8.04,8.06,7.92,8.00,5659429,45846944.000
2011-07-06,7.99,8.01,7.88,7.98,4834164,38982780.000
2011-07-07,7.94,8.20,7.90,8.11,9559696,78261712.000
2011-07-08,8.12,8.19,8.02,8.08,7358653,60584316.000
2011-07-11,8.05,8.09,7.94,8.07,4240395,34586664.000
2011-07-12,8.04,8.04,7.63,7.66,6314018,50210740.000
2011-07-13,7.64,7.91,7.63,7.89,5352714,42488732.000
2011-07-14,7.91,8.20,7.86,8.13,10613530,86801864.000
2011-07-15,8.09,8.49,8.07,8.44,14072499,118752848.000
2011-07-18,8.45,8.68,8.36,8.41,13538141,116708664.000
2011-07-19,8.50,8.66,8.40,8.54,13476726,116362240.000
2011-07-20,8.56,8.60,8.46,8.55,5479878,47265608.000
2011-07-21,8.55,9.39,8.38,9.36,41648662,381338816.000
2011-07-22,9.36,9.44,9.21,9.36,26981367,255196912.000
2011-07-25,9.30,9.48,9.21,9.27,17768335,167148384.000
2011-07-26,9.20,9.67,9.13,9.60,25326357,241269776.000
2011-07-27,9.59,9.69,9.40,9.60,20597606,198819744.000
2011-07-28,9.48,9.72,9.40,9.61,29444301,285592160.000
2011-07-29,9.54,9.67,9.25,9.57,26378305,254116720.000
2011-08-01,9.54,10.50,9.39,10.48,48434296,481062560.000
2011-08-02,10.35,10.68,10.01,10.56,44566569,458575744.000
2011-08-03,10.56,10.56,10.17,10.53,33093366,345991616.000
2011-08-04,10.36,10.36,9.69,9.73,30984922,313293056.000
2011-08-05,9.08,9.20,8.81,8.95,19624957,178734304.000
2011-08-08,8.70,8.84,8.05,8.12,16746031,141913312.000
2011-08-09,7.80,8.45,7.71,8.27,15620135,129728200.000
2011-08-10,8.38,8.65,8.22,8.45,15514605,132481512.000
2011-08-11,8.18,8.63,7.99,8.53,12263998,104847536.000
2011-08-12,8.59,9.07,8.56,8.77,16157703,143410624.000
2011-08-15,8.71,9.24,8.70,9.01,14446381,131348008.000
2011-08-16,9.00,9.05,8.64,8.70,11801488,104786768.000
2011-08-17,8.67,8.88,8.58,8.60,6712558,59102744.000
2011-08-18,8.46,8.60,8.21,8.23,8190114,69119000.000
2011-08-19,8.00,8.48,7.95,8.34,6720886,56199280.000
2011-08-22,8.30,8.45,8.08,8.12,5721175,47721360.000
2011-08-23,8.17,8.43,8.13,8.39,6030061,50649708.000
2011-08-24,8.48,8.58,8.25,8.32,6151503,52474716.000
2011-08-25,8.32,8.58,8.25,8.50,6712391,57392044.000
2011-08-26,8.51,8.68,8.42,8.54,6131985,52982788.000
2011-08-29,8.45,8.47,8.24,8.25,5434691,45720520.000
2011-08-30,8.32,8.36,8.17,8.20,4293097,35985888.000
2011-08-31,8.21,8.29,8.06,8.20,3116584,25772954.000
2011-09-01,8.19,8.39,8.16,8.25,3973561,33351608.000
2011-09-02,8.25,8.25,7.91,7.94,4500242,36574576.000
2011-09-05,7.86,7.86,7.55,7.59,4396690,34096328.000
2011-09-06,7.47,7.64,7.41,7.62,2691989,20658164.000
2011-09-07,7.70,7.80,7.63,7.79,5191956,40648916.000
2011-09-08,7.80,7.84,7.56,7.56,3497908,27331922.000
2011-09-09,7.55,7.70,7.53,7.59,2851534,21955166.000
2011-09-13,7.41,7.50,7.32,7.45,2766308,20791924.000
2011-09-14,7.54,7.58,7.30,7.57,3072882,23226978.000
2011-09-15,7.57,8.14,7.55,7.78,8135871,65003476.000
2011-09-16,7.83,7.88,7.56,7.73,4211507,32907512.000
2011-09-19,7.65,7.68,7.57,7.60,2772252,21381972.000
2011-09-20,7.59,7.81,7.55,7.77,3945514,30783440.000
2011-09-21,7.78,7.97,7.71,7.92,4081679,32603030.000
2011-09-22,7.86,7.92,7.56,7.57,4459649,34980592.000
2011-09-23,7.41,7.75,7.40,7.69,3480777,26714680.000
2011-09-26,7.62,7.74,7.47,7.51,1953348,15021021.000
2011-09-27,7.56,7.65,7.43,7.51,2210854,16823316.000
2011-09-28,7.52,7.59,7.20,7.23,2631371,19825916.000
2011-09-29,7.15,7.22,6.75,6.77,4353618,30526922.000
2011-09-30,6.81,6.90,6.71,6.87,2076129,14364036.000
2011-10-10,6.89,6.95,6.76,6.79,1570738,10869735.000
2011-10-11,7.00,7.05,6.66,6.73,1882670,13080475.000
2011-10-12,6.72,6.99,6.62,6.98,3326456,23181310.000
2011-10-13,6.92,7.15,6.92,7.12,4056358,29123738.000
2011-10-14,7.12,7.15,6.98,7.07,2856702,20471280.000
2011-10-17,7.09,7.28,7.05,7.15,3899665,28374360.000
2011-10-18,7.14,7.28,7.06,7.10,5288488,38502336.000
2011-10-19,7.08,7.15,6.78,6.87,3460001,24289266.000
2011-10-20,6.83,6.88,6.35,6.44,3315329,22014800.000
2011-10-21,6.43,6.45,6.18,6.22,2110176,13595116.000
2011-10-24,6.24,6.40,6.16,6.33,2089618,13358640.000
2011-10-25,6.32,6.77,6.31,6.74,5517667,36914936.000
2011-10-27,6.79,7.18,6.73,6.90,7038512,49386884.000
2011-10-28,6.90,7.20,6.87,7.18,7503080,53578000.000
2011-10-31,7.25,7.28,7.07,7.20,4014969,29147208.000
2011-11-01,7.15,7.93,7.08,7.79,16098815,123653904.000
2011-11-02,7.55,7.89,7.54,7.64,18370507,141332720.000
2011-11-03,7.48,7.58,7.37,7.41,11182515,84426976.000
2011-11-04,7.41,7.45,7.22,7.37,6257649,46555408.000
2011-11-07,7.37,7.45,7.32,7.38,3254997,24396476.000
2011-11-08,7.40,7.43,7.12,7.16,3944185,29039964.000
2011-11-09,7.16,7.26,7.02,7.24,4059556,29501792.000
2011-11-10,7.14,7.19,7.01,7.02,3202241,23040108.000
2011-11-11,7.05,7.16,6.98,7.07,2805456,20101004.000
2011-11-14,7.15,7.27,7.11,7.21,3830447,27983880.000
2011-11-15,7.17,7.40,7.17,7.40,4895829,36290496.000
2011-11-16,7.40,7.43,7.07,7.13,4245951,31210696.000
2011-11-17,7.11,7.17,6.99,7.01,3073729,22042568.000
2011-11-18,6.98,6.98,6.58,6.67,4059438,27737068.000
2011-11-21,6.66,6.95,6.64,6.90,2479980,17003160.000
2011-11-22,6.82,6.85,6.66,6.78,1495321,10270064.000
2011-11-23,6.78,6.82,6.69,6.69,1209809,8284246.000
2011-11-24,6.45,6.73,6.45,6.64,1456866,9797977.000
2011-11-25,6.62,6.74,6.59,6.62,1063884,7190833.000
2011-11-28,6.60,6.64,6.52,6.53,1586557,10594425.000
2011-11-29,6.60,6.69,6.57,6.68,2120854,14286037.000
2011-11-30,6.67,6.67,6.00,6.13,4181019,26687736.000
2011-12-01,6.33,6.39,6.21,6.22,3153820,20231796.000
2011-12-02,6.20,6.27,6.13,6.17,1982217,12499693.000
2011-12-05,6.19,6.20,5.93,5.95,1442029,8890670.000
2011-12-06,5.97,6.14,5.95,6.06,2137864,13062889.000
2011-12-07,6.08,6.14,5.99,6.12,1871989,11596472.000
2011-12-08,6.12,6.23,6.03,6.17,1718203,10732649.000
2011-12-09,6.15,6.21,6.04,6.09,1809602,11253802.000
2011-12-12,6.11,6.17,5.94,5.97,1471624,9048433.000
2011-12-13,5.91,5.97,5.68,5.70,1915848,11207375.000
2011-12-14,5.70,5.76,5.58,5.59,1163799,6730909.000
2011-12-15,5.51,5.55,5.33,5.37,2036113,11238688.000
2011-12-16,5.46,5.59,5.35,5.56,1551793,8609726.000
2011-12-19,5.59,5.68,5.42,5.65,2413944,13654643.000
2011-12-20,5.65,5.79,5.61,5.66,2667572,15494256.000
2011-12-21,5.69,5.72,5.39,5.40,1630736,9265823.000
2011-12-22,5.31,5.37,5.09,5.20,1827769,9745584.000
2011-12-23,5.21,5.35,5.20,5.32,1513552,8169615.000
2011-12-26,5.35,5.38,5.20,5.21,1079501,5828207.000
2011-12-27,5.20,5.20,5.03,5.06,1506430,7839328.000
2011-12-28,5.05,5.05,4.82,5.00,1464598,7390533.000
2011-12-29,4.95,5.11,4.95,5.05,1507695,7767562.000
2011-12-30,5.05,5.22,5.00,5.15,1505505,7901469.000
2012-01-04,5.17,5.27,4.87,4.90,2087484,10726808.000
2012-01-05,4.91,4.96,4.64,4.94,2670518,13076558.000
2012-01-06,4.91,4.93,4.78,4.90,997801,4943955.000
2012-01-09,4.90,5.17,4.85,5.13,1945074,10009357.000
2012-01-10,5.13,5.54,5.11,5.39,3775494,20479624.000
2012-01-11,5.46,5.47,5.25,5.43,3069935,16829896.000
2012-01-12,5.37,5.57,5.37,5.53,3278598,18275976.000
2012-01-13,5.55,5.56,5.27,5.37,3888312,21226144.000
2012-01-16,5.35,5.57,5.28,5.41,3421047,18779010.000
2012-01-17,5.41,5.83,5.32,5.77,4718948,26951210.000
2012-01-18,5.80,5.93,5.68,5.76,6171959,36509324.000
2012-01-19,5.73,5.84,5.70,5.73,3642607,21389868.000
2012-01-20,5.73,5.93,5.73,5.81,3075568,18275284.000
2012-01-30,5.85,5.88,5.74,5.78,1876117,11053061.000
2012-01-31,5.80,6.04,5.80,6.03,6305597,38169068.000
2012-02-01,5.98,6.23,5.92,6.16,7961873,49296304.000
2012-02-02,6.10,6.21,5.99,6.12,6072913,37585920.000
2012-02-03,6.10,6.54,6.06,6.38,9838945,63239048.000
2012-02-06,6.40,6.40,6.16,6.20,7198640,45688712.000
2012-02-07,6.20,6.23,5.98,6.08,4308901,26608340.000
2012-02-08,6.05,6.55,6.03,6.50,13539193,87290608.000
2012-02-09,6.47,6.47,6.28,6.40,11899615,76661152.000
2012-02-10,6.32,6.35,6.13,6.14,18346012,115793520.000
2012-02-13,6.10,6.17,5.99,6.16,14880070,91678736.000
2012-02-14,6.13,6.17,6.03,6.10,5335567,33057730.000
2012-02-15,6.07,6.24,6.06,6.20,9088385,56898484.000
2012-02-16,6.17,6.23,6.05,6.11,5944067,37065728.000
2012-02-17,6.14,6.16,6.03,6.05,3654970,22566866.000
2012-02-20,6.12,6.15,6.04,6.07,5053341,31301152.000
2012-02-21,6.08,6.12,5.96,6.10,4898318,30070044.000
2012-02-22,6.10,6.26,6.05,6.20,11279672,70627624.000
2012-02-23,6.20,6.25,6.12,6.17,7453243,46810816.000
2012-02-24,6.17,6.23,6.12,6.21,7710955,48542640.000
2012-02-27,6.25,6.33,6.16,6.17,9288460,59080280.000
2012-02-28,6.15,6.17,5.98,6.02,7292819,44897540.000
2012-02-29,6.02,6.02,5.90,5.92,4369588,26431852.000
2012-03-01,5.90,6.01,5.90,5.96,2659458,16145252.000
2012-03-02,5.96,6.16,5.96,6.12,5471353,33779452.000
2012-03-05,6.16,6.35,6.15,6.30,13877313,88591528.000
2012-03-06,6.29,6.33,6.19,6.22,7412524,47131920.000
2012-03-07,6.13,6.77,6.08,6.73,19763623,129804280.000
2012-03-08,6.69,6.86,6.51,6.70,27058295,184412016.000
2012-03-09,6.63,6.63,6.47,6.51,16772623,110912856.000
2012-03-12,6.46,6.56,6.37,6.48,8362220,54922284.000
2012-03-13,6.55,6.57,6.44,6.47,6783267,44720752.000
2012-03-14,6.47,6.53,5.90,5.98,13158599,83813440.000
2012-03-15,5.98,6.06,5.65,5.70,7936154,46926904.000
2012-03-16,5.75,5.85,5.68,5.83,4966831,29289092.000
2012-03-19,5.86,6.03,5.82,6.01,4559113,27682116.000
2012-03-20,5.99,5.99,5.81,5.83,4266512,25515828.000
2012-03-21,5.84,5.90,5.72,5.89,3388387,20114442.000
2012-03-22,5.90,5.92,5.77,5.84,3074197,18236318.000
2012-03-23,5.78,5.84,5.59,5.65,3483627,20179240.000
2012-03-26,5.66,5.71,5.61,5.70,1989510,11469567.000
2012-03-27,5.72,5.75,5.59,5.65,2022396,11682716.000
2012-03-28,5.63,5.65,5.25,5.31,3995330,22036764.000
2012-03-29,5.28,5.41,5.19,5.36,4230137,22950826.000
2012-03-30,5.36,5.59,5.34,5.47,4910245,27454700.000
2012-04-05,5.48,5.56,5.43,5.54,4120935,23128478.000
2012-04-06,5.54,5.62,5.48,5.59,3346284,18861096.000
2012-04-09,5.56,5.74,5.50,5.68,4547144,26086534.000
2012-04-10,5.61,5.74,5.51,5.70,2680237,15343492.000
2012-04-11,5.67,5.71,5.56,5.64,3325842,19110952.000
2012-04-12,5.66,5.75,5.62,5.70,3635492,21069936.000
2012-04-13,5.70,5.97,5.67,5.83,5909660,35115112.000
2012-04-16,5.76,5.88,5.72,5.81,2353328,13858260.000
2012-04-17,5.79,5.91,5.75,5.81,4113791,24324558.000
2012-04-18,5.81,5.98,5.81,5.94,8148410,49008408.000
2012-04-19,5.94,5.95,5.83,5.90,4775902,28582596.000
2012-04-20,5.90,5.98,5.83,5.95,5623811,33860832.000
2012-04-23,5.96,6.01,5.76,5.80,6268128,37782896.000
2012-04-24,5.75,5.84,5.45,5.72,4574391,26280072.000
2012-04-25,5.73,6.05,5.64,5.98,8896950,53544344.000
2012-04-26,6.03,6.06,5.90,5.95,6398663,38977216.000
2012-04-27,5.95,6.13,5.86,6.10,8950920,54792056.000
2012-05-02,6.10,6.70,5.96,6.64,25260517,160262128.000
2012-05-03,6.55,6.75,6.39,6.61,26412235,175421136.000
2012-05-04,6.48,6.57,6.35,6.49,20369749,133757240.000
2012-05-07,6.35,6.96,6.30,6.85,29210663,196115040.000
2012-05-08,6.77,6.87,6.65,6.76,21667764,149115920.000
2012-05-09,6.66,7.07,6.51,6.99,31965638,219749568.000
2012-05-10,6.84,7.11,6.78,6.93,27232242,190176208.000
2012-05-11,6.93,6.96,6.65,6.84,19683908,136630112.000
2012-05-14,6.78,7.28,6.70,7.00,25612596,179293744.000
2012-05-15,6.90,6.90,6.71,6.87,7692890,53139132.000
2012-05-16,6.90,6.90,6.59,6.77,14874564,101219544.000
2012-05-17,6.65,6.87,6.51,6.64,12630438,84979776.000
2012-05-18,6.58,6.68,6.16,6.20,10526921,67979392.000
2012-05-21,6.19,6.19,5.93,5.97,5682694,34800896.000
2012-05-22,5.99,6.08,5.97,6.03,3584024,21955234.000
2012-05-23,6.00,6.09,5.83,5.90,4891153,29570392.000
2012-05-24,5.90,5.95,5.82,5.88,3749345,22382660.000
2012-05-28,5.80,5.94,5.63,5.92,4131495,24305404.000
2012-05-29,5.92,5.99,5.87,5.98,5674740,34284372.000
2012-05-30,5.95,6.01,5.89,5.96,3814231,23097918.000
2012-05-31,5.90,5.99,5.89,5.92,3150615,19065344.000
2012-06-01,5.95,5.96,5.80,5.81,4055468,24175364.000
2012-06-04,5.68,5.73,5.45,5.47,4076537,23299896.000
2012-06-05,5.48,5.56,5.47,5.52,2324372,13049417.000
2012-06-06,5.51,5.59,5.45,5.49,1999400,11260814.000
2012-06-07,5.53,5.57,5.40,5.42,1766600,9877877.000
2012-06-08,5.47,5.50,5.38,5.40,1800361,9974775.000
2012-06-11,5.47,5.53,5.40,5.53,2443032,13594047.000
2012-06-12,5.49,5.49,5.40,5.43,1610945,8924224.000
2012-06-13,5.45,5.54,5.41,5.52,1946422,10885532.000
2012-06-14,5.48,5.61,5.48,5.50,2090013,11818303.000
2012-06-15,5.54,5.59,5.48,5.56,1857138,10467562.000
2012-06-18,5.58,5.66,5.54,5.62,2000510,11427818.000
2012-06-19,5.63,5.63,5.50,5.52,2100088,11909027.000
2012-06-20,5.54,5.56,5.41,5.46,2010146,11205199.000
2012-06-21,5.45,5.45,5.22,5.27,2861733,15408124.000
2012-06-25,5.29,5.29,5.09,5.11,2036370,10777637.000
2012-06-26,5.10,5.19,5.06,5.15,1104108,5775120.000
2012-06-27,5.15,5.21,5.08,5.11,1274301,6698519.000
2012-06-28,5.13,5.15,4.94,4.96,1751100,9067621.000
2012-06-29,4.96,5.01,4.85,5.00,1208782,6090883.000
2012-07-02,5.01,5.09,5.01,5.03,1185098,6098871.000
2012-07-03,5.09,5.10,5.02,5.04,918210,4741387.000
2012-07-04,5.04,5.10,5.00,5.00,911500,4687003.000
2012-07-05,5.00,5.02,4.77,4.80,1345293,6694012.000
2012-07-06,4.85,4.92,4.73,4.91,1947107,9582521.000
2012-07-09,4.85,4.91,4.70,4.71,1521497,7499105.000
2012-07-10,4.71,4.80,4.66,4.76,1257680,6080776.000
2012-07-11,4.75,4.90,4.75,4.86,1328861,6577404.000
2012-07-12,4.86,4.95,4.83,4.94,1660344,8303896.000
2012-07-13,4.93,4.97,4.87,4.87,1084632,5440076.000
2012-07-16,4.88,4.95,4.67,4.68,1342066,6385913.000
2012-07-17,4.68,4.91,4.61,4.81,1414879,6813543.000
2012-07-18,4.80,4.88,4.78,4.87,1180051,5701474.000
2012-07-19,4.88,5.00,4.85,4.99,2062410,10235728.000
2012-07-20,5.02,5.13,4.96,5.06,2891588,14585546.000
2012-07-23,5.03,5.09,4.90,5.00,2375078,11844525.000
2012-07-24,5.05,5.16,4.98,5.12,2777984,14119564.000
2012-07-25,5.10,5.13,4.96,4.96,1997081,10059654.000
2012-07-26,4.95,4.98,4.80,4.81,1286200,6311772.000
2012-07-27,4.84,4.89,4.78,4.81,984029,4740044.000
2012-07-30,4.81,4.86,4.58,4.64,1227571,5771348.000
2012-07-31,4.63,4.64,4.38,4.45,1493087,6672640.000
2012-08-01,4.47,4.57,4.47,4.51,797657,3608390.000
2012-08-02,4.51,4.53,4.42,4.44,843085,3768829.000
2012-08-03,4.44,4.55,4.43,4.55,1064418,4802253.000
2012-08-06,4.55,4.69,4.51,4.68,1210590,5579304.000
2012-08-07,4.74,4.85,4.66,4.79,1352174,6463292.000
2012-08-08,4.79,4.82,4.72,4.78,1816500,8666092.000
2012-08-09,4.78,4.87,4.70,4.85,1772435,8508921.000
2012-08-10,4.90,5.09,4.85,4.94,3222632,16019868.000
2012-08-13,4.90,4.90,4.69,4.71,1916307,9182201.000
2012-08-14,4.69,4.73,4.51,4.70,1972096,9117371.000
2012-08-15,4.71,4.72,4.64,4.67,1134618,5306939.000
2012-08-16,4.65,4.68,4.59,4.63,769724,3566207.000
2012-08-17,4.66,4.66,4.54,4.58,895991,4123913.000
2012-08-20,4.57,4.65,4.52,4.65,645630,2958397.000
2012-08-21,4.62,4.73,4.60,4.70,1154161,5411887.000
2012-08-22,4.74,4.74,4.59,4.63,1130779,5250790.000
2012-08-23,4.62,4.71,4.61,4.68,1127879,5257444.000
2012-08-24,4.67,4.68,4.53,4.54,1341789,6153306.000
2012-08-27,4.55,4.55,4.40,4.42,929435,4133269.000
2012-08-28,4.44,4.52,4.42,4.48,602107,2690921.000
2012-08-29,4.44,4.48,4.40,4.42,916498,4070776.000
2012-08-30,4.42,4.46,4.30,4.35,913099,4006264.000
2012-08-31,4.36,4.46,4.28,4.40,956949,4212906.000
2012-09-03,4.45,4.55,4.38,4.54,1749656,7854409.000
2012-09-04,4.54,4.55,4.43,4.45,1203170,5398873.000
2012-09-05,4.43,4.47,4.40,4.44,1038944,4601381.000
2012-09-06,4.48,4.53,4.46,4.50,944313,4252692.000
2012-09-07,4.59,4.71,4.52,4.68,2697652,12557115.000
2012-09-10,4.70,4.88,4.65,4.85,3442353,16445536.000
2012-09-11,4.83,5.13,4.75,5.03,7969943,39664612.000
2012-09-12,5.02,5.23,4.98,5.22,9767612,49885576.000
2012-09-13,5.15,5.74,5.14,5.64,25916509,144325600.000
2012-09-14,5.56,5.78,5.46,5.67,24594386,138977552.000
2012-09-17,5.60,5.68,5.40,5.45,7086734,39061056.000
2012-09-18,5.41,6.00,5.35,5.84,39555575,228672288.000
2012-09-20,5.66,5.77,5.42,5.69,15043334,84421032.000
2012-09-21,5.61,5.95,5.47,5.92,35652018,207106592.000
2012-09-24,5.80,6.08,5.68,5.97,23306020,136830960.000
2012-09-25,5.83,5.92,5.43,5.56,30020472,169014256.000
2012-09-26,5.43,5.49,5.13,5.38,12277493,65320604.000
2012-09-27,5.25,5.36,5.18,5.32,12236591,64703912.000
2012-09-28,5.26,5.37,5.21,5.31,7550149,39962904.000
2012-10-08,5.25,5.71,5.20,5.69,31965734,175289472.000
2012-10-09,5.61,5.85,5.55,5.81,36184088,205610192.000
2012-10-10,5.73,6.05,5.66,5.96,36739036,214871248.000
2012-10-11,5.85,6.13,5.82,5.94,32938021,195620640.000
2012-10-12,5.88,6.18,5.72,6.00,27559394,164450944.000
2012-10-15,5.96,6.17,5.89,5.91,22738353,135828976.000
2012-10-16,5.86,6.34,5.81,6.23,45529873,279580672.000
2012-10-17,6.16,6.33,6.04,6.22,33715630,208769168.000
2012-10-18,6.18,6.29,6.09,6.13,30713624,189788544.000
2012-10-19,6.12,6.17,6.01,6.09,20531423,125149968.000
2012-10-22,6.05,6.50,5.97,6.36,42927999,267398640.000
2012-10-23,6.27,6.53,6.15,6.24,32209371,201491328.000
2012-10-24,6.23,6.26,6.09,6.14,20457938,126473032.000
2012-10-25,6.10,6.24,5.81,6.16,22753224,136461392.000
2012-10-26,6.10,6.19,6.01,6.01,8964501,54202092.000
2012-10-29,5.96,6.10,5.92,6.01,8197050,49519872.000
2012-10-30,6.01,6.21,5.96,6.14,18379929,112409360.000
2012-10-31,6.10,6.33,6.03,6.23,38743715,240074464.000
2012-11-01,6.16,6.35,6.15,6.23,40136407,250974400.000
2012-11-02,6.20,6.26,5.88,6.00,21935440,134045064.000
2012-11-05,5.96,6.10,5.95,6.06,13097221,78806680.000
2012-11-06,6.06,6.08,5.70,6.03,13269809,78973776.000
2012-11-07,6.00,6.16,5.92,6.07,31398816,190753456.000
2012-11-08,6.00,6.11,5.90,5.99,16531313,99144448.000
2012-11-09,5.94,6.30,5.61,6.23,30937128,184990064.000
2012-11-12,6.10,6.70,6.07,6.64,43807501,279373440.000
2012-11-13,6.53,6.64,6.39,6.51,29449574,191520944.000
2012-11-14,6.48,6.65,6.41,6.54,31988539,208712672.000
2012-11-15,6.53,6.55,6.30,6.40,29115952,187537248.000
2012-11-16,6.38,6.45,6.17,6.41,16021692,101237512.000
2012-11-19,6.30,6.52,6.26,6.44,17578113,112434248.000
2012-11-20,6.40,6.53,6.15,6.32,32581226,206208224.000
2012-11-21,6.27,6.33,5.88,6.15,23843171,145955952.000
2012-11-22,6.05,6.20,5.88,6.15,19314841,117585288.000
2012-11-23,6.13,6.23,6.04,6.15,19505593,119875392.000
2012-11-26,6.12,6.22,5.99,6.01,24206874,146834544.000
2012-11-27,6.03,6.04,5.73,5.87,9590738,55802720.000
2012-11-28,5.80,5.83,5.72,5.80,14085014,81445936.000
2012-11-29,5.78,5.95,5.72,5.91,28498174,167006480.000
2012-11-30,5.85,6.01,5.78,5.95,24041120,142725920.000
2012-12-03,5.93,6.05,5.85,5.90,21562277,127259296.000
2012-12-04,5.88,5.90,5.45,5.59,24509608,137424976.000
2012-12-05,5.56,5.73,5.33,5.66,23491326,129761200.000
2012-12-06,5.54,5.59,5.38,5.39,10424650,57007492.000
2012-12-07,5.40,5.40,5.15,5.29,13999072,73791544.000
2012-12-10,5.26,5.45,5.25,5.45,10880584,58724176.000
2012-12-11,5.44,5.80,5.41,5.57,16134972,91175896.000
2012-12-12,5.55,5.66,5.40,5.46,7855787,43138308.000
2012-12-13,5.46,5.49,5.21,5.22,7205983,38299876.000
2012-12-14,5.17,5.43,5.17,5.39,8160962,43657048.000
2012-12-17,5.41,5.62,5.40,5.48,8596401,47204600.000
2012-12-18,5.48,5.54,5.42,5.44,7680765,42031868.000
2012-12-19,5.43,5.54,5.39,5.52,6213640,34011928.000
2012-12-20,5.53,5.75,5.48,5.72,12480667,70412552.000
2012-12-21,5.70,5.75,5.57,5.58,8461223,47693120.000
2012-12-24,5.59,5.60,5.45,5.48,5593951,30829760.000
2012-12-25,5.50,5.62,5.41,5.59,7381532,40795448.000
2012-12-26,5.58,5.63,5.48,5.59,8654286,48042948.000
2012-12-27,5.58,5.64,5.51,5.58,7918220,44194004.000
2012-12-28,5.58,5.70,5.57,5.65,7986728,45014416.000
2012-12-31,5.65,5.66,5.51,5.61,7021231,39161936.000
2013-01-04,5.60,5.63,5.48,5.51,5095111,28188850.000
2013-01-07,5.45,5.57,5.45,5.51,4688701,25840036.000
2013-01-08,5.52,5.61,5.50,5.57,5924651,32914292.000
2013-01-09,5.59,5.72,5.54,5.70,9752292,54957040.000
2013-01-10,5.69,5.80,5.66,5.67,8861494,50657668.000
2013-01-11,5.69,5.80,5.60,5.61,8453165,48159388.000
2013-01-14,5.60,5.93,5.59,5.90,12449026,71814416.000
2013-01-15,5.91,5.97,5.85,5.88,12154433,71716024.000
2013-01-16,5.88,6.05,5.84,5.97,12160679,72183184.000
2013-01-17,5.98,5.98,5.77,5.79,8483763,49822552.000
2013-01-18,5.79,5.87,5.73,5.82,6300008,36518760.000
2013-01-21,5.83,5.93,5.81,5.86,4669786,27346988.000
2013-01-22,5.86,5.86,5.67,5.69,5699236,32792308.000
2013-01-23,5.69,5.73,5.58,5.69,4592835,25956510.000
2013-01-24,5.65,5.74,5.41,5.43,6681041,37218048.000
2013-01-25,5.40,5.50,5.40,5.43,2849802,15529122.000
2013-01-28,5.45,5.54,5.45,5.53,3559400,19593860.000
2013-01-29,5.52,5.58,5.52,5.55,3406490,18925080.000
2013-01-30,5.55,5.62,5.51,5.55,3468833,19289366.000
2013-01-31,5.55,5.56,5.40,5.47,3651809,19936068.000
2013-02-01,5.47,5.61,5.46,5.58,4598207,25591960.000
2013-02-04,5.60,5.63,5.50,5.51,3764998,20992580.000
2013-02-05,5.50,5.54,5.45,5.53,3857579,21218216.000
2013-02-06,5.53,5.59,5.49,5.57,2856867,15881819.000
2013-02-07,5.55,5.71,5.55,5.65,4892746,27612080.000
2013-02-08,5.61,5.71,5.61,5.65,3393605,19172516.000
2013-02-18,5.70,5.70,5.62,5.65,3492625,19739392.000
2013-02-19,5.65,5.85,5.64,5.84,9619536,55599668.000
2013-02-20,5.81,5.95,5.78,5.87,7576319,44438772.000
2013-02-21,5.80,5.89,5.72,5.74,5356989,31126628.000
2013-02-22,5.74,5.78,5.67,5.73,3564644,20397396.000
2013-02-25,5.73,5.83,5.72,5.78,3438638,19877988.000
2013-02-26,5.79,5.85,5.68,5.70,3759606,21754214.000
2013-02-27,5.69,5.75,5.58,5.62,3042754,17231212.000
2013-02-28,5.62,6.08,5.61,6.06,11312142,66627872.000
2013-03-01,6.01,6.13,5.93,6.06,8924834,53780544.000
2013-03-04,6.01,6.12,5.91,6.02,13692822,82771368.000
2013-03-05,6.03,6.23,6.00,6.13,13260573,81360608.000
2013-03-06,6.10,6.17,6.02,6.14,8372756,50929200.000
2013-03-07,6.14,6.15,5.93,5.96,5788915,34839764.000
2013-03-08,5.97,6.03,5.87,5.95,4446313,26474752.000
2013-03-11,5.96,6.00,5.87,5.96,2234797,13310504.000
2013-03-12,5.95,5.96,5.68,5.74,4584699,26655012.000
2013-03-13,5.75,5.78,5.61,5.70,2685787,15236538.000
2013-03-14,5.70,5.75,5.65,5.71,1748606,9972230.000
2013-03-15,5.70,5.86,5.69,5.75,3334357,19306666.000
2013-03-18,5.76,5.79,5.58,5.60,3317512,18787780.000
2013-03-19,5.55,5.65,5.55,5.64,2244505,12592210.000
2013-03-20,5.67,5.80,5.63,5.78,2684011,15357987.000
2013-03-21,5.79,5.92,5.73,5.83,4156194,24292068.000
2013-03-22,5.84,5.91,5.76,5.86,2567291,15028879.000
2013-03-25,5.89,6.00,5.80,5.95,3920952,23212932.000
2013-03-26,5.89,5.93,5.69,5.74,3830850,22158216.000
2013-03-27,5.74,5.82,5.68,5.77,2547183,14637303.000
2013-03-28,5.75,5.75,5.50,5.50,3133011,17421018.000
2013-03-29,5.46,5.58,5.41,5.45,2290635,12564435.000
2013-04-01,5.46,5.53,5.43,5.48,1063489,5827984.000
2013-04-02,5.49,5.59,5.46,5.48,1730332,9555712.000
2013-04-03,5.53,5.53,5.32,5.36,1850577,9978010.000
2013-04-08,5.30,5.44,5.13,5.35,3171483,16639080.000
2013-04-09,5.38,5.73,5.33,5.65,6053040,33831244.000
2013-04-10,5.60,5.70,5.51,5.59,3824426,21438004.000
2013-04-11,5.58,5.58,5.38,5.40,3314976,18051368.000
2013-04-12,5.40,5.42,5.32,5.37,1248042,6694028.000
2013-04-15,5.40,5.40,5.28,5.29,908201,4848056.000
2013-04-16,5.20,5.34,5.18,5.32,2388986,12536757.000
2013-04-17,5.28,5.33,5.25,5.31,828948,4386166.000
2013-04-18,5.27,5.34,5.26,5.28,1146311,6074448.000
2013-04-19,5.30,5.41,5.26,5.36,1883558,10092915.000
2013-04-22,5.36,5.42,5.33,5.41,1310595,7070150.000
2013-04-23,5.39,5.39,5.21,5.23,1930401,10232331.000
2013-04-24,5.21,5.31,5.19,5.26,1770712,9282862.000
2013-04-25,5.27,5.27,5.02,5.03,2795767,14451717.000
2013-04-26,5.03,5.16,5.03,5.05,1859931,9441144.000
2013-05-02,5.04,5.13,5.02,5.04,936093,4739173.000
2013-05-03,5.08,5.18,5.06,5.10,1269828,6500057.000
2013-05-06,5.11,5.22,5.07,5.19,1702205,8772924.000
2013-05-07,5.19,5.24,5.15,5.18,1480688,7678310.000
2013-05-08,5.15,5.26,5.15,5.21,1358448,7065809.000
2013-05-09,5.20,5.22,5.15,5.19,1307406,6769392.000
2013-05-10,5.20,5.27,5.16,5.24,1358705,7097699.000
2013-05-13,5.29,5.34,5.21,5.26,1073711,5644169.000
2013-05-14,5.26,5.26,5.12,5.14,1320042,6836758.000
2013-05-15,5.15,5.22,5.14,5.21,1306692,6766427.000
2013-05-16,5.23,5.28,5.19,5.26,1718058,9010817.000
2013-05-17,5.26,5.36,5.22,5.35,2752990,14608354.000
2013-05-20,5.34,5.41,5.34,5.39,2916996,15701815.000
2013-05-21,5.39,5.44,5.36,5.42,2251323,12153365.000
2013-05-22,5.41,5.45,5.34,5.35,2032333,10940282.000
2013-05-23,5.35,5.48,5.35,5.38,2828238,15327999.000
2013-05-24,5.41,5.45,5.35,5.44,1826323,9868333.000
2013-05-27,5.41,5.44,5.38,5.43,2038827,11017030.000
2013-05-28,5.45,5.54,5.39,5.52,3715155,20378376.000
2013-05-29,5.52,5.66,5.48,5.60,4074361,22726928.000
2013-05-30,5.57,5.62,5.50,5.54,2322826,12892726.000
2013-05-31,5.58,5.58,5.44,5.44,2922072,16092155.000
2013-06-03,5.42,5.50,5.41,5.43,1735589,9466438.000
2013-06-04,5.44,5.45,5.30,5.34,2058021,11042522.000
2013-06-05,5.35,5.40,5.29,5.39,1648161,8782897.000
2013-06-06,5.37,5.39,5.24,5.25,1702200,9024086.000
2013-06-07,5.25,5.29,5.22,5.24,1890824,9931206.000
2013-06-13,5.24,5.25,5.08,5.18,2223114,11467848.000
2013-06-14,5.18,5.35,5.18,5.28,1990861,10514670.000
2013-06-17,5.29,5.34,5.25,5.31,2023826,10729689.000
2013-06-18,5.32,5.51,5.28,5.50,5471289,29601320.000
2013-06-19,5.46,5.53,5.41,5.46,4025299,22042164.000
2013-06-20,5.48,5.49,5.21,5.39,4104830,22011064.000
2013-06-21,5.28,5.43,5.16,5.40,2629176,13965245.000
2013-06-24,5.40,5.48,4.86,4.92,7345774,38116904.000
2013-06-25,4.78,4.88,4.43,4.87,6340508,29453800.000
2013-06-26,4.82,5.10,4.82,5.08,4640131,23118414.000
2013-06-27,5.08,5.34,5.02,5.27,8217220,42542192.000
2013-06-28,5.22,5.37,5.13,5.28,7877364,41641680.000
2013-07-01,5.24,5.38,5.02,5.16,8480016,44059700.000
2013-07-02,5.11,5.23,5.03,5.15,7104338,36601648.000
2013-07-03,5.10,5.23,5.03,5.18,6291583,32357274.000
2013-07-04,5.16,5.21,4.90,4.91,6816089,34531892.000
2013-07-05,4.89,4.93,4.75,4.84,3425124,16581018.000
2013-07-08,4.79,4.79,4.51,4.52,3449553,15865248.000
2013-07-09,4.57,4.60,4.52,4.52,1516107,6896269.000
2013-07-10,4.52,4.68,4.51,4.68,2204252,10120564.000
2013-07-11,4.70,4.84,4.65,4.76,3161554,15014305.000
2013-07-12,4.79,4.85,4.74,4.75,2207656,10581724.000
数据来源:通达信
