601919 *ST远洋 日线
      日期	    开盘	    最高	    最低	    收盘	    成交量	    成交额
2007-06-26,14.96,16.59,14.96,15.82,513011643,8403790848.000
2007-06-27,16.34,17.46,16.04,17.46,155816677,2698220544.000
2007-06-28,18.22,19.24,17.96,18.17,197668716,3758770432.000
2007-06-29,17.84,18.51,17.47,17.70,82856441,1532240768.000
2007-07-02,17.49,17.89,16.12,16.61,77737690,1355559040.000
2007-07-03,16.64,17.49,16.47,17.22,53877082,948320896.000
2007-07-04,17.04,17.04,16.44,16.59,27952347,483170272.000
2007-07-05,16.24,16.99,15.84,16.45,31854871,539075456.000
2007-07-06,16.55,17.11,15.99,17.06,33948375,582302336.000
2007-07-09,16.94,17.69,16.84,17.42,38333121,682352192.000
2007-07-10,17.28,17.39,16.45,16.49,32228186,562811264.000
2007-07-11,16.34,16.81,16.21,16.50,14292535,243947104.000
2007-07-12,16.45,16.64,16.21,16.49,14412879,244491136.000
2007-07-13,16.46,16.54,16.02,16.33,14618127,246326976.000
2007-07-16,16.33,16.94,16.21,16.43,17362021,297891456.000
2007-07-17,16.34,16.90,16.19,16.61,13810074,235643472.000
2007-07-18,16.70,17.95,16.49,17.34,42909221,769731136.000
2007-07-19,17.14,17.44,16.86,17.24,19168659,339961792.000
2007-07-20,17.23,18.19,17.17,17.78,30913712,568958912.000
2007-07-23,17.86,18.94,17.86,18.83,42820116,819462656.000
2007-07-24,18.94,20.77,18.72,20.35,70661152,1448791040.000
2007-07-25,20.13,21.50,20.05,21.14,63823276,1372457088.000
2007-09-04,23.31,23.31,23.31,23.31,216919,5177857.000
2007-09-05,25.70,25.70,25.70,25.70,127324,3343528.000
2007-09-06,28.33,28.33,28.33,28.33,110462,3191247.000
2007-09-07,31.22,31.22,31.22,31.22,742301,23590326.000
2007-09-10,34.40,34.40,34.40,34.40,775398,27107914.000
2007-09-11,37.90,37.90,36.60,37.90,98563489,3778121216.000
2007-09-12,38.42,41.39,36.05,38.14,99252315,3938358528.000
2007-09-13,38.94,40.19,37.14,38.13,46884706,1824912384.000
2007-09-14,38.65,38.79,36.36,37.62,41109843,1556733568.000
2007-09-17,37.14,41.44,36.64,41.44,54084126,2132466560.000
2007-09-18,42.74,45.61,41.64,43.14,48682376,2150313216.000
2007-09-19,43.19,43.44,40.24,40.46,29038602,1214988160.000
2007-09-20,40.54,42.29,39.16,42.24,30133533,1231758208.000
2007-09-21,41.44,41.94,39.64,39.74,20416332,837760448.000
2007-09-24,40.05,40.64,38.44,38.68,22521246,889388864.000
2007-09-25,38.64,42.44,38.55,40.76,30801806,1283806336.000
2007-09-26,40.74,41.71,39.79,40.38,17414347,722044352.000
2007-09-27,39.41,41.29,38.43,40.40,56920012,2274558976.000
2007-09-28,40.89,44.50,40.44,44.50,49012417,2159621888.000
2007-10-08,47.43,49.01,46.77,48.97,55124760,2700827136.000
2007-10-09,48.42,49.64,47.54,49.24,34627811,1709486592.000
2007-10-10,49.55,54.22,49.55,51.42,43348601,2290929408.000
2007-10-11,51.84,56.57,50.64,55.45,50821267,2721195776.000
2007-10-12,55.72,57.99,51.94,54.77,68902839,3828535040.000
2007-10-15,54.99,56.77,53.32,55.15,38034845,2105521408.000
2007-10-16,54.94,54.95,53.19,53.42,28502100,1547159552.000
2007-10-17,52.44,55.82,52.00,53.64,22017330,1204073344.000
2007-10-18,53.69,55.44,52.94,54.30,25631992,1402382080.000
2007-10-19,55.32,59.79,55.26,59.79,48490797,2834373120.000
2007-10-22,59.62,59.62,56.44,56.53,36176058,2113564544.000
2007-10-24,58.33,62.24,58.14,62.24,34996611,2150024448.000
2007-10-25,62.66,67.84,60.62,63.06,57351593,3740160256.000
2007-10-26,60.44,62.94,56.70,56.70,49269732,2890331648.000
2007-10-29,55.02,58.44,52.44,55.82,28056410,1574347008.000
2007-10-30,55.74,59.84,55.71,57.88,23290977,1365647616.000
2007-10-31,58.44,59.82,56.44,57.69,20398631,1188555776.000
2007-11-01,57.24,57.24,53.12,53.51,44661897,2456139776.000
2007-11-02,52.32,53.44,49.98,50.55,37955100,1969694336.000
2007-11-05,49.83,52.64,48.82,50.64,26340211,1348912384.000
2007-11-06,50.44,51.20,45.52,46.82,49668080,2366853632.000
2007-11-07,47.26,49.92,47.14,48.22,27208390,1331246080.000
2007-11-08,47.94,48.44,45.44,46.83,20867772,989690112.000
2007-11-09,47.04,49.04,46.44,46.79,29900091,1449677696.000
2007-11-12,44.44,45.44,42.06,43.79,38185110,1670865536.000
2007-11-13,44.34,45.92,42.54,43.40,32725032,1478521856.000
2007-11-14,44.94,47.80,43.34,47.78,35809723,1647228672.000
2007-11-15,47.24,48.64,46.24,46.90,28866666,1387322880.000
2007-11-16,45.45,46.34,44.47,45.66,19232588,882285504.000
2007-11-19,45.64,46.14,43.99,44.41,14681259,663405824.000
2007-11-20,44.14,47.77,42.72,46.68,39721567,1803398272.000
2007-11-21,46.44,47.13,44.76,44.98,24405851,1136639616.000
2007-11-22,43.44,44.34,42.45,42.67,22256171,975883328.000
2007-11-23,42.21,42.92,40.42,41.42,23472713,983232128.000
2007-11-26,42.99,43.92,41.24,41.57,28893730,1254414464.000
2007-11-27,40.99,41.60,39.34,39.99,32569631,1327488128.000
2007-11-28,40.64,42.89,39.34,41.47,42299120,1756508288.000
2007-11-30,43.39,44.38,40.74,40.90,47079382,2034887808.000
2007-12-03,40.04,40.64,39.24,39.54,29198138,1173433216.000
2007-12-04,39.60,40.89,39.44,39.67,19256597,780606208.000
2007-12-05,39.69,41.19,38.54,40.56,40722623,1646066048.000
2007-12-06,40.54,41.62,40.04,40.81,25878420,1075577856.000
2007-12-07,41.44,42.94,40.74,42.57,25582394,1088101888.000
2007-12-10,41.88,45.04,41.59,44.13,36317590,1610380032.000
2007-12-11,44.32,44.94,43.25,43.98,27503753,1229760512.000
2007-12-12,43.44,43.84,41.49,42.05,25219849,1080924416.000
2007-12-13,42.08,42.73,39.44,39.52,34020887,1398464768.000
2007-12-14,39.33,39.34,37.00,39.05,37754426,1467882752.000
2007-12-17,38.94,38.94,36.44,36.53,28031169,1060834880.000
2007-12-18,36.43,39.14,35.86,37.75,27335142,1057680192.000
2007-12-19,39.04,39.63,38.02,39.20,25035608,983555392.000
2007-12-20,39.79,43.04,39.79,41.12,32239973,1349904896.000
2007-12-21,41.02,42.51,40.67,41.40,21630789,909237696.000
2007-12-24,41.74,44.30,41.74,43.35,34850751,1518804992.000
2007-12-25,43.55,43.95,42.19,42.45,25398981,1102431744.000
2007-12-26,42.55,43.32,41.32,42.15,29442325,1253664512.000
2007-12-27,42.26,43.34,41.29,42.92,30343395,1305184128.000
2007-12-28,43.02,43.23,41.94,42.10,21048287,904216896.000
2008-01-02,42.35,44.94,41.94,44.85,41354095,1832222080.000
2008-01-03,44.41,45.82,43.95,45.36,35798787,1627848832.000
2008-01-04,45.43,48.39,45.32,47.67,36582006,1737265280.000
2008-01-07,47.39,48.17,46.52,46.88,37478115,1798079616.000
2008-01-08,47.03,48.54,46.44,47.25,33370336,1614412672.000
2008-01-09,46.64,47.42,45.94,46.52,24292472,1140857600.000
2008-01-10,46.54,47.99,46.03,47.93,28363490,1345080576.000
2008-01-11,48.34,48.92,46.43,46.69,31497641,1503870336.000
2008-01-14,46.74,47.04,44.95,45.40,40270289,1857514368.000
2008-01-15,45.32,46.94,43.33,46.09,77605557,3499750656.000
2008-01-16,44.80,44.82,43.15,43.21,62214237,2759646720.000
2008-01-17,42.21,42.44,38.83,39.75,85640286,3495450880.000
2008-01-18,39.04,39.93,38.17,39.58,52784317,2089827200.000
2008-01-21,39.63,40.04,36.02,36.42,44343684,1695461888.000
2008-01-22,35.74,35.75,32.77,34.30,52563004,1824596992.000
2008-01-23,34.24,35.74,33.94,35.39,31208248,1113016064.000
2008-01-24,35.97,36.43,33.84,35.72,39367363,1406834432.000
2008-01-25,36.08,36.32,34.45,35.67,24122008,868403840.000
2008-01-28,35.12,35.14,32.05,32.05,27868263,938672832.000
2008-01-29,32.15,32.92,30.61,31.23,32120993,1025220736.000
2008-01-30,31.77,34.38,31.39,33.40,42997548,1434934784.000
2008-01-31,33.14,35.59,32.64,34.37,37218670,1305491072.000
2008-02-01,34.61,36.37,33.74,35.73,54010778,1951503616.000
2008-02-04,36.96,39.36,36.34,39.35,54747944,2126867712.000
2008-02-05,38.44,39.88,37.74,39.12,25231823,987030912.000
2008-02-13,39.19,39.19,38.04,38.45,13483228,527577600.000
2008-02-14,38.77,40.68,38.77,39.36,25160647,1016972928.000
2008-02-15,38.82,39.03,38.09,38.67,11008823,431012992.000
2008-02-18,39.84,40.98,39.29,40.02,27914921,1135702144.000
2008-02-19,40.24,40.50,39.34,40.09,12656873,510655968.000
2008-02-20,40.24,40.42,37.66,38.39,30223275,1187777664.000
2008-02-21,37.50,38.02,36.34,36.71,24054174,902879680.000
2008-02-22,36.44,36.52,34.92,35.44,16634791,600440896.000
2008-02-25,35.63,36.94,34.63,36.30,15121654,549566592.000
2008-02-26,37.25,37.42,34.72,35.93,13160319,480296704.000
2008-02-27,35.93,37.94,35.49,37.14,13022103,488050560.000
2008-02-28,36.93,36.93,36.06,36.35,8034413,297699232.000
2008-02-29,36.14,36.63,35.89,36.10,7909760,290799584.000
2008-03-03,35.74,37.49,34.89,36.65,15929991,588812608.000
2008-03-04,36.89,38.49,36.70,36.94,18914447,722455104.000
2008-03-05,36.81,36.89,35.33,36.01,12125120,443285952.000
2008-03-06,35.99,37.44,35.44,36.31,12189383,452581856.000
2008-03-07,35.94,37.44,35.44,36.71,9484184,353183744.000
2008-03-10,36.44,36.48,34.14,34.36,23072737,817318592.000
2008-03-11,33.64,34.04,32.04,33.20,18790122,629596864.000
2008-03-12,34.10,34.33,31.89,32.06,14574579,485414496.000
2008-03-13,31.73,32.02,30.82,30.94,12549606,399666336.000
2008-03-14,30.94,31.23,30.15,30.56,9507302,296715712.000
2008-03-17,30.25,30.44,28.05,30.05,17657388,522273408.000
2008-03-18,29.31,30.38,27.21,27.88,17758227,514789824.000
2008-03-19,28.43,29.02,27.28,27.84,22089069,631921600.000
2008-03-20,27.04,28.54,25.00,27.60,39983610,1080030592.000
2008-03-21,27.22,29.42,26.95,28.89,25571293,744374464.000
2008-03-24,29.49,29.57,26.44,26.53,16425659,471766368.000
2008-03-25,26.13,27.34,25.74,26.73,14002240,378560352.000
2008-03-26,27.00,27.69,26.54,26.76,13364568,369559200.000
2008-03-27,25.74,27.14,25.24,25.69,14656029,389783328.000
2008-03-28,25.52,27.52,25.33,27.35,22542513,607642624.000
2008-03-31,26.24,26.74,25.74,26.06,15346010,412456160.000
2008-04-01,25.99,26.67,24.42,24.50,19272288,499726528.000
2008-04-02,24.94,26.44,23.16,25.42,30704795,792736896.000
2008-04-03,25.33,27.34,24.74,27.09,21729975,585434112.000
2008-04-07,26.45,29.07,26.34,28.75,29641075,851905216.000
2008-04-08,28.74,28.95,27.94,28.63,17823233,518099584.000
2008-04-09,28.39,28.69,26.19,26.23,17083991,481522368.000
2008-04-10,25.46,26.94,25.17,26.56,13318394,356046880.000
2008-04-11,27.04,27.26,26.23,26.43,9613516,260865536.000
2008-04-14,25.74,25.74,23.94,24.48,21054262,535311232.000
2008-04-15,24.10,24.98,23.90,24.94,9367839,233970480.000
2008-04-16,25.04,25.13,23.74,23.74,13524255,333047232.000
2008-04-17,23.94,24.30,22.11,22.78,21277143,500304512.000
2008-04-18,22.69,23.44,21.84,22.52,16930641,392310496.000
2008-04-21,24.32,24.33,22.15,22.57,21624868,515569792.000
2008-04-22,22.33,24.88,22.04,24.88,39442765,964083008.000
2008-04-23,26.12,26.12,24.64,25.32,41288129,1073236096.000
2008-04-24,27.74,27.91,26.54,27.91,77603003,2177288192.000
2008-04-25,27.74,30.64,27.34,29.29,68881053,2050324864.000
2008-04-28,28.54,30.09,28.44,28.94,33647283,1006104448.000
2008-04-29,28.94,30.02,28.84,29.45,29545447,891872512.000
2008-04-30,29.74,31.42,29.25,30.67,52159246,1608489344.000
2008-05-05,31.39,32.19,31.02,31.55,37732613,1216514560.000
2008-05-06,31.24,31.46,30.44,30.48,31477911,988223680.000
2008-05-07,30.29,30.75,28.80,28.86,37922588,1148415104.000
2008-05-08,28.59,30.13,28.32,29.95,25152916,749686528.000
2008-05-09,30.14,30.62,28.64,30.01,27975084,850159744.000
2008-05-12,28.96,30.14,28.56,29.29,25911242,770006592.000
2008-05-13,28.22,29.42,28.05,28.72,22520474,658927424.000
2008-05-14,28.50,30.02,28.50,30.00,26288923,792630592.000
2008-05-15,30.46,31.04,29.94,29.96,28936391,901407424.000
2008-05-16,30.65,32.00,30.62,31.74,59591262,1905248512.000
2008-05-19,31.89,32.04,31.16,31.70,28957579,931702976.000
2008-05-20,32.09,32.64,29.55,29.85,39791831,1268327424.000
2008-05-21,29.32,30.43,28.15,29.71,38539348,1140056320.000
2008-05-22,28.94,29.04,27.60,27.62,51844575,1485376896.000
2008-05-23,27.32,27.62,25.75,26.19,42008559,1134379776.000
2008-05-26,25.92,25.93,24.90,25.29,20493504,529711680.000
2008-05-27,25.34,26.09,25.26,25.70,14959565,391762560.000
2008-05-28,25.94,26.42,24.84,26.29,35068396,920870592.000
2008-05-29,25.90,26.42,24.92,24.99,31695562,827688640.000
2008-05-30,25.14,25.93,24.72,25.68,25467445,657419968.000
2008-06-02,25.14,25.39,24.24,25.02,35060082,889296768.000
2008-06-03,25.12,25.23,24.27,24.59,20812255,523964416.000
2008-06-04,24.43,24.59,23.55,23.67,19888542,485564736.000
2008-06-05,23.52,24.33,23.45,23.89,12534492,308476384.000
2008-06-10,22.44,22.64,21.45,21.45,26228907,588337664.000
2008-06-11,21.15,21.59,20.77,21.17,17200572,373600576.000
2008-06-12,20.84,21.20,19.80,20.35,20620032,431368224.000
2008-06-13,20.47,20.59,18.75,18.79,24811311,498812800.000
2008-06-16,18.35,19.43,17.75,19.04,28463844,544580480.000
2008-06-17,18.90,18.90,17.35,17.59,22374081,413372736.000
2008-06-18,17.42,19.39,17.42,19.39,51112287,988240576.000
2008-06-19,19.40,20.37,18.82,18.87,74205321,1486862208.000
2008-06-20,18.68,20.24,17.34,19.71,53452932,1041302720.000
2008-06-23,18.95,19.37,18.33,18.47,21569132,414343392.000
2008-06-24,18.32,18.98,17.65,18.59,30757556,577439232.000
2008-06-25,18.27,19.87,18.12,19.57,44618780,878705664.000
2008-06-26,19.32,21.23,19.30,20.91,86209125,1771587072.000
2008-06-27,20.01,20.11,18.78,19.21,62489424,1231272192.000
2008-06-30,19.27,19.62,18.82,19.37,25806252,507160768.000
2008-07-01,19.23,19.47,18.37,18.69,25153520,483152320.000
2008-07-02,18.93,18.97,18.43,18.73,23244573,443447392.000
2008-07-03,18.19,19.85,17.62,19.29,44744375,856608768.000
2008-07-04,19.07,19.19,18.47,18.70,23534345,452637216.000
2008-07-07,18.77,20.50,18.68,20.01,49088983,994547968.000
2008-07-08,20.43,20.57,19.43,20.16,50787311,1040162752.000
2008-07-09,20.73,21.57,20.13,21.32,77639432,1664669824.000
2008-07-10,20.89,22.22,20.68,21.26,71075427,1548709504.000
2008-07-11,21.01,21.92,20.87,21.60,47122936,1025950208.000
2008-07-14,21.32,21.76,21.01,21.23,33911516,734342720.000
2008-07-15,21.31,21.58,19.89,19.94,43118494,900971840.000
2008-07-16,19.96,20.29,19.17,19.91,33364249,673072512.000
2008-07-17,20.34,20.51,19.33,19.46,24354762,495792096.000
2008-07-18,19.90,20.82,19.31,20.70,35999446,739329024.000
2008-07-21,20.42,21.27,20.01,21.07,41445701,878626176.000
2008-07-22,20.96,21.74,20.82,21.01,37987264,821995328.000
2008-07-23,21.23,21.54,20.77,20.81,29897473,642925632.000
2008-07-24,21.17,21.85,20.97,21.81,49419803,1078349568.000
2008-07-25,21.42,21.58,21.10,21.14,30863746,669958720.000
2008-07-28,21.42,21.62,20.70,20.75,38480185,826725632.000
2008-07-29,20.32,20.37,19.50,19.65,49554717,1003497152.000
2008-07-30,20.11,20.11,19.41,19.78,30131284,605082368.000
2008-07-31,19.72,19.73,19.22,19.33,20364637,403360800.000
2008-08-01,19.21,19.65,18.73,19.34,24942146,486043040.000
2008-08-04,19.12,19.12,18.48,18.52,19085437,364763360.000
2008-08-05,18.63,18.76,17.58,17.73,25969938,477139520.000
2008-08-06,17.84,17.93,17.18,17.51,27321442,489564544.000
2008-08-07,17.52,17.92,17.07,17.32,25150613,447987744.000
2008-08-08,17.32,17.38,15.72,15.79,42237311,711593344.000
2008-08-11,15.84,15.92,14.60,14.78,34161556,527359936.000
2008-08-12,14.78,15.15,14.44,15.04,27723320,422365056.000
2008-08-13,14.77,15.72,14.52,15.52,31550749,487941184.000
2008-08-14,15.32,15.62,15.12,15.23,20739262,326444704.000
2008-08-15,15.33,15.55,14.92,15.28,23428770,366379584.000
2008-08-18,15.30,15.30,13.85,13.89,25270787,376819136.000
2008-08-19,13.77,14.29,13.64,14.08,17444550,251562016.000
2008-08-20,13.82,15.53,13.53,15.53,46454771,712448128.000
2008-08-21,15.16,15.47,14.50,14.59,34530540,531365344.000
2008-08-22,14.32,14.61,13.90,14.34,22246849,325337504.000
2008-08-25,14.33,14.90,14.16,14.65,16542349,248378016.000
2008-08-26,14.32,14.66,14.07,14.54,15948053,235460960.000
2008-08-27,14.83,14.99,14.35,14.70,26803380,404304352.000
2008-08-28,14.83,15.58,14.72,15.25,41391765,647280768.000
2008-08-29,15.25,15.78,15.00,15.47,40837974,643797824.000
2008-09-01,15.37,15.37,14.67,14.70,24896510,380877568.000
2008-09-02,14.62,15.02,14.37,14.64,20691076,312329344.000
2008-09-03,14.52,14.90,14.12,14.26,22292368,329719552.000
2008-09-04,14.22,14.22,13.64,14.11,27146464,389256128.000
2008-09-05,13.51,13.77,13.40,13.54,17986044,251305424.000
2008-09-08,13.57,13.82,13.44,13.52,15808240,221281296.000
2008-09-09,13.67,13.77,13.32,13.52,11215196,155952752.000
2008-09-10,13.41,13.78,13.02,13.09,26025922,356424768.000
2008-09-11,12.77,12.80,11.84,11.88,42245929,531875264.000
2008-09-12,11.80,12.27,11.63,12.25,28765228,356571904.000
2008-09-16,12.25,12.72,11.92,12.48,30968903,394076960.000
2008-09-17,12.32,12.49,12.07,12.44,19886724,252472160.000
2008-09-18,12.44,12.45,11.35,12.38,29388799,360400384.000
2008-09-19,13.66,13.66,13.34,13.66,37121932,519536480.000
2008-09-22,14.62,15.06,13.92,15.04,117193022,1766815232.000
2008-09-23,14.32,14.82,14.12,14.12,55515053,819113152.000
2008-09-24,13.82,14.06,13.32,14.02,36202829,506062016.000
2008-09-25,13.92,15.03,13.82,14.48,75811957,1134615040.000
2008-09-26,14.77,14.92,13.98,14.53,50569202,748761280.000
2008-10-06,13.82,13.82,13.04,13.04,46089437,632419200.000
2008-10-07,12.22,12.76,11.77,12.36,39515384,497366432.000
2008-10-08,11.79,12.07,11.52,11.61,39523419,478920896.000
2008-10-09,11.80,11.85,10.92,10.94,37481310,437935552.000
2008-10-10,10.29,10.29,9.81,9.81,59934290,614383552.000
2008-10-13,9.61,10.00,8.88,9.96,50414939,492975968.000
2008-10-14,10.26,10.28,9.19,9.21,60215681,617555776.000
2008-10-15,9.07,9.07,8.64,8.92,30645628,283166336.000
2008-10-16,8.41,8.50,7.99,7.99,57251787,489816704.000
2008-10-17,8.07,8.83,7.84,8.49,76688524,672292672.000
2008-10-20,8.27,8.70,7.97,8.60,51596196,450498272.000
2008-10-21,8.67,8.88,8.50,8.52,55700082,505474496.000
2008-10-22,8.32,8.66,8.12,8.19,37556963,327669024.000
2008-10-23,7.92,8.31,7.82,8.25,39060536,328413408.000
2008-10-24,8.21,8.28,7.88,7.94,33699279,284081984.000
2008-10-27,7.64,7.71,7.11,7.11,37667452,292534112.000
2008-10-28,6.80,7.83,6.75,7.79,49316358,379144992.000
2008-10-29,7.77,7.88,7.37,7.39,39537087,316373280.000
2008-10-30,7.51,8.11,7.40,7.75,49890556,408199040.000
2008-10-31,7.76,8.09,7.74,7.83,45516783,376907680.000
2008-11-03,7.82,8.01,7.52,7.99,39387909,324370016.000
2008-11-04,7.80,7.92,7.55,7.63,26152761,211754880.000
2008-11-05,7.73,8.21,7.73,7.93,41104557,343118720.000
2008-11-06,7.64,7.73,7.22,7.41,41907949,329592448.000
2008-11-07,7.12,7.48,7.00,7.40,31547113,241373984.000
2008-11-10,7.51,8.17,7.50,8.11,62215884,513937280.000
2008-11-11,8.07,8.53,7.83,8.13,71158617,607491712.000
2008-11-12,7.92,8.58,7.88,8.51,71959251,626231744.000
2008-11-13,8.31,8.92,8.21,8.72,85972391,776107776.000
2008-11-14,8.83,9.55,8.70,9.42,112780284,1072207424.000
2008-11-17,9.40,9.57,9.04,9.52,95510209,924628224.000
2008-11-18,9.42,9.49,8.53,8.53,81338720,759571584.000
2008-11-19,8.39,9.10,8.22,8.99,67532823,610846848.000
2008-11-20,8.72,8.96,8.52,8.61,60920961,553445120.000
2008-11-21,8.25,8.60,7.92,8.28,59715023,515915712.000
2008-11-24,8.37,8.45,7.88,7.90,39038072,333366400.000
2008-11-25,8.07,8.17,7.70,7.88,28303199,234711680.000
2008-11-26,7.89,8.15,7.89,8.00,24839418,209019136.000
2008-11-27,8.62,8.67,8.04,8.05,53661255,466961088.000
2008-11-28,7.93,8.01,7.64,7.77,34929080,286540096.000
2008-12-01,7.72,7.82,7.42,7.81,32711763,262676208.000
2008-12-02,7.57,8.24,7.51,8.12,52926778,438675840.000
2008-12-03,8.11,8.73,8.03,8.73,88979089,788341184.000
2008-12-04,8.83,9.29,8.67,8.77,116576052,1095504512.000
2008-12-05,8.63,8.91,8.63,8.84,57587278,528084320.000
2008-12-08,9.02,9.76,9.01,9.76,167141189,1666723840.000
2008-12-09,9.97,10.32,9.73,10.07,188378434,1970188928.000
2008-12-10,9.92,10.08,9.61,10.07,109224362,1121228288.000
2008-12-11,10.02,10.02,9.62,9.63,80986946,822551360.000
2008-12-12,9.50,9.51,8.63,8.81,98473011,922886080.000
2008-12-15,8.92,9.01,8.57,8.88,62285990,571924224.000
2008-12-16,8.04,8.47,8.02,8.40,117012515,1004788288.000
2008-12-17,8.28,8.46,8.17,8.35,100878079,878632704.000
2008-12-18,8.37,8.48,8.11,8.47,72784006,631726784.000
2008-12-19,8.50,8.90,8.50,8.67,93634966,854777920.000
2008-12-22,8.65,8.65,8.22,8.34,64591983,566160192.000
2008-12-23,8.32,8.32,7.76,7.78,76991495,640156352.000
2008-12-24,7.62,7.90,7.57,7.76,36876859,298859616.000
2008-12-25,7.77,7.87,7.55,7.63,31892540,257367536.000
2008-12-26,7.69,7.80,7.57,7.73,27451068,222094768.000
2008-12-29,7.83,7.88,7.27,7.57,77437136,605066496.000
2008-12-30,7.49,7.49,7.25,7.26,55349037,428370432.000
2008-12-31,7.27,7.31,7.05,7.12,42678391,321520512.000
2009-01-05,7.28,7.49,7.24,7.47,52810653,408481504.000
2009-01-06,7.47,8.04,7.37,7.89,75618000,615664704.000
2009-01-07,7.90,8.29,7.75,8.02,79857988,671383296.000
2009-01-08,7.81,7.86,7.56,7.61,52160754,421897728.000
2009-01-09,7.62,7.84,7.61,7.79,35390012,287804768.000
2009-01-12,7.80,8.02,7.71,7.85,49395218,407467584.000
2009-01-13,7.67,7.73,7.52,7.55,42269179,338729152.000
2009-01-14,7.54,8.18,7.51,8.12,71621861,592768704.000
2009-01-15,8.02,8.28,7.98,8.10,94007066,800413568.000
2009-01-16,8.13,8.62,8.11,8.43,118099419,1040315200.000
2009-01-19,8.49,8.72,8.24,8.33,95889763,852097280.000
2009-01-20,8.27,8.38,8.00,8.29,56329778,481555040.000
2009-01-21,8.08,8.37,8.02,8.15,52041630,445782880.000
2009-01-22,8.22,8.61,8.18,8.58,82577101,726660800.000
2009-01-23,8.52,8.72,8.36,8.41,67249223,599463616.000
2009-02-02,8.59,8.77,8.47,8.74,72229420,654155968.000
2009-02-03,8.73,9.04,8.66,9.02,85326132,791326912.000
2009-02-04,9.07,9.47,9.02,9.39,92833496,899094464.000
2009-02-05,9.59,10.01,9.23,9.38,139025166,1399672320.000
2009-02-09,10.22,10.36,10.04,10.36,175904252,1883073920.000
2009-02-10,10.54,11.43,10.36,11.43,273034524,3094535680.000
2009-02-11,11.32,11.78,10.86,11.22,239746916,2819105536.000
2009-02-12,11.40,11.72,10.65,11.15,167366543,1931642240.000
2009-02-13,11.30,11.92,10.86,11.88,250279332,2937841664.000
2009-02-16,12.05,12.11,11.53,11.84,206110028,2505395968.000
2009-02-17,11.77,11.80,11.20,11.25,165027443,1948366208.000
2009-02-18,10.89,11.02,10.22,10.26,144376253,1595445632.000
2009-02-19,10.42,10.57,10.23,10.43,92731549,1001324608.000
2009-02-20,10.43,10.87,10.15,10.81,87846502,960062656.000
2009-02-23,10.62,11.09,10.52,10.96,80365754,901893056.000
2009-02-24,10.72,10.90,10.16,10.23,110653863,1204227200.000
2009-02-25,10.47,10.66,10.12,10.55,83272784,896749120.000
2009-02-26,10.67,10.67,9.53,9.78,89815063,950616128.000
2009-02-27,9.62,9.71,8.97,9.11,76007842,733029248.000
2009-03-02,8.98,9.31,8.98,9.23,39465085,376981920.000
2009-03-03,8.93,9.19,8.81,9.05,49198331,460874528.000
2009-03-04,9.07,9.85,9.06,9.72,86981943,862067392.000
2009-03-05,9.92,10.22,9.57,10.14,111273277,1144317184.000
2009-03-06,9.90,10.10,9.82,9.93,64605842,668554688.000
2009-03-09,10.03,10.14,9.35,9.40,65377802,660623616.000
2009-03-10,9.30,10.38,9.24,10.38,129933767,1354009600.000
2009-03-11,10.80,10.87,10.04,10.14,141995050,1539282432.000
2009-03-12,10.04,10.10,9.57,9.94,74050784,756063360.000
2009-03-13,9.96,10.37,9.87,10.01,75627984,795264704.000
2009-03-16,9.94,10.05,9.62,10.00,46011420,472183264.000
2009-03-17,10.00,10.52,9.82,10.37,91370084,973977408.000
2009-03-18,10.43,10.75,10.33,10.50,114419485,1255483648.000
2009-03-19,10.51,11.14,10.43,11.09,138865740,1561161728.000
2009-03-20,11.02,11.14,10.70,10.97,132335301,1495807104.000
2009-03-23,11.00,11.72,10.98,11.54,147819114,1751008000.000
2009-03-24,11.75,11.81,11.30,11.35,108683187,1287414272.000
2009-03-25,11.25,11.25,10.77,10.78,117649448,1339033472.000
2009-03-26,10.87,11.53,10.82,11.51,185014660,2155192320.000
2009-03-27,11.62,11.73,11.28,11.71,197411650,2350670592.000
2009-03-30,11.65,11.93,11.48,11.56,148017254,1782878720.000
2009-03-31,11.13,11.42,10.98,11.41,124320831,1440229248.000
2009-04-01,11.42,11.68,11.37,11.48,125607242,1492971776.000
2009-04-02,11.55,12.15,11.48,11.88,206981838,2527085568.000
2009-04-03,11.97,12.00,11.45,11.50,138246210,1670158208.000
2009-04-07,11.50,11.76,11.28,11.46,82699365,981306432.000
2009-04-08,11.40,11.46,10.85,10.87,94280744,1087147264.000
2009-04-09,10.83,11.00,10.64,10.99,69500729,779628992.000
2009-04-10,11.09,11.37,10.87,11.32,91524913,1056611200.000
2009-04-13,11.47,12.49,11.47,12.49,248989180,3121534976.000
2009-04-14,12.62,13.12,12.50,12.79,268642451,3550231040.000
2009-04-15,12.63,12.79,12.22,12.76,136055305,1757438848.000
2009-04-16,12.85,13.78,12.85,13.09,172778129,2363837696.000
2009-04-17,13.12,13.36,12.42,12.64,115869265,1526562688.000
2009-04-20,12.63,13.70,12.50,13.44,148549667,2010093440.000
2009-04-21,13.22,13.75,12.97,13.53,147594661,2023982336.000
2009-04-22,13.64,13.82,12.49,12.66,155092221,2095620096.000
2009-04-23,12.47,12.66,12.12,12.50,108172204,1373631744.000
2009-04-24,12.50,12.52,11.82,11.94,98582476,1231130368.000
2009-04-27,11.82,11.94,11.40,11.44,84572846,1009009536.000
2009-04-28,11.32,11.62,11.23,11.53,65411382,774167104.000
2009-04-29,11.49,12.03,11.33,11.89,80247965,969522176.000
2009-04-30,11.62,11.77,11.42,11.56,115789025,1382726784.000
2009-05-04,11.57,12.36,11.50,12.23,128624810,1585036416.000
2009-05-05,12.37,12.42,12.07,12.16,99867761,1258111616.000
2009-05-06,12.15,12.31,12.00,12.19,77281968,968628544.000
2009-05-07,12.74,12.89,12.20,12.44,138689801,1791422720.000
2009-05-08,12.40,13.12,12.32,12.94,175247964,2324880896.000
2009-05-11,12.97,13.02,12.12,12.14,122208315,1585563776.000
2009-05-12,12.00,12.34,11.84,12.31,64100805,796348032.000
2009-05-13,12.28,12.71,12.12,12.58,73762393,943144256.000
2009-05-14,12.43,12.47,12.12,12.30,65837999,834784576.000
2009-05-15,12.43,12.96,12.43,12.59,102814585,1345857152.000
2009-05-18,12.59,12.64,12.07,12.54,59079604,751630976.000
2009-05-19,12.87,13.07,12.63,12.78,93192952,1230022912.000
2009-05-20,12.97,12.98,12.52,12.54,67854993,888738368.000
2009-05-21,12.33,12.46,11.95,12.02,87181505,1091756928.000
2009-05-22,11.95,12.12,11.82,12.06,45350133,558903680.000
2009-05-25,11.70,12.03,11.62,11.98,46421969,566782848.000
2009-05-26,11.97,12.06,11.79,11.80,41885602,515250624.000
2009-05-27,12.01,12.46,11.94,12.36,96614014,1219910016.000
2009-06-01,13.23,13.60,12.92,12.95,182404041,2477919232.000
2009-06-02,13.27,14.12,13.12,13.70,237270269,3320298496.000
2009-06-03,13.82,14.07,13.54,13.85,149806507,2124921984.000
2009-06-04,13.63,13.82,13.27,13.56,142966505,1983936128.000
2009-06-05,13.47,14.08,13.23,13.70,172884914,2439240704.000
2009-06-08,13.62,13.62,13.05,13.17,147560649,2006934656.000
2009-06-10,13.20,13.38,13.08,13.29,84687309,1154251264.000
2009-06-11,13.32,13.37,12.80,12.84,90940710,1216837760.000
2009-06-12,12.87,12.96,12.46,12.58,82500007,1074520576.000
2009-06-15,12.56,12.84,12.52,12.82,46016960,601041792.000
2009-06-16,12.69,12.79,12.55,12.71,39312600,512649888.000
2009-06-17,12.77,13.12,12.70,13.05,63539310,846724544.000
2009-06-18,13.17,13.30,12.97,13.11,68369389,922225088.000
2009-06-19,13.12,13.22,12.89,13.11,63557612,855171840.000
2009-06-22,13.25,13.48,13.12,13.17,71724338,980482880.000
2009-06-23,12.87,13.02,12.70,12.84,62382984,824228352.000
2009-06-24,12.72,13.03,12.69,13.01,52179967,690931648.000
2009-06-25,13.05,13.05,12.78,12.81,45790389,606565312.000
2009-06-26,12.86,13.40,12.73,13.37,102842509,1385334400.000
2009-06-29,13.31,13.68,13.07,13.44,117843110,1627823488.000
2009-06-30,13.48,13.56,13.12,13.19,62066824,851519680.000
2009-07-01,13.26,13.39,13.14,13.35,45420861,606212864.000
2009-07-02,13.36,13.89,13.29,13.72,93251756,1277898240.000
2009-07-03,13.51,14.45,13.47,14.22,155486133,2200816896.000
2009-07-06,14.29,14.86,14.03,14.63,148106742,2165070592.000
2009-07-07,14.51,14.79,14.26,14.33,103409846,1512152576.000
2009-07-08,14.16,14.41,13.86,14.39,96143111,1368475520.000
2009-07-09,14.34,14.63,14.14,14.61,94137071,1366633344.000
2009-07-10,14.57,14.99,14.43,14.60,79736308,1181635584.000
2009-07-13,14.61,14.66,14.26,14.37,83135605,1208592384.000
2009-07-14,14.30,14.59,14.22,14.53,73956610,1075081728.000
2009-07-15,14.83,15.99,14.83,15.99,180641802,2833549312.000
2009-07-16,16.21,16.78,15.76,15.83,169894668,2787164416.000
2009-07-17,15.81,16.41,15.74,16.19,95641309,1545328256.000
2009-07-20,16.26,17.82,16.24,17.40,153766419,2665130752.000
2009-07-21,17.47,17.76,16.94,17.20,106924491,1865846656.000
2009-07-22,17.17,17.80,17.09,17.60,79228050,1397596928.000
2009-07-23,17.59,17.65,17.20,17.38,60044667,1048475776.000
2009-07-24,17.51,18.02,16.80,17.72,91623239,1614171904.000
2009-07-27,17.82,18.91,17.46,18.69,127334535,2349011200.000
2009-07-28,18.46,19.89,18.41,19.05,128180703,2474013952.000
2009-07-29,18.71,19.01,17.14,17.45,124186969,2248201984.000
2009-07-30,17.50,17.90,16.50,17.44,93107275,1602829312.000
2009-07-31,17.51,18.92,17.11,18.41,110998671,1993458048.000
2009-08-03,18.38,20.06,18.09,19.90,160771524,3145430784.000
2009-08-04,19.90,20.01,19.21,19.73,84749418,1678345216.000
2009-08-05,19.65,20.12,19.30,19.73,75460636,1497688192.000
2009-08-06,19.51,19.51,18.49,18.65,73159911,1387967488.000
2009-08-07,18.39,18.51,17.11,17.30,112239598,2010423936.000
2009-08-10,17.54,17.87,16.78,17.26,69174604,1204949120.000
2009-08-11,17.29,17.33,16.71,17.08,61252238,1044952768.000
2009-08-12,16.91,16.93,15.86,15.97,82620744,1354479872.000
2009-08-13,15.93,16.39,15.60,16.28,66909784,1078717952.000
2009-08-14,16.29,16.36,15.57,15.59,62335400,998306240.000
2009-08-17,15.26,15.50,14.33,14.49,75338557,1132829824.000
2009-08-18,14.31,15.03,14.31,14.83,61411480,907826112.000
2009-08-19,14.71,14.82,13.42,13.73,75822771,1069834752.000
2009-08-20,13.71,14.36,13.69,14.28,81709065,1154468608.000
2009-08-21,14.11,14.57,13.82,14.55,92919176,1330035328.000
2009-08-24,14.45,14.75,14.14,14.55,73087740,1068575168.000
2009-08-25,14.45,14.45,13.28,13.87,88655753,1228211072.000
2009-08-26,13.71,15.02,13.61,14.59,87099900,1260935424.000
2009-08-27,14.39,14.74,13.90,14.27,64116000,924704896.000
2009-08-28,14.05,14.25,13.44,13.59,75900585,1045460480.000
2009-08-31,13.34,13.34,12.22,12.29,68628819,873736448.000
2009-09-01,12.24,12.59,12.11,12.27,50645523,628619840.000
2009-09-02,12.11,12.45,12.01,12.32,64787481,800676224.000
2009-09-03,12.33,13.23,12.20,13.10,77679302,998022528.000
2009-09-04,13.05,13.25,12.81,13.08,75359451,990424704.000
2009-09-07,13.16,13.49,13.02,13.16,60941284,815124608.000
2009-09-08,13.06,13.56,12.76,13.51,76583172,1022304576.000
2009-09-09,13.53,14.30,13.42,14.19,111159542,1551882624.000
2009-09-10,13.92,14.51,13.82,14.07,79835649,1144837120.000
2009-09-11,14.07,14.30,14.01,14.18,54464949,778394048.000
2009-09-14,14.11,14.51,14.03,14.38,58736906,843852096.000
2009-09-15,14.41,14.61,13.91,14.36,71004462,1019217856.000
2009-09-16,14.21,14.33,13.84,14.03,61070442,863363456.000
2009-09-17,14.04,14.52,14.04,14.35,56597644,816947712.000
2009-09-18,14.36,14.42,13.62,13.72,66365603,937265664.000
2009-09-21,13.51,13.57,13.09,13.53,47989821,643586688.000
2009-09-22,13.46,13.59,12.86,12.92,45473468,605588992.000
2009-09-23,12.91,13.14,12.40,12.53,62928356,803727488.000
2009-09-24,12.41,12.66,12.07,12.44,58924404,733416576.000
2009-09-25,12.36,12.62,12.21,12.51,45838198,574651520.000
2009-09-28,12.61,12.75,12.09,12.15,33172564,416113440.000
2009-09-29,12.19,12.26,11.69,11.85,44750602,536768416.000
2009-09-30,11.96,12.13,11.91,11.96,27721157,335343136.000
2009-10-09,12.71,13.17,12.60,13.17,78355087,1022069760.000
2009-10-12,13.21,13.24,12.76,12.90,53977472,703809216.000
2009-10-13,12.79,13.23,12.71,13.14,35770894,470552640.000
2009-10-14,13.09,13.65,13.01,13.26,61455401,827957120.000
2009-10-15,13.46,13.66,13.07,13.31,40633613,548055680.000
2009-10-16,13.32,13.55,13.03,13.49,43585475,582516416.000
2009-10-19,13.51,13.90,13.32,13.78,56304889,774062528.000
2009-10-20,13.88,14.34,13.85,14.10,73970900,1049556608.000
2009-10-21,14.09,14.20,13.89,13.95,51467127,726336000.000
2009-10-22,13.92,14.18,13.87,13.94,44470714,627639872.000
2009-10-23,13.96,14.56,13.95,14.28,73193728,1050533568.000
2009-10-26,14.28,14.31,13.91,14.06,44380214,627647168.000
2009-10-27,13.91,13.91,13.27,13.30,66563221,907648320.000
2009-10-28,13.21,13.41,12.93,13.35,43985230,584794816.000
2009-10-29,13.01,13.16,12.91,12.98,37933804,496423776.000
2009-10-30,13.21,13.33,13.03,13.06,34211178,453859360.000
2009-11-02,12.61,13.36,12.51,13.33,42874014,562155840.000
2009-11-03,13.33,13.79,13.26,13.60,43019923,588097216.000
2009-11-04,13.56,13.93,13.51,13.71,41738674,577185856.000
2009-11-05,13.81,14.05,13.62,13.92,49626273,692940160.000
2009-11-06,14.12,14.30,13.92,14.07,63456343,902124480.000
2009-11-09,14.10,14.17,13.74,14.06,64239800,903325632.000
2009-11-10,14.26,14.36,14.01,14.06,56715594,808560256.000
2009-11-11,14.06,14.87,14.03,14.51,100112324,1462308992.000
2009-11-12,14.69,14.84,14.41,14.50,69128708,1018241664.000
2009-11-13,14.63,15.06,14.51,14.91,102605773,1525082112.000
2009-11-16,15.16,15.76,15.06,15.58,101380547,1565529728.000
2009-11-17,15.79,15.91,15.49,15.60,68912066,1086306560.000
2009-11-18,15.68,16.00,15.53,15.78,69648938,1105075328.000
2009-11-19,15.96,16.17,15.64,15.83,64522114,1031018944.000
2009-11-20,15.62,15.62,15.24,15.32,87617299,1355244032.000
2009-11-23,15.31,15.48,15.15,15.43,81629135,1254441344.000
2009-11-24,15.44,15.77,14.61,14.72,101781901,1566311296.000
2009-11-25,14.61,15.09,14.47,15.06,68197927,1011868928.000
2009-11-26,14.97,15.07,14.21,14.24,80112290,1181238144.000
2009-11-27,13.99,14.14,13.60,13.65,71481456,996844544.000
2009-11-30,13.73,14.26,13.73,14.24,51637389,729408512.000
2009-12-01,14.26,14.56,13.99,14.52,54424702,781172544.000
2009-12-02,14.57,14.78,14.44,14.66,58806775,863370560.000
2009-12-03,14.86,15.00,14.52,14.69,49639543,736802432.000
2009-12-04,14.61,15.25,14.28,15.19,107494558,1606094976.000
2009-12-07,15.11,15.58,14.93,15.40,72324882,1107249024.000
2009-12-08,15.31,15.39,14.81,14.92,64262142,971004160.000
2009-12-09,14.66,14.81,14.41,14.48,46937913,691246656.000
2009-12-10,14.49,14.74,14.46,14.63,34808914,510843488.000
2009-12-11,14.63,14.73,14.51,14.58,34120383,501949824.000
2009-12-14,14.57,14.95,14.10,14.84,50431756,735577344.000
2009-12-15,14.70,14.74,14.36,14.44,41331650,605598400.000
2009-12-16,14.42,14.54,14.31,14.33,31204442,452870112.000
2009-12-17,14.34,14.40,13.92,13.93,40215297,570887040.000
2009-12-18,13.79,13.81,13.39,13.50,44842487,614120576.000
2009-12-21,13.50,13.61,13.41,13.58,24737335,336364096.000
2009-12-22,13.58,13.60,12.95,13.02,33440034,444761312.000
2009-12-23,13.04,13.18,12.97,13.16,24358351,320752736.000
2009-12-24,13.22,13.60,13.10,13.55,40398662,544432064.000
2009-12-25,13.51,13.57,13.33,13.43,21929380,296355136.000
2009-12-28,13.43,13.78,13.43,13.65,28040350,384618400.000
2009-12-29,13.66,13.66,13.34,13.56,29215735,397143584.000
2009-12-30,13.57,13.80,13.47,13.74,50958065,702422784.000
2009-12-31,13.76,13.83,13.62,13.81,34270534,473915648.000
2010-01-04,13.90,13.90,13.60,13.62,30689362,424452064.000
2010-01-05,13.68,14.09,13.59,13.98,56327147,785003456.000
2010-01-06,14.00,14.34,13.91,14.01,51244532,731675584.000
2010-01-07,13.94,14.08,13.51,13.59,45460369,631419264.000
2010-01-08,13.49,13.59,13.30,13.53,37164019,502178784.000
2010-01-11,13.91,14.16,13.62,14.00,62244283,871820288.000
2010-01-12,13.99,14.89,13.97,14.76,119548715,1753567104.000
2010-01-13,14.48,14.74,14.22,14.45,81667073,1192049920.000
2010-01-14,14.48,14.87,14.28,14.72,58797137,868045184.000
2010-01-15,14.76,14.79,14.46,14.59,37031653,544175680.000
2010-01-18,14.46,15.13,14.41,15.06,77164430,1158043136.000
2010-01-19,15.10,15.13,14.84,14.96,48316553,726337536.000
2010-01-20,14.91,15.11,14.11,14.20,64824864,950108224.000
2010-01-21,14.20,14.36,13.69,13.89,68152369,953241664.000
2010-01-22,13.61,13.85,13.38,13.74,40763040,559582464.000
2010-01-25,13.66,13.87,13.56,13.59,20073648,277039328.000
2010-01-26,13.59,13.69,13.11,13.26,32806097,440484352.000
2010-01-27,13.24,13.33,12.91,13.04,22324375,295174720.000
2010-01-28,13.04,13.16,12.91,13.10,23814306,312559488.000
2010-01-29,12.91,13.16,12.71,12.96,23300510,304608672.000
2010-02-01,12.91,12.91,12.21,12.38,39361039,493829376.000
2010-02-02,12.46,12.66,12.27,12.33,27208166,342085024.000
2010-02-03,12.35,12.66,12.06,12.63,30997802,388324736.000
2010-02-04,12.57,12.58,12.32,12.46,31097079,390685216.000
2010-02-05,12.11,12.41,12.01,12.20,32274954,395336384.000
2010-02-08,12.20,12.40,12.16,12.26,13105190,162018464.000
2010-02-09,12.21,12.36,12.18,12.33,12620898,156013984.000
2010-02-10,12.42,12.55,12.37,12.50,16936585,212773952.000
2010-02-11,12.57,12.76,12.52,12.55,20214443,257206176.000
2010-02-12,12.66,12.74,12.54,12.73,14748859,188034304.000
2010-02-22,12.75,12.78,12.58,12.61,16312395,207823392.000
2010-02-23,12.59,12.59,12.21,12.40,16650830,207118064.000
2010-02-24,12.31,12.69,12.24,12.66,16579531,208119536.000
2010-02-25,12.70,12.88,12.61,12.87,26734810,343362304.000
2010-02-26,12.82,12.85,12.67,12.73,19235626,247075600.000
2010-03-01,12.71,12.95,12.68,12.91,20852993,270142912.000
2010-03-02,12.99,13.02,12.76,12.83,21536441,279458112.000
2010-03-03,12.85,12.97,12.69,12.92,21065575,272739232.000
2010-03-04,13.04,13.26,12.67,12.70,33740364,440974624.000
2010-03-05,12.89,13.18,12.75,13.04,34081244,445845344.000
2010-03-08,13.09,13.30,13.04,13.12,27674451,366810560.000
2010-03-09,13.09,13.11,12.81,12.94,21319030,278077248.000
2010-03-10,12.89,12.99,12.71,12.78,19221714,248161840.000
2010-03-11,12.83,12.85,12.64,12.79,14393314,184946544.000
2010-03-12,12.82,12.86,12.61,12.62,13821490,176841344.000
2010-03-15,12.64,12.74,12.29,12.38,20996547,263765696.000
2010-03-16,12.37,12.51,12.32,12.50,13390930,167439344.000
2010-03-17,12.51,12.99,12.43,12.88,26583488,341308224.000
2010-03-18,12.91,13.01,12.75,12.81,21509963,279181056.000
2010-03-19,12.81,13.06,12.67,12.94,26878243,349413472.000
2010-03-22,12.94,13.03,12.83,12.93,22082511,287677856.000
2010-03-23,12.91,12.92,12.50,12.62,29547710,377355456.000
2010-03-24,12.63,12.76,12.57,12.61,14634134,186659520.000
2010-03-25,12.61,12.61,12.41,12.42,15146851,189947376.000
2010-03-26,12.41,12.66,12.37,12.59,15352739,193768848.000
2010-03-29,12.61,12.95,12.55,12.84,27772140,358488672.000
2010-03-30,12.76,12.86,12.70,12.79,19731634,253601840.000
2010-03-31,12.80,12.86,12.61,12.64,16044226,205434208.000
2010-04-01,12.65,12.86,12.65,12.81,24667167,316818752.000
2010-04-02,12.82,12.98,12.82,12.92,28529971,370840576.000
2010-04-06,12.92,13.19,12.92,13.04,34634651,455594912.000
2010-04-07,13.04,13.06,12.87,12.93,20666144,269466816.000
2010-04-08,12.88,12.88,12.70,12.76,20995317,270215872.000
2010-04-09,12.80,12.86,12.72,12.83,15742143,203062576.000
2010-04-12,12.87,13.08,12.68,12.86,27236678,353437792.000
2010-04-13,12.86,13.18,12.78,13.16,49732883,652565824.000
2010-04-14,13.14,13.14,12.96,13.05,32028482,420064896.000
2010-04-15,13.11,13.49,13.02,13.40,77218719,1037639808.000
2010-04-16,13.29,13.37,13.12,13.22,27851844,370772480.000
2010-04-19,13.02,13.09,12.21,12.29,48119260,611471552.000
2010-04-20,12.29,12.40,11.97,12.20,41392049,505387040.000
2010-04-21,12.24,12.31,11.98,12.30,32546468,398897952.000
2010-04-22,12.22,12.24,11.97,12.02,34357706,417975584.000
2010-04-23,11.91,12.09,11.78,12.00,24424425,294221792.000
2010-04-26,12.00,12.17,11.99,12.00,15822723,192605840.000
2010-04-27,11.93,11.93,11.41,11.60,27894762,326512672.000
2010-04-28,11.60,11.95,11.51,11.80,26195934,311023104.000
2010-04-29,11.91,11.99,11.72,11.76,13196708,157282272.000
2010-04-30,11.85,12.11,11.54,12.09,22846361,272948352.000
2010-05-04,11.88,12.08,11.82,12.00,16273252,196239184.000
2010-05-05,11.83,12.21,11.31,12.07,32480824,386168128.000
2010-05-06,11.91,11.96,11.51,11.59,18822575,221909040.000
2010-05-07,11.34,11.34,10.91,11.01,33624892,377495552.000
2010-05-10,11.02,11.27,10.82,11.16,24722099,275728896.000
2010-05-11,11.44,11.48,11.01,11.11,31215573,356073504.000
2010-05-12,11.06,11.32,10.86,11.21,21376879,239795952.000
2010-05-13,11.25,11.34,11.11,11.31,21981376,249518176.000
2010-05-14,11.16,11.23,10.99,11.04,19554560,218398912.000
2010-05-17,10.85,10.87,10.06,10.08,29712386,313820704.000
2010-05-18,10.09,10.31,9.92,10.25,27837624,284642464.000
2010-05-19,10.12,10.30,9.95,10.07,19364251,197283776.000
2010-05-20,9.96,10.12,9.86,9.90,20986255,211039072.000
2010-05-21,9.51,9.86,9.43,9.85,25199900,245446464.000
2010-05-24,9.91,10.29,9.87,10.22,28846888,295400672.000
2010-05-25,10.17,10.17,9.89,9.93,24246035,244526320.000
2010-05-26,10.01,10.33,10.01,10.12,25783057,264561328.000
2010-05-27,10.05,10.28,9.84,10.24,25533183,260509040.000
2010-05-28,10.37,10.41,10.10,10.15,24848988,256317696.000
2010-05-31,10.11,10.11,9.81,9.82,23191914,232741536.000
2010-06-01,9.75,9.91,9.51,9.67,20948845,204665472.000
2010-06-02,9.60,9.78,9.56,9.77,12958858,126302144.000
2010-06-03,9.82,9.90,9.64,9.66,14116550,139521296.000
2010-06-04,9.56,9.65,9.45,9.61,15770666,152209536.000
2010-06-07,9.35,9.70,9.11,9.63,31830566,299950624.000
2010-06-08,9.50,9.87,9.45,9.64,24971806,243309200.000
2010-06-09,9.68,9.83,9.46,9.80,27208478,266042992.000
2010-06-10,9.71,9.84,9.69,9.70,18498874,182071648.000
2010-06-11,9.79,9.84,9.65,9.70,14824901,145533280.000
2010-06-17,9.72,9.78,9.50,9.51,13082674,127335384.000
2010-06-21,9.31,9.75,9.22,9.70,24220742,232418240.000
2010-06-22,9.61,9.75,9.50,9.63,17723209,171753968.000
2010-06-23,9.56,9.62,9.40,9.46,13034614,124964496.000
2010-06-24,9.43,9.61,9.40,9.46,10222054,97947448.000
2010-06-25,9.41,9.43,9.19,9.27,15631609,146644688.000
2010-06-28,9.26,9.30,9.16,9.17,9717846,90391280.000
2010-06-29,9.17,9.25,8.70,8.73,20188374,182335440.000
2010-06-30,8.71,8.78,8.52,8.64,13316880,115968648.000
2010-07-01,8.61,8.69,8.40,8.41,15266849,131773088.000
2010-07-02,8.41,8.48,8.12,8.37,14465768,121792536.000
2010-07-05,8.31,8.31,8.10,8.25,10783756,89686504.000
2010-07-06,8.21,8.49,8.20,8.47,14415724,121971144.000
2010-07-07,8.43,8.88,8.33,8.79,22031836,190194192.000
2010-07-08,8.71,8.86,8.50,8.69,36638514,322982656.000
2010-07-09,8.67,9.00,8.51,8.89,34921017,311049984.000
2010-07-12,8.87,9.10,8.80,9.08,29859835,269837664.000
2010-07-13,9.14,9.26,8.89,8.90,34533448,314858688.000
2010-07-14,8.99,9.10,8.88,8.96,21203410,192314736.000
2010-07-15,8.97,9.02,8.68,8.70,21209391,190066448.000
2010-07-16,8.68,8.87,8.52,8.83,15414108,134485200.000
2010-07-19,8.87,9.06,8.73,9.01,31006565,279202784.000
2010-07-20,8.99,9.35,8.94,9.28,38782192,358680704.000
2010-07-21,9.27,9.34,9.15,9.21,31781886,296502720.000
2010-07-22,9.17,9.41,9.14,9.33,24292295,227639264.000
2010-07-23,9.37,9.40,9.15,9.26,20252127,189304336.000
2010-07-26,9.27,9.41,9.13,9.33,28340686,265501632.000
2010-07-27,9.31,9.31,9.12,9.17,22007285,204886640.000
2010-07-28,9.15,9.47,9.14,9.44,33550773,317155136.000
2010-07-29,9.44,9.65,9.41,9.55,36709938,353549824.000
2010-07-30,9.52,9.68,9.41,9.59,31397481,302447712.000
2010-08-02,9.56,9.79,9.55,9.73,30496714,298464576.000
2010-08-03,9.82,9.91,9.43,9.44,34237164,333229792.000
2010-08-04,9.41,9.47,9.21,9.43,28684191,270703136.000
2010-08-05,9.43,9.48,9.26,9.31,21275457,200940576.000
2010-08-06,9.29,9.58,9.26,9.57,25405972,241884432.000
2010-08-09,9.55,9.66,9.46,9.59,23492592,226893376.000
2010-08-10,9.65,9.68,9.21,9.24,28054707,267823328.000
2010-08-11,9.21,9.35,9.17,9.30,16812003,157062992.000
2010-08-12,9.19,9.26,9.07,9.08,19683978,182024448.000
2010-08-13,9.06,9.29,9.02,9.28,17807173,165002192.000
2010-08-16,9.32,10.22,9.24,10.22,83644010,839255168.000
2010-08-17,10.46,10.51,10.18,10.29,91430924,953270528.000
2010-08-18,10.23,10.37,10.04,10.23,45549518,468011072.000
2010-08-19,10.18,10.42,10.08,10.17,53832552,556205632.000
2010-08-20,10.12,10.45,10.03,10.04,51303161,528410560.000
2010-08-23,10.03,10.32,10.02,10.09,36986978,378806336.000
2010-08-24,10.12,10.26,9.92,10.08,29912991,304592384.000
2010-08-25,9.97,10.06,9.66,9.68,35062890,348044064.000
2010-08-26,9.84,10.06,9.72,9.80,36829174,367166400.000
2010-08-27,9.79,9.88,9.62,9.78,20589885,202206208.000
2010-08-30,9.86,10.01,9.81,9.93,30361841,304128256.000
2010-08-31,9.88,9.88,9.68,9.82,27337664,269294752.000
2010-09-01,9.82,10.02,9.58,9.69,42031940,416449728.000
2010-09-02,9.82,10.10,9.75,10.05,54911982,551530304.000
2010-09-03,10.06,10.10,9.78,9.93,41020618,410817408.000
2010-09-06,9.98,10.23,9.91,10.16,49402589,503397280.000
2010-09-07,10.17,10.40,10.07,10.26,47712086,493670336.000
2010-09-08,10.17,10.21,10.01,10.20,36182968,368452832.000
2010-09-09,10.20,10.24,9.86,9.90,37927609,383625280.000
2010-09-10,9.88,9.96,9.67,9.83,22688749,224798224.000
2010-09-13,9.84,9.96,9.72,9.91,21411726,213046656.000
2010-09-14,9.93,9.96,9.75,9.78,26457573,262428480.000
2010-09-15,9.77,9.78,9.49,9.52,31817042,308881984.000
2010-09-16,9.53,9.58,9.23,9.30,25573218,241843840.000
2010-09-17,9.28,9.34,9.19,9.26,19351970,180790032.000
2010-09-20,9.21,9.36,9.11,9.30,20064712,187573376.000
2010-09-21,9.33,9.37,9.21,9.26,18096970,169859088.000
2010-09-27,9.31,9.37,9.23,9.35,23945831,225559744.000
2010-09-28,9.31,9.44,9.26,9.30,17963434,169597184.000
2010-09-29,9.31,9.55,9.21,9.47,24060598,229437920.000
2010-09-30,9.36,9.66,9.31,9.62,21392135,206343184.000
2010-10-08,9.76,10.23,9.74,10.06,54691367,554733568.000
2010-10-11,10.09,10.78,10.09,10.57,84071029,892410432.000
2010-10-12,10.58,10.76,10.33,10.70,59851421,637755776.000
2010-10-13,10.61,10.79,10.41,10.60,41863125,446876928.000
2010-10-14,10.67,11.30,10.66,10.89,83845385,929006912.000
2010-10-15,10.81,11.41,10.73,11.30,87473886,984520000.000
2010-10-18,11.40,11.79,11.11,11.18,88755107,1023238080.000
2010-10-19,11.16,11.39,10.97,11.32,49609310,558611328.000
2010-10-20,10.91,11.26,10.91,11.10,55120496,614733632.000
2010-10-21,11.14,11.20,10.71,10.94,46959919,517432544.000
2010-10-22,10.93,11.24,10.68,11.07,47236802,522684928.000
2010-10-25,11.14,11.47,10.89,11.37,54345052,614387200.000
2010-10-26,11.38,11.60,11.22,11.30,51910663,596699264.000
2010-10-27,11.26,11.51,11.00,11.07,41817135,473755424.000
2010-10-28,11.02,11.25,10.80,11.12,34445644,382706752.000
2010-10-29,11.02,11.24,10.87,11.04,29644027,329848320.000
2010-11-01,11.03,11.62,11.02,11.59,63827567,735622656.000
2010-11-02,11.61,12.60,11.51,12.10,96887727,1174896768.000
2010-11-03,12.01,12.08,11.64,11.65,48892072,585851072.000
2010-11-04,11.65,11.91,11.46,11.86,51457170,605102336.000
2010-11-05,12.01,12.08,11.66,11.78,40559450,483078752.000
2010-11-08,11.92,12.00,11.71,11.81,39610547,470858816.000
2010-11-09,11.80,11.81,11.37,11.45,53864078,625976384.000
2010-11-10,11.38,11.43,11.17,11.24,39378517,447712992.000
2010-11-11,11.19,11.68,11.19,11.42,53956900,619066688.000
2010-11-12,11.29,11.33,10.31,10.47,66903063,732985792.000
2010-11-15,10.46,10.59,10.21,10.42,40316259,421802176.000
2010-11-16,10.42,10.42,9.86,9.94,40376484,411940448.000
2010-11-17,9.86,10.09,9.81,9.86,30248388,303438528.000
2010-11-18,9.96,10.05,9.87,9.95,28136545,282145824.000
2010-11-19,10.03,10.05,9.62,10.02,32674683,325206848.000
2010-11-22,9.91,10.03,9.84,9.93,28094797,281447936.000
2010-11-23,9.97,9.99,9.47,9.62,30971924,301424384.000
2010-11-24,9.59,9.86,9.56,9.80,19972565,196554256.000
2010-11-25,9.91,9.95,9.74,9.94,24679319,246007888.000
2010-11-26,9.91,9.92,9.72,9.81,19417315,192071696.000
2010-11-29,9.80,9.85,9.61,9.77,17754875,174286928.000
2010-11-30,9.76,9.78,9.30,9.43,29777284,284951264.000
2010-12-01,9.45,9.53,9.38,9.49,12287891,117439592.000
2010-12-02,9.61,9.70,9.50,9.51,18137642,175886816.000
2010-12-03,9.54,9.85,9.48,9.83,35014242,344342496.000
2010-12-06,9.81,9.88,9.70,9.85,21123261,208750640.000
2010-12-07,9.76,10.00,9.51,9.89,20334288,199931760.000
2010-12-08,9.82,9.89,9.62,9.66,18183412,179162256.000
2010-12-09,9.61,9.75,9.54,9.59,14277985,138841744.000
2010-12-10,9.52,9.73,9.45,9.68,18180394,175728768.000
2010-12-13,9.69,9.96,9.62,9.94,36519304,363885376.000
2010-12-14,9.91,10.22,9.89,10.05,35606961,361979424.000
2010-12-15,10.01,10.05,9.84,9.87,24893011,249428688.000
2010-12-17,9.81,9.84,9.68,9.75,18943910,186388144.000
2010-12-20,9.76,9.80,9.37,9.51,27806683,268228960.000
2010-12-21,9.69,9.76,9.45,9.72,22735809,221325024.000
2010-12-22,9.66,10.06,9.63,9.78,31107160,309120064.000
2010-12-23,9.71,9.88,9.61,9.65,18962081,186510912.000
2010-12-24,9.57,9.71,9.52,9.61,13405432,129958728.000
2010-12-27,9.56,9.76,9.31,9.35,26753433,257245024.000
2010-12-28,9.31,9.35,9.06,9.07,20894248,193919152.000
2010-12-29,9.08,9.18,9.04,9.14,11408092,104899536.000
2010-12-30,9.17,9.26,9.03,9.15,13891927,128031272.000
2010-12-31,9.14,9.35,9.12,9.31,14171568,132152112.000
2011-01-04,9.41,9.56,9.26,9.51,19354426,184163376.000
2011-01-05,9.43,9.76,9.39,9.67,28963402,281050272.000
2011-01-06,9.61,9.77,9.52,9.54,19514927,189928352.000
2011-01-07,9.54,9.72,9.42,9.58,17189236,166476976.000
2011-01-10,9.56,9.59,9.31,9.32,15403754,146948944.000
2011-01-11,9.28,9.70,9.20,9.70,35899446,344505344.000
2011-01-12,9.62,9.84,9.58,9.74,33927050,332186816.000
2011-01-13,9.85,10.15,9.76,9.79,68633447,692219968.000
2011-01-14,9.71,9.86,9.60,9.78,31450696,308697216.000
2011-01-17,9.66,9.72,9.25,9.31,24568994,234940816.000
2011-01-18,9.25,9.45,9.23,9.37,11860277,111961088.000
2011-01-19,9.38,9.81,9.31,9.76,32718054,318883072.000
2011-01-20,9.70,9.91,9.58,9.64,36292709,356070048.000
2011-01-21,9.51,10.18,9.45,10.01,60432727,604589504.000
2011-01-24,9.98,10.16,9.88,10.00,46671806,473158144.000
2011-01-25,10.01,10.06,9.61,9.74,32872037,325083264.000
2011-01-26,9.76,10.16,9.72,10.13,37321310,376349024.000
2011-01-27,10.02,10.46,9.96,10.30,65475832,677910272.000
2011-01-28,10.25,10.38,10.13,10.30,31492591,325819264.000
2011-01-31,10.26,10.47,10.17,10.32,32678346,340524736.000
2011-02-01,10.35,10.37,10.11,10.18,22998372,236724768.000
2011-02-09,10.12,10.34,9.99,10.07,29694328,304315456.000
2011-02-10,10.01,10.34,9.93,10.32,30036667,308198400.000
2011-02-11,10.33,10.65,10.26,10.43,42394093,447481664.000
2011-02-14,10.43,10.76,10.42,10.67,46793897,501159584.000
2011-02-15,10.70,11.38,10.65,11.07,97015892,1086777600.000
2011-02-16,10.99,11.19,10.95,11.12,38808951,433584768.000
2011-02-17,11.13,11.35,10.97,11.17,40502425,454952288.000
2011-02-18,11.15,11.18,10.94,11.00,31119950,345824576.000
2011-02-21,10.91,11.06,10.78,11.01,42380521,466290016.000
2011-02-22,11.00,11.00,10.42,10.45,53493540,573926848.000
2011-02-23,10.42,10.46,10.23,10.34,28604613,298244000.000
2011-02-24,10.32,10.43,10.21,10.38,25491280,266014560.000
2011-02-25,10.37,10.37,10.10,10.29,29327490,302333440.000
2011-02-28,10.26,10.51,10.17,10.44,27697317,288933280.000
2011-03-01,10.45,10.57,10.36,10.43,28988708,306371680.000
2011-03-02,10.31,10.44,10.19,10.33,21685454,225289264.000
2011-03-03,10.33,10.50,10.20,10.21,28807822,300715648.000
2011-03-04,10.26,10.57,10.21,10.55,32358356,340014080.000
2011-03-07,10.57,10.86,10.57,10.80,43786376,472858784.000
2011-03-08,10.80,10.80,10.60,10.74,28766721,309716448.000
2011-03-09,10.79,10.95,10.67,10.87,35567883,388258496.000
2011-03-10,10.90,10.94,10.56,10.57,28553723,307733664.000
2011-03-11,10.54,10.66,10.31,10.34,29283559,309331040.000
2011-03-14,10.31,10.43,10.23,10.38,21225172,221067520.000
2011-03-15,10.29,10.29,9.90,10.07,40928217,414478336.000
2011-03-16,10.06,10.23,10.02,10.20,20996304,214951312.000
2011-03-17,10.07,10.13,9.91,10.00,27894809,281409856.000
2011-03-18,10.04,10.11,9.94,9.99,23265099,235146576.000
2011-03-21,9.97,10.06,9.89,9.96,21277022,213793152.000
2011-03-22,9.99,10.03,9.88,10.02,21297900,214085968.000
2011-03-23,10.02,10.16,9.96,10.13,21968893,223394544.000
2011-03-24,10.11,10.14,10.02,10.04,16189118,164429584.000
2011-03-25,10.04,10.22,10.02,10.19,24161186,247708128.000
2011-03-28,10.19,10.36,10.19,10.26,27802470,288099008.000
2011-03-29,10.25,10.28,10.01,10.05,25395809,259786112.000
2011-03-30,10.05,10.09,9.91,10.06,27598540,278284480.000
2011-03-31,10.07,10.09,9.89,9.91,18020051,180979088.000
2011-04-01,9.92,10.04,9.89,10.03,14644407,147065760.000
2011-04-06,10.01,10.16,9.94,10.11,31500490,319932032.000
2011-04-07,10.13,10.17,10.07,10.12,21795776,222512080.000
2011-04-08,10.13,10.24,10.11,10.23,25122265,258307984.000
2011-04-11,10.26,10.28,10.11,10.14,29961346,308309568.000
2011-04-12,10.11,10.34,9.96,10.33,52905511,543222528.000
2011-04-13,10.27,10.44,10.23,10.39,42610613,444628256.000
2011-04-14,10.39,10.46,10.25,10.35,37004922,386007104.000
2011-04-15,10.31,10.41,10.21,10.33,26960537,279982912.000
2011-04-18,10.30,10.32,10.16,10.23,29841142,308315456.000
2011-04-19,10.15,10.15,9.94,9.95,33844276,341813088.000
2011-04-20,9.97,10.04,9.94,9.99,21885672,220346064.000
2011-04-21,10.02,10.15,10.02,10.04,20699544,210455744.000
2011-04-22,10.07,10.24,9.97,10.06,26490633,269735680.000
2011-04-25,10.01,10.04,9.91,9.92,22645491,227213120.000
2011-04-26,9.91,9.96,9.82,9.84,17730124,176619904.000
2011-04-27,9.86,9.90,9.60,9.67,34585711,338782080.000
2011-04-28,9.70,9.72,9.46,9.47,20850783,201434016.000
2011-04-29,9.31,9.33,9.12,9.32,31285002,291542368.000
2011-05-03,9.31,9.38,9.21,9.34,16832044,158002672.000
2011-05-04,9.29,9.31,9.09,9.12,21057328,195307344.000
2011-05-05,9.10,9.25,9.09,9.17,12724213,118047856.000
2011-05-06,9.11,9.30,9.07,9.20,14317116,133016128.000
2011-05-09,9.21,9.26,9.16,9.23,12939353,120402936.000
2011-05-10,9.24,9.26,9.16,9.22,10455107,97063320.000
2011-05-11,9.22,9.25,9.12,9.17,11978933,111075232.000
2011-05-12,9.17,9.17,8.98,9.05,18071304,165724992.000
2011-05-13,9.02,9.12,9.01,9.10,10327313,94554912.000
2011-05-16,9.08,9.35,9.01,9.15,13249866,121171440.000
2011-05-18,9.09,9.27,9.07,9.21,15924060,147231872.000
2011-05-19,9.20,9.21,9.04,9.06,11289795,103974912.000
2011-05-20,9.06,9.12,9.02,9.08,6888693,63032392.000
2011-05-23,9.06,9.07,8.71,8.73,17165858,153811360.000
2011-05-24,8.74,8.77,8.65,8.72,9688358,85148480.000
2011-05-25,8.72,8.73,8.63,8.64,9288162,81338800.000
2011-05-26,8.67,8.73,8.61,8.62,7797413,68445176.000
2011-05-27,8.64,8.76,8.63,8.66,10034683,88219448.000
2011-05-30,8.65,8.69,8.52,8.53,7841752,68179248.000
2011-05-31,8.53,8.70,8.51,8.67,6799248,59115252.000
2011-06-01,8.67,8.68,8.59,8.63,8950423,77973968.000
2011-06-02,8.56,8.58,8.33,8.42,14950781,127783472.000
2011-06-03,8.42,8.60,8.40,8.59,9584120,82075560.000
2011-06-07,8.51,8.62,8.48,8.58,7536827,65273084.000
2011-06-08,8.58,8.61,8.44,8.58,12239420,105598816.000
2011-06-09,8.57,8.70,8.41,8.42,12222909,105860240.000
2011-06-10,8.42,8.52,8.34,8.43,9325138,79297720.000
2011-06-13,8.41,8.41,8.25,8.31,7266219,61081664.000
2011-06-14,8.31,8.44,8.30,8.40,9120646,77356928.000
2011-06-15,8.40,8.47,8.34,8.35,10978931,93090976.000
2011-06-16,8.32,8.40,8.21,8.22,10843348,90745312.000
2011-06-17,8.24,8.25,8.08,8.12,9238044,76287904.000
2011-06-20,8.11,8.12,7.99,8.02,9345241,75920784.000
2011-06-21,8.05,8.09,8.01,8.07,6993699,56301484.000
2011-06-22,8.08,8.11,8.00,8.04,6392554,51469924.000
2011-06-23,8.02,8.16,7.90,8.13,14087521,113110984.000
2011-06-24,8.06,8.42,8.06,8.36,21062988,174065104.000
2011-06-27,8.37,8.42,8.29,8.35,15158632,126625944.000
2011-06-28,8.37,8.37,8.26,8.30,10924897,90711128.000
2011-06-29,8.33,8.35,8.21,8.22,11531316,95446432.000
2011-06-30,8.23,8.37,8.19,8.29,14714121,122130416.000
2011-07-01,8.32,8.34,8.21,8.25,13476158,111470888.000
2011-07-04,8.30,8.45,8.28,8.43,19300049,161798368.000
2011-07-06,8.38,8.40,8.25,8.35,15570720,129688912.000
2011-07-07,8.36,8.42,8.28,8.30,15971405,133192432.000
2011-07-08,8.31,8.33,8.24,8.25,12646749,104567568.000
2011-07-11,8.22,8.29,8.18,8.24,12799245,105455120.000
2011-07-12,8.18,8.18,8.03,8.06,18182359,147025152.000
2011-07-13,8.09,8.15,8.05,8.15,11803995,95709424.000
2011-07-14,8.13,8.29,8.10,8.27,22279790,182832240.000
2011-07-15,8.23,8.24,8.10,8.21,18175494,148833312.000
2011-07-18,8.23,8.25,8.14,8.18,12599420,103152880.000
2011-07-19,8.10,8.15,8.06,8.10,12694421,102734424.000
2011-07-20,8.12,8.16,8.04,8.07,10191838,82392896.000
2011-07-21,8.07,8.12,8.00,8.01,11533103,92859904.000
2011-07-22,8.05,8.08,8.01,8.04,10685349,85902400.000
2011-07-25,8.01,8.03,7.74,7.77,17593870,138517536.000
2011-07-26,7.77,7.84,7.73,7.81,9258097,72228480.000
2011-07-27,7.82,7.84,7.75,7.83,12052932,94054288.000
2011-07-28,7.77,7.77,7.70,7.72,11664770,90141472.000
2011-07-29,7.73,7.77,7.66,7.72,9134697,70564656.000
2011-08-01,7.75,7.76,7.69,7.73,6926626,53559468.000
2011-08-02,7.69,7.70,7.55,7.64,10306550,78292360.000
2011-08-03,7.59,7.70,7.53,7.59,8603943,65420736.000
2011-08-04,7.61,7.63,7.57,7.58,6000389,45575264.000
2011-08-05,7.39,7.40,7.32,7.38,14275152,105000280.000
2011-08-08,7.26,7.37,6.83,6.90,21503518,151527952.000
2011-08-09,6.70,6.85,6.60,6.84,19014671,127765648.000
2011-08-10,6.90,6.96,6.83,6.85,15723375,108513352.000
2011-08-11,6.72,6.98,6.67,6.96,15682223,107287488.000
2011-08-12,6.97,7.40,6.94,7.17,24612652,176993824.000
2011-08-15,7.14,7.19,7.06,7.19,14496956,103188712.000
2011-08-16,7.19,7.19,7.07,7.08,9166143,65255364.000
2011-08-17,7.10,7.14,7.08,7.09,6260084,44505348.000
2011-08-18,7.08,7.11,6.98,7.00,10272757,72255840.000
2011-08-19,6.86,6.95,6.82,6.88,8899352,61203600.000
2011-08-22,6.88,6.95,6.82,6.84,7098021,48783352.000
2011-08-23,6.86,7.03,6.85,6.98,11296209,78580736.000
2011-08-24,7.06,7.09,6.92,6.93,9582855,67029816.000
2011-08-25,6.99,7.28,6.96,7.23,28079867,200550688.000
2011-08-26,7.17,7.19,7.08,7.13,15599283,111243320.000
2011-08-29,7.06,7.06,6.97,7.01,10957281,76810096.000
2011-08-30,7.05,7.16,6.98,6.98,12089337,85575656.000
2011-08-31,6.99,7.03,6.90,6.97,8161566,56832280.000
2011-09-01,7.00,7.07,6.88,6.92,9630772,67144544.000
2011-09-02,6.91,6.96,6.80,6.83,6974933,47861360.000
2011-09-05,6.79,6.79,6.57,6.61,14835308,98678456.000
2011-09-06,6.53,6.60,6.49,6.55,11261050,73648016.000
2011-09-07,6.58,6.68,6.55,6.67,10443979,69116280.000
2011-09-08,6.69,6.70,6.59,6.59,7072318,47030880.000
2011-09-09,6.59,6.75,6.59,6.62,6794754,45219192.000
2011-09-13,6.52,6.60,6.45,6.56,7259079,47385972.000
2011-09-14,6.56,6.68,6.50,6.67,11010537,72656504.000
2011-09-15,6.67,6.70,6.61,6.62,9471021,63037428.000
2011-09-16,6.68,6.70,6.58,6.60,8013320,53181480.000
2011-09-19,6.57,6.57,6.38,6.38,11737418,75614144.000
2011-09-20,6.38,6.44,6.37,6.42,7818322,50119616.000
2011-09-21,6.42,6.70,6.38,6.63,16474535,108069176.000
2011-09-22,6.58,6.59,6.39,6.40,13193389,85692904.000
2011-09-23,6.28,6.42,6.26,6.39,12253993,77552408.000
2011-09-26,6.37,6.43,6.25,6.27,10406729,65708060.000
2011-09-27,6.31,6.38,6.28,6.33,8532811,53998120.000
2011-09-28,6.35,6.38,6.20,6.22,8853715,55753480.000
2011-09-29,6.18,6.26,6.12,6.17,9421040,58331100.000
2011-09-30,6.19,6.22,6.12,6.17,8272409,50978920.000
2011-10-10,6.18,6.33,6.18,6.24,9860024,61569456.000
2011-10-11,6.36,6.43,6.25,6.31,11683949,74011232.000
2011-10-13,6.50,6.84,6.44,6.77,45958172,305737184.000
2011-10-14,6.69,6.74,6.62,6.66,19702807,131456416.000
2011-10-17,6.65,6.78,6.64,6.71,14374457,96591024.000
2011-10-18,6.64,6.69,6.46,6.47,11063683,72634888.000
2011-10-19,6.49,6.59,6.42,6.44,11632755,75700368.000
2011-10-20,6.39,6.44,6.10,6.23,18503923,115328560.000
2011-10-21,6.22,6.38,6.20,6.36,10519816,66172072.000
2011-10-24,6.40,6.69,6.27,6.62,18054249,117502144.000
2011-10-25,6.57,6.76,6.54,6.67,23630637,157415856.000
2011-10-26,6.64,6.73,6.59,6.66,18904525,125781672.000
2011-10-27,6.65,6.72,6.61,6.65,12932488,86372088.000
2011-10-28,6.73,6.90,6.72,6.79,31438264,213948304.000
2011-10-31,6.77,6.79,6.66,6.74,13572881,91173992.000
2011-11-01,6.65,6.74,6.59,6.65,17387541,115644912.000
2011-11-02,6.57,6.81,6.52,6.78,19511355,129756392.000
2011-11-03,6.80,6.97,6.78,6.94,31035192,212969728.000
2011-11-04,6.91,7.10,6.83,6.89,29881917,206937328.000
2011-11-07,6.84,6.92,6.77,6.81,18699253,127477344.000
2011-11-08,6.81,6.84,6.73,6.73,11329247,76741704.000
2011-11-09,6.77,6.82,6.67,6.74,12742854,85895528.000
2011-11-10,6.67,6.67,6.57,6.58,16270001,107816176.000
2011-11-11,6.61,6.63,6.56,6.58,7461882,49213588.000
2011-11-14,6.64,6.71,6.61,6.69,9638781,64342124.000
2011-11-15,6.68,6.73,6.66,6.73,10206520,68266584.000
2011-11-16,6.75,6.75,6.47,6.49,15628355,102702520.000
2011-11-17,6.49,6.53,6.40,6.40,11413285,73590320.000
2011-11-18,6.37,6.42,6.27,6.28,11991255,75879600.000
2011-11-21,6.30,6.32,6.26,6.30,6186982,38903128.000
2011-11-22,6.28,6.30,6.21,6.25,7962446,49799468.000
2011-11-23,6.25,6.28,6.16,6.17,8010494,49720932.000
2011-11-24,6.14,6.22,6.11,6.19,7152164,44034448.000
2011-11-25,6.18,6.21,6.12,6.14,5202961,32018386.000
2011-11-28,6.17,6.18,6.07,6.09,11230830,68575672.000
2011-11-29,6.15,6.16,6.09,6.15,7708182,47220008.000
2011-11-30,6.13,6.13,5.83,5.86,17143989,102306464.000
2011-12-01,5.99,6.10,5.93,5.96,14815258,89082448.000
2011-12-02,5.94,5.96,5.86,5.88,7026225,41415032.000
2011-12-05,5.89,5.90,5.76,5.82,8496205,49523184.000
2011-12-06,5.82,5.82,5.75,5.78,7189681,41578324.000
2011-12-07,5.80,5.82,5.77,5.80,6589836,38220920.000
2011-12-08,5.80,5.84,5.67,5.81,9866561,56865040.000
2011-12-09,5.75,5.81,5.74,5.76,4693911,27062912.000
2011-12-12,5.74,5.80,5.72,5.73,5168470,29789656.000
2011-12-13,5.72,5.76,5.58,5.61,8264416,46851320.000
2011-12-14,5.60,5.63,5.49,5.50,7788915,43205408.000
2011-12-15,5.47,5.47,5.29,5.29,11536103,62132100.000
2011-12-16,5.29,5.36,5.19,5.35,13831497,72843752.000
2011-12-19,5.30,5.30,5.09,5.25,13591314,70494528.000
2011-12-20,5.22,5.28,5.16,5.17,9744718,50821852.000
2011-12-21,5.22,5.24,5.05,5.07,10926373,56484856.000
2011-12-22,5.01,5.09,4.90,4.99,17145428,85398064.000
2011-12-23,4.97,5.07,4.93,5.00,12462847,62324360.000
2011-12-26,4.95,5.04,4.92,4.95,10963922,54567296.000
2011-12-27,4.92,4.97,4.76,4.78,16304690,79173816.000
2011-12-28,4.74,4.76,4.65,4.74,15335662,72096296.000
2011-12-29,4.71,4.82,4.66,4.68,19881015,93813672.000
2011-12-30,4.70,4.73,4.64,4.68,26746453,125397032.000
2012-01-04,4.70,4.71,4.49,4.50,25823802,118779584.000
2012-01-05,4.45,4.45,4.27,4.30,32089329,139393792.000
2012-01-06,4.29,4.35,4.17,4.32,30464445,129513408.000
2012-01-09,4.30,4.48,4.24,4.47,39995415,174519360.000
2012-01-10,4.46,4.72,4.45,4.68,60136620,275423936.000
2012-01-11,4.63,4.73,4.61,4.63,38174643,178318112.000
2012-01-12,4.62,4.73,4.58,4.69,27918956,130414112.000
2012-01-13,4.69,4.70,4.43,4.48,30385487,137761248.000
2012-01-16,4.41,4.45,4.37,4.38,13395753,59132636.000
2012-01-17,4.37,4.82,4.37,4.82,36503269,171034880.000
2012-01-18,5.30,5.30,5.07,5.10,147778318,775738304.000
2012-01-19,5.07,5.17,4.92,5.08,77733574,393384544.000
2012-01-20,5.05,5.10,4.97,5.05,49253432,248724976.000
2012-01-30,5.06,5.20,4.98,5.00,45057416,228608976.000
2012-01-31,4.98,5.12,4.98,5.08,28482537,144178784.000
2012-02-01,5.07,5.27,5.04,5.10,37834974,195112144.000
2012-02-02,5.13,5.38,5.10,5.33,41993758,219933248.000
2012-02-03,5.30,5.35,5.18,5.31,30224547,159506144.000
2012-02-06,5.31,5.39,5.26,5.30,24324514,129334456.000
2012-02-07,5.28,5.36,5.19,5.28,23878205,125954440.000
2012-02-08,5.25,5.38,5.19,5.37,26287892,139359632.000
2012-02-09,5.38,5.49,5.31,5.41,34764587,187783552.000
2012-02-10,5.40,5.58,5.37,5.47,30953025,170074224.000
2012-02-13,5.40,5.48,5.37,5.43,20656893,111912496.000
2012-02-14,5.41,5.44,5.35,5.39,12062279,65020540.000
2012-02-15,5.37,5.77,5.33,5.58,32820466,182250832.000
2012-02-16,5.54,5.67,5.46,5.51,24414007,135927328.000
2012-02-17,5.54,5.65,5.52,5.58,17358646,97039792.000
2012-02-20,5.65,5.71,5.53,5.60,16003039,89682664.000
2012-02-21,5.59,5.64,5.44,5.56,16312345,90200048.000
2012-02-22,5.52,5.59,5.48,5.58,20040758,111011576.000
2012-02-23,5.57,5.75,5.57,5.62,23136421,130693080.000
2012-02-24,5.61,5.79,5.56,5.78,29757356,169442720.000
2012-02-27,5.80,5.93,5.78,5.80,36463167,214129968.000
2012-02-29,5.86,5.87,5.74,5.75,18091908,104844560.000
2012-03-01,5.72,5.85,5.71,5.74,16970902,98017944.000
2012-03-02,5.75,5.85,5.73,5.79,16748851,96600960.000
2012-03-05,5.80,5.91,5.73,5.73,15819905,91942288.000
2012-03-06,5.74,5.75,5.54,5.64,22920304,128618080.000
2012-03-07,5.55,5.62,5.48,5.49,18993599,105417072.000
2012-03-08,5.51,5.61,5.51,5.60,16851618,93920720.000
2012-03-09,5.61,5.64,5.56,5.63,17847166,99828496.000
2012-03-12,5.60,5.63,5.48,5.56,22841488,126577752.000
2012-03-13,5.54,5.65,5.53,5.62,17995021,100912328.000
2012-03-14,5.68,5.69,5.30,5.39,32452377,179086800.000
2012-03-15,5.38,5.42,5.25,5.32,22852886,121684184.000
2012-03-16,5.30,5.35,5.16,5.21,33469786,175912736.000
2012-03-19,5.22,5.30,5.21,5.28,18995889,99757736.000
2012-03-20,5.21,5.24,5.12,5.14,17413808,90143968.000
2012-03-21,5.17,5.38,5.12,5.29,31750116,167762592.000
2012-03-22,5.26,5.30,5.19,5.23,14111981,74047856.000
2012-03-23,5.20,5.22,5.13,5.17,9733359,50397020.000
2012-03-26,5.17,5.21,5.07,5.10,9240784,47494736.000
2012-03-27,5.13,5.16,5.10,5.12,8361026,42899168.000
2012-03-28,5.10,5.23,4.95,4.95,19419465,99152088.000
2012-03-29,4.92,4.98,4.79,4.89,16012282,78362464.000
2012-03-30,4.81,4.96,4.80,4.95,11913620,57957168.000
2012-04-05,4.92,5.19,4.91,5.08,19891787,100374352.000
2012-04-06,5.06,5.14,5.05,5.11,16116841,82186096.000
2012-04-09,5.10,5.10,4.98,5.00,9127555,45917896.000
2012-04-10,4.98,5.15,4.93,5.14,11392433,57372832.000
2012-04-11,5.10,5.20,5.05,5.16,15569782,79988216.000
2012-04-12,5.15,5.22,5.08,5.19,17409150,89611120.000
2012-04-13,5.18,5.25,5.17,5.22,14883169,77501256.000
2012-04-16,5.20,5.22,5.13,5.18,8082422,41913500.000
2012-04-17,5.20,5.28,5.11,5.13,10529563,54494336.000
2012-04-18,5.16,5.28,5.15,5.25,13054282,68280784.000
2012-04-19,5.25,5.28,5.22,5.23,10677767,56047208.000
2012-04-20,5.21,5.46,5.18,5.45,29166690,155978928.000
2012-04-23,5.44,5.47,5.36,5.39,21964307,118789920.000
2012-04-24,5.39,5.56,5.30,5.43,26280969,142868960.000
2012-04-25,5.41,5.50,5.33,5.46,14733926,79812752.000
2012-04-26,5.45,5.49,5.37,5.39,14335251,77554384.000
2012-04-27,5.38,5.38,5.26,5.31,12297863,65378456.000
2012-05-02,5.40,5.49,5.26,5.46,24848667,133244576.000
2012-05-03,5.41,5.46,5.29,5.43,21123069,113908048.000
2012-05-04,5.42,5.46,5.36,5.42,13834743,74841112.000
2012-05-07,5.38,5.46,5.37,5.44,16931160,91834840.000
2012-05-08,5.44,5.48,5.39,5.47,23125918,125960816.000
2012-05-09,5.41,5.43,5.23,5.24,19906246,105673808.000
2012-05-10,5.23,5.28,5.17,5.18,13015277,67915736.000
2012-05-11,5.17,5.24,5.11,5.14,11985069,61840960.000
2012-05-14,5.20,5.20,5.06,5.08,16355000,83566208.000
2012-05-15,5.05,5.10,4.95,5.08,14914037,74742392.000
2012-05-16,5.04,5.06,4.95,4.96,10509067,52516592.000
2012-05-17,4.96,5.19,4.94,5.13,17532211,89337880.000
2012-05-18,5.06,5.14,5.01,5.05,13053739,66288180.000
2012-05-21,5.04,5.10,4.94,5.00,10694933,53420828.000
2012-05-23,5.02,5.04,4.94,4.97,8608847,42924840.000
2012-05-24,4.95,5.00,4.91,4.92,7899533,39141692.000
2012-05-25,4.94,4.97,4.88,4.91,6477872,31859602.000
2012-05-28,4.91,4.99,4.86,4.98,12231626,60244352.000
2012-05-29,4.98,5.16,4.95,5.12,25614859,130449136.000
2012-05-30,5.08,5.12,5.04,5.08,9608883,48726420.000
2012-05-31,5.06,5.15,5.03,5.07,8699930,44318408.000
2012-06-01,5.07,5.12,5.04,5.06,6436823,32647500.000
2012-06-04,5.00,5.00,4.84,4.86,14351866,70393712.000
2012-06-05,4.86,4.90,4.79,4.86,17446114,84284480.000
2012-06-06,4.85,4.85,4.74,4.78,12275676,58843624.000
2012-06-07,4.82,4.86,4.71,4.73,8424213,40347908.000
2012-06-08,4.78,4.79,4.67,4.69,7386155,34953336.000
2012-06-11,4.69,4.91,4.69,4.87,14088343,67965272.000
2012-06-12,4.83,4.85,4.78,4.78,6510012,31277772.000
2012-06-13,4.80,4.87,4.80,4.85,5959104,28841744.000
2012-06-14,4.83,4.85,4.81,4.81,3825958,18477080.000
2012-06-15,4.85,4.85,4.78,4.83,5317769,25644706.000
2012-06-18,4.84,4.91,4.83,4.85,5364087,26106400.000
2012-06-19,4.85,4.85,4.80,4.81,3229388,15574637.000
2012-06-20,4.83,4.92,4.83,4.86,9635205,46996944.000
2012-06-21,4.86,4.88,4.71,4.75,7908042,37830244.000
2012-06-25,4.75,4.80,4.71,4.71,7280197,34588568.000
2012-06-26,4.70,4.71,4.62,4.71,6442904,30098024.000
2012-06-27,4.68,4.73,4.65,4.66,7542835,35315576.000
2012-06-28,4.68,4.68,4.60,4.60,5593308,25906204.000
2012-06-29,4.59,4.65,4.52,4.64,5221197,23988392.000
2012-07-02,4.65,4.66,4.57,4.60,6270445,28974250.000
2012-07-03,4.60,4.95,4.58,4.74,16146187,76881888.000
2012-07-04,4.73,4.82,4.70,4.77,7010698,33288042.000
2012-07-05,4.75,4.76,4.65,4.70,5693777,26730512.000
2012-07-06,4.73,4.84,4.68,4.77,16233709,77224424.000
2012-07-09,4.72,4.75,4.59,4.60,7449037,34894320.000
2012-07-10,4.63,4.64,4.57,4.60,4571052,21055620.000
2012-07-11,4.60,4.80,4.60,4.64,11264219,52554864.000
2012-07-12,4.64,4.69,4.55,4.65,9349911,43237192.000
2012-07-13,4.65,4.72,4.59,4.65,10874259,50405376.000
2012-07-16,4.66,4.67,4.54,4.54,6788732,31027688.000
2012-07-17,4.55,4.59,4.54,4.59,4717717,21530676.000
2012-07-18,4.58,4.64,4.54,4.63,6145679,28146428.000
2012-07-19,4.63,4.70,4.60,4.63,11214300,52234192.000
2012-07-20,4.61,4.62,4.53,4.55,8661458,39573044.000
2012-07-23,4.51,4.52,4.39,4.44,8381851,37226948.000
2012-07-24,4.43,4.49,4.42,4.44,4945736,22055520.000
2012-07-25,4.41,4.47,4.41,4.42,3833093,17016604.000
2012-07-26,4.42,4.45,4.38,4.38,8455788,37198720.000
2012-07-27,4.40,4.42,4.37,4.40,6058689,26612516.000
2012-07-30,4.35,4.35,4.18,4.20,17707870,74816904.000
2012-07-31,4.19,4.21,4.14,4.16,7075864,29550056.000
2012-08-01,4.16,4.33,4.16,4.25,9332686,39625984.000
2012-08-02,4.23,4.29,4.21,4.23,3793538,16087350.000
2012-08-03,4.25,4.28,4.21,4.26,3319676,14094806.000
2012-08-06,4.26,4.33,4.24,4.32,6856411,29405988.000
2012-08-07,4.31,4.50,4.29,4.39,17021753,75074288.000
2012-08-08,4.37,4.41,4.35,4.37,7122806,31127312.000
2012-08-09,4.38,4.39,4.33,4.38,5816707,25368542.000
2012-08-10,4.38,4.39,4.35,4.36,4646841,20287524.000
2012-08-13,4.36,4.37,4.31,4.31,6180773,26844412.000
2012-08-14,4.31,4.32,4.26,4.29,5856587,25148172.000
2012-08-15,4.28,4.29,4.19,4.22,6357386,26910108.000
2012-08-16,4.21,4.25,4.19,4.21,4108662,17324066.000
2012-08-17,4.20,4.25,4.17,4.21,4678855,19681066.000
2012-08-20,4.17,4.19,4.14,4.18,6617959,27514368.000
2012-08-21,4.17,4.24,4.15,4.22,6001607,25258368.000
2012-08-22,4.22,4.22,4.17,4.18,4834690,20260980.000
2012-08-23,4.18,4.24,4.16,4.20,3685369,15478503.000
2012-08-24,4.20,4.20,4.13,4.15,4942734,20522418.000
2012-08-27,4.13,4.14,4.02,4.02,8920959,36187984.000
2012-08-28,4.01,4.09,4.01,4.05,5698181,23049996.000
2012-08-29,4.05,4.08,4.01,4.03,5561447,22460700.000
2012-08-30,4.01,4.03,3.93,3.98,9606450,38223032.000
2012-08-31,3.95,3.96,3.87,3.89,14294605,55718428.000
2012-09-03,3.85,3.90,3.83,3.87,10114639,39168208.000
2012-09-04,3.87,3.90,3.77,3.78,9915949,38048208.000
2012-09-05,3.75,3.76,3.70,3.72,10624232,39625072.000
2012-09-06,3.73,3.88,3.71,3.80,13995306,53082840.000
2012-09-07,3.82,4.18,3.79,4.17,50109331,203393536.000
2012-09-10,4.13,4.17,4.05,4.09,23792633,97421128.000
2012-09-11,4.05,4.14,4.03,4.06,13791434,56248700.000
2012-09-12,4.11,4.11,3.99,4.06,12823565,51857292.000
2012-09-13,4.04,4.19,4.03,4.06,16185882,66731768.000
2012-09-14,4.09,4.19,4.02,4.13,17663474,72750736.000
2012-09-17,4.10,4.10,3.98,3.99,11118761,44815328.000
2012-09-18,3.99,3.99,3.87,3.88,8249908,32294800.000
2012-09-19,3.90,4.03,3.87,3.94,10089633,39903480.000
2012-09-20,3.93,3.96,3.83,3.84,6808018,26504700.000
2012-09-21,3.82,4.21,3.82,4.07,28277301,114719296.000
2012-09-24,4.01,4.02,3.88,3.98,14378513,56879044.000
2012-09-25,3.96,3.99,3.90,3.91,6662056,26216572.000
2012-09-26,3.90,4.08,3.89,3.93,12090180,48371272.000
2012-09-27,3.93,4.32,3.91,4.23,41669507,174449392.000
2012-09-28,4.17,4.26,4.13,4.23,20135923,84526048.000
2012-10-08,4.25,4.43,4.21,4.26,28664440,124031856.000
2012-10-09,4.26,4.42,4.26,4.36,22263224,96592848.000
2012-10-10,4.34,4.36,4.30,4.35,12865978,55650820.000
2012-10-11,4.32,4.32,4.22,4.25,12763344,54379480.000
2012-10-12,4.27,4.45,4.27,4.33,15824660,68836480.000
2012-10-15,4.36,4.38,4.26,4.32,7560606,32566148.000
2012-10-16,4.32,4.41,4.29,4.36,11624199,50656728.000
2012-10-17,4.38,4.39,4.32,4.36,8109876,35339984.000
2012-10-18,4.37,4.55,4.37,4.49,23835298,107036872.000
2012-10-19,4.48,4.48,4.42,4.43,19828920,88160296.000
2012-10-22,4.41,4.41,4.33,4.39,11171813,48736184.000
2012-10-23,4.37,4.38,4.27,4.30,15813805,67968224.000
2012-10-24,4.30,4.36,4.28,4.32,10261917,44312636.000
2012-10-25,4.30,4.41,4.28,4.31,11671919,50723016.000
2012-10-26,4.26,4.28,4.12,4.12,14128707,58989904.000
2012-10-29,4.09,4.11,4.05,4.06,7202868,29373004.000
2012-10-30,4.06,4.23,4.05,4.14,11971348,49527616.000
2012-10-31,4.09,4.14,4.07,4.14,6052671,24909628.000
2012-11-01,4.14,4.25,4.13,4.20,13634808,57203148.000
2012-11-02,4.21,4.25,4.18,4.22,7720868,32531890.000
2012-11-05,4.20,4.31,4.19,4.26,12034586,51283928.000
2012-11-06,4.25,4.28,4.17,4.21,8749880,36750656.000
2012-11-07,4.19,4.24,4.18,4.21,3981002,16755886.000
2012-11-08,4.17,4.17,4.07,4.07,7276844,29981390.000
2012-11-09,4.08,4.09,4.01,4.05,6153155,24932820.000
2012-11-12,4.05,4.14,4.04,4.11,4878847,19885772.000
2012-11-13,4.08,4.10,4.01,4.03,5420511,21915204.000
2012-11-14,4.03,4.17,4.02,4.10,8347038,34217328.000
2012-11-15,4.08,4.08,4.00,4.02,6025206,24350368.000
2012-11-16,4.02,4.04,3.97,4.00,5234172,20906464.000
2012-11-19,4.00,4.02,3.95,4.02,4470754,17783136.000
2012-11-20,4.03,4.05,3.95,3.96,5342005,21339536.000
2012-11-21,3.96,4.36,3.96,4.26,27520861,115623016.000
2012-11-22,4.22,4.24,4.14,4.17,9665341,40513536.000
2012-11-23,4.18,4.30,4.16,4.25,17646156,75182928.000
2012-11-26,4.22,4.25,4.16,4.21,7092867,29803192.000
2012-11-27,4.21,4.27,4.08,4.12,12764409,53336292.000
2012-11-28,4.12,4.16,4.06,4.15,7571545,31095732.000
2012-11-29,4.15,4.16,4.08,4.11,6203639,25570056.000
2012-11-30,4.10,4.24,4.08,4.20,11323766,47440916.000
2012-12-03,4.19,4.33,4.16,4.24,13216410,55949536.000
2012-12-04,4.21,4.27,4.20,4.25,11374242,48213800.000
2012-12-05,4.25,4.39,4.20,4.27,54525787,233919728.000
2012-12-06,4.26,4.35,4.21,4.24,18460119,78504160.000
2012-12-07,4.23,4.38,4.22,4.37,35678707,153146048.000
2012-12-10,4.35,4.43,4.31,4.37,24328009,106152272.000
2012-12-11,4.34,4.41,4.30,4.31,17443626,75985520.000
2012-12-12,4.30,4.33,4.27,4.32,10845067,46620540.000
2012-12-13,4.28,4.30,4.24,4.24,9643634,41171488.000
2012-12-14,4.27,4.45,4.25,4.42,32781910,143349792.000
2012-12-17,4.42,4.47,4.35,4.39,27465718,120842608.000
2012-12-18,4.36,4.49,4.33,4.41,35599500,156574368.000
2012-12-19,4.40,4.40,4.34,4.36,15301876,66744472.000
2012-12-20,4.36,4.36,4.28,4.30,18066583,77959136.000
2012-12-21,4.33,4.40,4.28,4.30,27181396,118189752.000
2012-12-24,4.31,4.33,4.25,4.27,14867791,63655032.000
2012-12-25,4.28,4.39,4.27,4.36,28760371,125145216.000
2012-12-26,4.36,4.47,4.34,4.40,26476523,116388000.000
2012-12-27,4.41,4.43,4.31,4.36,28733809,125145848.000
2012-12-28,4.37,4.38,4.31,4.36,28522744,123839696.000
2012-12-31,4.35,4.47,4.31,4.41,48793346,214638016.000
2013-01-04,4.50,4.62,4.43,4.48,71177401,321930080.000
2013-01-07,4.46,4.66,4.45,4.59,49451600,226520128.000
2013-01-08,4.60,4.62,4.48,4.51,28020017,126476192.000
2013-01-09,4.51,4.53,4.44,4.47,23815369,106788928.000
2013-01-10,4.47,4.65,4.46,4.58,44144731,202328336.000
2013-01-11,4.59,4.60,4.36,4.39,30981787,138368176.000
2013-01-14,4.38,4.54,4.32,4.48,31505554,139164928.000
2013-01-15,4.48,4.49,4.41,4.47,30452369,135345024.000
2013-01-16,4.46,4.47,4.36,4.42,27120353,119830608.000
2013-01-17,4.45,4.54,4.43,4.44,29367813,131388136.000
2013-01-18,4.47,4.51,4.41,4.47,15909332,70944352.000
2013-01-21,4.47,4.64,4.46,4.60,50133466,229409600.000
2013-01-22,4.59,4.59,4.47,4.49,24014522,108631592.000
2013-01-23,4.49,4.53,4.42,4.47,14731880,65819812.000
2013-01-24,4.47,4.53,4.33,4.36,32469221,144411536.000
2013-01-25,4.37,4.37,4.29,4.32,22588804,97401904.000
2013-01-28,4.25,4.37,4.22,4.34,32565582,139906752.000
2013-01-29,4.33,4.34,4.26,4.33,24354824,104687296.000
2013-01-30,4.32,4.35,4.19,4.31,35061946,149359280.000
2013-01-31,4.27,4.30,4.24,4.26,17137828,72970840.000
2013-02-01,4.24,4.29,4.23,4.26,19146654,81522528.000
2013-02-04,4.27,4.28,4.12,4.20,42828468,179490640.000
2013-02-05,4.16,4.34,4.14,4.28,37375283,159045872.000
2013-02-06,4.26,4.31,4.24,4.26,12753847,54381476.000
2013-02-07,4.26,4.34,4.23,4.30,20861359,89613504.000
2013-02-08,4.30,4.34,4.28,4.33,21956318,94513296.000
2013-02-18,4.33,4.35,4.29,4.31,19620062,84795168.000
2013-02-19,4.30,4.34,4.26,4.28,21398099,92029184.000
2013-02-20,4.28,4.30,4.22,4.28,14693610,62580676.000
2013-02-21,4.25,4.26,4.18,4.20,23178492,97696384.000
2013-02-22,4.20,4.23,4.16,4.18,9517634,39942088.000
2013-02-25,4.18,4.21,4.18,4.20,6827177,28633300.000
2013-02-26,4.18,4.19,4.11,4.12,14055138,58397104.000
2013-02-27,4.11,4.18,4.11,4.14,8703516,36073860.000
2013-02-28,4.16,4.19,4.12,4.18,15277696,63500660.000
2013-03-01,4.17,4.17,4.12,4.15,11767691,48784096.000
2013-03-04,4.14,4.14,4.00,4.04,17848990,72725008.000
2013-03-05,4.05,4.18,4.01,4.15,24108763,98954888.000
2013-03-06,4.14,4.23,4.09,4.18,28336582,117794208.000
2013-03-07,4.17,4.29,4.16,4.23,36465398,154819184.000
2013-03-08,4.23,4.25,4.15,4.17,16207337,67844752.000
2013-03-11,4.16,4.18,4.09,4.13,12752920,52658264.000
2013-03-12,4.15,4.29,4.11,4.17,33019972,138761600.000
2013-03-13,4.15,4.16,4.05,4.09,11740081,47973320.000
2013-03-14,4.08,4.11,4.03,4.08,11189268,45551368.000
2013-03-15,4.10,4.14,4.07,4.09,14972904,61547940.000
2013-03-18,4.09,4.09,4.00,4.01,13972698,56279492.000
2013-03-19,4.01,4.04,3.95,4.00,12446738,49566140.000
2013-03-20,3.99,4.08,3.98,4.07,16465666,66371856.000
2013-03-21,4.06,4.16,4.04,4.10,24950372,101935712.000
2013-03-22,4.09,4.11,4.05,4.07,11477892,46826940.000
2013-03-25,4.07,4.07,4.01,4.02,14392209,58130860.000
2013-03-26,4.01,4.08,4.01,4.03,13277286,53648924.000
2013-03-27,4.03,4.06,4.00,4.01,9391574,37860676.000
2013-03-29,3.81,3.85,3.81,3.81,10618500,40458688.000
2013-04-01,3.63,3.68,3.62,3.62,12576300,45597840.000
2013-04-02,3.44,3.54,3.44,3.48,57699777,199466272.000
2013-04-03,3.45,3.52,3.41,3.51,24124045,83548928.000
2013-04-08,3.46,3.62,3.45,3.59,30178647,107518784.000
2013-04-09,3.57,3.65,3.57,3.60,15836903,57201432.000
2013-04-10,3.59,3.69,3.58,3.66,15487097,56604812.000
2013-04-11,3.66,3.71,3.62,3.63,10017200,36674388.000
2013-04-12,3.63,3.64,3.58,3.59,7221298,26060200.000
2013-04-15,3.58,3.67,3.56,3.61,10185187,36914784.000
2013-04-16,3.58,3.60,3.50,3.54,14820548,52514752.000
2013-04-17,3.54,3.56,3.51,3.53,8560518,30175968.000
2013-04-18,3.51,3.54,3.50,3.52,8980485,31600384.000
2013-04-19,3.53,3.55,3.52,3.53,16917250,59816256.000
2013-04-22,3.53,3.54,3.47,3.51,15414047,53941992.000
2013-04-23,3.50,3.51,3.41,3.42,14467716,49820484.000
2013-04-24,3.43,3.48,3.42,3.47,10657408,36804212.000
2013-04-25,3.46,3.49,3.43,3.44,8295311,28674508.000
2013-04-26,3.45,3.46,3.35,3.37,10597179,36129872.000
2013-05-02,3.37,3.38,3.27,3.28,13867027,46080040.000
2013-05-03,3.28,3.34,3.28,3.31,10658345,35371972.000
2013-05-06,3.31,3.34,3.31,3.34,9333468,31076136.000
2013-05-07,3.34,3.40,3.31,3.38,8834674,29662326.000
2013-05-08,3.39,3.41,3.35,3.38,7647702,25877576.000
2013-05-09,3.37,3.37,3.33,3.37,7406939,24809386.000
2013-05-10,3.35,3.37,3.33,3.37,5688395,19077832.000
2013-05-13,3.36,3.37,3.33,3.35,6464664,21639478.000
2013-05-14,3.34,3.35,3.28,3.29,9435544,31112286.000
2013-05-15,3.29,3.31,3.28,3.28,6663098,21931304.000
2013-05-16,3.28,3.31,3.25,3.29,9525949,31281312.000
2013-05-17,3.29,3.34,3.29,3.33,9475919,31358214.000
2013-05-20,3.34,3.37,3.33,3.36,11670694,39116740.000
2013-05-21,3.37,3.48,3.36,3.47,22638863,77899552.000
2013-05-22,3.46,3.49,3.42,3.44,13305697,45903068.000
2013-05-23,3.42,3.46,3.39,3.40,9204499,31537048.000
2013-05-24,3.40,3.42,3.39,3.41,7460173,25398616.000
2013-05-27,3.40,3.43,3.39,3.40,8602113,29294716.000
2013-05-28,3.40,3.45,3.38,3.44,10098981,34403776.000
2013-05-29,3.44,3.45,3.42,3.42,7812190,26785772.000
2013-05-30,3.41,3.48,3.40,3.46,14625616,50573700.000
2013-05-31,3.46,3.51,3.43,3.44,12585537,43661660.000
2013-06-03,3.44,3.46,3.42,3.43,10049889,34548756.000
2013-06-04,3.42,3.43,3.34,3.36,9293645,31395216.000
2013-06-05,3.35,3.36,3.33,3.34,5141337,17199248.000
2013-06-06,3.35,3.36,3.30,3.31,6503359,21628620.000
2013-06-07,3.31,3.32,3.26,3.27,8223979,26993616.000
2013-06-13,3.26,3.26,3.11,3.14,12785785,40543064.000
2013-06-14,3.15,3.18,3.14,3.16,5453677,17240820.000
2013-06-17,3.16,3.32,3.15,3.32,15331484,50315924.000
2013-06-18,3.34,3.35,3.25,3.31,12314307,40585360.000
2013-06-19,3.35,3.38,3.30,3.33,12039006,40210404.000
2013-06-20,3.31,3.32,3.21,3.25,8700745,28617800.000
2013-06-21,3.22,3.29,3.19,3.27,7134166,23006752.000
2013-06-24,3.26,3.28,3.11,3.11,14338957,45637088.000
2013-06-25,3.11,3.14,2.95,3.04,17288102,52369304.000
2013-06-26,3.05,3.06,3.00,3.02,7944745,23991200.000
2013-06-27,3.04,3.11,3.00,3.02,8686950,26501918.000
2013-06-28,3.02,3.06,2.98,3.01,7813530,23562764.000
2013-07-01,3.01,3.05,2.99,3.05,6616941,19982068.000
2013-07-02,3.05,3.07,3.01,3.05,6671424,20281134.000
2013-07-03,3.05,3.05,2.97,3.00,8023333,24031280.000
2013-07-04,2.99,3.03,2.93,3.01,10053285,29941128.000
2013-07-05,3.00,3.03,2.98,3.00,7788950,23358644.000
2013-07-08,2.98,2.98,2.88,2.89,10294481,29977208.000
2013-07-09,2.88,2.93,2.87,2.90,5158682,14957068.000
2013-07-10,2.90,2.96,2.89,2.95,7951797,23305192.000
2013-07-11,2.95,3.05,2.93,3.01,18626501,55866520.000
2013-07-12,3.00,3.01,2.95,2.96,11259117,33590480.000
数据来源:通达信
