600690 青岛海尔 日线
      日期	    开盘	    最高	    最低	    收盘	    成交量	    成交额
2007-01-11,4.51,4.70,4.35,4.43,14957966,164950720.000
2007-01-12,4.34,4.39,4.01,4.03,16021511,165676944.000
2007-01-15,3.99,4.29,3.96,4.24,17422708,178705168.000
2007-01-16,4.30,4.50,4.22,4.45,19440060,208494464.000
2007-01-17,4.46,4.63,4.06,4.17,21455928,229643584.000
2007-01-18,4.16,4.45,3.91,4.11,20313939,205393760.000
2007-01-19,4.12,4.44,4.12,4.38,18901065,198761360.000
2007-01-22,4.45,4.91,4.44,4.91,36244864,414467360.000
2007-01-23,4.96,5.21,4.79,5.06,32145116,386526848.000
2007-01-24,5.06,5.06,4.86,4.93,21790129,258671376.000
2007-01-25,4.90,4.91,4.51,4.52,18928143,214431600.000
2007-01-26,4.38,4.49,4.05,4.35,19522135,204131536.000
2007-01-29,4.43,4.49,4.24,4.49,19449942,208717328.000
2007-01-30,4.52,4.56,4.29,4.31,15213971,164113696.000
2007-01-31,4.26,4.26,3.78,3.83,23981104,240917312.000
2007-02-01,3.79,3.88,3.51,3.83,24159311,228466752.000
2007-02-02,3.96,4.11,3.61,3.65,18495086,179643008.000
2007-02-05,3.61,3.68,3.41,3.55,14748658,133474456.000
2007-02-06,3.62,3.74,3.46,3.70,20926884,192015296.000
2007-02-07,3.77,3.88,3.56,3.71,35018739,330552512.000
2007-02-08,3.70,4.00,3.57,3.98,31216961,298246784.000
2007-02-09,3.97,4.00,3.81,3.91,19749718,193275584.000
2007-02-12,3.91,4.20,3.91,4.20,23326590,236215472.000
2007-02-13,4.22,4.24,4.09,4.20,15429628,159083776.000
2007-02-14,4.16,4.31,4.12,4.25,17358226,180940240.000
2007-02-15,4.29,4.45,4.29,4.37,24396926,261328496.000
2007-02-16,4.46,4.76,4.44,4.60,29245385,326173408.000
2007-02-26,4.64,4.83,4.46,4.76,25230590,284742944.000
2007-02-27,4.76,4.80,4.18,4.18,29730706,322874080.000
2007-02-28,3.96,4.26,3.91,4.20,27232616,275899264.000
2007-03-01,4.24,4.26,3.84,3.95,21197589,210832976.000
2007-03-02,3.91,4.02,3.86,3.94,15090918,148688336.000
2007-03-05,3.94,3.98,3.71,3.85,15301043,148151872.000
2007-03-06,3.84,3.95,3.72,3.95,21171090,205163376.000
2007-03-07,3.96,4.14,3.96,4.10,24448184,246149776.000
2007-03-08,4.10,4.20,4.02,4.18,14975408,153159712.000
2007-03-09,4.16,4.16,4.07,4.09,14930939,152174672.000
2007-03-12,4.09,4.09,3.91,4.01,17614923,175160720.000
2007-03-13,3.97,4.25,3.97,4.18,22449311,230210048.000
2007-03-14,4.11,4.17,3.99,4.09,23343543,237238848.000
2007-03-15,4.08,4.51,4.06,4.39,32566354,344951360.000
2007-03-16,4.42,4.50,4.10,4.18,23013786,242432384.000
2007-03-19,4.01,4.36,3.98,4.30,22348689,231579168.000
2007-03-20,4.32,4.43,4.25,4.41,21073376,225357536.000
2007-03-21,4.41,4.48,4.31,4.41,19923169,214013216.000
2007-03-22,4.43,4.66,4.40,4.53,41845616,464782240.000
2007-03-23,4.54,4.80,4.54,4.78,43219988,491415328.000
2007-03-26,4.84,4.93,4.72,4.83,30021406,348242912.000
2007-03-27,4.76,4.89,4.68,4.83,36261547,416338432.000
2007-03-28,4.86,5.41,4.85,5.29,74894459,911309120.000
2007-03-29,5.16,5.31,5.01,5.09,44770126,552303488.000
2007-03-30,5.06,5.10,4.88,4.97,23803537,284400256.000
2007-04-02,4.97,5.17,4.96,5.10,20426961,247485920.000
2007-04-03,5.10,5.20,5.01,5.08,17793767,216225584.000
2007-04-04,5.08,5.41,5.01,5.23,31374839,392340704.000
2007-04-05,5.24,5.53,5.24,5.38,27344007,350437760.000
2007-04-06,5.26,5.36,5.16,5.25,24316117,304306816.000
2007-04-09,5.26,5.46,5.23,5.33,26211401,330982912.000
2007-04-10,5.33,5.41,5.01,5.36,28614476,356938016.000
2007-04-11,5.36,5.38,5.11,5.22,21147331,262538544.000
2007-04-12,5.24,5.49,5.22,5.45,36649440,467371072.000
2007-04-13,5.51,5.78,5.32,5.45,33525713,444218400.000
2007-04-16,5.49,5.61,5.41,5.53,25498202,330784224.000
2007-04-17,5.53,5.58,5.26,5.46,30107219,386361024.000
2007-04-18,5.45,5.81,5.27,5.74,42693673,564424192.000
2007-04-19,5.70,5.70,5.07,5.22,33184729,426431712.000
2007-04-20,5.24,5.47,5.19,5.41,24172781,307346624.000
2007-04-23,5.41,5.74,5.41,5.74,36273655,482543424.000
2007-04-24,5.83,6.33,5.82,6.08,48725170,691053312.000
2007-04-25,6.01,6.39,5.86,6.34,43193514,619434432.000
2007-04-26,6.30,6.71,6.24,6.60,35489006,532711968.000
2007-04-27,6.60,6.76,6.31,6.32,27933259,413239488.000
2007-04-30,6.28,6.60,6.19,6.50,32209855,477296032.000
2007-05-08,6.62,7.18,6.55,7.14,39638541,627803200.000
2007-05-09,7.14,7.14,6.51,6.91,35629751,561389312.000
2007-05-10,6.81,7.00,6.61,6.88,28318522,439185888.000
2007-05-11,6.79,6.79,6.51,6.59,23006720,349461760.000
2007-05-14,6.47,6.66,6.37,6.49,25255902,380130688.000
2007-05-15,6.50,6.60,6.13,6.16,21716620,319991360.000
2007-05-16,6.16,6.41,6.01,6.41,20420485,295064160.000
2007-05-17,6.41,6.76,6.41,6.56,24868176,379970080.000
2007-05-18,6.58,6.66,6.37,6.57,21252883,319347488.000
2007-05-21,6.26,6.85,6.21,6.70,25372387,387475616.000
2007-05-22,6.78,6.99,6.66,6.72,27557788,429870880.000
2007-05-23,6.72,7.06,6.66,7.02,40681649,646338432.000
2007-05-24,7.09,7.14,6.68,6.81,31891555,502862752.000
2007-05-25,6.66,6.90,6.66,6.84,24882780,386145280.000
2007-05-28,6.91,7.36,6.84,7.25,45639925,736458496.000
2007-05-29,7.26,7.59,7.18,7.33,34452094,577656256.000
2007-05-30,6.76,7.28,6.51,6.51,36533726,569524736.000
2007-05-31,6.32,6.89,5.76,6.55,33139861,484429696.000
2007-06-01,6.61,6.75,6.15,6.28,28481380,428312864.000
2007-06-04,6.21,6.51,5.56,5.56,31359060,432935168.000
2007-06-05,5.61,5.98,4.93,5.96,28164060,366888736.000
2007-06-06,6.06,6.24,5.66,6.17,23015706,322854304.000
2007-06-07,6.16,6.47,6.11,6.32,21544731,316424384.000
2007-06-08,6.31,6.48,6.22,6.41,17667301,260871120.000
2007-06-11,6.43,6.91,6.43,6.78,23887668,369301376.000
2007-06-13,7.20,7.32,6.94,6.97,27263902,441691968.000
2007-06-14,6.91,7.62,6.76,7.32,36163440,601080384.000
2007-06-15,7.32,7.56,7.18,7.32,20759295,346061664.000
2007-06-18,7.61,8.15,7.54,8.15,44578780,799460992.000
2007-06-19,8.31,8.45,8.03,8.17,28338397,522995040.000
2007-06-20,8.31,8.41,7.60,7.72,27031094,483943936.000
2007-06-21,7.64,7.94,7.59,7.73,17355246,303114880.000
2007-06-22,7.76,7.91,6.88,7.09,25203013,419987680.000
2007-06-25,7.18,7.33,6.55,6.72,19733417,315722272.000
2007-06-26,6.61,7.28,6.54,7.26,20327111,321929184.000
2007-06-27,7.30,7.68,7.16,7.57,21441018,362302624.000
2007-06-28,7.57,7.57,6.91,6.93,16919349,278522560.000
2007-06-29,6.74,7.26,6.66,7.01,19218578,308696608.000
2007-07-02,7.06,7.36,6.95,7.26,11744082,192316304.000
2007-07-03,7.28,7.45,7.08,7.33,8320579,137245232.000
2007-07-04,7.33,7.36,6.96,7.05,5395836,88081288.000
2007-07-05,6.97,6.97,6.41,6.41,12593412,192988928.000
2007-07-06,6.39,7.15,6.28,7.06,14125460,217810336.000
2007-07-09,7.13,7.32,7.06,7.28,16025910,262462544.000
2007-07-10,7.26,7.26,6.74,6.86,14280389,226056640.000
2007-07-11,6.76,6.97,6.67,6.85,6950033,108381136.000
2007-07-12,6.91,7.06,6.76,6.93,9403606,149479616.000
2007-07-13,6.91,7.02,6.72,7.01,7466754,117634568.000
2007-07-16,6.96,6.96,6.61,6.66,5464286,84726208.000
2007-07-17,6.58,6.76,6.45,6.64,8608188,130407352.000
2007-07-18,6.69,6.69,6.43,6.57,8399438,126497440.000
2007-07-19,6.63,6.68,6.28,6.45,9465714,139310976.000
2007-07-20,6.41,6.72,6.39,6.67,15145280,227605904.000
2007-07-23,6.71,7.28,6.71,7.21,18852348,302063520.000
2007-07-24,7.26,7.68,7.19,7.30,21750680,364696096.000
2007-07-25,7.30,7.57,7.29,7.47,13418330,223608416.000
2007-07-26,7.52,7.75,7.38,7.60,17952391,303662560.000
2007-07-27,7.52,7.60,7.38,7.47,13100094,220059712.000
2007-07-30,7.47,7.68,7.43,7.49,17161611,289770272.000
2007-07-31,7.51,8.10,7.48,7.97,25543357,447444896.000
2007-08-01,7.96,8.03,7.34,7.39,13400473,229853856.000
2007-08-02,7.43,7.66,7.29,7.58,12550414,211084512.000
2007-08-03,7.64,7.68,7.37,7.50,17959024,302111520.000
2007-08-06,7.64,8.11,7.61,7.97,29579271,523637312.000
2007-08-07,8.01,8.39,7.82,8.14,24427395,438201984.000
2007-08-08,8.09,8.09,7.61,7.97,13599033,238733232.000
2007-08-09,7.97,8.14,7.89,8.06,18498662,330927008.000
2007-08-10,7.96,7.96,7.57,7.67,13059124,225772960.000
2007-08-13,7.70,7.88,7.43,7.69,13386785,228758704.000
2007-08-14,7.61,8.15,7.59,8.04,21293206,380099200.000
2007-08-15,8.09,8.78,8.09,8.55,40253725,759518016.000
2007-08-16,8.48,8.97,8.22,8.84,31502308,610537216.000
2007-08-17,8.84,9.14,8.78,8.84,23239837,458016096.000
2007-08-20,9.05,9.81,9.01,9.80,22176312,453717824.000
2007-08-21,9.89,10.26,9.59,9.87,21286801,459644416.000
2007-08-22,9.76,10.02,9.53,9.59,17092447,363967168.000
2007-08-23,9.91,10.58,9.69,10.53,27277997,608422784.000
2007-08-24,10.59,11.06,10.34,10.48,20196289,468009024.000
2007-08-27,11.02,11.02,10.14,10.26,20765684,471005984.000
2007-08-28,10.26,10.28,9.72,10.13,18890205,411152992.000
2007-08-29,9.84,10.13,9.59,9.84,16438899,353793696.000
2007-08-30,9.94,10.39,9.89,10.24,17100250,378570368.000
2007-08-31,10.43,10.64,10.09,10.43,14509636,330187744.000
2007-09-03,10.59,11.56,10.41,11.27,17582223,423760320.000
2007-09-04,11.09,11.68,11.02,11.55,16362490,406386560.000
2007-09-05,11.55,11.84,11.09,11.73,15573374,388037856.000
2007-09-06,11.72,11.84,11.32,11.41,8496631,210930368.000
2007-09-07,11.28,11.64,10.84,11.14,14467875,350175264.000
2007-09-10,11.03,12.34,10.89,12.34,17106706,436288576.000
2007-09-11,12.35,12.63,11.34,11.41,18681096,490981472.000
2007-09-12,11.41,12.53,11.28,12.52,18818890,482652256.000
2007-09-13,12.48,13.09,12.18,12.57,14919060,406544000.000
2007-09-14,12.59,12.78,12.07,12.66,12880564,342971520.000
2007-09-17,12.63,13.27,12.48,13.02,10000410,277226208.000
2007-09-18,13.05,13.08,12.59,12.97,8540366,234581456.000
2007-09-19,12.88,12.95,12.34,12.49,10342304,277594432.000
2007-09-20,12.49,12.88,12.36,12.43,12238543,331322304.000
2007-09-21,12.48,12.59,11.73,12.16,8387359,217440848.000
2007-09-24,12.16,12.16,11.48,11.66,7698247,194034352.000
2007-09-25,11.67,12.33,11.66,11.82,7817457,200265056.000
2007-09-26,11.84,11.93,11.18,11.27,5671831,140237168.000
2007-09-27,11.27,11.53,11.20,11.48,5903253,144030176.000
2007-09-28,11.59,11.84,11.43,11.65,7336010,184064496.000
2007-10-08,11.91,12.01,11.43,11.56,7657135,191761488.000
2007-10-09,11.57,11.59,10.84,11.18,10470536,252447664.000
2007-10-10,11.19,11.31,10.84,10.93,13863453,330326144.000
2007-10-11,11.04,11.18,10.58,10.76,14791899,345709728.000
2007-10-12,10.81,11.01,10.26,10.56,20068738,462329920.000
2007-10-15,10.59,11.07,10.30,11.07,15873453,367443328.000
2007-10-16,11.11,11.14,10.57,10.93,11680517,273131456.000
2007-10-17,10.92,11.02,10.47,10.88,17911956,413470656.000
2007-10-18,10.76,10.84,10.39,10.77,12630521,291833024.000
2007-10-19,10.78,10.88,10.48,10.57,5913350,136570704.000
2007-10-22,10.48,10.48,9.53,9.59,10813396,235078336.000
2007-10-23,9.59,9.59,9.06,9.53,18297648,370741152.000
2007-10-24,9.55,9.93,9.07,9.15,14221201,294928928.000
2007-10-25,9.07,9.39,8.60,8.99,13151647,259971792.000
2007-10-26,8.89,9.27,8.73,8.84,7575047,150335552.000
2007-10-29,8.96,9.43,8.91,9.32,8709985,176108592.000
2007-10-30,9.43,9.72,8.97,9.14,9805689,198845424.000
2007-10-31,9.34,9.81,9.06,9.79,18551478,382456576.000
2007-11-01,9.76,9.78,9.31,9.38,9271561,192305664.000
2007-11-02,9.28,9.28,8.65,8.77,12774091,250092160.000
2007-11-05,8.64,9.07,8.52,8.85,6586497,126933456.000
2007-11-06,8.82,9.26,8.74,9.03,7587451,151940592.000
2007-11-07,9.02,9.18,8.68,8.93,3864997,75911968.000
2007-11-08,8.92,9.18,8.78,8.81,6668803,132107976.000
2007-11-09,8.64,8.98,8.64,8.70,3839219,74517856.000
2007-11-12,8.57,8.59,7.74,7.79,11952514,211173984.000
2007-11-13,7.98,8.11,7.73,7.85,8791352,155725856.000
2007-11-14,7.96,8.24,7.80,8.23,9823024,176926400.000
2007-11-15,8.20,8.20,7.89,7.93,6172129,110204000.000
2007-11-16,7.80,8.14,7.64,8.07,7032476,122434512.000
2007-11-19,7.95,8.38,7.95,8.26,5332126,97635256.000
2007-11-20,8.22,8.56,8.11,8.48,5173263,96420728.000
2007-11-21,8.53,8.81,8.36,8.40,4827932,91654112.000
2007-11-22,8.21,8.39,7.89,7.95,4366780,79215088.000
2007-11-23,7.84,8.09,7.79,8.09,2579011,45644568.000
2007-11-26,8.26,8.31,7.89,7.93,3544976,63860364.000
2007-11-27,7.82,8.02,7.76,7.78,4320122,75717872.000
2007-11-28,7.86,7.98,7.52,7.56,7861668,134732800.000
2007-11-29,7.65,7.80,7.47,7.74,9135387,156745856.000
2007-11-30,7.73,7.74,7.37,7.43,5062100,85596064.000
2007-12-03,7.43,7.52,7.28,7.38,5913559,98571088.000
2007-12-04,7.47,7.65,7.43,7.48,8051771,136132096.000
2007-12-05,7.54,7.82,7.48,7.81,9622776,165363232.000
2007-12-06,7.85,7.93,7.72,7.83,5635134,98149624.000
2007-12-07,7.88,8.06,7.80,8.06,9975813,176485936.000
2007-12-10,7.89,8.55,7.81,8.46,14881910,272926720.000
2007-12-11,8.51,8.75,8.46,8.63,14876147,284307392.000
2007-12-12,8.64,8.64,8.23,8.43,14553584,272126304.000
2007-12-13,8.34,8.53,7.99,8.04,10035165,184210416.000
2007-12-14,7.93,8.39,7.89,8.36,7819143,140827104.000
2007-12-17,8.41,9.29,8.30,9.05,27275268,540761024.000
2007-12-18,8.90,9.52,8.85,9.35,26773184,547196736.000
2007-12-19,9.43,9.73,9.27,9.55,20650873,431808064.000
2007-12-20,9.54,10.01,9.48,9.64,16759296,359970176.000
2007-12-21,9.59,10.16,9.59,10.07,15473888,337319712.000
2007-12-24,10.59,10.82,10.19,10.35,31286443,713140224.000
2007-12-25,10.34,10.48,10.18,10.40,14403309,322293952.000
2007-12-26,10.41,10.63,10.18,10.56,18275611,411424352.000
2007-12-27,10.64,10.73,10.31,10.44,12537603,284961248.000
2007-12-28,10.51,10.51,10.18,10.31,11596229,259434960.000
2008-01-02,10.34,11.34,10.23,11.10,20080932,476179680.000
2008-01-03,11.10,11.68,10.99,11.35,16603799,406906304.000
2008-01-04,11.35,11.48,10.93,11.17,14907864,358418560.000
2008-01-07,11.10,11.46,10.93,11.27,9395043,227289136.000
2008-01-08,11.27,11.27,10.82,10.85,14905622,355752416.000
2008-01-09,10.68,11.09,10.48,11.02,11303156,263931344.000
2008-01-10,11.05,11.05,10.79,10.84,9134889,215480816.000
2008-01-11,10.81,10.94,10.51,10.93,11452815,265340640.000
2008-01-14,10.93,11.31,10.84,11.15,12139733,292392736.000
2008-01-15,11.31,11.82,11.22,11.73,22392426,557191872.000
2008-01-16,11.59,11.81,11.43,11.53,19410803,486169344.000
2008-01-17,11.39,11.71,10.78,10.84,20399288,491490176.000
2008-01-18,10.78,11.51,10.66,11.35,12759988,304145888.000
2008-01-21,11.34,11.76,10.86,11.03,15454921,381468928.000
2008-01-22,10.59,10.79,9.84,9.95,22398955,499436832.000
2008-01-23,10.06,11.04,10.06,11.03,20753866,481152832.000
2008-01-24,11.24,11.76,11.01,11.47,19221578,479388192.000
2008-01-25,11.53,11.59,11.03,11.19,13316915,325186272.000
2008-01-28,11.09,11.09,10.06,10.32,7972411,183143968.000
2008-01-29,10.41,10.57,10.03,10.34,6886976,154876448.000
2008-01-30,10.54,10.64,9.98,10.22,8454458,190068448.000
2008-01-31,10.06,10.19,9.18,9.19,10674019,226197168.000
2008-02-01,9.28,9.43,8.23,8.81,14087715,267977920.000
2008-02-04,9.09,9.77,9.09,9.71,11198555,231266224.000
2008-02-05,9.71,9.95,9.44,9.76,11166311,237986464.000
2008-02-13,9.66,10.09,9.46,9.78,5666488,121416056.000
2008-02-14,9.90,10.10,9.84,9.89,2830006,61628560.000
2008-02-15,9.86,10.02,9.66,9.82,2969147,63506512.000
2008-02-18,10.03,10.18,9.93,9.98,5161432,113405568.000
2008-02-19,9.98,10.48,9.96,10.45,6951125,154928880.000
2008-02-20,10.47,10.66,10.23,10.44,6243043,142391520.000
2008-02-21,10.21,10.70,10.09,10.45,7416484,167159920.000
2008-02-22,10.34,10.68,10.23,10.53,11420720,261429440.000
2008-02-25,10.53,10.66,10.27,10.40,8457632,192764592.000
2008-02-26,10.39,10.68,9.27,9.33,18460700,401046208.000
2008-02-27,9.34,9.66,9.18,9.44,7221718,148882320.000
2008-02-28,9.51,9.53,8.94,9.28,8460628,170727360.000
2008-02-29,9.09,9.43,9.09,9.35,3362706,68812888.000
2008-03-03,9.35,9.68,9.01,9.65,10675500,219180720.000
2008-03-04,9.63,9.78,9.41,9.53,7509629,157361616.000
2008-03-05,9.48,9.53,9.18,9.45,3673381,75637272.000
2008-03-06,9.45,9.59,9.14,9.41,8123714,167445248.000
2008-03-07,9.36,9.36,9.01,9.02,8530593,170950960.000
2008-03-10,8.84,8.89,8.40,8.51,4649910,88622104.000
2008-03-11,8.48,8.48,7.81,8.39,9561285,172451456.000
2008-03-12,8.59,8.65,8.03,8.03,4154773,76196976.000
2008-03-13,7.93,8.38,7.84,8.15,3701458,66755948.000
2008-03-14,8.09,8.26,7.82,7.85,4374191,77285400.000
2008-03-17,7.85,7.89,7.03,7.05,4244267,70556984.000
2008-03-18,6.98,6.98,6.26,6.26,8026089,118151360.000
2008-03-19,6.48,6.71,6.28,6.44,12211339,180827280.000
2008-03-20,6.34,6.89,5.94,6.83,13224100,196557104.000
2008-03-21,6.83,7.06,6.63,6.82,16709298,259609296.000
2008-03-24,6.96,6.97,6.38,6.41,12183726,183441376.000
2008-03-25,6.18,6.56,6.11,6.53,8213078,119916640.000
2008-03-26,6.57,6.67,6.48,6.52,4822677,72164696.000
2008-03-27,6.48,6.48,6.13,6.16,4832800,69574224.000
2008-03-28,5.98,6.46,5.93,6.44,14165490,203534192.000
2008-03-31,6.13,6.33,5.74,5.80,11331277,156992528.000
2008-04-01,5.84,5.91,5.13,5.17,16474785,206433472.000
2008-04-02,5.19,5.38,4.91,5.13,12254544,148981248.000
2008-04-03,5.13,5.63,5.07,5.55,13847535,174370304.000
2008-04-07,5.50,6.00,5.41,5.98,14315106,193149088.000
2008-04-08,6.07,6.35,5.94,6.15,13474939,191138208.000
2008-04-09,6.23,6.38,5.68,5.80,15395376,215213248.000
2008-04-10,5.68,6.03,5.53,6.01,6175025,82723168.000
2008-04-11,5.99,6.18,5.98,6.07,5359443,75186560.000
2008-04-14,5.82,5.94,5.51,5.56,6067480,80502704.000
2008-04-15,5.49,5.80,5.28,5.78,6984422,89864704.000
2008-04-16,5.64,5.72,5.42,5.49,5601410,72361632.000
2008-04-17,5.34,5.53,4.85,4.86,22454986,266001296.000
2008-04-18,4.76,4.76,4.28,4.28,19903002,208950944.000
2008-04-21,4.59,4.67,3.88,4.13,29077209,299767616.000
2008-04-22,4.07,4.07,3.67,3.95,22489558,215078560.000
2008-04-23,3.92,4.44,3.84,4.44,30010137,314262656.000
2008-04-24,4.80,4.97,4.72,4.97,55743023,651581056.000
2008-04-25,5.09,5.43,4.63,5.20,37990265,466653696.000
2008-04-28,5.07,5.28,4.99,5.17,17682331,215358608.000
2008-04-29,5.11,5.59,5.07,5.47,22602970,286987872.000
2008-04-30,5.50,5.88,5.44,5.80,23909129,317417248.000
2008-05-05,5.86,6.07,5.68,6.04,22355877,304578656.000
2008-05-06,5.93,6.06,5.78,5.84,14067528,191670896.000
2008-05-07,5.78,5.88,5.34,5.36,17728106,232630096.000
2008-05-08,5.31,5.57,5.13,5.51,14510097,183008336.000
2008-05-09,5.59,5.82,5.52,5.79,17970979,237015104.000
2008-05-12,5.59,6.43,5.53,6.32,29022649,403169888.000
2008-05-13,6.03,6.51,6.03,6.09,26530846,380177568.000
2008-05-14,6.07,6.36,5.97,6.22,20766294,295029184.000
2008-05-15,6.30,6.34,6.13,6.14,12142696,173644000.000
2008-05-16,6.16,6.24,5.93,6.03,11945147,166686640.000
2008-05-19,6.03,6.08,5.74,5.92,8743280,118994064.000
2008-05-21,5.38,5.82,5.24,5.71,18479749,234293312.000
2008-05-22,5.57,5.59,5.36,5.41,9440265,120932552.000
2008-05-23,5.28,5.61,5.14,5.42,8953927,113118928.000
2008-05-26,5.34,5.34,4.97,4.99,8708869,105122872.000
2008-05-27,4.89,5.09,4.88,5.08,5379610,63556832.000
2008-05-28,5.09,5.32,5.07,5.27,7149411,87353064.000
2008-05-29,5.28,5.30,5.03,5.05,5549143,67548064.000
2008-05-30,5.13,5.30,5.09,5.16,4787594,58394416.000
2008-06-02,5.16,5.18,5.01,5.10,4982335,59736512.000
2008-06-03,5.09,5.15,4.88,4.99,5782809,68292392.000
2008-06-04,5.03,5.03,4.79,4.86,3893156,44985840.000
2008-06-05,4.86,4.95,4.78,4.86,3290975,38118896.000
2008-06-06,4.87,4.95,4.86,4.91,3740470,43518784.000
2008-06-10,4.67,4.67,4.33,4.33,5883031,63078100.000
2008-06-11,4.14,4.24,3.99,4.09,5476333,55023216.000
2008-06-12,4.03,4.11,3.81,3.97,7759293,75452072.000
2008-06-13,3.97,4.05,3.72,3.75,4857391,46582844.000
2008-06-16,3.76,3.84,3.50,3.59,6186467,56359312.000
2008-06-17,3.53,3.63,3.28,3.31,7462637,65002848.000
2008-06-18,3.28,3.73,3.18,3.72,11048127,97673792.000
2008-06-19,3.70,3.76,3.26,3.26,9690721,85965552.000
2008-06-20,3.33,3.66,3.09,3.33,14886197,128311952.000
2008-06-23,3.22,3.39,3.18,3.34,5191409,43989032.000
2008-06-24,3.30,3.61,3.30,3.55,8530035,74873840.000
2008-06-27,3.59,3.83,3.35,3.75,19921246,177999968.000
2008-06-30,3.66,3.75,3.46,3.61,11320292,100788224.000
2008-07-01,3.63,3.78,3.60,3.66,13603753,122610008.000
2008-07-02,3.65,3.76,3.49,3.71,11240090,100718296.000
2008-07-03,3.63,4.01,3.51,3.88,18984541,175488800.000
2008-07-04,3.84,3.88,3.68,3.74,13172979,120639504.000
2008-07-07,3.74,4.13,3.74,4.08,16416296,159059888.000
2008-07-08,4.13,4.28,4.04,4.27,17016186,169658992.000
2008-07-09,4.27,4.40,4.20,4.38,13382270,137038928.000
2008-07-10,4.29,4.35,4.15,4.16,14120715,143595296.000
2008-07-11,4.13,4.16,4.01,4.13,8049612,78904728.000
2008-07-14,4.06,4.26,4.03,4.20,4925102,49102704.000
2008-07-15,4.20,4.28,3.95,3.95,9357844,91134152.000
2008-07-16,3.93,4.13,3.77,3.84,9151495,86623288.000
2008-07-17,3.94,3.98,3.66,3.70,7000981,65102124.000
2008-07-18,3.74,3.93,3.66,3.90,5821309,53553320.000
2008-07-21,3.90,4.31,3.88,4.30,13021303,129746440.000
2008-07-22,4.31,4.51,4.18,4.34,16689164,173691088.000
2008-07-23,4.36,4.75,4.36,4.63,25108465,271026944.000
2008-07-24,4.70,4.85,4.63,4.68,22050126,244987024.000
2008-07-25,4.67,4.78,4.59,4.68,10995545,120937008.000
2008-07-28,4.78,4.93,4.66,4.73,11134392,124705544.000
2008-07-29,4.67,4.67,4.49,4.61,10713979,115471192.000
2008-07-30,4.72,4.74,4.51,4.61,4187293,45430912.000
2008-07-31,4.61,4.73,4.48,4.68,9856141,107493992.000
2008-08-01,4.55,4.69,4.38,4.53,11279033,120725440.000
2008-08-04,4.55,4.67,4.44,4.49,3819687,41055600.000
2008-08-05,4.53,4.61,4.44,4.48,4659378,49632420.000
2008-08-06,4.52,4.59,4.14,4.31,10229104,105111568.000
2008-08-07,4.24,4.40,4.16,4.32,4833821,49136480.000
2008-08-08,4.39,4.44,3.93,3.94,6842210,68399248.000
2008-08-11,3.94,4.01,3.56,3.62,8847199,79618528.000
2008-08-13,3.62,3.74,3.19,3.68,5162563,44803316.000
2008-08-14,3.62,3.76,3.59,3.73,2944936,26613404.000
2008-08-15,3.76,3.91,3.69,3.88,3990178,37116324.000
2008-08-18,3.88,3.96,3.61,3.72,4156058,38338860.000
2008-08-19,3.61,4.15,3.61,4.11,8680968,83148120.000
2008-08-20,4.01,4.43,4.01,4.42,11792203,121448320.000
2008-08-21,4.34,4.38,4.09,4.12,7355032,74170552.000
2008-08-22,4.02,4.16,3.72,3.97,6368480,59840340.000
2008-08-25,4.02,4.23,3.95,4.13,4631595,45850368.000
2008-08-26,4.04,4.09,3.83,3.97,4118919,39197896.000
2008-08-27,3.94,4.03,3.73,3.88,2911368,27398476.000
2008-08-28,3.86,4.03,3.79,3.90,3091538,29349876.000
2008-08-29,3.92,4.11,3.88,4.01,3789630,36531204.000
2008-09-01,4.00,4.00,3.79,3.84,2918584,27319948.000
2008-09-02,3.84,3.84,3.63,3.71,6787207,61418484.000
2008-09-03,3.69,3.75,3.59,3.68,3671600,32732200.000
2008-09-04,3.68,3.76,3.65,3.70,2523341,22766382.000
2008-09-05,3.59,3.65,3.49,3.54,3630912,31870490.000
2008-09-08,3.54,3.59,3.39,3.40,3183375,27362584.000
2008-09-09,3.41,3.55,3.41,3.54,3208492,27549484.000
2008-09-10,3.51,3.66,3.42,3.59,2741694,24041852.000
2008-09-11,3.59,3.61,3.44,3.48,1453706,12570367.000
2008-09-12,3.48,3.64,3.44,3.59,2627651,23148870.000
2008-09-16,3.62,3.65,3.49,3.59,4111183,36248948.000
2008-09-17,3.53,3.62,3.39,3.45,3288802,28309384.000
2008-09-18,3.37,3.37,3.03,3.22,5732449,45970044.000
2008-09-19,3.63,3.63,3.54,3.63,10811251,95979376.000
2008-09-22,3.82,4.04,3.61,3.89,19391725,181125840.000
2008-09-23,3.64,3.73,3.57,3.59,5969033,53289712.000
2008-09-24,3.53,3.61,3.43,3.61,4341204,37476892.000
2008-09-25,3.62,4.04,3.60,3.74,21906388,205004400.000
2008-09-26,3.80,3.82,3.69,3.74,7298470,66828052.000
2008-10-06,3.68,3.68,3.50,3.57,4230810,37288680.000
2008-10-07,3.38,3.64,3.36,3.55,2871464,24911952.000
2008-10-08,3.43,3.51,3.35,3.38,4151875,35104228.000
2008-10-09,3.48,3.48,3.23,3.24,3216372,26800976.000
2008-10-10,3.08,3.12,3.02,3.03,6069325,47088088.000
2008-10-13,2.97,3.13,2.92,3.12,5505523,42456228.000
2008-10-14,3.28,3.30,3.08,3.09,5227297,42148232.000
2008-10-15,3.08,3.11,3.01,3.08,2206577,17096072.000
2008-10-16,2.92,2.97,2.88,2.90,3996894,29913140.000
2008-10-17,2.90,2.93,2.76,2.79,3335640,24339636.000
2008-10-20,2.79,2.88,2.63,2.85,4841212,34707600.000
2008-10-21,2.88,3.00,2.85,2.91,6409913,48161220.000
2008-10-22,2.88,3.11,2.87,2.97,5887334,45119608.000
2008-10-23,2.87,3.13,2.87,3.09,6565329,50873264.000
2008-10-24,3.06,3.16,3.06,3.12,4414077,34691504.000
2008-10-27,3.04,3.11,2.87,2.93,5887344,44846076.000
2008-10-28,2.88,3.03,2.83,3.03,3177446,24078392.000
2008-10-29,3.06,3.17,3.06,3.11,5980753,47054316.000
2008-10-30,3.14,3.23,2.99,3.14,4754273,37760880.000
2008-10-31,3.13,3.21,3.09,3.15,2950317,23510016.000
2008-11-03,3.09,3.28,3.09,3.11,5047202,40735688.000
2008-11-04,3.13,3.15,3.04,3.12,2529554,19818872.000
2008-11-05,3.16,3.27,3.13,3.18,2336351,18782740.000
2008-11-06,3.11,3.14,3.01,3.09,2583830,20153648.000
2008-11-07,3.03,3.18,2.98,3.14,2093406,16527780.000
2008-11-10,3.20,3.41,3.19,3.39,6572441,54171964.000
2008-11-11,3.36,3.51,3.28,3.38,5616698,47489816.000
2008-11-12,3.32,3.43,3.27,3.38,6602575,55058740.000
2008-11-13,3.34,3.59,3.32,3.53,6006565,51471492.000
2008-11-14,3.59,3.74,3.50,3.68,7490333,66443220.000
2008-11-17,3.63,3.77,3.55,3.73,13372627,118706344.000
2008-11-18,3.65,3.68,3.28,3.28,8125561,70431696.000
2008-11-19,3.28,3.58,3.28,3.53,4986464,42522504.000
2008-11-20,3.74,3.94,3.74,3.82,26182669,243487952.000
2008-11-21,3.68,3.84,3.53,3.68,11166394,99821944.000
2008-11-24,3.63,3.83,3.55,3.59,6157201,55312660.000
2008-11-25,3.64,3.69,3.44,3.58,3957363,34749468.000
2008-11-26,3.55,3.59,3.45,3.52,2815017,24382468.000
2008-11-27,3.82,3.88,3.61,3.67,12784724,116520880.000
2008-11-28,3.61,3.71,3.60,3.66,4605502,41238044.000
2008-12-01,3.84,4.01,3.73,3.82,20056021,186534480.000
2008-12-02,3.71,4.17,3.68,4.01,33937175,325541248.000
2008-12-03,4.02,4.24,3.96,4.16,21351059,211454432.000
2008-12-04,4.26,4.36,4.16,4.18,21765678,222052832.000
2008-12-05,4.13,4.28,4.09,4.23,7476052,75152392.000
2008-12-08,4.24,4.43,4.23,4.36,11467559,118027704.000
2008-12-09,4.38,4.38,4.12,4.13,9667887,97391256.000
2008-12-10,4.12,4.21,4.08,4.19,5877873,58497320.000
2008-12-11,4.22,4.34,4.05,4.06,7385471,74107248.000
2008-12-12,3.96,4.05,3.84,3.89,6650349,62917096.000
2008-12-15,3.92,4.01,3.84,3.86,7010691,66090788.000
2008-12-16,3.88,4.14,3.82,4.11,9552706,92225960.000
2008-12-17,4.12,4.19,4.06,4.07,4401710,43578120.000
2008-12-18,4.09,4.13,4.00,4.09,3200273,31248876.000
2008-12-19,4.09,4.19,4.09,4.16,4761519,47327292.000
2008-12-22,4.13,4.17,3.93,3.98,9385143,90804024.000
2008-12-23,4.02,4.02,3.69,3.72,7064020,66358436.000
2008-12-24,3.70,3.82,3.66,3.75,4885165,44697400.000
2008-12-25,3.84,3.95,3.73,3.75,7947308,74469400.000
2008-12-26,3.76,3.81,3.67,3.72,3509386,31741640.000
2008-12-29,3.70,3.76,3.55,3.74,3857607,34625144.000
2008-12-30,3.75,3.75,3.66,3.66,6298338,56876600.000
2008-12-31,3.68,3.74,3.66,3.68,3282930,29620508.000
2009-01-05,3.79,3.88,3.73,3.81,11757217,108335312.000
2009-01-06,3.78,3.92,3.71,3.91,10795942,99779688.000
2009-01-07,3.91,3.91,3.77,3.80,10231033,94833400.000
2009-01-08,3.75,3.75,3.58,3.61,10096317,89774864.000
2009-01-09,3.60,3.71,3.52,3.69,13952662,123413024.000
2009-01-12,3.64,3.72,3.58,3.64,10488703,93347792.000
2009-01-13,3.61,3.61,3.53,3.59,6489961,56840540.000
2009-01-14,3.58,3.70,3.53,3.68,10733568,95383008.000
2009-01-15,3.65,3.76,3.59,3.70,10750822,96992216.000
2009-01-16,3.76,3.88,3.74,3.75,13058708,120698392.000
2009-01-19,3.76,3.84,3.70,3.80,12088440,110747080.000
2009-01-20,3.81,3.82,3.71,3.75,8274416,75514040.000
2009-01-21,3.71,3.73,3.48,3.55,19227030,169716192.000
2009-01-22,3.59,3.60,3.43,3.53,22411071,193188224.000
2009-01-23,3.52,3.53,3.46,3.49,12941594,111612664.000
2009-02-02,3.56,3.66,3.53,3.65,15621395,137905296.000
2009-02-03,3.65,3.76,3.61,3.75,18609087,168139984.000
2009-02-04,3.78,3.94,3.78,3.92,25410263,237925120.000
2009-02-05,3.91,3.98,3.82,3.84,29699119,280162912.000
2009-02-06,3.86,4.06,3.86,4.03,21492123,205838640.000
2009-02-09,4.13,4.28,3.98,4.18,36620123,361507104.000
2009-02-10,4.15,4.30,4.09,4.29,35677736,358405664.000
2009-02-11,4.21,4.40,4.17,4.25,39732860,404231872.000
2009-02-12,4.28,4.59,4.23,4.58,76509398,798732288.000
2009-02-13,4.66,4.99,4.52,4.83,60673551,680873216.000
2009-02-16,4.87,4.91,4.57,4.75,38544838,426632224.000
2009-02-17,4.76,4.85,4.49,4.52,30094378,328544544.000
2009-02-18,4.38,4.47,4.23,4.24,27703374,286325120.000
2009-02-19,4.28,4.38,4.25,4.33,26646478,273294496.000
2009-02-20,4.46,4.57,4.41,4.48,33321831,352791904.000
2009-02-23,4.43,4.57,4.25,4.54,31571565,331498272.000
2009-02-24,4.47,4.47,4.23,4.23,28380089,294028128.000
2009-02-25,4.28,4.34,4.07,4.22,19286760,193696608.000
2009-02-26,4.22,4.25,3.80,3.87,21093769,206338416.000
2009-02-27,3.84,3.89,3.70,3.86,23021565,212269760.000
2009-03-02,3.86,3.91,3.80,3.86,14345846,134134352.000
2009-03-03,3.72,3.81,3.68,3.76,12969215,118601664.000
2009-03-04,3.78,4.01,3.78,3.99,22172346,210635072.000
2009-03-05,4.07,4.11,3.91,4.02,29875899,289271776.000
2009-03-06,3.94,4.07,3.92,3.99,14884435,143396864.000
2009-03-09,3.99,4.06,3.71,3.73,17338320,162163776.000
2009-03-10,3.70,3.76,3.63,3.73,15301493,137665776.000
2009-03-11,3.86,3.88,3.72,3.74,17162247,158068160.000
2009-03-12,3.73,3.73,3.58,3.67,18860327,167838672.000
2009-03-13,3.71,3.80,3.67,3.72,16790235,152655472.000
2009-03-16,3.71,3.78,3.64,3.78,10778522,97658416.000
2009-03-17,3.77,3.98,3.75,3.95,22818891,214993504.000
2009-03-18,3.97,4.09,3.95,4.01,28392122,275389472.000
2009-03-19,4.02,4.11,3.97,4.08,21828662,212320720.000
2009-03-20,4.08,4.11,3.90,3.97,26286434,252138240.000
2009-03-23,3.97,4.07,3.92,4.06,20339550,196968752.000
2009-03-24,4.15,4.16,4.06,4.13,23315776,229478944.000
2009-03-25,4.13,4.24,4.01,4.04,33126030,329971200.000
2009-03-26,4.02,4.11,3.92,4.11,18124068,175393008.000
2009-03-27,4.11,4.22,4.03,4.09,25978554,256205872.000
2009-03-30,4.08,4.15,4.03,4.10,15208015,149062784.000
2009-03-31,3.98,4.16,3.95,4.15,16296780,158743072.000
2009-04-01,4.18,4.26,4.15,4.23,37089858,372868640.000
2009-04-02,4.26,4.28,4.19,4.22,25462642,257310928.000
2009-04-03,4.25,4.27,4.12,4.13,22433830,224005184.000
2009-04-07,4.16,4.22,4.11,4.17,13296700,132325768.000
2009-04-08,4.15,4.15,3.91,3.91,23050233,222934704.000
2009-04-09,3.90,3.95,3.78,3.92,26378137,246899952.000
2009-04-10,3.95,4.13,3.86,4.11,26941484,259663008.000
2009-04-13,4.13,4.21,4.13,4.16,30459039,303549024.000
2009-04-14,4.18,4.35,4.18,4.26,37755543,383529056.000
2009-04-15,4.25,4.34,4.14,4.34,35822768,362585312.000
2009-04-16,4.34,4.39,4.21,4.29,31283965,320129600.000
2009-04-17,4.28,4.36,4.18,4.25,34650814,352509216.000
2009-04-20,4.29,4.56,4.29,4.53,59765147,628861120.000
2009-04-21,4.45,4.60,4.38,4.48,44945661,477392160.000
2009-04-22,4.53,4.61,4.19,4.23,43558240,453552000.000
2009-04-23,4.23,4.42,4.16,4.34,28369799,289007552.000
2009-04-24,4.38,4.63,4.25,4.50,67134037,709241024.000
2009-04-27,4.45,4.46,4.23,4.28,33143954,340397152.000
2009-04-28,4.23,4.32,4.13,4.21,24448800,245768544.000
2009-04-29,4.13,4.20,3.98,4.19,48202268,471844576.000
2009-04-30,4.16,4.36,4.14,4.27,39448695,398566784.000
2009-05-04,4.27,4.40,4.21,4.36,33087209,340054048.000
2009-05-05,4.38,4.41,4.27,4.32,32283242,332006240.000
2009-05-06,4.32,4.41,4.29,4.40,31215338,323114240.000
2009-05-07,4.41,4.46,4.20,4.25,33752690,346140928.000
2009-05-08,4.24,4.26,4.11,4.21,34371403,344450176.000
2009-05-11,4.26,4.27,4.01,4.02,41321465,409948096.000
2009-05-12,4.02,4.51,4.02,4.51,64813702,671855744.000
2009-05-13,4.96,5.04,4.72,4.98,169764765,1944006272.000
2009-05-14,4.90,5.13,4.89,5.09,69205950,809327232.000
2009-05-15,5.06,5.16,4.98,5.09,35010650,411292832.000
2009-05-18,5.06,5.26,4.94,5.20,57368457,681770304.000
2009-05-19,5.25,5.25,5.11,5.14,31537460,377044256.000
2009-05-20,5.25,5.39,4.92,4.93,46936016,558082048.000
2009-05-21,4.89,5.01,4.80,4.90,27221278,310113152.000
2009-05-22,4.97,5.33,4.95,5.14,54489589,652145344.000
2009-05-25,5.01,5.21,4.96,5.19,25113391,297911328.000
2009-05-26,5.19,5.71,5.13,5.50,39854976,501259680.000
2009-05-27,5.56,5.67,5.44,5.53,23762803,303523968.000
2009-06-01,5.61,5.81,5.51,5.54,26350852,341962336.000
2009-06-02,5.54,5.61,5.44,5.55,20254551,257017808.000
2009-06-03,5.55,5.55,5.39,5.46,14777130,185310336.000
2009-06-04,5.51,5.61,5.35,5.43,19529206,245065408.000
2009-06-05,5.45,5.70,5.42,5.59,21143256,271107104.000
2009-06-08,5.58,5.58,5.34,5.47,13028986,163500224.000
2009-06-09,5.37,5.49,5.31,5.45,11072276,137641264.000
2009-06-10,5.48,5.80,5.48,5.75,26822633,347869088.000
2009-06-11,5.73,6.07,5.66,5.95,28843282,388266208.000
2009-06-12,5.93,5.95,5.63,5.75,16784110,221504064.000
2009-06-15,5.77,5.82,5.57,5.81,14276634,185151552.000
2009-06-16,5.71,5.95,5.71,5.84,12061217,160298368.000
2009-06-17,5.86,6.02,5.79,6.00,12195117,164207888.000
2009-06-18,6.00,6.13,5.92,6.07,15128101,207108032.000
2009-06-22,6.15,6.28,5.83,5.92,13885021,190702304.000
2009-06-23,5.83,6.03,5.81,5.97,8650723,116097808.000
2009-06-24,5.91,6.08,5.81,6.03,10067600,136245824.000
2009-06-25,6.08,6.29,6.06,6.10,10241420,142952944.000
2009-06-26,6.08,6.14,5.95,6.00,8958442,122548792.000
2009-06-29,5.98,6.02,5.78,5.85,15849255,212288432.000
2009-06-30,5.91,5.91,5.76,5.81,11467778,152220160.000
2009-07-01,5.83,5.88,5.73,5.84,13518164,178565648.000
2009-07-02,5.86,5.87,5.66,5.78,22103600,289104576.000
2009-07-03,5.77,5.81,5.67,5.78,18490368,241745808.000
2009-07-06,5.70,5.83,5.67,5.82,22391260,293023520.000
2009-07-07,5.85,6.06,5.82,5.94,29636505,401375648.000
2009-07-08,5.87,6.04,5.82,5.98,13746684,186361008.000
2009-07-09,6.03,6.15,5.99,6.09,13523623,186516128.000
2009-07-10,6.14,6.33,6.13,6.21,18722656,264315632.000
2009-07-13,6.30,6.34,6.16,6.27,10041844,140247088.000
2009-07-14,6.26,6.35,6.19,6.35,14712601,206073232.000
2009-07-15,6.31,6.48,6.26,6.32,15515160,220235536.000
2009-07-16,6.31,6.37,6.13,6.24,13018966,180600000.000
2009-07-17,6.22,6.28,6.07,6.20,12148369,168467424.000
2009-07-20,6.19,6.49,6.10,6.44,25554423,360936224.000
2009-07-21,6.39,6.52,6.33,6.40,23560458,339100000.000
2009-07-22,6.41,6.65,6.41,6.62,18945624,277881760.000
2009-07-23,6.63,6.63,6.46,6.60,9006615,130989712.000
2009-07-24,6.59,6.65,6.41,6.49,11213661,163002416.000
2009-07-27,6.51,6.57,6.41,6.50,9828962,141412912.000
2009-07-28,6.51,6.64,6.40,6.50,12857394,186414720.000
2009-07-29,6.49,6.49,5.78,6.07,17829675,247210720.000
2009-07-30,6.08,6.16,5.81,6.00,10236636,137393824.000
2009-07-31,6.01,6.18,5.91,6.18,12470437,169601536.000
2009-08-03,6.19,6.23,6.05,6.13,14127600,193807728.000
2009-08-04,6.17,6.82,6.07,6.82,44509338,644499392.000
2009-08-05,6.82,6.89,6.64,6.83,22915729,344911264.000
2009-08-06,6.75,7.31,6.71,6.98,30131165,470449088.000
2009-08-07,6.98,7.05,6.81,6.99,16537095,253572656.000
2009-08-10,7.06,7.20,6.71,6.81,12290399,188619952.000
2009-08-11,7.00,7.39,6.96,7.29,33043495,523494080.000
2009-08-12,7.20,7.34,6.93,6.97,20475597,318694528.000
2009-08-13,6.92,7.21,6.69,7.11,14700508,226747168.000
2009-08-14,7.10,7.10,6.55,6.61,20192530,303806912.000
2009-08-17,6.51,6.73,6.01,6.02,24983722,353732192.000
2009-08-18,5.77,6.42,5.77,6.30,17375543,239632480.000
2009-08-19,6.30,6.47,6.18,6.32,21906153,310729600.000
2009-08-20,6.31,6.68,6.31,6.60,17654612,258088800.000
2009-08-21,6.65,6.99,6.55,6.76,13883748,209400816.000
2009-08-24,6.81,7.20,6.61,7.12,24384244,379493920.000
2009-08-25,7.05,7.11,6.71,6.93,17667642,271696704.000
2009-08-26,6.96,7.34,6.96,7.20,13441452,213778608.000
2009-08-27,7.16,7.44,7.05,7.12,9712448,154747280.000
2009-08-28,7.11,7.21,6.81,6.91,8826124,135577264.000
2009-08-31,6.85,6.85,6.36,6.38,16586763,242435552.000
2009-09-01,6.37,6.51,6.24,6.38,10206022,145942944.000
2009-09-02,6.37,6.64,6.27,6.60,8100470,117866960.000
2009-09-03,6.58,6.98,6.56,6.90,9822015,148385840.000
2009-09-04,6.91,7.06,6.85,7.00,9069196,140211744.000
2009-09-07,7.00,7.26,7.00,7.10,14095710,223866512.000
2009-09-08,7.01,7.28,6.97,7.21,8612555,136633760.000
2009-09-09,7.21,7.31,7.09,7.19,10972651,174684992.000
2009-09-10,7.17,7.21,6.93,6.97,7736943,119974312.000
2009-09-11,6.97,7.41,6.91,7.40,17851078,283204000.000
2009-09-15,7.64,7.76,7.45,7.47,18871153,315738368.000
2009-09-16,7.48,7.56,7.23,7.33,11069638,179362816.000
2009-09-17,7.41,7.81,7.38,7.59,14236806,239478368.000
2009-09-18,7.61,7.80,7.26,7.33,11699357,193051872.000
2009-09-21,7.32,7.78,7.11,7.71,16378769,269285408.000
2009-09-22,7.72,8.15,7.66,7.80,19466512,338111936.000
2009-09-23,7.72,7.94,7.47,7.60,10042934,169109872.000
2009-09-24,7.55,7.68,7.31,7.41,6762347,111321248.000
2009-09-25,7.44,7.64,7.26,7.48,8607894,141542688.000
2009-09-28,7.49,7.65,7.22,7.30,6149866,101032528.000
2009-09-29,7.33,7.36,6.92,7.05,6491153,101349432.000
2009-10-09,7.26,7.78,7.26,7.76,10405553,173540000.000
2009-10-12,7.81,8.25,7.66,7.94,15764868,277290752.000
2009-10-13,7.94,8.11,7.71,7.94,11888481,204616240.000
2009-10-14,7.98,8.07,7.88,7.96,7652170,133319272.000
2009-10-15,8.00,8.26,7.89,8.10,10154701,179124816.000
2009-10-16,8.10,8.15,7.76,7.94,11249513,194847216.000
2009-10-19,7.93,8.26,7.79,8.16,12892719,227362320.000
2009-10-20,8.17,8.49,8.10,8.42,16191582,293227008.000
2009-10-21,8.35,8.62,8.21,8.23,20950598,383302272.000
2009-10-22,8.21,8.47,8.21,8.35,14918182,269623456.000
2009-10-23,8.40,8.51,8.34,8.46,10970508,201101344.000
2009-10-26,8.44,8.70,8.26,8.66,10601085,195664304.000
2009-10-27,8.64,9.00,8.49,8.63,22929715,438244352.000
2009-10-28,8.56,8.89,8.49,8.87,12874994,242924976.000
2009-10-29,8.76,9.18,8.61,8.88,16346366,318022720.000
2009-10-30,9.05,9.13,8.73,8.82,16964554,326818624.000
2009-11-02,8.65,9.04,8.39,8.99,16834724,319528064.000
2009-11-03,8.98,9.42,8.91,9.30,16591533,332744608.000
2009-11-04,9.28,9.57,9.19,9.49,10385061,211092784.000
2009-11-05,9.49,9.52,9.26,9.47,12063658,243571536.000
2009-11-06,9.48,9.74,9.35,9.40,12883443,264168032.000
2009-11-09,9.43,9.60,9.31,9.47,10848779,220758016.000
2009-11-10,9.56,9.59,9.36,9.41,7146299,145237376.000
2009-11-11,9.36,9.62,9.27,9.57,9586169,195610624.000
2009-11-12,9.59,10.27,9.52,10.03,18423488,395736960.000
2009-11-13,9.96,10.45,9.85,10.39,19217402,417901024.000
2009-11-16,10.39,10.90,10.21,10.30,27840937,621342720.000
2009-11-17,10.31,10.31,9.94,10.06,19546016,421221856.000
2009-11-18,10.06,10.16,9.82,9.94,11248846,241192192.000
2009-11-19,9.98,10.32,9.98,10.28,18396277,399831136.000
2009-11-20,10.31,10.53,10.01,10.32,15689728,345805568.000
2009-11-23,10.31,10.59,10.20,10.51,11513424,258063200.000
2009-11-24,10.57,10.62,9.76,9.82,17041030,373466592.000
2009-11-25,9.78,10.28,9.64,10.19,17968123,381810240.000
2009-11-26,10.19,10.31,9.66,9.66,14869090,317329120.000
2009-11-27,9.61,9.95,9.37,9.94,16599100,349236896.000
2009-11-30,9.93,11.01,9.93,11.01,20238339,455323744.000
2009-12-01,10.98,11.56,10.66,11.51,21912198,528313120.000
2009-12-02,11.59,11.97,11.37,11.54,13682557,338195680.000
2009-12-03,11.46,11.46,11.20,11.38,11375538,274021248.000
2009-12-04,11.36,11.51,11.02,11.28,9104750,218228944.000
2009-12-07,11.44,11.65,11.20,11.40,9688487,234684928.000
2009-12-08,11.44,11.81,11.31,11.71,10866281,266981280.000
2009-12-09,11.56,11.76,11.25,11.36,9111991,223761616.000
2009-12-14,11.84,12.26,11.48,11.59,14218328,355854656.000
2009-12-15,11.51,11.82,11.33,11.48,6344033,156430880.000
2009-12-16,11.40,11.40,11.11,11.19,11335152,271299616.000
2009-12-17,11.18,11.26,10.74,11.02,11171860,260956400.000
2009-12-18,10.91,11.05,10.53,10.98,9286380,213121024.000
2009-12-21,10.96,11.46,10.77,11.11,10359636,246935392.000
2009-12-22,11.26,11.26,10.81,10.98,4443158,104271968.000
2009-12-23,10.82,11.19,10.82,11.19,4599847,108587032.000
2009-12-24,11.21,11.61,11.12,11.55,10535303,255788256.000
2009-12-25,11.56,11.72,11.44,11.59,6637953,163963952.000
2009-12-28,11.61,11.91,11.59,11.64,8436652,210628720.000
2009-12-30,11.82,11.86,11.22,11.64,15865923,385548256.000
2009-12-31,11.46,11.76,11.31,11.65,10674567,261678464.000
2010-01-04,11.64,11.66,11.25,11.29,12109210,293027488.000
2010-01-05,11.31,11.36,10.66,10.76,28422012,658879168.000
2010-01-06,10.72,10.77,10.36,10.49,30670064,691308544.000
2010-01-07,10.46,10.53,10.02,10.15,31047343,677371328.000
2010-01-08,10.03,10.25,9.85,10.21,16555733,358410048.000
2010-01-11,10.27,10.31,9.67,9.69,27365174,578036480.000
2010-01-12,9.69,10.01,9.25,9.99,23458846,493308352.000
2010-01-13,9.70,10.19,9.59,9.88,18292867,390999360.000
2010-01-14,9.89,10.48,9.89,10.48,25412450,561735104.000
2010-01-15,10.49,10.55,10.39,10.45,14681181,328855456.000
2010-01-18,10.41,10.45,10.07,10.31,14811432,325516192.000
2010-01-19,10.31,10.46,10.06,10.36,14116387,311088096.000
2010-01-20,10.36,10.38,10.03,10.16,12406492,271599712.000
2010-01-21,10.14,10.16,9.74,10.00,15725201,334036128.000
2010-01-22,9.84,9.84,9.31,9.47,18760939,385565312.000
2010-01-25,9.40,9.43,9.06,9.11,16797172,334640096.000
2010-01-26,9.10,9.41,9.08,9.22,12008670,240690832.000
2010-01-27,9.21,9.72,9.16,9.56,19722775,403824384.000
2010-01-28,9.53,9.86,9.41,9.65,9556191,199198016.000
2010-01-29,9.65,9.76,9.31,9.35,7842719,161130288.000
2010-02-01,9.42,9.44,9.15,9.43,6525263,131162272.000
2010-02-02,9.44,9.65,9.36,9.52,6254870,128472528.000
2010-02-03,9.48,9.65,9.28,9.64,9536245,194992576.000
2010-02-04,9.59,9.76,9.39,9.55,5862233,121229712.000
2010-02-05,9.40,9.47,9.21,9.26,5301261,106619128.000
2010-02-08,9.26,9.26,9.06,9.16,3910265,77269136.000
2010-02-09,9.15,9.36,9.12,9.30,4159733,83360560.000
2010-02-10,9.35,9.57,9.31,9.53,7727358,157502208.000
2010-02-11,9.56,9.69,9.47,9.61,5798693,120194848.000
2010-02-12,9.65,9.70,9.53,9.64,4102199,85102728.000
2010-02-22,9.51,9.76,9.48,9.58,4201027,87394672.000
2010-02-23,9.55,9.71,9.36,9.67,3586880,73919808.000
2010-02-24,9.62,10.05,9.47,9.96,7392261,157455472.000
2010-02-25,10.03,10.27,9.96,10.23,13141421,287068544.000
2010-02-26,10.18,10.39,10.10,10.34,9372366,206836464.000
2010-03-01,10.33,10.35,10.21,10.27,7111495,156880896.000
2010-03-02,10.26,10.31,9.94,10.06,6728892,145449104.000
2010-03-03,10.05,10.31,10.01,10.26,5593950,122435336.000
2010-03-04,10.28,10.51,9.96,10.02,6908159,151612512.000
2010-03-05,10.02,10.13,9.76,9.77,7183303,153233872.000
2010-03-08,9.82,9.95,9.77,9.81,4290010,90880176.000
2010-03-09,9.81,9.97,9.81,9.94,3167620,67368536.000
2010-03-10,9.95,10.01,9.77,9.81,2771024,58706740.000
2010-03-11,9.81,9.89,9.77,9.77,3351501,70717656.000
2010-03-12,9.81,9.86,9.56,9.57,2640647,54950256.000
2010-03-15,9.46,9.56,9.23,9.35,3942024,79486768.000
2010-03-16,9.45,9.45,8.96,9.26,5792874,114759792.000
2010-03-17,9.27,9.43,9.21,9.43,7492587,150766448.000
2010-03-18,9.43,9.57,9.26,9.31,7445114,151277360.000
2010-03-19,9.34,9.47,9.25,9.43,6715043,135712976.000
2010-03-22,9.43,9.86,9.35,9.77,7209267,149738656.000
2010-03-23,9.78,9.93,9.65,9.80,6207153,130838120.000
2010-03-24,9.78,9.95,9.77,9.91,5280827,112000912.000
2010-03-25,9.91,9.91,9.56,9.58,4759187,99078000.000
2010-03-26,9.51,9.91,9.51,9.81,5112488,106799456.000
2010-03-29,9.78,9.89,9.63,9.78,10652629,223401776.000
2010-03-30,9.78,9.88,9.70,9.82,8535191,180261072.000
2010-03-31,9.82,9.84,9.64,9.73,14622234,304996064.000
2010-04-01,9.78,9.87,9.66,9.80,10704591,224783664.000
2010-04-02,9.85,10.16,9.81,10.15,12542531,270536000.000
2010-04-06,10.16,10.33,9.91,10.02,11993737,261052400.000
2010-04-07,10.02,10.06,9.79,9.88,6623271,140691632.000
2010-04-08,9.86,9.90,9.56,9.65,8886972,185638016.000
2010-04-09,9.65,9.78,9.65,9.76,6054184,126674816.000
2010-04-12,9.76,9.81,9.65,9.77,6524962,136540480.000
2010-04-13,9.80,10.03,9.69,9.92,8901406,188987376.000
2010-04-14,9.93,9.97,9.80,9.84,5659433,119980632.000
2010-04-15,9.86,10.01,9.40,9.45,11156908,231632400.000
2010-04-16,9.52,9.97,9.34,9.81,9860290,202473216.000
2010-04-19,9.61,9.65,9.01,9.26,10917703,220484464.000
2010-04-20,9.19,9.31,8.65,8.75,12864369,247201216.000
2010-04-21,8.74,8.88,8.26,8.87,24383838,459013632.000
2010-04-22,8.86,9.16,8.69,8.97,11292256,218548528.000
2010-04-23,8.97,9.04,8.61,8.65,10023399,190723936.000
2010-04-26,8.69,8.87,8.41,8.47,14101080,262526400.000
2010-04-27,8.47,8.48,7.98,8.07,18116664,320579776.000
2010-04-28,8.01,8.53,7.94,8.52,18676577,336405536.000
2010-04-29,8.52,8.63,8.21,8.26,9689357,177441936.000
2010-04-30,8.26,8.41,8.11,8.30,10562245,190150928.000
2010-05-04,8.16,8.36,8.09,8.23,4050697,72540008.000
2010-05-05,8.20,8.36,7.94,8.30,11609925,206418912.000
2010-05-06,8.30,8.48,8.02,8.11,11849269,213708960.000
2010-05-07,7.98,7.98,7.34,7.39,13708183,231042928.000
2010-05-10,7.39,7.86,7.31,7.69,8719641,145614096.000
2010-05-11,8.11,8.23,7.73,7.82,13390051,233343664.000
2010-05-12,7.69,7.90,7.40,7.54,9714748,161498656.000
2010-05-13,7.57,8.14,7.57,8.11,17042795,294869536.000
2010-05-14,8.06,8.18,7.95,8.05,8308914,146297008.000
2010-05-17,7.94,8.01,7.66,7.69,6600600,112934432.000
2010-05-18,7.69,8.04,7.51,7.93,7643055,130943952.000
2010-05-19,7.89,8.23,7.82,8.20,11716485,207703648.000
2010-05-20,8.15,8.69,8.11,8.34,22474677,416268800.000
2010-05-21,8.15,8.63,8.00,8.54,12828946,235760288.000
2010-05-24,8.66,9.16,8.66,8.90,22155133,428268000.000
2010-05-25,8.88,8.96,8.61,8.65,11935506,226505008.000
2010-05-26,8.67,8.77,8.31,8.54,15311577,282828192.000
2010-05-27,8.52,8.76,8.35,8.69,6080943,113677384.000
2010-05-28,8.77,8.93,8.51,8.61,8738937,165470768.000
2010-05-31,8.71,9.03,8.61,8.67,23473797,452517760.000
2010-06-01,8.71,8.80,8.39,8.48,9890384,184083664.000
2010-06-02,8.43,8.69,8.36,8.68,5470454,101732480.000
2010-06-03,8.69,8.97,8.61,8.91,14355037,275292224.000
2010-06-04,9.01,9.05,8.76,8.91,9279897,179185248.000
2010-06-07,8.71,8.93,8.41,8.50,11396827,213445632.000
2010-06-08,8.60,8.64,8.31,8.49,8217498,150922528.000
2010-06-09,8.64,9.34,8.64,9.26,29199620,567062848.000
2010-06-10,9.23,9.44,9.06,9.29,19023282,383825152.000
2010-06-11,9.29,9.88,9.29,9.35,21538004,445686016.000
2010-06-17,9.41,9.76,9.41,9.46,8689782,179010480.000
2010-06-18,9.44,9.59,9.16,9.26,9716064,196431808.000
2010-06-21,9.06,9.64,9.05,9.60,9888113,201160896.000
2010-06-22,9.64,9.73,9.49,9.63,7178410,148470512.000
2010-06-23,9.59,9.63,9.32,9.38,6944839,141442912.000
2010-06-24,9.46,9.58,9.34,9.43,4403716,89512520.000
2010-06-28,9.31,9.64,9.25,9.57,9734954,198610304.000
2010-06-29,9.52,9.63,8.84,8.87,11791123,233356336.000
2010-06-30,8.86,8.94,8.76,8.81,5230168,100057120.000
2010-07-01,8.85,8.93,8.36,8.49,6203873,115682352.000
2010-07-02,8.48,8.66,8.21,8.55,7360823,135013808.000
2010-07-05,8.51,8.81,8.35,8.65,6015815,113067328.000
2010-07-06,8.56,9.06,8.56,9.01,6340374,122329776.000
2010-07-07,8.97,9.45,8.97,9.43,7346785,147617936.000
2010-07-08,9.48,9.51,9.26,9.37,5377273,108484760.000
2010-07-09,9.26,9.73,9.26,9.64,9181343,190400608.000
2010-07-12,9.69,9.81,9.53,9.60,6346603,132146552.000
2010-07-13,9.53,9.53,9.11,9.18,7768229,155620976.000
2010-07-14,9.19,9.55,9.19,9.53,6929046,141449984.000
2010-07-15,9.53,9.77,9.47,9.58,9224257,192664080.000
2010-07-16,9.59,9.66,9.36,9.65,4290972,88138600.000
2010-07-19,9.55,9.97,9.55,9.90,10562125,222730416.000
2010-07-20,9.85,10.38,9.85,10.06,18352911,401686208.000
2010-07-21,10.05,10.14,9.84,9.91,7846930,167653488.000
2010-07-22,9.92,10.06,9.81,10.06,8189892,174654304.000
2010-07-23,10.05,10.06,9.82,9.95,9606482,204318752.000
2010-07-26,9.98,10.01,9.85,9.97,5692615,121418896.000
2010-07-27,9.91,10.15,9.88,10.13,8863234,191684112.000
2010-07-28,10.15,10.31,10.06,10.30,9478967,207949536.000
2010-07-29,10.30,10.59,10.16,10.46,12860333,281323008.000
2010-07-30,10.36,10.37,10.18,10.35,6516342,141609296.000
2010-08-02,10.35,10.60,10.25,10.49,6895580,152819056.000
2010-08-03,10.49,10.49,10.14,10.16,7642701,166467232.000
2010-08-04,10.16,10.26,9.72,9.98,14836004,311267232.000
2010-08-05,9.98,10.14,9.71,10.05,13204154,277982880.000
2010-08-06,10.04,10.13,9.70,10.11,10774718,226803024.000
2010-08-09,10.05,10.65,10.01,10.53,17134445,375164096.000
2010-08-10,10.47,10.66,10.25,10.27,14561102,323470112.000
2010-08-11,10.21,10.85,10.21,10.82,19751203,445999296.000
2010-08-12,10.70,10.96,10.54,10.87,14366742,327355232.000
2010-08-13,10.76,11.03,10.68,11.03,7747949,178427072.000
2010-08-16,11.01,11.08,10.86,11.06,6975137,161262768.000
2010-08-17,10.97,11.03,10.79,10.94,9192481,211495504.000
2010-08-18,10.91,11.03,10.86,10.88,4310866,99695472.000
2010-08-19,10.85,10.92,10.61,10.83,5255771,119667288.000
2010-08-20,10.74,10.88,10.67,10.73,3440164,78330904.000
2010-08-23,10.72,10.96,10.63,10.94,3813985,86964040.000
2010-08-24,10.91,11.00,10.67,10.81,4268527,97634832.000
2010-08-25,10.73,10.98,10.51,10.52,6125580,138431664.000
2010-08-26,10.55,10.90,10.51,10.80,4930764,111915456.000
2010-08-27,10.76,10.86,10.64,10.80,5274897,119694200.000
2010-08-31,11.00,11.20,10.64,10.76,11730477,269711200.000
2010-09-01,10.76,10.84,10.11,10.24,16788659,370957408.000
2010-09-02,10.40,10.61,10.21,10.44,9859458,216933008.000
2010-09-03,10.45,10.68,10.40,10.56,7278624,162569504.000
2010-09-06,10.59,10.85,10.59,10.73,6308879,143004848.000
2010-09-07,10.73,10.73,10.31,10.48,11412563,251346448.000
2010-09-08,10.48,10.58,10.41,10.50,5811853,128880992.000
2010-09-09,10.55,10.58,10.13,10.16,10378662,225446224.000
2010-09-10,10.14,10.24,9.81,10.05,10738879,226515840.000
2010-09-14,10.55,10.88,10.42,10.56,18757163,422715264.000
2010-09-15,10.57,10.81,10.43,10.68,11849964,267618432.000
2010-09-16,10.68,10.85,10.59,10.84,12189322,276615104.000
2010-09-17,10.83,10.95,10.63,10.73,6646905,151265952.000
2010-09-20,10.72,10.81,10.31,10.53,8015309,177664320.000
2010-09-21,10.53,10.88,10.51,10.80,8497955,192727776.000
2010-09-27,10.82,11.36,10.82,11.27,12653641,298059808.000
2010-09-28,11.19,11.32,11.06,11.17,4664377,109991168.000
2010-09-30,11.05,11.25,10.91,11.16,4131013,96683248.000
2010-10-08,11.16,11.40,11.06,11.31,9115925,216241264.000
2010-10-11,11.30,11.43,10.76,10.95,14737846,340379488.000
2010-10-12,10.92,11.03,10.84,10.99,11604138,267137200.000
2010-10-13,11.01,11.85,10.84,11.79,25795485,618038528.000
2010-10-14,11.79,11.83,11.38,11.45,13574073,330519392.000
2010-10-15,11.41,11.74,11.28,11.34,12647518,305690208.000
2010-10-18,11.31,11.53,10.86,11.38,9907954,232384032.000
2010-10-19,11.36,11.88,11.21,11.81,11847681,291046272.000
2010-10-20,11.62,12.38,11.60,12.15,12526713,318044224.000
2010-10-21,12.15,12.68,12.09,12.22,11112403,289008224.000
2010-10-22,12.16,13.13,12.16,12.92,15508261,416978752.000
2010-10-25,12.98,13.98,12.96,13.57,17176638,488679936.000
2010-10-26,13.52,13.78,13.16,13.67,6771288,188953744.000
2010-10-27,13.56,13.56,13.13,13.15,8374675,232730016.000
2010-10-28,13.06,13.28,12.66,12.88,8277285,223090960.000
2010-10-29,12.99,13.31,12.78,13.18,5942170,162105824.000
2010-11-01,13.33,13.56,13.10,13.24,8990975,249998016.000
2010-11-02,13.31,13.45,12.75,12.75,9253313,253623392.000
2010-11-03,12.75,12.90,12.55,12.59,7430643,197134112.000
2010-11-04,12.61,13.01,12.51,12.98,6561944,175160400.000
2010-11-05,13.11,13.21,12.66,12.79,12006717,322774432.000
2010-11-08,12.80,13.23,12.65,13.21,9240503,250170208.000
2010-11-09,13.15,13.23,12.66,12.81,13019570,348632160.000
2010-11-10,12.78,12.88,12.46,12.77,8361610,221735264.000
2010-11-11,12.69,13.21,12.69,12.84,11499640,310716032.000
2010-11-12,12.76,13.06,12.26,12.45,14075503,372319040.000
2010-11-15,12.41,12.98,12.41,12.91,10090173,270049600.000
2010-11-16,12.91,13.53,12.81,13.15,16305474,452196992.000
2010-11-17,13.06,13.06,11.79,11.80,16276690,418299072.000
2010-11-18,11.81,12.26,11.56,12.02,8985608,224533264.000
2010-11-19,12.16,12.23,11.79,12.16,6280208,157753024.000
2010-11-22,12.09,12.46,11.78,11.94,7633005,193026256.000
2010-11-23,11.91,11.91,11.16,11.82,7417491,181724784.000
2010-11-24,11.66,12.33,11.61,12.24,11136050,283169184.000
2010-11-25,12.25,12.75,12.12,12.49,8904590,233904448.000
2010-11-26,12.41,12.58,12.28,12.51,5380060,140290160.000
2010-11-29,12.52,12.61,12.09,12.21,6320664,162547376.000
2010-11-30,12.21,12.46,11.66,11.94,7242531,181882752.000
2010-12-01,11.94,12.45,11.78,12.36,5641380,144538112.000
2010-12-02,12.40,12.55,12.16,12.18,4415589,114542208.000
2010-12-03,12.21,12.48,11.99,12.06,5131637,130988272.000
2010-12-06,12.01,12.61,12.01,12.16,7226632,187187568.000
2010-12-07,12.10,12.66,11.94,12.61,6425420,167185456.000
2010-12-08,12.58,12.69,12.37,12.45,2635570,69065088.000
2010-12-09,12.45,12.56,12.10,12.27,6126641,157362112.000
2010-12-10,12.16,12.35,11.80,12.04,8644497,217773088.000
2010-12-13,12.18,12.53,12.16,12.52,7778522,202011968.000
2010-12-14,12.66,13.04,12.57,12.97,7699934,208174672.000
2010-12-15,12.91,13.00,12.76,12.86,4381538,118224328.000
2010-12-16,12.77,12.98,12.77,12.89,3605853,97206080.000
2010-12-17,12.91,13.03,12.61,13.01,4504560,121081936.000
2010-12-20,13.01,13.53,12.91,13.27,10060788,279215904.000
2010-12-21,13.28,13.57,13.23,13.30,9306421,260821904.000
2010-12-22,13.26,13.63,13.21,13.49,11325411,317654240.000
2010-12-23,13.45,13.45,12.96,12.98,5574022,153564128.000
2010-12-24,12.96,13.09,12.76,12.96,3322391,89835392.000
2010-12-27,12.96,13.46,12.46,12.64,6095017,165475968.000
2010-12-28,12.61,12.78,12.36,12.53,6126916,160558048.000
2010-12-29,12.53,12.76,12.16,12.69,5931654,154535808.000
2010-12-30,12.63,13.11,12.52,13.03,4529545,121286160.000
2010-12-31,13.10,13.55,13.10,13.51,9935245,276934400.000
2011-01-04,13.65,13.65,13.24,13.41,3793629,106029280.000
2011-01-05,13.38,13.46,13.21,13.34,5153204,143602144.000
2011-01-06,13.39,13.41,12.92,13.26,8624415,237401232.000
2011-01-07,13.20,13.33,12.99,13.25,7806073,214819248.000
2011-01-10,13.33,13.56,12.69,12.85,6992672,192221280.000
2011-01-11,12.74,13.04,12.71,13.01,7445314,200878336.000
2011-01-12,13.09,13.12,12.80,12.98,2879149,77937880.000
2011-01-13,13.06,13.10,12.91,13.02,2937550,80013288.000
2011-01-17,12.68,13.02,11.75,11.80,12641819,321991104.000
2011-01-18,11.80,12.07,11.40,12.06,3634478,89509272.000
2011-01-19,11.91,12.30,11.81,12.27,3357331,85061104.000
2011-01-20,12.21,12.27,11.41,11.86,3331780,82704256.000
2011-01-21,11.70,12.29,11.61,11.89,3397860,85643840.000
2011-01-24,11.97,12.10,11.41,11.67,2486418,60950424.000
2011-01-25,11.49,12.03,11.49,11.90,2187603,54207792.000
2011-01-26,11.95,11.98,11.57,11.78,4585855,113024200.000
2011-01-27,11.64,11.93,11.36,11.65,9386836,229825376.000
2011-01-28,11.67,11.81,11.50,11.72,5758637,141295856.000
2011-02-01,11.77,12.58,11.77,12.00,5612374,142700960.000
2011-02-09,11.84,12.24,11.79,12.16,3878018,98738144.000
2011-02-10,12.11,13.16,12.11,13.11,10483243,280080512.000
2011-02-11,13.02,13.81,13.02,13.31,14190184,400621152.000
2011-02-14,13.41,13.92,13.41,13.58,10196367,292451296.000
2011-02-15,13.61,13.81,13.47,13.56,7180750,204037408.000
2011-02-16,13.61,13.74,13.42,13.72,6495367,184505504.000
2011-02-17,13.75,14.04,13.48,13.94,7632147,220157536.000
2011-02-18,13.85,13.85,13.51,13.58,3508903,99777032.000
2011-02-21,13.55,14.28,13.50,14.24,8367381,245243184.000
2011-02-22,14.25,14.28,13.64,13.74,5579526,161730592.000
2011-02-23,13.66,13.96,13.30,13.66,4821329,136608352.000
2011-02-24,13.51,13.70,13.31,13.68,4260817,120275680.000
2011-02-25,13.51,13.99,13.29,13.92,4765539,135883232.000
2011-02-28,13.91,14.95,13.81,14.83,14820230,450991456.000
2011-03-01,14.81,15.10,14.61,14.83,6698040,206319680.000
2011-03-02,14.66,14.96,14.36,14.90,7166852,217791520.000
2011-03-03,14.80,14.95,14.40,14.50,4086843,124294296.000
2011-03-04,14.44,14.44,14.13,14.30,13433063,397539392.000
2011-03-07,14.38,15.22,14.35,14.95,14664330,456028224.000
2011-03-08,14.81,14.88,14.53,14.76,4677537,142925936.000
2011-03-09,14.87,14.99,14.26,14.54,6320229,190442256.000
2011-03-10,14.42,14.50,14.28,14.36,3213386,96079376.000
2011-03-11,14.33,14.59,14.06,14.26,4217560,125785552.000
2011-03-14,14.23,14.46,13.76,14.26,6597340,192077824.000
2011-03-15,14.10,14.10,13.41,13.70,9191216,262534176.000
2011-03-16,13.73,14.16,13.60,14.11,9343451,272270976.000
2011-03-17,13.86,13.98,13.46,13.84,10211560,293742112.000
2011-03-18,14.16,14.30,13.90,13.99,9127490,267046080.000
2011-03-21,14.01,14.29,13.66,13.82,3455697,100715592.000
2011-03-22,13.85,14.26,13.61,14.24,8925507,260503264.000
2011-03-23,14.16,14.55,14.04,14.48,7788980,231746992.000
2011-03-24,14.41,14.51,14.10,14.15,9982985,296852672.000
2011-03-25,14.16,14.56,14.03,14.34,10693699,321363456.000
2011-03-28,14.34,14.69,14.34,14.56,8954250,271441632.000
2011-03-29,14.53,14.63,13.82,13.90,8610237,255665376.000
2011-03-30,13.90,14.04,13.56,13.75,4915384,140538528.000
2011-03-31,13.55,13.99,13.44,13.49,5465180,154894896.000
2011-04-01,13.57,13.70,13.11,13.49,9461928,262709168.000
2011-04-06,13.33,13.50,13.02,13.26,12798927,352618176.000
2011-04-07,13.41,14.01,13.41,13.96,12195184,348625856.000
2011-04-08,13.96,14.34,13.76,14.15,8451800,249522608.000
2011-04-11,14.23,14.30,13.92,13.96,7478896,219049712.000
2011-04-12,14.11,14.13,13.56,13.86,6893888,198202672.000
2011-04-13,13.75,13.81,13.41,13.75,7615849,216344560.000
2011-04-14,13.67,13.80,13.59,13.64,6444441,184245280.000
2011-04-15,13.60,13.86,13.31,13.58,6736987,190192432.000
2011-04-18,13.44,13.60,13.16,13.33,8400859,234110960.000
2011-04-19,13.26,13.55,13.17,13.31,4835151,134671120.000
2011-04-20,13.32,13.50,13.32,13.41,3337792,93486120.000
2011-04-21,13.49,13.50,13.30,13.33,3753061,104664024.000
2011-04-22,13.31,13.79,13.26,13.73,7305201,207260624.000
2011-04-25,13.62,13.78,13.41,13.55,4922763,140131168.000
2011-04-26,13.56,13.76,13.51,13.63,3443133,97770848.000
2011-04-27,13.75,14.04,13.61,13.78,8262201,238774192.000
2011-04-28,13.89,13.98,13.17,13.44,8926977,254064144.000
2011-04-29,13.47,13.66,13.41,13.56,4083221,115434328.000
2011-05-03,13.60,13.62,13.36,13.53,3302550,92904184.000
2011-05-04,13.43,13.43,13.17,13.18,4189182,115866344.000
2011-05-05,13.18,13.24,13.03,13.21,4743854,130372728.000
2011-05-06,13.14,13.48,13.01,13.42,3484178,96912152.000
2011-05-09,13.33,13.82,13.33,13.48,6103484,173567552.000
2011-05-10,13.49,13.57,13.31,13.41,3657443,102479800.000
2011-05-11,13.36,13.51,13.21,13.31,5158488,143532128.000
2011-05-12,13.19,13.58,13.17,13.26,6951069,194943968.000
2011-05-13,13.28,13.38,12.79,13.09,7223609,196593744.000
2011-05-16,12.92,13.18,12.91,12.96,2737581,74727344.000
2011-05-17,13.00,13.08,12.81,12.90,4617786,124604680.000
2011-05-18,12.84,13.14,12.84,13.08,2696143,73370384.000
2011-05-19,13.08,13.45,13.01,13.06,4106124,113497136.000
2011-05-20,13.06,13.22,13.03,13.09,4239845,116153336.000
2011-05-23,13.08,13.08,12.63,12.66,3889240,104342448.000
2011-05-24,12.65,12.81,12.51,12.65,2672729,70741568.000
2011-05-25,12.61,12.69,12.35,12.35,2275443,59587416.000
2011-05-26,12.49,12.51,12.17,12.19,2543051,65765908.000
2011-05-27,12.26,12.35,12.00,12.11,3498594,88933768.000
2011-05-30,12.05,12.20,11.93,11.99,1874704,47534884.000
2011-05-31,12.03,12.54,11.97,12.51,2458557,62991916.000
2011-06-01,12.46,12.52,12.25,12.39,3746330,97533016.000
2011-06-02,12.26,12.41,12.07,12.20,1126144,28846820.000
2011-06-03,12.20,12.46,12.20,12.26,2728513,70414120.000
2011-06-07,12.19,12.56,12.16,12.51,3369559,87876200.000
2011-06-08,12.51,12.56,12.33,12.51,2695123,70117952.000
2011-06-09,12.46,12.56,12.16,12.24,2177223,56553240.000
2011-06-10,12.24,12.49,12.08,12.19,4305764,110350784.000
2011-06-13,12.11,12.24,11.96,12.22,1234397,31248464.000
2011-06-14,12.09,12.67,12.09,12.62,4816820,125795864.000
2011-06-15,12.55,12.60,12.26,12.34,2610952,67873872.000
2011-06-17,12.33,12.54,12.15,12.17,3540869,91396056.000
2011-06-20,12.24,12.35,12.06,12.24,4252942,108686416.000
2011-06-21,12.26,12.63,12.26,12.59,5771356,150876848.000
2011-06-22,12.58,12.71,12.48,12.58,3396249,89481800.000
2011-06-23,12.61,12.98,12.48,12.89,6331195,169915664.000
2011-06-24,12.81,13.48,12.81,13.22,7448188,206211104.000
2011-06-27,13.22,13.35,13.14,13.22,3906640,107879272.000
2011-06-28,13.30,13.41,13.11,13.38,4128442,114379632.000
2011-06-30,13.33,13.45,13.16,13.38,4730824,132289168.000
2011-07-01,13.46,13.50,13.21,13.23,3711788,103171088.000
2011-07-04,13.40,13.47,13.22,13.36,5068721,141438672.000
2011-07-05,13.37,13.47,13.15,13.20,5826679,161347824.000
2011-07-06,13.23,13.41,13.03,13.28,8291615,228634640.000
2011-07-07,13.33,13.37,13.06,13.06,7624904,210167840.000
2011-07-08,13.11,13.15,12.91,13.01,4252037,115915080.000
2011-07-11,12.96,13.41,12.86,13.35,9278579,254528912.000
2011-07-12,13.38,13.73,13.25,13.55,16843957,473750784.000
2011-07-13,13.60,13.83,13.47,13.76,9475071,270261664.000
2011-07-14,13.77,13.92,13.71,13.89,8867179,255825152.000
2011-07-15,13.84,13.84,13.48,13.70,12427259,353350720.000
2011-07-18,13.95,14.01,13.43,13.51,20476055,291543232.000
2011-07-19,13.41,13.70,13.16,13.22,21023379,292295232.000
2011-07-20,13.31,13.51,13.16,13.35,14080358,194910976.000
2011-07-21,13.35,13.35,12.76,12.78,19855471,268459360.000
2011-07-22,12.83,12.98,12.74,12.83,12505298,167174224.000
2011-07-25,12.79,12.83,12.01,12.06,21940382,283542624.000
2011-07-26,12.07,12.31,11.98,12.13,12343626,156288832.000
2011-07-27,12.14,12.36,12.01,12.27,8576236,109430864.000
2011-07-28,12.14,12.20,11.77,12.12,12242027,153423808.000
2011-07-29,12.19,12.34,12.02,12.16,9456090,120704032.000
2011-08-01,12.29,12.31,12.02,12.08,6973618,88567152.000
2011-08-02,12.13,12.13,11.74,11.88,7480203,92584408.000
2011-08-03,11.75,11.78,11.52,11.60,15968734,194090080.000
2011-08-04,11.65,11.77,11.60,11.62,9368233,114296688.000
2011-08-05,11.32,11.50,11.07,11.41,14665505,173458704.000
2011-08-08,11.06,11.37,10.86,11.07,13026417,151209040.000
2011-08-09,10.85,11.46,10.68,11.30,15505909,179948272.000
2011-08-10,11.48,11.67,11.36,11.45,11644920,140880672.000
2011-08-11,11.20,11.62,11.16,11.50,9147249,109846992.000
2011-08-12,11.64,11.70,11.14,11.26,20475564,243782048.000
2011-08-15,11.29,11.35,11.01,11.11,26863767,314055232.000
2011-08-16,11.14,11.26,11.05,11.07,18384398,214348688.000
2011-08-17,11.09,11.14,10.76,10.84,21522011,247874384.000
2011-08-18,10.80,10.93,10.71,10.82,22201014,252013488.000
2011-08-19,10.66,11.01,10.56,10.81,18026667,205086416.000
2011-08-22,10.94,11.00,10.64,10.71,6856931,77589104.000
2011-08-23,10.80,11.01,10.69,10.91,7288261,83190960.000
2011-08-24,10.99,11.07,10.84,10.87,6472541,74383456.000
2011-08-25,10.90,11.16,10.84,11.13,19889349,229792192.000
2011-08-26,11.12,11.12,10.85,10.90,19174044,220196288.000
2011-08-29,10.81,10.86,10.63,10.67,10592789,119185680.000
2011-08-30,10.78,10.86,10.54,10.62,12741815,143076064.000
2011-08-31,10.66,10.75,10.58,10.68,8191160,91835120.000
2011-09-01,10.75,10.80,10.58,10.64,9073216,101880040.000
2011-09-02,10.61,10.67,10.32,10.38,13294985,145801536.000
2011-09-05,10.31,10.38,10.17,10.18,6921808,74603808.000
2011-09-06,10.07,10.15,9.62,9.66,20151140,207921904.000
2011-09-07,9.76,9.93,9.69,9.83,14980792,155005024.000
2011-09-08,9.90,10.07,9.75,9.92,16129706,168868288.000
2011-09-09,9.86,10.07,9.66,9.82,8331004,86547272.000
2011-09-13,9.64,9.77,9.52,9.71,5522413,56241984.000
2011-09-14,9.71,9.82,9.57,9.76,7341754,75049248.000
2011-09-15,9.80,9.82,9.69,9.70,8210772,84502744.000
2011-09-16,9.79,9.81,9.61,9.65,6043241,61919056.000
2011-09-19,9.60,9.60,9.30,9.32,10694598,106085584.000
2011-09-20,9.26,9.41,9.16,9.28,10347181,101304048.000
2011-09-21,9.32,9.69,9.17,9.65,19744407,197953648.000
2011-09-22,9.53,9.58,9.22,9.28,13976895,138918080.000
2011-09-23,9.06,9.18,8.92,9.05,16664322,159743488.000
2011-09-26,9.06,9.10,8.87,8.92,13427630,128048584.000
2011-09-27,8.98,9.08,8.86,8.96,14349730,136845184.000
2011-09-28,9.04,9.07,8.86,8.88,14281359,135885056.000
2011-09-29,8.76,8.86,8.64,8.65,9082130,84293160.000
2011-09-30,8.69,8.77,8.58,8.64,8726234,80300432.000
2011-10-10,8.70,8.79,8.64,8.68,6084799,56203064.000
2011-10-11,8.88,8.94,8.45,8.54,13901496,128138528.000
2011-10-12,8.53,9.11,8.34,9.07,22596752,210815456.000
2011-10-13,9.08,9.35,8.99,9.29,20203673,197082064.000
2011-10-14,9.30,9.37,9.20,9.31,11691903,114803728.000
2011-10-17,9.34,9.48,9.26,9.40,12545031,124571024.000
2011-10-18,9.28,9.35,9.16,9.22,11196451,109489112.000
2011-10-19,9.32,9.34,9.06,9.14,13368001,130344368.000
2011-10-20,8.96,9.04,8.56,8.82,11473727,107239168.000
2011-10-21,8.80,8.93,8.72,8.76,4144059,38752604.000
2011-10-24,8.81,9.33,8.70,9.23,12816156,123690600.000
2011-10-25,9.19,9.56,9.11,9.44,13715846,135838976.000
2011-10-26,9.35,9.94,9.33,9.64,24716617,253082144.000
2011-10-27,9.64,9.80,9.61,9.66,8924717,91112592.000
2011-10-28,9.86,10.01,9.71,9.90,16707581,174521008.000
2011-10-31,9.85,9.89,9.67,9.79,10518743,108250088.000
2011-11-01,9.68,9.86,9.54,9.61,15269757,156194720.000
2011-11-02,9.41,9.75,9.36,9.73,15405846,155027824.000
2011-11-03,9.82,10.01,9.73,9.80,20736484,215460624.000
2011-11-04,9.94,10.06,9.78,9.84,13407737,139589664.000
2011-11-07,9.82,9.83,9.62,9.65,9723967,99472480.000
2011-11-08,9.69,9.76,9.61,9.64,5740832,58626704.000
2011-11-09,9.73,9.78,9.48,9.71,10353652,105101760.000
2011-11-10,9.56,9.60,9.36,9.42,13657833,136899408.000
2011-11-11,9.45,9.46,9.30,9.34,8683292,86083624.000
2011-11-14,9.44,9.50,9.38,9.49,20564797,205061792.000
2011-11-15,9.47,9.47,9.11,9.23,35865578,350823520.000
2011-11-16,9.24,9.27,8.87,8.91,17748788,170235712.000
2011-11-17,8.92,9.01,8.74,8.95,11393914,107135632.000
2011-11-18,8.82,8.89,8.59,8.71,9268472,86136856.000
2011-11-21,8.72,8.76,8.35,8.48,23401512,210300064.000
2011-11-22,8.36,8.44,8.10,8.31,21848590,192222304.000
2011-11-23,8.28,8.38,8.13,8.32,17718784,155336384.000
2011-11-24,8.21,8.36,8.17,8.32,14611616,128900720.000
2011-11-25,8.28,8.32,8.10,8.16,11366699,99316456.000
2011-11-28,8.19,8.24,8.00,8.05,10248589,88598224.000
2011-11-29,8.14,8.27,8.07,8.25,9663372,84241344.000
2011-11-30,8.24,8.24,7.92,7.98,12835896,110158720.000
2011-12-01,8.21,8.38,8.06,8.23,21021411,184898944.000
2011-12-02,8.17,8.20,7.98,8.12,11040209,94972712.000
2011-12-05,8.06,8.09,7.92,8.01,7882069,67309504.000
2011-12-06,7.96,8.17,7.94,8.14,10652482,91598152.000
2011-12-07,8.11,8.31,8.08,8.26,8664886,75871368.000
2011-12-08,8.21,8.34,8.18,8.28,9865993,86920288.000
2011-12-09,8.21,8.26,8.02,8.16,10690211,92439136.000
2011-12-12,8.09,8.14,7.94,7.95,9459276,80643632.000
2011-12-13,7.91,7.91,7.75,7.77,11281126,94247328.000
2011-12-14,7.72,7.78,7.58,7.60,6879235,56424552.000
2011-12-15,7.52,7.59,7.35,7.56,16719083,133694856.000
2011-12-16,7.54,7.82,7.47,7.79,9845484,80114600.000
2011-12-19,7.69,7.83,7.60,7.79,8851452,72946848.000
2011-12-20,7.79,8.02,7.76,7.88,9754334,82416288.000
2011-12-21,7.97,8.03,7.78,7.78,5344118,45249016.000
2011-12-22,7.68,7.98,7.63,7.97,10102387,84573696.000
2011-12-23,7.97,8.20,7.88,8.14,12205089,105601776.000
2011-12-26,8.05,8.32,8.02,8.26,16327418,143243088.000
2011-12-27,8.23,8.36,8.02,8.07,13388666,117327712.000
2011-12-28,7.98,8.09,7.84,8.03,10442778,88680544.000
2011-12-29,7.95,8.22,7.95,8.20,11473912,99109616.000
2011-12-30,8.24,8.42,8.23,8.39,17089921,151598624.000
2012-01-04,8.46,8.63,8.24,8.24,14228841,127992608.000
2012-01-05,8.21,8.39,8.06,8.19,9126603,80230576.000
2012-01-06,8.20,8.29,7.99,8.25,6983925,60719868.000
2012-01-09,8.34,8.56,8.14,8.53,16060642,143984784.000
2012-01-10,8.51,8.91,8.47,8.88,26825818,249525104.000
2012-01-11,8.88,8.92,8.69,8.72,14142762,131518488.000
2012-01-12,8.70,8.89,8.67,8.69,9878726,91948432.000
2012-01-13,8.87,8.97,8.21,8.29,26665890,240218656.000
2012-01-16,8.14,8.33,8.07,8.16,8588231,75279584.000
2012-01-17,8.19,8.81,8.14,8.75,18073047,163495904.000
2012-01-18,8.75,8.81,8.42,8.54,15783605,144594112.000
2012-01-19,8.58,8.90,8.47,8.86,16304388,151991584.000
2012-01-20,8.86,9.01,8.82,8.97,15072544,142787472.000
2012-01-30,8.97,9.00,8.68,8.70,11126761,103664440.000
2012-01-31,8.69,8.77,8.59,8.67,4670116,42857072.000
2012-02-01,8.66,8.74,8.49,8.56,7642262,69859592.000
2012-02-02,8.52,8.66,8.45,8.65,8615719,78364920.000
2012-02-03,8.66,8.68,8.55,8.63,9099819,83341888.000
2012-02-06,8.63,8.82,8.63,8.73,11221633,104093912.000
2012-02-07,8.70,8.70,8.43,8.53,9753294,88458728.000
2012-02-08,8.56,8.77,8.44,8.74,16870329,154637408.000
2012-02-09,8.72,8.85,8.60,8.79,16395872,152437824.000
2012-02-10,8.75,8.88,8.69,8.79,12916032,120565448.000
2012-02-13,8.69,8.79,8.60,8.74,14584158,134734800.000
2012-02-14,8.74,8.77,8.64,8.70,9615838,88738336.000
2012-02-15,8.68,9.01,8.65,9.00,24520065,231682144.000
2012-02-16,9.00,9.01,8.83,8.99,12923490,122338080.000
2012-02-17,9.02,9.06,8.90,9.04,9744149,92997248.000
2012-02-20,9.12,9.36,9.08,9.20,22470356,219358400.000
2012-02-21,9.16,9.42,9.12,9.37,15635946,153351152.000
2012-02-22,9.40,9.76,9.32,9.74,33386604,339033696.000
2012-02-23,9.74,9.82,9.54,9.68,20118318,205782336.000
2012-02-24,9.64,9.85,9.60,9.77,22007618,225848448.000
2012-02-27,9.74,10.60,9.74,10.14,47208371,508643936.000
2012-02-28,10.16,10.24,9.96,10.19,17137596,182689696.000
2012-02-29,10.18,10.18,9.87,9.95,20944822,219960608.000
2012-03-01,9.89,10.46,9.82,10.44,27575852,294707488.000
2012-03-02,10.41,11.11,10.40,11.03,39961099,448808640.000
2012-03-05,11.04,11.30,10.81,10.87,57452573,664893696.000
2012-03-06,10.76,11.73,10.74,11.66,84486613,999303360.000
2012-03-07,11.46,12.01,11.36,11.44,66472257,810668288.000
2012-03-08,11.49,11.62,11.24,11.60,42357639,506109568.000
2012-03-09,11.60,11.65,11.24,11.46,33570105,401486144.000
2012-03-12,11.45,11.58,11.18,11.51,38545651,460137504.000
2012-03-13,11.46,11.62,11.36,11.46,24652812,296470720.000
2012-03-14,11.51,11.63,10.87,10.94,43790331,519005152.000
2012-03-15,10.92,11.05,10.70,10.88,30205458,345078816.000
2012-03-16,10.86,11.09,10.81,11.07,20104819,230857344.000
2012-03-19,11.07,11.07,10.74,10.90,19270941,219264800.000
2012-03-20,10.81,11.03,10.60,10.76,20444907,232194064.000
2012-03-21,10.81,10.86,10.24,10.49,16908576,186963440.000
2012-03-22,10.50,10.78,10.31,10.62,12414269,138074192.000
2012-03-23,10.54,10.65,10.32,10.41,9789045,107407128.000
2012-03-26,10.36,10.41,10.02,10.17,11879046,127659872.000
2012-03-27,10.24,10.34,9.91,10.01,12179384,130175472.000
2012-03-28,9.93,9.94,9.45,9.50,25088622,254316848.000
2012-03-29,9.51,9.66,9.38,9.62,18759075,188680320.000
2012-03-30,9.61,9.78,9.46,9.75,11375733,115629184.000
2012-04-05,9.78,10.09,9.60,10.01,19916609,208564752.000
2012-04-06,9.98,10.14,9.86,9.99,18360967,193722464.000
2012-04-09,9.93,10.09,9.73,9.95,8948241,93728808.000
2012-04-10,9.86,10.24,9.62,10.14,13721656,142976464.000
2012-04-11,9.97,10.45,9.89,10.22,17414104,187080176.000
2012-04-12,10.16,10.39,10.14,10.36,13053622,141486688.000
2012-04-13,10.40,10.61,10.27,10.60,19996652,220184848.000
2012-04-16,10.51,10.68,10.36,10.44,15986280,176310016.000
2012-04-17,10.42,10.48,10.17,10.25,11176100,120914304.000
2012-04-18,10.27,10.68,10.23,10.64,19238766,212840832.000
2012-04-19,10.65,10.66,10.50,10.61,8696653,96752240.000
2012-04-20,10.59,10.66,10.41,10.60,11439143,126587216.000
2012-04-23,10.58,10.61,10.36,10.58,21081630,231636864.000
2012-04-24,10.50,10.59,9.92,10.27,23280779,249865952.000
2012-04-25,10.16,10.42,10.04,10.38,16217869,174501536.000
2012-04-26,10.38,10.48,10.31,10.34,8595095,93832360.000
2012-04-27,10.32,10.71,9.96,10.62,26789684,290899296.000
2012-05-02,10.69,10.93,10.54,10.81,28285637,319358208.000
2012-05-03,10.74,10.83,10.65,10.82,10398171,117224616.000
2012-05-04,10.82,11.19,10.82,11.13,21698362,251212512.000
2012-05-07,11.07,11.55,11.01,11.44,24846835,296614560.000
2012-05-08,11.46,11.50,11.20,11.45,19099074,227623760.000
2012-05-09,11.28,11.36,11.03,11.12,15215677,178234704.000
2012-05-10,11.12,11.26,11.03,11.14,9844545,114864616.000
2012-05-11,11.14,11.27,11.04,11.05,10543591,123063080.000
2012-05-14,11.12,11.16,10.69,10.78,14285331,162981264.000
2012-05-15,10.70,11.76,10.67,11.66,56172181,669164416.000
2012-05-16,11.69,11.77,11.34,11.49,31856987,384652448.000
2012-05-17,11.56,11.71,11.31,11.56,34751156,419588096.000
2012-05-21,11.40,11.77,11.26,11.49,18830631,227979824.000
2012-05-22,11.52,11.62,11.34,11.61,12893894,155277648.000
2012-05-23,11.59,11.71,11.42,11.60,12745769,154115008.000
2012-05-24,11.52,11.66,11.42,11.45,11555503,139391072.000
2012-05-25,11.42,11.58,11.20,11.23,10024309,119496144.000
2012-05-28,11.23,11.38,10.99,11.34,20844084,245158176.000
2012-05-29,11.46,11.85,11.44,11.65,23773735,290293056.000
2012-05-30,11.62,11.72,11.44,11.60,15198184,184150768.000
2012-05-31,11.48,11.81,11.44,11.65,16487961,201170432.000
2012-06-01,11.62,11.73,11.42,11.45,9718059,117357720.000
2012-06-04,11.22,11.38,11.01,11.10,12224518,143290416.000
2012-06-05,11.17,11.44,11.11,11.29,11220114,132895472.000
2012-06-06,11.36,11.49,11.27,11.38,7273621,86814632.000
2012-06-07,11.52,11.68,11.23,11.32,9195269,110101408.000
2012-06-08,11.41,11.49,11.11,11.16,9939282,117776992.000
2012-06-11,11.26,11.41,11.12,11.36,5846053,69141496.000
2012-06-12,11.35,11.48,11.30,11.37,4829777,56749444.000
2012-06-13,11.35,11.65,11.35,11.62,15023046,178761072.000
2012-06-14,11.55,11.94,11.55,11.75,19773933,240571552.000
2012-06-15,11.83,11.85,11.67,11.75,7093899,85987272.000
2012-06-18,11.74,11.86,11.71,11.78,9496428,115432744.000
2012-06-19,11.79,11.98,11.76,11.80,11980405,146765104.000
2012-06-20,11.83,11.99,11.63,11.70,10482276,128045360.000
2012-06-21,11.74,11.74,11.43,11.69,8729642,104262960.000
2012-06-25,11.63,11.78,11.46,11.48,5198575,62252780.000
2012-06-26,11.38,11.54,11.15,11.46,6635987,77844608.000
2012-06-27,11.43,11.43,11.11,11.12,11201622,129990720.000
2012-06-28,11.13,11.24,11.02,11.14,6869921,78922528.000
2012-06-29,11.13,11.43,10.95,11.35,9258251,106482520.000
2012-07-02,11.35,11.44,11.19,11.29,5564998,65020560.000
2012-07-03,11.31,11.63,11.29,11.44,7541123,89488032.000
2012-07-04,11.51,11.57,11.25,11.47,4862671,57115180.000
2012-07-05,11.35,11.43,10.93,10.96,6491855,74887568.000
2012-07-06,11.09,11.56,11.02,11.50,9901023,114903152.000
2012-07-09,11.43,11.49,10.83,11.03,16147122,184544304.000
2012-07-10,11.08,11.10,10.42,10.61,12284204,135507376.000
2012-07-11,10.60,10.79,10.48,10.71,6832459,75123448.000
2012-07-12,10.71,10.85,10.56,10.73,8209890,91046344.000
2012-07-13,10.81,10.83,10.68,10.77,4101417,45607228.000
2012-07-16,10.82,10.82,10.33,10.43,6669173,72422680.000
2012-07-17,10.41,10.52,10.01,10.06,8219493,87053592.000
2012-07-18,10.31,10.86,10.31,10.71,22873008,252321264.000
2012-07-19,10.74,10.97,10.66,10.92,11259108,126143440.000
2012-07-20,10.85,10.96,10.61,10.74,8198943,91136704.000
2012-07-23,10.70,10.80,10.59,10.70,4136639,45793800.000
2012-07-24,10.67,10.78,10.45,10.67,10306044,113109224.000
2012-07-25,10.58,10.73,10.47,10.57,4861525,53103768.000
2012-07-26,10.55,10.64,10.46,10.51,5478302,59826616.000
2012-07-27,10.53,10.61,10.41,10.59,5740528,62448208.000
2012-07-30,10.52,10.66,10.42,10.48,3946816,42948708.000
2012-07-31,10.45,10.84,10.43,10.81,9012464,99718400.000
2012-08-01,10.83,10.95,10.78,10.85,4389164,49373176.000
2012-08-02,10.77,10.90,10.61,10.67,4290505,47762424.000
2012-08-03,10.69,10.73,10.33,10.63,8049189,87447384.000
2012-08-06,10.55,10.71,10.47,10.68,5811458,63632888.000
2012-08-07,10.62,10.65,10.49,10.53,8605998,93955616.000
2012-08-08,10.57,10.58,10.31,10.39,8426654,90618984.000
2012-08-09,10.33,10.55,10.33,10.44,9339943,100881680.000
2012-08-10,10.38,10.48,10.35,10.47,5620131,60615444.000
2012-08-13,10.45,10.47,10.32,10.38,6437439,69204720.000
2012-08-14,10.38,10.40,10.12,10.26,8523512,90279704.000
2012-08-15,10.16,10.28,9.95,10.01,11470566,119414832.000
2012-08-16,10.01,10.10,9.98,10.01,7220294,75127392.000
2012-08-17,10.04,10.13,9.95,10.06,5675598,58889552.000
2012-08-20,9.97,9.98,9.63,9.74,12541187,126585984.000
2012-08-21,9.78,9.93,9.73,9.81,10282097,105152744.000
2012-08-22,9.84,9.86,9.61,9.67,8166357,81890224.000
2012-08-23,9.69,9.72,9.54,9.67,6453431,64489088.000
2012-08-24,9.62,9.83,9.56,9.65,4256120,42689120.000
2012-08-27,9.65,9.66,9.49,9.56,5907753,58656108.000
2012-08-28,9.53,9.53,9.18,9.40,4681055,45710508.000
2012-08-29,9.31,9.73,9.31,9.64,6977446,69768480.000
2012-08-30,9.66,9.85,9.53,9.69,6382424,64362140.000
2012-08-31,9.69,10.16,9.69,10.08,12632049,131746888.000
2012-09-03,10.13,10.49,10.12,10.28,16421590,176353232.000
2012-09-04,10.26,10.28,10.06,10.09,5929269,62303704.000
2012-09-05,10.08,10.46,10.03,10.44,9817302,105307408.000
2012-09-06,10.39,10.57,10.39,10.51,6825927,74267888.000
2012-09-07,10.56,11.03,10.45,10.80,29874620,334029856.000
2012-09-10,10.80,10.97,10.75,10.84,8998481,100934200.000
2012-09-12,10.88,10.98,10.40,10.50,19231752,210234368.000
2012-09-13,10.52,10.66,10.43,10.43,5966402,65200956.000
2012-09-14,10.58,10.62,10.19,10.47,9087687,97715728.000
2012-09-17,10.48,10.59,10.28,10.33,7119406,77149776.000
2012-09-18,10.32,10.39,10.17,10.21,3677251,39088864.000
2012-09-19,10.21,10.57,10.13,10.39,11870965,127635848.000
2012-09-20,10.38,10.48,10.10,10.11,7799308,83294232.000
2012-09-21,10.10,10.28,10.03,10.20,7582667,80067992.000
2012-09-24,10.13,10.34,10.01,10.28,4535438,47762820.000
2012-09-25,10.26,10.32,10.16,10.24,2700530,28671630.000
2012-09-26,10.13,10.29,10.13,10.23,3283446,34742984.000
2012-09-27,10.23,10.73,10.15,10.59,7870729,85712096.000
2012-09-28,10.53,11.16,10.50,10.96,31754720,359667680.000
2012-10-08,10.96,11.02,10.78,10.85,5372512,60553224.000
2012-10-09,11.01,11.26,10.92,11.14,9799295,113100720.000
2012-10-10,11.13,11.29,11.07,11.21,7069057,82007696.000
2012-10-11,11.13,11.18,11.01,11.07,7307770,83711920.000
2012-10-12,11.16,11.29,10.95,11.19,7235269,83021904.000
2012-10-15,11.19,11.47,11.14,11.26,11429309,133574392.000
2012-10-16,11.26,11.45,11.23,11.24,5180900,60617476.000
2012-10-17,11.29,11.31,10.91,11.06,7262664,82776720.000
2012-10-18,11.06,11.21,10.82,11.16,17264693,195940080.000
2012-10-19,11.11,11.11,10.92,11.04,5139165,58381788.000
2012-10-22,10.96,11.15,10.92,11.10,4291783,49160256.000
2012-10-23,11.07,11.17,11.01,11.02,3752294,43058152.000
2012-10-24,10.95,11.06,10.91,10.98,2761773,31334424.000
2012-10-25,10.99,11.14,10.94,11.01,4860552,55429140.000
2012-10-26,10.96,11.06,10.58,10.84,10152205,112558432.000
2012-10-29,10.71,10.81,10.13,10.75,9191580,100685016.000
2012-10-30,10.74,10.95,10.59,10.83,3993033,44552064.000
2012-10-31,10.88,11.24,10.86,10.99,13028094,148067024.000
2012-11-01,11.11,11.38,10.96,11.13,11722099,135334256.000
2012-11-02,11.20,11.32,11.09,11.18,8497393,98272136.000
2012-11-05,11.17,11.28,11.08,11.09,3661301,42237836.000
2012-11-06,11.10,11.28,10.98,11.23,9841623,113174704.000
2012-11-07,11.21,11.43,11.18,11.34,6964731,81490672.000
2012-11-08,11.25,11.44,11.09,11.11,6996531,81701136.000
2012-11-09,11.10,11.20,11.01,11.10,2842446,32569316.000
2012-11-12,11.08,11.18,10.94,11.12,5273393,60136424.000
2012-11-13,11.08,11.13,10.77,10.78,5972244,67200384.000
2012-11-14,10.78,10.90,10.63,10.86,7612922,84872352.000
2012-11-15,10.76,11.02,10.59,10.87,4800327,53608332.000
2012-11-16,10.82,10.86,10.58,10.75,6614537,72922208.000
2012-11-19,10.78,10.82,10.61,10.69,4618097,51119892.000
2012-11-20,10.69,10.79,10.53,10.57,3961903,43688476.000
2012-11-21,10.54,10.68,10.32,10.62,8168813,88868256.000
2012-11-22,10.47,10.68,10.46,10.55,3519144,38540376.000
2012-11-23,10.61,10.73,10.56,10.62,9001618,99296536.000
2012-11-26,10.58,10.65,10.39,10.43,5933739,64197560.000
2012-11-27,10.41,10.43,10.27,10.36,4516634,48266132.000
2012-11-28,10.35,10.49,10.29,10.42,5181247,55885524.000
2012-11-29,10.42,10.65,10.42,10.49,5004983,54696232.000
2012-11-30,10.46,10.81,10.46,10.79,8236528,91386568.000
2012-12-03,10.78,11.05,10.76,10.77,10681050,120598544.000
2012-12-04,10.68,10.96,10.68,10.80,6451390,72317448.000
2012-12-05,10.81,11.36,10.76,11.26,29785227,344467744.000
2012-12-06,11.26,11.45,11.20,11.34,14172101,166663920.000
2012-12-07,11.36,11.36,11.13,11.30,12377909,143820224.000
2012-12-10,11.36,11.41,11.20,11.30,8176147,95322408.000
2012-12-11,11.24,11.28,11.02,11.12,10769940,123848024.000
2012-12-12,11.12,11.25,11.08,11.16,8634375,99778624.000
2012-12-13,11.14,11.29,11.06,11.26,9093082,105137128.000
2012-12-14,11.29,11.69,11.19,11.62,17411066,207607888.000
2012-12-17,11.63,11.93,11.55,11.75,12403947,150124752.000
2012-12-18,11.63,11.87,11.55,11.81,13016663,157133488.000
2012-12-19,11.78,11.87,11.67,11.70,7275789,88149608.000
2012-12-20,11.74,12.29,11.62,12.25,17783381,219975536.000
2012-12-21,12.24,12.84,12.24,12.61,28806470,374189088.000
2012-12-24,12.55,12.85,12.51,12.66,13443485,175433248.000
2012-12-25,12.63,13.07,12.48,12.93,16852995,222421376.000
2012-12-26,12.93,12.93,12.62,12.81,11724085,153921536.000
2012-12-27,12.86,12.88,12.58,12.59,7219767,94343904.000
2012-12-28,12.70,12.72,12.49,12.64,12866510,167083424.000
2012-12-31,12.68,13.08,12.68,13.03,15462944,206004896.000
2013-01-04,13.05,13.23,12.92,13.05,11938193,160671936.000
2013-01-07,13.03,13.43,12.99,13.05,18095734,245437184.000
2013-01-08,13.06,13.06,12.63,12.81,16680614,219158640.000
2013-01-09,12.78,12.87,12.65,12.70,10178458,133384120.000
2013-01-10,12.74,13.00,12.70,12.94,11658317,154348320.000
2013-01-11,12.94,13.16,12.83,12.93,10929312,145978960.000
2013-01-14,12.83,13.71,12.83,13.68,17460355,241128448.000
2013-01-15,13.68,13.81,13.51,13.63,10153681,142602880.000
2013-01-16,13.59,13.72,13.26,13.47,12772166,177052336.000
2013-01-17,13.47,13.55,13.11,13.35,9357115,127669376.000
2013-01-18,13.42,13.98,13.42,13.79,13775120,194414640.000
2013-01-21,13.79,14.03,13.61,13.78,11884596,168099040.000
2013-01-22,13.81,13.81,13.28,13.49,16505087,228188656.000
2013-01-23,13.38,13.49,13.13,13.45,9167373,125519576.000
2013-01-24,13.36,13.67,13.01,13.08,18147735,247932064.000
2013-01-25,13.09,13.43,13.07,13.16,13829458,188112816.000
2013-01-28,13.18,13.74,13.15,13.71,17157932,239462240.000
2013-01-29,13.71,13.98,13.63,13.78,13040344,185028864.000
2013-01-30,13.76,13.90,13.68,13.78,8870171,125526944.000
2013-01-31,13.84,13.87,13.39,13.59,13491451,188098800.000
2013-02-01,13.48,13.83,13.38,13.79,16147494,224092816.000
2013-02-04,13.73,13.79,13.08,13.41,24706614,338864032.000
2013-02-05,13.22,13.48,13.18,13.31,13464039,184508928.000
2013-02-06,13.34,13.43,12.91,13.30,25792741,347814848.000
2013-02-07,13.17,13.31,12.98,13.28,12104337,163709088.000
2013-02-08,13.26,13.65,13.16,13.61,18351897,253898560.000
2013-02-18,13.63,13.71,13.40,13.57,9852756,137647520.000
2013-02-19,13.58,13.61,13.02,13.22,14573314,199149856.000
2013-02-20,13.05,13.33,13.05,13.29,9204907,124958096.000
2013-02-21,13.09,13.18,12.61,12.87,21838754,287975744.000
2013-02-22,12.78,12.88,12.51,12.65,11956714,156164464.000
2013-02-25,12.65,12.83,12.54,12.72,9293462,121120576.000
2013-02-26,12.61,12.75,12.44,12.51,11582956,150032496.000
2013-02-27,12.50,12.69,12.38,12.53,9049271,116673784.000
2013-02-28,12.55,12.83,12.49,12.81,19433505,254523328.000
2013-03-01,12.81,13.13,12.63,12.87,24201359,320748992.000
2013-03-04,12.66,12.73,11.93,12.11,26251006,329736032.000
2013-03-05,12.11,12.53,12.08,12.51,15019296,190240608.000
2013-03-06,12.48,12.68,12.26,12.49,20245205,258512656.000
2013-03-07,12.40,12.48,12.07,12.22,18544082,232893328.000
2013-03-08,12.21,12.48,12.12,12.26,11824050,149809824.000
2013-03-11,12.19,12.28,12.04,12.26,9224292,115465784.000
2013-03-12,12.18,12.35,11.82,11.84,9266474,115494888.000
2013-03-13,11.82,11.92,11.53,11.62,9037948,108929480.000
2013-03-14,11.64,11.96,11.62,11.89,9231591,112646880.000
2013-03-15,11.89,12.53,11.77,12.14,15837843,197968544.000
2013-03-18,12.15,12.29,11.82,11.93,9957189,123854360.000
2013-03-19,12.05,12.22,11.87,12.15,9879344,122516104.000
2013-03-20,12.10,12.55,12.10,12.42,28389927,362944864.000
2013-03-21,12.43,12.45,12.22,12.42,20024166,254043216.000
2013-03-22,12.41,12.73,12.35,12.67,17073075,219946544.000
2013-03-25,12.72,12.90,12.61,12.65,13092348,172045472.000
2013-03-26,12.63,12.90,12.56,12.77,15682006,205204704.000
2013-03-27,12.73,12.97,12.70,12.80,8331870,110128104.000
2013-03-28,12.65,12.81,12.34,12.47,9901170,127723816.000
2013-03-29,12.52,12.61,12.34,12.36,6077657,77962560.000
2013-04-01,12.24,12.63,12.22,12.54,8251746,106295184.000
2013-04-02,12.54,12.79,12.44,12.68,8557441,111510080.000
2013-04-03,12.64,12.77,12.43,12.58,5816462,75371088.000
2013-04-08,12.40,12.62,12.18,12.61,15103715,191564800.000
2013-04-09,12.47,12.75,12.47,12.69,9962903,129577744.000
2013-04-10,12.68,12.78,12.42,12.65,11968076,154742272.000
2013-04-11,12.68,12.73,12.42,12.48,9530194,122722504.000
2013-04-12,12.48,12.49,12.18,12.34,16103706,203363904.000
2013-04-15,12.30,12.37,12.19,12.31,6325824,79876960.000
2013-04-16,12.28,12.49,12.24,12.47,6911312,88400496.000
2013-04-17,12.51,12.89,12.51,12.88,15981295,209894496.000
2013-04-18,12.89,13.01,12.78,12.84,8315444,110186656.000
2013-04-19,12.88,13.28,12.86,13.09,16815591,226961360.000
2013-04-22,13.02,13.16,12.91,13.01,8711068,116445848.000
2013-04-23,13.01,13.03,12.44,12.53,12174495,157717552.000
2013-04-24,12.58,12.96,12.48,12.76,18537253,242968608.000
2013-04-25,12.75,12.88,12.51,12.57,9859114,128586584.000
2013-04-26,12.60,12.67,12.33,12.45,6614424,84919104.000
2013-05-02,12.39,12.43,12.15,12.27,9469152,119682432.000
2013-05-03,12.35,12.86,12.23,12.82,18300218,237919616.000
2013-05-06,12.79,13.09,12.79,12.99,20981571,279724288.000
2013-05-07,12.85,13.12,12.85,12.91,8977550,119490176.000
2013-05-08,13.05,13.10,12.85,12.91,10586180,140832496.000
2013-05-09,12.91,12.91,12.43,12.61,10842361,141340624.000
2013-05-10,12.46,12.82,12.46,12.80,11785018,152926320.000
2013-05-13,12.81,12.81,12.60,12.71,10884114,141774528.000
2013-05-14,12.61,12.64,12.34,12.40,10782213,138128768.000
2013-05-15,12.43,12.57,12.28,12.45,6569810,83917032.000
2013-05-16,12.37,12.63,12.33,12.58,9953819,128288112.000
2013-05-17,12.56,12.62,12.20,12.59,21330749,271871552.000
2013-05-20,12.53,12.90,12.46,12.81,34142525,446167424.000
2013-05-21,12.80,12.83,12.66,12.76,16169412,211928880.000
2013-05-22,12.73,12.73,12.50,12.63,15016821,194501232.000
2013-05-23,12.54,12.64,12.43,12.54,9455639,121766384.000
2013-05-24,12.58,12.61,12.37,12.50,9691079,124550456.000
2013-05-27,12.49,12.51,12.23,12.31,15856267,201648048.000
2013-05-28,12.33,12.55,12.07,12.52,19244893,244394224.000
2013-05-29,12.53,12.65,12.44,12.56,13067630,169009120.000
2013-05-30,12.48,12.53,12.25,12.40,17819989,226613104.000
2013-05-31,12.38,12.51,12.30,12.31,9610405,123022656.000
2013-06-03,12.36,12.47,12.29,12.37,6607896,84368424.000
2013-06-04,12.33,12.39,12.03,12.12,17050281,213897040.000
2013-06-05,12.15,12.18,11.93,12.01,9150059,113285856.000
2013-06-06,12.01,12.06,11.78,11.94,9908333,121181792.000
2013-06-07,12.05,12.05,11.66,11.99,9675714,114701928.000
2013-06-13,11.80,11.90,11.52,11.79,11273357,132366840.000
2013-06-14,11.79,11.88,11.69,11.80,6395787,75315008.000
2013-06-17,11.81,11.87,11.28,11.35,20730787,237436784.000
2013-06-18,11.42,11.67,11.34,11.64,9049907,104146672.000
2013-06-19,11.56,11.66,11.39,11.64,7818088,89808952.000
2013-06-20,11.58,11.66,11.36,11.55,8756891,100867352.000
2013-06-21,11.38,11.44,11.05,11.40,17424210,196856944.000
2013-06-24,11.35,11.36,10.83,10.93,10763367,119109800.000
2013-06-25,10.90,11.09,10.01,10.97,22930360,242883264.000
2013-06-26,11.00,11.18,10.70,10.98,14165884,154175040.000
2013-06-27,10.98,11.04,10.65,10.75,13503776,145890448.000
2013-06-28,10.64,11.01,10.60,10.91,14556671,158482256.000
2013-07-01,10.90,10.94,10.68,10.87,6092468,65904712.000
2013-07-02,10.90,11.08,10.81,11.06,8093039,88800120.000
2013-07-03,11.00,11.30,11.00,11.19,10006396,112172000.000
2013-07-04,11.10,11.71,11.10,11.49,9612383,110107760.000
2013-07-05,11.44,11.72,11.44,11.51,7568109,87880824.000
2013-07-08,11.51,11.51,11.10,11.20,6094008,68501960.000
2013-07-09,11.20,11.21,10.78,11.02,8571752,93666288.000
2013-07-10,11.04,11.33,10.93,11.29,5177108,57640324.000
2013-07-11,11.31,11.68,11.24,11.56,12032841,138386896.000
2013-07-12,11.56,11.61,11.33,11.56,11233644,128748464.000
数据来源:通达信
