600539 ST狮头 日线
      日期	    开盘	    最高	    最低	    收盘	    成交量	    成交额
2007-02-02,3.90,3.90,3.90,3.90,244982,1151415.000
2007-02-05,4.10,4.10,4.10,4.10,235050,1161147.000
2007-02-06,4.30,4.30,4.17,4.28,10527541,54117752.000
2007-02-07,4.24,4.50,4.24,4.50,7463086,39570868.000
2007-02-08,4.50,4.61,4.45,4.49,4743286,25795000.000
2007-02-09,4.49,4.71,4.47,4.69,5028150,27874020.000
2007-02-12,4.69,4.92,4.69,4.92,3212554,18868756.000
2007-02-13,5.12,5.17,5.02,5.17,2048853,12685286.000
2007-02-14,5.40,5.43,5.40,5.43,427995,2795491.000
2007-02-15,5.70,5.70,5.70,5.70,293754,2018090.000
2007-02-16,5.99,5.99,5.56,5.58,8292700,57854764.000
2007-02-26,5.66,5.86,5.57,5.86,3717925,25974912.000
2007-02-27,6.03,6.15,5.57,5.57,6266705,44057252.000
2007-02-28,5.42,5.80,5.42,5.74,4372185,29526850.000
2007-03-01,5.76,5.86,5.55,5.61,4084328,27970034.000
2007-03-02,5.61,5.77,5.58,5.73,2980643,20454728.000
2007-03-05,5.67,5.85,5.66,5.84,4580124,31795258.000
2007-03-06,5.80,6.06,5.74,5.98,4619263,33199714.000
2007-03-07,5.98,6.28,5.96,6.28,5265668,39489108.000
2007-03-08,6.41,6.55,6.30,6.51,4037020,31304126.000
2007-03-09,6.55,6.61,6.25,6.41,4062464,31327884.000
2007-03-12,6.34,6.53,6.30,6.51,3415549,26519058.000
2007-03-13,6.55,6.77,6.46,6.70,3054215,24528408.000
2007-03-14,6.72,6.76,6.45,6.62,3410320,27188116.000
2007-03-15,6.59,6.80,6.57,6.70,3051873,24633996.000
2007-03-16,6.70,7.03,6.70,7.03,6672417,55817808.000
2007-03-19,6.83,7.31,6.77,7.02,4391297,37335028.000
2007-03-20,7.03,7.37,7.03,7.37,5063228,44510268.000
2007-03-21,7.60,7.74,7.46,7.74,2269500,20856546.000
2007-03-22,8.13,8.13,8.12,8.13,1052376,10292232.000
2007-03-23,8.54,8.54,7.78,8.22,10012764,98597096.000
2007-04-19,8.63,8.63,8.63,8.63,658320,6833362.000
2007-04-20,9.06,9.06,9.06,9.06,627051,6834856.000
2007-04-23,9.52,9.52,9.52,9.52,683951,7831239.000
2007-04-24,10.00,10.00,9.65,10.00,14325528,171682592.000
2007-04-25,9.88,10.50,9.71,10.50,12517836,154295696.000
2007-04-26,10.93,11.02,10.73,11.02,6149755,81270760.000
2007-05-23,13.89,13.89,12.18,12.54,30966490,399487840.000
2007-05-24,12.33,12.36,11.58,11.94,19180853,228449648.000
2007-05-25,11.79,12.25,11.68,11.93,11064771,132961664.000
2007-05-29,12.28,12.42,11.78,12.04,10941267,132305512.000
2007-05-30,11.09,11.76,10.83,10.83,7818733,88356944.000
2007-05-31,10.19,10.48,9.75,9.75,12149927,120082344.000
2007-06-01,9.69,9.89,8.77,8.77,8550053,77994896.000
2007-06-04,8.31,8.58,7.89,7.89,5527969,44765076.000
2007-06-05,7.10,7.87,7.10,7.74,14650458,105835248.000
2007-06-06,7.53,8.17,7.19,7.92,13908750,108557616.000
2007-06-07,7.76,8.29,7.58,8.06,13313355,106578176.000
2007-06-08,8.28,8.73,8.14,8.18,16137386,135493872.000
2007-06-11,8.34,8.46,7.99,8.11,10294750,84479792.000
2007-06-12,8.10,8.37,7.39,8.12,11711820,92378656.000
2007-06-13,8.19,8.85,8.11,8.75,17217227,146830688.000
2007-06-14,8.78,9.08,8.49,8.75,16242244,144405664.000
2007-06-15,8.58,8.82,8.28,8.41,7609567,65137952.000
2007-06-18,8.55,8.81,8.50,8.64,7929297,68655984.000
2007-06-19,8.64,9.16,8.58,9.00,11012146,97736816.000
2007-06-20,9.07,9.16,8.46,8.48,9996705,88632920.000
2007-06-21,8.39,8.63,7.99,8.17,6826899,56194784.000
2007-06-22,8.14,8.18,7.35,7.35,7453180,57328144.000
2007-06-25,7.31,7.43,6.61,6.61,6140249,42083264.000
2007-06-26,6.46,6.93,6.16,6.89,6205215,40145004.000
2007-06-27,7.17,7.58,6.98,7.58,13268782,97548936.000
2007-06-28,7.59,7.65,6.82,6.82,7027317,50617152.000
2007-06-29,6.33,6.73,6.21,6.36,5141291,33275380.000
2007-07-02,6.36,6.70,6.28,6.70,4399669,28710012.000
2007-07-03,6.88,6.97,6.38,6.64,3308997,21861384.000
2007-07-04,6.62,6.62,6.33,6.36,2328365,15037393.000
2007-07-05,6.21,6.26,5.78,5.79,3965158,23857992.000
2007-07-06,5.71,6.24,5.71,6.20,4734191,28510004.000
2007-07-09,6.27,6.50,6.10,6.34,5526837,35006100.000
2007-07-10,6.33,6.33,5.99,6.04,2939394,18060966.000
2007-07-11,6.05,6.22,5.99,6.18,2538956,15636471.000
2007-07-12,6.18,6.34,6.09,6.27,2487310,15514001.000
2007-07-13,6.29,6.30,6.08,6.21,2226056,13767002.000
2007-07-16,6.24,6.28,5.88,5.93,2083905,12630090.000
2007-07-17,5.90,6.17,5.90,6.10,1851294,11253220.000
2007-07-18,6.08,6.23,5.98,6.09,2610475,16033083.000
2007-07-19,6.09,6.17,6.00,6.17,1534434,9416065.000
2007-07-20,6.14,6.48,6.14,6.40,5257738,33625656.000
2007-07-23,6.47,6.79,6.39,6.77,6429114,42831800.000
2007-07-24,6.88,7.11,6.75,6.77,7446225,51674304.000
2007-07-25,6.84,7.07,6.78,7.06,5219552,36372616.000
2007-07-26,7.19,7.27,7.01,7.24,5322363,38248448.000
2007-07-27,7.22,7.71,7.08,7.65,7077068,51979504.000
2007-07-30,7.64,7.97,7.58,7.78,9044823,70771312.000
2007-07-31,7.68,7.88,7.45,7.82,6521922,50087332.000
2007-08-01,7.88,7.93,7.04,7.06,7298217,54610152.000
2007-08-02,7.11,7.53,7.07,7.38,5063844,37086328.000
2007-08-03,7.48,7.56,7.16,7.33,4781776,35135992.000
2007-08-06,7.38,7.48,7.25,7.44,5080082,37519424.000
2007-08-07,7.46,7.83,7.23,7.79,8414178,63037448.000
2007-08-08,7.76,7.76,7.28,7.43,4900396,36819556.000
2007-08-09,7.47,7.47,7.21,7.27,4840379,35577928.000
2007-08-10,7.24,7.34,6.78,7.01,4565462,32169172.000
2007-08-13,6.96,7.17,6.81,7.09,3430896,24038176.000
2007-08-14,7.09,7.30,6.98,7.27,2865331,20696604.000
2007-08-15,7.25,7.34,6.90,7.19,3017869,21636252.000
2007-08-16,7.18,7.38,7.00,7.33,3832220,27804040.000
2007-08-17,7.30,7.53,7.18,7.40,6071589,45152900.000
2007-08-20,7.58,7.79,7.53,7.70,7874306,60670480.000
2007-08-21,7.73,7.76,7.53,7.67,5354731,41094408.000
2007-08-22,7.58,8.02,7.49,7.93,8806532,69328112.000
2007-08-23,7.89,8.07,7.86,7.93,5672805,45102888.000
2007-08-24,7.92,8.07,7.88,7.93,6416955,51321384.000
2007-08-27,7.98,8.48,7.89,8.29,11290434,92713240.000
2007-08-28,8.19,8.19,7.89,7.93,5504796,44216592.000
2007-08-29,7.93,8.06,7.68,7.76,4363870,34256140.000
2007-08-30,7.76,8.19,7.74,8.12,5476424,44128520.000
2007-08-31,8.15,8.45,8.12,8.23,6482288,53785240.000
2007-09-03,8.28,8.88,8.28,8.58,10222711,87917096.000
2007-09-04,8.58,8.63,8.33,8.39,6827759,58131128.000
2007-09-05,8.41,8.76,8.40,8.74,7356943,63633200.000
2007-09-06,8.86,8.93,8.59,8.69,5287843,46354024.000
2007-09-07,8.65,8.65,8.18,8.24,6023517,50751344.000
2007-09-10,8.08,8.43,7.88,8.38,4576331,37402328.000
2007-09-11,8.33,8.54,7.68,7.72,4340379,35747860.000
2007-09-12,7.55,7.88,7.40,7.73,3873982,29760224.000
2007-09-13,7.76,8.11,7.71,8.02,4041478,32226780.000
2007-09-14,8.08,8.28,7.91,8.25,4591563,37528864.000
2007-09-17,8.31,8.76,8.26,8.60,7727910,66412608.000
2007-09-18,8.63,8.81,8.29,8.59,5488513,46902064.000
2007-09-19,8.56,8.78,8.33,8.46,4818802,41444028.000
2007-09-20,8.46,9.31,8.38,9.28,13783495,122713384.000
2007-09-21,9.18,9.18,8.41,8.81,9239864,82167064.000
2007-09-24,8.83,9.30,8.82,8.88,7381948,67064340.000
2007-09-25,8.98,9.06,8.60,8.76,5028246,44527636.000
2007-09-26,8.78,9.07,8.48,8.61,4032408,35601204.000
2007-09-27,8.52,8.69,8.48,8.54,2816524,24134220.000
2007-09-28,8.58,8.78,8.51,8.63,3636025,31463604.000
2007-10-08,8.76,8.92,8.59,8.70,4039730,35322116.000
2007-10-09,8.68,8.76,8.46,8.75,2925280,25251202.000
2007-10-10,8.66,8.92,8.56,8.71,4481061,39153188.000
2007-10-11,8.71,8.78,8.18,8.22,4061219,34213744.000
2007-10-12,8.20,8.35,7.40,7.73,5107463,39695772.000
2007-10-16,7.71,7.98,7.59,7.87,2798973,21759036.000
2007-10-17,7.81,7.98,7.69,7.80,1876028,14678191.000
2007-10-18,7.78,7.83,7.46,7.48,2102458,15933167.000
2007-10-19,7.52,7.67,7.28,7.36,1868806,13998891.000
2007-10-22,7.32,7.47,7.08,7.10,1907057,13982652.000
2007-10-23,7.12,7.21,6.87,7.18,2764309,19467636.000
2007-10-24,7.27,7.86,7.26,7.42,6289270,47801340.000
2007-10-25,7.33,7.33,6.68,6.68,3912348,26829300.000
2007-10-26,6.54,6.83,6.50,6.72,1584682,10601731.000
2007-10-29,6.77,6.87,6.48,6.76,1562247,10359824.000
2007-10-30,6.76,6.93,6.57,6.90,1809018,12284332.000
2007-10-31,6.93,7.18,6.80,7.17,3315316,23635254.000
2007-11-01,7.17,7.18,6.82,6.86,2068591,14461341.000
2007-11-02,6.75,6.86,6.61,6.80,1789270,12024670.000
2007-11-05,6.79,7.18,6.70,7.06,2366441,16737850.000
2007-11-06,7.13,7.37,7.06,7.23,2651141,19208320.000
2007-11-07,7.23,7.30,6.98,7.16,1412807,10074747.000
2007-11-08,7.16,7.23,6.84,6.87,1310952,9309598.000
2007-11-09,6.74,6.94,6.65,6.83,1528225,10417018.000
2007-11-12,6.78,6.87,6.52,6.83,1633720,10960244.000
2007-11-13,6.84,7.07,6.83,7.04,1864624,13037783.000
2007-11-14,7.04,7.18,7.03,7.17,1409106,10072169.000
2007-11-15,7.09,7.22,6.99,7.03,1214589,8617689.000
2007-11-16,7.05,7.12,6.93,7.06,1037337,7305923.000
2007-11-19,7.11,7.38,7.06,7.36,2728382,19880348.000
2007-11-20,7.30,7.56,7.29,7.47,2907543,21732820.000
2007-11-21,7.55,7.56,7.24,7.32,1725261,12760596.000
2007-11-22,7.33,7.33,6.90,6.92,1255209,8953816.000
2007-11-23,6.91,7.11,6.83,7.08,1226117,8604013.000
2007-11-26,7.13,7.26,7.09,7.17,1272674,9158807.000
2007-11-27,7.17,7.22,7.10,7.18,591694,4247668.000
2007-11-28,7.18,7.31,7.14,7.22,1216495,8827998.000
2007-11-29,7.22,7.40,7.22,7.35,1726468,12686793.000
2007-11-30,7.37,7.37,7.07,7.22,1962565,14105617.000
2007-12-03,7.18,7.31,7.09,7.28,1382754,10048024.000
2007-12-04,7.28,7.35,7.19,7.27,869895,6321270.000
2007-12-05,7.28,7.42,7.14,7.40,2816813,20544352.000
2007-12-06,7.36,7.38,7.23,7.32,1704818,12461828.000
2007-12-07,7.33,7.45,7.29,7.43,2038914,15107895.000
2007-12-10,7.35,7.72,7.31,7.64,4415887,33610408.000
2007-12-11,7.70,8.06,7.70,7.83,6490413,51061240.000
2007-12-12,7.75,7.97,7.75,7.85,3345510,26350084.000
2007-12-13,7.85,7.91,7.53,7.53,2912636,22652256.000
2007-12-14,7.50,7.68,7.35,7.67,2331469,17578680.000
2007-12-17,7.72,7.78,7.63,7.75,3338712,25786856.000
2007-12-18,7.68,7.91,7.68,7.80,2327127,18252728.000
2007-12-19,7.85,8.05,7.79,8.00,4200769,33341968.000
2007-12-20,8.03,8.04,7.90,7.95,2368663,18916872.000
2007-12-21,7.89,8.01,7.83,7.98,2908829,23106892.000
2007-12-24,7.98,8.32,7.98,8.25,5579446,45865880.000
2007-12-25,8.25,8.46,8.16,8.32,4503760,37640056.000
2007-12-26,8.46,9.15,8.38,9.00,19328182,172110192.000
2007-12-27,8.96,9.03,8.79,8.89,8559739,76396480.000
2007-12-28,8.93,9.31,8.69,9.28,9060413,82131760.000
2008-01-02,9.39,10.21,9.39,10.20,16847111,167753536.000
2008-01-03,10.19,10.68,9.98,10.29,14052215,145379888.000
2008-01-04,10.18,10.43,9.81,10.19,8273793,84055256.000
2008-01-07,10.09,10.49,9.89,10.45,8452859,86342096.000
2008-01-08,10.37,10.47,9.58,9.79,8934390,89340176.000
2008-01-09,9.67,10.16,9.58,10.02,5275440,52250292.000
2008-01-10,10.08,10.18,9.83,9.89,5350608,53621484.000
2008-01-11,9.93,9.98,9.49,9.72,4897963,47443340.000
2008-01-14,9.53,9.93,9.48,9.69,4782589,46462552.000
2008-01-15,9.71,10.13,9.70,9.99,5637959,56063528.000
2008-01-16,9.98,9.98,9.69,9.71,3607318,35508700.000
2008-01-17,9.66,10.00,9.26,9.73,4959836,48214000.000
2008-01-18,9.68,10.11,9.65,10.06,6450577,64523168.000
2008-01-21,10.15,10.33,9.38,9.40,5158212,51426544.000
2008-01-22,9.15,9.15,8.46,8.46,4540055,39276728.000
2008-01-23,8.18,8.88,8.00,8.84,4785695,40701372.000
2008-01-24,8.83,9.16,8.53,8.83,4905557,43893208.000
2008-01-25,8.84,9.08,8.76,8.91,3670823,32597060.000
2008-01-28,8.90,8.90,8.02,8.02,3407679,28146860.000
2008-01-29,8.02,8.27,7.89,8.18,2353584,19073932.000
2008-01-30,8.26,8.46,7.98,8.24,2058156,17030532.000
2008-01-31,8.36,8.44,8.10,8.10,1960470,16180348.000
2008-02-01,8.07,8.21,7.29,7.60,2790162,21284348.000
2008-02-04,7.81,8.36,7.78,8.35,3055464,24824334.000
2008-02-05,8.36,8.57,8.08,8.42,2684961,22569568.000
2008-02-13,8.28,8.73,8.16,8.46,2182034,18617908.000
2008-02-14,8.64,8.71,8.47,8.60,1505401,12932051.000
2008-02-15,8.48,8.56,8.28,8.46,1752943,14762333.000
2008-02-18,8.63,8.78,8.48,8.72,2832746,24677356.000
2008-02-19,8.72,8.90,8.67,8.82,2265458,20001890.000
2008-02-20,8.94,9.01,8.58,8.61,2317210,20361628.000
2008-02-21,8.54,9.02,8.51,8.94,3624642,32065268.000
2008-02-22,8.93,9.33,8.83,9.05,7319075,66739280.000
2008-02-25,9.14,9.17,8.40,8.43,4311340,37525240.000
2008-02-26,8.61,8.73,8.19,8.46,2453994,20725772.000
2008-02-27,8.48,8.67,8.38,8.65,1772949,15254756.000
2008-02-28,8.69,8.85,8.56,8.71,2149198,18751182.000
2008-02-29,8.71,8.90,8.68,8.78,2242466,19796646.000
2008-03-03,8.78,9.15,8.70,9.10,3505153,31645540.000
2008-03-04,9.13,9.27,9.00,9.14,4227875,38698800.000
2008-03-05,9.08,9.19,8.86,9.18,3290189,29892062.000
2008-03-06,9.23,9.62,9.23,9.27,5122182,48289728.000
2008-03-07,9.28,9.42,8.99,9.14,3147262,29095748.000
2008-03-10,9.06,9.17,8.74,8.99,2265360,20368316.000
2008-03-11,8.99,9.43,8.98,9.43,4609196,42536008.000
2008-03-12,9.64,9.73,9.06,9.07,3588705,33698080.000
2008-03-13,8.88,9.15,8.38,8.69,2805769,24878432.000
2008-03-14,8.51,8.83,8.46,8.57,1448241,12492036.000
2008-03-17,8.46,8.46,7.71,7.73,2193709,17737444.000
2008-03-18,7.56,7.89,6.96,7.05,2651014,19295168.000
2008-03-19,7.18,7.57,7.11,7.41,1842905,13561544.000
2008-03-20,7.31,7.88,6.98,7.78,2760137,20786236.000
2008-03-21,7.78,8.14,7.63,7.83,2478120,19697820.000
2008-03-24,7.89,8.06,7.53,7.59,1830217,14411456.000
2008-03-25,7.56,7.88,7.28,7.86,1348506,10336335.000
2008-03-26,7.88,8.03,7.68,7.78,1046717,8253245.000
2008-03-27,7.69,7.69,7.27,7.29,1333276,9979674.000
2008-03-28,7.25,7.52,6.99,7.50,1380182,10138836.000
2008-03-31,7.38,7.47,7.15,7.18,1042318,7593013.000
2008-04-01,7.23,7.32,6.58,6.86,2476376,17123152.000
2008-04-02,6.88,7.08,6.49,6.82,2573178,17620492.000
2008-04-03,7.06,7.08,6.81,6.99,2072734,14441925.000
2008-04-07,6.94,7.43,6.76,7.38,2525665,18263660.000
2008-04-08,7.38,7.70,7.33,7.53,3474920,26175260.000
2008-04-09,7.50,7.57,6.87,6.88,2274734,16628013.000
2008-04-10,6.74,7.11,6.69,7.05,1265663,8716049.000
2008-04-11,7.05,7.38,6.98,7.27,1902339,13769183.000
2008-04-14,7.14,7.14,6.64,6.72,1427932,9848627.000
2008-04-15,6.66,6.90,6.59,6.87,715876,4826373.000
2008-04-16,6.86,6.87,6.64,6.64,806451,5449557.000
2008-04-17,6.66,6.73,5.97,6.04,1827251,11421288.000
2008-04-18,6.03,6.04,5.53,5.57,1504417,8663461.000
2008-04-21,5.86,5.98,5.38,5.61,2203750,12630468.000
2008-04-22,5.39,5.48,5.05,5.33,1553296,8190029.000
2008-04-23,5.29,5.57,5.22,5.54,2456776,13349987.000
2008-04-24,6.07,6.10,5.80,6.10,4864615,29298236.000
2008-04-25,6.12,6.32,5.97,6.06,3318572,20489266.000
2008-04-28,5.93,6.11,5.85,5.96,2015801,12067335.000
2008-04-29,5.91,6.07,5.88,6.06,1513820,9129613.000
2008-04-30,6.07,6.26,6.07,6.24,2317094,14359828.000
2008-05-05,6.31,6.49,6.16,6.43,3054793,19425340.000
2008-05-06,6.38,6.61,6.28,6.58,3617899,23460514.000
2008-05-07,6.56,6.77,6.28,6.28,6427281,42552184.000
2008-05-08,6.16,6.40,5.99,6.38,2540364,15712901.000
2008-05-09,6.38,6.41,6.07,6.21,2375696,14882006.000
2008-05-12,6.14,6.30,5.96,6.26,2072479,12780290.000
2008-05-13,6.77,6.89,6.77,6.89,5285599,36495544.000
2008-05-14,7.47,7.58,7.46,7.58,7387240,55816788.000
2008-05-15,8.03,8.10,7.27,7.35,22964733,179596912.000
2008-05-16,7.18,7.34,6.84,7.05,6939585,49284168.000
2008-05-19,7.03,7.76,7.03,7.76,7302578,55037616.000
2008-05-20,8.09,8.53,7.83,8.10,22634889,186973664.000
2008-05-22,8.38,8.78,7.98,7.99,12818461,106786864.000
2008-05-23,7.83,7.86,7.29,7.38,6649142,49877672.000
2008-05-26,7.15,7.83,7.03,7.37,4832181,36207268.000
2008-05-27,7.28,7.53,6.91,7.11,4288273,30734320.000
2008-05-28,7.11,7.28,6.99,7.18,3044809,21784684.000
2008-05-29,7.18,7.65,7.06,7.22,4640901,34443948.000
2008-05-30,7.18,7.23,6.78,6.99,3897045,27204282.000
2008-06-02,6.83,7.21,6.74,7.10,3438759,23985924.000
2008-06-03,7.00,7.06,6.77,6.86,2283995,15758389.000
2008-06-04,6.79,6.93,6.63,6.70,1868044,12668173.000
2008-06-05,6.70,6.70,6.33,6.40,2443801,15831861.000
2008-06-06,6.40,6.48,6.30,6.37,1484641,9515004.000
2008-06-10,5.98,6.09,5.73,5.73,1419260,8343567.000
2008-06-11,5.48,5.68,5.29,5.58,2385344,13213084.000
2008-06-12,5.53,5.73,5.40,5.64,2378185,13275664.000
2008-06-13,5.64,5.74,5.14,5.14,1715540,9428336.000
2008-06-16,5.16,5.32,4.90,5.02,1588066,8080628.000
2008-06-17,5.04,5.11,4.53,4.61,1788448,8649100.000
2008-06-18,4.58,4.95,4.39,4.90,2566123,12161862.000
2008-06-19,4.90,4.90,4.41,4.41,2005600,9320682.000
2008-06-20,4.41,4.66,4.14,4.44,2414855,10824806.000
2008-06-23,4.39,4.53,4.28,4.41,1241771,5534275.000
2008-06-24,4.48,4.85,4.41,4.77,2873805,13512620.000
2008-06-25,4.78,5.03,4.63,4.98,3684566,17930968.000
2008-06-26,4.94,5.01,4.80,4.94,3094586,15286929.000
2008-06-27,4.81,5.24,4.68,5.04,5674719,28148220.000
2008-06-30,5.03,5.30,4.96,5.10,4630864,23741476.000
2008-07-01,5.11,5.18,4.75,4.79,2245086,10934702.000
2008-07-02,4.73,4.98,4.63,4.76,1690029,8128252.000
2008-07-03,4.63,4.98,4.47,4.92,2754496,13314202.000
2008-07-04,4.93,5.04,4.83,4.88,1873453,9289392.000
2008-07-07,4.88,5.31,4.88,5.24,4167905,21526348.000
2008-07-08,5.18,5.39,5.08,5.30,3541862,18485172.000
2008-07-09,5.27,5.43,5.23,5.42,3827556,20445744.000
2008-07-10,5.33,5.96,5.24,5.96,6658032,38991040.000
2008-07-11,5.98,5.98,5.36,5.56,8229732,46117460.000
2008-07-14,5.39,5.67,5.38,5.66,4147565,22982648.000
2008-07-15,5.59,5.86,5.33,5.68,4127816,22907416.000
2008-07-16,5.56,5.63,5.14,5.27,2002194,10770170.000
2008-07-17,5.27,5.49,5.13,5.20,1838250,9750823.000
2008-07-18,5.28,5.37,4.94,5.31,2224262,11620282.000
2008-07-21,5.29,5.50,5.18,5.47,2623943,14281650.000
2008-07-22,5.45,5.57,5.39,5.45,2193769,12117173.000
2008-07-23,5.46,5.68,5.43,5.53,3649775,20456472.000
2008-07-24,5.57,5.83,5.50,5.75,4657401,26501976.000
2008-07-25,5.73,5.73,5.58,5.59,3388786,19168576.000
2008-07-28,5.61,5.70,5.58,5.62,2045466,11531320.000
2008-07-29,5.58,5.60,5.37,5.39,1968017,10769078.000
2008-07-30,5.47,5.61,5.38,5.41,1718410,9416821.000
2008-07-31,5.48,5.50,5.13,5.14,1491389,7902832.000
2008-08-01,5.14,5.28,5.00,5.22,1204331,6264156.000
2008-08-04,5.20,5.27,5.03,5.07,825148,4285569.000
2008-08-05,5.09,5.24,4.96,4.98,955722,4879384.000
2008-08-06,5.04,5.08,4.85,4.96,1137560,5648585.000
2008-08-07,4.98,5.04,4.90,4.99,1135629,5683680.000
2008-08-08,5.05,5.20,4.49,4.64,2514863,12731864.000
2008-08-11,4.50,4.62,4.17,4.17,1753480,7562529.000
2008-08-12,4.02,4.17,3.98,4.04,929535,3801806.000
2008-08-13,4.05,4.05,3.75,3.99,1133767,4445412.000
2008-08-14,3.89,4.08,3.86,4.03,790663,3199616.000
2008-08-15,4.08,4.16,3.94,4.09,884294,3622203.000
2008-08-18,4.10,4.15,3.68,3.68,1001347,3922597.000
2008-08-19,3.68,3.85,3.50,3.82,883962,3343860.000
2008-08-20,3.79,4.16,3.71,4.15,2134753,8595969.000
2008-08-21,4.05,4.14,3.92,3.93,1500681,6060671.000
2008-08-22,3.98,3.98,3.79,3.91,723762,2811605.000
2008-08-25,3.91,4.03,3.86,3.95,550899,2192420.000
2008-08-26,3.83,3.95,3.68,3.76,656962,2490486.000
2008-08-27,3.75,3.96,3.74,3.90,1321012,5121778.000
2008-08-28,3.83,3.95,3.81,3.87,632650,2469916.000
2008-08-29,3.88,4.03,3.87,3.99,1196995,4775858.000
2008-09-01,3.99,4.08,3.93,3.93,1302350,5225570.000
2008-09-02,3.89,4.04,3.83,4.01,1125217,4472882.000
2008-09-03,3.98,4.06,3.92,4.03,1100014,4415284.000
2008-09-04,4.00,4.07,3.96,4.06,827420,3349399.000
2008-09-05,3.93,4.03,3.78,3.87,889705,3471641.000
2008-09-08,3.87,3.87,3.56,3.63,792125,2953868.000
2008-09-09,3.63,3.73,3.60,3.66,481500,1774872.000
2008-09-10,3.61,3.89,3.61,3.83,1010061,3852531.000
2008-09-11,3.88,3.88,3.67,3.73,310871,1168772.000
2008-09-12,3.73,3.77,3.66,3.71,337649,1262322.000
2008-09-16,3.72,3.77,3.52,3.63,786761,2876859.000
2008-09-17,3.67,3.69,3.43,3.46,746421,2633520.000
2008-09-18,3.45,3.45,3.11,3.27,1510150,4876896.000
2008-09-19,3.56,3.60,3.50,3.60,1769546,6361213.000
2008-09-22,3.78,3.94,3.58,3.69,2663815,10052635.000
2008-09-23,3.57,3.65,3.43,3.44,1027589,3610897.000
2008-09-24,3.44,3.51,3.34,3.49,662392,2283835.000
2008-09-25,3.51,3.62,3.44,3.56,1166885,4171018.000
2008-09-26,3.57,3.63,3.50,3.58,946869,3389381.000
2008-10-06,3.52,3.52,3.36,3.39,591092,2032263.000
2008-10-07,3.36,3.40,3.29,3.35,785933,2645269.000
2008-10-08,3.32,3.42,3.28,3.37,967426,3259611.000
2008-10-09,3.41,3.48,3.32,3.34,592450,2000393.000
2008-10-10,3.23,3.28,3.06,3.13,1485269,4702838.000
2008-10-13,3.13,3.14,2.88,3.13,1084058,3281403.000
2008-10-14,3.23,3.23,2.99,3.02,783900,2477249.000
2008-10-15,2.94,3.05,2.93,2.99,496651,1488155.000
2008-10-16,2.91,2.91,2.80,2.81,626760,1801627.000
2008-10-17,2.86,2.90,2.81,2.85,483577,1391378.000
2008-10-20,2.86,3.04,2.82,3.04,943150,2812329.000
2008-10-21,3.07,3.17,2.98,3.08,1508941,4689727.000
2008-10-22,3.03,3.09,3.01,3.05,863118,2649492.000
2008-10-23,3.04,3.36,2.96,3.36,4749618,15333485.000
2008-10-24,3.44,3.70,3.38,3.70,13941391,49740068.000
2008-10-27,3.57,3.70,3.39,3.53,10609510,37491488.000
2008-10-28,3.49,3.69,3.38,3.63,11546333,41420456.000
2008-10-29,3.57,3.58,3.28,3.38,7529270,25997524.000
2008-10-30,3.38,3.43,3.17,3.21,7451988,24564172.000
2008-10-31,3.17,3.35,3.10,3.25,6134668,19847908.000
2008-11-03,3.18,3.23,3.06,3.16,3700030,11708766.000
2008-11-04,3.16,3.38,3.09,3.27,6411293,20848220.000
2008-11-05,3.29,3.60,3.25,3.60,13201872,46608752.000
2008-11-06,3.48,3.78,3.44,3.63,14485919,53228712.000
2008-11-07,3.53,3.66,3.47,3.64,7074047,25473212.000
2008-11-10,3.80,4.01,3.73,4.01,11471811,45379040.000
2008-11-11,4.19,4.41,4.06,4.25,16430587,71067944.000
2008-11-12,4.12,4.63,3.96,4.48,14034055,59714696.000
2008-11-13,4.27,4.61,4.23,4.42,17645536,78590840.000
2008-11-14,4.30,4.56,4.24,4.44,15965778,70492936.000
2008-11-17,4.36,4.89,4.28,4.89,15230095,71225712.000
2008-11-18,4.94,5.23,4.40,4.46,19618923,95260912.000
2008-11-19,4.34,4.73,4.16,4.59,13498453,60291892.000
2008-11-20,4.39,4.53,4.14,4.28,8516453,37130092.000
2008-11-21,4.14,4.66,4.08,4.43,11897448,52693452.000
2008-11-24,4.44,4.44,4.00,4.07,6644380,27806468.000
2008-11-25,4.16,4.25,4.03,4.23,6027045,25108866.000
2008-11-26,4.18,4.40,4.16,4.25,5683327,24568848.000
2008-11-27,4.54,4.64,4.32,4.38,11770785,53329992.000
2008-11-28,4.28,4.56,4.23,4.34,6753035,30041520.000
2008-12-01,4.34,4.56,4.23,4.48,6610848,29281748.000
2008-12-02,4.34,4.57,4.34,4.51,6061100,27150422.000
2008-12-03,4.53,4.77,4.45,4.65,9576393,44079640.000
2008-12-04,4.62,4.76,4.48,4.50,10189265,47424056.000
2008-12-05,4.43,4.54,4.40,4.51,4704215,21141276.000
2008-12-08,4.53,4.96,4.53,4.96,16063843,78468272.000
2008-12-09,5.06,5.28,4.86,4.87,18727326,95559392.000
2008-12-10,4.78,5.10,4.77,4.99,7694024,38390720.000
2008-12-11,5.00,5.04,4.66,4.67,6391760,31017544.000
2008-12-12,4.63,4.63,4.20,4.37,6322058,27902730.000
2008-12-15,4.40,4.47,4.18,4.44,4814379,20993032.000
2008-12-16,4.28,4.47,4.28,4.46,3411745,15028742.000
2008-12-17,4.46,4.61,4.42,4.48,4534099,20591186.000
2008-12-18,4.48,4.60,4.45,4.54,3198089,14554559.000
2008-12-19,4.48,4.59,4.48,4.55,3816830,17437634.000
2008-12-22,4.56,4.63,4.43,4.52,2810351,12806713.000
2008-12-23,4.56,4.58,4.18,4.20,6505848,28854552.000
2008-12-24,4.08,4.15,3.95,4.01,3844956,15578824.000
2008-12-25,4.01,4.07,3.88,4.02,2617262,10458234.000
2008-12-26,4.01,4.03,3.93,3.95,1803990,7217347.000
2008-12-29,4.15,4.15,3.98,4.12,4387258,18005792.000
2008-12-30,4.12,4.15,4.00,4.03,2295330,9365905.000
2008-12-31,4.03,4.06,3.97,3.98,1587962,6401143.000
2009-01-05,4.00,4.37,4.00,4.30,4740506,20166586.000
2009-01-06,4.28,4.48,4.22,4.41,6302086,27525800.000
2009-01-07,4.38,4.65,4.29,4.44,7293566,32766576.000
2009-01-08,4.38,4.43,4.19,4.28,4293036,18598400.000
2009-01-09,4.24,4.38,4.24,4.37,2392090,10411745.000
2009-01-12,4.38,4.47,4.29,4.38,3306600,14613812.000
2009-01-13,4.33,4.36,4.21,4.21,2298281,9859835.000
2009-01-14,4.17,4.53,4.16,4.43,4092822,17939824.000
2009-01-15,4.35,4.73,4.35,4.51,6759863,30989836.000
2009-01-16,4.51,4.62,4.41,4.48,4490896,20459718.000
2009-01-19,4.53,4.66,4.42,4.51,3444745,15631799.000
2009-01-20,4.51,4.52,4.36,4.47,2260539,10073125.000
2009-01-21,4.43,4.48,4.39,4.41,2278425,10143002.000
2009-01-22,4.44,4.52,4.40,4.51,2711714,12204041.000
2009-01-23,4.51,4.54,4.42,4.43,2658230,11907597.000
2009-02-02,4.45,4.65,4.45,4.59,4761815,21897716.000
2009-02-03,4.60,4.87,4.54,4.78,7423176,35016308.000
2009-02-04,4.78,4.81,4.67,4.80,6452025,30694714.000
2009-02-05,4.78,4.80,4.61,4.66,6775927,32125232.000
2009-02-06,4.66,4.88,4.66,4.85,7240958,34885532.000
2009-02-09,4.93,5.06,4.82,4.96,8734699,43395472.000
2009-02-10,4.88,5.15,4.82,5.11,9054543,45094568.000
2009-02-11,4.97,5.62,4.94,5.57,22339574,122578112.000
2009-02-12,5.48,5.54,5.16,5.35,13465871,72088704.000
2009-02-13,5.33,5.47,5.22,5.43,9690362,52268216.000
2009-02-16,5.46,5.58,5.38,5.55,9781269,53843852.000
2009-02-17,5.55,5.55,5.18,5.20,7274400,38944100.000
2009-02-18,5.07,5.16,4.86,4.88,5720176,28882194.000
2009-02-19,4.90,5.18,4.90,5.09,6886084,35138544.000
2009-02-20,5.07,5.31,4.96,5.27,7346909,38501996.000
2009-02-23,5.28,5.80,5.23,5.80,13349421,76359104.000
2009-02-24,6.00,6.33,5.94,6.00,31150559,190207328.000
2009-02-25,6.04,6.12,5.61,5.87,12649609,74344512.000
2009-02-26,5.85,6.03,5.28,5.35,8799201,50334656.000
2009-02-27,5.27,5.28,4.87,4.88,9023314,45541744.000
2009-03-02,4.79,5.37,4.78,5.37,8030522,41742776.000
2009-03-03,5.29,5.72,5.13,5.46,13480002,74860896.000
2009-03-04,5.38,5.88,5.34,5.79,12087441,68577400.000
2009-03-05,5.79,6.03,5.58,5.79,11600000,67987696.000
2009-03-06,5.68,6.03,5.63,5.89,8639975,51081984.000
2009-03-09,5.91,5.94,5.38,5.42,8161219,45992320.000
2009-03-10,5.28,5.55,5.25,5.54,3902779,21291808.000
2009-03-11,5.65,5.74,5.38,5.39,4598709,25600704.000
2009-03-12,5.37,5.62,5.31,5.54,5489809,30260094.000
2009-03-13,5.59,5.60,5.38,5.39,4506216,24811984.000
2009-03-16,5.28,5.42,5.26,5.41,2882106,15415430.000
2009-03-17,5.38,5.68,5.38,5.63,5444669,30353638.000
2009-03-18,5.66,5.74,5.56,5.64,6299451,35701800.000
2009-03-19,5.61,5.83,5.58,5.79,6042063,34671944.000
2009-03-20,5.79,5.91,5.58,5.85,8218943,47363872.000
2009-03-23,5.86,6.17,5.78,6.13,11159201,66679340.000
2009-03-24,6.27,6.64,6.13,6.36,24323837,155676544.000
2009-03-25,6.25,6.25,6.03,6.04,11308001,69339504.000
2009-03-26,6.00,6.08,5.70,6.07,8023699,47820692.000
2009-03-27,6.03,6.07,5.90,6.00,5955731,35768940.000
2009-03-30,5.99,6.13,5.89,6.02,4462811,27051288.000
2009-03-31,5.91,5.98,5.80,5.98,4035700,23852792.000
2009-04-01,5.99,6.12,5.98,6.12,6664202,40541076.000
2009-04-02,6.13,6.29,6.03,6.18,8827516,54472592.000
2009-04-03,6.18,6.20,5.92,5.93,5847607,35473424.000
2009-04-07,5.93,6.07,5.90,6.05,3448361,20688642.000
2009-04-08,6.02,6.12,5.78,5.84,4154421,24965164.000
2009-04-09,5.76,6.07,5.76,5.98,3914819,23326906.000
2009-04-10,5.98,6.20,5.93,6.10,11543664,70730256.000
2009-04-13,6.08,6.23,6.04,6.09,9829029,60387488.000
2009-04-14,6.11,6.23,6.05,6.17,9345050,57641744.000
2009-04-15,6.19,6.39,6.05,6.31,12325507,76822552.000
2009-04-16,6.31,6.33,6.09,6.22,9164770,56987240.000
2009-04-17,6.16,6.33,6.07,6.14,8467177,52739816.000
2009-04-20,6.12,6.34,6.12,6.28,7633320,47766764.000
2009-04-21,6.25,6.44,6.17,6.38,10490749,66698684.000
2009-04-22,6.39,6.42,5.75,5.85,8851325,54745760.000
2009-04-23,5.79,5.95,5.62,5.89,5210752,30166232.000
2009-04-24,5.83,6.04,5.82,5.83,4670457,27943180.000
2009-04-27,5.79,5.87,5.40,5.48,4015340,22532384.000
2009-04-28,5.48,5.62,5.43,5.61,2147766,11932147.000
2009-04-29,5.61,5.73,5.53,5.72,3530241,20005476.000
2009-04-30,5.76,6.13,5.71,5.94,8917946,53499712.000
2009-05-04,5.88,6.13,5.85,6.08,7778955,46790172.000
2009-05-05,6.06,6.28,6.03,6.12,7013518,43147880.000
2009-05-06,6.15,6.23,6.05,6.17,5977851,36948912.000
2009-05-07,6.18,6.32,5.93,6.29,11155556,68795752.000
2009-05-08,6.30,6.39,6.17,6.25,14494187,91733144.000
2009-05-11,6.20,6.23,5.88,5.90,8158418,49633812.000
2009-05-12,5.80,6.02,5.80,6.00,3910227,23180212.000
2009-05-14,6.00,6.60,5.97,6.60,22864809,146825856.000
2009-05-15,6.64,6.76,6.44,6.47,26479972,175135392.000
2009-05-18,6.39,6.68,6.23,6.65,17593281,115233120.000
2009-05-19,6.65,6.83,6.49,6.56,17129525,114387992.000
2009-05-20,6.52,6.53,6.36,6.37,7788826,50243520.000
2009-05-21,6.34,6.42,6.18,6.35,5860505,36952396.000
2009-05-22,6.29,6.41,6.25,6.35,3246013,20622198.000
2009-05-25,6.17,6.34,6.07,6.28,4207259,26117876.000
2009-05-26,6.25,6.72,6.22,6.45,13295295,87295688.000
2009-05-27,6.48,6.53,6.28,6.39,4585180,29304984.000
2009-06-01,6.38,6.61,6.34,6.53,11076592,72160168.000
2009-06-02,6.55,6.68,6.51,6.54,11741169,77599176.000
2009-06-03,6.43,6.52,6.38,6.44,5645835,36461952.000
2009-06-04,6.42,6.58,6.28,6.51,9315835,60303552.000
2009-06-05,6.49,6.49,6.30,6.32,4827709,30758444.000
2009-06-08,6.30,6.37,6.22,6.24,4348250,27310740.000
2009-06-09,6.24,6.37,6.18,6.37,4820320,30203268.000
2009-06-10,6.34,6.58,6.34,6.48,8080177,52348860.000
2009-06-11,6.43,6.49,6.30,6.31,5382557,34385440.000
2009-06-12,6.33,6.37,6.10,6.17,4421952,27517176.000
2009-06-15,6.20,6.30,6.15,6.29,2304967,14364504.000
2009-06-16,6.29,6.60,6.21,6.48,12857644,83374504.000
2009-06-17,6.44,6.49,6.30,6.45,6254708,39960288.000
2009-06-18,6.44,6.65,6.39,6.58,15540412,101782424.000
2009-06-19,6.56,6.57,6.41,6.51,7294814,47369008.000
2009-06-22,6.51,6.59,6.42,6.49,5796865,37702916.000
2009-06-23,6.41,6.98,6.30,6.96,15969731,106243392.000
2009-06-24,6.75,6.96,6.60,6.70,16256604,109980496.000
2009-06-25,6.65,6.75,6.56,6.68,7440594,49379756.000
2009-06-26,6.67,6.74,6.58,6.65,6298849,41930620.000
2009-06-29,6.61,6.76,6.60,6.65,6569102,43914288.000
2009-06-30,6.65,6.69,6.44,6.54,5553358,36264056.000
2009-07-01,6.48,6.65,6.45,6.59,4283366,28060992.000
2009-07-02,6.61,6.63,6.48,6.54,4731019,31014092.000
2009-07-03,6.51,6.60,6.43,6.59,5004137,32632540.000
2009-07-06,6.59,6.83,6.51,6.79,10246982,68369032.000
2009-07-07,6.80,6.86,6.71,6.83,9119379,61824440.000
2009-07-08,6.78,6.89,6.73,6.85,9202966,62824488.000
2009-07-09,6.93,7.15,6.84,6.86,12957458,90378120.000
2009-07-10,6.92,6.96,6.82,6.86,6768726,46576776.000
2009-07-13,6.90,7.10,6.86,7.01,9859433,68993832.000
2009-07-14,7.11,7.11,6.96,7.07,7417933,52125472.000
2009-07-15,7.08,7.36,7.04,7.13,12363958,89040016.000
2009-07-16,7.23,7.23,6.90,6.93,8916134,62455248.000
2009-07-17,6.92,7.02,6.88,6.95,4828180,33490310.000
2009-07-20,6.96,7.13,6.92,7.07,6419217,45230468.000
2009-07-21,7.14,7.22,7.05,7.08,11728610,83623664.000
2009-07-22,7.02,7.15,7.00,7.12,6503545,46069512.000
2009-07-23,7.13,7.47,7.08,7.36,11391164,83331792.000
2009-07-24,7.37,7.39,7.04,7.17,8203171,59195816.000
2009-07-27,7.24,7.24,7.10,7.20,5715452,40886324.000
2009-07-28,7.18,7.44,7.05,7.42,10595338,76740624.000
2009-07-29,7.42,7.68,6.68,7.08,19158192,142392448.000
2009-07-30,7.01,7.20,6.66,6.98,6601558,45648308.000
2009-07-31,6.99,7.14,6.91,7.08,6500580,45853992.000
2009-08-03,7.13,7.35,6.99,7.34,8289359,59566704.000
2009-08-04,7.32,7.48,7.20,7.41,8548526,62750608.000
2009-08-05,7.42,7.50,7.15,7.29,6556712,47968208.000
2009-08-06,7.20,7.39,6.97,7.19,6650321,47632292.000
2009-08-07,7.17,7.24,7.00,7.14,4772958,33949184.000
2009-08-10,7.14,7.26,7.07,7.22,4544510,32647516.000
2009-08-11,7.27,7.43,7.17,7.41,8758632,64204800.000
2009-08-12,7.30,7.65,7.16,7.22,16790819,124779888.000
2009-08-13,7.10,7.11,6.55,6.80,11205005,76106432.000
2009-08-14,6.78,6.78,6.19,6.21,8792840,56722936.000
2009-08-17,6.18,6.18,5.75,5.76,4602104,27523886.000
2009-08-18,5.76,5.93,5.58,5.91,3784779,21938036.000
2009-08-19,5.87,5.95,5.43,5.48,3427380,19536422.000
2009-08-20,5.51,5.72,5.50,5.69,2855812,16053093.000
2009-08-21,5.67,5.97,5.60,5.88,5003407,29414534.000
2009-08-24,5.83,6.15,5.83,6.06,4553263,27290476.000
2009-08-25,6.00,6.02,5.69,5.86,3612250,21117272.000
2009-08-26,5.86,6.14,5.77,6.04,4056544,24495090.000
2009-08-27,6.03,6.32,5.97,6.16,5291159,32641680.000
2009-08-28,6.14,6.15,5.88,5.93,3433456,20510728.000
2009-08-31,5.81,6.02,5.51,5.54,2704061,15410092.000
2009-09-01,5.54,5.71,5.50,5.59,1951294,10931108.000
2009-09-02,5.52,6.05,5.40,5.95,5566011,31680614.000
2009-09-03,5.84,6.13,5.76,6.07,7243660,43078876.000
2009-09-04,5.95,6.10,5.90,6.07,4794443,28829944.000
2009-09-07,6.07,6.18,6.00,6.10,4512414,27599276.000
2009-09-08,6.06,6.28,6.03,6.20,5847020,36248520.000
2009-09-10,6.20,6.34,6.07,6.08,4744201,29410034.000
2009-09-11,6.08,6.26,6.06,6.23,4619567,28584048.000
2009-09-14,6.23,6.85,6.20,6.85,19810434,132039160.000
2009-09-15,6.85,7.21,6.84,7.01,25188855,174874896.000
2009-09-16,6.90,7.14,6.68,6.97,15017022,104397384.000
2009-09-17,6.80,7.08,6.80,6.97,11342934,78659096.000
2009-09-18,6.91,6.95,6.55,6.64,7426933,50239408.000
2009-09-21,6.63,6.67,6.40,6.64,4402389,28674432.000
2009-09-22,6.65,6.74,6.43,6.46,3414132,22575076.000
2009-09-23,6.50,6.56,6.23,6.25,3263748,20691730.000
2009-09-24,6.26,6.58,6.21,6.50,4579720,29276468.000
2009-09-25,6.44,6.52,6.28,6.33,2440810,15620149.000
2009-09-28,6.38,6.39,5.95,5.98,2807321,17399232.000
2009-09-29,5.91,6.08,5.86,6.02,2451876,14585628.000
2009-09-30,6.10,6.15,6.00,6.02,1882018,11408253.000
2009-10-09,6.12,6.33,6.05,6.28,2842619,17652104.000
2009-10-12,6.30,6.42,6.23,6.33,3058585,19339784.000
2009-10-13,6.27,6.45,6.27,6.44,2214992,14128924.000
2009-10-14,6.44,6.55,6.40,6.44,3169404,20512228.000
2009-10-15,6.46,6.57,6.42,6.47,2914895,18873844.000
2009-10-16,6.43,6.51,6.33,6.49,2553820,16388752.000
2009-10-19,6.50,6.73,6.45,6.67,5269022,34981840.000
2009-10-20,6.65,7.25,6.62,7.09,17294926,121233376.000
2009-10-21,7.00,7.09,6.88,6.94,9182162,64059580.000
2009-10-22,6.98,7.15,6.87,6.99,8302041,58309116.000
2009-10-23,7.00,7.68,7.00,7.47,19133602,141822848.000
2009-10-26,7.43,7.43,7.15,7.29,11256790,81362504.000
2009-10-27,7.28,7.28,6.90,6.93,7174945,50498272.000
2009-10-28,6.82,7.06,6.80,7.01,4876840,33824024.000
2009-10-29,6.87,7.16,6.74,7.05,6164981,43105136.000
2009-10-30,7.16,7.16,6.97,7.01,4615572,32663896.000
2009-11-02,6.86,7.15,6.80,7.07,5967546,41740112.000
2009-11-03,7.08,7.42,7.04,7.30,10055509,72651760.000
2009-11-04,7.30,7.43,7.21,7.30,6489054,47555288.000
2009-11-05,7.37,7.60,7.33,7.46,7924086,59003092.000
2009-11-06,7.43,8.18,7.38,7.77,22239635,173600832.000
2009-11-09,7.79,7.79,7.51,7.66,8676630,66150556.000
2009-11-10,7.68,7.70,7.52,7.55,6149872,46851664.000
2009-11-11,7.60,8.15,7.56,8.09,15605634,123281056.000
2009-11-13,7.80,8.03,7.44,7.69,19540022,149346080.000
2009-11-16,7.64,7.80,7.61,7.79,14787499,113992552.000
2009-11-17,7.81,7.85,7.63,7.78,11279045,87599816.000
2009-11-18,7.78,7.82,7.68,7.76,7737774,59888408.000
2009-11-19,7.76,7.94,7.72,7.91,9894094,77537840.000
2009-11-20,7.90,8.22,7.76,8.09,14043954,112992200.000
2009-11-23,8.09,8.25,8.01,8.19,10904662,88452160.000
2009-11-24,8.17,8.20,7.61,7.66,9491665,75333088.000
2009-11-25,7.67,8.34,7.55,8.18,10360574,81545928.000
2009-11-26,8.11,8.90,8.10,8.20,19313233,161983632.000
2009-11-27,8.01,8.49,7.82,8.04,11702648,93787248.000
2009-11-30,8.04,8.40,8.04,8.31,9449279,78243896.000
2009-12-01,8.33,8.66,8.28,8.60,13756858,117578664.000
2009-12-02,8.61,8.75,8.45,8.66,11317381,97207472.000
2009-12-03,8.60,9.18,8.50,9.04,18173191,160823952.000
2009-12-04,8.94,8.98,8.35,8.55,12659795,109764824.000
2009-12-07,8.59,9.13,8.40,9.03,9223204,80930600.000
2009-12-08,8.93,9.26,8.78,9.06,12226046,110255856.000
2009-12-09,9.06,9.64,8.70,8.89,16073663,146199808.000
2009-12-10,8.90,9.22,8.90,9.12,13145647,119122168.000
2009-12-11,9.08,9.14,8.86,9.08,8662790,78143776.000
2009-12-14,9.00,9.20,8.87,9.03,6482949,58296912.000
2009-12-15,9.02,9.22,8.88,9.07,11206871,101757936.000
2009-12-16,9.00,9.16,8.89,9.07,8722732,78457856.000
2009-12-17,9.07,9.48,8.95,9.09,18522649,169786336.000
2009-12-18,8.90,9.11,8.18,8.20,11715583,101198960.000
2009-12-21,8.22,8.36,8.02,8.32,5308558,43361000.000
2009-12-22,8.32,8.32,8.00,8.16,5717817,46416940.000
2009-12-23,8.18,8.49,8.15,8.44,4323269,35935228.000
2009-12-24,8.45,8.64,8.35,8.56,10013088,85177800.000
2009-12-25,8.50,8.55,8.30,8.33,5557719,46705208.000
2009-12-28,8.33,8.50,8.30,8.43,3654066,30749152.000
2009-12-29,8.38,8.53,8.30,8.42,3579653,30120864.000
2009-12-30,8.42,8.43,8.10,8.20,5075420,41698608.000
2009-12-31,8.21,8.39,8.20,8.35,4571747,38035588.000
2010-01-04,8.41,8.43,8.27,8.30,3482782,29036924.000
2010-01-05,8.35,8.38,8.13,8.32,4229537,34966336.000
2010-01-06,8.32,8.59,8.22,8.50,7495505,63486416.000
2010-01-07,8.50,8.56,8.21,8.27,4553866,38331496.000
2010-01-08,8.27,8.31,8.16,8.29,3262252,26831408.000
2010-01-11,8.30,8.40,8.20,8.36,4740891,39341992.000
2010-01-12,8.37,8.63,8.33,8.60,8341935,70968376.000
2010-01-13,8.40,8.53,8.28,8.32,4860757,40725336.000
2010-01-14,8.31,9.05,8.31,9.02,10777271,93646584.000
2010-01-15,9.03,9.90,9.03,9.09,20107189,184767952.000
2010-01-18,9.06,9.07,8.83,9.05,6867066,61539736.000
2010-01-19,9.03,9.09,8.89,9.05,7440083,67071220.000
2010-01-20,9.05,9.08,8.55,8.60,7545367,66370264.000
2010-01-21,8.60,9.16,8.52,9.08,12623251,113488768.000
2010-01-22,8.95,9.60,8.73,8.95,9953715,90056328.000
2010-01-25,8.85,8.99,8.60,8.77,3589829,31319128.000
2010-01-26,8.70,8.83,8.51,8.80,5697402,49442600.000
2010-01-27,8.78,9.14,8.73,9.00,13016930,116758184.000
2010-01-28,8.94,8.94,8.55,8.66,7049837,61785420.000
2010-01-29,8.65,9.10,8.55,9.09,11087755,99080272.000
2010-02-01,9.25,9.49,8.99,9.00,18353002,169806368.000
2010-02-02,8.90,8.90,8.58,8.77,9188797,80311640.000
2010-02-03,8.69,8.79,8.01,8.42,10259087,85342128.000
2010-02-04,8.30,8.76,8.18,8.56,7311776,62099264.000
2010-02-05,8.32,8.44,8.13,8.33,6024789,49930640.000
2010-02-08,8.30,8.40,8.20,8.26,2128891,17671532.000
2010-02-09,8.24,8.37,8.20,8.26,2304932,19078768.000
2010-02-10,8.28,8.35,8.23,8.33,1856096,15412747.000
2010-02-11,8.33,8.38,8.23,8.24,1698939,14097434.000
2010-02-12,8.30,8.42,8.26,8.33,1862481,15541330.000
2010-02-22,8.33,8.51,8.22,8.41,2997275,25211492.000
2010-02-23,8.33,8.54,8.33,8.53,3192089,26988764.000
2010-02-24,8.50,8.73,8.44,8.70,4933518,42408060.000
2010-02-25,8.71,8.79,8.59,8.76,5569569,48584980.000
2010-02-26,8.76,8.91,8.70,8.86,5740139,50641264.000
2010-03-01,8.89,8.95,8.83,8.89,5008787,44487220.000
2010-03-02,8.92,8.98,8.72,8.76,4765029,42013352.000
2010-03-03,8.78,8.92,8.73,8.89,4215485,37329608.000
2010-03-04,8.87,9.10,8.66,8.69,7457170,66595348.000
2010-03-05,8.69,8.79,8.55,8.67,3260739,28309808.000
2010-03-08,8.70,8.84,8.63,8.77,2407902,21080956.000
2010-03-09,8.75,8.98,8.72,8.97,5311374,47253464.000
2010-03-10,8.98,9.05,8.71,8.74,3789203,33489148.000
2010-03-11,8.75,9.00,8.72,8.99,6006692,53491332.000
2010-03-12,9.05,9.05,8.76,8.82,4470472,39776344.000
2010-03-15,8.81,8.82,8.48,8.53,3660633,31510636.000
2010-03-16,8.51,8.62,8.39,8.51,2693212,22871266.000
2010-03-17,8.52,8.74,8.51,8.71,2511877,21700584.000
2010-03-18,8.70,8.86,8.70,8.80,3285244,28853356.000
2010-03-19,8.80,8.88,8.74,8.87,2736748,24159712.000
2010-03-22,8.87,8.96,8.81,8.92,3012173,26799340.000
2010-03-23,8.90,9.15,8.89,9.04,8569864,77379496.000
2010-03-24,9.05,9.14,8.91,8.96,5591389,50416204.000
2010-03-25,8.96,9.05,8.71,8.78,4708457,41730312.000
2010-03-26,8.69,8.91,8.69,8.86,2992074,26432970.000
2010-03-29,8.86,8.98,8.80,8.90,3694663,32794894.000
2010-03-30,8.94,8.96,8.83,8.88,3807795,33870792.000
2010-03-31,8.88,9.08,8.83,9.05,6625419,59358544.000
2010-04-01,9.09,9.58,9.00,9.50,16957709,158003264.000
2010-04-02,9.45,10.24,9.30,10.10,18074889,175857408.000
2010-04-06,10.00,10.38,9.75,9.85,25530581,255827664.000
2010-04-07,9.80,9.97,9.58,9.88,9782492,95031264.000
2010-04-08,9.74,9.92,9.57,9.60,6010030,58566760.000
2010-04-09,9.61,9.84,9.61,9.64,6825972,66421836.000
2010-04-12,9.67,9.84,9.56,9.70,4946842,47949624.000
2010-04-13,9.70,10.10,9.66,10.09,14539748,144449824.000
2010-04-14,10.04,10.18,9.91,10.11,8365548,84034424.000
2010-04-15,10.11,10.16,9.80,9.84,6265546,62368328.000
2010-04-16,9.84,9.88,9.51,9.62,3821435,36890256.000
2010-04-19,9.50,9.57,8.70,8.78,7091379,65342844.000
2010-04-20,8.71,8.90,8.30,8.59,7452080,63715700.000
2010-04-21,8.57,8.77,8.39,8.73,5733748,49403060.000
2010-04-22,8.72,8.84,8.53,8.78,5021589,43642164.000
2010-04-23,8.75,8.84,8.35,8.41,4782699,41228384.000
2010-04-26,8.37,8.62,8.35,8.52,2728104,23229784.000
2010-04-27,8.50,8.50,7.98,8.23,4632572,37724900.000
2010-04-28,8.10,8.36,7.93,8.26,2792396,22777212.000
2010-04-29,8.26,8.35,8.15,8.18,2223585,18342344.000
2010-04-30,8.21,8.26,7.73,7.94,2338851,18587956.000
2010-05-04,7.87,8.00,7.78,7.83,1608601,12691999.000
2010-05-05,7.75,8.04,7.65,8.00,2235968,17697296.000
2010-05-06,8.01,8.13,7.85,7.89,2992649,23970612.000
2010-05-07,7.76,7.93,7.15,7.28,2945219,22635396.000
2010-05-10,7.26,7.48,7.20,7.37,2177899,16024490.000
2010-05-11,7.54,7.58,7.29,7.35,2318217,17245078.000
2010-05-12,7.42,7.84,7.22,7.63,3053509,22675036.000
2010-05-13,7.56,7.64,7.38,7.59,1753338,13194023.000
2010-05-14,7.60,7.69,7.50,7.58,2337349,17746648.000
2010-05-17,7.50,7.62,6.99,7.00,2422378,17645216.000
2010-05-18,7.00,7.32,6.62,7.00,3586553,24856516.000
2010-05-19,6.83,7.10,6.82,6.88,2060003,14314786.000
2010-05-21,6.78,6.98,6.60,6.90,2559746,17450570.000
2010-05-24,6.90,7.21,6.90,7.17,3520403,25043670.000
2010-05-25,7.13,7.17,7.02,7.05,1886059,13349657.000
2010-05-26,7.06,7.10,6.98,7.08,1617500,11405804.000
2010-05-27,7.04,7.22,6.91,7.18,2475764,17593006.000
2010-05-28,7.22,7.33,7.16,7.28,3610570,26155508.000
2010-05-31,7.30,7.30,7.03,7.06,2337914,16737808.000
2010-06-01,7.01,7.19,6.93,7.17,3886436,27371704.000
2010-06-02,7.23,7.55,7.14,7.52,5937403,43867648.000
2010-06-03,7.40,7.62,7.35,7.57,4505933,33670756.000
2010-06-04,7.52,7.97,7.46,7.62,9152686,70047752.000
2010-06-07,7.45,7.45,7.03,7.14,4532509,32872270.000
2010-06-08,7.09,7.24,7.00,7.18,2079416,14854016.000
2010-06-09,7.18,7.35,7.12,7.33,2693482,19478604.000
2010-06-10,7.30,7.37,7.22,7.27,1994021,14549067.000
2010-06-11,7.27,7.32,7.15,7.16,1634135,11798389.000
2010-06-17,7.22,7.26,7.15,7.21,1406532,10148110.000
2010-06-18,7.22,7.25,6.91,6.92,1893346,13464257.000
2010-06-21,6.93,7.13,6.76,7.10,1506833,10578987.000
2010-06-22,7.14,7.30,7.11,7.20,1956097,14105877.000
2010-06-23,7.20,7.36,7.16,7.25,2952627,21469052.000
2010-06-24,7.22,7.23,7.09,7.13,1878256,13427250.000
2010-06-25,7.12,7.16,6.99,7.02,1620727,11407321.000
2010-06-28,7.04,7.05,6.85,6.88,989725,6863082.000
2010-06-29,6.85,6.94,6.28,6.29,1851694,12131431.000
2010-06-30,6.29,6.30,6.03,6.10,1526348,9368530.000
2010-07-01,6.13,6.18,5.99,6.01,1333169,8101643.000
2010-07-02,6.03,6.08,5.75,6.06,1857590,11039238.000
2010-07-05,6.03,6.06,5.90,6.06,999246,5990271.000
2010-07-06,6.00,6.23,6.00,6.19,1398237,8589133.000
2010-07-07,6.18,6.27,6.15,6.26,1084631,6744927.000
2010-07-08,6.26,6.29,6.10,6.21,919623,5718192.000
2010-07-09,6.21,6.46,6.15,6.42,2180350,13843322.000
2010-07-12,6.40,6.54,6.36,6.53,1985956,12825924.000
2010-07-13,6.48,6.48,6.30,6.38,1375987,8787848.000
2010-07-14,6.40,6.51,6.38,6.48,1897953,12259781.000
2010-07-15,6.40,6.48,6.29,6.31,1853545,11865363.000
2010-07-16,6.30,6.32,6.17,6.29,1082248,6776387.000
2010-07-19,6.20,6.43,6.20,6.41,2028263,12898398.000
2010-07-20,6.41,6.69,6.41,6.59,2872166,18808308.000
2010-07-21,6.55,7.15,6.55,6.94,8122506,55799420.000
2010-07-22,6.80,7.26,6.80,7.21,6265314,43929436.000
2010-07-23,7.10,7.43,7.00,7.24,4761302,33987276.000
2010-07-26,7.18,7.37,7.09,7.34,4015687,29061456.000
2010-07-27,7.35,7.55,7.10,7.16,10653956,77517160.000
2010-07-28,7.10,7.27,7.05,7.26,4979367,35912848.000
2010-07-29,7.26,7.66,7.22,7.36,7560074,55979044.000
2010-07-30,7.26,7.37,7.19,7.25,2995096,21757812.000
2010-08-02,7.25,7.36,7.20,7.33,2614033,19106524.000
2010-08-03,7.37,7.54,7.28,7.33,4645896,34466576.000
2010-08-04,7.32,7.46,7.24,7.43,3570119,26223632.000
2010-08-05,7.49,7.60,7.40,7.45,6321361,47341844.000
2010-08-06,7.45,7.52,7.30,7.50,3997409,29722404.000
2010-08-09,7.49,7.63,7.42,7.57,4365461,32968580.000
2010-08-10,7.59,7.72,7.20,7.25,4764838,35886164.000
2010-08-11,7.22,7.39,7.22,7.29,2209469,16098973.000
2010-08-12,7.20,7.34,7.15,7.16,2529775,18296564.000
2010-08-13,7.15,7.30,7.15,7.24,1879921,13593423.000
2010-08-16,7.25,7.41,7.24,7.38,2843016,20915818.000
2010-08-17,7.35,7.57,7.35,7.54,3534083,26466760.000
2010-08-18,7.54,7.58,7.45,7.55,3538228,26658464.000
2010-08-19,7.54,7.66,7.52,7.56,3555024,26985082.000
2010-08-20,7.55,7.78,7.51,7.63,6963532,53298816.000
2010-08-23,7.63,7.92,7.63,7.80,7196475,56198480.000
2010-08-24,7.82,8.43,7.81,8.20,12100248,98178944.000
2010-08-25,8.24,8.28,7.88,7.91,6878926,55151768.000
2010-08-26,7.92,8.08,7.81,7.89,4133445,32771324.000
2010-08-27,7.90,7.95,7.76,7.89,2989921,23489890.000
2010-08-30,7.91,8.22,7.89,8.08,3891271,31441538.000
2010-08-31,7.98,8.05,7.88,7.97,3708481,29453684.000
2010-09-01,7.93,8.09,7.71,7.83,3767099,29717108.000
2010-09-02,7.87,7.96,7.78,7.90,3450699,27186256.000
2010-09-03,7.98,8.00,7.79,7.99,3367329,26627678.000
2010-09-06,8.07,8.32,8.07,8.17,5558674,45559520.000
2010-09-07,8.18,8.32,8.05,8.32,4623424,37970388.000
2010-09-08,8.26,8.40,8.15,8.28,4189638,34682080.000
2010-09-09,8.26,8.33,8.08,8.09,4347911,35679784.000
2010-09-10,8.08,8.20,8.01,8.19,2747883,22299884.000
2010-09-13,8.30,8.93,8.17,8.86,8343728,71270616.000
2010-09-14,8.72,9.14,8.58,9.09,11535797,102650832.000
2010-09-15,9.00,10.00,8.78,9.06,13679215,124475960.000
2010-09-16,8.68,9.30,8.53,8.70,9443418,82906536.000
2010-09-17,8.68,8.96,8.35,8.41,4873204,41724592.000
2010-09-20,8.41,8.45,8.05,8.07,3749979,30698024.000
2010-09-21,8.06,8.23,8.06,8.11,1710249,13918626.000
2010-09-27,8.28,8.32,8.15,8.32,2025074,16727451.000
2010-09-28,8.34,8.41,8.10,8.22,3184173,26210778.000
2010-09-29,8.19,8.24,7.90,7.92,3566883,28659850.000
2010-09-30,7.90,8.07,7.86,8.06,1732507,13883619.000
2010-10-08,8.09,8.43,8.09,8.36,3548757,29528624.000
2010-10-11,8.42,8.55,8.28,8.45,4840605,40727488.000
2010-10-12,8.48,8.48,8.30,8.38,4430496,37114104.000
2010-10-13,8.60,9.00,8.52,8.54,8105802,70668408.000
2010-10-14,8.45,8.53,8.14,8.17,5330912,44229272.000
2010-10-15,8.15,8.27,8.10,8.14,2998574,24540134.000
2010-10-18,8.14,8.18,7.88,7.99,3533067,28205580.000
2010-10-19,8.00,8.26,8.00,8.24,2423345,19723466.000
2010-10-20,8.08,8.32,8.01,8.16,2570551,21021132.000
2010-10-21,8.24,8.26,8.11,8.26,2310746,18911490.000
2010-10-22,8.29,8.40,8.18,8.36,3632976,30230382.000
2010-10-25,8.41,8.56,8.39,8.52,5055941,42956280.000
2010-10-26,8.50,8.59,8.40,8.58,4826271,41048920.000
2010-10-27,8.55,8.65,8.51,8.57,6232979,53548096.000
2010-10-28,8.52,9.00,8.52,8.97,12230320,107246936.000
2010-10-29,8.96,9.09,8.78,8.97,12272154,109567232.000
2010-11-01,8.95,9.34,8.80,9.25,18480840,168217232.000
2010-11-02,9.25,9.54,8.97,9.17,13597786,125409264.000
2010-11-03,9.25,9.28,8.70,8.82,8627080,77809968.000
2010-11-04,8.80,8.99,8.68,8.87,5625174,49527056.000
2010-11-05,8.97,8.97,8.74,8.90,5709527,50458580.000
2010-11-08,8.90,9.22,8.90,9.15,7799962,71068552.000
2010-11-09,9.15,9.36,8.93,9.31,10731453,98328888.000
2010-11-10,9.30,9.49,9.15,9.43,10752450,100533696.000
2010-11-11,9.31,9.50,9.10,9.39,8481812,79407640.000
2010-11-12,9.35,9.44,8.70,8.92,11651755,106231968.000
2010-11-15,8.90,9.20,8.61,8.85,6676314,58587476.000
2010-11-16,8.81,8.99,8.36,8.54,5601478,49180412.000
2010-11-17,8.45,8.62,8.13,8.22,4269676,35578216.000
2010-11-18,8.29,8.40,8.09,8.30,2420171,19953876.000
2010-11-19,8.38,8.43,8.19,8.40,2680552,22224648.000
2010-11-22,8.35,8.66,8.33,8.52,3885461,33076358.000
2010-11-23,8.54,8.54,8.15,8.40,2686349,22403326.000
2010-11-24,8.23,8.63,8.23,8.56,2548876,21644672.000
2010-11-25,8.63,9.00,8.55,8.89,6491591,57380048.000
2010-11-26,8.81,8.95,8.70,8.91,3995247,35138408.000
2010-11-30,9.00,9.22,8.48,8.76,8009418,71436272.000
2010-12-01,8.80,9.60,8.80,9.19,12195899,113278024.000
2010-12-02,9.14,9.30,9.04,9.24,7814699,71784840.000
2010-12-03,9.23,9.23,8.82,8.96,5001175,44869504.000
2010-12-06,9.01,9.02,8.60,8.79,3039353,26861680.000
2010-12-07,8.65,9.18,8.59,9.17,5065525,45438164.000
2010-12-08,9.18,9.34,8.97,9.02,5116657,46696064.000
2010-12-09,8.97,9.04,8.60,8.65,3539282,31332886.000
2010-12-10,8.62,8.96,8.30,8.93,3091063,27088376.000
2010-12-13,8.96,9.27,8.88,9.16,5731426,52441256.000
2010-12-14,9.20,9.97,9.13,9.74,19491534,187126384.000
2010-12-15,9.56,9.70,9.29,9.38,10656945,100798608.000
2010-12-16,9.40,9.55,9.32,9.37,5260808,49457828.000
2010-12-17,9.38,9.43,9.19,9.34,3677916,34265068.000
2010-12-20,9.36,9.40,8.83,9.02,5180731,47036080.000
2010-12-21,8.93,9.20,8.87,9.16,3613232,32806264.000
2010-12-22,9.18,9.18,8.91,8.94,3217652,29070756.000
2010-12-23,8.95,9.02,8.72,8.72,3518061,31173916.000
2010-12-24,8.71,8.72,8.45,8.57,2795890,23982440.000
2010-12-27,8.52,8.81,8.41,8.45,3218392,27767548.000
2010-12-28,8.40,8.50,8.20,8.21,2055617,17097102.000
2010-12-29,8.22,8.39,8.18,8.38,1461097,12109713.000
2010-12-30,8.31,8.46,8.29,8.44,1616159,13585272.000
2010-12-31,8.33,8.62,8.33,8.58,2522067,21441704.000
2011-01-04,8.56,8.75,8.56,8.59,3088371,26669236.000
2011-01-05,8.59,9.45,8.58,9.45,19366599,179805872.000
2011-01-07,9.55,9.85,9.38,9.68,27086069,260426576.000
2011-01-10,9.48,9.81,9.47,9.67,15262550,147369744.000
2011-01-11,9.62,9.70,9.31,9.59,9009532,85862464.000
2011-01-12,9.59,10.30,9.51,10.21,21742749,214304448.000
2011-01-13,10.48,10.48,9.72,9.83,19256837,193173920.000
2011-01-14,9.80,10.06,9.51,9.69,10608965,103687240.000
2011-01-17,9.56,9.80,8.87,8.92,8884847,82004960.000
2011-01-18,8.73,9.18,8.71,9.12,5069662,45758872.000
2011-01-19,9.17,9.38,9.00,9.34,6204244,57395144.000
2011-01-20,9.25,9.32,8.61,8.66,6987550,62613096.000
2011-01-21,8.58,9.02,8.58,8.87,4002602,35320368.000
2011-01-24,8.80,9.28,8.75,9.11,5930013,53939200.000
2011-01-25,9.25,9.25,8.70,8.81,4270576,38103236.000
2011-01-26,8.67,9.14,8.65,9.08,3770294,33925400.000
2011-01-27,9.00,9.54,8.90,9.46,7780542,72938448.000
2011-01-28,9.45,9.68,9.33,9.65,8279845,79115752.000
2011-01-31,9.72,9.86,9.59,9.78,6769780,65890324.000
2011-02-01,9.73,9.84,9.58,9.70,4865845,47070376.000
2011-02-09,9.54,10.17,9.42,10.09,10769767,106978488.000
2011-02-10,10.02,10.25,9.93,10.16,9965016,100607808.000
2011-02-11,10.25,10.65,10.12,10.19,14652591,152636208.000
2011-02-14,10.18,11.21,10.18,11.21,14801993,162545072.000
2011-02-15,11.80,12.33,11.63,12.33,24094119,294009056.000
2011-02-16,12.56,12.78,12.03,12.55,40445464,500776704.000
2011-02-17,12.28,12.35,11.78,12.11,25556116,307094592.000
2011-02-18,12.01,12.38,11.80,11.89,18180685,219544720.000
2011-02-21,11.74,12.05,11.60,11.97,12089909,143537920.000
2011-02-22,11.90,11.93,11.12,11.32,15601448,178797200.000
2011-02-23,11.12,11.39,11.09,11.35,7951131,89434688.000
2011-02-24,11.28,11.46,11.19,11.33,6493814,73567568.000
2011-02-25,11.36,11.96,11.25,11.75,14278261,165736256.000
2011-02-28,11.65,12.10,11.50,11.61,13614466,160593056.000
2011-03-01,11.69,11.95,11.54,11.90,11406795,134620976.000
2011-03-02,11.80,11.86,11.39,11.64,7947162,92469656.000
2011-03-03,11.74,12.20,11.58,11.75,10931678,130314920.000
2011-03-04,11.66,12.16,11.56,12.02,11358277,136087872.000
2011-03-07,12.00,13.20,12.00,12.39,20435157,256825440.000
2011-03-08,12.20,12.24,11.87,12.19,9954984,119960976.000
2011-03-09,12.15,12.78,12.05,12.31,11367874,141615072.000
2011-03-10,12.16,12.79,12.06,12.72,15468152,194356368.000
2011-03-11,12.61,12.80,12.38,12.66,10600814,133552608.000
2011-03-14,12.70,13.93,12.70,13.93,12401060,169742960.000
2011-03-15,14.37,14.37,13.01,13.49,25701219,350049472.000
2011-03-16,13.25,13.55,12.89,13.33,13054756,172479552.000
2011-03-17,13.11,13.23,12.64,12.72,10623349,137731952.000
2011-03-18,12.74,13.01,12.60,12.69,7062409,90199768.000
2011-03-21,12.63,12.80,12.40,12.62,5633162,71009712.000
2011-03-22,12.72,13.30,12.61,13.14,10955017,142928704.000
2011-03-23,13.01,13.35,12.91,13.22,8036995,106012792.000
2011-03-24,13.25,13.63,13.00,13.47,9588097,127476016.000
2011-03-25,13.40,13.94,13.30,13.50,12205431,166626032.000
2011-03-28,13.52,13.53,12.85,12.98,10585844,139646144.000
2011-03-29,12.96,12.97,12.50,12.64,7131651,90391768.000
2011-03-30,12.59,12.91,12.54,12.78,4426212,56567664.000
2011-03-31,12.71,12.73,11.97,11.99,7336540,89571736.000
2011-04-01,12.00,12.22,11.71,12.21,4174541,49925048.000
2011-04-06,12.18,12.29,12.03,12.22,3195348,38914936.000
2011-04-07,12.22,13.10,12.22,12.86,8568146,109540280.000
2011-04-08,12.87,12.88,12.48,12.70,5040995,63657732.000
2011-04-11,12.58,12.77,12.41,12.59,4233331,53274172.000
2011-04-12,12.50,12.70,12.38,12.54,3224181,40416856.000
2011-04-13,12.53,12.53,12.03,12.33,2962410,36319476.000
2011-04-14,12.33,12.40,12.03,12.06,3919548,47598896.000
2011-04-15,12.01,12.21,11.93,12.19,3018043,36466184.000
2011-04-18,12.18,12.18,12.01,12.08,2905058,35106256.000
2011-04-19,11.91,12.09,11.63,11.69,5289881,62345076.000
2011-04-20,11.70,12.07,11.70,11.85,2980219,35510864.000
2011-04-21,11.82,12.39,11.82,12.26,4639627,56573664.000
2011-04-22,12.26,12.35,11.94,11.97,2970367,35836092.000
2011-04-25,11.90,11.90,11.32,11.40,3087902,35715484.000
2011-04-26,11.39,11.39,10.80,11.09,2935001,32517458.000
2011-04-27,11.12,11.43,11.05,11.13,2343195,26368686.000
2011-04-28,11.16,11.72,11.10,11.15,4524467,51578568.000
2011-04-29,11.15,11.39,10.95,11.37,1887136,21221276.000
2011-05-03,11.45,11.64,11.35,11.59,2228151,25651232.000
2011-05-04,11.60,11.64,11.08,11.19,2143326,24345756.000
2011-05-05,11.08,11.26,10.98,11.15,1797277,19978530.000
2011-05-06,11.05,11.12,10.78,11.03,1573744,17265108.000
2011-05-09,11.05,11.41,11.05,11.23,1740655,19500868.000
2011-05-11,11.30,11.62,11.28,11.54,3624412,41657152.000
2011-05-12,11.41,11.65,11.30,11.37,2834314,32629680.000
2011-05-13,11.32,11.46,10.97,11.26,2632489,29517480.000
2011-05-16,11.28,11.76,11.28,11.47,3792551,44029932.000
2011-05-17,11.56,12.25,11.55,11.97,7082784,84561024.000
2011-05-18,11.58,11.95,11.58,11.82,3273117,38625468.000
2011-05-19,11.90,11.94,11.62,11.64,2367110,27770702.000
2011-05-20,11.66,11.70,11.28,11.30,2546135,28927544.000
2011-05-23,11.25,11.32,10.86,10.87,2860248,31496450.000
2011-05-24,10.70,10.93,10.62,10.88,1882647,20257836.000
2011-05-25,10.92,10.93,10.37,10.40,2820097,29795274.000
2011-05-26,10.40,10.58,10.15,10.16,1629370,16849910.000
2011-05-27,10.12,10.20,9.61,9.62,2338708,23060450.000
2011-05-30,9.49,9.80,9.43,9.57,1986407,19148988.000
2011-05-31,9.53,9.87,9.53,9.83,1489778,14502356.000
2011-06-01,9.86,9.99,9.73,9.95,1315474,13039490.000
2011-06-02,9.78,9.89,9.56,9.72,1935955,18847990.000
2011-06-03,9.73,9.95,9.62,9.89,1791098,17660442.000
2011-06-07,9.89,9.95,9.78,9.87,1848352,18237308.000
2011-06-08,9.95,9.95,9.56,9.86,3118858,30279272.000
2011-06-09,9.75,9.89,9.55,9.82,4108335,39939568.000
2011-06-10,9.76,9.76,9.38,9.51,4124589,39406884.000
2011-06-13,9.41,9.50,8.98,9.27,3259643,29860054.000
2011-06-14,9.24,10.20,9.12,10.20,14238405,140242064.000
2011-06-15,10.00,10.29,9.81,9.84,10227378,102548040.000
2011-06-16,9.66,10.06,9.50,9.61,6138267,60471400.000
2011-06-17,9.51,9.96,9.38,9.68,5447682,52747516.000
2011-06-20,9.28,9.65,9.28,9.37,3507723,33001624.000
2011-06-21,9.46,10.31,9.46,10.31,6595389,67164536.000
2011-06-22,10.82,11.34,10.60,11.34,23173433,252354000.000
2011-06-23,11.63,12.47,11.24,12.47,32120395,380679424.000
2011-06-24,13.59,13.72,12.55,13.72,61846219,836994688.000
2011-06-27,13.50,14.85,13.35,14.25,48882026,683632384.000
2011-06-30,13.54,13.54,13.54,13.54,799300,10822522.000
2011-07-01,12.86,12.86,12.86,12.86,1395700,17948702.000
2011-07-04,12.22,12.69,12.22,12.40,72100347,886897152.000
2011-07-06,12.20,12.31,11.96,12.09,37243644,451899872.000
2011-07-07,12.09,12.33,12.00,12.08,34986902,424487584.000
2011-07-08,12.00,12.21,11.83,11.94,22282046,266820096.000
2011-07-11,11.92,12.13,11.90,11.95,17560060,210569936.000
2011-07-12,11.85,11.89,11.35,11.35,27692189,319033504.000
2011-07-13,11.29,11.48,11.20,11.47,22597026,257151552.000
2011-07-14,11.41,11.58,11.36,11.55,18377188,210865408.000
2011-07-15,11.47,11.84,11.30,11.44,27438024,317188832.000
2011-07-18,11.35,11.36,10.96,11.03,21637233,241160288.000
2011-07-19,11.03,11.22,10.93,11.20,13939284,155226240.000
2011-07-20,11.25,11.30,10.95,11.06,10162253,113051896.000
2011-07-21,11.08,11.59,11.01,11.24,21260434,240681456.000
2011-07-22,11.20,11.25,10.95,11.10,11098032,123071976.000
2011-07-25,11.00,11.05,10.55,10.55,16791276,178620288.000
2011-07-26,10.31,10.40,10.05,10.13,14061013,142823776.000
2011-07-27,10.16,10.25,10.10,10.23,7426758,75750672.000
2011-07-28,10.12,10.15,9.89,9.96,9045713,90433904.000
2011-07-29,9.96,10.11,9.95,9.99,5748171,57633584.000
2011-08-01,9.92,10.06,9.86,10.01,5435933,54096500.000
2011-08-02,9.91,10.17,9.89,10.15,8731235,87777088.000
2011-08-03,10.05,10.15,10.00,10.14,6729593,67915608.000
2011-08-04,10.11,10.34,10.09,10.18,10342558,105575608.000
2011-08-05,9.70,9.83,9.67,9.67,10624650,103121080.000
2011-08-08,9.45,9.55,9.19,9.19,6461260,60288916.000
2011-08-09,8.74,8.97,8.73,8.85,11513327,101301192.000
2011-08-10,9.00,9.16,8.90,8.91,7386384,66767056.000
2011-08-11,8.75,9.08,8.70,9.01,6586086,58633772.000
2011-08-12,9.05,9.40,8.98,9.15,8712507,80011576.000
2011-08-15,9.13,9.36,9.10,9.30,7935830,73157976.000
2011-08-16,9.29,9.43,9.22,9.25,7497619,69783112.000
2011-08-17,9.22,9.33,9.14,9.28,5273411,48673840.000
2011-08-18,9.27,9.40,9.19,9.30,9227683,85741088.000
2011-08-19,9.12,9.43,9.12,9.21,7920066,73555064.000
2011-08-22,9.26,9.29,9.02,9.13,7252678,66534832.000
2011-08-23,9.16,9.25,9.10,9.23,7087232,65025852.000
2011-08-24,9.20,9.25,9.05,9.06,5284185,48303200.000
2011-08-25,9.05,9.35,8.93,9.25,9755987,88932832.000
2011-08-26,9.24,9.43,9.16,9.20,7617155,70427384.000
2011-08-29,9.14,9.21,9.06,9.12,3976215,36209628.000
2011-08-30,9.15,9.16,8.94,8.95,6412969,58264868.000
2011-08-31,8.91,8.94,8.50,8.51,11686658,100614984.000
2011-09-01,8.50,8.59,8.41,8.52,5535261,47072316.000
2011-09-02,8.46,8.51,8.28,8.32,3675297,30739350.000
2011-09-05,8.24,8.24,8.10,8.12,3393045,27651404.000
2011-09-06,8.03,8.21,8.03,8.16,2616827,21236544.000
2011-09-07,8.15,8.57,8.15,8.57,9415308,79150984.000
2011-09-08,8.64,8.65,8.27,8.32,6807131,57409672.000
2011-09-09,8.30,8.35,8.11,8.16,4246163,34884676.000
2011-09-13,8.00,8.13,7.75,7.98,6734558,53107080.000
2011-09-14,7.95,8.03,7.80,7.99,3529704,27924584.000
2011-09-15,7.95,8.10,7.94,7.98,3061893,24586778.000
2011-09-16,8.03,8.11,7.94,8.03,3246860,26096036.000
2011-09-19,7.95,8.37,7.85,8.20,7201136,58748112.000
2011-09-20,8.17,8.33,8.10,8.24,5261987,43296436.000
2011-09-21,8.24,8.44,8.22,8.37,7300701,60944472.000
2011-09-22,8.29,8.41,8.01,8.03,5652447,46618568.000
2011-09-23,7.92,8.30,7.85,8.27,6191004,50370768.000
2011-09-26,8.28,8.28,7.86,7.86,5022018,40353860.000
2011-09-27,7.86,7.90,7.48,7.66,5764205,44378672.000
2011-09-28,7.70,7.70,7.39,7.46,2736956,20692506.000
2011-09-29,7.42,7.49,7.09,7.09,3920460,28149752.000
2011-09-30,7.11,7.12,6.85,6.98,3587504,25001082.000
2011-10-10,6.98,7.09,6.95,6.96,1658484,11631464.000
2011-10-11,7.11,7.25,6.95,7.01,3293161,23355512.000
2011-10-12,7.04,7.25,6.91,7.21,3683818,26357134.000
2011-10-13,7.19,7.29,7.15,7.26,4130321,29886064.000
2011-10-14,7.21,7.30,7.15,7.20,2587925,18683152.000
2011-10-17,7.20,7.35,7.19,7.23,2766171,20059570.000
2011-10-18,7.18,7.25,6.87,6.87,4529559,31807032.000
2011-10-19,6.88,6.95,6.73,6.79,2687497,18279050.000
2011-10-20,6.78,6.78,6.45,6.45,3083144,20221636.000
2011-10-21,6.45,6.49,6.34,6.37,2105509,13476458.000
2011-10-24,6.43,6.53,6.36,6.51,2053565,13260305.000
2011-10-25,6.51,6.65,6.45,6.61,3109898,20429192.000
2011-10-26,6.56,6.94,6.53,6.78,9551588,65352984.000
2011-10-27,6.75,6.77,6.64,6.67,5403702,36197408.000
2011-10-28,6.74,6.79,6.67,6.78,3776310,25456960.000
2011-10-31,6.77,6.81,6.70,6.78,3102724,20948620.000
2011-11-01,6.73,6.84,6.67,6.79,3497974,23663448.000
2011-11-02,6.70,6.93,6.66,6.90,4152522,28171750.000
2011-11-03,6.91,7.04,6.86,6.99,6523466,45319312.000
2011-11-04,7.00,7.05,6.91,7.00,4300854,30004948.000
2011-11-07,7.00,7.05,6.92,6.93,2785646,19455608.000
2011-11-09,6.93,6.96,6.68,6.87,4958189,33801112.000
2011-11-10,6.78,6.86,6.71,6.77,3430918,23232916.000
2011-11-11,6.76,6.84,6.70,6.76,2298482,15551707.000
2011-11-14,6.79,6.97,6.78,6.94,4397426,30332872.000
2011-11-15,6.97,7.09,6.92,7.08,5091300,35731036.000
2011-11-16,7.10,7.10,6.73,6.80,4889620,33762448.000
2011-11-17,6.86,6.89,6.77,6.82,2595240,17737458.000
2011-11-18,6.78,6.80,6.57,6.59,3048423,20349268.000
2011-11-21,6.60,6.60,6.48,6.55,1927539,12602888.000
2011-11-22,6.50,6.64,6.38,6.62,3197989,20892452.000
2011-11-23,6.62,6.65,6.52,6.56,1248800,8223871.000
2011-11-24,6.55,6.57,6.47,6.51,1367690,8905055.000
2011-11-25,6.50,6.62,6.49,6.50,1573634,10295507.000
2011-11-28,6.58,6.59,6.43,6.45,1191588,7742201.000
2011-11-29,6.50,6.55,6.40,6.48,2075181,13396938.000
2011-11-30,6.49,6.49,6.16,6.16,2642833,16528385.000
2011-12-01,6.25,6.40,6.15,6.22,4123920,25796738.000
2011-12-02,6.17,6.21,5.91,5.91,5279228,31499552.000
2011-12-05,5.85,5.85,5.61,5.61,4412226,25132384.000
2011-12-06,5.60,5.62,5.40,5.50,3970754,21803916.000
2011-12-07,5.49,5.54,5.43,5.49,2043320,11202428.000
2011-12-08,5.48,5.65,5.40,5.57,3999353,22197612.000
2011-12-09,5.49,5.55,5.44,5.45,1448828,7979934.000
2011-12-12,5.46,5.50,5.31,5.32,1647435,8906843.000
2011-12-13,5.29,5.30,5.05,5.05,5734159,29199104.000
2011-12-14,5.01,5.10,4.92,4.97,1790475,8979849.000
2011-12-15,4.98,4.98,4.72,4.72,3329618,15962050.000
2011-12-16,4.67,4.82,4.65,4.82,2742497,13024728.000
2011-12-19,4.76,4.85,4.67,4.83,1954267,9313413.000
2011-12-20,4.81,5.07,4.78,5.02,6310167,31416110.000
2011-12-21,4.99,5.05,4.77,4.77,4840922,23800216.000
2011-12-22,4.70,4.71,4.53,4.56,5061635,22990022.000
2011-12-23,4.56,4.79,4.48,4.77,7204029,33999920.000
2011-12-26,4.69,4.76,4.57,4.58,4608601,21512142.000
2011-12-27,4.53,4.57,4.35,4.35,3602904,16034300.000
2011-12-28,4.28,4.34,4.18,4.31,3544013,15074684.000
2011-12-29,4.28,4.36,4.25,4.30,2160667,9324628.000
2011-12-30,4.32,4.43,4.31,4.40,2461368,10781593.000
2012-01-04,4.42,4.46,4.22,4.23,2352898,10251620.000
2012-01-05,4.18,4.21,4.02,4.02,2404650,9829779.000
2012-01-06,4.00,4.11,3.95,4.09,1839378,7413938.000
2012-01-09,4.07,4.29,4.03,4.29,3393299,14353306.000
2012-01-10,4.29,4.49,4.26,4.47,5240977,23182352.000
2012-01-11,4.45,4.55,4.38,4.50,4410654,19610546.000
2012-01-12,4.52,4.73,4.49,4.70,6605311,30709160.000
2012-01-13,4.69,4.73,4.47,4.47,4400723,19986008.000
2012-01-16,4.38,4.51,4.36,4.40,2316108,10265372.000
2012-01-17,4.38,4.62,4.37,4.61,3278552,14872246.000
2012-01-18,4.62,4.78,4.55,4.69,4127942,19216026.000
2012-01-19,4.62,4.71,4.58,4.65,2264752,10537052.000
2012-01-20,4.68,4.78,4.66,4.75,1922352,9070293.000
2012-01-30,4.80,4.84,4.69,4.73,2533701,12076324.000
2012-01-31,4.73,4.97,4.67,4.97,6511051,31983830.000
2012-02-01,4.97,5.17,4.79,4.80,8088079,40605716.000
2012-02-02,4.80,4.84,4.67,4.83,4854296,23035360.000
2012-02-06,5.01,5.07,5.01,5.07,2347025,11878677.000
2012-02-07,5.32,5.32,5.10,5.32,15724659,82593952.000
2012-02-08,5.25,5.45,5.05,5.34,12278591,64779628.000
2012-02-09,5.26,5.37,5.21,5.27,5957962,31562880.000
2012-02-10,5.27,5.50,5.22,5.35,7370716,39709896.000
2012-02-13,5.30,5.47,5.27,5.44,5020518,27150260.000
2012-02-14,5.45,5.71,5.41,5.71,7683668,42982360.000
2012-02-15,5.76,5.98,5.74,5.85,12307473,72108776.000
2012-02-16,5.76,5.82,5.57,5.67,8935359,50778504.000
2012-02-17,5.62,5.72,5.49,5.53,6037982,33612736.000
2012-02-20,5.60,5.69,5.53,5.59,4391758,24615798.000
2012-02-21,5.62,5.75,5.57,5.64,5773247,32563890.000
2012-02-22,5.64,5.67,5.55,5.66,5206915,29219496.000
2012-02-23,5.62,5.70,5.50,5.58,4998530,27980654.000
2012-02-24,5.57,5.79,5.55,5.67,7724222,43753704.000
2012-02-27,5.68,5.72,5.63,5.64,6603660,37497448.000
2012-02-28,5.62,5.65,5.48,5.54,4188197,23278342.000
2012-02-29,5.50,5.55,5.45,5.46,2713309,14883464.000
2012-03-01,5.45,5.51,5.41,5.50,2570173,14085538.000
2012-03-02,5.50,5.70,5.50,5.66,3870351,21735816.000
2012-03-05,5.70,5.75,5.60,5.71,5380864,30507806.000
2012-03-06,5.67,5.70,5.60,5.62,2797988,15799221.000
2012-03-07,5.61,5.67,5.54,5.56,2393001,13406907.000
2012-03-08,5.56,5.66,5.56,5.61,2197233,12336272.000
2012-03-09,5.63,5.69,5.60,5.69,3107609,17595984.000
2012-03-12,5.69,5.79,5.66,5.72,3105410,17757440.000
2012-03-13,5.71,5.77,5.68,5.73,3487748,19913768.000
2012-03-14,5.75,5.76,5.44,5.44,5376431,30100268.000
2012-03-15,5.38,5.40,5.17,5.17,4898926,25592784.000
2012-03-16,5.12,5.27,5.11,5.25,2933199,15286357.000
2012-03-19,5.24,5.28,5.19,5.27,2115278,11074886.000
2012-03-20,5.27,5.29,5.13,5.16,2336261,12132642.000
2012-03-21,5.16,5.20,5.09,5.16,2010911,10320331.000
2012-03-22,5.14,5.16,5.08,5.13,1448729,7413758.000
2012-03-23,5.14,5.24,5.03,5.15,2786498,14326169.000
2012-03-26,5.12,5.18,5.10,5.16,1240338,6363637.000
2012-03-27,5.18,5.20,5.11,5.16,1572431,8109349.000
2012-03-28,5.16,5.16,4.90,4.90,2080261,10266242.000
2012-03-29,4.75,4.79,4.66,4.66,2961631,13861904.000
2012-03-30,4.70,4.70,4.56,4.60,2078149,9610878.000
2012-04-05,4.60,4.83,4.60,4.81,2207521,10517915.000
2012-04-06,4.80,4.88,4.75,4.83,1592111,7669155.000
2012-04-09,4.82,4.94,4.74,4.84,2114546,10302597.000
2012-04-10,4.84,4.87,4.65,4.86,1695439,8071772.000
2012-04-11,4.80,4.99,4.76,4.95,2149133,10568971.000
2012-04-12,4.96,5.08,4.93,5.08,2540817,12780730.000
2012-04-13,5.10,5.15,5.05,5.07,2229392,11324211.000
2012-04-16,5.05,5.18,5.01,5.14,2072065,10587697.000
2012-04-17,5.12,5.17,5.05,5.07,2046410,10450151.000
2012-04-18,5.10,5.19,5.07,5.18,2445710,12559516.000
2012-04-19,5.13,5.20,5.13,5.19,1985503,10263915.000
2012-04-20,5.18,5.34,5.16,5.30,2783342,14638130.000
2012-04-23,5.27,5.46,5.25,5.30,4578014,24566630.000
2012-04-24,5.28,5.37,5.05,5.24,4864777,25382040.000
2012-04-25,5.20,5.31,5.14,5.27,2820434,14747235.000
2012-04-26,5.26,5.30,5.20,5.25,2173666,11392798.000
2012-04-27,5.25,5.27,5.15,5.17,1274144,6624719.000
2012-05-02,4.91,5.09,4.91,4.91,6081079,29997980.000
2012-05-03,4.88,4.94,4.86,4.93,2310793,11322002.000
2012-05-04,4.92,5.17,4.92,5.11,3740870,18928416.000
2012-05-07,5.09,5.17,5.08,5.15,1639977,8419158.000
2012-05-08,5.13,5.19,5.09,5.18,1660641,8529517.000
2012-05-09,5.18,5.19,5.07,5.10,1627380,8316732.000
2012-05-10,5.13,5.25,5.10,5.19,1855045,9626094.000
2012-05-11,5.19,5.28,5.16,5.24,2504322,13124733.000
2012-05-14,5.27,5.36,5.21,5.25,3003013,15930398.000
2012-05-15,5.20,5.20,5.04,5.16,2253111,11527001.000
2012-05-16,5.15,5.18,5.09,5.11,1174622,6024990.000
2012-05-17,5.09,5.16,5.09,5.15,1655621,8495078.000
2012-05-18,5.14,5.24,5.12,5.14,1831674,9480644.000
2012-05-22,5.14,5.34,5.14,5.30,3214178,16934328.000
2012-05-23,5.28,5.41,5.24,5.41,4194680,22376622.000
2012-05-24,5.43,5.64,5.39,5.39,6365032,35073340.000
2012-05-25,5.37,5.46,5.21,5.25,3661050,19589124.000
2012-05-28,5.25,5.51,5.22,5.51,5018526,27249964.000
2012-05-29,5.71,5.79,5.57,5.64,12045548,68646824.000
2012-05-30,5.62,5.78,5.49,5.65,6486010,36753940.000
2012-05-31,5.55,5.75,5.55,5.60,3083070,17462960.000
2012-06-01,5.60,5.68,5.54,5.63,2131638,11989027.000
2012-06-04,5.53,5.54,5.35,5.35,4108700,22167220.000
2012-06-05,5.34,5.37,5.16,5.20,3258672,17034002.000
2012-06-06,5.18,5.25,5.15,5.19,1720300,8928539.000
2012-06-07,5.23,5.34,5.21,5.24,2114871,11127239.000
2012-06-08,5.31,5.31,5.16,5.18,1665481,8720404.000
2012-06-11,5.17,5.23,5.03,5.17,2117413,10837290.000
2012-06-12,5.14,5.20,5.08,5.16,1194086,6126964.000
2012-06-13,5.18,5.30,5.14,5.28,1711501,8979504.000
2012-06-14,5.28,5.31,5.14,5.18,1596880,8359845.000
2012-06-15,5.21,5.24,5.13,5.18,1206454,6247143.000
2012-06-18,5.20,5.30,5.20,5.25,1406791,7398597.000
2012-06-19,5.26,5.36,5.23,5.30,2062357,10928093.000
2012-06-20,5.30,5.33,5.16,5.23,1088465,5712508.000
2012-06-21,5.25,5.25,5.10,5.13,1467559,7537123.000
2012-06-25,5.11,5.13,4.87,4.89,1253122,6297535.000
2012-06-26,4.85,4.98,4.83,4.94,803898,3930280.000
2012-06-27,4.98,5.04,4.92,4.93,1042666,5199414.000
2012-06-28,4.95,5.05,4.81,4.83,1019247,5035100.000
2012-06-29,4.80,5.00,4.80,4.92,889719,4335922.000
2012-07-02,4.95,4.99,4.92,4.96,710060,3516199.000
2012-07-03,4.95,5.00,4.94,4.98,676488,3364981.000
2012-07-04,5.02,5.02,4.89,4.91,655927,3231701.000
2012-07-05,4.91,4.91,4.68,4.79,1559561,7414434.000
2012-07-06,4.80,5.01,4.80,4.97,1719097,8450448.000
2012-07-09,4.96,4.96,4.78,4.79,895700,4346799.000
2012-07-10,4.82,4.84,4.67,4.73,774219,3662340.000
2012-07-11,4.70,4.88,4.70,4.78,800966,3843965.000
2012-07-12,4.72,4.84,4.70,4.81,870735,4174878.000
2012-07-13,4.82,4.91,4.76,4.81,937905,4557467.000
2012-07-16,4.78,4.85,4.63,4.63,1419100,6704585.000
2012-07-17,4.66,4.66,4.52,4.66,691351,3183403.000
2012-07-18,4.66,4.69,4.61,4.69,691400,3213873.000
2012-07-19,4.68,4.85,4.67,4.81,1630538,7821367.000
2012-07-20,4.79,4.84,4.75,4.78,931900,4461383.000
2012-07-23,4.75,4.79,4.71,4.75,827096,3929509.000
2012-07-24,4.70,4.80,4.68,4.78,594803,2831812.000
2012-07-25,4.78,4.79,4.73,4.74,572115,2721343.000
2012-07-26,4.74,4.80,4.70,4.72,584191,2774487.000
2012-07-27,4.74,4.74,4.62,4.65,697269,3269414.000
2012-07-30,4.42,4.42,4.42,4.42,296800,1311856.000
2012-07-31,4.20,4.20,4.20,4.20,219800,923160.000
2012-08-01,3.99,4.11,3.99,3.99,6942560,27811700.000
2012-08-02,3.99,4.03,3.81,3.88,3437692,13380949.000
2012-08-03,3.90,4.00,3.85,3.99,2028134,8001167.000
2012-08-06,3.99,4.13,3.99,4.11,2683216,10900267.000
2012-08-07,4.15,4.17,4.08,4.14,1994305,8230440.000
2012-08-08,4.14,4.20,4.10,4.11,1608521,6662114.000
2012-08-09,4.11,4.20,4.09,4.18,1671851,6952373.000
2012-08-10,4.18,4.19,4.08,4.10,2288186,9442186.000
2012-08-13,4.08,4.13,3.92,3.96,1932707,7764823.000
2012-08-14,3.97,4.01,3.88,4.00,1940992,7644778.000
2012-08-15,3.98,4.03,3.92,3.95,940633,3747978.000
2012-08-16,3.95,4.06,3.91,4.02,1483001,5951513.000
2012-08-17,4.03,4.10,4.00,4.09,1730487,7021117.000
2012-08-20,4.06,4.18,4.01,4.17,2006299,8217487.000
2012-08-21,4.19,4.25,4.15,4.24,3237635,13615609.000
2012-08-22,4.25,4.33,4.10,4.28,4977386,21206232.000
2012-08-23,4.31,4.49,4.29,4.46,6780154,29820040.000
2012-08-24,4.43,4.43,4.24,4.24,5738366,24582840.000
2012-08-27,4.20,4.45,4.17,4.28,6154582,26815872.000
2012-08-28,4.19,4.38,4.17,4.32,3777689,16118203.000
2012-08-29,4.32,4.32,4.21,4.23,3129673,13303967.000
2012-08-30,4.21,4.27,4.02,4.09,3403330,14067780.000
2012-08-31,4.05,4.29,4.03,4.29,3030321,12749740.000
2012-09-03,4.25,4.36,4.21,4.28,2612881,11199322.000
2012-09-04,4.27,4.41,4.26,4.31,2580151,11196518.000
2012-09-05,4.34,4.34,4.25,4.33,1487823,6397870.000
2012-09-06,4.31,4.39,4.31,4.33,1629533,7066107.000
2012-09-07,4.35,4.55,4.35,4.52,7465657,33441694.000
2012-09-10,4.53,4.73,4.50,4.58,8095268,37474988.000
2012-09-11,4.56,4.56,4.42,4.46,4480333,19969184.000
2012-09-12,4.46,4.58,4.44,4.56,3569428,16099379.000
2012-09-13,4.56,4.56,4.42,4.43,2430478,10923211.000
2012-09-14,4.47,4.51,4.37,4.46,2569233,11422321.000
2012-09-17,4.47,4.47,4.27,4.27,2322688,10111808.000
2012-09-18,4.28,4.32,4.22,4.31,1084816,4647370.000
2012-09-19,4.32,4.39,4.31,4.35,1605332,6998628.000
2012-09-20,4.37,4.37,4.18,4.23,1731575,7427210.000
2012-09-21,4.20,4.27,4.12,4.15,1411576,5912782.000
2012-09-24,4.13,4.25,4.01,4.21,2342327,9673687.000
2012-09-25,4.20,4.28,4.15,4.17,1685562,7131563.000
2012-09-26,4.14,4.18,4.01,4.06,1130261,4631555.000
2012-09-27,4.08,4.26,4.04,4.25,2034404,8464752.000
2012-09-28,4.20,4.30,4.18,4.29,2555665,10900238.000
2012-10-08,4.26,4.31,4.23,4.30,1854060,7933841.000
2012-10-09,4.30,4.40,4.29,4.37,2543499,11071993.000
2012-10-10,4.36,4.48,4.33,4.45,2914597,12927347.000
2012-10-11,4.44,4.62,4.39,4.39,4489988,20229680.000
2012-10-12,4.40,4.53,4.37,4.48,2343383,10420377.000
2012-10-15,4.45,4.52,4.35,4.43,2202402,9745889.000
2012-10-16,4.42,4.61,4.38,4.60,3240308,14577909.000
2012-10-17,4.56,4.72,4.55,4.68,4808705,22322262.000
2012-10-18,4.67,4.91,4.63,4.89,6880511,33367064.000
2012-10-19,4.86,4.97,4.80,4.83,4665213,22736712.000
2012-10-22,4.79,5.07,4.75,5.06,6749421,33676456.000
2012-10-23,5.06,5.21,4.98,5.20,6497316,33031156.000
2012-10-24,5.17,5.25,5.14,5.20,4131896,21447332.000
2012-10-25,5.16,5.21,4.94,4.94,4531966,22839400.000
2012-10-26,4.89,4.94,4.71,4.80,4283500,20616984.000
2012-10-29,4.78,4.93,4.74,4.86,2041019,9962611.000
2012-10-30,4.86,4.92,4.78,4.79,1291765,6228007.000
2012-10-31,4.81,4.90,4.73,4.88,1444339,6945256.000
2012-11-01,4.90,5.00,4.85,4.94,2263488,11188410.000
2012-11-02,4.93,5.18,4.93,5.10,4124279,20998684.000
2012-11-05,5.10,5.16,5.03,5.07,1829626,9284760.000
2012-11-06,5.02,5.08,4.84,4.99,3260368,16091708.000
2012-11-07,4.96,5.02,4.91,4.94,1231497,6113779.000
2012-11-08,4.91,4.91,4.73,4.74,2444036,11763775.000
2012-11-09,4.73,4.89,4.73,4.82,1519226,7338215.000
2012-11-12,4.85,4.86,4.77,4.83,904530,4352772.000
2012-11-13,4.84,4.84,4.70,4.71,1069534,5107673.000
2012-11-14,4.75,4.75,4.50,4.66,1848600,8516709.000
2012-11-15,4.63,4.70,4.55,4.58,1452150,6711471.000
2012-11-16,4.63,4.63,4.51,4.54,995700,4524260.000
2012-11-19,4.56,4.61,4.50,4.60,1178350,5380955.000
2012-11-20,4.63,4.64,4.52,4.53,857399,3933530.000
2012-11-21,4.53,4.61,4.50,4.59,1314259,5992348.000
2012-11-22,4.57,4.82,4.55,4.82,1808120,8604053.000
2012-11-23,4.87,4.95,4.74,4.80,3999153,19382804.000
2012-11-26,4.78,4.80,4.70,4.70,1327100,6305243.000
2012-11-27,4.68,4.69,4.47,4.47,2705596,12205310.000
2012-11-28,4.42,4.42,4.25,4.30,1800475,7748540.000
2012-11-29,4.32,4.38,4.24,4.31,1028500,4451528.000
2012-11-30,4.27,4.47,4.27,4.38,1466655,6445314.000
2012-12-03,4.28,4.60,4.26,4.37,2632881,11610328.000
2012-12-04,4.31,4.48,4.24,4.41,2500408,10888422.000
2012-12-05,4.39,4.63,4.35,4.63,4734410,21697318.000
2012-12-06,4.59,4.66,4.58,4.61,2459539,11347866.000
2012-12-07,4.58,4.80,4.58,4.74,3642534,17243076.000
2012-12-10,4.78,4.89,4.71,4.78,4030930,19349516.000
2012-12-11,4.78,4.86,4.71,4.76,2594861,12418583.000
2012-12-12,4.77,4.80,4.65,4.74,3256042,15369137.000
2012-12-13,4.77,4.79,4.63,4.68,3048083,14305319.000
2012-12-14,4.68,4.91,4.67,4.91,6512509,31758866.000
2012-12-17,4.93,5.16,4.84,5.06,10458402,52799868.000
2012-12-18,5.07,5.31,5.00,5.31,10042065,52872360.000
2012-12-19,5.33,5.50,5.15,5.24,9693831,51417644.000
2012-12-20,5.16,5.50,5.13,5.50,9721541,52722628.000
2012-12-21,5.58,5.72,5.43,5.55,10248491,57346040.000
2012-12-24,5.44,5.55,5.38,5.41,6759381,36842600.000
2012-12-25,5.37,5.68,5.27,5.68,8806796,48611872.000
2012-12-26,5.70,5.85,5.60,5.62,8430574,48451248.000
2012-12-27,5.60,5.82,5.57,5.60,6959211,39466956.000
2012-12-28,5.57,5.75,5.56,5.65,3983231,22507068.000
2012-12-31,5.66,5.93,5.61,5.93,7116841,41773608.000
2013-01-04,5.92,5.92,5.63,5.63,6715855,38080448.000
2013-01-07,5.59,5.71,5.44,5.59,3835802,21437588.000
2013-01-08,5.63,5.71,5.58,5.66,2727683,15416349.000
2013-01-09,5.65,5.67,5.42,5.45,4546719,25079528.000
2013-01-10,5.49,5.54,5.42,5.49,2152859,11767645.000
2013-01-11,5.51,5.56,5.41,5.54,2826069,15426207.000
2013-01-14,5.52,5.71,5.48,5.62,3489613,19580964.000
2013-01-15,5.63,5.66,5.59,5.62,3439952,19336980.000
2013-01-16,5.62,5.76,5.55,5.67,3227585,18290908.000
2013-01-17,5.64,5.73,5.61,5.67,2221267,12581902.000
2013-01-18,5.70,5.70,5.61,5.67,2171056,12263128.000
2013-01-21,5.67,5.94,5.65,5.86,4321513,25276812.000
2013-01-22,5.83,6.15,5.83,6.13,8505636,52082988.000
2013-01-23,6.10,6.27,5.90,6.02,6128635,37216112.000
2013-01-24,6.05,6.20,5.82,5.91,5960002,35818800.000
2013-01-25,5.88,6.07,5.81,5.95,3804427,22619068.000
2013-01-28,5.94,6.15,5.93,6.04,3883911,23485156.000
2013-01-29,6.05,6.24,6.02,6.11,2996721,18354352.000
2013-01-30,6.09,6.13,6.02,6.07,2066904,12527222.000
2013-01-31,6.04,6.10,5.88,5.94,3692600,22057558.000
2013-02-01,5.89,6.07,5.88,5.99,4378557,26018438.000
2013-02-04,6.03,6.07,5.93,6.03,2678972,16094453.000
2013-02-05,5.96,6.09,5.96,6.04,2207263,13339161.000
2013-02-06,6.03,6.34,6.01,6.27,4444001,27699160.000
2013-02-07,6.25,6.30,6.19,6.29,2604662,16268269.000
2013-02-08,6.30,6.34,6.20,6.24,1589856,9942438.000
2013-02-18,6.22,6.41,6.20,6.39,3161758,20021140.000
2013-02-19,6.39,6.43,6.27,6.29,2777404,17639442.000
2013-02-20,6.29,6.34,6.18,6.30,2621180,16412342.000
2013-02-21,6.25,6.27,6.12,6.15,2288588,14186935.000
2013-02-22,6.15,6.21,6.04,6.07,1853200,11358816.000
2013-02-25,6.06,6.13,6.02,6.09,1254241,7630486.000
2013-02-26,6.09,6.12,6.00,6.00,1202449,7280829.000
2013-02-27,6.05,6.09,5.98,6.04,1028094,6191474.000
2013-02-28,6.04,6.14,6.02,6.12,2636780,16051579.000
2013-03-01,6.13,6.13,6.02,6.06,2042655,12422284.000
2013-03-04,5.96,5.97,5.76,5.76,3142500,18203466.000
2013-03-05,5.53,5.76,5.47,5.70,4222784,23576574.000
2013-03-06,5.67,5.81,5.67,5.74,2385984,13723745.000
2013-03-07,5.74,5.77,5.67,5.71,1627690,9297373.000
2013-03-08,5.70,5.76,5.65,5.72,1257340,7183590.000
2013-03-11,5.72,5.75,5.66,5.72,964448,5506576.000
2013-03-12,5.71,5.77,5.43,5.53,2342343,13044838.000
2013-03-13,5.54,5.56,5.42,5.47,994932,5442076.000
2013-03-14,5.47,5.57,5.47,5.55,1007646,5576186.000
2013-03-15,5.55,5.62,5.49,5.53,1314710,7283735.000
2013-03-18,5.54,5.74,5.50,5.65,2042415,11537618.000
2013-03-19,5.70,5.78,5.62,5.74,1712890,9807398.000
2013-03-20,5.78,5.90,5.74,5.86,2218266,12986926.000
2013-03-21,5.86,5.93,5.81,5.88,1674846,9862082.000
2013-03-22,5.90,6.01,5.85,5.94,1897832,11274265.000
2013-03-25,5.98,6.02,5.91,5.91,1355766,8086813.000
2013-03-26,5.92,5.96,5.80,5.89,1533043,9005148.000
2013-03-27,5.89,5.99,5.89,5.98,1941584,11526936.000
2013-03-28,5.95,5.96,5.85,5.89,2063164,12197626.000
2013-03-29,5.89,6.05,5.89,6.05,2795852,16771287.000
2013-04-01,6.04,6.11,5.95,5.98,2938275,17756648.000
2013-04-02,5.99,6.07,5.94,5.98,1344430,8044398.000
2013-04-03,5.98,5.98,5.70,5.73,3184730,18481708.000
2013-04-08,5.68,5.79,5.52,5.77,1455758,8259240.000
2013-04-09,5.73,5.91,5.71,5.87,1432166,8363140.000
2013-04-10,5.84,5.88,5.80,5.81,1330500,7763194.000
2013-04-11,5.83,5.90,5.81,5.88,1138881,6680082.000
2013-04-12,5.90,6.17,5.88,6.06,4081354,24890556.000
2013-04-15,6.03,6.09,6.00,6.05,1434608,8682752.000
2013-04-16,6.00,6.18,5.98,6.04,3062641,18626340.000
2013-04-17,6.03,6.10,5.95,6.08,2790639,16821056.000
2013-04-18,6.05,6.28,6.02,6.24,4440198,27575894.000
2013-04-19,6.05,6.13,5.93,5.99,6728106,40520780.000
2013-04-22,6.07,6.10,5.93,6.00,2522919,15161069.000
2013-04-23,5.98,5.99,5.74,5.75,3366585,19609448.000
2013-04-24,5.76,5.85,5.74,5.82,1954007,11332910.000
2013-04-25,5.82,5.82,5.68,5.71,1952199,11214093.000
2013-04-26,5.68,5.76,5.62,5.63,1425497,8100435.000
2013-05-02,5.63,5.75,5.58,5.65,1489101,8424143.000
2013-05-03,5.62,5.75,5.62,5.69,1598950,9116137.000
2013-05-06,5.72,5.74,5.66,5.69,1579155,8986379.000
2013-05-07,5.68,5.68,5.55,5.59,1901162,10672753.000
2013-05-08,5.64,5.64,5.53,5.56,1378000,7678785.000
2013-05-09,5.56,5.61,5.52,5.60,1660201,9233339.000
2013-05-10,5.58,5.69,5.57,5.67,1260389,7109873.000
2013-05-13,5.68,5.72,5.64,5.66,918600,5212210.000
2013-05-14,5.66,5.67,5.59,5.65,880090,4944512.000
2013-05-15,5.62,5.68,5.61,5.66,587377,3318830.000
2013-05-16,5.66,5.68,5.60,5.64,1424270,8020335.000
2013-05-17,5.63,5.74,5.62,5.68,1463587,8341750.000
2013-05-20,5.66,5.72,5.64,5.67,1849850,10509905.000
2013-05-21,5.68,5.77,5.66,5.74,1618424,9246814.000
2013-05-22,5.74,5.88,5.70,5.81,2605154,15091050.000
2013-05-23,5.79,5.82,5.70,5.71,1698399,9784525.000
2013-05-24,5.72,5.73,5.67,5.69,1292678,7371189.000
2013-05-27,5.69,5.75,5.67,5.70,1160975,6605012.000
2013-05-28,5.69,5.74,5.66,5.74,1539424,8772603.000
2013-05-29,5.74,5.86,5.73,5.82,2329164,13511184.000
2013-05-30,5.80,5.94,5.80,5.88,2061412,12108370.000
2013-05-31,5.88,5.91,5.81,5.82,1543138,9040558.000
2013-06-03,5.81,5.85,5.80,5.84,1182761,6891493.000
2013-06-04,5.84,5.90,5.72,5.73,1859885,10821857.000
2013-06-05,5.72,5.80,5.70,5.74,1058981,6069111.000
2013-06-06,5.73,5.78,5.62,5.64,1731237,9863422.000
2013-06-07,5.65,5.68,5.46,5.51,1518698,8437118.000
2013-06-13,5.45,5.45,5.23,5.26,2080344,11012434.000
2013-06-14,5.27,5.33,5.24,5.30,1289750,6812310.000
2013-06-17,5.27,5.34,5.25,5.31,895331,4743514.000
2013-06-18,5.35,5.37,5.30,5.33,632250,3372921.000
2013-06-19,5.30,5.33,5.22,5.30,1033150,5453654.000
2013-06-20,5.25,5.29,5.14,5.15,915251,4777983.000
2013-06-21,5.08,5.12,5.01,5.02,1617470,8192384.000
2013-06-24,5.03,5.10,4.77,4.77,1997490,9708820.000
2013-06-25,4.64,4.71,4.53,4.53,3058877,13970751.000
2013-06-26,4.53,4.58,4.49,4.55,1609506,7300459.000
2013-06-27,4.56,4.67,4.48,4.48,1731965,7976635.000
2013-06-28,4.48,4.55,4.35,4.53,1042911,4675241.000
2013-07-01,4.51,4.56,4.46,4.54,576665,2607339.000
2013-07-02,4.51,4.64,4.51,4.62,969923,4447203.000
2013-07-03,4.60,4.61,4.51,4.55,943200,4299151.000
2013-07-04,4.57,4.65,4.49,4.57,938530,4298000.000
2013-07-05,4.56,4.62,4.56,4.61,557600,2567356.000
2013-07-08,4.57,4.57,4.44,4.47,701257,3158764.000
2013-07-09,4.48,4.50,4.37,4.39,1108356,4901614.000
2013-07-10,4.41,4.49,4.39,4.48,759254,3377018.000
2013-07-11,4.49,4.70,4.48,4.70,2653151,12322365.000
2013-07-12,4.74,4.78,4.66,4.75,1733339,8175832.000
数据来源:通达信
