600206 有研硅股 日线
      日期	    开盘	    最高	    最低	    收盘	    成交量	    成交额
2007-01-11,8.82,9.30,8.80,9.12,7261436,99989968.000
2007-01-12,8.96,9.13,8.73,8.75,2483454,33381260.000
2007-01-15,8.74,9.60,8.74,9.41,2440339,33656816.000
2007-01-16,9.36,9.56,9.36,9.45,1924666,27468360.000
2007-01-17,9.47,9.74,9.20,9.72,3402215,48364936.000
2007-01-18,9.73,9.98,9.48,9.92,1977739,29273356.000
2007-01-19,9.93,10.92,9.75,10.70,5701459,90775824.000
2007-01-22,10.79,11.66,10.60,11.52,5220370,89208872.000
2007-01-23,11.50,11.92,10.74,11.33,3070378,52727124.000
2007-01-24,11.10,11.46,11.00,11.30,1858274,31735016.000
2007-01-25,11.26,11.33,10.93,11.25,1875449,31540676.000
2007-01-26,11.16,11.93,10.12,11.38,2643981,42558420.000
2007-01-29,11.26,11.50,10.84,11.00,1836190,30700876.000
2007-01-30,11.00,11.40,10.60,10.80,1475512,24555092.000
2007-01-31,10.67,11.00,9.72,9.90,3284654,50473496.000
2007-02-01,9.94,10.25,9.73,9.96,3537820,53124412.000
2007-02-02,10.03,10.96,9.98,10.56,3654626,59127136.000
2007-02-05,10.60,11.03,10.26,10.94,2435548,39691576.000
2007-02-06,11.06,11.06,10.62,10.92,1334083,21842688.000
2007-02-07,10.92,11.10,10.65,11.10,1504277,24751152.000
2007-02-08,11.10,11.50,10.94,11.23,2307152,39403256.000
2007-02-09,11.38,11.45,10.78,10.90,1856655,31128696.000
2007-02-12,11.12,11.19,10.60,10.74,2270274,36854352.000
2007-02-13,10.74,10.99,10.46,10.60,1872808,30059456.000
2007-02-14,10.65,11.10,10.46,10.92,2995056,48721760.000
2007-02-15,10.94,11.40,10.70,11.33,4034715,66676652.000
2007-02-16,11.34,11.88,11.34,11.38,3903937,68405584.000
2007-02-26,11.40,11.59,11.06,11.50,3456035,59302420.000
2007-02-27,11.50,11.92,10.34,10.34,3748286,63739472.000
2007-02-28,10.10,10.58,9.93,10.41,2378609,36831820.000
2007-03-01,10.33,10.40,9.36,9.42,3251232,48255368.000
2007-03-02,9.30,9.92,9.29,9.80,2027544,29176384.000
2007-03-05,9.72,10.03,9.35,9.57,2066745,30200440.000
2007-03-06,9.78,9.78,9.44,9.58,1759151,25502634.000
2007-03-07,9.60,9.98,9.56,9.90,2637152,38906640.000
2007-03-08,9.94,9.94,9.68,9.88,3181580,46810192.000
2007-03-09,9.90,9.90,9.50,9.70,2876907,42068976.000
2007-03-12,9.72,10.68,9.70,10.68,6426567,98649576.000
2007-03-13,10.69,11.18,10.36,10.72,4663505,75753992.000
2007-03-14,10.53,10.92,10.26,10.74,3851675,61722616.000
2007-03-15,10.85,11.82,10.82,11.82,6132270,106789792.000
2007-03-16,12.06,12.77,12.00,12.36,9394452,175405856.000
2007-03-19,11.63,12.78,11.53,12.18,3521289,66216684.000
2007-03-20,12.13,12.32,11.94,12.17,2853720,52056452.000
2007-03-21,11.96,12.60,11.96,12.45,2553963,47464140.000
2007-03-22,12.33,12.98,12.28,12.54,3160488,60144044.000
2007-03-23,12.30,12.70,11.94,12.14,2966033,54768880.000
2007-03-26,12.26,12.58,12.12,12.20,2643147,48844024.000
2007-03-27,12.23,13.42,12.23,13.42,6032424,119488576.000
2007-03-28,13.33,13.46,12.34,13.39,5410630,105628264.000
2007-03-29,13.33,13.52,12.82,13.14,3783092,74850968.000
2007-03-30,13.31,13.63,13.04,13.22,4129078,82757224.000
2007-04-02,13.26,13.57,12.90,13.20,2503561,49774188.000
2007-04-03,13.21,13.29,12.93,13.26,3258873,64436792.000
2007-04-04,13.46,13.46,13.02,13.27,2626952,52200728.000
2007-04-05,13.26,14.06,13.10,13.91,5093592,104659864.000
2007-04-06,13.80,14.97,13.66,14.60,6356569,138487840.000
2007-04-09,14.60,14.74,14.26,14.47,3992726,87324256.000
2007-04-10,14.48,14.76,14.10,14.64,2707856,58575964.000
2007-04-11,14.60,14.76,14.23,14.73,3383760,73609952.000
2007-04-12,14.61,15.66,14.52,15.26,3382952,77536864.000
2007-04-13,15.26,15.26,14.40,14.42,2239330,50314632.000
2007-04-16,14.44,15.63,14.44,15.32,3115464,71094352.000
2007-04-17,15.36,15.36,14.93,15.24,2139324,48694076.000
2007-04-18,15.23,15.60,14.86,15.08,3144456,72379936.000
2007-04-19,15.00,15.03,13.60,13.74,3482935,74426432.000
2007-04-20,13.68,14.75,13.68,14.41,2547034,55209544.000
2007-04-23,14.46,15.14,14.46,14.93,2719319,60709848.000
2007-04-24,15.13,15.28,14.66,14.93,4307027,97166464.000
2007-04-25,14.96,16.18,14.96,16.14,6474398,153315376.000
2007-04-26,16.13,16.16,15.72,16.01,2984847,71625456.000
2007-04-27,15.93,16.80,15.53,16.48,4020610,98191200.000
2007-04-30,16.48,17.06,15.93,16.70,3983561,99474832.000
2007-05-08,17.00,18.38,17.00,17.92,3841756,104117728.000
2007-05-09,18.06,18.10,16.65,17.39,3055275,79192536.000
2007-05-10,17.15,17.98,16.74,17.60,2490513,65052020.000
2007-05-11,17.23,17.93,16.94,17.45,2464137,64137840.000
2007-05-14,17.30,17.73,16.94,17.47,2914675,76029304.000
2007-05-15,17.20,17.32,16.85,16.95,2312770,59602272.000
2007-05-16,16.80,17.50,16.33,17.39,2385183,61204124.000
2007-05-17,17.39,17.93,17.27,17.43,2323000,61263792.000
2007-05-18,17.46,17.60,17.12,17.30,2032036,52878244.000
2007-05-21,16.76,18.12,16.73,18.09,3542396,93235352.000
2007-05-22,18.10,19.90,18.10,18.86,3780009,109227568.000
2007-05-23,18.90,19.20,18.46,18.96,2427382,68914632.000
2007-05-24,18.93,19.16,18.46,18.73,2598353,73089184.000
2007-05-25,18.67,18.86,18.38,18.48,2121471,59304376.000
2007-05-28,18.50,19.36,18.40,18.73,2597023,73500960.000
2007-05-29,18.68,19.92,18.60,19.69,3367486,98151600.000
2007-05-30,18.73,19.26,17.72,17.72,4430742,122935216.000
2007-05-31,17.58,19.50,17.40,19.36,5834648,164733568.000
2007-06-01,19.40,20.60,17.93,18.84,4632732,137865616.000
2007-06-04,18.63,18.93,16.95,16.95,3220075,85268896.000
2007-06-05,16.60,17.47,15.25,17.46,3428969,82092768.000
2007-06-06,17.40,17.92,16.38,17.80,2281425,60604272.000
2007-06-07,18.01,18.84,17.66,18.72,3040253,83831384.000
2007-06-08,18.66,19.22,18.44,18.94,2130312,60644828.000
2007-06-11,19.15,19.86,18.66,19.06,3917830,112811112.000
2007-06-12,19.13,20.97,18.60,20.87,6316249,188962912.000
2007-06-13,21.24,21.24,20.40,20.98,4812661,150080096.000
2007-06-14,20.65,21.37,20.13,20.64,2850587,88960512.000
2007-06-15,20.64,21.00,20.25,20.44,2968633,91621536.000
2007-06-18,20.93,21.59,20.60,21.22,3651029,115941920.000
2007-06-19,21.26,22.14,21.00,21.73,3526974,115343424.000
2007-06-20,21.86,21.93,20.12,20.42,3880961,122947680.000
2007-06-21,20.33,20.66,19.73,19.93,4114230,124326960.000
2007-06-22,20.26,21.93,20.26,21.61,7562955,241815456.000
2007-06-25,21.92,23.73,21.25,23.34,9233882,316737376.000
2007-07-03,23.00,23.00,21.00,21.36,7395510,236238768.000
2007-07-04,20.90,21.26,20.26,20.94,3453624,107261248.000
2007-07-05,20.36,20.60,18.84,18.84,2410178,69802480.000
2007-07-06,17.94,19.38,17.13,18.84,4768757,130551120.000
2007-07-09,19.17,19.37,18.40,19.08,2712101,77018656.000
2007-07-10,19.36,19.38,18.60,18.81,1545338,43813164.000
2007-07-11,18.60,19.16,18.60,18.85,764029,21669056.000
2007-07-12,18.89,20.10,18.70,19.98,2394660,70911128.000
2007-07-13,19.98,19.98,19.44,19.60,1431790,42353744.000
2007-07-16,19.65,20.33,19.37,19.85,1344098,39979200.000
2007-07-17,19.71,19.93,19.26,19.71,1124530,33162772.000
2007-07-18,19.92,19.92,19.28,19.45,1463089,43005960.000
2007-07-19,19.45,19.54,18.73,18.84,1788955,51497080.000
2007-07-20,18.80,19.39,18.74,19.30,2071652,59558832.000
2007-07-23,19.33,20.92,19.33,20.86,2807462,86169280.000
2007-07-24,21.26,21.27,20.53,20.74,2858318,90294184.000
2007-07-25,20.73,21.58,20.66,21.37,2009877,64078704.000
2007-07-26,21.58,21.65,20.93,21.27,2369013,75823208.000
2007-07-27,20.95,21.26,20.67,20.94,2001257,63222636.000
2007-07-30,20.90,21.52,20.62,21.26,3006642,95451624.000
2007-07-31,21.46,21.93,20.65,21.91,3294894,106005192.000
2007-08-01,22.06,22.06,20.72,20.86,2294477,73935168.000
2007-08-02,20.86,21.23,20.13,20.85,2998547,93719664.000
2007-08-03,20.95,21.58,20.80,21.20,3499738,111499616.000
2007-08-06,21.23,22.16,21.20,21.82,5218370,171217952.000
2007-08-07,21.90,22.13,21.03,21.20,5428821,175309184.000
2007-08-08,21.13,21.60,20.46,21.45,3583100,113399280.000
2007-08-10,21.85,21.85,19.93,20.56,2858005,89292624.000
2007-08-13,20.46,20.50,19.43,19.51,3246543,96201264.000
2007-08-14,19.26,19.88,19.26,19.63,1993385,58975336.000
2007-08-15,19.82,19.85,19.00,19.34,3039193,88312032.000
2007-08-16,19.27,20.02,19.20,19.82,2639913,78668560.000
2007-08-17,19.93,19.93,19.03,19.04,2515211,73131312.000
2007-08-20,19.43,19.72,19.27,19.50,3431123,100798576.000
2007-08-21,19.78,19.84,19.26,19.51,3430858,100801616.000
2007-08-22,19.63,20.87,19.50,20.73,6536229,199025904.000
2007-08-23,20.86,21.10,20.32,20.70,4080473,126483424.000
2007-08-24,20.93,21.03,20.06,20.20,3509469,107454520.000
2007-08-27,20.40,20.46,19.26,19.46,4229630,125582560.000
2007-08-28,19.39,19.46,18.98,19.26,3014500,87226616.000
2007-08-29,19.26,20.13,19.00,19.66,3103834,92212224.000
2007-08-30,19.78,19.90,19.27,19.83,2011643,59454504.000
2007-08-31,19.90,20.09,19.53,19.61,2678398,79368904.000
2007-09-03,19.69,19.78,19.27,19.63,4384394,128141296.000
2007-09-04,19.65,19.80,19.14,19.34,2300733,67100968.000
2007-09-05,19.33,19.60,19.00,19.58,2619659,75992288.000
2007-09-06,19.63,19.70,19.35,19.40,2170984,63698960.000
2007-09-07,19.20,19.38,18.60,18.63,4068061,115832696.000
2007-09-10,18.58,18.62,18.03,18.47,2733017,75523384.000
2007-09-11,18.45,19.33,18.14,18.22,3417237,97275352.000
2007-09-12,18.12,18.73,18.06,18.45,1975312,54806336.000
2007-09-13,18.47,19.42,18.32,19.14,3205773,91832400.000
2007-09-14,19.13,20.93,19.13,20.57,11587206,356777856.000
2007-09-17,20.88,21.93,20.62,20.66,9307003,296676480.000
2007-09-18,20.60,20.60,19.92,20.28,4538592,137875616.000
2007-09-19,20.28,20.28,19.46,19.54,3232384,96251776.000
2007-09-20,19.53,19.92,19.04,19.58,3875334,112882344.000
2007-09-21,19.53,19.53,18.50,18.85,3227245,91503024.000
2007-09-24,18.60,19.80,18.14,19.30,4009640,114765712.000
2007-09-25,19.86,19.86,18.83,18.95,1740261,50374300.000
2007-09-26,18.55,19.25,18.55,18.61,1201806,33891972.000
2007-09-27,18.62,19.16,18.57,18.77,1259080,35586772.000
2007-09-28,18.90,19.60,18.77,19.16,2684844,77408504.000
2007-10-08,19.40,19.43,18.73,18.79,2227113,63607876.000
2007-10-09,18.60,19.80,18.53,19.78,4426195,128015240.000
2007-10-10,19.81,20.15,19.20,19.34,3734006,111277608.000
2007-10-11,19.34,19.90,19.14,19.67,3018061,88911088.000
2007-10-12,19.67,19.73,18.13,18.80,3072332,86734824.000
2007-10-15,18.92,19.59,18.92,19.28,3930193,114649448.000
2007-10-16,19.20,19.30,18.80,19.04,1800918,51467520.000
2007-10-17,19.04,19.04,18.60,18.70,2145518,60602720.000
2007-10-18,18.71,18.92,18.00,18.01,3345762,91918184.000
2007-10-19,18.25,18.76,18.00,18.72,1892396,52301420.000
2007-10-22,18.06,18.16,16.84,16.84,4279763,110998296.000
2007-10-23,16.65,16.92,15.27,15.92,4638653,110606200.000
2007-10-24,16.13,16.33,15.66,15.99,2328445,56179020.000
2007-10-25,15.91,15.91,14.38,14.38,3339413,73786992.000
2007-10-26,14.38,15.00,14.20,14.45,2519390,55588780.000
2007-10-29,14.53,14.74,13.58,13.90,2145235,45018976.000
2007-10-30,14.01,14.40,13.80,14.33,1520760,32497764.000
2007-10-31,14.50,15.77,14.50,15.44,3630154,84152584.000
2007-11-01,15.26,15.33,14.57,14.64,2122916,47411860.000
2007-11-02,14.53,14.53,13.80,13.92,1757449,37157692.000
2007-11-05,13.60,14.39,13.60,14.02,939036,19948648.000
2007-11-06,14.20,14.93,14.20,14.52,1633906,36059416.000
2007-11-07,14.56,14.77,14.23,14.65,1038275,22649796.000
2007-11-08,14.73,14.73,13.80,13.84,922078,19797318.000
2007-11-09,13.60,13.86,13.12,13.24,1460268,29377908.000
2007-11-12,12.66,13.16,12.61,12.93,1356483,26328302.000
2007-11-13,13.04,13.40,12.84,13.07,818710,16236430.000
2007-11-14,13.10,13.60,13.10,13.59,1030859,20824440.000
2007-11-15,13.60,13.62,13.20,13.26,989554,19887372.000
2007-11-16,13.20,13.32,12.93,13.31,636568,12596203.000
2007-11-19,13.33,13.84,13.31,13.68,1050595,21600004.000
2007-11-20,13.68,14.26,13.56,14.06,1256169,26545976.000
2007-11-21,14.04,14.04,13.72,13.74,1051872,21944084.000
2007-11-22,13.40,13.52,12.88,12.96,892145,17746800.000
2007-11-23,12.80,13.26,12.76,13.20,578214,11264681.000
2007-11-26,13.39,13.39,12.92,12.95,553386,11011229.000
2007-11-27,12.86,13.05,12.73,12.80,660678,12798035.000
2007-11-28,12.76,12.99,12.76,12.86,551514,10705227.000
2007-11-29,12.98,13.32,12.94,13.26,948658,18800616.000
2007-11-30,13.24,14.30,13.14,14.06,3164264,65779580.000
2007-12-03,14.14,15.48,14.13,15.48,10040548,230314272.000
2007-12-04,15.73,15.73,14.80,14.86,4295235,97654432.000
2007-12-05,14.86,15.56,14.74,15.07,3849596,88520848.000
2007-12-06,15.00,15.53,14.94,15.33,1817632,41739624.000
2007-12-07,15.34,15.35,14.92,15.16,2237525,50823976.000
2007-12-10,14.80,15.53,14.80,15.50,3207136,73423000.000
2007-12-11,15.60,15.78,15.33,15.74,2737971,64336056.000
2007-12-12,15.76,16.01,15.53,15.63,2353639,56011012.000
2007-12-13,15.54,15.91,14.73,14.76,1834171,42169444.000
2007-12-14,14.60,15.19,14.38,15.12,1482691,32929536.000
2007-12-17,15.13,15.40,14.70,15.16,1823108,41151288.000
2007-12-18,15.25,15.26,14.72,14.99,1106341,25045976.000
2007-12-19,14.98,15.56,14.94,15.46,1871209,43311540.000
2007-12-20,15.46,16.32,15.46,16.13,3155324,76380408.000
2007-12-21,16.02,16.52,15.86,16.13,2173353,52784108.000
2007-12-24,16.26,16.58,16.03,16.12,2409598,59064320.000
2007-12-25,16.13,16.39,16.03,16.33,1674565,40931784.000
2007-12-26,16.26,16.86,16.26,16.72,2589680,64797904.000
2007-12-27,16.60,16.93,16.52,16.53,2836372,71316768.000
2007-12-28,16.52,16.78,16.41,16.42,2220515,55386764.000
2008-01-02,16.46,16.99,16.27,16.86,2832253,71313464.000
2008-01-03,16.86,17.37,16.68,17.24,2856627,73617464.000
2008-01-04,17.22,17.39,16.84,17.24,2401833,61683316.000
2008-01-07,17.26,17.80,17.26,17.27,2539111,66970968.000
2008-01-08,17.37,17.77,16.37,16.66,3526322,90712080.000
2008-01-09,16.58,16.95,16.44,16.94,1865243,46969160.000
2008-01-10,17.00,17.43,17.00,17.12,2734191,70942048.000
2008-01-11,17.10,17.33,16.70,16.86,1847231,46987188.000
2008-01-14,16.90,17.05,16.60,16.98,2867577,72696536.000
2008-01-15,16.98,18.00,16.98,17.88,6095093,161960928.000
2008-01-16,17.84,17.84,17.11,17.35,3720853,97863672.000
2008-01-17,17.26,17.78,16.46,17.05,2692467,69637968.000
2008-01-18,16.98,17.26,16.66,17.06,1629477,41484560.000
2008-01-21,17.12,17.22,15.46,15.73,1922741,47596736.000
2008-01-22,15.27,15.38,14.15,14.15,2795864,61595840.000
2008-01-23,14.20,14.92,14.20,14.76,2194341,48297376.000
2008-01-24,14.86,15.24,14.73,15.01,1488600,33594452.000
2008-01-25,14.99,15.18,14.68,14.88,1739993,39133708.000
2008-01-28,14.96,14.96,13.38,13.38,1727601,36086284.000
2008-01-29,13.15,13.84,13.15,13.60,1037071,21271994.000
2008-01-30,13.93,14.25,13.60,13.79,894071,18772468.000
2008-01-31,13.80,14.12,13.20,13.47,701544,14473178.000
2008-02-01,13.40,13.66,12.60,13.21,910703,17920932.000
2008-02-04,13.56,14.38,13.56,14.37,1281596,27138258.000
2008-02-05,14.40,14.60,13.92,14.42,860210,18523164.000
2008-02-13,14.40,14.42,14.07,14.14,472622,10120787.000
2008-02-14,14.26,14.48,14.26,14.38,447760,9698499.000
2008-02-15,14.26,14.26,13.97,14.08,509056,10789313.000
2008-02-18,14.34,15.10,14.33,14.87,1448183,32245716.000
2008-02-19,14.85,15.24,14.63,15.11,1124200,25616574.000
2008-02-20,15.12,15.37,14.85,14.91,1438110,32835012.000
2008-02-21,14.90,15.40,14.80,15.26,2018389,46185024.000
2008-02-22,15.32,15.52,14.76,15.06,1716642,39250400.000
2008-02-25,14.92,15.32,14.46,14.57,1438435,32566692.000
2008-02-26,14.66,15.13,14.00,14.50,1011146,22096422.000
2008-02-27,14.41,15.46,14.41,15.42,1374057,31075232.000
2008-02-28,15.70,15.76,15.26,15.33,2050016,47887728.000
2008-02-29,15.30,15.58,14.80,15.23,2638460,60168564.000
2008-03-03,15.60,16.73,15.46,16.48,5871163,142975264.000
2008-03-04,16.33,16.56,15.80,15.86,3454977,84162624.000
2008-03-05,15.85,16.26,15.48,15.92,2766319,66085320.000
2008-03-06,16.12,16.48,15.95,16.44,2819655,69088832.000
2008-03-07,16.24,16.44,15.74,15.92,1573354,37971256.000
2008-03-10,15.80,15.84,14.79,14.82,1883667,43190132.000
2008-03-11,14.66,14.94,14.30,14.93,1446863,31953964.000
2008-03-12,15.26,15.38,14.26,14.30,1437669,31983140.000
2008-03-13,13.86,14.20,13.37,13.71,1506009,31200352.000
2008-03-14,13.79,13.83,13.26,13.39,1265806,25765760.000
2008-03-17,13.40,13.46,12.20,12.22,1712507,33001712.000
2008-03-18,12.16,12.52,10.99,11.20,1572778,27618368.000
2008-03-19,11.86,12.06,11.32,11.82,1971404,34868644.000
2008-03-20,11.58,12.73,11.13,12.50,1692737,30298706.000
2008-03-21,12.40,13.03,12.26,12.62,1575181,30215388.000
2008-03-24,12.71,12.91,12.25,12.26,1196236,22588604.000
2008-03-25,11.73,12.43,11.73,12.39,804335,14748308.000
2008-03-26,12.60,12.86,12.28,12.40,922245,17483292.000
2008-03-27,12.26,12.26,11.70,11.70,847196,15203815.000
2008-03-28,11.56,12.10,11.32,12.06,818559,14530981.000
2008-03-31,11.76,12.00,11.23,11.26,951622,16601387.000
2008-04-01,11.06,11.50,10.12,10.12,1704896,26798376.000
2008-04-02,10.14,10.40,9.25,9.36,1593369,23235540.000
2008-04-03,9.30,9.80,9.05,9.67,1289747,18330488.000
2008-04-07,9.60,10.52,9.40,10.49,1416600,21628112.000
2008-04-08,10.53,10.80,10.36,10.61,1482308,23760664.000
2008-04-09,10.50,10.81,9.86,9.86,1282833,20233564.000
2008-04-10,9.43,10.09,9.43,10.08,994558,14705663.000
2008-04-11,10.13,10.43,9.94,10.28,976422,15087402.000
2008-04-14,9.93,9.93,9.25,9.39,1251498,18136944.000
2008-04-15,9.33,9.76,9.05,9.76,1147584,16291120.000
2008-04-16,9.66,9.68,9.31,9.34,973549,13915444.000
2008-04-17,9.34,9.63,8.93,9.14,976636,13732426.000
2008-04-18,9.10,9.16,8.60,8.63,749269,9987801.000
2008-04-21,9.46,9.46,8.63,8.86,1298589,17909180.000
2008-04-22,8.60,8.93,8.24,8.92,816622,10637571.000
2008-04-23,8.70,9.40,8.70,9.35,1507824,20884722.000
2008-04-24,10.29,10.29,9.93,10.29,3769689,58357648.000
2008-04-25,10.06,10.64,9.86,10.26,5140952,79016336.000
2008-04-28,10.03,10.06,9.66,9.82,2278312,34036640.000
2008-04-29,9.73,10.01,9.67,9.88,1382887,20620822.000
2008-04-30,10.06,10.26,9.90,10.24,2387043,36411448.000
2008-05-05,10.30,11.03,10.30,10.89,3146958,50647724.000
2008-05-06,10.80,10.80,10.43,10.60,2801769,45101392.000
2008-05-07,10.53,10.72,9.93,10.01,1909905,30171408.000
2008-05-08,9.93,10.60,9.88,10.57,2070233,32392138.000
2008-05-09,10.68,11.03,10.40,10.78,2729479,44311356.000
2008-05-12,10.61,11.00,10.28,10.88,2073310,33583548.000
2008-05-13,10.45,10.74,10.20,10.51,2265885,35863248.000
2008-05-14,10.33,10.91,10.33,10.89,2332048,37969572.000
2008-05-15,10.96,11.30,10.83,10.86,2888871,48149120.000
2008-05-16,10.76,10.96,10.34,10.53,1833999,29379572.000
2008-05-19,10.53,10.72,10.36,10.52,978893,15588609.000
2008-05-20,10.59,10.70,9.64,9.72,1421489,22089808.000
2008-05-21,9.60,9.83,9.12,9.81,1852422,26310972.000
2008-05-22,9.60,10.80,9.50,10.80,5819749,93387552.000
2008-05-23,11.04,11.18,10.40,10.62,5899422,96341472.000
2008-05-26,10.53,10.53,9.88,9.90,2363194,36327092.000
2008-05-27,9.61,10.04,9.61,9.98,1301939,19380752.000
2008-05-28,9.82,10.16,9.74,10.14,1988454,30016320.000
2008-05-29,10.12,10.12,9.66,9.66,1833719,27265200.000
2008-05-30,9.66,9.94,9.26,9.48,2266486,32543684.000
2008-06-02,9.46,9.68,9.33,9.54,967523,13930889.000
2008-06-03,9.53,10.10,9.45,10.00,2614703,39121060.000
2008-06-04,9.93,9.93,9.42,9.55,1486113,21634276.000
2008-06-05,9.56,9.80,9.47,9.62,1080769,15826171.000
2008-06-06,9.70,9.86,9.50,9.56,503497,7324585.000
2008-06-10,9.26,9.26,8.60,8.60,1152460,15283137.000
2008-06-11,8.53,8.70,8.06,8.18,1206110,15094070.000
2008-06-12,8.16,8.33,7.94,8.13,923712,11381517.000
2008-06-13,8.34,8.34,7.72,7.76,687676,8360204.000
2008-06-16,7.92,7.92,7.50,7.61,1471940,17052660.000
2008-06-17,7.66,7.68,6.90,7.03,1990986,21841258.000
2008-06-18,7.03,7.58,6.82,7.56,1653159,18200120.000
2008-06-19,7.46,7.56,6.80,6.80,1498800,16214108.000
2008-06-20,6.96,7.49,6.80,7.41,2715137,30205316.000
2008-06-23,7.59,8.13,7.59,7.79,3442226,40842332.000
2008-06-24,7.79,8.52,7.73,8.40,4127114,50458368.000
2008-06-25,8.33,8.70,8.17,8.60,5658735,72508560.000
2008-06-27,8.04,8.80,7.94,8.12,3948864,50037144.000
2008-07-01,8.18,8.30,7.33,7.75,2200605,26007526.000
2008-07-02,7.70,8.02,7.65,7.91,1372816,16358541.000
2008-07-03,7.77,8.71,7.56,8.71,5957628,76718952.000
2008-07-04,8.67,9.00,8.48,8.84,6161202,81632200.000
2008-07-07,8.83,9.33,8.83,9.26,4823752,66646844.000
2008-07-08,9.06,9.43,9.04,9.24,3220490,44747240.000
2008-07-09,9.26,9.46,9.06,9.44,4265395,59721092.000
2008-07-10,9.26,9.65,9.14,9.17,4618440,65275092.000
2008-07-11,9.13,9.36,9.00,9.25,2498665,34673052.000
2008-07-14,9.12,9.86,9.08,9.82,5217836,75454064.000
2008-07-15,9.83,9.86,9.27,9.43,4168422,60092076.000
2008-07-16,9.26,9.38,8.50,8.62,3155423,42181608.000
2008-07-17,8.86,9.12,8.53,8.97,3665254,49114984.000
2008-07-18,8.86,9.26,8.60,9.18,2754393,37230892.000
2008-07-21,9.13,9.60,9.00,9.50,2984964,42296588.000
2008-07-22,9.52,9.79,9.40,9.54,2685801,38967804.000
2008-07-23,9.60,9.98,9.48,9.88,4746557,70160056.000
2008-07-24,10.06,10.16,9.67,9.80,6440232,95892976.000
2008-07-25,9.64,9.92,9.60,9.71,2751877,40709176.000
2008-07-28,9.74,9.91,9.67,9.82,2657302,39319464.000
2008-07-29,9.83,9.90,9.42,9.48,3415807,49736820.000
2008-07-30,9.73,10.43,9.53,10.07,7801911,79224344.000
2008-07-31,9.87,9.90,9.14,9.23,6209679,59123624.000
2008-08-01,9.33,9.43,8.84,9.29,4074775,37584948.000
2008-08-04,9.29,9.30,8.93,8.94,2498497,22717296.000
2008-08-05,8.93,9.12,8.64,8.74,2198250,19789014.000
2008-08-06,8.83,9.23,8.33,9.17,4187032,37525664.000
2008-08-07,9.14,9.59,9.13,9.49,6286763,59504512.000
2008-08-08,9.49,9.49,8.53,8.53,3663262,32818692.000
2008-08-11,8.21,8.41,7.67,7.67,2651640,21154768.000
2008-08-12,7.43,7.43,6.90,7.04,3060633,21969414.000
2008-08-13,6.93,7.30,6.56,7.18,3113820,21614280.000
2008-08-14,7.03,7.18,6.91,7.05,1650020,11756429.000
2008-08-15,7.04,7.16,6.97,7.00,1628545,11618325.000
2008-08-18,7.01,7.05,6.29,6.29,2465919,16331415.000
2008-08-19,6.11,6.52,5.99,6.41,2202425,14038707.000
2008-08-20,6.32,7.06,6.10,7.06,4019150,27777124.000
2008-08-21,7.04,7.36,6.81,6.89,4189023,29924068.000
2008-08-22,6.64,6.94,6.48,6.70,1925593,13046956.000
2008-08-25,6.75,6.90,6.63,6.90,1869048,12890052.000
2008-08-26,6.85,6.90,6.23,6.33,2200661,14415677.000
2008-08-27,6.34,6.54,6.21,6.41,1593990,10287359.000
2008-08-28,6.43,6.47,6.26,6.32,1257227,8081251.000
2008-08-29,6.30,6.69,6.30,6.59,1771144,11716639.000
2008-09-01,6.78,7.20,6.73,6.97,6767188,47827980.000
2008-09-02,6.83,7.04,6.73,6.90,2710065,18893664.000
2008-09-03,6.90,7.00,6.69,6.82,2019500,13887778.000
2008-09-04,6.73,7.18,6.73,7.11,3606838,25662886.000
2008-09-05,6.83,7.03,6.64,6.79,2397660,16588063.000
2008-09-08,6.74,7.32,6.74,7.10,5692079,40610888.000
2008-09-09,7.10,7.66,6.93,7.61,9111274,67842064.000
2008-09-10,7.53,7.90,7.31,7.67,8651270,67264320.000
2008-09-11,7.58,7.87,7.43,7.48,4130897,31587486.000
2008-09-12,7.59,7.85,7.55,7.63,6261402,48890784.000
2008-09-16,7.65,7.82,6.95,6.98,7467914,55722968.000
2008-09-17,6.93,7.10,6.33,6.43,6461624,43726264.000
2008-09-18,6.27,6.83,5.78,6.66,6409115,40593984.000
2008-09-19,7.33,7.33,7.13,7.33,4041682,29860176.000
2008-09-22,7.98,8.07,7.53,8.07,11443421,90839880.000
2008-09-23,7.63,7.92,7.51,7.56,6239410,48468640.000
2008-09-24,7.35,8.11,7.28,8.09,5976663,46987584.000
2008-09-25,8.09,8.43,7.97,8.10,8724787,71837360.000
2008-09-26,8.11,8.16,7.73,7.85,5967318,47620184.000
2008-10-06,7.78,7.78,7.38,7.41,3189876,24288812.000
2008-10-07,7.11,7.52,7.01,7.51,3664882,26850492.000
2008-10-08,7.28,7.44,6.99,7.13,2731739,19923510.000
2008-10-09,7.33,7.38,6.82,6.84,2694184,19266866.000
2008-10-10,6.43,6.69,6.18,6.20,3729279,23916084.000
2008-10-13,5.95,6.63,5.85,6.63,3240445,20362656.000
2008-10-14,6.87,6.95,6.23,6.30,3730504,25183476.000
2008-10-15,6.23,6.43,6.11,6.34,1775319,11360372.000
2008-10-16,6.01,6.32,6.01,6.04,1757161,10951763.000
2008-10-17,6.17,6.26,6.11,6.20,1657402,10368567.000
2008-10-20,6.21,6.57,6.13,6.56,2223565,14379171.000
2008-10-21,6.62,6.71,6.44,6.47,2604083,17259518.000
2008-10-22,6.33,6.53,6.16,6.18,1544245,9883672.000
2008-10-23,6.03,6.29,5.97,6.28,1603533,9995878.000
2008-10-24,6.29,6.32,6.07,6.11,1683653,10489898.000
2008-10-27,5.98,6.11,5.49,5.49,3100903,17922992.000
2008-10-28,5.26,5.70,5.21,5.69,2588335,14400939.000
2008-10-29,5.79,5.88,5.38,5.42,2392022,13562626.000
2008-10-30,5.58,5.66,5.42,5.50,1737950,9763818.000
2008-10-31,5.61,5.61,5.38,5.41,1146215,6362424.000
2008-11-03,5.33,5.46,5.23,5.32,958185,5202612.000
2008-11-04,5.13,5.46,5.09,5.43,2017979,10831314.000
2008-11-05,5.45,5.69,5.45,5.55,2177335,12303218.000
2008-11-06,5.41,5.45,5.34,5.36,1154889,6298740.000
2008-11-07,5.31,5.55,5.21,5.48,1104352,6095271.000
2008-11-10,5.58,6.01,5.57,5.99,3391867,19956740.000
2008-11-11,5.91,6.26,5.78,6.17,4712166,28903184.000
2008-11-12,6.12,6.63,6.07,6.41,5942131,38302428.000
2008-11-13,6.29,6.92,6.23,6.72,7581008,50649736.000
2008-11-14,6.81,7.23,6.68,7.19,9748327,68418864.000
2008-11-17,7.13,7.47,6.95,7.34,11833408,85763848.000
2008-11-18,7.32,7.60,6.60,6.67,12859451,93794104.000
2008-11-19,6.53,7.27,6.53,7.18,6291601,43998536.000
2008-11-20,7.01,7.32,6.88,7.08,5191246,37096496.000
2008-11-21,6.83,7.03,6.46,6.78,4457678,30586810.000
2008-11-24,6.93,6.93,6.43,6.44,2913320,19514460.000
2008-11-25,6.53,6.68,6.19,6.40,2119554,13752145.000
2008-11-26,6.40,6.56,6.35,6.49,1759607,11516867.000
2008-11-27,6.96,7.05,6.46,6.49,3793778,26014636.000
2008-11-28,6.49,6.52,6.23,6.30,1983922,12712592.000
2008-12-01,6.24,6.63,6.10,6.63,3272187,21212900.000
2008-12-02,6.43,6.98,6.39,6.89,5266929,36212012.000
2008-12-03,7.01,7.19,6.91,7.15,5737188,40931776.000
2008-12-04,7.14,7.38,6.97,6.99,8523547,61981944.000
2008-12-05,7.01,7.21,6.98,7.19,4583397,32896632.000
2008-12-08,7.33,7.62,7.19,7.60,6930564,52077432.000
2008-12-09,7.63,7.67,7.22,7.37,6485640,48661948.000
2008-12-10,7.33,8.11,7.18,8.11,10887977,84506736.000
2008-12-11,7.93,8.14,7.58,7.60,9583187,75897800.000
2008-12-12,7.46,7.63,6.89,7.05,5663324,41398780.000
2008-12-15,7.09,7.33,6.97,7.23,2910537,21060584.000
2008-12-16,7.22,7.32,6.98,7.29,2250528,16234261.000
2008-12-17,7.33,7.58,7.28,7.34,3625313,27221744.000
2008-12-18,7.35,7.47,7.15,7.42,3086699,22770482.000
2008-12-19,7.39,7.59,7.30,7.44,3458650,26187284.000
2008-12-22,7.47,7.56,7.24,7.43,2853891,21353940.000
2008-12-23,7.53,7.53,6.78,6.81,3982639,28731512.000
2008-12-24,6.61,6.78,6.43,6.55,3063874,20394332.000
2008-12-25,6.57,6.65,6.39,6.46,1963998,12964030.000
2008-12-26,6.45,6.58,6.44,6.48,1159541,7623362.000
2008-12-29,6.53,6.55,6.28,6.46,1252772,8120265.000
2008-12-30,6.53,6.67,6.49,6.53,1849245,12274875.000
2008-12-31,6.52,6.63,6.28,6.29,1668554,10852956.000
2009-01-05,6.48,6.66,6.36,6.63,2072185,13726801.000
2009-01-06,6.63,6.97,6.42,6.88,3277741,22449860.000
2009-01-07,6.93,7.12,6.85,7.05,3598380,25413664.000
2009-01-08,6.86,6.96,6.75,6.78,2918507,20230980.000
2009-01-09,6.78,7.04,6.76,7.00,2389762,16740110.000
2009-01-12,7.07,7.34,7.00,7.15,3942125,28735712.000
2009-01-13,7.08,7.09,6.81,6.82,2446416,17131682.000
2009-01-14,6.81,7.39,6.81,7.38,6009284,43867072.000
2009-01-15,7.26,8.03,7.23,7.79,12786923,99891520.000
2009-01-16,7.92,8.00,7.74,7.92,11157342,88695656.000
2009-01-19,8.01,8.08,7.78,7.89,5800236,46120120.000
2009-01-20,7.83,8.07,7.68,7.96,5493406,43670936.000
2009-01-21,7.86,8.16,7.75,7.92,4484193,36063712.000
2009-01-22,7.95,8.31,7.83,8.28,7342402,60273100.000
2009-01-23,8.23,8.36,7.95,7.98,5169134,42260244.000
2009-02-02,8.01,8.21,7.85,8.13,4389200,35605640.000
2009-02-03,8.11,8.48,8.06,8.32,6558826,54936748.000
2009-02-04,8.38,8.95,8.37,8.82,10301600,90820208.000
2009-02-05,8.81,9.18,8.51,8.94,10557963,93724544.000
2009-02-06,8.91,9.20,8.91,9.12,6939891,63556624.000
2009-02-09,9.15,9.29,9.03,9.12,8319889,76811056.000
2009-02-10,9.16,9.58,9.05,9.43,8505214,79848080.000
2009-02-11,9.16,9.51,8.96,9.21,9034649,84074008.000
2009-02-12,9.23,9.32,8.81,9.23,5873377,53861548.000
2009-02-13,9.29,9.89,9.28,9.81,9179598,89742376.000
2009-02-16,9.84,10.21,9.59,9.94,8435410,83976848.000
2009-02-17,9.88,9.88,9.27,9.34,9226339,88395376.000
2009-02-18,8.93,9.21,8.81,8.83,6080930,55176584.000
2009-02-19,9.12,9.18,8.84,8.99,5047625,45864096.000
2009-02-20,9.04,9.53,9.01,9.45,5511803,51308880.000
2009-02-23,9.51,10.08,9.35,9.87,10011342,98789008.000
2009-02-24,9.77,10.21,9.46,9.56,10610223,104933936.000
2009-02-25,9.81,9.88,9.24,9.71,7423627,71696472.000
2009-02-26,9.72,9.93,8.73,8.78,8132133,76927704.000
2009-02-27,8.66,8.66,7.90,7.90,7741052,63544076.000
2009-03-02,7.66,8.15,7.65,8.05,3880232,31345932.000
2009-03-03,7.81,8.13,7.63,8.02,3702854,29819272.000
2009-03-04,8.07,8.62,8.06,8.56,5946519,50278988.000
2009-03-05,8.73,9.09,8.50,8.85,8108514,71796968.000
2009-03-06,8.61,9.12,8.55,8.81,5758293,51721712.000
2009-03-09,8.80,9.03,8.24,8.55,5625068,48753280.000
2009-03-10,8.52,9.18,8.36,9.14,7016979,62664684.000
2009-03-11,9.23,9.55,9.01,9.07,9012272,84162864.000
2009-03-12,9.03,9.10,8.54,8.95,4606058,40829248.000
2009-03-13,8.96,9.18,8.73,8.74,3333638,29681756.000
2009-03-16,8.69,8.85,8.56,8.77,2476433,21787238.000
2009-03-17,8.78,9.18,8.68,9.11,4695017,42700412.000
2009-03-18,9.16,9.41,9.03,9.19,5692025,52867488.000
2009-03-19,9.19,9.41,9.15,9.39,6133087,57368488.000
2009-03-20,9.35,9.39,8.98,9.23,6776537,62850432.000
2009-03-23,9.22,9.54,9.18,9.49,7257078,68868520.000
2009-03-24,9.53,9.71,9.33,9.36,6287334,60069216.000
2009-03-25,9.23,9.35,9.04,9.05,5299805,49141036.000
2009-03-26,9.01,9.61,8.91,9.60,8813491,82259664.000
2009-03-27,9.92,10.57,9.90,10.57,18807482,197534544.000
2009-03-30,10.98,11.20,10.45,10.49,29882457,325681216.000
2009-03-31,10.14,11.55,9.98,11.55,19854845,214910336.000
2009-04-01,11.73,12.58,11.31,11.98,26141506,312860768.000
2009-04-02,11.73,12.47,11.49,11.82,24888125,296436128.000
2009-04-03,11.73,11.75,10.93,11.11,18742504,213765568.000
2009-04-07,11.03,11.59,10.80,11.57,21692430,242609648.000
2009-04-08,11.33,11.76,10.99,11.08,18433217,209760144.000
2009-04-09,10.99,11.33,10.80,11.16,10878434,120927304.000
2009-04-10,11.21,12.03,11.11,11.75,24211081,285375136.000
2009-04-13,11.73,11.99,11.48,11.67,17648882,208647776.000
2009-04-14,11.63,11.71,11.33,11.57,12022398,138985136.000
2009-04-15,11.43,11.84,11.33,11.64,11889529,138407856.000
2009-04-16,11.73,12.25,11.65,11.86,17620090,212247712.000
2009-04-17,11.76,11.78,11.18,11.24,12240638,140438400.000
2009-04-20,11.16,11.57,11.05,11.56,7725627,88279392.000
2009-04-21,11.52,11.80,11.24,11.78,10267126,119832544.000
2009-04-22,11.77,11.77,10.63,10.84,8922457,101271856.000
2009-04-23,10.80,11.03,10.59,10.89,6050849,65499216.000
2009-04-24,10.89,10.92,10.48,10.49,4952273,53297512.000
2009-04-27,10.47,10.47,9.93,9.96,5494041,56086832.000
2009-04-28,9.95,10.31,9.93,10.12,5530685,56495864.000
2009-04-29,10.02,10.44,9.93,10.38,7136886,73574016.000
2009-04-30,10.33,10.35,10.05,10.18,7353483,75329912.000
2009-05-04,10.23,10.62,10.22,10.56,6625934,69635360.000
2009-05-05,10.62,11.03,10.62,10.66,6813428,74014928.000
2009-05-06,10.69,10.93,10.59,10.83,6240090,67632416.000
2009-05-07,10.89,10.99,10.32,10.50,8548252,91256520.000
2009-05-08,10.48,10.80,10.31,10.64,7208516,76648680.000
2009-05-11,10.69,10.74,10.18,10.20,7151691,74816568.000
2009-05-12,10.10,10.36,10.03,10.32,3345810,34383120.000
2009-05-13,10.33,10.75,10.28,10.72,8995034,95941120.000
2009-05-14,10.65,10.91,10.51,10.89,7718846,83810016.000
2009-05-15,11.05,11.93,11.05,11.46,22937021,265362032.000
2009-05-18,11.38,11.38,11.01,11.25,7313248,82048376.000
2009-05-19,11.31,11.38,11.04,11.34,7685583,86765216.000
2009-05-20,11.46,11.46,11.07,11.09,6954342,78528304.000
2009-05-21,11.08,11.33,10.64,10.99,9253420,102134344.000
2009-05-22,11.03,11.33,11.02,11.10,8066184,90812848.000
2009-05-25,10.55,11.09,10.53,10.95,5813320,63073768.000
2009-05-26,11.00,11.30,10.78,10.83,6458304,71941536.000
2009-06-01,10.97,11.01,10.67,10.79,6686338,72462280.000
2009-06-02,10.88,11.12,10.84,10.92,6231775,68855024.000
2009-06-03,10.87,11.20,10.63,11.08,9801227,107676048.000
2009-06-04,10.93,11.00,10.68,10.84,5214778,56731388.000
2009-06-05,10.84,10.98,10.69,10.71,4285248,46609988.000
2009-06-08,10.64,10.82,10.51,10.57,4287701,45939584.000
2009-06-09,10.59,10.68,10.24,10.48,3977611,41822464.000
2009-06-10,10.49,10.62,10.41,10.60,3419006,36220256.000
2009-06-11,10.57,10.83,10.43,10.81,4957917,53459476.000
2009-06-12,10.78,10.79,10.34,10.38,4096387,43384152.000
2009-06-15,10.38,10.59,10.31,10.58,5047963,53042848.000
2009-06-16,10.50,10.89,10.39,10.82,9143168,98746240.000
2009-06-17,10.73,11.07,10.65,11.06,9662916,106180480.000
2009-06-18,11.07,11.15,10.86,11.06,7296087,80700728.000
2009-06-19,11.01,11.44,10.94,11.39,17091005,193703248.000
2009-06-22,11.47,11.78,11.15,11.32,14635137,167686048.000
2009-06-23,11.24,11.48,11.11,11.24,12966475,146863248.000
2009-06-24,11.30,11.72,11.25,11.65,19532496,226449424.000
2009-06-25,11.80,12.10,11.27,11.29,14867131,172848336.000
2009-06-26,11.25,11.63,11.01,11.05,7559846,85181848.000
2009-06-29,11.03,11.05,10.73,10.95,6971668,76201232.000
2009-06-30,10.95,10.95,10.74,10.87,3929085,42748080.000
2009-07-01,10.88,10.92,10.74,10.86,4447656,48312956.000
2009-07-02,10.87,10.98,10.79,10.94,5482760,60077224.000
2009-07-03,10.92,10.92,10.76,10.81,4080820,44390392.000
2009-07-06,10.80,10.80,10.54,10.64,5479685,58576424.000
2009-07-07,10.63,10.83,10.56,10.76,4311067,46650756.000
2009-07-08,10.71,10.87,10.65,10.86,4486268,48886232.000
2009-07-09,10.91,11.14,10.79,11.13,7706315,85264360.000
2009-07-10,11.13,11.18,10.99,11.06,5724229,63752548.000
2009-07-13,11.05,11.18,11.01,11.12,5935458,66353872.000
2009-07-14,11.18,11.22,11.06,11.19,6412144,71854816.000
2009-07-15,11.18,11.42,11.14,11.33,9725062,110200488.000
2009-07-16,11.35,11.41,11.05,11.09,7229470,81912456.000
2009-07-17,11.16,11.20,11.01,11.14,4488498,49770596.000
2009-07-20,11.20,11.55,11.20,11.52,12379620,141652880.000
2009-07-21,11.52,11.58,11.12,11.16,8511110,96335448.000
2009-07-22,11.21,11.80,11.21,11.68,17365117,202060784.000
2009-07-23,11.65,11.85,11.44,11.75,11912247,138428736.000
2009-07-24,11.75,11.87,11.21,11.46,9433520,109280136.000
2009-07-27,11.66,11.95,11.40,11.83,13093104,153649120.000
2009-07-28,11.78,12.63,11.78,12.30,19232242,235969424.000
2009-07-29,12.00,12.18,11.07,11.10,16811751,195234496.000
2009-07-30,11.08,11.29,10.45,10.83,10050556,108559264.000
2009-07-31,10.87,11.20,10.76,11.18,7479355,82358752.000
2009-08-03,11.18,11.38,10.95,11.35,9240811,103165824.000
2009-08-04,11.33,11.70,11.11,11.51,10014847,114627992.000
2009-08-05,11.48,11.80,11.39,11.69,10818135,125741768.000
2009-08-06,11.70,12.20,11.63,11.78,19407443,231706208.000
2009-08-07,11.55,11.83,11.10,11.13,10766082,122702200.000
2009-08-10,11.21,11.42,10.97,11.11,4678776,52233420.000
2009-08-11,11.11,11.26,11.00,11.20,3106398,34680736.000
2009-08-12,11.13,11.13,10.10,10.39,6567955,70294576.000
2009-08-13,10.41,10.48,10.11,10.28,4479130,45843112.000
2009-08-14,10.26,10.26,9.68,9.70,5669580,56223028.000
2009-08-17,9.63,9.63,8.83,8.85,5282123,48566068.000
2009-08-18,8.85,9.17,8.84,9.09,2834205,25563852.000
2009-08-19,9.10,9.10,8.20,8.35,3879351,33780816.000
2009-08-20,8.47,8.79,8.35,8.73,3955970,33941496.000
2009-08-21,8.74,9.19,8.63,8.99,6079496,54635996.000
2009-08-24,9.25,9.89,9.22,9.89,6766146,65842352.000
2009-08-25,10.18,10.30,9.40,9.87,15011630,148930688.000
2009-08-26,9.53,10.49,9.53,10.24,11168409,114091120.000
2009-08-27,10.04,10.80,9.81,10.49,13492536,138129280.000
2009-08-28,10.30,10.66,10.02,10.31,10352483,107636616.000
2009-08-31,10.16,10.60,9.85,10.04,11036461,111765936.000
2009-09-01,10.04,10.49,9.48,10.30,14296439,144199824.000
2009-09-02,10.20,10.47,10.02,10.31,6995350,71835424.000
2009-09-03,10.23,11.16,10.14,10.75,19321604,207099568.000
2009-09-04,10.65,11.82,10.52,11.40,24912075,282918656.000
2009-09-07,11.54,11.80,11.06,11.37,24432161,279708352.000
2009-09-08,11.45,11.70,11.16,11.28,17229350,194872080.000
2009-09-09,11.29,11.35,10.70,10.93,13228427,144878048.000
2009-09-10,10.89,11.19,10.69,10.99,8940984,98052792.000
2009-09-11,10.80,11.08,10.71,10.88,7379470,80278088.000
2009-09-14,10.87,11.20,10.70,11.16,8621930,95188840.000
2009-09-15,11.20,11.21,10.86,10.93,8737598,96120528.000
2009-09-16,10.81,10.95,10.51,10.76,6790619,73073680.000
2009-09-17,10.63,11.39,10.63,11.35,12951901,144405616.000
2009-09-18,11.40,11.50,10.65,10.69,9569639,106154912.000
2009-09-21,10.64,10.65,10.07,10.46,5806879,59879076.000
2009-09-22,10.43,10.59,10.00,10.00,4585772,47157312.000
2009-09-23,10.02,10.23,9.70,9.78,4099814,40653976.000
2009-09-24,9.76,10.11,9.66,10.00,3632141,35953012.000
2009-09-25,9.91,10.05,9.78,9.81,2864742,28379344.000
2009-09-28,9.88,9.96,9.25,9.26,2609974,25056588.000
2009-09-29,9.25,9.30,8.77,8.90,3071719,27707132.000
2009-09-30,9.06,9.28,9.00,9.20,2665891,24438518.000
2009-10-09,9.48,9.73,9.38,9.69,2811778,26970716.000
2009-10-12,9.68,9.79,9.57,9.72,2345688,22731416.000
2009-10-13,9.68,9.86,9.65,9.84,1875693,18372880.000
2009-10-14,9.85,10.00,9.81,9.94,2975788,29500868.000
2009-10-15,9.94,10.05,9.87,9.91,1997320,19855284.000
2009-10-16,9.92,10.06,9.60,9.98,4858697,47667736.000
2009-10-19,9.95,10.18,9.82,10.03,6363093,63678828.000
2009-10-20,10.05,10.08,9.88,10.00,6397015,63732480.000
2009-10-21,10.00,10.05,9.81,9.82,5593035,55308000.000
2009-10-22,9.68,10.15,9.61,10.14,7584217,75010112.000
2009-10-23,10.08,10.36,10.01,10.26,9032169,92016744.000
2009-10-26,10.22,10.22,9.92,10.03,3795248,38180648.000
2009-10-27,9.98,9.98,9.48,9.49,4035097,39181800.000
2009-10-28,9.52,9.70,9.50,9.69,2524385,24238150.000
2009-10-29,9.50,9.58,9.33,9.34,2571210,24264550.000
2009-10-30,9.43,9.67,9.40,9.46,2154218,20543798.000
2009-11-02,9.40,9.82,9.20,9.73,3261199,31411424.000
2009-11-03,9.77,10.18,9.71,10.09,5785114,57871128.000
2009-11-04,10.08,10.13,9.97,10.06,4418276,44324240.000
2009-11-05,10.00,10.17,9.94,10.13,5092808,51365992.000
2009-11-06,10.17,10.45,10.08,10.39,9377036,96795984.000
2009-11-09,10.38,10.54,10.30,10.42,7258741,75749056.000
2009-11-10,10.50,10.51,10.22,10.26,4899977,50502280.000
2009-11-11,10.21,10.35,10.11,10.30,3680654,37787568.000
2009-11-12,10.28,10.55,10.28,10.30,5742054,59786892.000
2009-11-13,10.28,10.48,10.14,10.42,4542009,47003008.000
2009-11-16,10.49,10.90,10.49,10.75,8595644,92391120.000
2009-11-17,10.80,10.94,10.63,10.89,7016683,75933648.000
2009-11-18,10.95,10.97,10.63,10.77,5863361,63137368.000
2009-11-19,10.74,11.29,10.74,11.13,9684209,106673568.000
2009-11-20,11.05,11.19,10.96,11.03,6631792,73432224.000
2009-11-23,11.03,11.42,10.98,11.31,7724024,87042320.000
2009-11-24,11.35,11.78,10.67,10.72,13071585,147092944.000
2009-11-25,10.54,10.97,10.52,10.95,7668345,82419296.000
2009-11-26,10.98,11.08,10.35,10.36,7086251,75978288.000
2009-11-27,10.36,10.67,10.19,10.25,4941017,51445784.000
2009-11-30,10.30,10.66,10.26,10.65,5061775,53188348.000
2009-12-01,10.65,10.92,10.56,10.90,5924833,64049572.000
2009-12-02,11.00,11.31,10.90,11.20,9070576,101073872.000
2009-12-03,11.12,11.33,11.05,11.21,7611572,84958592.000
2009-12-04,11.21,11.55,10.75,11.07,10998642,123163536.000
2009-12-07,11.17,12.18,10.98,12.18,16428756,196439632.000
2009-12-08,12.50,12.60,11.83,12.20,31847596,388501632.000
2009-12-09,11.80,11.97,11.37,11.50,14884680,173320768.000
2009-12-10,11.60,11.65,11.29,11.57,8253341,94660784.000
2009-12-11,11.53,11.87,11.49,11.54,8787922,102705272.000
2009-12-14,11.40,11.68,10.98,11.27,7454188,83963080.000
2009-12-15,11.29,11.65,11.20,11.45,6308393,71966328.000
2009-12-16,11.38,11.45,11.14,11.23,4587675,51604008.000
2009-12-17,11.23,11.30,10.81,10.83,4921247,54485632.000
2009-12-18,10.66,10.75,10.32,10.39,5007327,52617424.000
2009-12-21,10.48,10.53,10.20,10.52,3334432,34674272.000
2009-12-22,10.51,10.59,9.97,10.28,3369204,34705472.000
2009-12-23,10.21,10.68,10.20,10.60,4432000,46495104.000
2009-12-24,10.55,11.11,10.55,10.95,5913173,64586880.000
2009-12-25,10.90,11.20,10.76,10.99,4511405,49695904.000
2009-12-28,11.09,11.66,11.03,11.38,8420973,96397520.000
2009-12-29,11.34,11.58,11.27,11.48,7273975,83134784.000
2009-12-30,11.49,12.15,11.36,11.75,13048970,154588656.000
2009-12-31,11.71,12.35,11.55,12.22,14971616,179949760.000
2010-01-04,12.29,13.44,12.08,13.14,32740145,428704288.000
2010-01-05,13.30,13.94,13.20,13.34,28237814,380476960.000
2010-01-06,13.27,13.66,13.19,13.46,18062018,242833008.000
2010-01-07,13.30,13.75,13.13,13.28,14889189,199852224.000
2010-01-08,13.10,13.39,12.77,13.28,12487099,162828848.000
2010-01-11,13.18,14.10,13.00,13.50,18787191,254992240.000
2010-01-12,13.47,13.95,13.31,13.66,14116107,192581024.000
2010-01-13,13.38,14.52,13.30,14.25,19190560,268661184.000
2010-01-14,14.14,14.52,13.82,14.37,16406567,233344048.000
2010-01-15,14.21,14.48,13.87,13.95,10014968,140942864.000
2010-01-18,13.88,13.97,13.43,13.90,10272847,140617344.000
2010-01-19,13.80,14.08,13.69,13.99,7251771,101086896.000
2010-01-20,14.04,14.04,12.73,12.91,12501704,166276416.000
2010-01-21,12.89,13.30,12.80,12.81,7374209,95744976.000
2010-01-22,12.51,12.66,11.90,12.39,9831855,121326664.000
2010-01-25,12.38,12.72,12.11,12.56,5099610,64047932.000
2010-01-26,12.42,12.68,11.92,12.05,4915307,60006728.000
2010-01-27,12.12,12.44,12.00,12.14,3757525,45927284.000
2010-01-28,12.18,12.96,12.06,12.72,7895702,99536528.000
2010-01-29,12.49,12.98,12.46,12.92,7135625,91177704.000
2010-02-01,12.80,12.80,12.30,12.42,4965824,61957672.000
2010-02-02,12.55,12.69,12.08,12.11,3957123,48995176.000
2010-02-03,12.12,12.23,11.40,12.05,4993199,58974504.000
2010-02-04,12.00,12.32,11.80,12.28,5763912,69858384.000
2010-02-05,11.98,12.08,11.56,11.73,3819308,45118796.000
2010-02-08,11.75,11.85,11.40,11.45,2425053,28064954.000
2010-02-09,11.46,11.99,11.40,11.94,3364505,39420860.000
2010-02-10,11.93,12.19,11.85,12.04,2626710,31570168.000
2010-02-11,12.10,12.17,11.75,11.76,2406841,28671532.000
2010-02-12,11.70,12.00,11.70,11.96,1525965,18157352.000
2010-02-22,11.94,12.37,11.85,12.24,3730312,45485344.000
2010-02-23,12.24,12.50,12.01,12.48,3360490,41229640.000
2010-02-24,12.45,12.76,12.25,12.62,5269605,66230072.000
2010-02-25,12.75,12.82,12.50,12.70,4371688,55339524.000
2010-02-26,12.60,12.65,12.42,12.53,4658568,58362980.000
2010-03-01,12.55,12.98,12.45,12.97,6760933,86393696.000
2010-03-02,12.99,13.58,12.90,13.16,8007903,106186064.000
2010-03-03,13.16,13.60,13.06,13.45,10321070,138536960.000
2010-03-04,13.30,13.40,12.59,12.62,8011245,104082944.000
2010-03-05,12.62,12.82,12.24,12.56,4412326,55260856.000
2010-03-08,12.61,12.74,12.43,12.65,3034685,38246504.000
2010-03-09,12.65,12.76,12.31,12.69,3501475,43944328.000
2010-03-10,12.65,13.36,12.46,13.02,9898331,129410024.000
2010-03-11,12.92,13.08,12.49,12.71,4691789,59722092.000
2010-03-12,12.72,12.75,12.35,12.37,3635510,45355648.000
2010-03-15,12.29,12.29,11.80,11.93,3449284,41254120.000
2010-03-16,11.91,12.08,11.85,12.06,1563114,18730398.000
2010-03-17,12.10,12.66,12.02,12.61,4368751,54237896.000
2010-03-18,12.60,12.92,12.46,12.60,4370023,55473656.000
2010-03-19,12.67,13.10,12.62,12.99,6612104,85462392.000
2010-03-22,12.98,13.38,12.77,13.14,8254411,107366656.000
2010-03-23,13.15,13.18,12.76,12.83,4451457,57473156.000
2010-03-24,12.83,13.04,12.80,12.83,3572465,46084572.000
2010-03-25,12.75,12.86,12.60,12.69,3844809,48887868.000
2010-03-26,12.68,13.07,12.59,12.99,4204731,54157688.000
2010-03-29,13.08,13.10,12.79,12.90,6824559,88129680.000
2010-03-30,12.90,13.34,12.73,13.22,11066417,144501664.000
2010-03-31,13.20,13.45,13.00,13.30,9431688,125280232.000
2010-04-01,13.28,13.96,13.26,13.75,17677901,241651824.000
2010-04-02,13.65,13.77,13.50,13.68,8071846,110018008.000
2010-04-06,13.71,14.00,13.61,13.82,7709227,106204608.000
2010-04-07,13.78,13.93,13.53,13.91,7512912,102997008.000
2010-04-08,13.90,13.90,13.46,13.50,6351289,86734960.000
2010-04-09,13.43,13.88,13.43,13.78,7814117,106781720.000
2010-04-12,13.78,14.00,13.57,13.98,9590945,132102632.000
2010-04-13,13.99,14.25,13.20,13.50,14681706,201638816.000
2010-04-14,13.40,13.66,13.30,13.54,6280962,84928560.000
2010-04-15,13.59,13.89,13.40,13.57,6487372,88652168.000
2010-04-16,13.52,13.55,13.15,13.21,5208720,69301392.000
2010-04-19,13.01,13.62,12.91,13.00,8191938,108567848.000
2010-04-20,12.91,13.75,12.66,13.71,9249699,123298672.000
2010-04-21,13.69,14.24,13.60,14.03,16300879,228578496.000
2010-04-22,14.02,14.65,13.90,14.25,14976899,214428352.000
2010-04-23,14.33,14.63,14.13,14.22,10338340,148411024.000
2010-04-26,14.35,14.80,14.18,14.50,11484593,167720512.000
2010-04-27,14.55,14.55,13.56,14.02,9794673,137027200.000
2010-04-28,14.00,14.98,13.70,14.96,14037053,202369408.000
2010-04-29,14.87,15.34,13.91,13.96,19420134,288293248.000
2010-04-30,13.70,13.83,13.11,13.52,9780684,131149080.000
2010-05-04,13.20,13.95,13.08,13.81,6978779,95775904.000
2010-05-05,13.64,14.95,13.60,14.91,13033451,186871712.000
2010-05-06,14.75,15.27,14.50,14.63,16209109,241424864.000
2010-05-07,14.05,15.15,13.96,15.04,17286861,255588352.000
2010-05-10,15.10,15.34,13.54,13.56,19545551,284994176.000
2010-05-11,13.86,13.97,12.90,13.29,13649798,183272416.000
2010-05-12,13.28,13.48,12.01,12.32,9512010,120200576.000
2010-05-13,12.30,12.90,11.88,12.80,8000585,99374288.000
2010-05-14,12.60,13.24,12.50,12.88,7371483,95444008.000
2010-05-17,12.59,12.75,11.59,11.65,7371651,89610376.000
2010-05-18,11.64,12.01,11.11,11.85,7440380,86413024.000
2010-05-19,11.81,12.25,11.59,11.88,6549087,78218456.000
2010-05-20,11.95,12.28,11.72,11.94,6393375,76701456.000
2010-05-21,11.44,12.21,11.33,12.20,6284173,74739648.000
2010-05-24,12.28,12.79,12.20,12.65,7439362,93529424.000
2010-05-25,12.53,13.14,12.45,12.99,10705911,137951808.000
2010-05-26,12.96,13.09,12.69,12.87,4910046,63138048.000
2010-05-27,12.71,13.30,12.62,13.19,10242715,133791912.000
2010-05-28,13.25,13.30,12.83,12.92,8158364,106478224.000
2010-05-31,12.80,12.89,12.10,12.16,6743249,84627112.000
2010-06-01,12.03,12.40,11.88,12.27,4996810,60561536.000
2010-06-02,12.19,12.44,11.90,12.42,4011946,48981500.000
2010-06-03,12.47,12.59,12.06,12.14,4325219,53752128.000
2010-06-04,11.94,12.37,11.92,12.33,3120764,38120176.000
2010-06-07,12.02,12.68,12.02,12.56,4479211,55660124.000
2010-06-08,12.59,12.93,12.52,12.82,4522133,57586900.000
2010-06-09,12.80,13.14,12.80,13.10,6476138,84244328.000
2010-06-10,13.07,13.18,12.89,12.91,4289580,55798948.000
2010-06-11,13.03,13.09,12.65,12.71,3617767,46336620.000
2010-06-17,12.80,13.08,12.73,12.76,2824353,36342632.000
2010-06-21,12.20,12.72,11.48,12.71,5233698,64394596.000
2010-06-22,12.65,12.65,12.38,12.43,3359457,41995440.000
2010-06-23,12.45,12.56,12.13,12.22,2820854,34705280.000
2010-06-24,12.21,12.38,12.11,12.25,1922861,23521002.000
2010-06-25,12.20,12.30,11.91,12.02,3093185,37306244.000
2010-06-28,12.02,12.09,11.59,11.69,3307453,39226376.000
2010-06-29,11.63,11.80,10.82,10.84,3790711,42804296.000
2010-06-30,10.79,10.79,10.30,10.38,2737136,28606452.000
2010-07-01,10.40,10.58,10.36,10.40,1919054,20087278.000
2010-07-02,10.54,11.25,10.41,10.96,5716858,62363024.000
2010-07-05,10.70,11.07,10.50,10.99,3157089,34281848.000
2010-07-06,11.00,11.16,10.79,11.13,3560703,39358100.000
2010-07-07,11.17,11.48,11.04,11.25,2928482,33000496.000
2010-07-08,11.25,11.33,10.88,11.03,2454685,27203398.000
2010-07-09,11.11,11.55,10.82,11.51,3892707,43881500.000
2010-07-12,11.40,11.95,11.35,11.65,3616627,42338696.000
2010-07-13,11.50,11.95,11.40,11.69,3933696,46081248.000
2010-07-14,11.65,11.90,11.65,11.69,3261242,38412144.000
2010-07-15,11.69,11.82,11.40,11.42,2736194,31854020.000
2010-07-16,11.34,11.52,11.04,11.29,2367653,26785048.000
2010-07-19,11.11,11.65,11.11,11.60,1875626,21480360.000
2010-07-20,11.56,12.00,11.56,11.90,3603233,42723576.000
2010-07-21,11.97,12.25,11.86,11.90,3698006,44453500.000
2010-07-22,11.85,12.49,11.76,12.28,5000224,60909120.000
2010-07-23,12.28,12.44,12.05,12.40,3981638,48793544.000
2010-08-02,13.64,13.64,13.06,13.22,16221415,216692912.000
2010-08-03,13.06,14.42,13.00,13.80,18552161,255652064.000
2010-08-04,13.50,13.69,13.21,13.57,10705750,143846048.000
2010-08-05,13.58,13.71,13.30,13.45,6849053,92596960.000
2010-08-06,13.43,13.65,13.20,13.60,5722079,76996768.000
2010-08-09,13.61,13.80,13.45,13.64,5965233,81334824.000
2010-08-10,13.63,14.05,13.54,13.56,9855791,135577968.000
2010-08-11,13.56,14.10,13.47,14.03,9640190,133254392.000
2010-08-12,13.80,13.98,13.50,13.62,6213031,85268952.000
2010-08-13,13.62,13.79,13.15,13.64,5704213,76813464.000
2010-08-16,13.54,13.96,13.40,13.91,7026587,96910184.000
2010-08-17,13.88,14.28,13.78,14.13,8140272,114232504.000
2010-08-18,14.10,14.18,13.75,13.87,5509628,76630072.000
2010-08-19,13.87,14.51,13.75,14.13,9953088,142067520.000
2010-08-20,14.18,14.71,14.10,14.54,12263841,176935728.000
2010-08-23,14.60,14.99,14.27,14.84,11660679,171029488.000
2010-08-24,14.80,14.80,14.45,14.59,7561132,110457760.000
2010-08-25,14.54,14.54,13.78,13.84,9486186,133695840.000
2010-08-26,13.85,13.99,13.50,13.70,6463060,88485560.000
2010-08-27,13.65,14.03,13.59,13.89,4218661,58421816.000
2010-08-30,13.96,14.76,13.96,14.62,9051091,130297624.000
2010-08-31,14.44,15.31,14.33,14.98,13872992,206843520.000
2010-09-01,14.96,15.70,14.62,15.30,16491282,250172352.000
2010-09-02,15.46,15.54,15.10,15.29,10470754,160445248.000
2010-09-03,15.28,15.70,15.18,15.56,10430824,161559104.000
2010-09-06,15.90,16.45,14.81,14.85,14714909,227137136.000
2010-09-07,14.84,15.12,14.70,15.05,5957074,88884088.000
2010-09-08,14.99,15.61,14.83,15.49,7813264,119924072.000
2010-09-09,15.60,15.75,14.88,15.09,9426760,143632288.000
2010-09-10,15.00,15.66,14.86,15.53,9120329,140172400.000
2010-09-13,15.54,15.93,15.40,15.75,8175059,128462936.000
2010-09-14,15.84,17.33,15.84,17.27,24821092,419202592.000
2010-09-15,17.07,17.07,16.00,16.14,19695371,327244960.000
2010-09-16,16.23,16.34,15.11,15.43,12884686,201236256.000
2010-09-17,15.40,15.92,15.28,15.51,7912732,123616152.000
2010-09-20,15.38,15.63,14.67,14.78,7490614,112518536.000
2010-09-21,14.83,15.10,14.75,14.97,4219102,62972372.000
2010-09-27,15.08,15.47,14.92,15.41,5201850,79514880.000
2010-09-28,15.40,15.89,15.23,15.57,7164774,111796728.000
2010-09-29,15.61,16.14,15.50,15.96,7231897,114605400.000
2010-09-30,15.86,16.20,15.68,16.13,6236397,99631480.000
2010-10-08,16.29,16.67,16.08,16.36,9020551,147623744.000
2010-10-11,16.25,16.44,15.73,16.35,12491858,200802176.000
2010-10-12,16.02,16.34,15.90,15.92,7219217,116042464.000
2010-10-13,15.94,16.50,15.92,16.41,9607049,156352352.000
2010-10-14,16.50,16.50,15.61,15.64,8571896,136451488.000
2010-10-15,15.64,16.14,15.25,15.95,7786624,123241808.000
2010-10-18,15.95,15.95,14.36,14.44,12221091,180987328.000
2010-10-19,14.48,15.07,14.48,14.94,5515701,82153320.000
2010-10-20,14.60,15.32,14.40,15.19,6271911,94108496.000
2010-10-21,15.19,15.30,14.90,15.16,5467270,82525264.000
2010-10-22,15.16,15.92,14.86,15.83,10864602,168857440.000
2010-10-25,15.91,17.04,15.62,16.63,14284744,236418464.000
2010-10-26,16.55,16.99,16.23,16.88,12994549,215396000.000
2010-10-27,17.16,18.50,16.83,17.78,27375299,481728384.000
2010-10-28,17.60,18.39,17.20,17.80,17170202,308333504.000
2010-10-29,17.92,19.22,17.51,18.70,18593584,344264288.000
2010-11-01,18.77,19.95,18.40,19.82,19320562,375226560.000
2010-11-02,19.95,20.15,18.78,18.86,22417809,435379264.000
2010-11-03,18.70,19.00,17.75,17.90,13486719,244884864.000
2010-11-04,17.86,19.09,17.83,18.84,11090691,204753968.000
2010-11-05,19.00,19.30,18.24,18.45,10242352,191053440.000
2010-11-08,18.47,18.79,17.92,18.69,8393268,153777536.000
2010-11-09,18.67,18.95,18.37,18.59,5829301,108428040.000
2010-11-10,18.65,18.85,18.06,18.71,8716275,160424096.000
2010-11-11,18.60,19.20,18.22,18.34,11404597,214913728.000
2010-11-12,18.00,18.16,16.51,16.53,11643994,202437216.000
2010-11-15,16.63,17.24,16.30,17.01,6599162,111249176.000
2010-11-16,17.15,17.27,15.94,16.16,6374112,105773024.000
2010-11-17,16.00,16.54,15.87,16.06,4585345,74526456.000
2010-11-18,16.11,16.57,16.10,16.45,4072145,66694808.000
2010-11-19,16.61,17.29,16.31,17.24,7738728,131309760.000
2010-11-22,17.06,17.73,16.96,17.43,6989582,121921760.000
2010-11-23,17.33,17.37,16.22,16.55,5273399,88091640.000
2010-11-24,16.55,17.20,16.41,17.08,4304531,72945832.000
2010-11-25,17.07,17.38,16.91,17.32,5332547,91504320.000
2010-11-26,17.24,17.32,16.80,16.95,3590125,61027384.000
2010-11-29,16.90,16.90,16.38,16.65,3646721,60556736.000
2010-11-30,16.65,16.90,15.50,15.93,5297294,85177288.000
2010-12-01,15.80,16.14,15.50,15.91,3060020,48422424.000
2010-12-02,16.20,16.40,15.90,16.07,3582693,57925024.000
2010-12-03,16.30,16.60,16.10,16.39,4285165,70163424.000
2010-12-06,16.39,16.48,15.68,15.87,3290077,52488648.000
2010-12-07,15.70,16.05,15.28,15.96,2829440,44201864.000
2010-12-08,15.91,16.10,15.80,15.90,2518530,40204928.000
2010-12-09,15.75,15.89,15.36,15.39,2722209,42527872.000
2010-12-10,15.30,15.74,15.22,15.67,2555217,39485264.000
2010-12-13,15.79,16.28,15.76,16.18,3655343,58876272.000
2010-12-14,16.33,16.40,16.13,16.24,3045071,49436948.000
2010-12-15,16.30,16.52,16.16,16.31,3543369,57973272.000
2010-12-16,16.30,16.50,16.22,16.35,3010043,49294192.000
2010-12-17,16.38,16.66,16.31,16.58,3806789,62979576.000
2010-12-20,16.60,16.72,15.59,16.09,3799639,61497184.000
2010-12-21,16.04,16.29,15.82,16.26,2311608,37192364.000
2010-12-22,16.38,17.78,16.30,17.60,14011014,239363680.000
2010-12-23,17.32,17.51,16.80,16.87,8376113,143466608.000
2010-12-24,17.08,18.56,16.87,18.04,20628418,373381568.000
2010-12-27,18.06,18.56,17.69,17.91,18685320,339483264.000
2010-12-28,17.80,17.80,16.12,16.12,12475071,205910656.000
2010-12-29,15.77,16.37,15.25,15.97,6121594,97229464.000
2010-12-30,15.81,16.38,15.75,15.92,6349196,102090376.000
2010-12-31,16.08,16.36,15.90,16.31,6270672,101739728.000
2011-01-04,16.40,16.62,16.10,16.50,6647407,108644520.000
2011-01-05,16.50,16.82,16.20,16.64,5725259,94656544.000
2011-01-06,16.63,17.38,16.52,17.31,8266006,141373296.000
2011-01-07,17.32,17.35,16.85,17.05,5261691,89736912.000
2011-01-10,17.02,17.02,16.18,16.20,4409718,73444576.000
2011-01-11,16.15,16.15,15.70,15.88,3982421,63021408.000
2011-01-12,15.90,16.13,15.75,16.08,2317340,36912704.000
2011-01-13,16.15,16.33,15.71,15.73,2476236,39521016.000
2011-01-14,15.50,15.65,14.95,14.96,4806264,72682024.000
2011-01-17,14.77,14.94,14.20,14.28,2816350,40591252.000
2011-01-18,14.29,14.64,14.29,14.58,2025570,29391842.000
2011-01-19,14.60,14.94,14.50,14.88,2735683,40348160.000
2011-01-20,14.90,15.25,14.33,14.35,3171844,47064636.000
2011-01-21,14.28,14.77,14.20,14.63,2261511,32828828.000
2011-01-24,14.55,14.60,14.22,14.23,1702257,24461988.000
2011-01-25,14.26,14.46,14.15,14.23,1513337,21588412.000
2011-01-26,14.26,14.70,14.23,14.65,1767585,25695888.000
2011-01-27,14.50,14.97,14.44,14.84,2160001,31989032.000
2011-01-28,14.85,14.98,14.72,14.87,1937662,28721702.000
2011-01-31,14.80,15.01,14.70,14.94,2327233,34629576.000
2011-02-01,14.90,15.20,14.90,15.01,2312780,34856008.000
2011-02-09,14.94,15.05,14.51,14.62,2630020,38924488.000
2011-02-10,14.50,15.20,14.50,15.18,2616840,38952060.000
2011-02-11,15.18,15.48,15.06,15.32,2954353,45144200.000
2011-02-14,15.32,15.64,15.15,15.58,4526442,69861456.000
2011-02-15,15.64,15.90,15.43,15.60,4528429,70914112.000
2011-02-16,15.55,15.95,15.51,15.87,3995126,62995728.000
2011-02-17,16.03,16.30,15.68,16.25,5317088,85092768.000
2011-02-18,16.12,16.27,15.81,15.88,5041953,80482240.000
2011-02-21,15.71,16.57,15.50,16.44,7358763,119173072.000
2011-02-22,16.62,17.15,16.26,16.33,11155292,186218720.000
2011-02-23,16.29,16.57,15.92,16.39,5101491,82795248.000
2011-02-24,16.25,16.73,16.20,16.30,4236873,69631376.000
2011-02-25,17.18,17.93,16.82,17.06,19801074,346063840.000
2011-02-28,16.75,16.98,16.40,16.84,9923675,165720608.000
2011-03-01,16.72,17.35,16.72,16.94,7719946,131462184.000
2011-03-02,16.75,16.93,16.42,16.72,5322087,88531048.000
2011-03-03,16.66,16.99,16.16,16.22,4385958,72653968.000
2011-03-04,16.13,16.63,16.02,16.53,3577340,58476028.000
2011-03-07,16.50,16.88,16.46,16.80,5270290,87801048.000
2011-03-08,16.78,16.98,16.68,16.81,4088106,68830264.000
2011-03-09,16.84,17.45,16.81,17.20,8809087,151586448.000
2011-03-10,17.20,17.30,16.82,16.89,4565210,77381832.000
2011-03-11,16.89,17.40,16.82,17.03,6331686,108596992.000
2011-03-14,17.60,18.60,17.40,17.93,15165187,271476928.000
2011-03-15,17.66,18.47,16.90,18.11,12724102,224329680.000
2011-03-16,17.98,18.72,17.82,18.49,13003397,238778496.000
2011-03-17,18.23,18.93,17.85,18.04,12388978,228546912.000
2011-03-18,18.22,18.67,18.12,18.32,7720861,142036480.000
2011-03-21,18.25,18.25,17.50,17.61,6920528,123113216.000
2011-03-22,17.93,18.09,17.56,17.70,4686965,83507848.000
2011-03-23,17.69,18.45,17.39,18.20,7651069,137129616.000
2011-03-24,18.23,18.47,17.98,18.14,7082491,128945496.000
2011-03-25,18.34,18.34,18.00,18.17,6094250,110660576.000
2011-03-28,18.18,19.05,18.06,18.74,14620474,273598208.000
2011-03-29,18.93,20.61,18.70,20.61,27817699,560102464.000
2011-03-30,20.78,21.15,19.25,19.85,33249235,671889600.000
2011-03-31,19.72,19.73,18.05,18.28,16990165,320680352.000
2011-04-01,18.15,18.75,17.56,18.71,15449693,281004128.000
2011-04-06,18.30,18.39,17.48,18.09,12184810,219740256.000
2011-04-07,18.02,18.17,17.70,18.01,6178583,110882912.000
2011-04-08,17.92,18.48,17.90,18.38,8718477,159478544.000
2011-04-11,18.38,18.39,17.60,17.62,9420124,168967936.000
2011-04-12,17.60,17.60,16.88,17.02,10191577,174927984.000
2011-04-13,17.02,17.43,17.02,17.39,5757733,99386432.000
2011-04-14,17.39,17.52,17.10,17.44,5528596,95764904.000
2011-04-15,17.37,17.37,17.07,17.20,3813213,65503508.000
2011-04-18,17.15,17.49,17.06,17.46,4572425,79092808.000
2011-04-19,17.47,17.47,17.05,17.19,3690375,63520064.000
2011-04-20,17.20,17.32,17.00,17.20,3693213,63393776.000
2011-04-21,17.29,17.44,17.12,17.31,3992139,69132280.000
2011-04-22,17.45,17.99,17.38,17.75,7642258,135837904.000
2011-04-25,17.69,17.69,17.00,17.01,4875122,83732320.000
2011-04-26,17.01,17.17,15.85,16.15,5058452,82924368.000
2011-04-27,16.28,16.30,15.88,16.03,2987420,48001880.000
2011-04-28,16.09,16.30,15.59,15.59,2660018,42359308.000
2011-04-29,15.60,15.98,15.60,15.94,1629019,25771224.000
2011-05-03,16.00,16.36,16.00,16.30,1916855,31058088.000
2011-05-04,16.30,16.51,15.83,16.00,2078931,33638572.000
2011-05-05,16.00,16.08,15.70,15.88,2096192,33274644.000
2011-05-06,15.61,16.18,15.33,16.06,2917363,46219352.000
2011-05-09,16.09,16.99,16.01,16.33,1953932,32038228.000
2011-05-10,16.38,16.56,16.19,16.55,2088376,34250464.000
2011-05-11,16.55,16.72,16.39,16.49,2311860,38343232.000
2011-05-12,16.30,16.45,15.80,15.91,2095266,33889880.000
2011-05-13,15.83,16.20,15.83,16.20,1639461,26275216.000
2011-05-16,16.20,16.36,16.12,16.29,1611013,26168356.000
2011-05-17,16.20,16.32,15.85,16.08,1635131,26348048.000
2011-05-18,16.10,16.30,16.00,16.25,1444955,23421716.000
2011-05-19,16.30,16.48,16.20,16.25,1917859,31340860.000
2011-05-20,16.24,16.58,16.20,16.56,3146367,51702584.000
2011-05-23,16.56,16.78,15.85,15.90,3920702,64290440.000
2011-05-24,15.94,16.35,15.88,16.19,3161061,50925916.000
2011-05-25,16.20,16.20,15.36,15.50,3723692,58208180.000
2011-05-26,15.50,15.65,14.95,14.97,3048863,46478928.000
2011-05-27,14.98,15.10,14.15,14.53,2789218,41064056.000
2011-05-30,14.19,14.64,14.19,14.33,1369441,19796332.000
2011-05-31,14.33,14.78,14.33,14.71,1338001,19566784.000
2011-06-01,14.71,14.97,14.60,14.92,1264909,18833484.000
2011-06-02,14.70,14.89,14.42,14.62,1571577,23020660.000
2011-06-03,14.64,15.00,14.64,14.97,1953380,29163380.000
2011-06-07,14.95,15.10,14.81,15.02,1182425,17750320.000
2011-06-08,15.14,16.13,15.11,16.02,5589629,87775808.000
2011-06-09,15.90,15.90,15.39,15.49,2598309,40593620.000
2011-06-10,15.45,16.85,15.37,16.15,6020050,97470096.000
2011-06-13,15.82,16.39,15.82,16.30,2914269,46861248.000
2011-06-14,16.30,16.35,15.97,16.05,2994607,48217180.000
2011-06-15,15.90,16.12,15.63,15.66,2327739,36767524.000
2011-06-16,15.57,15.61,15.00,15.19,2035807,31179680.000
2011-06-17,15.22,15.33,14.93,15.05,2328228,35126920.000
2011-06-21,15.05,15.27,14.92,15.25,1262145,19056372.000
2011-06-22,15.37,15.37,14.98,15.11,1460104,22069336.000
2011-06-23,15.16,15.38,14.95,15.30,1563389,23760656.000
2011-06-24,15.30,16.20,15.20,15.72,3763846,59444988.000
2011-06-27,15.89,16.03,15.65,15.98,2246158,35668008.000
2011-06-28,15.98,16.08,15.71,15.98,2402126,38235100.000
2011-06-29,16.00,16.20,15.79,15.81,2577552,41286132.000
2011-06-30,15.83,16.05,15.81,15.86,1652759,26367548.000
2011-07-01,15.85,16.32,15.85,16.20,3075869,49528760.000
2011-07-04,16.14,16.63,16.14,16.53,4763678,78568696.000
2011-07-05,16.60,16.60,16.36,16.49,2741056,45119688.000
2011-07-06,16.30,16.50,16.21,16.38,2486067,40632228.000
2011-07-07,16.26,16.44,16.16,16.19,2799323,45593224.000
2011-07-08,16.10,16.39,16.10,16.21,1627689,26475488.000
2011-07-11,16.22,16.45,16.04,16.42,2281060,37065144.000
2011-07-12,16.29,16.31,16.04,16.13,1948914,31480072.000
2011-07-13,16.18,17.66,16.18,17.10,11084556,189476768.000
2011-07-14,16.97,17.17,16.78,17.11,5440861,92356096.000
2011-07-15,17.00,17.09,16.84,16.96,3621103,61374760.000
2011-07-18,16.93,17.23,16.93,17.02,3054949,52174760.000
2011-07-19,16.98,17.29,16.81,16.98,3731962,63762672.000
2011-07-20,17.05,17.14,16.71,16.86,2215975,37401204.000
2011-07-21,16.99,17.17,16.80,16.83,2913234,49516096.000
2011-07-22,16.90,16.97,16.43,16.56,2708943,45093900.000
2011-07-25,16.56,16.56,15.33,15.51,3438301,54647688.000
2011-07-26,15.56,15.90,15.42,15.62,1867395,29114476.000
2011-07-27,15.63,15.90,15.51,15.78,1724722,27245416.000
2011-07-28,15.71,15.71,15.30,15.50,1787895,27733452.000
2011-07-29,15.60,15.63,15.25,15.28,1400115,21626784.000
2011-08-01,15.28,15.62,15.28,15.52,1105719,17113566.000
2011-08-02,15.52,15.75,15.36,15.74,1534099,23842874.000
2011-08-03,15.61,15.81,15.51,15.69,1374510,21570760.000
2011-08-04,15.70,15.85,15.60,15.79,1284641,20207732.000
2011-08-05,15.36,15.36,15.04,15.11,2701411,41001440.000
2011-08-08,15.08,15.08,13.60,13.83,3996420,56601224.000
2011-08-09,13.54,13.77,12.60,13.60,2969731,39537672.000
2011-08-10,13.80,14.26,13.75,13.80,2225644,31047782.000
2011-08-11,13.51,13.99,13.40,13.96,1737226,23996152.000
2011-08-15,14.08,14.79,14.08,14.56,3064865,44630000.000
2011-08-16,14.56,14.68,14.31,14.51,2270717,32782888.000
2011-08-17,14.49,14.49,14.29,14.43,1182472,17003840.000
2011-08-18,14.45,14.56,14.28,14.32,1762064,25455732.000
2011-08-19,13.99,14.29,13.82,14.10,1560055,21969076.000
2011-08-22,13.99,14.43,13.99,14.33,1532077,21918874.000
2011-08-23,14.30,14.66,14.30,14.66,1717193,24944906.000
2011-08-24,14.75,15.22,14.65,14.81,2344751,35028288.000
2011-08-25,14.80,14.99,14.68,14.91,1389402,20662508.000
2011-08-26,14.82,15.18,14.75,15.08,1582324,23793412.000
2011-08-29,15.14,15.23,14.91,15.21,1795599,26983024.000
2011-08-30,15.25,15.38,14.62,14.70,1688502,25414004.000
2011-08-31,14.76,14.88,14.35,14.60,1004978,14634048.000
2011-09-01,14.68,14.70,14.44,14.50,582153,8474343.000
2011-09-02,14.54,14.61,14.34,14.49,694242,10023169.000
2011-09-05,14.35,14.45,13.82,14.01,1735925,24499084.000
2011-09-06,13.95,14.09,13.85,14.00,521900,7291119.000
2011-09-07,14.15,14.42,14.00,14.40,907363,12928214.000
2011-09-08,14.40,14.62,14.38,14.43,1178215,17097368.000
2011-09-09,14.40,14.92,14.39,14.63,2570638,37800820.000
2011-09-13,14.45,14.54,14.00,14.11,1446884,20561136.000
2011-09-14,14.18,14.71,14.16,14.69,2238711,32433004.000
2011-09-15,14.70,14.88,14.65,14.76,1590275,23490284.000
2011-09-16,14.77,15.08,14.71,15.02,2269644,33991512.000
2011-09-19,15.09,15.09,14.48,14.84,1558681,23120160.000
2011-09-20,14.80,15.20,14.56,15.12,1791568,26771766.000
2011-09-21,15.21,15.87,14.95,15.59,7253841,111587016.000
2011-09-22,15.50,15.92,15.19,15.69,7593866,118429832.000
2011-09-23,15.60,15.96,15.22,15.70,7961375,124249464.000
2011-09-26,16.10,16.10,15.10,15.57,7425622,115645736.000
2011-09-27,15.72,15.72,14.80,14.82,5181638,78577560.000
2011-09-28,14.80,14.94,14.06,14.16,3860242,55700948.000
2011-09-29,14.00,14.19,13.48,13.53,2923944,40508912.000
2011-09-30,13.56,13.78,13.38,13.67,1054368,14348702.000
2011-10-10,13.70,13.80,13.50,13.67,729649,9962610.000
2011-10-11,13.86,14.18,13.69,14.14,1829617,25513366.000
2011-10-12,14.13,14.54,13.91,14.44,2883974,41521160.000
2011-10-13,14.46,14.66,14.23,14.51,1660416,24058384.000
2011-10-14,14.45,14.63,14.31,14.60,1599126,23173624.000
2011-10-17,14.60,14.66,14.38,14.55,1521193,22038748.000
2011-10-18,14.33,14.60,14.21,14.38,1644320,23698870.000
2011-10-19,14.26,14.52,14.26,14.43,902364,13020613.000
2011-10-20,14.35,14.41,13.97,13.97,1922269,27100644.000
2011-10-21,13.90,14.01,12.82,12.89,1713818,22772652.000
2011-10-24,12.97,13.21,12.89,13.20,1055012,13801987.000
2011-10-25,13.30,13.53,12.91,13.42,1498289,19896284.000
2011-10-26,13.28,13.53,13.20,13.41,1664735,22326460.000
2011-10-27,13.39,13.48,13.18,13.26,1034539,13808120.000
2011-10-28,13.36,13.55,13.28,13.45,2300967,30812368.000
2011-10-31,13.48,13.64,13.36,13.63,2032919,27558652.000
2011-11-01,13.57,13.63,13.32,13.50,1297504,17474168.000
2011-11-02,13.29,13.50,12.94,13.49,2583831,33978032.000
2011-11-03,13.50,13.95,13.50,13.64,2926053,40144560.000
2011-11-04,13.79,14.17,13.60,14.08,3162360,44093360.000
2011-11-07,14.07,14.07,13.76,13.80,1678478,23254940.000
2011-11-08,13.76,13.90,13.53,13.55,1576717,21595616.000
2011-11-09,13.56,13.80,13.55,13.78,1057268,14466866.000
2011-11-10,13.72,13.72,13.38,13.40,1273073,17225096.000
2011-11-11,13.40,13.70,13.28,13.41,1233154,16589392.000
2011-11-14,13.45,13.76,13.45,13.68,1690261,23129824.000
2011-11-15,13.75,13.92,13.62,13.83,1784627,24652360.000
2011-11-16,14.20,14.98,14.20,14.48,8567543,125110232.000
2011-11-17,14.21,14.43,14.09,14.20,3398306,48374948.000
2011-11-18,14.00,14.00,13.60,13.71,2448916,33679488.000
2011-11-21,13.71,13.71,13.40,13.67,1153900,15631558.000
2011-11-22,13.46,13.69,13.40,13.53,1032620,13944791.000
2011-11-23,13.48,13.64,13.30,13.31,1105771,14851433.000
2011-11-24,13.17,13.29,12.90,13.05,1794127,23369944.000
2011-11-25,13.05,13.22,13.00,13.03,904886,11862917.000
2011-11-28,13.05,13.35,13.00,13.34,1098411,14532024.000
2011-11-29,13.46,13.54,13.28,13.47,986670,13256131.000
2011-11-30,13.48,13.48,12.70,12.71,1678063,21759936.000
2011-12-01,12.98,13.27,12.89,12.93,1267653,16560118.000
2011-12-02,12.94,12.95,12.64,12.87,761844,9692634.000
2011-12-05,12.60,12.80,12.20,12.23,908500,11266416.000
2011-12-06,12.17,12.40,12.17,12.26,452447,5553171.000
2011-12-07,12.30,12.39,12.20,12.30,541874,6659269.000
2011-12-08,12.35,12.35,11.90,12.24,1100178,13353316.000
2011-12-09,12.08,12.26,11.95,11.99,483801,5829550.000
2011-12-12,12.23,12.23,11.93,12.03,379867,4569299.000
2011-12-13,12.17,12.17,11.23,11.28,807505,9362880.000
2011-12-14,11.20,11.42,10.75,10.85,754347,8371013.000
2011-12-15,10.80,10.80,10.05,10.12,1239071,12754178.000
2011-12-16,10.08,10.54,10.03,10.53,1044211,10793357.000
2011-12-19,10.40,11.19,10.18,11.00,1820921,19566114.000
2011-12-20,11.09,11.09,10.68,10.69,993696,10822653.000
2011-12-21,10.82,10.97,10.45,10.49,858430,9255049.000
2011-12-22,10.39,10.65,10.04,10.52,948812,9824036.000
2011-12-23,10.51,10.70,10.33,10.58,686520,7258831.000
2011-12-26,10.58,10.68,10.30,10.30,550402,5773942.000
2011-12-27,10.28,10.39,9.98,9.99,827590,8389423.000
2011-12-28,9.99,10.08,9.58,9.79,1079252,10594058.000
2011-12-29,9.79,10.00,9.55,9.60,1129228,11068054.000
2011-12-30,9.60,9.96,9.60,9.95,1067474,10482580.000
2012-01-04,9.99,10.06,9.65,9.68,871909,8575975.000
2012-01-05,9.55,9.68,9.00,9.09,1052925,9744647.000
2012-01-06,9.20,9.22,8.78,9.16,612260,5508674.000
2012-01-09,9.16,9.58,9.02,9.57,929446,8768943.000
2012-01-10,9.55,10.12,9.49,10.06,1506334,14852071.000
2012-01-11,10.00,10.55,9.93,10.50,2962045,30628004.000
2012-01-12,10.40,10.65,10.30,10.40,2384989,25006720.000
2012-01-13,10.33,10.49,9.82,9.97,1766041,17817256.000
2012-01-16,9.77,9.77,9.21,9.22,1258444,12006111.000
2012-01-17,9.10,10.14,9.10,10.14,1428947,13965005.000
2012-01-18,10.15,10.49,9.76,9.90,2028465,20669480.000
2012-01-19,9.90,10.85,9.90,10.66,3599880,38052156.000
2012-01-20,10.50,10.64,10.25,10.57,2115611,22128780.000
2012-01-30,10.65,10.66,10.31,10.34,1203231,12652667.000
2012-01-31,10.20,10.68,10.20,10.49,1212916,12761589.000
2012-02-01,10.46,10.59,10.15,10.22,1127869,11703770.000
2012-02-02,10.22,10.47,10.22,10.45,894372,9268586.000
2012-02-03,10.46,10.76,10.36,10.74,1826705,19325380.000
2012-02-06,10.70,10.81,10.60,10.71,1488232,15940043.000
2012-02-07,10.70,10.70,10.27,10.41,1281364,13342298.000
2012-02-08,10.33,10.80,10.24,10.78,1929323,20513032.000
2012-02-09,10.78,11.20,10.71,10.77,2415142,26512332.000
2012-02-10,10.85,11.05,10.71,11.02,1816346,19801232.000
2012-02-13,11.06,11.20,10.86,11.19,1748919,19363304.000
2012-02-14,11.19,11.25,10.96,11.12,1432384,15893929.000
2012-02-15,11.10,11.31,10.96,11.24,1934011,21646760.000
2012-02-16,11.20,11.59,11.07,11.57,2568146,29011352.000
2012-02-17,11.52,11.66,11.31,11.42,2198077,25264016.000
2012-02-20,11.55,11.58,11.36,11.42,1442357,16503588.000
2012-02-21,11.47,11.58,11.25,11.54,1447549,16549820.000
2012-02-22,11.63,11.80,11.60,11.79,2515746,29416896.000
2012-02-23,11.77,11.95,11.64,11.78,2269393,26828788.000
2012-02-24,11.78,11.88,11.58,11.80,1920205,22531476.000
2012-02-27,11.80,11.97,11.75,11.77,2504307,29720960.000
2012-02-28,11.54,11.67,11.35,11.55,2310467,26534516.000
2012-02-29,11.41,11.64,11.41,11.48,1292289,14876756.000
2012-03-01,11.51,11.94,11.22,11.71,2939215,34455984.000
2012-03-02,11.80,11.82,11.66,11.81,2243841,26348244.000
2012-03-05,11.72,12.19,11.72,12.05,4110084,49185872.000
2012-03-06,12.04,12.04,11.70,11.78,2226953,26329192.000
2012-03-07,11.63,11.97,11.55,11.81,2291817,27036556.000
2012-03-08,11.76,12.00,11.76,11.89,2162711,25664422.000
2012-03-09,11.97,12.05,11.80,11.97,2197653,26233560.000
2012-03-12,11.98,12.28,11.97,12.26,3102085,37661392.000
2012-03-13,12.21,12.29,12.10,12.24,2108368,25694452.000
2012-03-14,12.23,13.08,12.02,12.06,7692973,96849648.000
2012-03-15,12.05,12.15,11.41,11.61,2950300,34670712.000
2012-03-16,11.52,11.89,11.52,11.86,1591053,18707548.000
2012-03-19,11.90,12.16,11.80,12.16,1791874,21531364.000
2012-03-20,12.07,12.08,11.60,11.66,2180115,25696768.000
2012-03-21,11.69,11.97,11.68,11.87,1498873,17736790.000
2012-03-22,12.00,12.50,11.82,12.13,3391610,41526360.000
2012-03-23,12.00,12.12,11.21,11.39,2920116,33980300.000
2012-03-26,11.29,11.45,11.20,11.25,1004657,11327119.000
2012-03-27,11.35,11.44,11.20,11.25,864454,9779461.000
2012-03-28,11.25,11.25,10.53,10.58,1481473,15984432.000
2012-03-29,10.55,10.55,10.05,10.10,1141112,11726682.000
2012-03-30,10.15,10.34,9.92,10.08,1100335,11088949.000
2012-04-05,10.09,10.42,10.09,10.37,782610,8081252.000
2012-04-06,10.43,10.59,10.31,10.52,915831,9608926.000
2012-04-09,10.53,10.83,10.37,10.56,1696788,18039280.000
2012-04-10,10.42,10.80,10.23,10.66,1378769,14488115.000
2012-04-11,10.85,10.85,10.49,10.70,798798,8532360.000
2012-04-12,10.63,10.86,10.63,10.86,1154561,12459582.000
2012-04-13,10.84,11.04,10.83,10.94,1161967,12712002.000
2012-04-16,10.87,10.87,10.70,10.73,999138,10775389.000
2012-04-17,10.72,11.60,10.70,11.17,3932400,43636188.000
2012-04-18,11.18,11.68,10.96,11.49,3879848,43815520.000
2012-04-19,11.37,11.58,11.20,11.37,2572092,29275112.000
2012-04-20,11.28,11.48,11.23,11.35,1288014,14609701.000
2012-04-23,11.25,11.25,10.77,10.81,1953619,21397324.000
2012-04-24,10.66,10.88,10.38,10.68,1373238,14526097.000
2012-04-25,10.60,11.28,10.56,10.98,1653501,18270164.000
2012-04-26,10.83,11.13,10.83,11.08,1229533,13485978.000
2012-04-27,11.13,11.15,10.91,11.00,772693,8508411.000
2012-05-02,11.10,11.29,11.00,11.20,1348741,15070619.000
2012-05-03,11.20,11.45,10.95,11.29,2011318,22300184.000
2012-05-04,11.39,11.39,11.07,11.22,1383470,15502914.000
2012-05-07,11.18,11.27,11.03,11.21,1302175,14459086.000
2012-05-10,10.96,10.96,10.70,10.88,1729345,18679408.000
2012-05-11,10.80,11.13,10.77,10.87,1437806,15721279.000
2012-05-14,10.87,10.88,10.49,10.50,1886804,20026352.000
2012-05-15,10.41,10.50,10.18,10.32,1172344,12064461.000
2012-05-16,10.32,10.41,10.10,10.15,818428,8384678.000
2012-05-17,10.10,10.28,10.10,10.27,1056082,10787686.000
2012-05-18,10.20,10.22,9.30,9.88,1706618,17011360.000
2012-05-21,9.85,10.11,9.85,9.91,1201229,11954702.000
2012-05-22,10.04,10.06,9.88,9.98,959719,9540620.000
2012-05-23,10.04,10.04,9.68,9.76,964258,9468018.000
2012-05-24,9.75,10.12,9.65,9.86,2051244,20459116.000
2012-05-25,9.85,10.61,9.85,10.27,3234249,33333388.000
2012-05-28,10.16,10.18,9.69,10.12,1982241,19681392.000
2012-05-29,10.05,10.30,10.00,10.27,2427896,24744836.000
2012-05-30,10.25,10.26,10.10,10.18,1891445,19243792.000
2012-05-31,10.12,10.17,10.00,10.12,1398253,14104493.000
2012-06-01,10.12,10.28,10.08,10.16,1578844,16070398.000
2012-06-04,9.95,9.95,9.56,9.58,2033296,19835526.000
2012-06-05,9.58,9.65,9.48,9.52,795422,7616041.000
2012-06-06,9.59,9.78,9.49,9.57,877418,8428591.000
2012-06-07,9.71,9.72,9.32,9.41,903136,8619832.000
2012-06-08,9.54,9.65,9.33,9.38,605514,5711379.000
2012-06-11,9.42,9.56,9.34,9.50,608198,5740521.000
2012-06-12,9.44,9.48,9.38,9.41,730710,6882798.000
2012-06-13,9.47,9.58,9.39,9.55,712392,6766645.000
2012-06-14,9.55,9.59,9.44,9.44,731310,6960937.000
2012-06-15,9.53,9.53,9.36,9.45,629431,5937447.000
2012-06-18,9.48,9.64,9.45,9.52,874419,8348891.000
2012-06-19,9.50,9.52,9.42,9.48,595501,5630954.000
2012-06-20,9.63,9.66,9.40,9.51,1038002,9883309.000
2012-06-21,9.45,9.51,9.19,9.23,1108075,10299817.000
2012-06-25,9.20,9.29,8.82,8.84,815000,7347529.000
2012-06-26,8.81,8.94,8.72,8.92,543646,4815031.000
2012-06-27,8.86,9.03,8.73,8.74,569718,5074933.000
2012-06-29,8.59,8.77,8.26,8.76,1140487,9675743.000
2012-07-02,8.77,8.82,8.66,8.75,714179,6229611.000
2012-07-03,8.74,8.77,8.58,8.76,1120538,9736808.000
2012-07-04,8.62,8.80,8.62,8.68,545651,4753077.000
2012-07-05,8.51,8.68,8.32,8.37,636290,5354794.000
2012-07-06,8.45,8.61,8.26,8.60,679071,5712555.000
2012-07-09,8.50,8.67,8.35,8.55,730580,6174922.000
2012-07-10,8.44,8.54,8.38,8.45,532317,4498293.000
2012-07-11,8.49,8.49,8.30,8.44,494550,4153370.000
2012-07-12,8.44,8.66,8.27,8.65,1278943,10867185.000
2012-07-13,8.60,8.65,8.44,8.50,703196,5998909.000
2012-07-16,8.55,8.55,8.00,8.04,801149,6585228.000
2012-07-17,7.90,8.10,7.90,8.10,652356,5238970.000
2012-07-18,8.14,8.16,7.89,8.16,883368,7111351.000
2012-07-19,8.10,8.37,8.09,8.25,856348,7062026.000
2012-07-20,8.25,8.40,8.21,8.26,629190,5213858.000
2012-07-23,8.25,8.25,7.98,8.08,468000,3777203.000
2012-07-24,8.00,8.19,8.00,8.14,323883,2631117.000
2012-07-25,8.12,8.95,8.12,8.95,2900467,25754136.000
2012-07-26,8.99,9.48,8.81,9.21,7741458,71564936.000
2012-07-27,9.19,9.20,8.84,8.89,3286518,29423034.000
2012-07-30,8.81,8.90,8.50,8.68,2412343,20884932.000
2012-07-31,8.72,8.74,8.06,8.25,2157664,17951892.000
2012-08-01,8.25,8.50,8.20,8.48,1882564,15725962.000
2012-08-02,8.40,9.33,8.30,9.33,3802808,34944712.000
2012-08-03,9.54,10.26,9.49,10.26,16754356,169372000.000
2012-08-06,10.75,11.29,10.30,11.29,21786200,235458144.000
2012-08-14,10.30,10.79,10.16,10.70,20259173,211054784.000
2012-08-15,10.46,11.68,10.31,11.35,22433832,246041776.000
2012-08-16,11.00,11.06,10.22,10.22,14351459,152045920.000
2012-08-17,10.61,11.24,10.61,11.24,13990278,154268032.000
2012-08-20,11.36,12.23,11.11,11.57,25465981,298595424.000
2012-08-21,11.35,12.65,11.12,12.36,23977273,283354944.000
2012-08-22,12.00,12.10,11.52,11.90,15848540,187467584.000
2012-08-23,11.80,11.95,11.44,11.49,13360178,155793520.000
2012-08-24,11.35,11.69,10.60,10.76,12872500,141937408.000
2012-08-27,10.79,10.95,10.56,10.79,7373580,79375224.000
2012-08-28,10.68,11.03,10.41,10.81,7571887,81288464.000
2012-08-29,10.70,11.26,10.55,10.94,9279989,101890552.000
2012-08-30,10.79,11.06,9.90,10.68,9941991,104010112.000
2012-08-31,10.51,10.71,10.45,10.70,4099300,43436104.000
2012-09-03,11.24,11.77,11.16,11.77,13880495,161177680.000
2012-09-04,11.79,12.38,11.40,11.74,18858012,225672960.000
2012-09-05,11.75,12.90,11.64,12.50,20758717,256388112.000
2012-09-06,12.23,12.50,11.86,12.16,11502145,139279552.000
2012-09-07,12.11,13.08,11.61,12.13,20594561,251888336.000
2012-09-10,12.13,12.54,11.87,12.29,15147581,184625584.000
2012-09-11,12.28,12.28,11.70,11.82,9927837,118220920.000
2012-09-12,11.85,11.95,11.55,11.86,8053221,94273232.000
2012-09-13,11.78,11.96,11.40,11.49,6826450,80254936.000
2012-09-14,11.59,11.70,11.17,11.34,5880925,67412056.000
2012-09-17,11.34,11.65,11.16,11.19,5131215,58595236.000
2012-09-18,11.00,11.41,10.88,11.29,4098881,46204464.000
2012-09-19,11.30,11.42,11.05,11.18,4004576,44968504.000
2012-09-20,11.19,11.19,10.50,10.52,4831336,52041644.000
2012-09-21,10.46,10.46,10.16,10.30,3490995,36018236.000
2012-09-24,10.35,10.56,10.09,10.55,3496840,36389068.000
2012-09-25,10.43,10.55,10.21,10.23,2284247,23699784.000
2012-09-26,10.07,10.23,9.75,9.87,2822753,28249970.000
2012-09-27,9.79,10.17,9.70,10.14,4138638,41509588.000
2012-09-28,10.15,10.88,9.98,10.83,8831662,93712848.000
2012-10-08,10.61,10.85,10.55,10.75,4854025,52009156.000
2012-10-09,10.68,11.20,10.68,10.92,6113224,67376872.000
2012-10-10,10.92,11.17,10.72,11.05,4560083,50076056.000
2012-10-11,11.03,11.03,10.60,10.61,3677830,39565976.000
2012-10-12,10.62,10.79,10.53,10.73,2388976,25507018.000
2012-10-15,10.71,10.71,10.10,10.27,2211065,22695332.000
2012-10-16,10.21,10.77,10.21,10.64,3241701,34154708.000
2012-10-17,10.63,10.70,10.32,10.48,2203917,23090860.000
2012-10-18,10.48,10.65,10.43,10.64,2220454,23520480.000
2012-10-19,10.70,11.14,10.70,10.84,4313399,47205300.000
2012-10-22,10.85,10.95,10.62,10.90,2014434,21823208.000
2012-10-23,10.86,10.93,10.63,10.65,1769535,19035860.000
2012-10-24,10.63,10.63,10.41,10.43,1749232,18316656.000
2012-10-25,10.38,11.13,10.28,10.97,6639852,71772000.000
2012-10-26,10.88,11.25,10.71,11.14,6769943,74697584.000
2012-10-29,11.12,11.47,10.91,10.99,4990054,55929132.000
2012-10-30,10.86,11.05,10.66,10.84,3445612,37142368.000
2012-10-31,10.78,10.85,10.38,10.71,2577305,27319028.000
2012-11-01,10.71,10.87,10.40,10.84,2386557,25719316.000
2012-11-02,10.91,10.95,10.61,10.76,1889540,20296348.000
2012-11-05,10.78,11.18,10.70,11.15,3285937,36037012.000
2012-11-06,11.06,11.15,10.80,10.92,2161169,23638764.000
2012-11-07,10.89,10.95,10.63,10.71,1825156,19668870.000
2012-11-08,10.69,10.69,10.10,10.23,2196760,22832280.000
2012-11-09,10.25,10.34,10.10,10.16,1153534,11758575.000
2012-11-12,10.17,10.29,10.04,10.22,990653,10072266.000
2012-11-13,10.30,10.30,10.02,10.05,1254070,12706866.000
2012-11-14,10.04,10.20,9.90,10.18,1019977,10289447.000
2012-11-15,10.19,10.19,9.94,9.97,776499,7809323.000
2012-11-16,9.94,10.00,9.68,9.80,1030947,10151044.000
2012-11-19,9.78,9.90,9.70,9.83,634496,6237407.000
2012-11-20,9.91,9.98,9.81,9.82,572101,5667773.000
2012-11-21,9.79,10.02,9.73,9.93,606838,5994526.000
2012-11-22,9.93,10.02,9.86,9.91,668799,6658326.000
2012-11-23,9.91,9.99,9.85,9.96,558763,5546972.000
2012-11-26,9.98,10.10,9.91,10.03,817140,8193340.000
2012-11-27,10.00,10.02,9.03,9.13,1588205,14979754.000
2012-11-28,9.13,9.14,8.80,8.85,969485,8638150.000
2012-11-29,8.90,9.10,8.81,8.81,760874,6820371.000
2012-11-30,8.83,9.04,8.80,8.85,557906,4947916.000
2012-12-03,8.81,9.07,8.42,8.43,1294390,11208740.000
2012-12-04,8.43,8.43,8.04,8.30,1991215,16343063.000
2012-12-05,8.29,8.78,8.26,8.71,2917034,25138430.000
2012-12-06,8.60,8.87,8.60,8.79,1599964,13957629.000
2012-12-07,8.77,8.99,8.70,8.98,2025036,17960176.000
2012-12-10,8.92,9.27,8.88,9.21,2433127,22158010.000
2012-12-11,9.16,9.23,9.00,9.09,2343955,21332912.000
2012-12-12,9.11,9.14,8.74,8.91,1827916,16321645.000
2012-12-13,8.90,9.10,8.82,8.87,1149101,10296533.000
2012-12-14,8.87,9.54,8.85,9.36,3429602,31651248.000
2012-12-17,9.36,9.60,9.28,9.45,3055813,28790300.000
2012-12-18,9.49,9.74,9.23,9.55,3399524,32350850.000
2012-12-19,9.49,9.52,9.36,9.42,1760562,16575757.000
2012-12-20,9.68,9.83,9.43,9.52,3266769,31401600.000
2012-12-21,9.46,9.80,9.29,9.45,2985565,28589698.000
2012-12-24,9.30,9.63,9.27,9.43,1604781,15150493.000
2012-12-25,9.39,9.70,9.34,9.60,2753525,26299692.000
2012-12-26,9.61,9.68,9.50,9.65,2670591,25614828.000
2012-12-27,9.75,10.15,9.74,9.88,6343038,63137380.000
2012-12-28,9.80,9.93,9.67,9.86,3162049,30944268.000
2012-12-31,9.80,9.93,9.72,9.86,2327835,22859782.000
2013-01-04,9.86,10.50,9.83,10.15,4895165,49707464.000
2013-01-07,10.08,10.08,9.80,10.00,2711186,26964576.000
2013-01-08,10.15,10.15,9.91,10.12,2127207,21313452.000
2013-01-09,10.10,10.20,9.87,10.00,2680531,27001892.000
2013-01-10,10.00,10.19,9.99,10.16,2510320,25297112.000
2013-01-11,10.10,10.19,9.74,9.81,2274179,22701032.000
2013-01-14,9.71,10.13,9.71,10.12,2320214,23100136.000
2013-01-15,10.09,10.34,10.03,10.30,3544726,36216036.000
2013-01-16,10.25,10.43,10.15,10.28,3234619,33189834.000
2013-01-17,10.23,11.31,10.22,10.73,8905736,97113064.000
2013-01-18,10.57,10.89,10.52,10.72,4276244,45718808.000
2013-01-21,10.72,10.76,10.57,10.67,2244245,23904248.000
2013-01-22,10.63,11.08,10.60,10.77,4316203,47030336.000
2013-01-23,10.72,10.88,10.35,10.60,2921883,30802300.000
2013-01-24,10.62,10.66,10.03,10.11,2594017,26762396.000
2013-01-25,10.00,10.23,9.91,10.00,1767631,17784248.000
2013-01-28,10.04,10.30,10.00,10.26,1508112,15340092.000
2013-01-29,10.27,10.35,10.13,10.32,1954661,19973360.000
2013-01-30,10.32,10.32,10.17,10.23,1413407,14443918.000
2013-01-31,10.24,10.25,10.05,10.13,1447744,14628140.000
2013-02-01,10.12,10.13,9.93,10.04,1632784,16317927.000
2013-02-04,10.00,10.22,9.96,10.21,1843949,18581834.000
2013-02-05,10.19,10.19,9.97,10.06,1422381,14325431.000
2013-02-06,10.06,10.22,10.03,10.21,1458331,14794417.000
2013-02-07,10.26,10.27,10.07,10.16,1042929,10568090.000
2013-02-08,10.16,10.25,10.12,10.18,1160650,11835564.000
2013-02-18,10.22,10.54,10.22,10.45,2413247,25006640.000
2013-02-19,10.41,11.33,10.40,10.81,6542462,71479128.000
2013-02-20,10.76,10.82,10.52,10.74,2853435,30441216.000
2013-02-21,10.74,10.74,10.26,10.36,2591163,27034768.000
2013-02-22,10.31,10.41,10.11,10.13,2282918,23372240.000
2013-02-25,10.13,10.30,10.13,10.20,1036122,10590945.000
2013-02-26,10.20,10.57,10.16,10.25,2094761,21830076.000
2013-02-27,10.30,10.76,10.19,10.75,3036818,31898704.000
2013-02-28,10.78,11.37,10.60,11.32,10455901,116134008.000
2013-03-01,11.38,11.70,11.07,11.48,10035811,114003992.000
2013-03-04,11.20,11.28,11.00,11.06,4795511,53217596.000
2013-03-05,11.00,11.09,10.80,11.02,4008540,43920296.000
2013-03-06,10.99,11.25,10.94,11.20,3751251,41850652.000
2013-03-07,11.10,11.20,10.82,10.88,2636093,28849484.000
2013-03-08,11.00,11.38,10.89,11.28,5718740,64273344.000
2013-03-11,11.24,11.43,11.09,11.12,2677013,30083828.000
2013-03-12,11.15,11.16,10.30,10.52,3647303,39042008.000
2013-03-13,10.46,10.65,10.38,10.50,1525665,16040079.000
2013-03-14,10.50,10.65,10.49,10.57,1118600,11833122.000
2013-03-15,10.58,10.74,10.33,10.59,1489382,15781885.000
2013-03-18,10.53,10.59,10.31,10.31,1208523,12584836.000
2013-03-19,10.41,10.45,10.11,10.25,1042004,10710245.000
2013-03-20,10.37,11.28,10.33,11.28,4642274,51601544.000
2013-03-21,11.68,12.27,11.54,11.85,14102948,167018544.000
2013-03-22,11.74,11.86,11.58,11.81,7016304,82359128.000
2013-03-25,11.65,11.82,11.47,11.59,4047102,47079868.000
2013-03-26,11.54,11.60,11.22,11.43,3688396,41881792.000
2013-03-27,11.42,11.69,11.36,11.62,4135925,47709164.000
2013-03-28,11.41,11.41,10.65,10.74,4760017,51840832.000
2013-03-29,10.74,10.92,10.68,10.76,2045744,22165832.000
2013-04-01,10.89,11.06,10.70,10.72,1937709,21073018.000
2013-04-02,10.72,11.79,10.70,10.99,6737367,76573144.000
2013-04-03,10.89,10.94,10.46,10.56,5377011,57210868.000
2013-06-14,11.62,11.62,11.62,11.62,266881,3101157.000
2013-06-17,12.78,12.78,12.78,12.78,401868,5135873.000
2013-06-18,14.06,14.06,14.06,14.06,636670,8951580.000
2013-06-19,15.47,15.47,15.47,15.47,4748367,73457240.000
2013-06-20,16.48,17.02,16.26,17.02,33086492,550158336.000
2013-06-21,16.40,16.70,15.80,16.43,19208957,314233760.000
2013-06-24,16.38,16.61,14.79,14.79,18171333,281511552.000
2013-06-25,14.26,14.85,13.68,14.78,17075427,246576416.000
2013-06-26,14.53,15.50,14.11,15.13,16256309,240589504.000
2013-06-27,15.00,15.13,13.88,14.01,13563893,197359584.000
2013-06-28,13.74,14.56,13.20,14.54,11966621,168680832.000
2013-07-01,14.25,14.96,14.07,14.64,10012830,146297952.000
2013-07-02,14.50,15.85,14.10,15.65,15927989,239337152.000
2013-07-03,15.38,15.67,14.97,15.39,11575407,177409120.000
2013-07-04,15.12,16.36,14.78,15.84,14800592,231297824.000
2013-07-05,15.63,16.31,14.72,14.79,13957340,218514256.000
2013-07-08,14.60,15.19,14.12,14.79,9032472,132515320.000
2013-07-09,14.60,15.15,14.49,14.57,6302431,93105600.000
2013-07-10,14.65,16.03,14.49,16.03,16124325,251707424.000
2013-07-11,16.35,17.63,16.03,17.09,33551537,574598464.000
2013-07-12,16.85,16.89,16.11,16.42,23110126,381021920.000
数据来源:通达信
