600638 新黄浦 日线
      日期	    开盘	    最高	    最低	    收盘	    成交量	    成交额
2007-01-11,5.94,6.02,5.73,5.75,9853576,61593708.000
2007-01-12,5.72,5.80,5.39,5.41,7780913,46774072.000
2007-01-15,5.31,5.74,5.31,5.70,7237285,43232008.000
2007-01-16,5.78,6.01,5.68,5.91,13243412,82529808.000
2007-01-17,5.90,5.96,5.38,5.44,17692319,106888672.000
2007-01-18,5.35,5.35,5.03,5.29,10907664,61020692.000
2007-01-19,5.32,5.86,5.32,5.86,19006606,115662224.000
2007-01-22,6.46,6.49,6.35,6.49,21189194,145587472.000
2007-01-23,7.00,7.18,6.62,7.18,38003378,279537248.000
2007-01-24,7.18,7.75,7.18,7.24,23649599,185294976.000
2007-01-25,7.15,7.57,6.80,7.26,18829582,143049440.000
2007-01-26,7.26,8.03,7.12,8.03,28379253,233740096.000
2007-01-29,8.28,8.87,8.08,8.87,21126787,189362320.000
2007-01-30,8.79,9.08,7.94,8.26,21157589,189338688.000
2007-01-31,8.08,8.97,8.02,8.52,19713022,175508944.000
2007-02-01,8.21,8.53,7.63,7.82,15788910,131843168.000
2007-02-02,7.96,8.22,7.37,7.44,13094790,107499624.000
2007-02-05,7.46,8.21,7.46,8.21,14930449,122178928.000
2007-02-06,8.40,8.93,7.85,8.85,21669421,193981568.000
2007-02-07,9.10,9.20,8.60,8.78,16245911,150008384.000
2007-02-08,8.71,8.98,8.65,8.78,10402015,95731728.000
2007-02-09,8.78,8.83,8.25,8.70,12428037,111209488.000
2007-02-12,8.90,9.61,8.90,9.61,15241338,146042704.000
2007-02-13,9.81,10.61,9.66,10.12,17535985,186879552.000
2007-02-14,10.10,10.44,9.82,10.34,9992654,106315672.000
2007-02-15,10.38,11.10,10.38,10.78,9801347,109571096.000
2007-02-16,10.90,11.08,10.41,10.48,10166873,112678376.000
2007-02-26,10.63,10.88,10.18,10.64,9938081,109637912.000
2007-02-27,10.80,11.74,10.03,10.15,20301504,231508960.000
2007-02-28,10.36,11.21,10.35,11.21,14711453,165138304.000
2007-03-01,11.49,12.10,11.08,11.86,21086672,252775648.000
2007-03-02,11.87,11.87,11.13,11.59,12370152,146814400.000
2007-03-05,11.40,11.60,10.48,10.91,11785395,134117320.000
2007-03-06,10.80,11.14,10.30,10.86,9088073,100915856.000
2007-03-07,11.04,11.18,10.86,10.92,5959027,67840120.000
2007-03-08,10.79,11.18,10.53,11.01,8116023,90969912.000
2007-03-09,10.92,11.70,10.80,11.52,13041907,151420528.000
2007-03-12,11.49,11.98,11.22,11.74,13158750,158529248.000
2007-03-13,11.76,12.44,11.76,12.19,13577308,170889008.000
2007-03-14,11.90,12.18,11.45,11.73,11420764,139841248.000
2007-03-15,11.75,12.94,11.75,12.94,17665831,230851152.000
2007-03-16,13.55,13.74,12.19,12.78,25221617,338486976.000
2007-03-19,12.20,13.54,12.12,12.83,22622338,300274944.000
2007-03-20,13.00,13.88,12.78,13.53,21008765,291565504.000
2007-03-21,13.39,13.80,13.20,13.56,12657116,175333568.000
2007-03-22,13.60,13.70,13.18,13.25,12093669,166592912.000
2007-03-23,13.70,14.56,13.70,14.32,24392064,354411008.000
2007-03-26,14.32,14.59,13.90,14.35,12957873,189649280.000
2007-03-27,14.42,14.55,14.16,14.36,10590492,155651808.000
2007-03-28,14.36,14.36,13.08,13.89,15486940,220252528.000
2007-03-29,13.77,13.90,13.25,13.29,12822009,177547280.000
2007-03-30,13.10,13.80,12.91,13.56,6771945,93896848.000
2007-04-02,13.91,14.39,13.91,14.12,11923839,173872960.000
2007-04-03,14.10,14.35,14.00,14.14,10613120,155134048.000
2007-04-04,14.19,14.55,14.13,14.26,10108252,148938976.000
2007-04-05,14.20,15.35,14.10,15.05,16035163,243960336.000
2007-04-06,14.90,16.40,14.75,16.18,16642445,270190656.000
2007-04-09,16.46,17.84,16.46,17.57,17235257,306889024.000
2007-04-10,17.57,17.57,16.61,16.83,20413336,354332480.000
2007-04-12,17.10,17.48,16.30,16.96,20377043,350706784.000
2007-04-13,17.00,17.79,16.61,17.17,19110487,336480032.000
2007-04-16,17.48,17.93,17.18,17.58,16630707,298134272.000
2007-04-17,17.60,17.68,16.30,17.28,15267146,267995008.000
2007-04-18,17.30,17.30,16.61,17.26,15334063,266303712.000
2007-04-19,17.25,17.69,16.11,17.04,20075951,354977408.000
2007-04-20,17.25,18.67,17.22,18.38,20838884,383184256.000
2007-04-23,18.68,19.36,18.38,18.77,17247215,331935456.000
2007-04-24,18.78,19.19,18.28,18.38,17519722,334427904.000
2007-04-25,18.00,18.00,16.63,17.51,16461489,295361568.000
2007-04-26,17.45,17.87,17.08,17.35,12109542,215356640.000
2007-04-27,17.55,18.48,17.51,18.14,16746466,309060128.000
2007-04-30,17.99,19.04,17.50,18.88,24855088,466678784.000
2007-05-08,19.68,20.81,19.25,20.81,24739088,511231104.000
2007-05-09,20.95,22.90,19.90,21.91,31141516,689073664.000
2007-05-10,21.60,21.60,20.46,20.66,17994052,381877152.000
2007-05-11,18.80,20.65,18.80,20.47,41588838,833349376.000
2007-05-14,19.80,21.09,19.60,20.35,52507237,1090468736.000
2007-05-15,20.63,20.99,19.49,19.58,50593746,1045799168.000
2007-05-16,19.50,20.08,18.69,20.00,26305964,522705952.000
2007-05-17,20.05,20.95,19.70,20.48,31110096,646117568.000
2007-05-21,19.40,21.08,19.40,20.54,27845379,577219200.000
2007-05-22,21.05,22.63,20.78,22.63,49242050,1101627776.000
2007-05-23,23.10,23.90,22.36,23.27,43899964,1032824640.000
2007-05-24,23.10,23.19,21.85,22.33,35628782,813834624.000
2007-05-25,22.11,23.15,22.11,22.55,29803096,687007104.000
2007-05-28,22.87,23.90,22.78,22.86,26629436,631964544.000
2007-05-29,22.98,23.40,22.27,23.00,25043627,581789184.000
2007-05-30,20.66,22.28,20.66,20.66,28606169,622588096.000
2007-05-31,19.91,20.08,18.55,18.91,35722455,693547776.000
2007-06-01,19.30,19.56,16.98,16.98,28116252,512687904.000
2007-06-04,17.02,17.60,15.24,15.24,21216360,342706528.000
2007-06-05,14.20,15.59,13.68,15.57,29475264,430655552.000
2007-06-06,15.67,16.36,14.65,15.62,25269096,408209024.000
2007-06-07,15.66,16.59,15.49,16.51,27241354,450866752.000
2007-06-08,16.94,17.38,16.56,16.89,28705337,498604736.000
2007-06-11,17.30,18.00,17.30,17.48,25168803,453313568.000
2007-06-12,17.66,17.70,16.31,17.39,22657684,396247808.000
2007-06-13,17.51,18.52,17.45,18.49,25314059,467298048.000
2007-06-14,18.12,18.39,17.62,17.77,16479078,303004992.000
2007-06-15,17.40,17.80,16.98,17.42,19959263,354128352.000
2007-06-18,17.96,18.48,17.85,18.00,19687863,364557312.000
2007-06-19,17.85,19.84,17.61,19.84,34732711,675463424.000
2007-06-20,20.28,20.49,18.83,19.05,32038341,648917568.000
2007-06-21,19.41,19.90,18.40,18.87,19008091,367553088.000
2007-06-22,18.95,19.63,17.40,17.93,23596619,449686848.000
2007-06-25,17.92,18.18,16.10,16.10,19080682,327763424.000
2007-06-26,15.70,16.48,14.80,16.45,15568779,248770016.000
2007-06-27,16.62,18.11,16.33,17.88,21242288,372178176.000
2007-06-28,17.86,19.35,17.22,17.26,31053896,582871808.000
2007-06-29,16.60,17.23,16.11,16.43,16795943,285947424.000
2007-07-02,16.40,16.90,15.32,16.62,12573912,208205840.000
2007-07-03,16.75,16.85,16.01,16.62,9816422,165918320.000
2007-07-04,16.62,16.62,15.90,16.02,5827459,97318048.000
2007-07-05,15.58,15.85,14.38,14.40,11300346,174797600.000
2007-07-06,14.25,15.40,13.87,15.37,12042385,181910448.000
2007-07-09,15.82,16.59,15.61,16.12,15019383,248401136.000
2007-07-10,16.10,16.80,15.48,16.43,18113458,302023712.000
2007-07-11,15.99,16.65,15.78,16.18,6933605,114413008.000
2007-07-12,16.26,16.58,16.20,16.43,7463579,124660064.000
2007-07-13,16.49,16.60,15.90,16.15,5306316,87002136.000
2007-07-16,16.22,16.30,15.26,15.29,6039262,96421048.000
2007-07-17,15.26,16.40,15.01,15.97,8403533,136145856.000
2007-07-18,15.96,16.48,15.71,16.05,8134206,133827632.000
2007-07-19,16.10,16.38,15.90,16.17,5494373,90274232.000
2007-07-20,16.20,17.58,16.17,17.52,21767124,378166272.000
2007-07-23,17.80,18.68,17.80,18.04,27059710,499491072.000
2007-07-24,17.99,19.60,17.70,18.98,32300199,617801728.000
2007-07-25,19.40,19.66,18.81,19.31,24035392,469740448.000
2007-07-26,19.43,20.12,18.98,19.74,19183161,381203520.000
2007-07-27,19.43,20.79,19.11,20.59,24183751,490990720.000
2007-07-30,20.17,21.10,20.03,20.23,22757637,474665216.000
2007-07-31,20.14,20.45,19.30,19.70,19574835,391897728.000
2007-08-01,19.70,20.13,18.71,18.76,21664508,426282272.000
2007-08-02,19.05,19.78,18.80,19.74,16337878,320973760.000
2007-08-03,19.91,21.19,19.75,20.61,35371439,743866560.000
2007-08-06,20.70,21.54,20.10,20.79,23210419,489257344.000
2007-08-07,20.70,20.70,20.01,20.20,17509830,360546048.000
2007-08-08,20.05,21.30,19.79,21.27,29391995,620198656.000
2007-08-09,21.30,22.69,21.29,22.27,35303687,792512960.000
2007-08-10,22.32,23.58,21.71,23.30,38430944,886992640.000
2007-08-13,23.30,23.91,21.33,21.88,35942028,824489408.000
2007-08-14,21.71,23.50,21.20,23.09,29623481,674267776.000
2007-08-15,23.20,23.91,22.10,23.34,37450473,883353792.000
2007-08-16,23.10,23.70,22.50,22.67,26035706,606588288.000
2007-08-17,22.48,22.87,21.30,21.49,22781248,509079392.000
2007-08-20,22.00,22.70,21.71,22.40,12763729,288304288.000
2007-08-21,22.68,22.78,21.96,22.25,14065224,317127488.000
2007-08-22,21.90,23.09,21.70,22.28,15851580,361688608.000
2007-08-23,22.28,22.98,22.00,22.87,17065892,390193376.000
2007-08-24,23.01,24.70,22.60,24.38,38620344,925833472.000
2007-08-27,24.72,24.90,24.09,24.42,31332290,778251648.000
2007-08-28,24.00,26.89,23.00,26.49,54686179,1420002304.000
2007-08-29,26.49,29.17,25.70,29.17,49844110,1419528064.000
2007-08-30,29.80,31.92,27.91,28.41,69716995,2107709056.000
2007-08-31,28.58,29.50,27.72,29.02,31767300,923057472.000
2007-09-03,29.68,30.00,28.65,28.74,24810254,730501952.000
2007-09-04,28.79,28.79,27.20,27.30,28504811,798688960.000
2007-09-05,27.35,28.57,27.20,27.96,17377986,491168032.000
2007-09-06,28.10,30.28,27.40,30.03,28965253,844019264.000
2007-09-07,30.04,31.80,29.28,29.88,40351236,1253212928.000
2007-09-10,28.98,30.68,28.78,29.95,20111289,602878720.000
2007-09-11,29.70,29.70,26.93,26.95,24508427,703872704.000
2007-09-12,26.71,27.70,24.73,26.39,22373887,593507008.000
2007-09-13,26.50,28.88,25.70,28.71,18170515,495907200.000
2007-09-14,28.20,29.60,27.20,28.24,17531522,501718112.000
2007-09-17,27.71,28.88,27.70,28.05,11117944,317863104.000
2007-09-18,28.05,29.15,27.71,28.67,14929052,432240992.000
2007-09-19,28.70,29.98,28.27,28.55,16693401,493871904.000
2007-09-20,28.70,29.05,27.40,27.71,17173572,484436416.000
2007-09-21,27.84,28.57,26.70,26.95,13344346,369316224.000
2007-09-24,27.39,27.70,25.98,26.82,14896762,404164160.000
2007-09-25,26.88,27.21,26.02,26.98,15301800,411200544.000
2007-09-26,26.90,26.95,25.58,25.63,11405439,301425792.000
2007-09-27,25.62,26.02,25.01,25.20,9163528,235356816.000
2007-09-28,25.71,26.95,25.50,26.60,12117272,323254848.000
2007-10-08,27.05,27.66,26.14,26.78,13102083,356431648.000
2007-10-09,26.81,27.04,26.38,26.68,7124451,191955136.000
2007-10-10,26.70,28.20,26.40,27.61,18431667,508077056.000
2007-10-11,27.58,28.20,26.85,26.89,12600857,350908992.000
2007-10-12,26.88,26.88,24.30,25.65,18594257,478672320.000
2007-10-15,25.34,25.70,24.36,24.86,13460135,338711680.000
2007-10-16,24.90,25.96,24.68,25.94,14139080,361946976.000
2007-10-17,26.20,27.80,25.90,27.19,26270486,713351360.000
2007-10-18,26.70,27.08,25.41,25.46,10765621,285257792.000
2007-10-19,25.70,26.18,25.29,25.48,6212325,161218720.000
2007-10-22,24.80,25.20,23.38,23.50,8582345,212166304.000
2007-10-23,24.01,24.57,22.25,23.20,9702070,228388176.000
2007-10-24,23.26,23.60,22.55,22.83,8017511,186312176.000
2007-10-25,20.81,22.40,20.52,20.52,12000759,253707104.000
2007-10-26,19.71,20.30,18.59,19.56,10544795,209373216.000
2007-10-29,20.21,21.55,20.02,21.53,11606147,248309696.000
2007-10-30,22.31,23.71,22.31,23.71,14356155,338421952.000
2007-10-31,24.50,25.25,23.25,23.67,20836937,509311200.000
2007-11-01,23.60,25.49,23.20,24.56,18009266,445889024.000
2007-11-02,24.52,25.66,23.79,24.81,13548377,342293408.000
2007-11-05,24.49,25.26,24.26,24.65,9116100,228523008.000
2007-11-06,25.21,25.40,22.21,23.16,9456182,230373680.000
2007-11-07,23.31,24.56,23.31,24.38,7980725,194326656.000
2007-11-08,24.20,25.00,23.31,23.40,9434218,231954848.000
2007-11-09,23.19,23.68,21.71,22.50,6933229,158806480.000
2007-11-12,21.80,23.48,21.62,22.85,6958252,160581936.000
2007-11-13,23.25,23.65,22.38,22.70,4828350,112935384.000
2007-11-14,23.06,24.23,22.70,24.12,7660923,182395888.000
2007-11-15,23.70,25.20,23.50,24.24,12520922,310386720.000
2007-11-16,23.70,25.00,23.70,24.68,9520250,236500096.000
2007-11-20,27.18,27.18,24.68,25.34,13851730,357169056.000
2007-11-22,25.34,26.38,24.50,24.51,13257829,344225184.000
2007-11-23,24.31,25.30,23.92,25.27,7311451,183378832.000
2007-11-26,25.90,26.00,24.60,24.75,8016420,203782656.000
2007-11-27,24.86,25.55,22.38,22.68,12455153,302805312.000
2007-11-28,22.56,23.20,21.31,22.02,8797349,197086384.000
2007-11-29,22.48,23.18,22.10,23.07,6444503,148370768.000
2007-11-30,23.08,23.12,21.90,21.95,5460871,123917688.000
2007-12-03,21.80,22.69,21.40,22.34,3810171,85711792.000
2007-12-04,22.68,23.50,22.50,23.20,5906732,137967680.000
2007-12-05,23.10,23.49,22.70,23.20,5033105,117342312.000
2007-12-06,23.12,23.56,22.86,23.04,4361271,102452264.000
2007-12-07,23.05,23.43,22.83,23.27,4653036,109199080.000
2007-12-10,22.87,23.86,22.65,23.73,7106264,168683040.000
2007-12-11,23.88,24.48,23.50,24.33,8024450,194263440.000
2007-12-12,24.00,24.32,23.59,23.98,6631312,160618384.000
2007-12-13,23.61,23.90,22.30,22.32,7458977,174500352.000
2007-12-14,22.07,23.26,21.88,23.02,5022851,114090560.000
2007-12-17,22.81,22.81,21.70,21.71,7866611,176088048.000
2007-12-18,22.00,22.45,21.70,21.74,3632746,80733704.000
2007-12-19,22.15,22.38,21.80,22.21,3658072,81957432.000
2007-12-20,22.30,22.61,22.05,22.45,4789759,108439408.000
2007-12-21,22.44,22.66,22.11,22.54,5520956,124916232.000
2007-12-24,22.54,24.68,22.54,24.35,13295997,317681952.000
2007-12-25,24.00,24.66,23.50,23.87,9806561,238505728.000
2007-12-26,24.20,24.58,23.86,24.01,14333470,351773984.000
2007-12-27,24.05,25.07,23.81,24.85,16402922,407697056.000
2007-12-28,25.30,26.19,25.15,25.50,20268526,527275168.000
2008-01-02,25.90,26.30,25.38,26.05,14080251,368448064.000
2008-01-03,25.90,26.08,25.23,25.48,12345003,319507904.000
2008-01-04,25.70,26.28,25.59,26.03,11886507,311990208.000
2008-01-07,26.03,26.98,25.70,26.47,11654834,312639200.000
2008-01-08,26.20,27.28,25.82,26.70,22278448,599040640.000
2008-01-09,26.40,27.70,26.20,27.19,17648802,483640992.000
2008-01-10,27.54,28.07,26.92,27.07,13372666,372585440.000
2008-01-11,26.99,27.66,26.68,27.20,9952275,273564704.000
2008-01-14,27.50,27.83,26.80,26.89,10429414,286314720.000
2008-01-15,26.90,27.19,26.39,26.48,12120185,326988608.000
2008-01-16,26.15,26.20,25.15,25.23,13459246,348245408.000
2008-01-17,25.10,25.69,23.39,24.23,12121187,300890432.000
2008-01-18,24.23,24.87,24.15,24.65,7864720,195296880.000
2008-01-21,25.19,25.33,22.80,23.11,8659876,211367168.000
2008-01-22,22.60,22.66,20.77,20.77,10272948,223043712.000
2008-01-23,20.50,21.86,20.00,21.61,8558147,183285392.000
2008-01-24,21.91,22.04,21.19,21.67,8308284,182508896.000
2008-01-25,21.67,22.67,21.21,22.10,8220243,183561712.000
2008-01-28,21.84,21.85,19.86,19.86,8252658,170652832.000
2008-01-29,19.81,20.38,19.28,20.11,5229779,105600984.000
2008-01-30,20.68,21.17,19.78,20.31,5345238,111352488.000
2008-01-31,20.25,20.65,20.01,20.16,3206370,66298040.000
2008-02-01,20.20,21.10,19.28,20.09,5054204,103748096.000
2008-02-04,20.68,21.83,20.09,21.79,7355600,158363152.000
2008-02-05,21.37,21.92,21.11,21.29,4772109,103615128.000
2008-02-13,21.20,21.20,20.42,20.46,3296000,69088144.000
2008-02-14,20.91,21.20,20.59,21.00,2841224,60276180.000
2008-02-15,20.78,20.78,20.09,20.41,3870401,79941104.000
2008-02-18,20.50,21.06,20.49,20.85,4773767,100628928.000
2008-02-19,20.75,22.03,20.75,21.75,7331758,159174144.000
2008-02-20,21.79,21.90,20.60,20.99,5906901,128002128.000
2008-02-21,20.70,21.47,20.68,21.22,4751614,101913608.000
2008-02-22,21.10,21.10,20.10,20.31,6130545,127617216.000
2008-02-25,20.11,20.57,18.58,18.71,7106438,140066976.000
2008-02-26,19.70,20.00,19.01,19.70,6341074,126094480.000
2008-02-27,19.70,20.37,19.56,20.08,3826559,78120672.000
2008-02-28,20.20,20.53,19.72,20.10,4000281,81638792.000
2008-02-29,20.10,21.08,19.93,20.69,4817388,101035856.000
2008-03-03,20.55,22.05,20.31,21.72,8598426,186967296.000
2008-03-04,21.90,21.98,20.81,20.86,7630970,165494368.000
2008-03-05,20.95,22.98,20.95,22.94,20257918,459067200.000
2008-03-06,23.51,24.88,22.94,23.40,30020566,729572288.000
2008-03-07,23.00,23.40,22.15,22.45,11405055,263128800.000
2008-03-10,21.88,22.20,21.08,21.39,7009051,153641712.000
2008-03-11,21.11,22.02,20.91,21.85,4673903,101567520.000
2008-03-12,22.40,22.49,20.57,20.61,4542873,98817480.000
2008-03-13,20.20,20.45,19.22,19.67,6935502,139151632.000
2008-03-14,19.67,20.35,19.67,19.89,3407197,69126576.000
2008-03-17,19.80,20.09,17.87,17.87,6262703,118990240.000
2008-03-18,17.53,18.36,16.05,16.26,7357379,125374064.000
2008-03-19,16.80,17.43,16.30,17.02,6029839,103678920.000
2008-03-20,16.67,18.17,16.10,17.79,7166145,125136080.000
2008-03-21,17.80,18.91,17.51,18.33,7002437,129297000.000
2008-03-24,18.50,18.95,17.40,17.51,5648713,104933768.000
2008-03-25,17.39,18.26,16.95,18.00,4445248,79606712.000
2008-03-26,18.48,18.53,17.50,17.68,3132076,57219884.000
2008-03-27,17.31,17.55,16.50,16.53,4586443,79174424.000
2008-03-28,17.47,18.21,16.90,18.21,9456265,170173104.000
2008-03-31,17.60,18.39,17.01,17.61,6699576,122051088.000
2008-04-01,17.40,17.77,16.06,16.10,5699091,96572552.000
2008-04-02,16.50,16.73,14.70,14.95,5526407,88314224.000
2008-04-03,14.90,15.54,13.70,15.03,5218539,77125776.000
2008-04-07,14.49,15.93,14.21,15.83,4653229,73005664.000
2008-04-08,15.84,16.65,15.55,16.13,5518825,90617976.000
2008-04-09,15.83,16.68,15.34,15.53,7184902,117767016.000
2008-04-10,15.20,16.19,15.10,16.15,4426166,70957680.000
2008-04-11,16.40,16.65,16.06,16.31,4836841,80632160.000
2008-04-14,15.70,15.95,14.65,14.65,5218822,80640432.000
2008-04-15,14.50,15.36,14.11,14.99,4204256,63093428.000
2008-04-16,15.20,15.45,14.65,14.67,4408826,67711800.000
2008-04-17,14.55,14.95,13.40,13.58,4651954,66357908.000
2008-04-21,14.50,14.65,12.19,12.19,8656404,117182080.000
2008-04-22,11.70,11.70,10.94,11.35,8849440,101564496.000
2008-04-23,11.14,12.20,11.01,12.00,6167643,73907000.000
2008-04-24,13.22,13.23,12.78,13.23,10291363,138481056.000
2008-04-25,13.30,14.50,12.71,13.90,12264937,173650880.000
2008-04-28,13.68,14.26,13.51,13.86,6332311,90150688.000
2008-04-29,13.69,14.26,13.69,14.05,5932374,84703864.000
2008-04-30,14.25,14.93,14.20,14.69,8463759,125370424.000
2008-05-05,14.91,15.25,14.41,15.15,8903211,134956272.000
2008-05-06,15.15,15.99,14.91,15.64,14995085,237006928.000
2008-05-07,15.45,15.80,14.20,14.23,9787889,149971456.000
2008-05-08,14.05,15.10,13.98,14.85,7370430,109070432.000
2008-05-09,14.89,14.90,13.76,14.05,10429331,151884944.000
2008-05-12,13.70,14.23,12.71,13.80,9152551,125964336.000
2008-05-13,13.10,13.99,13.00,13.26,6729114,92757632.000
2008-05-14,13.33,14.31,13.33,14.12,6442610,91984336.000
2008-05-15,14.28,14.49,13.97,14.06,5979201,87280376.000
2008-05-16,14.30,14.50,13.90,14.24,5100427,74212800.000
2008-05-19,14.30,14.30,13.72,13.80,3409893,48312320.000
2008-05-20,13.76,14.05,12.92,13.04,5214447,72190320.000
2008-05-21,12.82,13.50,12.51,13.39,5703653,75186264.000
2008-05-22,13.20,13.38,12.98,12.99,3930038,52788232.000
2008-05-23,12.98,13.18,12.55,12.66,3321444,43594208.000
2008-05-26,12.31,12.49,11.71,11.80,5899527,72591536.000
2008-05-27,11.81,12.20,11.80,12.06,3146530,38668748.000
2008-05-28,12.13,13.30,11.90,13.30,5630068,74108152.000
2008-05-29,13.60,14.66,13.45,14.23,35146158,513284416.000
2008-05-30,14.23,15.68,14.02,15.68,52505684,816877440.000
2008-06-05,15.68,16.05,14.68,15.43,38661214,609581888.000
2008-06-06,15.26,15.92,14.55,14.97,25242011,393096832.000
2008-06-10,14.10,14.45,13.44,13.44,14376131,200535280.000
2008-06-11,12.80,13.30,12.20,13.20,20980070,274269856.000
2008-06-12,12.82,14.55,12.73,14.55,43402564,630188288.000
2008-06-13,14.50,14.94,13.52,13.80,33214463,488412512.000
2008-06-16,13.50,15.21,13.31,15.09,35757143,538721024.000
2008-06-17,14.94,15.66,14.18,15.25,36092537,548918464.000
2008-06-18,14.84,16.55,14.28,16.41,42919053,683801216.000
2008-06-19,15.78,17.00,14.74,14.74,34063343,553435200.000
2008-06-20,14.76,15.90,13.58,15.16,30202261,462971232.000
2008-06-23,14.59,14.80,13.61,13.61,19168906,277542272.000
2008-06-24,12.80,14.02,12.31,13.69,23344902,315724576.000
2008-06-25,13.70,15.09,13.50,15.09,20311984,304047072.000
2008-06-26,15.18,16.50,15.15,15.47,39862541,643901504.000
2008-06-27,14.70,16.15,14.60,15.78,38787983,617344256.000
2008-07-01,15.80,16.44,15.09,15.18,29227286,471274912.000
2008-07-02,15.18,16.73,14.96,16.73,45936676,762498560.000
2008-07-03,16.48,17.93,16.09,17.19,52679079,917082368.000
2008-07-04,17.03,17.55,16.83,17.10,24588606,429446784.000
2008-07-07,17.15,18.50,16.90,17.66,30200596,548363456.000
2008-07-08,17.75,18.88,17.18,18.48,33949931,619057536.000
2008-07-09,18.24,19.20,18.00,18.12,39304403,743720960.000
2008-07-10,17.75,18.57,16.70,16.86,38485885,693276480.000
2008-07-11,16.70,17.90,16.62,17.74,26213888,459663296.000
2008-07-14,17.48,18.09,17.30,17.63,18541292,334201760.000
2008-07-15,17.80,18.45,17.31,17.82,23523517,430831136.000
2008-07-16,17.35,17.62,16.22,16.28,20683282,354467584.000
2008-07-17,16.66,16.90,15.50,15.70,14724124,245496688.000
2008-07-18,16.00,17.03,15.15,16.87,17472793,284176768.000
2008-07-21,16.59,18.18,16.29,17.74,23527069,419780896.000
2008-07-22,17.60,18.27,17.56,17.62,16419137,298969952.000
2008-07-23,17.73,18.51,17.26,18.07,24026653,439499520.000
2008-07-24,18.29,18.60,17.80,18.20,22423351,417488512.000
2008-07-25,18.00,18.51,17.48,17.62,18620476,339560256.000
2008-07-28,17.76,18.62,17.66,18.25,19031676,351179360.000
2008-07-29,17.98,18.09,17.56,17.64,10701371,193461136.000
2008-07-30,17.78,18.08,16.81,17.09,12816607,225993952.000
2008-07-31,17.15,17.40,16.58,16.60,10892771,188981520.000
2008-08-01,16.40,17.26,15.92,17.18,13279657,225520096.000
2008-08-04,16.90,17.26,16.25,16.34,9167702,156695104.000
2008-08-05,16.25,16.62,15.62,15.77,9199984,151345760.000
2008-08-06,15.99,16.49,15.58,16.26,8724455,142639136.000
2008-08-07,16.39,16.88,16.26,16.60,10134769,171812192.000
2008-08-08,16.86,16.86,14.91,14.91,12006893,191516624.000
2008-08-11,14.89,14.90,13.39,13.39,11352245,159047472.000
2008-08-12,12.71,13.68,12.51,13.10,11702298,156346928.000
2008-08-13,12.88,13.20,11.76,12.79,15772439,199713952.000
2008-08-14,12.63,13.70,12.32,13.51,17560212,235880432.000
2008-08-15,13.36,13.93,13.10,13.27,13839408,191217216.000
2008-08-18,13.21,13.50,11.91,11.91,11097753,141689648.000
2008-08-19,11.45,12.24,11.25,11.88,9639382,116668440.000
2008-08-20,11.75,13.10,11.40,13.10,15998985,206901632.000
2008-08-21,13.00,14.08,12.70,13.36,24388565,336256672.000
2008-08-22,13.06,13.48,12.49,13.00,13466202,179648496.000
2008-08-25,13.06,13.95,12.91,13.28,16756296,232479360.000
2008-08-26,12.72,13.31,12.06,12.69,13299844,173017424.000
2008-08-27,12.60,13.18,12.46,12.93,10010870,131955936.000
2008-08-28,12.85,13.15,12.45,12.47,8519744,110879936.000
2008-08-29,12.48,13.26,12.40,13.03,11953078,157726640.000
2008-09-01,13.00,13.36,12.59,12.71,10411155,138042352.000
2008-09-02,12.50,12.75,12.20,12.27,8093240,103103592.000
2008-09-03,12.30,12.44,11.42,11.63,10755222,129582144.000
2008-09-04,11.64,12.12,11.64,11.94,6837181,83137896.000
2008-09-05,11.55,11.88,10.95,11.04,10081183,117899944.000
2008-09-08,11.10,11.25,9.91,9.92,12463189,133463360.000
2008-09-09,10.00,10.16,9.51,10.04,9197136,93553584.000
2008-09-11,10.27,10.58,10.03,10.12,14746953,156464640.000
2008-09-12,10.00,10.32,9.88,9.94,8144291,84516552.000
2008-09-16,9.96,10.06,9.32,9.44,9375518,94270824.000
2008-09-17,9.50,9.84,9.42,9.56,8484445,84177248.000
2008-09-18,9.25,9.70,8.57,9.67,13409745,124034472.000
2008-09-19,10.66,10.67,10.50,10.67,12573223,137552224.000
2008-09-22,11.60,11.77,10.90,11.77,29801044,352123296.000
2008-09-23,11.30,12.65,11.07,11.79,31668718,381909472.000
2008-09-24,11.60,12.36,11.30,12.20,23590424,289649376.000
2008-09-25,12.22,12.87,12.00,12.27,26890150,342495424.000
2008-09-26,12.20,12.37,11.82,11.97,15583276,192579840.000
2008-10-06,11.75,12.29,11.52,11.86,12114003,149090960.000
2008-10-07,11.38,11.60,10.70,11.09,14135810,162354352.000
2008-10-08,10.80,11.36,10.67,10.89,11121066,125890248.000
2008-10-09,11.30,11.38,10.50,10.59,9005397,101649256.000
2008-10-10,9.79,10.11,9.50,9.51,10450903,105315728.000
2008-10-13,9.48,10.16,9.11,10.14,12605270,125901928.000
2008-10-14,10.65,10.71,9.50,9.55,12829002,135348512.000
2008-10-15,9.54,9.79,9.42,9.65,6148153,60915808.000
2008-10-16,9.13,9.38,8.75,8.83,8585363,80669240.000
2008-10-17,9.09,9.17,8.90,9.01,5394455,50365404.000
2008-10-20,9.04,9.86,8.83,9.60,8115979,78139368.000
2008-10-21,9.67,9.75,9.38,9.45,8811068,87150312.000
2008-10-22,9.64,9.98,9.40,9.43,9548068,95008816.000
2008-10-23,9.09,9.69,9.01,9.64,9332647,90689328.000
2008-10-24,9.66,9.70,9.11,9.25,6790166,65781972.000
2008-10-27,9.04,9.04,8.30,8.30,9197308,82001752.000
2008-10-28,8.00,8.85,7.90,8.58,10263856,89041672.000
2008-10-29,8.68,8.68,7.69,7.69,10690992,90653232.000
2008-10-30,7.84,8.19,7.69,7.82,9389339,77115248.000
2008-10-31,7.82,7.82,7.23,7.37,8656357,67554240.000
2008-11-03,7.28,7.44,7.06,7.17,6281604,47129520.000
2008-11-04,7.11,7.43,6.73,7.17,8916476,66056872.000
2008-11-05,7.16,7.51,7.11,7.33,10462201,79846688.000
2008-11-06,7.16,7.61,6.95,7.40,12937468,99061800.000
2008-11-07,7.20,7.62,7.11,7.49,9964870,77490560.000
2008-11-10,7.70,8.27,7.63,8.26,14574672,120614480.000
2008-11-11,8.22,8.37,7.87,7.91,14376053,120954208.000
2008-11-12,7.80,8.11,7.77,8.04,7839466,64847256.000
2008-11-13,7.93,8.57,7.81,8.35,16894510,143547344.000
2008-11-14,8.40,8.82,8.24,8.72,20055636,177676288.000
2008-11-17,8.59,9.19,8.43,9.15,20292742,186341904.000
2008-11-18,8.95,9.09,8.21,8.22,21291463,189796176.000
2008-11-19,8.20,8.87,8.19,8.77,14059821,124444776.000
2008-11-20,8.65,9.62,8.60,9.28,24853643,234897552.000
2008-11-21,9.00,9.73,8.54,9.41,29411149,280656352.000
2008-11-24,9.37,9.40,8.58,8.61,14779461,137228688.000
2008-11-25,8.85,8.98,8.30,8.68,11793030,106125976.000
2008-11-26,8.69,8.86,8.41,8.54,8228803,73575976.000
2008-11-27,9.39,9.39,8.67,8.69,18586834,174659792.000
2008-11-28,8.60,8.88,8.41,8.62,10070741,90081720.000
2008-12-01,8.61,9.15,8.41,9.12,15943798,146673840.000
2008-12-02,9.00,9.90,8.91,9.54,34588468,339423168.000
2008-12-03,9.60,9.89,9.53,9.78,27765666,277839968.000
2008-12-04,10.55,10.79,10.55,10.79,13659681,151243248.000
2008-12-05,10.94,11.69,10.50,11.19,50615496,572213824.000
2008-12-08,11.10,11.60,10.85,11.55,38775431,446310048.000
2008-12-09,11.32,11.49,10.67,10.69,26725741,302476864.000
2008-12-10,10.53,10.95,10.37,10.80,17859320,196733728.000
2008-12-11,10.97,11.28,10.70,10.77,21086531,237716480.000
2008-12-12,10.65,10.97,9.80,10.00,19602708,209231056.000
2008-12-15,10.40,10.49,9.92,10.24,13113644,138334656.000
2008-12-16,10.10,10.37,9.73,10.31,11786460,121958464.000
2008-12-17,10.46,10.76,10.21,10.43,15916489,171825744.000
2008-12-18,10.55,10.65,10.28,10.55,12146619,131223112.000
2008-12-19,10.58,10.76,10.47,10.53,11620641,126734216.000
2008-12-23,10.54,10.58,9.56,9.59,15410205,157430000.000
2008-12-24,9.31,9.56,8.80,9.01,10423226,98870192.000
2008-12-25,9.10,9.94,8.60,9.92,18031810,173464640.000
2008-12-26,9.44,9.90,9.22,9.28,13949974,137368880.000
2008-12-29,9.15,9.55,8.88,9.29,7796692,74446496.000
2008-12-30,9.21,9.61,9.20,9.22,6731447,65170692.000
2008-12-31,9.25,9.38,8.81,8.84,4906563,45965580.000
2009-01-05,9.00,9.22,8.91,9.17,6411834,60300392.000
2009-01-06,9.16,9.58,9.10,9.50,10989128,106404560.000
2009-01-07,9.50,9.84,9.45,9.53,10306755,102410928.000
2009-01-08,9.36,9.88,9.32,9.57,12396481,123577512.000
2009-01-09,9.60,9.98,9.60,9.79,11635230,117579000.000
2009-01-12,9.88,10.08,9.62,9.84,12061341,122790912.000
2009-01-13,9.69,9.98,9.45,9.78,12697411,127296760.000
2009-01-14,9.75,10.20,9.70,10.15,14556353,150053920.000
2009-01-15,10.00,10.54,9.97,10.18,16944140,179204928.000
2009-01-16,10.21,10.58,10.09,10.15,15004396,159706528.000
2009-01-19,10.22,10.30,9.89,10.02,10229170,106683216.000
2009-01-20,10.05,10.27,9.85,10.17,7308464,75848512.000
2009-01-21,10.10,10.17,9.90,9.95,7424807,76621616.000
2009-01-22,10.02,10.09,9.88,10.00,7437688,76438568.000
2009-01-23,10.00,10.26,9.95,10.04,9004338,93976216.000
2009-02-02,10.10,10.55,10.00,10.53,12651660,134311152.000
2009-02-03,10.58,10.85,10.40,10.66,18195555,198992368.000
2009-02-04,10.66,11.15,10.57,11.02,21486315,238400240.000
2009-02-05,10.90,11.20,10.61,10.65,20593738,229981600.000
2009-02-06,10.70,11.27,10.70,11.14,22017437,249666240.000
2009-02-09,11.39,11.83,11.11,11.47,27397450,323234304.000
2009-02-10,11.35,12.29,11.22,12.16,31965600,386616096.000
2009-02-11,11.95,12.33,11.60,11.84,33574509,410659072.000
2009-02-12,12.08,12.72,11.90,12.63,34775767,436894624.000
2009-02-13,12.49,12.87,12.25,12.72,29042058,374353280.000
2009-02-16,12.82,13.35,12.51,12.75,24419779,321062528.000
2009-02-17,12.70,12.70,11.90,12.06,25403287,318893824.000
2009-02-18,11.78,12.28,11.53,11.56,16377785,200686112.000
2009-02-19,11.70,11.93,11.53,11.84,13723227,165608816.000
2009-02-20,11.94,12.06,11.68,11.98,12405556,150892256.000
2009-02-23,12.00,12.47,11.91,12.36,15143586,190302720.000
2009-02-24,12.16,12.41,11.40,11.43,18654088,227769424.000
2009-02-25,11.44,11.70,10.83,11.25,16154491,187218976.000
2009-02-26,11.20,11.43,10.15,10.38,12540736,140159024.000
2009-02-27,10.21,10.48,9.83,10.04,11224229,116983360.000
2009-03-02,10.00,10.33,9.95,10.32,7185139,75571888.000
2009-03-03,10.05,10.49,9.90,10.30,7844404,83002136.000
2009-03-04,10.45,11.09,10.35,11.02,13258359,146866432.000
2009-03-05,11.19,11.19,10.70,10.89,14627058,165030736.000
2009-03-06,10.67,10.92,10.58,10.79,8896518,98556840.000
2009-03-09,10.84,11.10,10.20,10.24,9471814,103742960.000
2009-03-10,10.07,10.55,10.07,10.54,5922808,63258448.000
2009-03-11,10.75,10.98,10.55,10.67,10333216,114533552.000
2009-03-12,10.68,11.56,10.68,11.35,20879417,238666448.000
2009-03-13,11.23,11.31,10.83,10.85,13668289,155128000.000
2009-03-16,10.80,11.25,10.70,11.16,10615992,119433232.000
2009-03-17,11.21,11.67,11.07,11.54,16779068,196002064.000
2009-03-18,11.60,11.73,11.41,11.46,15645086,185510576.000
2009-03-19,11.48,11.89,11.47,11.67,14777964,177592480.000
2009-03-20,11.70,11.76,11.22,11.38,12778003,150051376.000
2009-03-23,11.30,11.76,11.30,11.62,14281621,170152752.000
2009-03-24,11.84,12.23,11.75,12.05,25350080,312518208.000
2009-03-25,12.00,12.09,11.50,11.52,16201852,197327440.000
2009-03-26,11.96,12.09,11.63,11.98,20246347,247422944.000
2009-03-27,12.06,12.37,11.80,12.17,23763480,295382144.000
2009-03-30,12.05,12.41,11.98,12.08,15071277,188220208.000
2009-03-31,11.79,12.69,11.71,12.54,25856130,325974656.000
2009-04-01,12.56,12.85,12.38,12.79,27130030,350610560.000
2009-04-02,12.81,12.87,12.46,12.49,19942951,257674528.000
2009-04-03,12.67,12.82,12.25,12.30,15665922,200732864.000
2009-04-07,12.32,12.58,12.08,12.27,12057294,151172320.000
2009-04-08,12.21,12.34,11.52,11.55,15162349,185010944.000
2009-04-09,11.55,11.76,11.40,11.73,10842512,129152296.000
2009-04-10,11.82,12.05,11.62,12.02,12959983,158001536.000
2009-04-13,12.28,12.47,12.01,12.15,15818878,198136416.000
2009-04-14,12.15,12.78,12.03,12.63,25927241,331900928.000
2009-04-15,12.88,13.18,12.50,12.78,31995032,421212608.000
2009-04-16,12.88,13.00,12.36,12.71,25129003,326159904.000
2009-04-17,12.60,12.84,12.40,12.50,18113912,233826704.000
2009-04-20,12.45,12.84,12.41,12.80,17536074,228680896.000
2009-04-21,12.65,13.36,12.53,13.31,36436947,485690816.000
2009-04-22,13.45,13.59,12.21,12.77,38465333,515235200.000
2009-04-23,12.49,13.49,12.30,13.46,35444071,469414912.000
2009-04-24,13.40,14.00,13.22,13.62,49359880,687754624.000
2009-04-27,13.47,13.61,12.74,13.11,26307373,355107552.000
2009-04-28,12.91,13.16,12.55,12.86,17542509,230711104.000
2009-04-29,12.90,13.57,12.80,13.46,25107843,339905824.000
2009-04-30,13.69,14.04,13.48,13.62,46319357,650841152.000
2009-05-04,13.75,14.38,13.75,14.08,34618480,496400704.000
2009-05-05,14.18,14.35,13.82,14.19,26218566,376944832.000
2009-05-06,14.07,14.35,13.88,14.01,29638621,425384800.000
2009-05-07,14.18,14.26,13.47,13.95,32247300,458580736.000
2009-05-08,13.80,14.85,13.48,14.55,43066843,623309696.000
2009-05-11,14.40,14.64,13.93,14.30,34473367,501818528.000
2009-05-12,14.10,14.55,13.97,14.48,16430613,239331072.000
2009-05-13,14.42,14.89,14.20,14.50,32904052,489474400.000
2009-05-14,14.30,14.69,14.20,14.39,23812496,351109088.000
2009-05-18,14.30,14.30,13.78,13.99,18023774,257110128.000
2009-05-19,14.08,14.19,13.80,14.07,15896367,227360720.000
2009-05-20,14.07,14.15,13.65,13.69,13584718,192917072.000
2009-05-21,13.70,14.68,13.70,13.82,26979828,390369728.000
2009-05-22,13.66,13.85,13.52,13.61,12443602,173415088.000
2009-05-25,13.15,13.58,13.00,13.44,12022933,163127648.000
2009-05-26,13.46,13.59,13.23,13.29,9376048,128766944.000
2009-05-27,13.34,13.58,13.26,13.54,9669171,132885656.000
2009-06-01,13.65,13.80,13.55,13.73,11194467,156843440.000
2009-06-02,13.82,13.85,13.60,13.69,9839486,137628928.000
2009-06-03,13.91,14.15,13.90,13.96,18052848,258059104.000
2009-06-04,13.92,13.92,13.37,13.55,16148377,224433200.000
2009-06-05,13.57,13.80,13.36,13.63,12747981,176245120.000
2009-06-08,13.50,13.80,13.35,13.50,9345402,129413680.000
2009-06-09,13.48,13.54,13.09,13.38,9501564,129193288.000
2009-06-10,13.42,13.53,13.35,13.44,7856940,108011880.000
2009-06-11,13.41,13.61,13.38,13.40,8223362,113477056.000
2009-06-12,13.36,13.40,12.85,12.97,10409854,139897936.000
2009-06-15,12.93,13.48,12.88,13.39,10032820,135066784.000
2009-06-16,13.23,13.57,13.16,13.35,12984322,178056592.000
2009-06-17,13.36,13.89,13.30,13.82,18656892,259626720.000
2009-06-18,13.82,13.99,13.63,13.83,20531260,289225600.000
2009-06-19,13.85,13.98,13.79,13.85,16130250,228813056.000
2009-06-22,14.00,14.04,13.48,13.53,12811096,180030800.000
2009-06-23,13.29,13.60,13.25,13.37,7580885,104129072.000
2009-06-24,13.39,13.57,13.31,13.50,7867167,108095040.000
2009-06-25,13.53,13.81,13.45,13.53,11259649,156726272.000
2009-06-26,13.65,13.72,13.47,13.66,9376686,130486640.000
2009-06-29,13.87,14.19,13.76,13.82,19578759,279908992.000
2009-06-30,13.86,13.90,13.55,13.57,10490440,146736176.000
2009-07-01,13.55,14.60,13.53,14.31,35479961,513200064.000
2009-07-02,14.32,14.40,14.10,14.37,21037895,305894208.000
2009-07-03,14.34,15.15,14.25,14.89,40923983,613631424.000
2009-07-06,14.89,15.10,14.51,14.62,25811511,388755232.000
2009-07-07,14.60,14.60,14.15,14.17,19510838,284718368.000
2009-07-08,14.09,14.51,14.04,14.36,10408819,150038176.000
2009-07-09,14.36,14.50,14.13,14.47,14272578,206651200.000
2009-07-10,14.43,14.76,14.26,14.49,16987108,250084928.000
2009-07-13,14.34,14.83,14.34,14.62,18167669,268758048.000
2009-07-14,14.71,14.87,14.56,14.81,20456512,304635104.000
2009-07-15,14.82,15.10,14.64,14.70,22612360,339714752.000
2009-07-16,14.74,14.89,14.48,14.52,21913217,324826272.000
2009-07-17,14.53,14.78,14.40,14.53,13958043,205992608.000
2009-07-20,14.60,14.92,14.57,14.83,23874912,355584928.000
2009-07-21,14.80,16.20,14.68,15.68,59943689,934540928.000
2009-07-22,15.44,15.87,15.32,15.74,35003197,551415488.000
2009-07-23,15.68,16.11,15.34,15.52,31411291,499196192.000
2009-07-24,15.64,15.98,15.05,15.35,28020136,439111200.000
2009-07-27,15.34,15.52,15.13,15.51,23435922,364141408.000
2009-07-28,15.53,15.55,15.13,15.37,20374639,315185216.000
2009-07-29,15.33,15.51,13.82,14.01,24668881,367173088.000
2009-07-30,14.26,14.46,13.79,14.20,16142673,230543648.000
2009-07-31,14.36,14.73,14.20,14.62,17223577,252794448.000
2009-08-03,14.68,14.91,14.50,14.80,16886398,251343504.000
2009-08-04,14.78,15.08,14.55,14.84,16618229,248576080.000
2009-08-05,14.73,15.82,14.69,15.16,27060147,418830400.000
2009-08-06,14.93,16.19,14.81,15.78,54609115,862758144.000
2009-08-07,15.93,15.93,14.95,15.10,26127486,409155008.000
2009-08-10,15.34,15.71,14.68,14.93,17646038,271418144.000
2009-08-11,14.99,15.18,14.85,15.11,8786253,133824808.000
2009-08-12,15.11,15.11,14.21,14.24,13600552,200103936.000
2009-08-13,14.30,14.43,14.04,14.29,8613224,124357112.000
2009-08-14,14.34,14.42,13.57,13.58,10628504,149749824.000
2009-08-17,13.56,13.75,12.54,12.65,11076339,147558256.000
2009-08-18,12.67,12.95,12.54,12.87,6673899,86455280.000
2009-08-19,12.88,12.93,11.73,11.90,7429440,92882456.000
2009-08-20,11.99,12.39,11.92,12.33,7349467,91007984.000
2009-08-21,12.33,12.66,12.13,12.61,8753136,110333048.000
2009-08-24,12.59,12.73,12.43,12.68,7832180,100003416.000
2009-08-25,12.68,12.68,12.01,12.50,9846034,123503896.000
2009-08-26,12.34,13.10,12.29,12.87,10794774,139520288.000
2009-08-27,12.77,13.17,12.61,12.96,10221664,133646400.000
2009-08-28,12.88,12.93,12.35,12.44,7027738,89488776.000
2009-08-31,12.31,12.44,11.79,11.90,9700247,119194752.000
2009-09-01,11.89,12.09,11.43,11.80,9318328,111484520.000
2009-09-02,11.68,11.90,11.50,11.75,4633079,55125380.000
2009-09-03,11.76,12.38,11.76,12.30,9274569,114315008.000
2009-09-04,12.30,12.59,12.15,12.42,9704657,121985072.000
2009-09-07,12.48,12.69,12.27,12.40,8465399,106979776.000
2009-09-08,12.30,13.50,12.23,13.00,16224166,213346768.000
2009-09-09,12.93,13.08,12.73,12.91,9473105,123588784.000
2009-09-10,12.85,13.30,12.75,12.81,8445527,111095784.000
2009-09-11,12.74,13.13,12.74,12.99,8052308,106083016.000
2009-09-14,13.04,13.23,12.93,13.20,10853898,144074912.000
2009-09-15,13.25,13.31,12.99,13.14,10776710,143686144.000
2009-09-16,13.14,13.48,13.05,13.27,11904372,159327984.000
2009-09-17,13.27,13.52,13.21,13.41,10763954,145885120.000
2009-09-18,13.45,13.57,12.71,12.81,10885710,145165744.000
2009-09-21,12.63,12.99,12.30,12.88,8882931,113645584.000
2009-09-22,12.73,12.96,12.38,12.39,6856467,88147808.000
2009-09-23,12.38,12.48,11.98,12.03,5799712,72082864.000
2009-09-24,12.02,12.33,11.94,12.13,6488093,80082632.000
2009-09-25,12.05,12.51,12.04,12.17,5539259,69095536.000
2009-09-28,12.23,12.37,11.76,11.80,5323263,65274488.000
2009-09-29,11.86,11.93,11.43,11.62,4882658,57688732.000
2009-09-30,11.77,11.94,11.63,11.70,4850778,58038728.000
2009-10-09,11.91,12.49,11.85,12.44,8175931,101368256.000
2009-10-12,12.58,12.79,12.43,12.48,11724402,149829072.000
2009-10-13,12.45,12.66,12.38,12.58,6441593,81710256.000
2009-10-14,12.62,13.41,12.54,13.08,19140066,252055184.000
2009-10-15,13.08,13.13,12.76,12.88,10887181,143028512.000
2009-10-16,12.95,13.13,12.78,12.97,11777982,154546848.000
2009-10-19,13.01,13.36,13.01,13.26,14183786,190075232.000
2009-10-20,13.31,13.80,13.15,13.63,22665733,308552192.000
2009-10-21,13.48,14.53,13.42,13.77,32259422,457049024.000
2009-10-22,13.67,14.29,13.61,13.81,18623517,263359648.000
2009-10-23,13.83,13.93,13.53,13.72,20186975,281541152.000
2009-10-26,13.77,13.81,13.43,13.55,11270090,155033136.000
2009-10-27,13.45,13.86,13.33,13.53,14295408,197188032.000
2009-10-28,13.71,13.84,13.30,13.45,13925176,191552480.000
2009-10-29,13.32,14.27,13.19,13.73,27115445,379855520.000
2009-10-30,13.83,14.08,13.48,13.95,19256848,268740672.000
2009-11-02,13.66,14.50,13.58,14.40,27314711,391740448.000
2009-11-03,14.43,14.98,14.27,14.54,26410320,391640416.000
2009-11-04,14.63,15.27,14.48,14.75,27574739,414846592.000
2009-11-05,14.73,15.01,14.57,14.64,15140742,225532272.000
2009-11-06,14.82,15.03,14.61,15.02,21552981,323087424.000
2009-11-09,15.02,15.08,14.74,15.04,17583946,264215648.000
2009-11-10,15.04,15.13,14.75,14.97,12045979,181877728.000
2009-11-11,14.88,15.11,14.71,14.97,13769354,208258832.000
2009-11-12,14.99,15.10,14.83,14.84,10426653,157552128.000
2009-11-13,14.76,14.87,14.40,14.84,17257523,256178816.000
2009-11-16,14.88,15.48,14.88,15.39,24036003,368087136.000
2009-11-17,15.31,15.68,15.18,15.26,19759155,307526336.000
2009-11-18,15.21,15.39,15.02,15.08,13746796,210609856.000
2009-11-19,15.06,15.15,14.84,15.07,12834722,194529456.000
2009-11-20,15.07,15.20,14.86,15.04,10261890,156014672.000
2009-11-23,15.06,15.21,15.03,15.16,10586715,161636256.000
2009-11-24,15.25,15.27,14.04,14.17,18062856,270504800.000
2009-11-25,14.18,14.72,14.18,14.61,12571293,184528560.000
2009-11-26,14.66,15.21,14.43,14.63,35896212,542726528.000
2009-11-27,14.27,14.51,13.70,14.17,19262250,274786208.000
2009-11-30,14.53,14.83,14.35,14.77,20610989,304230016.000
2009-12-01,14.72,15.06,14.59,15.01,15981260,240653856.000
2009-12-02,15.13,16.08,15.01,15.71,45316267,716216320.000
2009-12-03,15.53,15.80,15.30,15.63,25634008,403053088.000
2009-12-04,15.88,16.19,14.96,15.71,29278712,462449632.000
2009-12-07,15.82,16.07,15.59,15.91,21396341,342535168.000
2009-12-08,15.89,15.89,15.28,15.40,16715911,262433072.000
2009-12-09,15.24,15.45,14.84,14.89,14074096,215257760.000
2009-12-10,15.05,15.13,14.71,15.03,10960161,165630080.000
2009-12-11,14.96,15.12,14.74,14.84,8371401,126380456.000
2009-12-14,14.78,15.03,14.41,15.02,9893327,147160768.000
2009-12-15,14.88,14.98,14.59,14.60,8529707,127404936.000
2009-12-16,14.53,14.77,14.46,14.57,6140680,90690496.000
2009-12-17,14.57,14.69,14.13,14.16,7930067,115236568.000
2009-12-18,14.08,14.36,13.64,13.92,11263377,159483952.000
2009-12-21,13.91,14.13,13.83,14.09,7644303,108227456.000
2009-12-22,14.09,14.09,13.23,13.29,10079200,138747696.000
2009-12-23,13.35,13.46,13.19,13.32,8844171,119274736.000
2009-12-24,13.38,13.96,13.33,13.82,10819132,149966864.000
2009-12-25,13.73,13.86,13.59,13.70,6697382,92916928.000
2009-12-28,14.08,14.48,14.05,14.08,12157134,175134992.000
2009-12-29,14.09,14.24,13.97,14.21,7525384,107552880.000
2009-12-30,14.28,15.65,14.22,15.65,40323634,616680448.000
2009-12-31,16.31,17.23,16.14,17.08,127665340,2182499840.000
2010-01-04,16.67,17.47,16.67,17.24,72933010,1261704448.000
2010-01-05,17.09,17.77,16.94,17.17,56608982,989780736.000
2010-01-06,17.11,17.59,16.99,17.33,42399846,738988096.000
2010-01-07,17.17,17.30,16.76,17.01,40457284,694846016.000
2010-01-08,17.03,17.17,16.36,16.83,46522933,786525504.000
2010-01-11,18.03,18.03,16.43,16.47,77162486,1350249984.000
2010-01-12,16.08,16.32,15.76,16.11,38300442,620291392.000
2010-01-13,15.84,16.41,15.79,15.99,34098277,554398592.000
2010-01-14,16.01,16.28,15.81,16.12,25345112,411091392.000
2010-01-15,16.21,16.43,16.06,16.22,21900613,359566656.000
2010-01-18,16.19,16.38,15.83,16.27,25070162,409035552.000
2010-01-19,16.42,17.63,16.41,17.27,49215896,854471360.000
2010-01-20,17.13,17.20,16.14,16.22,34864825,587487936.000
2010-01-21,16.18,16.80,16.13,16.48,20394134,340292928.000
2010-01-22,16.18,16.29,15.61,15.97,21462864,345716992.000
2010-01-25,15.85,16.11,15.64,15.71,9757646,156777952.000
2010-01-26,15.78,15.84,14.74,14.94,14394864,222772640.000
2010-01-27,15.05,15.12,14.53,14.60,10524293,158019712.000
2010-01-28,14.63,14.91,14.44,14.81,9353523,139191184.000
2010-01-29,14.68,15.20,14.63,14.91,11130641,168522352.000
2010-02-01,14.71,15.41,14.28,15.09,16857376,254214864.000
2010-02-02,14.98,15.25,14.57,14.60,11181655,169551216.000
2010-02-03,14.63,15.43,14.39,15.29,18039408,274817216.000
2010-02-04,15.13,15.52,15.03,15.23,15719808,243633680.000
2010-02-05,14.77,15.42,14.63,15.37,17131539,259239712.000
2010-02-08,15.13,15.98,15.08,15.66,18317506,288910208.000
2010-02-09,15.69,15.92,15.48,15.61,12073550,191329152.000
2010-02-10,15.78,15.98,15.60,15.87,11021889,176137392.000
2010-02-11,15.91,16.01,15.57,15.63,9722622,154548192.000
2010-02-12,15.73,16.33,15.67,16.07,13905292,225049952.000
2010-02-22,16.37,16.40,15.63,15.67,16763927,270234656.000
2010-02-23,15.61,15.61,14.71,15.05,16172265,245442336.000
2010-02-24,14.83,15.21,14.76,15.17,9791664,149453568.000
2010-02-25,15.21,15.58,15.13,15.53,13062601,203382064.000
2010-02-26,15.41,15.62,15.41,15.43,10428456,163392528.000
2010-03-01,15.45,15.90,15.26,15.90,17715664,279892608.000
2010-03-02,15.81,15.90,15.55,15.71,13478458,214100288.000
2010-03-03,15.73,16.12,15.68,16.07,18292675,294448608.000
2010-03-04,16.07,16.13,15.54,15.60,18949368,304661280.000
2010-03-05,15.82,16.52,15.63,16.24,35446275,579432064.000
2010-03-08,16.25,16.62,15.99,16.37,23424648,386771104.000
2010-03-09,16.31,16.53,16.14,16.41,19549778,323615744.000
2010-03-10,16.45,16.53,15.72,15.85,16438747,266641760.000
2010-03-11,15.91,15.99,15.48,15.77,12049171,191690256.000
2010-03-12,15.79,15.88,15.24,15.25,11509543,180328784.000
2010-03-15,15.07,15.47,15.06,15.34,7700876,119094768.000
2010-03-16,15.41,15.55,15.24,15.53,6853730,106672304.000
2010-03-17,15.56,15.79,15.43,15.78,9383012,148226240.000
2010-03-18,15.78,16.18,15.73,15.88,13143402,211943520.000
2010-03-19,15.88,16.08,15.74,15.99,8986117,144731040.000
2010-03-22,16.03,16.08,15.83,15.98,9752445,156982080.000
2010-03-23,15.99,16.02,15.53,15.56,10255259,162823984.000
2010-03-24,15.57,15.99,15.44,15.87,10733127,170336640.000
2010-03-25,15.84,16.37,15.63,16.10,18811385,304395296.000
2010-03-26,15.91,16.51,15.86,16.48,21235510,348195008.000
2010-03-29,16.71,16.98,16.33,16.40,34552082,580846912.000
2010-03-30,16.40,16.59,16.27,16.43,14965049,248336400.000
2010-03-31,16.36,16.49,16.10,16.15,14300891,235283104.000
2010-04-01,16.15,16.33,16.02,16.25,12964379,212008288.000
2010-04-02,16.25,16.42,16.12,16.41,12267369,201822880.000
2010-04-06,16.38,16.49,16.24,16.37,11020178,182314400.000
2010-04-07,16.35,16.37,15.97,16.08,12182222,198119920.000
2010-04-08,16.08,16.23,15.99,16.01,8682687,141190192.000
2010-04-09,16.01,16.16,15.91,16.14,9015817,146465600.000
2010-04-12,16.14,16.14,15.62,16.05,19414173,312143424.000
2010-04-13,16.03,16.68,15.86,16.62,33333431,552776320.000
2010-04-14,16.48,16.51,16.23,16.43,14443688,238600352.000
2010-04-19,15.30,15.31,14.77,14.77,19745410,297190848.000
2010-04-20,13.87,14.31,13.28,13.34,28354647,387234976.000
2010-04-21,13.31,13.80,13.08,13.58,19016259,259962912.000
2010-04-22,13.47,13.47,12.75,12.94,19731094,260597680.000
2010-04-23,12.94,13.18,12.77,12.99,12585970,165221552.000
2010-04-26,13.00,13.14,12.83,12.87,9032913,118770784.000
2010-04-27,12.85,12.85,11.79,12.09,14614115,180892544.000
2010-04-28,11.96,12.29,11.78,12.17,8729842,107011592.000
2010-04-29,12.22,12.42,11.85,11.88,9605335,119335056.000
2010-04-30,11.93,12.06,11.52,11.94,8228861,98866256.000
2010-05-04,11.68,11.90,11.13,11.23,8450460,99130472.000
2010-05-05,11.11,11.46,10.78,11.43,12581917,141753008.000
2010-05-06,11.23,11.37,10.46,10.56,10821666,120553688.000
2010-05-07,10.18,10.61,10.09,10.29,9104011,96043472.000
2010-05-10,10.49,10.78,10.33,10.62,11125329,119904912.000
2010-05-11,10.95,10.95,10.35,10.40,9113274,98714640.000
2010-05-12,10.29,10.83,10.14,10.73,10015009,107768640.000
2010-05-13,10.73,10.90,10.56,10.85,10111415,110448856.000
2010-05-14,10.79,10.79,10.36,10.63,10082934,108192160.000
2010-05-17,10.34,10.43,9.55,9.55,12629110,127680016.000
2010-05-18,9.58,10.07,9.41,9.91,10460981,103758424.000
2010-05-19,9.79,9.97,9.52,9.78,8683607,86409248.000
2010-05-20,9.74,9.98,9.53,9.59,6431690,63883976.000
2010-05-21,9.28,10.08,9.15,10.02,12973331,128457968.000
2010-05-24,10.07,10.61,10.03,10.52,16400104,173407680.000
2010-05-25,10.41,10.41,10.07,10.21,11749330,122569040.000
2010-05-26,10.23,10.30,10.04,10.19,7439697,77032672.000
2010-05-27,10.04,10.26,9.80,10.25,11816961,121001992.000
2010-05-28,10.29,10.37,9.94,10.02,9305584,95998776.000
2010-05-31,9.83,9.99,9.50,9.52,8243985,82093992.000
2010-06-01,9.43,9.49,9.04,9.19,7582288,71578152.000
2010-06-02,9.19,9.60,9.15,9.58,8157683,77752200.000
2010-06-03,9.55,9.58,9.23,9.25,8094901,77831600.000
2010-06-04,9.18,9.55,9.12,9.42,8134057,77538552.000
2010-06-07,9.13,9.36,9.05,9.19,7011210,65576544.000
2010-06-08,9.10,9.53,9.10,9.32,8224243,78255200.000
2010-06-09,9.32,9.66,9.11,9.61,11565342,110963312.000
2010-06-10,9.48,9.61,9.40,9.45,7662728,74057896.000
2010-06-11,9.52,9.57,9.39,9.44,5847298,56406108.000
2010-06-17,9.53,9.57,9.38,9.41,4447434,42846120.000
2010-06-18,9.42,9.58,9.04,9.13,8023793,76436168.000
2010-06-21,9.14,9.60,9.03,9.53,10722989,102552880.000
2010-06-22,9.50,9.88,9.45,9.82,14422913,142490224.000
2010-06-23,9.71,9.88,9.51,9.65,9879453,97215568.000
2010-06-24,9.60,9.78,9.51,9.60,6167099,60440312.000
2010-06-25,9.53,9.90,9.42,9.82,14107893,139492064.000
2010-06-28,9.79,9.85,9.48,9.58,7591920,74466568.000
2010-06-30,8.78,8.81,8.61,8.67,12972614,114398176.000
2010-07-01,8.63,8.93,8.53,8.65,11576577,103513896.000
2010-07-02,8.58,8.87,8.18,8.76,9217631,80834488.000
2010-07-05,8.60,8.82,8.43,8.73,7337241,64678436.000
2010-07-06,8.66,9.08,8.64,8.90,6053904,54843800.000
2010-07-07,8.91,9.00,8.85,8.91,4993452,45388576.000
2010-07-08,8.98,9.11,8.84,8.94,6556496,59948008.000
2010-07-09,8.94,9.19,8.86,9.13,7134665,66023936.000
2010-07-12,9.17,9.48,9.11,9.30,9090830,86382288.000
2010-07-13,9.16,9.17,8.88,8.95,7986460,73444664.000
2010-07-14,8.79,9.28,8.79,9.25,8808831,82167120.000
2010-07-15,9.21,9.41,8.84,9.03,9734362,92059192.000
2010-07-16,9.01,9.71,8.81,9.62,14000062,133374976.000
2010-07-19,9.51,9.85,9.46,9.78,12986533,127967728.000
2010-07-20,9.75,10.11,9.66,9.97,13664179,138254816.000
2010-07-21,9.97,10.01,9.76,9.82,9830815,98658680.000
2010-07-22,9.77,10.19,9.77,10.09,10669513,108922048.000
2010-07-23,10.14,10.18,9.85,9.98,9295243,94303344.000
2010-07-26,9.99,10.03,9.83,10.02,6569922,66541064.000
2010-07-27,10.02,10.07,9.89,9.91,6348273,64553088.000
2010-07-28,9.88,10.32,9.85,10.20,10629133,109353656.000
2010-07-29,10.21,10.90,10.17,10.63,18063381,192617728.000
2010-07-30,10.53,10.54,10.29,10.46,9353960,99044304.000
2010-08-02,10.47,10.60,10.35,10.55,8516825,90903832.000
2010-08-03,10.55,10.88,10.43,10.46,14515127,157815616.000
2010-08-04,10.43,10.57,10.13,10.47,9451400,99413248.000
2010-08-05,10.47,10.59,10.34,10.49,8101754,86231840.000
2010-08-06,10.42,10.58,10.12,10.54,9741213,102544368.000
2010-08-09,10.44,10.70,10.35,10.68,9729392,104200928.000
2010-08-10,10.62,10.79,10.13,10.14,9108026,96910536.000
2010-08-11,10.04,10.32,10.04,10.22,5560133,57555624.000
2010-08-12,10.15,10.41,10.03,10.09,6765333,70323856.000
2010-08-13,10.16,10.27,10.04,10.23,4995256,51656684.000
2010-08-16,10.20,10.48,10.15,10.42,7374522,77558424.000
2010-08-17,10.58,11.48,10.56,11.48,39460567,455891680.000
2010-08-18,11.21,11.59,11.13,11.38,27128375,311618624.000
2010-08-19,11.33,11.37,11.09,11.25,12654976,144159984.000
2010-08-20,11.11,11.22,10.89,11.01,10753168,120474056.000
2010-08-23,10.99,11.16,10.89,10.98,9625708,107704320.000
2010-08-24,10.93,11.18,10.89,11.08,8958073,100620112.000
2010-08-25,10.99,11.24,10.91,10.96,9067615,101658552.000
2010-08-26,10.96,11.03,10.56,10.69,9165523,99772072.000
2010-08-27,10.69,10.73,10.44,10.52,5332492,57173828.000
2010-08-30,10.62,10.93,10.49,10.78,8566855,93331600.000
2010-08-31,10.70,11.13,10.65,11.10,9510672,104970296.000
2010-09-01,11.08,11.08,10.60,10.69,6971771,76774120.000
2010-09-02,10.73,11.13,10.73,10.98,9208250,102481336.000
2010-09-03,10.93,11.12,10.78,11.01,8972373,99455816.000
2010-09-07,11.10,11.33,11.03,11.16,11940848,135280320.000
2010-09-08,11.08,11.08,10.88,10.96,7105297,79137528.000
2010-09-09,10.96,11.09,10.42,10.43,11086276,120094496.000
2010-09-10,10.50,10.50,10.13,10.26,7019303,73078248.000
2010-09-13,10.23,10.54,10.19,10.45,5824174,61582592.000
2010-09-14,10.45,10.54,10.24,10.38,5691304,60054656.000
2010-09-15,10.38,10.55,10.19,10.29,7419006,78206256.000
2010-09-16,10.27,10.61,10.24,10.31,8955674,94830344.000
2010-09-17,10.30,10.30,9.96,10.06,6429157,66152548.000
2010-09-20,10.03,10.13,9.84,9.85,4958881,50372312.000
2010-09-21,9.93,10.03,9.85,9.87,2686612,27108924.000
2010-09-27,9.93,10.13,9.75,10.09,4769096,48323232.000
2010-09-28,10.03,10.05,9.72,9.78,5062641,50773616.000
2010-09-29,9.77,9.90,9.67,9.84,4591694,45830468.000
2010-09-30,9.72,10.10,9.68,9.97,4710956,47707772.000
2010-10-08,10.02,10.18,9.86,10.10,6839198,69948096.000
2010-10-11,10.06,10.50,10.01,10.34,9680033,101408040.000
2010-10-12,10.25,10.42,10.19,10.33,7335211,76745504.000
2010-10-13,10.30,10.79,10.30,10.57,12285333,132005112.000
2010-10-14,10.62,10.78,10.35,10.37,11988450,128897888.000
2010-10-15,10.28,10.71,10.21,10.64,11991894,127903776.000
2010-10-18,10.68,11.11,10.56,10.94,19724534,218247088.000
2010-10-19,10.96,11.00,10.73,10.97,12313890,135780016.000
2010-10-20,10.63,10.81,10.29,10.47,15905735,170020320.000
2010-10-21,10.38,10.58,10.26,10.35,7543330,79709280.000
2010-10-22,10.35,10.40,10.23,10.32,6792433,71219624.000
2010-10-25,10.32,10.81,10.28,10.73,11365464,121650040.000
2010-10-26,10.75,11.33,10.57,11.12,26636183,299261984.000
2010-10-27,11.09,11.28,10.65,10.73,16048221,178875376.000
2010-10-28,10.75,10.94,10.58,10.70,9027808,98786944.000
2010-10-29,10.75,10.78,10.46,10.57,8304895,89223024.000
2010-11-01,10.61,11.08,10.56,10.95,14281553,156782784.000
2010-11-02,10.98,11.01,10.67,10.77,13564854,149135920.000
2010-11-03,10.84,11.00,10.65,10.78,12314267,136050832.000
2010-11-04,10.75,11.08,10.75,10.92,19800003,219802800.000
2010-11-05,11.03,11.77,10.89,11.60,51702764,597457984.000
2010-11-08,11.49,11.93,11.41,11.66,38893199,462086112.000
2010-11-09,11.65,12.13,11.52,11.99,30010294,359353440.000
2010-11-10,11.83,11.98,11.58,11.67,15940711,189322432.000
2010-11-11,11.58,11.70,11.34,11.35,18519994,217115152.000
2010-11-12,11.33,11.36,10.25,10.39,17235186,190595600.000
2010-11-15,10.43,10.68,10.31,10.62,9405850,100227408.000
2010-11-16,10.53,10.59,9.85,9.99,10202622,106178312.000
2010-11-17,9.89,10.20,9.84,10.00,7242812,74278120.000
2010-11-18,10.13,10.22,9.99,10.05,4832450,49599000.000
2010-11-19,10.10,10.16,9.77,10.10,6587845,66904064.000
2010-11-22,10.01,10.43,9.95,10.34,10473015,108166432.000
2010-11-23,10.22,10.32,9.88,9.96,5034521,51445364.000
2010-11-24,9.86,10.13,9.86,10.09,4508762,46042904.000
2010-11-25,10.09,10.40,10.03,10.26,7114967,74050592.000
2010-11-26,10.26,10.29,9.94,10.01,5987979,61286952.000
2010-11-29,10.05,10.61,9.97,10.42,18455978,194283216.000
2010-11-30,10.36,10.67,9.98,10.24,11596858,122036720.000
2010-12-01,10.28,10.48,10.11,10.42,9501525,100323912.000
2010-12-02,10.49,10.89,10.31,10.65,19734309,212833552.000
2010-12-03,10.72,10.77,10.50,10.68,11980615,129583848.000
2010-12-06,10.69,10.72,10.28,10.32,8106574,85782640.000
2010-12-07,10.26,10.31,10.03,10.23,6146636,63539104.000
2010-12-08,10.26,10.27,10.03,10.06,5594240,57650136.000
2010-12-09,10.03,10.13,9.81,9.82,5183936,52481028.000
2010-12-10,9.82,9.87,9.61,9.81,7750516,76961752.000
2010-12-13,9.96,10.06,9.83,10.02,9445839,95339800.000
2010-12-14,9.99,10.17,9.92,10.07,7142993,72991680.000
2010-12-15,10.05,10.06,9.90,9.94,6289063,63734192.000
2010-12-16,9.94,10.06,9.88,9.94,4953520,50205528.000
2010-12-17,9.93,9.99,9.88,9.96,3299394,33364732.000
2010-12-20,9.98,9.99,9.45,9.61,7815511,76977744.000
2010-12-21,9.63,9.99,9.59,9.94,7908060,79055864.000
2010-12-22,9.94,10.06,9.83,9.89,8962396,90780440.000
2010-12-23,9.83,9.83,9.58,9.60,7002643,68938608.000
2010-12-24,9.55,9.68,9.48,9.54,5672446,55217336.000
2010-12-27,9.55,9.61,9.11,9.13,7257410,69515264.000
2010-12-28,9.10,9.16,8.80,8.82,5980601,54361060.000
2010-12-29,8.83,8.90,8.78,8.83,4571441,41158180.000
2010-12-30,8.87,8.88,8.63,8.69,4577739,40715944.000
2010-12-31,8.73,8.89,8.68,8.85,3427540,30747340.000
2011-01-04,8.90,9.20,8.84,9.07,7077643,65426840.000
2011-01-05,9.05,9.07,8.93,8.97,5480095,50136848.000
2011-01-06,9.00,9.04,8.84,8.97,4650274,42466640.000
2011-01-07,8.97,9.22,8.93,9.05,8670882,80371856.000
2011-01-10,9.03,9.14,8.79,8.83,5047687,46184712.000
2011-01-11,8.77,8.92,8.74,8.90,4319706,38918988.000
2011-01-12,8.92,9.16,8.86,9.02,6600072,60634584.000
2011-01-13,9.04,9.08,8.94,8.95,3641827,33437232.000
2011-01-14,8.93,8.93,8.75,8.80,4086191,36766092.000
2011-01-17,8.75,8.78,8.24,8.25,7584638,65458500.000
2011-01-18,8.22,8.42,8.22,8.30,3449703,29351896.000
2011-01-19,8.33,8.46,8.26,8.45,3714331,31717524.000
2011-01-20,8.44,8.56,8.13,8.14,5360624,45648664.000
2011-01-21,8.11,8.36,8.10,8.25,4270836,35962544.000
2011-01-24,8.26,8.37,8.18,8.29,2915602,24628686.000
2011-01-25,8.31,8.37,8.11,8.22,3093434,26013734.000
2011-01-26,8.24,8.36,8.20,8.35,2879505,24428804.000
2011-01-27,8.23,8.32,8.11,8.32,5301926,44610048.000
2011-01-28,8.41,8.46,8.28,8.34,4040699,34475892.000
2011-01-31,8.23,8.37,8.23,8.37,3994753,33932904.000
2011-02-01,8.37,8.51,8.36,8.45,4509750,38776624.000
2011-02-09,8.40,8.41,8.26,8.29,3581409,30442532.000
2011-02-10,8.29,8.69,8.23,8.64,6723870,58088508.000
2011-02-11,8.62,8.91,8.52,8.79,10214622,90775152.000
2011-02-14,8.83,8.99,8.73,8.91,9748698,88129840.000
2011-02-15,8.88,9.02,8.81,8.91,8199742,74479552.000
2011-02-16,8.89,8.97,8.84,8.94,6190360,56199080.000
2011-02-17,8.93,9.00,8.78,8.93,7116705,64500136.000
2011-02-18,8.93,9.70,8.86,9.54,27283294,259385424.000
2011-02-21,9.35,9.48,9.29,9.44,13820070,132068320.000
2011-02-22,9.41,9.41,9.03,9.06,10853089,101746824.000
2011-02-23,9.02,9.16,8.99,9.13,7458795,69026608.000
2011-02-24,9.08,9.19,9.03,9.16,7627785,70912920.000
2011-02-25,9.10,9.17,9.03,9.12,4878012,45180748.000
2011-02-28,9.16,9.37,9.14,9.26,9752095,91969056.000
2011-03-01,9.33,9.47,9.25,9.34,9454563,90078136.000
2011-03-02,9.29,9.32,9.17,9.28,6355476,59852968.000
2011-03-03,9.27,9.77,9.23,9.52,16733250,162454416.000
2011-03-04,9.43,9.72,9.34,9.65,9640355,93401512.000
2011-03-07,9.69,9.80,9.63,9.72,10975555,108439440.000
2011-03-08,9.76,9.76,9.61,9.74,7754589,76409512.000
2011-03-09,9.73,9.76,9.58,9.63,7466784,73368448.000
2011-03-10,9.59,9.67,9.51,9.57,6671607,64987584.000
2011-03-11,9.51,9.67,9.49,9.54,5806714,56586696.000
2011-03-14,9.47,9.86,9.27,9.83,14089349,137224208.000
2011-03-15,9.81,10.00,9.46,9.84,14482394,143630128.000
2011-03-16,9.81,10.12,9.73,9.77,19520566,196384512.000
2011-03-17,9.65,10.02,9.48,9.55,9703099,95010240.000
2011-03-18,9.54,9.68,9.53,9.55,5602011,54656952.000
2011-03-21,9.60,9.62,9.47,9.48,4454343,43189704.000
2011-03-22,9.53,9.53,9.30,9.40,4609590,44066112.000
2011-03-23,9.39,9.63,9.34,9.61,7548619,73358528.000
2011-03-24,9.59,9.71,9.53,9.60,5744922,56190564.000
2011-03-25,9.63,9.75,9.55,9.71,8087521,79603960.000
2011-03-28,9.79,9.86,9.65,9.67,7848392,77907840.000
2011-03-29,9.68,9.79,9.57,9.64,7879838,77668936.000
2011-03-30,9.59,9.65,9.43,9.45,6097825,59100656.000
2011-03-31,9.44,9.52,9.19,9.21,6043367,57385264.000
2011-04-01,9.23,9.44,9.21,9.41,4247493,40236512.000
2011-04-06,9.39,9.58,9.29,9.49,7000063,67587176.000
2011-04-07,9.49,9.75,9.38,9.69,9294043,91078160.000
2011-04-08,9.69,10.01,9.64,9.94,17292756,173904512.000
2011-04-11,9.96,10.05,9.68,9.80,18321725,184275440.000
2011-04-12,9.71,9.90,9.67,9.78,8422196,83672504.000
2011-04-13,9.72,9.98,9.63,9.89,10189359,101880464.000
2011-04-14,9.91,9.98,9.69,9.73,7612045,75957256.000
2011-04-15,9.72,9.87,9.68,9.84,7279074,72525408.000
2011-04-18,9.83,10.11,9.77,10.04,14496626,146931120.000
2011-04-19,9.96,9.98,9.74,9.75,9202517,92198784.000
2011-04-20,9.78,9.98,9.75,9.83,6922119,69540992.000
2011-04-21,9.86,10.18,9.83,10.02,13506049,138029696.000
2011-04-22,10.03,10.35,9.94,10.20,18275606,189406592.000
2011-04-25,10.25,10.28,9.83,9.89,12485653,127092624.000
2011-04-26,9.83,9.98,9.49,9.59,8125550,80791992.000
2011-04-27,9.59,9.71,9.31,9.41,5758042,55869096.000
2011-04-28,9.49,9.52,9.13,9.20,4351220,41318140.000
2011-04-29,9.20,9.36,9.16,9.27,3382662,31896016.000
2011-05-03,9.27,9.47,9.21,9.43,3056703,29088756.000
2011-05-04,9.39,9.43,8.85,9.01,5723214,53180124.000
2011-05-05,8.91,9.07,8.89,9.04,2998781,27533804.000
2011-05-06,8.93,9.04,8.85,8.95,3533591,32228612.000
2011-05-09,9.01,9.10,8.97,9.09,2594336,23883676.000
2011-05-10,9.13,9.37,9.04,9.35,5139946,48241896.000
2011-05-11,9.31,9.50,9.25,9.33,5333288,50802952.000
2011-05-12,9.27,9.28,9.03,9.07,4198868,39172640.000
2011-05-13,9.06,9.19,8.96,9.13,3925387,36214264.000
2011-05-16,9.18,9.40,9.17,9.28,4919609,46637448.000
2011-05-17,9.23,9.34,9.13,9.29,4921975,46359864.000
2011-05-18,9.28,9.37,9.19,9.32,3694268,34988608.000
2011-05-19,9.37,9.37,9.22,9.24,3712049,35133176.000
2011-05-20,9.25,9.26,9.18,9.23,2927371,27463008.000
2011-05-23,9.23,9.40,8.94,9.00,5391325,50197844.000
2011-05-24,8.88,9.09,8.76,9.05,5829764,53219624.000
2011-05-25,9.03,9.06,8.91,8.93,3866591,35385112.000
2011-05-26,8.97,9.13,8.93,8.95,2838056,26108334.000
2011-05-27,8.96,8.99,8.56,8.71,5933234,53095440.000
2011-05-30,8.70,8.70,8.52,8.57,2409137,21145568.000
2011-05-31,8.58,8.77,8.56,8.76,2303369,20349554.000
2011-06-01,8.78,8.88,8.71,8.87,2286334,20557428.000
2011-06-02,8.74,8.85,8.62,8.76,2557672,22746232.000
2011-06-03,8.77,8.97,8.74,8.94,2087854,18929968.000
2011-06-07,8.98,9.07,8.88,9.02,2323624,21285032.000
2011-06-08,9.01,9.73,9.01,9.32,8128159,77863184.000
2011-06-09,9.63,9.65,9.21,9.23,7109261,68268848.000
2011-06-10,9.06,9.31,9.01,9.26,4146901,38431852.000
2011-06-13,9.18,9.21,8.94,9.21,3607352,33386466.000
2011-06-14,9.15,9.56,9.15,9.53,5508526,52843728.000
2011-06-15,9.53,9.53,9.31,9.34,2862636,27449982.000
2011-06-16,9.28,9.28,9.11,9.14,2630804,24621204.000
2011-06-17,9.11,9.19,9.04,9.06,1838912,17074440.000
2011-06-20,9.13,9.13,8.92,8.97,2071527,19005534.000
2011-06-22,9.09,9.19,9.02,9.04,1727501,16024074.000
2011-06-23,9.02,9.22,8.90,9.21,2696352,24914096.000
2011-06-24,9.16,9.42,9.13,9.32,4557442,43176780.000
2011-06-27,9.32,9.49,9.28,9.48,4765913,45683596.000
2011-06-28,9.46,9.69,9.43,9.63,7652658,74846256.000
2011-06-29,9.65,9.70,9.56,9.58,6061314,59388420.000
2011-06-30,9.59,9.93,9.56,9.78,7762562,77220072.000
2011-07-01,9.75,10.01,9.74,9.76,5060098,50711680.000
2011-07-04,9.75,9.94,9.75,9.82,6468440,64686788.000
2011-07-05,9.83,9.89,9.73,9.81,3750447,37358540.000
2011-07-06,9.74,9.79,9.55,9.66,4100001,40204720.000
2011-07-07,9.66,9.77,9.55,9.60,4243975,41675616.000
2011-07-08,9.58,9.71,9.58,9.68,3090394,30368916.000
2011-07-11,9.67,9.80,9.56,9.79,4930483,48545004.000
2011-07-12,9.73,9.78,9.64,9.66,5413443,53450680.000
2011-07-13,9.69,9.76,9.61,9.75,3875003,38169612.000
2011-07-14,9.91,9.91,9.65,9.71,4230209,41960740.000
2011-07-15,9.66,9.88,9.57,9.82,6322035,62967280.000
2011-07-18,9.81,9.93,9.70,9.83,6264289,62515232.000
2011-07-19,9.82,10.20,9.70,10.09,11127359,113094896.000
2011-07-20,10.08,10.18,9.96,10.11,9573682,98207320.000
2011-07-21,10.11,10.20,10.03,10.05,8093227,83270216.000
2011-07-22,10.06,10.16,9.88,9.99,5965885,60547424.000
2011-07-25,9.94,9.98,9.43,9.56,7002324,68928368.000
2011-07-26,9.52,9.62,9.43,9.50,4408452,42747976.000
2011-07-27,9.43,9.64,9.39,9.59,3263635,31701766.000
2011-07-28,9.53,9.53,9.26,9.41,4436862,42270504.000
2011-07-29,9.44,10.16,9.42,10.04,14263532,143077376.000
2011-08-01,9.93,10.02,9.86,9.99,4708794,47665712.000
2011-08-02,9.95,10.07,9.73,10.05,5165078,51905064.000
2011-08-03,9.93,10.17,9.89,10.01,4833334,49483600.000
2011-08-04,10.07,10.26,9.97,10.21,6766052,69648152.000
2011-08-05,9.95,10.14,9.63,10.09,5166576,51602784.000
2011-08-08,9.88,10.00,9.34,9.72,5920180,57501644.000
2011-08-09,9.29,9.84,9.24,9.68,4104542,39444720.000
2011-08-10,9.77,10.65,9.75,10.39,27343027,288011808.000
2011-08-11,10.22,10.58,10.18,10.54,17493826,181617024.000
2011-08-12,10.52,10.68,10.37,10.54,11653130,122516024.000
2011-08-15,10.54,10.96,10.43,10.70,14921349,159408944.000
2011-08-16,10.60,10.70,10.40,10.56,8853164,93390096.000
2011-08-17,10.47,10.68,10.36,10.63,8025408,84540984.000
2011-08-18,10.57,10.68,10.28,10.30,5746316,60127516.000
2011-08-19,10.10,10.24,9.88,10.05,7515789,75377456.000
2011-08-22,10.07,10.21,9.88,9.90,4173480,41885952.000
2011-08-23,9.92,10.13,9.91,10.11,2871019,28817120.000
2011-08-24,10.16,10.29,9.99,10.00,3800172,38565308.000
2011-08-25,10.00,10.45,9.96,10.38,6892361,70846608.000
2011-08-26,10.35,10.45,10.29,10.31,3813579,39478880.000
2011-08-29,10.29,10.36,10.19,10.23,3743124,38489360.000
2011-08-30,10.26,10.70,10.23,10.25,12069246,126916704.000
2011-08-31,10.35,10.38,9.93,10.01,6648767,67039412.000
2011-09-01,10.10,10.21,10.00,10.03,3730465,37675104.000
2011-09-02,10.05,10.36,10.01,10.32,10270149,104953568.000
2011-09-05,10.18,10.21,9.95,9.97,5386435,54031024.000
2011-09-06,9.86,10.00,9.79,9.87,3126742,30862336.000
2011-09-07,9.94,10.10,9.86,10.07,3372026,33744944.000
2011-09-08,10.13,10.16,9.89,9.90,4657915,46580072.000
2011-09-09,9.92,10.01,9.80,9.81,1883024,18626014.000
2011-09-13,9.70,9.70,9.37,9.39,4159347,39446816.000
2011-09-14,9.45,9.48,9.24,9.47,3351251,31436676.000
2011-09-15,9.44,9.53,9.40,9.41,2045258,19387616.000
2011-09-16,9.45,9.55,9.35,9.37,1557900,14737205.000
2011-09-19,9.30,9.40,9.16,9.17,1781071,16452272.000
2011-09-20,9.19,9.26,9.11,9.19,1261153,11574846.000
2011-09-21,9.20,9.52,9.15,9.44,2840077,26658868.000
2011-09-22,9.39,9.41,9.08,9.10,2377247,21942292.000
2011-09-23,9.00,9.12,8.90,9.04,2038025,18355152.000
2011-09-26,9.01,9.08,8.75,8.80,1851899,16499311.000
2011-09-27,8.88,8.97,8.76,8.83,1518006,13504051.000
2011-09-28,8.93,8.97,8.59,8.60,1570500,13760405.000
2011-09-29,8.63,8.63,8.29,8.32,2066245,17443308.000
2011-09-30,8.32,8.46,8.32,8.38,871641,7308753.000
2011-10-10,8.46,8.51,8.32,8.36,759053,6374741.000
2011-10-11,8.53,8.57,8.32,8.38,833199,7036425.000
2011-10-12,8.35,8.75,8.30,8.66,1956051,16783708.000
2011-10-13,8.65,8.75,8.58,8.71,1323187,11491753.000
2011-10-14,8.62,8.72,8.60,8.70,911078,7890168.000
2011-10-17,8.72,8.76,8.64,8.74,1297617,11315853.000
2011-10-18,8.69,8.75,8.46,8.48,1587963,13713019.000
2011-10-19,8.48,8.59,8.42,8.50,771218,6559385.000
2011-10-20,8.42,8.51,8.10,8.16,1468353,12103575.000
2011-10-21,8.20,8.28,8.01,8.02,1278592,10434769.000
2011-10-24,8.10,8.16,7.91,8.14,1725749,13904999.000
2011-10-25,8.18,8.37,8.12,8.32,3220523,26576136.000
2011-10-26,8.24,8.52,8.24,8.51,4559780,38467464.000
2011-10-27,8.47,8.60,8.43,8.49,2521488,21444424.000
2011-10-28,8.58,8.82,8.51,8.68,4977887,43222120.000
2011-10-31,8.60,8.66,8.48,8.60,3160369,27120710.000
2011-11-01,8.50,8.67,8.49,8.53,2371678,20360552.000
2011-11-02,8.45,8.75,8.40,8.70,2215536,18893242.000
2011-11-03,8.69,8.90,8.61,8.64,5656420,49617476.000
2011-11-04,8.71,8.84,8.65,8.80,3343761,29335036.000
2011-11-07,8.73,8.82,8.66,8.69,2318510,20233764.000
2011-11-08,8.69,8.74,8.54,8.70,3370643,29125020.000
2011-11-09,8.68,8.87,8.68,8.82,3540351,31079476.000
2011-11-10,8.73,8.78,8.55,8.57,2824043,24395164.000
2011-11-11,8.65,8.70,8.48,8.50,1910052,16417612.000
2011-11-14,8.55,8.85,8.54,8.80,4054408,35467184.000
2011-11-15,8.80,9.13,8.73,8.89,4194260,37466596.000
2011-11-16,8.89,8.92,8.74,8.84,3469295,30664880.000
2011-11-17,8.81,9.03,8.72,8.72,2101697,18700478.000
2011-11-18,8.75,8.83,8.37,8.41,2491569,21324088.000
2011-11-21,8.40,8.68,8.37,8.63,1322853,11170300.000
2011-11-22,8.49,8.74,8.49,8.61,1314671,11329628.000
2011-11-23,8.69,8.83,8.62,8.64,1526187,13284065.000
2011-11-24,8.74,8.80,8.49,8.73,1971598,17087236.000
2011-11-25,8.77,8.77,8.52,8.55,1279810,11062323.000
2011-11-28,8.63,8.70,8.45,8.54,864601,7385418.000
2011-11-29,8.66,8.75,8.58,8.71,1297787,11263459.000
2011-11-30,8.78,8.78,8.22,8.35,1777717,15030669.000
2011-12-01,8.60,8.90,8.50,8.54,2470541,21387618.000
2011-12-02,8.47,8.63,8.31,8.43,1157790,9763497.000
2011-12-05,8.45,8.45,8.15,8.21,1155921,9571263.000
2011-12-06,8.30,8.34,8.14,8.20,1051797,8662564.000
2011-12-07,8.25,8.35,8.19,8.28,689700,5700963.000
2011-12-08,8.34,8.44,8.08,8.30,1827109,15162383.000
2011-12-09,8.31,8.38,8.10,8.22,959091,7904894.000
2011-12-12,8.27,8.27,8.04,8.05,939900,7644426.000
2011-12-13,8.08,8.08,7.68,7.69,1333494,10440496.000
2011-12-14,7.72,7.77,7.50,7.54,791255,6041903.000
2011-12-15,7.55,7.55,7.33,7.36,1882193,14025784.000
2011-12-16,7.35,7.58,7.30,7.55,1106280,8212619.000
2011-12-19,7.45,7.46,7.25,7.44,1067671,7848787.000
2011-12-20,7.46,7.55,7.38,7.39,830695,6199863.000
2011-12-21,7.49,7.49,7.12,7.18,1627159,11894989.000
2011-12-22,7.18,7.18,6.85,7.02,1485493,10405719.000
2011-12-23,7.00,7.40,6.99,7.14,1039305,7424682.000
2011-12-26,7.14,7.30,6.98,7.00,1332450,9438811.000
2011-12-27,6.96,7.04,6.76,6.80,1303141,8944058.000
2011-12-28,6.79,6.88,6.46,6.82,4528807,29997986.000
2011-12-29,6.72,6.95,6.61,6.82,3879165,26185620.000
2011-12-30,6.86,7.20,6.70,7.13,4366607,30034032.000
2012-01-04,7.02,7.19,6.95,7.00,2068996,14579493.000
2012-01-05,6.91,7.05,6.76,6.84,1545841,10639064.000
2012-01-06,6.88,6.88,6.48,6.85,2305992,15468672.000
2012-01-09,6.80,7.19,6.68,7.19,3040190,21398240.000
2012-01-10,7.29,7.45,7.18,7.41,2576395,18905170.000
2012-01-11,7.42,7.55,7.30,7.51,3845261,28660606.000
2012-01-12,7.42,7.68,7.40,7.44,2146720,16168299.000
2012-01-13,7.40,7.48,7.18,7.21,1424736,10359608.000
2012-01-16,7.16,7.31,7.14,7.30,903675,6532368.000
2012-01-17,7.28,7.59,7.20,7.57,1382833,10323740.000
2012-01-18,7.54,7.62,7.38,7.48,1171052,8771939.000
2012-01-19,7.54,7.60,7.46,7.57,1391033,10469701.000
2012-01-20,7.57,7.92,7.50,7.79,2568793,19709594.000
2012-01-30,7.74,7.80,7.60,7.62,1332516,10243638.000
2012-01-31,7.65,7.77,7.55,7.69,625026,4774975.000
2012-02-01,7.61,7.80,7.56,7.63,862989,6633731.000
2012-02-02,7.63,7.73,7.51,7.69,1054847,8050342.000
2012-02-03,7.69,7.84,7.64,7.78,1079159,8361207.000
2012-02-06,7.78,7.82,7.72,7.77,1223144,9514007.000
2012-02-07,7.80,7.80,7.35,7.69,3499047,26478884.000
2012-02-08,7.59,7.86,7.52,7.84,4550559,35267520.000
2012-02-09,7.87,8.13,7.87,8.00,5807439,46600488.000
2012-02-10,8.00,8.22,7.90,8.05,4409699,35519344.000
2012-02-13,7.98,8.10,7.86,8.08,2865248,22904722.000
2012-02-14,8.08,8.26,7.91,8.12,4938391,40117536.000
2012-02-15,8.10,8.36,8.00,8.27,3599619,29476446.000
2012-02-16,8.20,8.43,8.20,8.29,7441310,61998828.000
2012-02-17,8.33,8.71,8.25,8.53,7994361,68218344.000
2012-02-20,8.65,8.85,8.52,8.64,5243750,45491464.000
2012-02-21,8.64,8.65,8.43,8.60,2686537,22944112.000
2012-02-22,8.62,8.76,8.54,8.66,3220893,27925712.000
2012-02-23,8.70,8.73,8.47,8.53,3776951,32451364.000
2012-02-24,8.49,8.80,8.45,8.71,4999783,43281608.000
2012-02-27,8.71,8.94,8.66,8.83,5115428,45035824.000
2012-02-28,8.75,8.83,8.63,8.74,2742454,23999748.000
2012-02-29,8.66,8.99,8.62,8.75,4483063,39703352.000
2012-03-01,8.68,8.85,8.62,8.68,1603500,13995048.000
2012-03-02,8.70,8.88,8.61,8.86,2877625,25343400.000
2012-03-05,8.85,8.98,8.73,8.76,2101100,18600088.000
2012-03-06,8.72,8.87,8.55,8.79,2875769,24974486.000
2012-03-07,8.61,8.85,8.61,8.76,1875069,16453048.000
2012-03-08,8.72,8.95,8.72,8.88,3295315,29201252.000
2012-03-09,8.89,9.34,8.81,9.26,8247836,75256736.000
2012-03-12,9.23,9.77,9.18,9.69,9088670,86787624.000
2012-03-13,9.60,9.76,9.54,9.73,3303146,31856492.000
2012-03-14,9.72,9.81,8.92,9.09,6291004,59200088.000
2012-03-15,9.05,9.24,8.60,8.73,6359646,56595968.000
2012-03-16,8.74,9.24,8.74,9.23,3295416,29671336.000
2012-03-19,9.22,9.71,9.21,9.55,5982115,56976572.000
2012-03-20,9.49,9.50,9.26,9.37,2204577,20637170.000
2012-03-21,9.38,9.44,9.19,9.40,2206480,20491964.000
2012-03-22,9.32,9.66,9.21,9.35,2766053,26125058.000
2012-03-23,9.28,9.46,8.73,8.76,4203370,37879760.000
2012-03-26,8.77,8.97,8.65,8.73,2594669,22871280.000
2012-03-27,8.79,8.96,8.73,8.74,1460759,12895380.000
2012-03-28,8.74,8.79,8.23,8.30,2270355,19206444.000
2012-03-29,8.30,8.40,8.09,8.16,4150455,34167408.000
2012-03-30,8.15,8.56,8.14,8.40,2832190,23732258.000
2012-04-05,8.49,8.68,8.35,8.64,1947026,16659443.000
2012-04-06,8.51,8.68,8.51,8.66,1565442,13443723.000
2012-04-09,8.47,8.75,8.47,8.54,1103595,9539345.000
2012-04-10,8.47,8.94,8.40,8.86,2119046,18485008.000
2012-04-11,8.69,9.17,8.69,9.08,3460154,31291030.000
2012-04-12,9.04,9.34,9.03,9.29,3167880,29183188.000
2012-04-13,9.31,9.43,9.14,9.33,3204183,29807024.000
2012-04-16,9.32,9.54,9.23,9.49,5621857,52979876.000
2012-04-17,9.40,9.83,9.13,9.18,4670747,44281632.000
2012-04-18,9.16,9.70,9.11,9.67,5676710,53803080.000
2012-04-19,9.68,9.80,9.50,9.66,5252807,50782908.000
2012-04-23,10.19,10.63,10.17,10.63,41792749,442204256.000
2012-04-24,10.40,10.69,9.94,10.49,30358184,314938944.000
2012-04-25,10.45,11.48,10.36,11.03,33659230,368705600.000
2012-04-26,10.85,10.97,10.52,10.66,18422654,197459824.000
2012-05-15,10.40,10.40,9.59,9.59,20698213,200436528.000
2012-05-16,9.45,9.82,9.21,9.71,14774037,139982576.000
2012-05-17,9.60,9.88,9.52,9.78,9564905,93232880.000
2012-05-18,9.70,9.79,9.39,9.40,7489358,71898416.000
2012-05-21,9.34,9.52,9.13,9.26,4617239,42892040.000
2012-05-22,9.37,9.59,9.30,9.51,4752566,44916444.000
2012-05-23,9.55,9.75,9.35,9.47,4656933,44330760.000
2012-05-24,9.39,9.56,9.37,9.42,3897628,36825240.000
2012-05-25,9.39,9.58,9.37,9.45,3879032,36759904.000
2012-05-28,9.46,9.56,8.88,9.53,6677042,61804720.000
2012-05-29,9.50,9.73,9.46,9.63,5331563,51328156.000
2012-05-30,9.62,9.85,9.59,9.74,4528800,44243324.000
2012-05-31,9.71,9.99,9.66,9.97,6548947,64611760.000
2012-06-01,9.94,10.07,9.82,9.85,4336605,43032772.000
2012-06-04,9.60,9.69,9.11,9.13,6871511,64399540.000
2012-06-05,9.14,9.33,9.14,9.24,2474614,22847958.000
2012-06-06,9.23,9.28,8.91,9.07,2663858,24252616.000
2012-06-07,9.16,9.25,9.01,9.20,2512431,22979960.000
2012-06-08,9.35,9.35,9.06,9.07,2468311,22776324.000
2012-06-11,9.11,9.26,8.92,9.19,2255805,20468716.000
2012-06-12,9.15,9.26,9.12,9.18,1793576,16489288.000
2012-06-13,9.19,9.60,9.16,9.57,4628955,43628272.000
2012-06-14,9.51,9.57,9.38,9.45,3121034,29489946.000
2012-06-15,9.42,9.49,9.11,9.22,2358764,21928468.000
2012-06-18,9.28,9.37,9.22,9.27,1565750,14569844.000
2012-06-19,9.23,9.30,9.09,9.11,2293047,21014112.000
2012-06-20,9.13,9.17,9.02,9.05,1548531,14048514.000
2012-06-21,9.01,9.15,8.99,9.08,2033818,18444128.000
2012-06-25,9.01,9.03,8.38,8.49,5493562,47417920.000
2012-06-26,8.48,8.56,8.32,8.49,1921224,16218519.000
2012-06-27,8.49,8.58,8.40,8.42,1162651,9879353.000
2012-06-28,8.48,8.66,8.34,8.34,2121573,18080212.000
2012-06-29,8.30,8.44,8.12,8.41,2474488,20520312.000
2012-07-02,8.51,8.52,8.42,8.43,1365194,11552734.000
2012-07-03,8.37,8.58,8.37,8.49,1758521,14975449.000
2012-07-04,8.46,8.55,8.37,8.40,1228450,10381604.000
2012-07-05,8.36,8.46,8.20,8.31,1600768,13287999.000
2012-07-06,8.50,8.50,8.32,8.45,1728815,14572154.000
2012-07-09,8.44,8.47,8.25,8.33,1617702,13513656.000
2012-07-10,8.32,8.70,8.23,8.63,3319615,28170644.000
2012-07-11,8.63,8.70,8.53,8.68,1782512,15326584.000
2012-07-12,8.68,8.98,8.56,8.94,3896815,34367436.000
2012-07-13,8.88,8.98,8.79,8.87,1624881,14442597.000
2012-07-16,8.83,8.85,8.53,8.78,1739499,15112837.000
2012-07-17,8.78,8.86,8.65,8.78,1139038,9979877.000
2012-07-18,8.76,8.80,8.41,8.77,2238472,19311628.000
2012-07-19,8.65,9.28,8.62,9.08,5067399,45727132.000
2012-07-20,9.08,9.08,8.87,8.90,2612343,23353406.000
2012-07-23,8.62,8.72,8.40,8.69,2650384,22667882.000
2012-07-24,8.64,8.81,8.52,8.72,1341555,11650669.000
2012-07-25,8.70,8.73,8.49,8.68,1654086,14211385.000
2012-07-26,8.62,8.80,8.62,8.76,1703535,14842367.000
2012-07-27,8.71,8.96,8.71,8.80,1606900,14172762.000
2012-07-30,8.79,8.81,8.52,8.52,1261469,10873585.000
2012-07-31,8.52,8.55,8.32,8.47,1368155,11499373.000
2012-08-01,8.37,8.57,8.37,8.48,1510810,12825851.000
2012-08-02,8.50,8.55,8.20,8.40,2210328,18389144.000
2012-08-03,8.40,8.72,8.39,8.69,3011936,25855844.000
2012-08-06,8.61,8.85,8.61,8.79,1367864,11968456.000
2012-08-07,8.81,8.85,8.74,8.81,1129246,9941254.000
2012-08-08,8.83,8.92,8.72,8.83,1426780,12590491.000
2012-08-09,8.84,8.97,8.71,8.93,3351670,29757646.000
2012-08-10,8.93,9.12,8.88,9.01,5799661,52380524.000
2012-08-13,8.92,9.12,8.77,8.85,6315947,56757468.000
2012-08-14,8.80,8.90,8.60,8.86,2102640,18446246.000
2012-08-15,8.82,8.84,8.69,8.75,1303326,11412928.000
2012-08-16,8.79,8.79,8.59,8.66,798100,6922690.000
2012-08-17,8.56,8.80,8.56,8.78,1907010,16664663.000
2012-08-20,8.71,8.78,8.58,8.77,1936347,16825702.000
2012-08-21,8.70,8.95,8.70,8.92,1833735,16321981.000
2012-08-22,8.93,8.94,8.80,8.86,1611432,14296397.000
2012-08-23,8.90,8.96,8.83,8.95,1544513,13765481.000
2012-08-24,8.86,8.92,8.83,8.88,1104093,9801792.000
2012-08-27,8.78,8.91,8.76,8.83,934535,8269067.000
2012-08-28,8.80,8.94,8.79,8.91,1526195,13557891.000
2012-08-29,8.90,8.99,8.88,8.90,1625345,14513703.000
2012-08-30,8.90,8.93,8.62,8.80,1891173,16624183.000
2012-08-31,8.79,8.85,8.71,8.85,934042,8222223.000
2012-09-03,8.85,9.06,8.85,8.99,2079123,18647832.000
2012-09-04,8.99,9.12,8.98,9.00,1390518,12567747.000
2012-09-05,9.00,9.24,8.98,9.23,2930560,26845872.000
2012-09-06,9.24,9.25,9.11,9.16,2142435,19643724.000
2012-09-07,9.19,9.48,9.19,9.32,3444851,32228658.000
2012-09-10,9.31,9.43,9.23,9.26,2505139,23325208.000
2012-09-11,9.20,9.22,9.12,9.20,2087803,19137208.000
2012-09-12,9.20,9.25,9.17,9.23,1414190,13014250.000
2012-09-13,9.23,9.28,9.01,9.02,1948046,17785808.000
2012-09-14,9.14,9.14,8.97,9.00,1706296,15454258.000
2012-09-17,9.10,9.10,8.82,8.83,1494500,13389930.000
2012-09-18,8.82,8.87,8.71,8.85,926759,8189254.000
2012-09-19,8.85,8.96,8.81,8.95,852032,7594773.000
2012-09-20,8.93,8.98,8.64,8.66,1273907,11196282.000
2012-09-21,8.72,8.82,8.66,8.75,1169077,10244067.000
2012-09-24,8.69,8.89,8.69,8.89,681221,5991697.000
2012-09-25,8.93,9.09,8.89,9.03,1583414,14254385.000
2012-09-26,9.03,9.06,8.88,8.92,855700,7666830.000
2012-09-27,8.92,9.17,8.92,9.01,2583263,23375644.000
2012-09-28,8.98,9.16,8.92,9.09,1535931,13964372.000
2012-10-08,9.09,9.18,9.09,9.14,963737,8797202.000
2012-10-09,9.12,9.29,9.12,9.25,1651286,15256383.000
2012-10-10,9.24,9.28,9.17,9.26,1344683,12440263.000
2012-10-11,9.26,9.26,9.12,9.13,938376,8596345.000
2012-10-12,9.20,9.23,9.02,9.05,1722166,15635069.000
2012-10-15,9.04,9.10,9.01,9.06,678451,6138053.000
2012-10-16,9.03,9.16,9.03,9.11,767928,7001035.000
2012-10-17,9.13,9.19,9.06,9.10,617164,5621771.000
2012-10-18,9.15,9.38,9.10,9.28,1540896,14244360.000
2012-10-19,9.27,9.37,9.15,9.17,1223635,11338958.000
2012-10-22,9.17,9.26,9.14,9.23,813129,7479150.000
2012-10-23,9.25,9.39,9.19,9.19,1994569,18579872.000
2012-10-24,9.10,9.29,9.06,9.11,1588323,14521585.000
2012-10-25,9.11,9.18,9.11,9.13,1069857,9783267.000
2012-10-26,9.06,9.27,8.96,8.99,1604894,14527203.000
2012-10-29,9.00,9.11,8.97,9.06,505242,4583345.000
2012-10-30,9.06,9.18,8.88,8.93,1151200,10454227.000
2012-10-31,8.96,9.11,8.85,9.11,727941,6518578.000
2012-11-01,9.11,9.45,9.08,9.30,3401863,31620024.000
2012-11-02,9.30,9.65,9.22,9.55,8115971,77167640.000
2012-11-05,9.51,9.58,9.42,9.46,3367928,31944344.000
2012-11-06,9.46,9.51,9.23,9.37,2632874,24624100.000
2012-11-07,9.37,9.47,9.29,9.36,1348106,12633086.000
2012-11-08,9.30,9.51,9.19,9.22,2772305,26015624.000
2012-11-09,9.28,9.28,9.05,9.12,2279740,20807404.000
2012-11-12,9.10,9.25,9.03,9.19,2541848,23238986.000
2012-11-13,9.20,9.21,8.86,8.90,2654118,23836268.000
2012-11-14,8.82,9.06,8.82,9.00,1141538,10214175.000
2012-11-15,8.98,9.12,8.85,8.88,1550408,13980434.000
2012-11-16,8.88,8.89,8.81,8.87,3188933,28212184.000
2012-11-19,8.87,8.96,8.85,8.95,1472910,13112255.000
2012-11-20,9.03,9.03,8.93,8.97,1333888,11981516.000
2012-11-21,8.97,9.13,8.82,9.12,1574966,14187761.000
2012-11-22,9.10,9.11,9.00,9.06,918379,8307327.000
2012-11-23,9.03,9.17,9.03,9.12,1243171,11337203.000
2012-11-26,9.08,9.18,9.04,9.15,1147824,10493326.000
2012-11-27,9.07,9.17,8.92,8.94,1986835,17924684.000
2012-11-28,8.92,9.00,8.68,8.74,2168642,19124340.000
2012-11-29,8.76,8.87,8.58,8.61,1307310,11391450.000
2012-11-30,8.61,8.88,8.55,8.81,1029501,9019660.000
2012-12-03,8.72,8.93,8.72,8.86,1067188,9463308.000
2012-12-04,8.78,8.95,8.70,8.90,911277,8029289.000
2012-12-05,8.83,9.25,8.83,9.18,2731303,24944944.000
2012-12-06,9.16,9.29,9.12,9.16,1099111,10094940.000
2012-12-07,9.16,9.28,9.11,9.26,1623145,14972153.000
2012-12-10,9.23,9.31,9.16,9.28,2537003,23504168.000
2012-12-11,9.24,9.32,9.15,9.27,1612456,14878581.000
2012-12-12,9.22,9.28,9.08,9.17,1520772,13943028.000
2012-12-13,9.16,9.22,9.10,9.14,943384,8634513.000
2012-12-14,9.12,9.57,9.12,9.48,4071249,38291280.000
2012-12-17,9.49,9.58,9.44,9.48,2585655,24563456.000
2012-12-18,9.46,9.65,9.39,9.47,2775577,26431994.000
2012-12-19,9.50,9.55,9.40,9.48,1591070,15092310.000
2012-12-20,9.43,9.45,9.32,9.41,1682040,15782114.000
2012-12-21,9.41,9.49,9.32,9.40,1305408,12263857.000
2012-12-24,9.37,9.55,9.30,9.46,1623910,15369494.000
2012-12-25,9.46,9.93,9.42,9.81,5453822,53423580.000
2012-12-26,9.75,10.27,9.75,10.20,10008904,101353072.000
2012-12-27,10.15,10.22,9.82,9.87,5528412,55234532.000
2012-12-28,9.87,10.08,9.86,10.01,4137397,41315872.000
2012-12-31,10.17,10.20,9.95,10.10,4773230,48137624.000
2013-01-04,10.17,10.18,9.83,9.84,4270621,42447808.000
2013-01-07,9.80,9.89,9.56,9.61,11389453,110018904.000
2013-01-08,9.61,9.75,9.59,9.70,5565807,53926312.000
2013-01-09,9.62,9.72,9.56,9.70,5073663,48848864.000
2013-01-10,9.63,9.90,9.63,9.84,6468376,63199496.000
2013-01-11,9.83,9.85,9.57,9.58,5170157,49878100.000
2013-01-14,9.57,9.78,9.46,9.74,5104396,49299696.000
2013-01-15,9.75,9.94,9.71,9.81,6201403,60857032.000
2013-01-16,9.82,10.10,9.79,9.89,5401195,53630080.000
2013-01-17,9.95,10.11,9.78,9.80,5557754,55427152.000
2013-01-18,9.79,9.93,9.61,9.85,5238387,51267360.000
2013-01-21,9.85,10.02,9.80,9.93,5253653,52077624.000
2013-01-22,9.95,10.25,9.81,10.03,8177902,82147208.000
2013-01-23,9.97,10.18,9.86,10.14,7237353,72858480.000
2013-01-24,10.17,10.33,9.82,9.89,8647457,87390408.000
2013-01-25,9.89,9.95,9.61,9.63,3930601,38296752.000
2013-01-28,9.63,9.83,9.62,9.80,3308507,32331304.000
2013-01-29,9.79,9.93,9.79,9.87,4140219,40816288.000
2013-01-30,9.82,9.92,9.63,9.79,4083109,39916832.000
2013-01-31,9.78,9.81,9.46,9.55,4354212,41836664.000
2013-02-01,9.52,9.74,9.50,9.69,3381806,32537040.000
2013-02-04,9.75,10.10,9.70,9.84,7578217,75027152.000
2013-02-05,9.75,9.95,9.64,9.90,8170173,80142616.000
2013-02-06,9.92,9.94,9.80,9.88,3326626,32851848.000
2013-02-07,9.88,10.06,9.87,9.94,4707068,46872064.000
2013-02-08,9.96,10.15,9.90,10.15,8050894,81165752.000
2013-02-18,10.13,10.29,10.04,10.07,4489340,45649340.000
2013-02-19,10.08,10.13,9.68,9.76,4170442,41116432.000
2013-02-20,9.76,9.84,9.64,9.80,2330699,22727404.000
2013-02-21,9.76,9.76,9.42,9.43,3325298,31793068.000
2013-02-22,9.44,9.62,9.40,9.49,2049622,19458372.000
2013-02-25,9.49,9.56,9.41,9.50,1604234,15207630.000
2013-02-26,9.46,9.57,9.39,9.43,1860497,17644502.000
2013-02-27,9.38,9.75,9.35,9.61,3004924,28747034.000
2013-02-28,9.63,9.78,9.58,9.70,3579890,34745516.000
2013-03-01,9.74,9.74,9.51,9.59,2943600,28311594.000
2013-03-04,9.37,9.38,8.63,8.63,10164660,90137544.000
2013-03-05,8.59,8.73,8.54,8.68,3533506,30522336.000
2013-03-06,8.71,8.84,8.68,8.72,3264134,28589480.000
2013-03-07,8.73,8.85,8.60,8.75,2743180,24035424.000
2013-03-08,8.75,8.80,8.64,8.64,2175600,18931190.000
2013-03-11,8.68,8.83,8.64,8.69,1540922,13434106.000
2013-03-12,8.70,8.85,8.46,8.57,3137659,27182394.000
2013-03-13,8.58,8.72,8.40,8.47,2422162,20608870.000
2013-03-14,8.49,8.57,8.35,8.41,1850318,15656211.000
2013-03-15,8.41,8.52,8.37,8.43,2023258,17073916.000
2013-03-18,8.40,8.47,8.38,8.40,1150300,9681933.000
2013-03-19,8.47,8.57,8.35,8.56,1489750,12623225.000
2013-03-20,8.56,8.68,8.52,8.68,2452775,21177784.000
2013-03-21,8.69,8.70,8.54,8.58,2733973,23579972.000
2013-03-22,8.56,8.74,8.55,8.66,1891409,16319806.000
2013-03-25,8.64,8.66,8.54,8.59,1702442,14612762.000
2013-03-26,8.55,8.65,8.50,8.54,2150081,18383514.000
2013-03-27,8.52,8.67,8.50,8.67,2003435,17217236.000
2013-03-28,8.55,8.55,8.29,8.31,2276691,19080484.000
2013-03-29,8.29,8.51,8.29,8.40,1530458,12876985.000
2013-04-01,8.40,8.53,8.40,8.43,1148906,9716247.000
2013-04-02,8.45,8.53,8.40,8.45,1319630,11186500.000
2013-04-03,8.50,8.61,8.28,8.61,3713348,31551676.000
2013-04-08,8.47,8.47,8.22,8.45,1533536,12842579.000
2013-04-09,8.41,8.56,8.35,8.52,1613607,13698280.000
2013-04-10,8.54,8.56,8.46,8.54,1035603,8817086.000
2013-04-11,8.56,8.66,8.46,8.47,980659,8370095.000
2013-04-12,8.47,8.51,8.30,8.32,886307,7446420.000
2013-04-15,8.30,8.53,8.26,8.37,2428079,20440712.000
2013-04-16,8.30,8.49,8.22,8.47,1530515,12853725.000
2013-04-17,8.48,8.62,8.41,8.56,1949410,16633357.000
2013-04-18,8.50,8.61,8.50,8.56,1233651,10561249.000
2013-04-19,8.60,8.73,8.56,8.68,2651655,22992594.000
2013-04-22,8.68,8.68,8.55,8.59,1660388,14246072.000
2013-04-23,8.61,8.61,8.35,8.42,1584169,13350541.000
2013-04-24,8.44,8.51,8.35,8.44,1777760,15013261.000
2013-04-25,8.42,8.47,8.34,8.44,1700761,14290583.000
2013-04-26,8.43,8.44,8.24,8.29,1203300,10033163.000
2013-05-02,8.30,8.37,8.24,8.35,1306191,10845781.000
2013-05-03,8.35,8.55,8.35,8.51,1825110,15482440.000
2013-05-06,8.48,8.57,8.45,8.55,2043814,17395684.000
2013-05-07,8.50,8.57,8.46,8.55,2209234,18846100.000
2013-05-08,8.54,8.60,8.47,8.52,1599822,13616332.000
2013-05-09,8.52,8.52,8.41,8.45,1358622,11486303.000
2013-05-10,8.44,8.98,8.43,8.94,8362312,73081584.000
2013-05-13,8.85,9.51,8.85,9.39,11626526,108254256.000
2013-05-14,9.35,9.48,9.24,9.38,4270836,39819368.000
2013-05-15,9.25,9.56,9.25,9.41,2753219,25900636.000
2013-05-16,9.41,9.68,9.34,9.63,4356848,41511424.000
2013-05-17,9.58,9.76,9.47,9.53,4440771,42619452.000
2013-05-20,9.53,9.73,9.44,9.58,4316958,41451540.000
2013-05-21,9.56,9.66,9.45,9.52,3543960,33785752.000
2013-05-22,9.52,9.59,9.44,9.55,2703064,25720976.000
2013-05-23,9.50,9.93,9.46,9.66,5583035,54224608.000
2013-05-24,9.66,9.80,9.59,9.77,2690360,26127798.000
2013-05-27,9.82,9.82,9.42,9.55,3506506,33643136.000
2013-05-28,9.58,9.70,9.41,9.69,3249568,31036770.000
2013-05-29,9.69,9.74,9.46,9.56,4051066,38796620.000
2013-05-30,9.55,10.05,9.41,9.94,8412577,83305136.000
2013-05-31,9.90,10.04,9.77,9.82,3712850,36664376.000
2013-06-03,9.82,9.94,9.72,9.87,2411089,23805988.000
2013-06-04,9.88,9.88,9.69,9.70,1769300,17271496.000
2013-06-05,9.72,9.82,9.65,9.78,1729011,16848056.000
2013-06-06,9.78,9.79,9.59,9.67,2390447,23196992.000
2013-06-07,9.61,9.73,9.50,9.62,2400442,23100036.000
2013-06-13,9.62,9.63,9.01,9.24,5344133,50018612.000
2013-06-14,9.30,9.55,9.21,9.50,2430976,22883408.000
2013-06-17,9.63,9.82,9.46,9.77,2973495,28739820.000
2013-06-18,9.79,9.88,9.66,9.74,2382535,23354760.000
2013-06-19,9.73,9.79,9.46,9.61,1312754,12617020.000
2013-06-20,9.52,9.95,9.50,9.88,7066234,69288728.000
2013-06-21,9.80,9.95,8.89,9.87,7351177,71631080.000
2013-06-24,9.82,9.82,9.39,9.69,5422383,52080852.000
2013-06-25,9.66,9.84,8.76,9.69,9498209,90345256.000
2013-06-26,9.69,10.14,9.57,10.12,7731754,77296200.000
2013-06-27,10.18,10.28,9.93,10.04,7416441,74832440.000
2013-06-28,9.96,10.10,9.52,9.66,8339481,81360696.000
2013-07-01,9.60,9.78,9.37,9.75,3487194,33259248.000
2013-07-02,9.84,10.07,9.80,10.05,6222337,61892240.000
2013-07-03,10.06,10.06,9.76,9.95,3783598,37413788.000
2013-07-04,9.90,10.18,9.75,10.03,3978248,39839988.000
2013-07-05,10.10,10.17,9.71,9.75,3075058,30687692.000
2013-07-08,9.70,10.26,9.60,10.23,6209544,62227988.000
2013-07-09,10.35,10.35,10.08,10.20,4159570,42528668.000
2013-07-10,10.11,10.98,10.10,10.89,10879309,116553064.000
2013-07-11,10.80,11.25,10.73,11.14,10266600,113037608.000
2013-07-12,11.10,12.13,11.05,11.61,15483683,179946784.000
数据来源:通达信
