600280 南京中商 日线
      日期	    开盘	    最高	    最低	    收盘	    成交量	    成交额
2007-01-11,5.12,5.28,5.11,5.21,1378302,15984004.000
2007-01-12,5.21,5.21,4.91,4.91,1228276,13862271.000
2007-01-15,4.91,5.17,4.82,5.17,1615566,18160408.000
2007-01-16,5.19,5.52,5.09,5.50,3527949,42260432.000
2007-01-17,5.51,6.11,5.47,6.06,4508876,58925292.000
2007-01-18,5.91,6.34,5.71,6.19,2646540,35076540.000
2007-01-19,6.21,6.61,6.03,6.57,1938511,27228296.000
2007-01-22,6.59,6.81,6.49,6.71,1572473,22965688.000
2007-01-23,6.39,6.94,6.39,6.89,3603327,53124248.000
2007-01-24,6.87,6.89,6.57,6.77,1326285,19362204.000
2007-01-25,6.74,6.74,6.39,6.47,1093468,15496970.000
2007-01-26,6.44,6.56,5.86,6.47,1281452,17487934.000
2007-01-29,6.44,6.54,6.29,6.35,665130,9299416.000
2007-01-30,6.35,6.64,6.29,6.43,602942,8481710.000
2007-01-31,6.39,6.40,6.14,6.38,1352568,18657052.000
2007-02-01,6.34,6.72,6.19,6.68,1595508,22669796.000
2007-02-02,6.78,7.34,6.64,6.99,1593738,24310900.000
2007-02-05,6.99,7.47,6.89,7.38,1386770,21677444.000
2007-02-06,7.39,7.39,7.04,7.24,437697,6889701.000
2007-02-07,7.16,7.46,7.04,7.08,670367,10492135.000
2007-02-08,7.04,7.85,7.04,7.85,1796448,29397392.000
2007-02-09,8.11,8.58,7.88,8.36,1416626,25391942.000
2007-02-12,8.12,8.63,8.12,8.37,952615,17247312.000
2007-02-13,8.37,8.77,8.16,8.48,771306,14095065.000
2007-02-14,8.48,8.65,8.23,8.63,1804696,32752354.000
2007-02-15,8.63,8.88,8.50,8.82,691390,12945724.000
2007-02-16,8.78,8.98,8.55,8.68,1041136,19614664.000
2007-02-26,8.63,8.69,8.18,8.68,675301,12142894.000
2007-02-27,8.49,8.49,7.75,7.75,1470934,25251088.000
2007-02-28,7.41,7.69,7.14,7.63,1386485,22310928.000
2007-03-01,7.61,7.61,6.93,7.46,1710023,26691496.000
2007-03-02,7.16,7.39,7.14,7.37,523585,8308752.000
2007-03-05,7.34,7.44,7.03,7.33,490306,7711273.000
2007-03-06,7.26,7.72,7.14,7.54,736704,11915472.000
2007-03-07,7.58,7.59,7.34,7.41,1221262,19574212.000
2007-03-08,7.46,7.52,7.30,7.48,607905,9745361.000
2007-03-09,7.49,7.52,7.19,7.44,875327,14066794.000
2007-03-12,7.39,7.48,7.21,7.28,541708,8589696.000
2007-03-13,7.15,7.44,7.15,7.29,905614,14360676.000
2007-03-14,7.29,7.30,6.86,7.29,1808164,27724248.000
2007-03-15,7.19,7.37,7.14,7.28,967065,15157214.000
2007-03-16,7.24,7.39,6.99,7.08,1132743,17695042.000
2007-03-19,6.88,7.19,6.79,7.08,2730377,41348136.000
2007-03-20,7.08,7.08,6.88,6.99,773074,11697355.000
2007-03-21,6.98,7.29,6.88,7.27,1336397,20314022.000
2007-03-22,7.24,7.82,7.16,7.67,2427571,39513120.000
2007-03-23,7.68,7.68,7.39,7.57,1692382,27540280.000
2007-03-26,7.53,7.66,7.43,7.61,1311931,21378774.000
2007-03-27,7.49,8.02,7.49,7.93,2814760,47605168.000
2007-03-28,7.93,7.98,7.43,7.86,2849582,47221300.000
2007-03-29,7.66,8.32,7.39,7.52,2210202,36510048.000
2007-03-30,7.39,7.63,7.37,7.57,1344670,21668088.000
2007-04-02,7.59,7.59,7.34,7.43,1158785,18588096.000
2007-04-03,7.43,7.43,7.13,7.27,2420898,37946520.000
2007-04-04,7.52,7.52,7.23,7.30,2184816,34652332.000
2007-04-05,7.31,7.49,7.29,7.48,2338893,37341144.000
2007-04-06,7.49,7.49,7.32,7.40,2596782,41544176.000
2007-04-09,7.39,7.71,7.39,7.71,3077385,50402968.000
2007-04-10,7.68,7.68,7.14,7.43,5267364,84332256.000
2007-04-11,7.39,7.41,7.26,7.30,4821969,76450216.000
2007-04-12,7.30,7.72,7.30,7.63,4950858,81248536.000
2007-04-13,7.66,8.11,7.66,7.83,6200894,105862240.000
2007-04-16,7.83,8.18,7.83,7.99,4417410,76198440.000
2007-04-17,8.04,8.11,7.63,7.87,3993520,67799152.000
2007-04-18,7.96,8.28,7.96,8.23,4401905,77395704.000
2007-04-19,8.28,8.28,7.35,7.52,4322072,73131240.000
2007-04-20,7.66,8.04,7.52,7.98,3028885,50957956.000
2007-04-23,8.08,8.48,8.06,8.37,4610445,82510160.000
2007-04-24,8.39,8.78,8.23,8.56,5279951,96405984.000
2007-04-25,8.56,8.56,8.13,8.37,3724350,66555184.000
2007-04-26,8.48,8.59,8.29,8.37,1916749,34666056.000
2007-04-27,8.33,8.38,8.01,8.09,2485983,43506080.000
2007-04-30,8.08,8.13,7.88,7.96,3074842,52831544.000
2007-05-08,8.11,8.38,8.08,8.27,5088440,90477528.000
2007-05-09,8.27,8.55,8.05,8.40,3810968,68764912.000
2007-05-10,8.44,8.51,8.23,8.31,3100958,55377952.000
2007-05-14,8.13,8.98,8.04,8.81,6674816,123967560.000
2007-05-15,8.88,9.68,8.88,9.14,7584476,149543952.000
2007-05-16,9.19,9.53,9.03,9.41,4558669,90658920.000
2007-05-17,9.42,9.76,9.27,9.66,4043625,82644256.000
2007-05-18,9.67,9.67,9.28,9.39,3783038,75593752.000
2007-05-21,9.05,10.12,9.03,9.97,3499485,71905520.000
2007-05-22,9.98,10.52,9.89,9.98,3137415,68039640.000
2007-05-23,10.08,10.12,9.77,9.97,2446530,51505440.000
2007-05-24,9.98,10.73,9.97,10.59,4987934,109651352.000
2007-05-25,10.56,10.56,10.23,10.55,2624529,57927524.000
2007-05-28,10.81,10.81,10.37,10.51,2664927,59222384.000
2007-05-29,10.51,10.64,10.11,10.56,3695456,81166880.000
2007-05-30,9.51,10.33,9.44,9.44,4741037,97156904.000
2007-05-31,9.23,9.77,8.64,9.34,3634841,71385912.000
2007-06-01,9.31,9.44,8.34,8.74,2578102,48312240.000
2007-06-04,8.49,8.83,7.81,7.81,3997932,68973832.000
2007-06-05,7.41,7.88,6.97,7.80,2350045,37477872.000
2007-06-06,7.88,8.20,7.73,8.03,2817064,48303580.000
2007-06-07,8.06,8.56,7.95,8.54,2465503,43635248.000
2007-06-08,8.53,8.82,8.24,8.44,1530696,27841760.000
2007-06-11,8.51,8.79,8.38,8.76,2304308,42692040.000
2007-06-12,8.76,8.92,8.48,8.86,2250584,42005996.000
2007-06-13,8.89,9.36,8.83,9.10,3028126,58785188.000
2007-06-14,8.98,9.26,8.68,9.10,2653363,51142268.000
2007-06-15,9.04,9.24,8.88,9.21,1669452,32554272.000
2007-06-18,9.48,10.13,9.39,9.93,3590150,74573752.000
2007-06-19,10.38,10.88,10.14,10.21,3923409,87205192.000
2007-06-20,10.05,10.25,9.43,9.58,2401746,50451636.000
2007-06-21,9.48,9.86,9.38,9.72,1327490,27093446.000
2007-06-22,9.72,10.03,8.94,9.19,2218871,45072400.000
2007-06-25,9.14,9.43,8.53,8.80,1493494,28176034.000
2007-06-26,8.58,9.13,8.28,9.13,1291921,24293352.000
2007-06-27,9.11,9.31,8.88,9.18,934947,18094372.000
2007-06-28,9.26,9.27,8.48,8.51,1200895,22774736.000
2007-06-29,8.43,8.43,7.98,8.26,1488035,26004114.000
2007-07-02,8.27,8.46,8.13,8.38,929714,16572425.000
2007-07-03,8.58,8.62,8.38,8.40,740587,13505811.000
2007-07-04,8.45,8.46,8.00,8.05,1533943,26437300.000
2007-07-05,7.92,8.16,7.79,7.89,670283,11442431.000
2007-07-06,7.83,8.46,7.83,8.33,526990,9103351.000
2007-07-09,8.38,8.67,8.26,8.53,856396,15338697.000
2007-07-10,8.56,8.63,8.13,8.27,504071,8912290.000
2007-07-11,8.43,8.43,8.01,8.32,247400,4325902.000
2007-07-12,8.43,8.47,8.14,8.29,197747,3467388.000
2007-07-13,8.28,8.36,8.16,8.21,214368,3741375.000
2007-07-16,8.18,8.23,7.90,7.98,385695,6592458.000
2007-07-17,7.93,8.16,7.84,8.03,203625,3465244.000
2007-07-18,8.23,8.23,7.90,8.18,269331,4637253.000
2007-07-19,8.18,8.22,8.02,8.18,250153,4324905.000
2007-07-20,8.27,8.71,8.22,8.62,1054843,19190838.000
2007-07-23,8.60,8.98,8.60,8.93,1513100,28306800.000
2007-07-24,8.93,9.33,8.91,9.03,1186841,22956646.000
2007-07-25,8.98,9.38,8.94,9.11,1262989,24190062.000
2007-07-26,9.06,9.32,8.98,9.11,1050807,20195212.000
2007-07-27,9.12,9.58,9.12,9.50,1549306,30620916.000
2007-07-30,9.54,9.56,9.37,9.50,1311163,26261920.000
2007-07-31,9.53,9.66,9.41,9.63,896026,18025044.000
2007-08-01,9.73,9.76,8.92,9.14,1127003,22217302.000
2007-08-02,9.17,9.72,9.12,9.40,833117,16370887.000
2007-08-03,9.71,9.71,9.46,9.57,1654517,33408624.000
2007-08-06,9.63,9.73,9.39,9.58,609654,12264704.000
2007-08-07,9.58,10.23,9.58,10.03,2371075,49659176.000
2007-08-08,9.98,10.43,9.78,10.28,2330746,49841772.000
2007-08-09,10.28,10.41,10.01,10.20,1096984,23515556.000
2007-08-10,10.13,10.20,9.68,9.86,848377,17534188.000
2007-08-13,9.69,9.93,9.38,9.48,672382,13567924.000
2007-08-14,9.48,9.66,9.34,9.53,1004802,20253524.000
2007-08-15,9.63,9.69,9.18,9.57,1729561,34581468.000
2007-08-16,9.48,9.61,9.24,9.48,1485139,29568096.000
2007-08-17,9.41,9.63,9.33,9.48,325585,6497097.000
2007-08-20,9.58,10.11,9.58,10.07,1516195,31632800.000
2007-08-21,10.18,10.23,9.83,10.15,614434,12958389.000
2007-08-22,10.15,10.23,9.93,10.13,651261,13841154.000
2007-08-23,10.17,10.71,10.16,10.30,993373,21871402.000
2007-08-24,10.30,10.60,10.24,10.41,873951,19102260.000
2007-08-27,10.48,10.70,10.20,10.23,651117,14204091.000
2007-08-28,10.32,10.32,9.61,9.94,1997712,41358628.000
2007-08-29,10.06,10.06,9.49,9.70,2177194,44405504.000
2007-08-30,9.67,10.13,9.67,10.06,930316,19455384.000
2007-08-31,10.12,10.13,9.81,9.91,953167,20015592.000
2007-09-03,9.98,10.20,9.73,9.94,1252529,26296312.000
2007-09-04,10.03,10.06,9.48,9.96,992359,20372472.000
2007-09-05,9.83,10.16,9.78,9.90,858927,17966400.000
2007-09-06,9.88,9.95,9.63,9.92,1567852,32214572.000
2007-09-07,9.94,9.94,9.48,9.53,831718,16961494.000
2007-09-10,9.58,9.78,9.31,9.61,818419,16356620.000
2007-09-11,9.59,9.59,8.63,8.70,1003753,19683696.000
2007-09-12,8.73,9.08,8.68,8.90,649021,12094042.000
2007-09-13,8.93,9.01,8.64,8.99,909623,16989096.000
2007-09-14,8.98,9.27,8.81,9.22,2675469,51727392.000
2007-09-17,9.13,9.33,9.08,9.19,993746,19327860.000
2007-09-18,9.27,9.33,9.11,9.21,991632,19252568.000
2007-09-19,9.16,9.23,8.88,8.90,667244,12772088.000
2007-09-20,8.93,9.13,8.91,9.10,1216289,23257872.000
2007-09-21,9.14,9.14,8.50,8.79,1453592,27226230.000
2007-09-24,8.68,9.08,8.54,9.03,1462304,27796846.000
2007-09-25,9.13,9.17,8.89,8.99,766693,14653474.000
2007-09-26,8.99,9.08,8.78,8.83,1599907,30173760.000
2007-09-27,8.84,8.99,8.73,8.79,997545,18836252.000
2007-09-28,8.83,8.99,8.78,8.98,1401589,26245260.000
2007-10-08,9.02,9.08,8.78,8.78,1946690,36374032.000
2007-10-09,8.83,8.97,8.48,8.73,1473024,27179424.000
2007-10-10,8.70,8.88,8.63,8.68,1661308,30627428.000
2007-10-11,8.68,8.82,8.56,8.59,730941,13442373.000
2007-10-12,8.56,8.68,7.94,8.34,1959001,34426240.000
2007-10-15,8.34,8.34,7.98,8.08,1050109,18071250.000
2007-10-16,8.09,8.66,7.99,8.60,1747990,30690792.000
2007-10-17,8.55,8.88,8.34,8.62,1237112,22705616.000
2007-10-18,8.83,8.88,8.48,8.85,1712523,31639278.000
2007-10-19,8.83,8.97,8.72,8.79,1030795,19320020.000
2007-10-22,8.73,8.73,8.23,8.47,502393,9199445.000
2007-10-23,8.38,8.71,8.24,8.70,623353,11187427.000
2007-10-24,8.73,8.83,8.54,8.77,775677,14201320.000
2007-10-25,8.73,9.28,8.58,9.02,3011669,57312876.000
2007-10-26,8.93,9.21,8.68,9.06,1385408,26400606.000
2007-10-29,9.11,9.61,9.03,9.51,2241028,44195896.000
2007-10-30,9.48,9.63,9.18,9.42,960448,19050618.000
2007-10-31,9.48,9.91,9.38,9.73,2246347,45680032.000
2007-11-01,9.72,9.98,9.43,9.52,2900402,58947272.000
2007-11-02,9.49,9.89,9.22,9.73,1788157,36315952.000
2007-11-05,9.73,10.01,9.53,9.83,1601720,33093720.000
2007-11-06,9.74,10.09,9.41,9.92,1773578,36605992.000
2007-11-07,9.74,9.88,9.51,9.68,684938,13960535.000
2007-11-08,9.59,9.71,9.08,9.11,866123,17293252.000
2007-11-09,9.09,9.23,8.95,8.99,792706,15172388.000
2007-11-12,8.99,9.28,8.93,9.25,485276,9347608.000
2007-11-13,9.26,9.76,9.26,9.64,1262527,25551616.000
2007-11-14,9.72,9.86,9.48,9.83,1339530,27472032.000
2007-11-15,9.88,9.88,9.54,9.73,406857,8299317.000
2007-11-16,9.67,10.08,9.48,9.89,1516681,31577208.000
2007-11-19,9.97,10.10,9.81,9.90,769763,16092384.000
2007-11-20,9.91,9.97,9.58,9.73,680441,13924014.000
2007-11-21,9.78,10.22,9.68,10.03,1609686,33870692.000
2007-11-22,9.83,10.23,9.39,9.42,1155562,23931064.000
2007-11-23,9.42,9.58,9.10,9.39,849912,16634591.000
2007-11-26,9.41,9.48,8.99,9.00,1145715,22522386.000
2007-11-27,8.73,8.99,8.57,8.63,596160,11011133.000
2007-11-29,8.74,8.87,8.62,8.76,276635,5114176.000
2007-11-30,8.77,9.03,8.68,8.89,518098,9787803.000
2007-12-03,8.76,9.06,8.76,9.00,262073,4955441.000
2007-12-04,9.00,9.03,8.83,8.88,196320,3708061.000
2007-12-05,8.93,9.13,8.92,9.03,565440,10776541.000
2007-12-06,9.07,9.30,8.93,9.21,673281,12942707.000
2007-12-07,9.19,9.23,9.03,9.16,467535,9008164.000
2007-12-10,9.06,9.48,8.98,9.42,996285,19500024.000
2007-12-11,9.42,9.48,9.23,9.39,728610,14362478.000
2007-12-12,9.38,9.81,9.21,9.60,1381322,27970708.000
2007-12-13,9.60,9.62,9.13,9.18,1108699,21866292.000
2007-12-14,8.99,9.28,8.92,9.25,555291,10645637.000
2007-12-17,9.48,9.73,9.26,9.49,1315372,26581308.000
2007-12-18,9.52,9.68,9.19,9.48,671359,13350218.000
2007-12-19,9.41,9.66,9.33,9.54,785094,15855583.000
2007-12-20,9.55,9.98,9.54,9.85,1850564,38233324.000
2007-12-21,9.86,10.11,9.76,10.00,1066854,22244046.000
2007-12-24,9.98,10.23,9.90,9.93,1708963,36221280.000
2007-12-25,9.94,10.06,9.76,9.96,1414349,29384326.000
2007-12-26,9.99,10.40,9.93,10.33,2200551,47326312.000
2007-12-27,10.41,10.73,10.36,10.52,1590898,35346976.000
2007-12-28,10.41,10.56,10.32,10.40,828495,18090326.000
2008-01-02,10.58,10.99,10.23,10.88,1169098,26260188.000
2008-01-03,10.77,11.26,10.77,11.25,1580957,36793180.000
2008-01-04,11.43,11.43,10.91,11.01,1211540,28015152.000
2008-01-07,11.04,12.16,11.04,12.16,2451009,59922224.000
2008-01-08,12.32,13.08,11.98,12.37,4653458,122054208.000
2008-01-09,12.36,13.06,12.23,12.87,2148216,56748016.000
2008-01-10,12.86,13.06,12.38,12.48,1849825,49005884.000
2008-01-11,12.48,12.68,12.23,12.62,1020194,26350758.000
2008-01-14,12.39,12.88,12.33,12.60,835415,21792560.000
2008-01-15,12.64,12.98,12.41,12.79,687362,18218256.000
2008-01-16,12.71,13.16,12.48,13.14,1303193,35034884.000
2008-01-17,13.02,13.23,11.77,12.12,1610523,41673568.000
2008-01-18,12.21,12.23,11.53,12.13,950358,23665136.000
2008-01-21,12.06,12.13,11.01,11.23,968064,23291074.000
2008-01-22,10.98,11.33,10.33,10.53,1985932,44675968.000
2008-01-23,10.56,11.59,10.56,11.51,1255526,29097032.000
2008-01-24,11.62,12.03,11.35,11.99,1282667,31697400.000
2008-01-25,11.97,11.97,11.66,11.75,786245,19313576.000
2008-01-28,11.73,11.73,10.58,10.95,746369,17218524.000
2008-01-29,10.92,11.51,10.92,11.36,499453,11784925.000
2008-01-30,11.43,11.56,10.99,11.20,854626,20237456.000
2008-01-31,11.47,11.48,10.74,10.75,336652,7779944.000
2008-02-01,10.78,10.88,9.89,10.06,667623,14219410.000
2008-02-04,10.31,10.97,10.28,10.88,422593,9455797.000
2008-02-05,10.91,10.91,10.57,10.73,370133,8316678.000
2008-02-13,10.64,10.77,10.23,10.61,208038,4591284.000
2008-02-14,10.73,11.73,10.64,11.55,1225562,27667632.000
2008-02-15,11.19,11.19,10.78,10.88,775278,17742200.000
2008-02-18,11.03,11.14,10.89,10.99,1064763,24540076.000
2008-02-19,10.99,11.26,10.73,11.17,544810,12624295.000
2008-02-20,11.23,11.43,10.89,10.93,437532,10176198.000
2008-02-21,10.86,11.08,10.49,10.84,479762,10798514.000
2008-02-22,10.89,10.96,10.29,10.49,492978,10910640.000
2008-02-25,10.49,10.52,9.93,9.94,516385,11034088.000
2008-02-26,10.47,10.47,9.32,9.68,835325,17232648.000
2008-02-27,9.78,10.08,9.64,9.93,607908,12584474.000
2008-02-28,9.95,10.28,9.90,10.19,466526,9936473.000
2008-02-29,10.01,10.42,10.01,10.34,654047,14206956.000
2008-03-03,10.09,10.66,10.09,10.56,487404,10721333.000
2008-03-04,10.55,10.78,10.39,10.40,400643,8873304.000
2008-03-05,10.24,10.93,10.23,10.92,549524,12272141.000
2008-03-06,10.90,11.15,10.73,10.93,480223,11001256.000
2008-03-07,11.06,11.08,10.72,10.73,597372,13661093.000
2008-03-10,10.70,10.88,10.32,10.33,391688,8582339.000
2008-03-11,10.33,10.82,9.95,10.76,555293,12021356.000
2008-03-12,10.82,11.11,10.65,10.97,1023487,23462556.000
2008-03-13,10.83,11.17,10.13,10.22,1107326,25035716.000
2008-03-14,10.18,10.48,9.48,9.63,563028,11559123.000
2008-03-17,9.64,9.73,9.06,9.23,1021300,20413828.000
2008-03-18,9.22,9.35,8.28,8.58,424850,7872153.000
2008-03-19,9.12,9.33,8.64,9.01,526750,9921080.000
2008-03-20,8.68,9.58,8.48,9.41,465466,8897474.000
2008-03-21,9.29,9.72,8.99,9.49,383760,7664954.000
2008-03-24,9.67,9.67,9.27,9.27,337927,6701453.000
2008-03-25,9.18,9.63,8.79,9.51,395137,7799652.000
2008-03-26,9.71,10.18,9.33,9.87,720640,15009454.000
2008-03-27,9.78,9.98,9.38,9.49,682999,13822103.000
2008-03-28,9.48,9.67,9.10,9.58,514307,10234142.000
2008-03-31,9.51,9.85,9.15,9.42,602273,12119928.000
2008-04-01,9.33,9.58,8.43,8.83,951831,17446388.000
2008-04-02,8.80,8.83,7.89,7.89,571747,10079638.000
2008-04-03,7.83,8.22,7.34,8.20,493634,8232403.000
2008-04-07,8.17,8.53,8.13,8.53,539396,9636131.000
2008-04-08,8.59,8.71,8.23,8.54,480235,8654172.000
2008-04-09,8.55,8.55,7.66,7.68,446218,7776867.000
2008-04-10,7.71,8.22,7.52,8.14,323030,5372615.000
2008-04-11,8.03,8.32,8.03,8.12,158206,2735946.000
2008-04-14,8.12,8.12,7.34,7.45,321637,5220588.000
2008-04-15,7.47,8.24,7.34,8.21,428398,7076687.000
2008-04-16,8.18,8.18,7.78,7.91,179951,3036002.000
2008-04-17,8.20,8.21,7.63,7.97,407275,6899372.000
2008-04-18,7.93,8.18,7.66,7.90,385030,6524099.000
2008-04-21,8.53,8.58,7.39,7.95,615476,10473251.000
2008-04-22,7.14,8.04,7.11,7.23,839388,12868357.000
2008-04-23,7.28,7.49,6.75,7.36,830645,12725722.000
2008-04-24,8.06,8.11,7.68,8.07,1674893,28177420.000
2008-04-25,7.92,8.07,7.74,7.76,579730,9781053.000
2008-04-28,7.54,7.71,7.28,7.43,516977,8242544.000
2008-04-29,7.48,7.64,7.40,7.60,390313,6269994.000
2008-04-30,7.68,8.09,7.61,8.07,568482,9641986.000
2008-05-05,8.09,8.78,8.09,8.52,817907,14780190.000
2008-05-06,8.40,8.66,8.26,8.38,452221,8104552.000
2008-05-07,8.34,8.47,7.91,7.92,487211,8428005.000
2008-05-08,7.88,8.13,7.84,8.11,354383,6053407.000
2008-05-09,8.11,8.36,8.04,8.13,405957,7053443.000
2008-05-12,8.23,8.57,8.06,8.47,537790,9575738.000
2008-05-13,8.23,8.92,8.21,8.80,1079883,19675812.000
2008-05-14,8.61,8.98,8.58,8.92,705633,13132472.000
2008-05-15,8.92,9.05,8.54,8.66,591378,11016721.000
2008-05-16,8.56,8.83,8.50,8.66,759980,13915898.000
2008-05-19,8.87,9.28,8.66,9.09,751192,14276006.000
2008-05-20,9.09,9.23,8.48,8.49,521450,9743310.000
2008-05-21,8.44,8.73,8.35,8.72,552115,10044310.000
2008-05-22,8.64,8.79,8.21,8.53,263678,4819416.000
2008-05-23,8.26,8.67,8.26,8.33,245968,4402637.000
2008-05-26,8.34,8.57,8.22,8.46,354140,6360109.000
2008-05-27,8.58,8.66,8.36,8.60,518449,9391754.000
2008-05-28,8.73,8.81,8.56,8.72,438986,8076716.000
2008-05-29,8.65,8.77,8.48,8.55,200171,3684436.000
2008-05-30,8.48,8.62,8.39,8.53,242868,4368387.000
2008-06-02,8.41,8.56,8.29,8.32,194652,3450113.000
2008-06-03,8.24,8.42,8.18,8.20,105200,1845519.000
2008-06-04,8.18,8.33,8.18,8.24,671230,11751251.000
2008-06-05,8.25,8.25,7.92,7.94,143561,2455259.000
2008-06-06,7.93,8.06,7.76,7.92,97989,1652603.000
2008-06-10,7.62,7.70,7.11,7.16,362052,5679951.000
2008-06-11,7.02,7.31,7.02,7.23,219332,3358431.000
2008-06-12,7.24,7.30,6.99,7.09,153437,2340873.000
2008-06-13,7.06,7.15,6.78,6.78,164600,2460469.000
2008-06-16,6.94,6.96,6.65,6.74,99056,1435861.000
2008-06-17,6.74,6.93,6.39,6.47,236129,3315699.000
2008-06-18,6.49,6.79,6.26,6.77,268503,3762549.000
2008-06-19,6.67,6.81,6.04,6.08,770453,10290737.000
2008-06-20,6.11,6.44,5.89,6.24,489341,6610450.000
2008-06-23,6.24,6.24,5.84,5.99,227101,2951019.000
2008-06-24,5.87,6.12,5.87,6.10,516826,6753790.000
2008-06-25,6.00,6.76,6.00,6.76,642923,8954848.000
2008-06-26,6.77,7.14,6.56,6.71,698071,10381202.000
2008-06-30,6.02,6.33,5.99,5.99,937870,12429490.000
2008-07-01,6.00,6.27,5.99,6.03,439485,5865457.000
2008-07-02,6.05,6.18,5.94,6.07,339274,4429605.000
2008-07-03,6.04,6.35,5.85,6.26,366652,4893744.000
2008-07-04,6.18,6.55,6.18,6.46,646741,8926889.000
2008-07-07,6.44,6.99,6.31,6.90,716127,10535041.000
2008-07-08,6.83,7.11,6.83,7.09,675658,10118571.000
2008-07-09,7.09,7.28,6.89,7.04,453619,6816039.000
2008-07-10,7.14,7.14,6.94,6.98,296771,4471542.000
2008-07-11,6.88,6.94,6.59,6.71,306683,4414857.000
2008-07-14,6.53,6.90,6.53,6.82,188252,2722691.000
2008-07-15,6.89,7.10,6.36,6.61,252460,3653393.000
2008-07-16,6.64,7.01,6.38,6.55,163045,2328744.000
2008-07-17,6.57,6.98,6.57,6.96,533777,7798694.000
2008-07-18,6.93,7.29,6.89,7.04,972358,14760170.000
2008-07-21,7.02,7.33,6.84,7.27,781717,12005848.000
2008-07-22,7.33,7.47,7.08,7.11,368200,5669208.000
2008-07-23,7.21,7.31,7.08,7.15,263581,4037860.000
2008-07-24,7.20,7.39,7.11,7.31,597628,9319023.000
2008-07-25,7.14,7.43,6.99,7.33,320600,5022574.000
2008-07-28,7.26,7.45,7.26,7.33,155500,2451172.000
2008-07-29,7.24,7.24,7.09,7.21,144338,2222528.000
2008-07-30,7.34,7.34,7.15,7.18,77893,1202556.000
2008-07-31,7.18,7.28,6.76,6.81,130756,1961044.000
2008-08-01,6.59,6.92,6.59,6.79,124141,1804731.000
2008-08-04,6.51,6.88,6.51,6.64,78400,1127452.000
2008-08-05,6.55,6.76,6.55,6.56,76732,1098909.000
2008-08-06,6.59,6.64,6.41,6.60,118050,1676642.000
2008-08-07,6.64,6.64,6.45,6.61,189460,2665104.000
2008-08-08,6.63,6.64,5.99,6.02,364347,4979927.000
2008-08-11,5.99,6.02,5.38,5.49,402781,5064668.000
2008-08-12,5.64,5.64,5.39,5.51,73953,889556.000
2008-08-13,5.51,5.62,5.39,5.62,64750,777080.000
2008-08-14,5.51,5.64,5.49,5.57,63150,765556.000
2008-08-15,5.64,5.77,5.49,5.58,222252,2697905.000
2008-08-18,5.59,5.64,5.21,5.29,165065,1958295.000
2008-08-19,4.99,5.41,4.92,5.39,48317,563530.000
2008-08-20,5.33,5.98,5.18,5.81,867780,10802325.000
2008-08-21,5.50,5.67,5.19,5.49,500593,5952559.000
2008-08-22,5.24,5.37,5.08,5.16,102684,1175722.000
2008-08-25,5.03,5.08,4.83,4.89,722604,7678867.000
2008-08-26,4.79,4.81,4.36,4.41,771143,7578882.000
2008-08-27,4.39,4.46,4.18,4.44,362242,3426982.000
2008-08-28,4.50,4.52,4.20,4.32,290907,2754449.000
2008-08-29,4.33,4.62,4.26,4.52,627759,6029418.000
2008-09-01,4.43,4.46,4.21,4.24,339990,3191579.000
2008-09-02,4.14,4.31,4.09,4.29,163231,1523827.000
2008-09-03,4.28,4.52,4.24,4.44,247230,2380121.000
2008-09-04,4.52,4.52,4.32,4.36,246962,2359905.000
2008-09-05,4.21,4.39,3.99,4.29,292540,2704372.000
2008-09-08,4.20,4.29,4.11,4.15,75889,696472.000
2008-09-09,4.19,4.19,3.84,3.84,625478,5484657.000
2008-09-10,3.88,3.90,3.69,3.86,137700,1162562.000
2008-09-11,3.83,3.88,3.69,3.86,289909,2430880.000
2008-09-12,3.84,4.06,3.79,3.94,436408,3831083.000
2008-09-16,3.95,3.99,3.81,3.93,254658,2203466.000
2008-09-17,3.94,4.04,3.86,3.94,398999,3504788.000
2008-09-18,3.88,3.95,3.69,3.95,420238,3510547.000
2008-09-19,4.36,4.38,4.19,4.38,1920387,18323118.000
2008-09-22,4.44,4.82,4.36,4.61,2581404,25662864.000
2008-09-23,4.34,4.42,4.11,4.11,853176,7851510.000
2008-09-24,4.00,4.11,3.78,4.08,876033,7484039.000
2008-09-25,4.05,4.18,3.95,4.02,1706608,15235325.000
2008-10-06,3.92,3.92,3.74,3.79,490210,4124753.000
2008-10-07,3.69,3.88,3.55,3.85,813784,6782327.000
2008-10-08,3.77,3.79,3.60,3.63,325449,2648048.000
2008-10-09,3.74,3.74,3.46,3.49,459390,3634679.000
2008-10-10,3.29,3.37,3.10,3.10,577703,4134696.000
2008-10-13,3.10,3.14,2.85,3.10,375754,2574427.000
2008-10-14,3.23,3.26,2.93,2.94,1002150,7061101.000
2008-10-15,2.94,2.94,2.76,2.81,436751,2852361.000
2008-10-16,2.65,2.74,2.55,2.64,367712,2256258.000
2008-10-17,2.72,2.73,2.59,2.70,347791,2139700.000
2008-10-20,2.69,2.78,2.64,2.77,405429,2537624.000
2008-10-21,2.78,2.91,2.77,2.82,694409,4521413.000
2008-10-22,2.80,2.80,2.50,2.72,306040,1921469.000
2008-10-23,2.65,2.71,2.60,2.70,361791,2207038.000
2008-10-24,2.67,2.70,2.60,2.61,194802,1191460.000
2008-10-27,2.54,2.57,2.34,2.35,311700,1796568.000
2008-10-28,2.35,2.51,2.24,2.44,732567,4134726.000
2008-10-29,2.47,2.48,2.39,2.41,621537,3531191.000
2008-10-30,2.41,2.49,2.19,2.29,1348868,7508523.000
2008-10-31,2.28,2.31,2.10,2.16,721262,3834536.000
2008-11-03,2.28,2.29,2.11,2.22,512092,2701364.000
2008-11-04,2.22,2.22,2.11,2.14,821461,4204915.000
2008-11-05,2.18,2.25,2.14,2.22,793154,4152501.000
2008-11-06,2.14,2.18,2.08,2.10,1114519,5624000.000
2008-11-07,2.10,2.18,2.09,2.15,1137000,5796888.000
2008-11-10,2.20,2.38,2.16,2.38,1658655,8975975.000
2008-11-11,2.35,2.42,2.32,2.34,1438268,8000853.000
2008-11-12,2.34,2.44,2.30,2.41,1165282,6494650.000
2008-11-13,2.39,2.58,2.34,2.57,2096501,12162774.000
2008-11-14,2.58,2.83,2.54,2.77,2960148,18133194.000
2008-11-17,2.79,3.06,2.74,3.01,3313270,21851160.000
2008-11-18,2.94,3.18,2.71,2.80,2622280,17230292.000
2008-11-19,2.78,3.03,2.74,2.95,4280674,28287180.000
2008-11-20,2.87,2.90,2.76,2.80,2940083,19075788.000
2008-11-21,2.74,2.81,2.59,2.69,2685583,16613936.000
2008-11-24,2.69,2.75,2.59,2.59,1196818,7386950.000
2008-11-25,2.64,2.66,2.54,2.61,1168589,7021226.000
2008-11-26,2.62,2.64,2.48,2.55,2022739,11946066.000
2008-11-27,2.74,2.74,2.59,2.66,3654979,22399624.000
2008-11-28,2.62,2.73,2.56,2.67,1979900,12005629.000
2008-12-01,2.66,2.80,2.57,2.79,2756932,17161954.000
2008-12-02,2.70,2.88,2.64,2.83,2572074,16492366.000
2008-12-03,2.88,2.97,2.81,2.93,2756559,18249044.000
2008-12-04,2.96,3.13,2.92,2.93,5900816,40388232.000
2008-12-05,2.89,3.03,2.89,3.00,2316294,15669664.000
2008-12-08,3.01,3.31,3.01,3.26,3935351,28137962.000
2008-12-09,3.21,3.25,3.08,3.09,2616548,18697352.000
2008-12-10,3.11,3.31,3.11,3.30,3174422,22949050.000
2008-12-11,3.29,3.39,3.17,3.17,3028758,22353932.000
2008-12-12,3.15,3.20,2.84,2.93,2280636,15548182.000
2008-12-15,2.99,3.00,2.85,2.94,1433009,9585343.000
2008-12-16,2.84,2.96,2.78,2.95,1361640,8915893.000
2008-12-17,2.95,3.13,2.94,3.03,2055575,14225332.000
2008-12-18,3.00,3.10,2.95,3.10,1798356,12438574.000
2008-12-19,3.11,3.28,3.09,3.25,4416646,31749572.000
2008-12-22,3.25,3.38,3.20,3.33,4409297,32647036.000
2008-12-23,3.31,3.31,3.00,3.01,4268989,30127068.000
2008-12-24,2.99,3.08,2.89,3.08,2903033,19755658.000
2008-12-25,3.08,3.20,2.95,3.02,2455155,17186754.000
2008-12-26,3.02,3.03,2.83,2.83,2166594,14318928.000
2008-12-29,2.75,2.93,2.75,2.91,1737726,11385180.000
2008-12-30,2.86,2.93,2.81,2.88,1279567,8414372.000
2008-12-31,2.84,2.98,2.84,2.85,1595017,10680056.000
2009-01-05,2.90,3.00,2.85,2.99,1263472,8455150.000
2009-01-06,2.96,3.14,2.94,3.09,2366059,16430564.000
2009-01-07,3.11,3.18,3.03,3.15,1816890,12764906.000
2009-01-08,3.09,3.14,3.00,3.13,2110624,14708319.000
2009-01-09,3.10,3.24,3.10,3.23,3526986,25440158.000
2009-01-12,3.23,3.28,3.19,3.24,2105714,15357108.000
2009-01-13,3.19,3.24,3.11,3.12,1383740,9897847.000
2009-01-14,3.09,3.24,3.09,3.24,2026569,14496411.000
2009-01-15,3.19,3.26,3.15,3.20,1764593,12755301.000
2009-01-16,3.20,3.42,3.20,3.30,4717819,35165784.000
2009-01-19,3.33,3.47,3.24,3.46,3875466,29349256.000
2009-01-20,3.43,3.46,3.32,3.40,2190568,16602709.000
2009-01-21,3.32,3.40,3.25,3.30,1865184,13969512.000
2009-01-22,3.38,3.38,3.29,3.35,1685955,12621767.000
2009-01-23,3.35,3.42,3.28,3.30,2086782,15702886.000
2009-02-02,3.31,3.40,3.29,3.38,1501192,11296647.000
2009-02-03,3.35,3.54,3.35,3.52,2635592,20431144.000
2009-02-04,3.54,3.63,3.48,3.58,2952077,23406204.000
2009-02-05,3.54,3.72,3.54,3.65,3986921,32259196.000
2009-02-06,3.65,3.87,3.61,3.85,2980393,24796632.000
2009-02-09,3.90,3.95,3.81,3.94,3840560,32947748.000
2009-02-10,3.89,4.14,3.81,4.08,3298543,28794790.000
2009-02-11,4.01,4.28,3.95,4.21,3592752,32465960.000
2009-02-12,4.24,4.31,4.07,4.30,2403936,22071116.000
2009-02-13,4.30,4.38,4.21,4.32,1953353,18416656.000
2009-02-16,4.34,4.36,4.09,4.22,3928506,36231980.000
2009-02-17,4.24,4.24,4.00,4.02,2511265,22575614.000
2009-02-18,3.89,4.02,3.76,3.79,1994662,17196660.000
2009-02-19,3.84,4.00,3.84,3.97,1903294,16477264.000
2009-02-20,4.02,4.09,3.88,4.08,3404187,29915160.000
2009-02-23,4.08,4.24,4.00,4.21,3570295,32590228.000
2009-02-24,4.30,4.67,4.25,4.67,4954308,49579104.000
2009-02-25,4.84,4.94,4.45,4.58,9601344,98136928.000
2009-02-26,4.58,4.65,4.08,4.10,4347338,41812608.000
2009-02-27,4.02,4.24,3.77,3.78,3721880,32106432.000
2009-03-02,3.79,3.88,3.76,3.86,1654040,14012379.000
2009-03-03,3.73,3.87,3.60,3.86,2443598,20284264.000
2009-03-04,3.83,4.13,3.83,4.10,2261737,19957356.000
2009-03-05,4.14,4.19,3.96,4.07,2682570,24106832.000
2009-03-06,3.98,4.05,3.89,4.04,1564075,13748845.000
2009-03-09,4.03,4.16,3.75,3.76,2371341,20762492.000
2009-03-10,3.76,3.88,3.74,3.87,893348,7548773.000
2009-03-11,3.90,3.99,3.84,3.85,1488395,12839729.000
2009-03-12,3.86,3.89,3.70,3.82,1140678,9572183.000
2009-03-13,3.82,3.88,3.74,3.75,1000700,8441908.000
2009-03-16,3.75,3.86,3.70,3.83,756087,6354174.000
2009-03-17,3.86,4.07,3.86,4.04,2019583,17842904.000
2009-03-18,4.04,4.18,4.04,4.07,2012384,18152780.000
2009-03-19,4.06,4.27,4.06,4.19,2900099,26755716.000
2009-03-20,4.22,4.25,4.12,4.21,1739860,16003560.000
2009-03-23,4.24,4.66,4.23,4.48,6717157,65198592.000
2009-03-24,4.49,4.64,4.40,4.43,3788329,37110216.000
2009-03-25,4.43,4.63,4.38,4.49,4216840,41664304.000
2009-03-26,4.49,4.66,4.46,4.58,3325687,33031702.000
2009-03-27,4.60,4.78,4.56,4.73,3129574,31852788.000
2009-03-30,4.77,4.78,4.49,4.51,2068803,20745916.000
2009-03-31,4.41,4.55,4.38,4.52,1874536,18375578.000
2009-04-01,4.58,4.64,4.50,4.57,1933999,19302330.000
2009-04-02,4.61,4.69,4.52,4.64,2151240,21636184.000
2009-04-03,4.63,4.77,4.43,4.44,2201692,21839812.000
2009-04-07,4.45,4.49,4.37,4.44,2200560,21199784.000
2009-04-08,4.44,4.51,4.33,4.34,1606227,15520788.000
2009-04-09,4.34,4.62,4.32,4.61,1778424,17278110.000
2009-04-10,4.63,4.86,4.56,4.83,3864199,40001008.000
2009-04-13,4.83,4.88,4.73,4.80,2155936,22401832.000
2009-04-14,4.81,4.81,4.67,4.77,2895229,29853172.000
2009-04-15,4.77,5.13,4.66,5.08,6507781,68632176.000
2009-04-16,4.99,5.31,4.94,5.19,4741360,52688744.000
2009-04-17,5.16,5.60,5.09,5.31,5568644,63820792.000
2009-04-20,5.30,5.65,5.20,5.62,3979195,46922824.000
2009-04-21,5.54,5.78,5.44,5.65,2847069,34466160.000
2009-04-22,5.67,5.74,5.21,5.35,3334138,39253736.000
2009-04-23,5.38,5.59,5.24,5.58,2135457,24904828.000
2009-04-24,5.56,6.18,5.48,6.12,6170622,79321816.000
2009-04-27,5.99,6.03,5.79,5.84,2852459,35957856.000
2009-04-28,5.74,5.88,5.34,5.44,3247962,38491976.000
2009-04-29,5.37,5.68,5.19,5.65,2051828,24034040.000
2009-04-30,5.60,5.74,5.54,5.69,1327706,16132347.000
2009-05-04,5.69,5.81,5.61,5.76,1215507,14914971.000
2009-05-05,5.81,5.86,5.64,5.80,1330473,16412783.000
2009-05-06,5.75,5.86,5.74,5.77,1212166,15029278.000
2009-05-07,5.77,6.23,5.77,6.21,3044281,39370484.000
2009-06-01,6.74,6.87,6.39,6.48,5029130,70805152.000
2009-06-02,6.50,7.17,6.44,7.17,6516351,96087872.000
2009-06-03,7.40,7.93,7.38,7.93,7939591,129079528.000
2009-06-04,8.03,8.28,7.36,8.03,10584656,175395680.000
2009-06-05,7.80,7.89,7.50,7.69,3617043,58495152.000
2009-06-08,7.59,7.63,7.26,7.46,5521180,86420752.000
2009-06-09,7.19,7.83,7.19,7.82,3689053,59278664.000
2009-06-10,7.71,7.81,7.49,7.59,1574102,25203316.000
2009-06-11,7.64,7.64,7.29,7.52,1159701,18304316.000
2009-06-12,7.47,7.64,7.35,7.42,1012873,16050080.000
2009-06-15,7.42,7.73,7.32,7.64,1800431,28835224.000
2009-06-16,7.59,7.59,7.34,7.55,878042,13869438.000
2009-06-17,7.53,7.57,7.34,7.53,806764,12752624.000
2009-06-18,7.48,7.78,7.48,7.63,1454956,23512380.000
2009-06-19,7.59,7.81,7.48,7.52,1115280,17879480.000
2009-06-22,7.48,7.78,7.42,7.61,983083,15748442.000
2009-06-23,7.53,8.08,7.46,7.89,1953941,32159828.000
2009-06-24,7.84,7.89,7.63,7.77,1297674,21133704.000
2009-06-25,7.88,7.88,7.62,7.69,685914,11086554.000
2009-06-26,7.76,7.76,7.38,7.39,1038774,16506164.000
2009-06-29,7.35,7.59,7.29,7.38,941257,14707577.000
2009-06-30,7.39,7.56,7.35,7.55,775734,12246217.000
2009-07-01,7.55,7.63,7.29,7.60,896523,14282896.000
2009-07-02,7.60,7.63,7.47,7.52,747817,11874466.000
2009-07-03,7.47,7.64,7.35,7.55,1144260,18201672.000
2009-07-06,7.63,7.92,7.44,7.48,1668018,26945176.000
2009-07-07,7.47,7.64,7.35,7.50,874519,13916547.000
2009-07-08,7.49,7.72,7.44,7.59,1818557,29040548.000
2009-07-09,7.66,7.77,7.45,7.76,2595607,41702768.000
2009-07-10,7.76,8.09,7.68,7.95,3735707,62360008.000
2009-07-13,7.91,8.66,7.85,8.40,3637302,63273036.000
2009-07-14,8.48,8.68,8.19,8.57,2109791,36720540.000
2009-07-15,8.59,8.68,8.24,8.36,1947413,33895416.000
2009-07-16,8.36,8.39,8.03,8.17,2949466,49812512.000
2009-07-17,8.21,8.23,7.90,7.98,1587240,26460928.000
2009-07-20,7.94,8.16,7.94,7.99,2336772,38914856.000
2009-07-21,7.98,7.98,7.59,7.69,4038427,65059296.000
2009-07-22,7.67,7.77,7.54,7.61,2386354,37930796.000
2009-07-23,7.69,7.97,7.60,7.83,3077259,50176048.000
2009-07-24,7.94,8.02,7.63,7.70,2054507,33249076.000
2009-07-27,7.78,7.91,7.69,7.86,2733946,44694088.000
2009-07-28,7.84,7.87,7.66,7.81,2061481,33267792.000
2009-07-29,7.81,7.92,7.16,7.68,2524140,40404976.000
2009-07-30,7.60,7.74,7.40,7.62,1407485,22225840.000
2009-07-31,7.64,7.93,7.64,7.92,3301058,53789696.000
2009-08-03,8.01,8.28,7.94,8.07,4703954,79112936.000
2009-08-04,8.03,8.03,7.71,7.82,2517874,41211568.000
2009-08-05,7.76,8.03,7.59,8.01,3235739,52962248.000
2009-08-06,7.98,8.28,7.78,8.20,3935451,66417736.000
2009-08-07,8.28,8.54,8.19,8.31,4533960,78943344.000
2009-08-10,8.34,8.57,8.26,8.41,2421899,42158520.000
2009-08-11,8.43,9.28,8.27,8.82,4851622,88507992.000
2009-08-12,8.84,9.23,7.91,8.27,3813669,69502168.000
2009-08-13,8.19,8.48,7.94,7.95,2327119,39274000.000
2009-08-14,7.97,8.11,7.44,7.50,1601408,25753408.000
2009-08-17,7.29,7.49,6.84,7.05,1424581,21312208.000
2009-08-18,7.04,7.58,7.02,7.34,1765967,27003872.000
2009-08-19,7.32,7.48,6.69,6.76,1446729,21698248.000
2009-08-20,6.75,7.43,6.71,7.38,2363465,35623368.000
2009-08-21,7.44,7.64,7.22,7.63,2242658,35004036.000
2009-08-24,7.64,8.02,7.24,7.90,1783323,29018894.000
2009-08-25,7.94,8.28,7.70,8.08,2365552,39601200.000
2009-08-26,7.94,8.41,7.94,8.29,1792413,30741328.000
2009-08-27,8.28,8.48,8.01,8.18,1869885,32148744.000
2009-08-28,8.19,8.23,7.89,8.11,967708,16172710.000
2009-08-31,8.11,8.11,7.29,7.39,1488183,23886164.000
2009-09-01,7.25,7.44,7.04,7.23,1179581,17907126.000
2009-09-02,7.10,7.64,7.09,7.53,798133,12399190.000
2009-09-03,7.64,8.03,7.36,8.01,1374035,22309272.000
2009-09-04,8.01,8.28,7.91,8.16,1084896,18296806.000
2009-09-07,8.17,8.49,8.10,8.40,1832583,31750572.000
2009-09-08,8.38,8.74,8.19,8.48,1901956,33760044.000
2009-09-09,8.32,8.59,8.21,8.36,1291401,22330464.000
2009-09-10,8.39,8.39,8.10,8.27,813906,13969668.000
2009-09-11,8.26,8.68,8.11,8.59,1218311,21230332.000
2009-09-14,8.59,8.89,8.49,8.57,2510986,44896056.000
2009-09-15,8.63,8.84,8.52,8.79,1724884,31186958.000
2009-09-16,8.80,8.80,8.47,8.56,1260265,22543304.000
2009-09-17,8.68,9.10,8.59,9.07,1660563,30185134.000
2009-09-18,9.19,9.34,8.78,8.80,2297255,43542668.000
2009-09-21,8.77,9.68,8.19,9.47,2614281,49330172.000
2009-09-22,9.68,10.45,9.68,10.45,7742822,164539376.000
2009-09-23,10.44,10.45,9.94,10.27,4077584,86139632.000
2009-09-24,10.06,10.19,9.24,9.56,3070564,61552464.000
2009-09-25,9.44,9.80,9.24,9.56,2251675,44919404.000
2009-09-28,9.57,9.90,9.49,9.53,1216383,24274126.000
2009-09-29,9.48,9.69,8.72,8.86,1560194,29743792.000
2009-09-30,8.99,9.28,8.74,8.74,1245339,22956400.000
2009-10-09,8.91,9.27,8.75,9.18,932565,17516232.000
2009-10-12,9.18,9.79,9.11,9.70,1759959,35003024.000
2009-10-13,9.60,9.91,9.60,9.85,861368,17419898.000
2009-10-14,9.85,10.18,9.68,9.82,939665,19271238.000
2009-10-15,9.78,9.89,9.49,9.74,720498,14373107.000
2009-10-16,9.81,10.02,9.43,9.65,928630,18525356.000
2009-10-19,9.44,9.86,9.44,9.76,1486006,29455152.000
2009-10-20,9.78,9.81,9.59,9.73,681427,13608155.000
2009-10-22,9.25,10.43,9.25,9.95,1119135,23036934.000
2009-10-23,9.95,10.14,9.74,10.01,626893,12891390.000
2009-10-26,9.95,10.18,9.74,9.77,630620,12827865.000
2009-10-27,9.77,9.90,9.59,9.76,643197,12980544.000
2009-10-28,9.66,9.85,9.48,9.69,665350,13230626.000
2009-10-29,9.53,9.64,9.36,9.50,412233,8083718.000
2009-10-30,9.59,10.01,9.53,9.69,744417,15007824.000
2009-11-02,8.99,10.18,8.99,10.10,832137,17021784.000
2009-11-03,10.13,10.41,10.11,10.19,841030,17814542.000
2009-11-04,10.20,10.34,10.15,10.28,563186,11893771.000
2009-11-05,10.36,10.41,10.21,10.31,538633,11434949.000
2009-11-06,10.32,10.43,10.19,10.24,622581,13232938.000
2009-11-09,10.33,10.41,10.22,10.36,487439,10376590.000
2009-11-10,10.49,10.49,10.32,10.41,812341,17425192.000
2009-11-11,11.03,11.46,10.44,10.92,1294994,29089784.000
2009-11-12,10.98,11.23,10.73,11.19,1114067,25076040.000
2009-11-13,11.19,11.34,10.94,11.19,851045,19438334.000
2009-11-16,11.24,11.90,11.21,11.78,824368,19743180.000
2009-11-17,11.78,11.83,11.49,11.82,964516,23062072.000
2009-11-18,11.82,11.89,11.24,11.64,633695,15109589.000
2009-11-19,11.66,11.66,11.28,11.40,771873,18033600.000
2009-11-20,11.38,11.51,11.20,11.25,751604,17432276.000
2009-11-23,11.32,11.72,11.28,11.69,816378,19313200.000
2009-11-24,11.64,11.64,10.51,11.04,1195283,27735510.000
2009-11-25,10.94,11.64,10.69,11.57,1051787,24477888.000
2009-11-26,11.41,11.61,10.95,11.05,859318,19865950.000
2009-11-27,11.05,11.44,10.94,11.23,549198,12592555.000
2009-12-01,11.56,11.84,11.37,11.65,874441,20880056.000
2009-12-02,11.65,12.53,11.65,12.34,2325310,58142612.000
2009-12-03,12.19,12.30,11.79,12.15,1199716,29641974.000
2009-12-04,12.18,12.21,11.74,11.88,1127320,27686916.000
2009-12-07,12.13,12.16,11.89,12.10,519462,12896544.000
2009-12-08,12.10,12.26,12.09,12.22,908328,22705920.000
2009-12-09,12.22,12.22,11.78,12.10,578902,14268625.000
2009-12-10,12.06,12.19,11.88,12.10,507034,12497816.000
2009-12-11,12.11,12.23,11.97,12.22,442945,10961784.000
2009-12-14,12.30,12.31,11.77,11.93,598790,14764972.000
2009-12-15,11.78,11.98,11.74,11.77,499041,12139008.000
2009-12-16,11.89,12.05,11.69,11.71,418683,10202815.000
2009-12-17,11.72,11.73,10.75,11.28,1109532,25354882.000
2009-12-18,11.28,11.28,10.63,11.05,736758,16500334.000
2009-12-21,10.74,11.07,10.74,11.05,705606,15750137.000
2009-12-22,10.89,11.03,10.68,10.76,1066464,23641540.000
2009-12-23,10.64,10.99,10.60,10.94,539906,11998056.000
2009-12-24,10.94,11.39,10.82,11.26,697861,16069178.000
2009-12-25,11.34,11.49,10.98,11.45,697149,16138567.000
2009-12-28,11.47,11.82,11.44,11.77,668741,15933204.000
2009-12-29,11.64,11.88,11.53,11.62,367978,8781231.000
2009-12-30,11.58,11.59,11.31,11.57,348532,8207467.000
2009-12-31,11.57,11.57,11.28,11.52,613313,14365296.000
2010-01-04,11.51,11.51,11.11,11.13,541937,12538231.000
2010-01-05,11.13,11.28,10.69,10.78,1895103,43060548.000
2010-01-06,10.86,11.01,10.68,10.71,1719646,38210488.000
2010-01-07,10.75,10.85,10.29,10.43,2817090,61514736.000
2010-01-08,10.44,10.81,10.34,10.69,1890902,41533844.000
2010-01-11,10.73,10.84,10.39,10.48,1721150,37329708.000
2010-01-12,10.48,10.63,10.22,10.61,714765,15360162.000
2010-01-13,10.48,10.86,10.32,10.60,1374879,30327732.000
2010-01-14,10.65,11.55,10.53,11.39,2121698,48613340.000
2010-01-15,11.19,11.84,11.19,11.68,1885465,45180104.000
2010-01-18,11.73,12.19,11.36,12.03,1759260,43142152.000
2010-01-19,12.03,12.71,11.47,12.66,2484804,63462640.000
2010-01-20,12.66,12.90,12.34,12.67,2562395,66126344.000
2010-01-21,12.68,12.78,11.86,12.21,2086255,52276936.000
2010-01-22,11.94,12.44,11.70,12.29,1175945,29271304.000
2010-01-25,12.05,12.32,11.78,12.19,185054,4614587.000
2010-01-26,11.84,12.27,11.53,11.81,488979,11791712.000
2010-01-27,11.59,12.03,11.55,11.81,481196,11630728.000
2010-01-28,11.19,12.24,11.19,12.19,287454,7045156.000
2010-01-29,12.06,12.53,11.94,11.94,398346,10017307.000
2010-02-01,11.83,12.34,11.44,11.59,271882,6473727.000
2010-02-02,11.53,11.81,11.52,11.60,262507,6258018.000
2010-02-03,11.60,11.78,10.95,11.43,421718,9748637.000
2010-02-04,11.20,11.61,11.20,11.40,352959,8310159.000
2010-02-05,11.32,11.32,10.99,11.05,396174,9089695.000
2010-02-08,10.90,11.15,10.84,10.94,186568,4193321.000
2010-02-09,10.74,10.98,10.74,10.89,133042,2980668.000
2010-02-10,11.09,11.59,10.91,11.53,741000,16998480.000
2010-02-11,11.44,11.59,11.23,11.26,201039,4714143.000
2010-02-12,11.34,11.52,11.28,11.39,98718,2306381.000
2010-02-22,11.49,11.49,11.24,11.37,150632,3518337.000
2010-02-23,11.29,11.40,11.07,11.39,322236,7442913.000
2010-02-24,11.39,12.02,11.25,12.02,766924,18461972.000
2010-02-25,12.02,12.20,11.94,12.18,459212,11423917.000
2010-02-26,12.06,12.46,12.06,12.27,900596,22760304.000
2010-03-01,12.27,12.85,12.15,12.78,711278,18432730.000
2010-03-02,12.72,12.78,12.44,12.54,309714,8014180.000
2010-03-03,12.54,12.59,12.40,12.44,451962,11561580.000
2010-03-04,12.47,12.47,12.11,12.18,673066,16853712.000
2010-03-05,12.13,12.40,12.10,12.39,447491,11229665.000
2010-03-08,12.31,12.65,12.31,12.51,506498,13008093.000
2010-03-09,12.47,12.61,12.20,12.48,322015,8134640.000
2010-03-10,12.48,12.51,11.94,12.36,325303,8145947.000
2010-03-11,11.94,12.41,11.94,12.35,447211,11152916.000
2010-03-12,12.35,13.61,11.82,11.88,964515,24873624.000
2010-03-15,11.65,11.78,11.00,11.19,918500,21362240.000
2010-03-16,11.09,11.31,11.09,11.28,614897,14140253.000
2010-03-17,11.28,11.68,11.19,11.65,493254,11658775.000
2010-03-18,11.47,11.67,11.28,11.50,244516,5752190.000
2010-03-19,11.68,11.68,11.24,11.47,342658,7972228.000
2010-03-22,11.42,11.42,11.24,11.32,490573,11382069.000
2010-03-23,11.26,11.41,11.25,11.28,345050,8023407.000
2010-03-24,11.41,11.41,11.09,11.19,548224,12609072.000
2010-03-25,11.17,11.61,11.14,11.56,1288959,30264080.000
2010-03-26,11.59,11.76,11.53,11.60,882605,21168948.000
2010-03-29,11.57,11.64,11.34,11.45,491398,11576939.000
2010-03-30,11.41,11.93,11.13,11.37,1709776,39664328.000
2010-03-31,11.28,11.28,10.89,11.28,1320308,30103120.000
2010-04-01,11.28,11.28,11.05,11.20,1126880,25860020.000
2010-04-02,11.23,11.34,10.59,11.28,1098980,25207172.000
2010-04-06,11.26,11.47,11.21,11.45,1126017,26291316.000
2010-04-07,11.41,11.99,10.69,11.94,2015010,48256152.000
2010-04-08,11.94,11.94,11.59,11.68,949977,22808612.000
2010-04-09,11.59,11.97,11.49,11.85,1421711,34519960.000
2010-04-12,11.85,12.03,11.74,11.93,1942080,47351888.000
2010-04-13,11.94,12.39,11.89,12.37,3386456,85034992.000
2010-04-14,12.39,12.44,12.16,12.37,1115353,28168748.000
2010-04-15,12.36,12.47,12.17,12.42,1621983,40939944.000
2010-04-16,12.39,12.86,12.03,12.47,1676976,43071848.000
2010-04-19,12.43,12.43,12.10,12.28,786244,19748460.000
2010-04-20,12.23,12.63,12.09,12.56,1261166,31951750.000
2010-04-21,12.59,13.59,12.59,13.48,3736232,101236272.000
2010-04-22,13.46,13.85,13.09,13.45,1688094,46796252.000
2010-04-23,13.33,13.45,12.69,13.15,2580292,69140160.000
2010-04-26,12.64,12.78,12.19,12.40,3981553,101211360.000
2010-04-27,12.32,12.41,11.69,11.94,3043177,75207232.000
2010-04-28,12.03,12.38,11.69,12.35,1594445,39744492.000
2010-04-29,12.35,12.59,11.48,12.09,2008160,49100940.000
2010-05-04,11.68,12.15,11.09,12.05,834038,20288120.000
2010-05-05,11.82,12.19,11.74,12.12,1058395,26270792.000
2010-05-06,12.11,12.30,11.94,12.14,600389,14945579.000
2010-05-07,11.79,12.12,11.21,11.61,1084125,26100636.000
2010-05-10,11.59,11.59,10.69,11.12,587234,13438295.000
2010-05-11,11.39,11.39,10.64,10.69,673271,14896363.000
2010-05-12,10.24,10.57,9.78,9.97,635284,13358989.000
2010-05-13,9.86,10.63,9.86,10.36,822955,17513452.000
2010-05-14,10.19,10.48,9.99,10.36,641006,13527176.000
2010-05-17,10.14,10.28,9.94,9.94,1755014,36316516.000
2010-05-18,9.61,10.69,9.61,10.69,687427,14610932.000
2010-05-19,10.44,10.69,10.39,10.54,303860,6570654.000
2010-05-20,10.34,10.62,10.29,10.42,144049,3094764.000
2010-05-21,9.97,10.99,9.78,10.93,381311,8332538.000
2010-05-24,10.70,11.28,10.69,11.13,1415104,32377342.000
2010-05-25,11.07,11.09,10.85,11.03,643014,14482955.000
2010-05-26,10.90,11.03,10.65,10.88,557531,12320629.000
2010-05-27,10.70,11.03,10.49,10.88,315395,7028822.000
2010-05-28,10.94,11.01,10.59,10.95,451747,10069523.000
2010-05-31,10.88,10.93,10.59,10.63,650340,14305290.000
2010-06-01,10.45,10.62,10.14,10.30,801696,17004880.000
2010-06-02,10.19,10.53,10.19,10.49,948950,20139748.000
2010-06-03,10.56,10.68,10.31,10.61,654528,14200428.000
2010-06-04,10.61,10.67,10.24,10.37,400600,8549042.000
2010-06-07,10.19,10.30,10.11,10.20,540949,11393432.000
2010-06-08,10.19,10.39,10.19,10.28,253350,5377834.000
2010-06-09,10.38,10.84,10.34,10.69,354974,7749188.000
2010-06-10,10.66,10.76,10.56,10.59,265617,5841354.000
2010-06-11,10.59,10.85,10.53,10.77,244467,5369157.000
2010-06-17,10.94,10.94,10.64,10.69,208267,4595583.000
2010-06-18,10.44,10.81,9.94,10.49,413272,8886829.000
2010-06-21,10.28,10.48,10.27,10.39,434850,9292414.000
2010-06-22,10.40,10.44,10.27,10.36,183480,3914888.000
2010-06-23,10.47,10.47,10.30,10.41,137971,2952195.000
2010-06-24,10.34,10.47,10.34,10.42,90210,1932571.000
2010-06-25,10.39,10.43,10.10,10.40,285999,6055273.000
2010-06-28,10.24,10.40,10.15,10.26,111299,2349788.000
2010-06-29,10.05,10.44,9.56,9.76,145129,2940982.000
2010-06-30,9.52,9.98,9.52,9.76,267249,5381398.000
2010-07-01,9.76,9.89,9.60,9.60,105400,2101073.000
2010-07-02,9.75,9.75,9.27,9.47,307636,6014980.000
2010-07-05,9.46,9.55,9.09,9.34,306697,5817869.000
2010-07-06,9.31,9.73,9.26,9.59,688515,13234158.000
2010-07-07,9.34,9.64,9.28,9.59,206835,4037799.000
2010-07-08,9.59,9.78,9.47,9.76,1076652,21499440.000
2010-07-09,9.76,10.16,9.73,10.03,658740,13465158.000
2010-07-12,9.96,10.15,9.96,10.05,503061,10337346.000
2010-07-13,10.02,10.16,9.80,10.01,427114,8785158.000
2010-07-14,10.02,10.19,9.97,10.07,449640,9235819.000
2010-07-15,9.80,10.10,9.80,10.10,230284,4719945.000
2010-07-16,9.89,10.13,9.81,10.12,627196,12914110.000
2010-07-19,9.98,10.51,9.98,10.48,239100,5049958.000
2010-07-20,10.50,10.74,10.34,10.72,978685,21117944.000
2010-07-21,10.57,10.81,10.57,10.71,362821,7970651.000
2010-07-22,10.61,10.83,10.47,10.79,204806,4499163.000
2010-07-23,10.69,10.91,10.69,10.85,314005,6923105.000
2010-07-26,10.86,11.15,10.77,11.12,736343,16409480.000
2010-07-27,11.10,11.20,10.96,11.02,447877,10137192.000
2010-07-28,10.97,11.26,10.96,11.25,257549,5863030.000
2010-07-29,11.30,11.51,11.12,11.23,132527,3046525.000
2010-07-30,11.26,11.26,11.11,11.23,285059,6502482.000
2010-08-02,11.14,11.55,11.14,11.54,324918,7551517.000
2010-08-03,11.41,11.91,11.40,11.87,488463,11733315.000
2010-08-04,11.61,11.84,11.28,11.64,1075191,25534804.000
2010-08-05,11.60,12.23,11.60,12.02,866966,21303642.000
2010-08-06,12.02,12.45,11.86,12.44,1705735,42930856.000
2010-08-09,12.41,12.76,12.27,12.60,814277,20824160.000
2010-08-10,12.36,12.65,12.23,12.34,1676961,42522356.000
2010-08-11,12.17,12.45,12.17,12.35,506569,12673027.000
2010-08-12,12.39,12.39,11.94,12.06,724011,17867736.000
2010-08-13,11.94,12.66,11.94,12.55,1656731,42166352.000
2010-08-16,12.38,13.00,12.38,12.84,645543,16733497.000
2010-08-17,12.64,13.00,12.64,12.91,386509,10163952.000
2010-08-18,12.99,13.16,12.77,12.86,426089,11156702.000
2010-08-19,12.66,13.25,12.66,12.79,1036452,27157262.000
2010-08-20,12.64,12.87,12.34,12.66,715335,18364812.000
2010-08-23,12.51,12.75,12.51,12.66,602224,15478970.000
2010-08-24,12.64,13.01,12.53,12.86,364834,9564189.000
2010-08-25,12.90,13.01,12.76,12.80,578650,15134702.000
2010-08-26,12.80,13.23,12.77,13.20,556428,14831696.000
2010-08-27,13.20,13.57,13.06,13.46,548885,14780935.000
2010-08-30,13.53,14.01,13.26,13.94,578939,16161895.000
2010-08-31,13.87,14.16,13.69,14.06,1583887,45250904.000
2010-09-01,14.06,14.29,13.26,14.23,993689,28096220.000
2010-09-02,14.02,14.86,14.01,14.76,2023693,60037104.000
2010-09-03,14.76,14.91,14.46,14.72,1816558,54312576.000
2010-09-06,14.59,14.59,13.95,14.26,1572763,45637724.000
2010-09-07,14.01,14.48,14.01,14.48,583979,16865968.000
2010-09-08,14.29,14.52,14.06,14.39,283721,8307117.000
2010-09-09,14.26,14.53,14.18,14.45,352441,10322470.000
2010-09-10,14.40,14.65,14.07,14.46,519891,15162620.000
2010-09-13,14.76,15.93,14.76,15.75,2621807,83593944.000
2010-09-14,15.51,15.90,15.03,15.64,774921,24421116.000
2010-09-15,15.52,15.61,15.29,15.31,402721,12600066.000
2010-09-16,15.21,15.38,15.01,15.31,806107,24805392.000
2010-09-17,15.41,15.97,15.20,15.57,984733,31294648.000
2010-09-20,15.75,15.75,14.86,14.88,647054,19826356.000
2010-09-21,14.71,14.86,14.26,14.86,571507,16908116.000
2010-09-27,14.80,15.01,14.61,14.95,1172975,35169520.000
2010-09-28,14.79,15.66,13.84,15.18,1802960,54470968.000
2010-09-29,14.90,15.39,14.68,15.04,1603362,48678872.000
2010-09-30,15.02,15.68,14.80,15.56,542588,16999852.000
2010-10-08,15.27,15.66,15.27,15.56,422688,13295001.000
2010-10-11,15.61,15.61,14.42,14.77,1947409,58854960.000
2010-10-12,14.78,15.06,14.32,14.88,1050864,31680668.000
2010-10-13,14.81,14.93,14.45,14.68,1264177,37511488.000
2010-10-14,14.40,14.73,13.46,13.51,2271963,63573288.000
2010-10-15,13.27,13.64,13.18,13.34,1378670,37573312.000
2010-10-19,13.18,13.89,13.01,13.72,1060410,29361112.000
2010-10-20,13.28,14.41,13.26,13.89,1312605,37375404.000
2010-10-21,14.10,14.10,13.76,13.88,907608,25675662.000
2010-10-22,13.89,14.01,13.52,13.74,959359,26685284.000
2010-10-25,13.54,14.16,13.51,14.13,834356,23541568.000
2010-10-26,14.21,14.24,13.97,14.16,921861,26380100.000
2010-10-27,14.11,14.47,14.11,14.36,770389,22516024.000
2010-10-28,14.45,14.53,14.10,14.38,678859,19754156.000
2010-10-29,14.26,14.31,14.06,14.11,497893,14317278.000
2010-11-01,13.97,14.28,13.81,14.27,838844,23946144.000
2010-11-02,14.61,14.61,14.09,14.11,693047,20147576.000
2010-11-03,14.10,14.56,13.86,14.43,1035488,29951076.000
2010-11-04,14.56,14.73,14.21,14.35,638129,18597560.000
2010-11-05,14.41,14.49,14.11,14.17,647365,18773180.000
2010-11-08,14.30,14.30,14.03,14.23,1676290,48357760.000
2010-11-09,14.26,14.66,14.14,14.63,1132569,33248128.000
2010-11-10,14.69,15.11,14.56,14.91,1350349,41037632.000
2010-11-11,14.76,14.89,14.31,14.54,732287,21860188.000
2010-11-12,14.48,14.65,13.96,14.22,944970,27402180.000
2010-11-15,14.16,15.51,13.51,15.10,1433723,41991112.000
2010-11-16,14.89,15.27,14.26,14.63,1240387,37723852.000
2010-11-17,14.46,14.85,14.02,14.48,347750,10198132.000
2010-11-18,14.49,14.75,14.30,14.56,266201,7906334.000
2010-11-19,14.34,15.01,14.31,14.91,646634,19353454.000
2010-11-22,14.93,15.26,14.76,15.09,693261,21212832.000
2010-11-23,14.93,15.13,14.52,14.74,284734,8546704.000
2010-11-24,14.57,14.84,14.38,14.83,399141,11838125.000
2010-11-25,14.81,15.11,14.73,14.98,389912,11833863.000
2010-11-26,14.96,15.05,14.66,14.75,227826,6841074.000
2010-11-29,14.90,15.26,14.53,15.11,443438,13523916.000
2010-11-30,15.19,15.87,14.72,15.67,1283879,40202864.000
2010-12-01,15.70,15.70,15.11,15.32,385596,12103348.000
2010-12-02,15.62,15.65,15.13,15.31,339007,10532235.000
2010-12-03,15.30,15.30,14.94,14.99,287433,8813544.000
2010-12-06,15.00,15.05,14.37,15.01,648724,19400284.000
2010-12-07,14.98,15.15,14.46,15.01,246132,7454417.000
2010-12-08,14.98,15.11,14.73,15.04,276868,8370066.000
2010-12-09,14.95,14.95,14.69,14.82,332573,10000517.000
2010-12-10,14.31,14.90,14.31,14.56,296136,8832820.000
2010-12-13,14.53,14.76,14.51,14.65,345522,10233212.000
2010-12-14,14.66,14.96,14.49,14.56,502022,14846344.000
2010-12-15,14.51,14.51,14.30,14.34,660716,19298104.000
2010-12-16,14.26,14.39,14.26,14.27,544559,15860561.000
2010-12-17,14.27,14.46,14.27,14.40,540682,15796281.000
2010-12-20,14.41,14.52,13.92,14.11,395174,11473662.000
2010-12-21,14.24,14.26,13.91,14.02,385071,11000200.000
2010-12-22,14.04,14.07,13.76,13.80,570762,16115400.000
2010-12-23,13.76,13.82,13.51,13.72,384051,10653367.000
2010-12-24,13.70,13.70,13.52,13.57,358060,9884777.000
2010-12-27,13.51,13.64,13.11,13.16,316194,8614096.000
2010-12-28,13.07,13.21,12.36,13.19,736466,19463096.000
2010-12-29,13.15,13.21,12.93,13.10,271751,7210920.000
2010-12-30,13.10,13.55,12.81,13.26,265001,7041009.000
2010-12-31,13.25,13.86,13.01,13.56,766170,20946784.000
2011-01-04,13.27,13.68,13.27,13.38,416864,11434451.000
2011-01-05,13.41,13.41,13.02,13.07,583459,15612622.000
2011-01-06,13.07,13.23,12.76,13.01,542594,14296466.000
2011-01-07,12.78,13.16,12.76,13.11,194622,5147725.000
2011-01-10,13.10,13.11,12.85,12.88,206459,5433653.000
2011-01-11,12.77,12.90,12.77,12.86,139603,3651064.000
2011-01-12,12.86,12.93,12.80,12.90,166989,4376918.000
2011-01-13,12.90,13.00,12.81,12.93,176464,4639020.000
2011-01-14,12.93,12.93,12.44,12.45,351243,9012155.000
2011-01-17,12.46,12.48,12.16,12.26,203087,5084865.000
2011-01-18,11.93,12.44,11.93,12.31,139159,3485155.000
2011-01-19,12.35,12.48,12.13,12.41,176804,4435556.000
2011-01-20,12.50,12.50,11.41,11.48,475431,11559857.000
2011-01-21,11.46,11.60,11.26,11.45,166233,3895957.000
2011-01-24,11.49,11.61,10.76,11.10,586408,13329622.000
2011-01-25,10.76,11.00,10.65,10.83,775619,17104260.000
2011-01-26,10.99,11.00,10.66,10.90,538855,11870833.000
2011-01-27,10.90,10.90,10.64,10.88,1112390,24442528.000
2011-01-28,10.85,11.14,10.60,11.13,1834831,40722768.000
2011-01-31,11.03,11.28,10.98,11.12,769324,17465688.000
2011-02-01,11.12,11.14,10.65,10.93,1219746,26965380.000
2011-02-09,10.76,10.89,10.59,10.63,620855,13628364.000
2011-02-10,10.55,10.96,10.55,10.95,856097,18917556.000
2011-02-11,10.95,11.35,10.95,11.25,1446840,33145952.000
2011-02-14,11.48,11.61,11.28,11.56,1904535,44668608.000
2011-02-15,11.57,11.57,11.28,11.40,2346390,54581208.000
2011-02-16,11.39,11.57,11.34,11.56,1264494,29585422.000
2011-02-17,11.57,11.81,11.45,11.57,819367,19391464.000
2011-02-18,11.65,11.65,11.38,11.48,688884,16129877.000
2011-02-22,11.65,11.76,11.20,11.21,1242886,29004772.000
2011-02-23,11.05,11.31,11.05,11.28,560371,12796593.000
2011-02-24,11.27,11.31,11.06,11.19,461511,10539726.000
2011-02-25,11.19,11.76,11.14,11.64,882124,20753032.000
2011-02-28,11.64,12.26,11.56,11.84,1113060,26913328.000
2011-03-01,11.84,12.10,11.72,11.94,826530,19981872.000
2011-03-02,11.85,12.01,11.66,11.97,632647,15292750.000
2011-03-03,11.98,12.06,11.61,11.69,554740,13343988.000
2011-03-04,11.69,12.36,11.69,12.24,2864116,71202848.000
2011-03-07,12.27,12.60,12.27,12.49,1643411,41747704.000
2011-03-08,12.63,12.63,12.17,12.50,1099627,27557488.000
2011-03-09,12.49,12.60,12.19,12.36,744541,18744138.000
2011-03-10,12.39,12.39,12.11,12.11,722986,17981180.000
2011-03-11,12.14,12.14,11.86,12.06,630534,15429685.000
2011-03-14,12.04,12.27,11.93,12.24,723220,17830748.000
2011-03-15,12.23,12.23,11.77,11.94,445344,10847588.000
2011-03-16,12.11,12.11,11.78,12.03,662044,16084801.000
2011-03-17,11.94,11.94,11.46,11.69,672145,16019687.000
2011-03-18,11.59,11.71,11.34,11.52,957685,22321434.000
2011-03-21,11.51,11.51,11.32,11.48,372459,8657191.000
2011-03-22,11.46,11.69,11.35,11.66,537261,12621725.000
2011-03-23,11.64,11.64,11.51,11.63,230579,5454050.000
2011-03-24,11.65,11.76,11.56,11.64,379780,9057458.000
2011-03-25,11.64,11.67,11.39,11.60,681476,15998906.000
2011-03-28,11.60,11.89,11.39,11.66,2202404,52165828.000
2011-03-29,11.68,11.68,11.35,11.40,1688324,39657776.000
2011-03-30,11.17,11.38,11.13,11.14,1634431,37427508.000
2011-03-31,11.19,11.41,10.69,10.86,587726,13048885.000
2011-04-01,10.80,11.69,10.80,11.55,753284,17361056.000
2011-04-06,11.51,11.61,11.02,11.60,1149965,26579900.000
2011-04-07,11.41,11.86,11.32,11.81,1385665,32822600.000
2011-04-08,11.77,12.09,11.77,12.02,1019730,24955092.000
2011-04-11,12.24,12.24,11.70,11.89,602483,14646981.000
2011-04-12,11.81,11.94,11.47,11.56,723041,17149280.000
2011-04-13,11.51,12.07,11.44,12.02,818527,19619916.000
2011-04-14,12.02,12.06,11.89,11.94,279070,6814115.000
2011-04-15,11.94,11.98,11.71,11.77,458480,11063923.000
2011-04-18,11.73,11.99,11.61,11.95,365740,8870008.000
2011-04-19,11.91,12.09,11.76,11.97,401872,9756062.000
2011-04-20,11.97,12.44,11.79,12.39,1357119,33991320.000
2011-04-21,12.30,12.96,12.30,12.69,1753390,45602752.000
2011-04-22,12.86,12.86,12.35,12.59,490990,12654161.000
2011-04-25,12.50,13.25,12.36,13.03,2414644,64244564.000
2011-04-26,12.91,13.43,12.81,13.33,1064819,28666812.000
2011-04-27,13.38,13.39,13.13,13.31,895668,24177832.000
2011-04-28,13.26,13.28,12.41,12.44,745215,19339656.000
2011-04-29,12.23,12.65,12.15,12.56,326398,8294989.000
2011-05-03,12.41,12.84,12.39,12.76,278440,7142959.000
2011-05-04,12.76,12.77,12.56,12.69,171435,4426680.000
2011-05-05,12.73,13.09,12.61,13.01,416567,10878524.000
2011-05-06,13.01,13.26,12.86,13.10,505026,13525950.000
2011-05-09,13.14,13.14,12.37,12.74,271708,7145444.000
2011-05-10,12.56,12.73,12.56,12.70,172197,4429619.000
2011-05-11,12.65,13.09,12.40,13.07,475414,12286796.000
2011-05-12,12.95,13.18,12.81,12.88,216517,5737322.000
2011-05-13,12.77,13.04,12.66,12.72,269859,7026935.000
2011-05-17,12.57,12.66,12.32,12.43,395772,10056292.000
2011-05-18,12.27,12.51,12.11,12.51,294751,7392852.000
2011-05-19,12.41,12.56,12.40,12.43,137433,3495122.000
2011-05-20,12.45,12.50,12.23,12.34,165332,4176260.000
2011-05-23,11.93,12.33,11.93,12.06,150002,3708351.000
2011-05-24,11.97,12.11,11.53,12.11,222791,5361032.000
2011-05-25,12.11,12.11,11.58,11.66,179862,4350685.000
2011-05-26,11.66,11.95,11.63,11.81,305006,7306113.000
2011-05-27,11.66,12.04,11.26,11.90,202753,4858417.000
2011-05-30,11.64,11.81,11.28,11.56,294716,6982302.000
2011-05-31,11.56,11.70,11.16,11.57,489066,11383026.000
2011-06-01,11.53,11.53,11.22,11.40,355928,8258329.000
2011-06-02,11.32,11.41,11.06,11.40,192965,4450025.000
2011-06-03,11.31,11.65,11.30,11.59,171857,4042433.000
2011-06-07,11.51,11.76,11.34,11.70,89011,2107502.000
2011-06-08,11.55,11.69,11.50,11.57,245080,5775561.000
2011-06-09,11.60,11.99,11.54,11.94,332422,7948395.000
2011-06-10,11.93,12.07,11.36,11.79,341818,8156513.000
2011-06-13,11.16,11.86,11.11,11.79,158131,3753810.000
2011-06-14,11.76,11.86,11.71,11.77,390554,9380527.000
2011-06-15,11.55,11.96,11.55,11.70,137000,3282486.000
2011-06-16,11.66,11.72,11.56,11.65,63100,1500501.000
2011-06-17,11.55,11.65,11.51,11.51,41632,981526.000
2011-06-20,11.46,11.65,11.19,11.51,89702,2083459.000
2011-06-21,11.28,11.51,11.28,11.47,250201,5864594.000
2011-06-22,11.58,11.68,11.41,11.45,179211,4220641.000
2011-06-23,11.31,11.69,11.31,11.61,320241,7579786.000
2011-06-24,11.41,11.90,11.41,11.89,433068,10374982.000
2011-06-27,11.68,12.59,11.68,12.23,1184226,29311732.000
2011-06-28,12.08,12.56,12.08,12.30,432616,10874697.000
2011-06-29,12.07,12.56,12.07,12.34,1170651,29553860.000
2011-06-30,12.48,13.36,12.48,13.24,1227621,32379880.000
2011-07-01,13.17,13.31,13.03,13.08,572685,15385786.000
2011-07-04,13.23,13.46,13.11,13.38,563256,15238943.000
2011-07-05,13.34,13.47,13.14,13.22,394820,10632091.000
2011-07-06,13.16,13.16,12.88,13.07,201101,5347463.000
2011-07-07,13.07,13.35,12.90,13.33,664928,17670866.000
2011-07-08,13.20,13.28,12.81,13.19,158801,4249773.000
2011-07-11,13.02,13.27,13.02,13.15,144355,3862726.000
2011-07-12,13.09,13.32,12.93,13.28,158534,4233229.000
2011-07-13,13.28,13.84,13.28,13.77,459210,12750926.000
2011-07-14,13.66,13.82,13.65,13.78,193248,5356186.000
2011-07-15,13.27,13.92,13.27,13.78,146360,4068807.000
2011-07-18,13.61,14.35,13.61,14.22,369755,10636319.000
2011-07-19,14.19,14.34,13.69,14.25,755135,21249096.000
2011-07-20,14.32,14.32,13.79,14.06,246220,7018654.000
2011-07-21,13.84,14.16,13.84,14.00,434301,12361221.000
2011-07-22,14.00,14.24,13.68,13.88,243700,6915877.000
2011-07-25,13.86,14.08,13.29,13.44,306320,8444284.000
2011-07-26,13.34,13.67,13.31,13.56,172111,4718829.000
2011-07-27,13.38,13.70,13.37,13.61,86902,2383012.000
2011-07-28,13.69,13.74,13.39,13.65,113602,3139044.000
2011-07-29,13.83,13.83,13.55,13.63,86619,2406828.000
2011-08-01,13.55,13.77,13.55,13.65,96036,2648798.000
2011-08-02,13.44,13.68,13.35,13.67,190077,5230876.000
2011-08-03,13.49,14.03,13.49,13.99,158931,4452341.000
2011-08-04,14.08,14.19,13.86,14.14,119777,3411550.000
2011-08-05,12.71,14.18,12.71,14.14,361632,10186771.000
2011-08-08,13.84,14.14,13.61,13.80,521971,14615096.000
2011-08-09,12.78,13.74,12.64,13.48,176226,4766786.000
2011-08-10,13.46,13.82,13.46,13.54,161359,4463355.000
2011-08-11,13.34,14.14,13.05,14.07,203187,5686782.000
2011-08-12,14.07,14.21,13.91,13.93,254092,7221475.000
2011-08-15,14.13,14.13,13.56,13.73,308237,8551516.000
2011-08-16,13.66,13.74,13.39,13.39,252369,6889059.000
2011-08-17,13.35,13.48,13.14,13.48,157843,4254397.000
2011-08-18,13.44,13.48,12.99,13.43,265558,7073932.000
2011-08-19,13.23,13.56,13.05,13.37,210014,5672667.000
2011-08-22,13.49,13.53,13.09,13.19,177982,4773605.000
2011-08-23,13.09,13.49,13.09,13.38,291657,7842035.000
2011-08-24,13.38,13.48,13.34,13.40,185396,5023204.000
2011-08-25,13.31,13.44,13.31,13.41,258104,6998288.000
2011-08-26,13.46,13.94,13.41,13.64,311679,8645890.000
2011-08-29,13.55,13.84,13.55,13.84,257865,7162968.000
2011-08-30,13.94,14.14,13.68,14.03,533649,15189951.000
2011-08-31,14.09,14.11,13.75,13.84,113590,3188757.000
2011-09-01,14.04,14.04,13.69,13.72,57234,1597411.000
2011-09-02,13.69,13.99,13.26,13.98,311313,8514384.000
2011-09-05,13.74,13.98,13.68,13.93,306192,8540174.000
2011-09-06,13.74,13.80,13.34,13.57,310081,8551194.000
2011-09-07,13.58,13.68,13.36,13.67,69900,1924473.000
2011-09-08,13.61,14.04,13.61,13.99,141824,3961613.000
2011-09-09,14.01,14.32,13.81,13.86,167380,4737872.000
2011-09-13,13.81,14.04,13.43,13.61,129412,3571483.000
2011-09-14,13.61,13.74,13.50,13.74,79792,2195145.000
2011-09-15,13.83,13.89,13.72,13.84,179621,5024020.000
2011-09-16,13.91,14.04,13.64,13.74,134417,3757325.000
2011-09-19,13.72,13.77,13.61,13.63,111951,3098425.000
2011-09-20,13.80,13.84,13.66,13.80,80131,2231809.000
2011-09-21,13.80,14.31,13.76,14.14,234086,6635799.000
2011-09-22,14.01,14.35,14.01,14.15,1258654,35979076.000
2011-09-23,14.16,14.16,13.34,13.54,356144,9897385.000
2011-09-26,13.20,13.47,12.76,12.80,353779,9317480.000
2011-09-27,12.66,13.23,12.20,13.11,473245,12036293.000
2011-09-28,13.06,13.24,12.77,13.16,146493,3835286.000
2011-09-29,12.97,13.06,12.41,12.56,136558,3489942.000
2011-09-30,12.54,12.64,12.24,12.59,107595,2720256.000
2011-10-10,12.48,12.54,12.35,12.41,125869,3187079.000
2011-10-11,12.67,12.68,11.78,12.34,161680,4040485.000
2011-10-12,12.13,12.84,11.99,12.52,151300,3837121.000
2011-10-13,12.52,12.53,12.35,12.51,169387,4290925.000
2011-10-14,12.52,12.52,12.38,12.39,52505,1320985.000
2011-10-17,12.21,12.43,12.21,12.40,56255,1409697.000
2011-10-18,12.39,12.55,12.36,12.43,255432,6436614.000
2011-10-19,12.35,12.49,12.35,12.35,36700,922216.000
2011-10-20,12.22,12.45,12.22,12.29,95159,2379881.000
2011-10-21,11.89,12.29,11.82,12.04,170633,4151170.000
2011-10-24,11.40,12.14,11.40,12.04,312111,7495667.000
2011-10-25,12.03,12.56,11.34,12.49,342275,8316469.000
2011-10-26,12.60,13.33,12.59,13.22,583903,15376242.000
2011-10-27,13.18,13.44,13.13,13.24,279965,7532528.000
2011-10-28,13.14,13.35,13.09,13.27,126800,3405960.000
2011-10-31,12.92,13.31,12.92,13.26,65498,1746509.000
2011-11-01,13.02,13.30,13.02,13.28,109996,2942123.000
2011-11-02,12.90,13.83,12.89,13.80,258860,7119120.000
2011-11-03,14.09,14.09,13.65,13.97,190042,5331321.000
2011-11-04,13.96,14.09,13.70,13.90,40386,1129924.000
2011-11-07,14.00,14.28,13.73,14.22,278543,7946839.000
2011-11-08,13.94,14.34,13.91,14.34,132435,3811258.000
2011-11-09,14.39,14.41,14.14,14.40,195137,5645280.000
2011-11-10,14.39,14.58,14.24,14.38,324807,9438757.000
2011-11-14,14.44,14.53,14.02,14.51,222782,6449440.000
2011-11-15,14.57,14.57,14.19,14.34,266582,7719599.000
2011-11-16,14.39,14.43,14.04,14.33,141557,4072572.000
2011-11-17,14.31,14.41,14.14,14.34,60061,1732304.000
2011-11-18,14.31,14.34,14.12,14.28,71200,2051454.000
2011-11-21,14.27,14.43,14.22,14.33,186711,5410417.000
2011-11-22,14.34,14.34,14.09,14.22,53400,1533668.000
2011-11-23,14.39,14.39,13.99,14.23,112700,3232250.000
2011-11-24,14.23,14.23,13.68,14.16,77953,2206688.000
2011-11-25,13.94,14.17,13.84,14.01,50501,1427823.000
2011-11-28,13.78,14.32,13.74,14.16,207856,5924605.000
2011-11-29,14.29,14.32,13.86,14.23,128384,3647583.000
2011-11-30,14.01,14.13,13.60,13.95,56900,1600312.000
2011-12-01,14.24,14.34,13.99,14.15,372210,10647553.000
2011-12-02,14.14,14.14,13.74,13.93,52590,1480817.000
2011-12-05,13.70,13.74,12.97,13.43,238968,6466591.000
2011-12-06,13.04,13.36,12.93,13.26,137410,3639517.000
2011-12-07,13.10,13.33,13.10,13.21,27350,729202.000
2011-12-08,13.24,13.51,13.10,13.11,258491,6973174.000
2011-12-09,13.29,13.31,12.95,13.23,415400,11131120.000
2011-12-12,13.24,13.39,13.15,13.15,69099,1860540.000
2011-12-13,12.69,13.49,12.20,13.30,574445,15158185.000
2011-12-14,13.07,13.18,12.74,12.94,197307,5178214.000
2011-12-15,12.93,12.93,12.45,12.79,44800,1161767.000
2011-12-16,12.41,13.64,12.41,13.61,154277,4125344.000
2011-12-19,13.59,13.61,13.10,13.59,47125,1279472.000
2011-12-20,13.59,13.59,13.27,13.39,39099,1060989.000
2011-12-21,13.51,13.84,13.24,13.45,121290,3307123.000
2011-12-22,13.45,13.56,12.85,13.51,137708,3698357.000
2011-12-23,13.39,13.53,12.34,13.43,55980,1495143.000
2011-12-26,13.41,13.41,13.13,13.23,40680,1092952.000
2011-12-27,13.23,13.23,12.65,12.69,149624,3866562.000
2011-12-28,12.70,12.81,12.24,12.26,128291,3230339.000
2011-12-29,12.43,12.43,11.93,12.34,233810,5771391.000
2011-12-30,12.43,12.97,12.31,12.35,725748,18244908.000
2012-01-04,12.35,12.38,11.79,11.93,232450,5632839.000
2012-01-05,11.75,12.27,11.18,11.24,292171,6869964.000
2012-01-06,11.24,11.38,11.05,11.27,23879,543093.000
2012-01-09,11.29,11.78,10.97,11.64,296501,6872407.000
2012-01-10,11.58,11.93,11.40,11.78,270200,6431475.000
2012-01-11,11.84,11.89,11.71,11.84,316900,7594159.000
2012-01-12,11.64,11.91,11.60,11.84,283315,6782655.000
2012-01-13,11.93,11.93,11.27,11.57,261650,6074864.000
2012-01-16,11.10,11.46,11.09,11.34,50678,1167005.000
2012-01-17,11.09,11.74,10.94,11.53,436792,10029227.000
2012-01-18,11.43,11.54,11.06,11.06,193140,4421126.000
2012-01-19,10.89,11.22,10.74,11.10,278469,6157764.000
2012-01-20,10.86,11.34,10.86,11.15,147526,3323640.000
2012-01-30,11.18,11.34,10.97,11.22,157812,3572320.000
2012-01-31,11.22,11.24,10.98,11.18,106200,2379682.000
2012-02-01,10.99,11.28,10.99,11.18,86104,1945194.000
2012-02-02,11.19,11.51,11.19,11.41,404622,9280550.000
2012-02-03,11.19,11.84,11.18,11.81,470666,11079307.000
2012-02-06,11.68,12.09,11.68,11.89,325438,7881747.000
2012-02-07,11.89,11.89,11.75,11.85,78401,1879473.000
2012-02-08,11.84,11.93,11.77,11.89,149224,3579369.000
2012-02-09,11.90,12.10,11.85,12.08,345649,8444557.000
2012-02-10,12.09,12.16,11.99,12.01,62900,1538899.000
2012-02-13,11.86,12.16,11.86,11.99,125600,3060624.000
2012-02-14,12.00,12.09,11.89,12.05,64702,1574876.000
2012-02-15,12.09,12.16,11.99,12.11,152611,3745569.000
2012-02-16,12.13,12.49,12.13,12.35,229549,5755250.000
2012-02-17,12.25,12.47,12.15,12.35,186900,4667356.000
2012-02-27,13.60,13.60,13.54,13.60,1278363,35166916.000
2012-02-28,13.84,14.59,13.60,14.30,2673527,75844848.000
2012-02-29,14.30,14.49,13.84,14.06,1780943,50946044.000
2012-03-01,13.99,14.29,13.86,13.94,572881,16277984.000
2012-03-02,13.94,14.05,13.84,14.04,576615,16202241.000
2012-03-05,14.04,14.04,13.85,13.95,223123,6282572.000
2012-03-06,13.85,13.97,13.74,13.84,328295,9190860.000
2012-03-07,13.62,13.97,13.62,13.85,214413,6039919.000
2012-03-08,13.82,13.94,13.69,13.93,196297,5499894.000
2012-03-09,13.84,14.03,13.84,13.97,213903,6037564.000
2012-03-12,13.99,14.44,13.94,14.27,924442,26744784.000
2012-03-13,14.34,14.53,14.09,14.49,381289,11102669.000
2012-03-14,14.48,15.34,14.20,14.57,1199219,36186096.000
2012-03-15,14.57,15.59,14.40,15.28,935134,28577884.000
2012-03-16,15.32,15.48,14.91,15.44,254783,7801352.000
2012-03-19,15.22,15.40,14.74,15.16,431441,13151963.000
2012-03-20,14.84,15.18,14.84,14.94,204999,6224118.000
2012-03-21,15.08,15.16,14.61,14.84,188314,5670515.000
2012-03-22,14.89,15.49,14.89,15.15,545777,16706070.000
2012-03-23,15.59,15.59,13.99,14.57,390003,11813702.000
2012-03-26,14.15,14.82,14.10,14.72,134483,3943668.000
2012-03-27,14.68,14.76,14.28,14.66,118710,3480164.000
2012-03-28,14.47,14.72,14.26,14.60,184621,5366173.000
2012-03-29,14.66,14.66,13.98,14.23,120376,3440716.000
2012-03-30,14.18,14.44,13.85,14.39,97890,2777222.000
2012-04-05,14.26,14.58,14.04,14.48,102851,2988611.000
2012-04-06,14.48,14.54,14.26,14.43,62158,1802613.000
2012-04-09,14.19,14.52,14.19,14.43,115363,3352384.000
2012-04-10,14.45,14.74,14.04,14.73,261232,7530256.000
2012-04-11,14.68,14.88,14.54,14.85,92296,2757355.000
2012-04-12,14.80,15.09,14.59,14.89,218688,6579638.000
2012-04-13,14.93,14.93,14.43,14.90,115386,3444694.000
2012-04-16,14.89,15.23,14.47,14.78,241075,7170335.000
2012-04-17,14.69,14.69,14.24,14.35,142153,4141908.000
2012-04-18,14.40,14.76,14.24,14.52,137034,4018573.000
2012-04-19,14.38,14.54,14.34,14.53,57670,1684588.000
2012-04-20,14.35,14.37,13.85,13.97,415627,11753541.000
2012-04-23,13.74,13.83,13.60,13.80,140232,3895121.000
2012-04-24,13.57,13.81,13.54,13.79,140935,3903431.000
2012-04-25,13.74,14.06,13.70,14.01,143237,4045911.000
2012-04-26,13.99,14.09,13.74,13.81,131199,3675546.000
2012-04-27,13.93,13.93,13.59,13.76,87926,2440703.000
2012-05-02,13.93,13.93,13.45,13.59,470162,12861530.000
2012-05-03,13.49,13.68,13.35,13.64,227300,6203572.000
2012-05-04,13.56,13.73,13.47,13.69,133608,3701281.000
2012-05-07,13.69,13.91,13.51,13.86,166775,4653917.000
2012-05-08,13.90,14.08,13.81,14.05,122978,3475854.000
2012-05-09,13.95,14.12,13.73,13.74,169889,4784349.000
2012-05-10,13.69,13.81,13.39,13.64,89104,2455315.000
2012-05-14,13.65,14.05,13.59,13.93,353314,9812605.000
2012-05-15,13.84,14.03,13.84,14.02,306820,8651144.000
2012-05-16,14.02,14.65,14.02,14.28,1235006,35985176.000
2012-05-17,14.29,14.37,14.09,14.24,310335,8904451.000
2012-05-18,14.16,14.27,13.76,13.85,323685,9215028.000
2012-05-21,13.74,13.98,13.59,13.73,229135,6347622.000
2012-05-22,13.66,13.80,13.63,13.69,376500,10430051.000
2012-05-23,13.76,13.76,13.49,13.50,721652,19817300.000
2012-05-24,13.45,13.66,13.44,13.49,645531,17719656.000
2012-05-25,13.46,13.49,13.44,13.49,252755,6891774.000
2012-05-28,13.39,13.44,13.27,13.29,821930,22144622.000
2012-05-29,13.28,13.43,13.28,13.43,1048262,28284350.000
2012-05-30,13.53,13.53,13.11,13.29,409222,11020884.000
2012-05-31,13.35,13.45,13.29,13.40,666976,18035358.000
2012-06-01,13.39,13.94,13.39,13.84,581670,16143951.000
2012-06-05,13.88,15.24,13.38,14.44,638954,18603232.000
2012-06-06,14.44,14.82,14.03,14.33,289741,8435188.000
2012-06-07,14.56,15.07,14.56,14.99,651685,19589836.000
2012-06-08,15.01,15.16,14.72,15.09,405497,12300427.000
2012-06-11,15.09,15.56,14.80,15.13,592681,17987764.000
2012-06-12,15.13,15.74,15.12,15.66,1003012,31663778.000
2012-06-13,15.55,15.83,15.41,15.73,234084,7445110.000
2012-06-14,15.74,15.84,15.48,15.72,267549,8481684.000
2012-06-15,15.72,15.76,15.56,15.69,185558,5856901.000
2012-06-18,15.72,16.44,15.64,16.37,245265,8003482.000
2012-06-19,16.37,16.50,16.09,16.16,89032,2917195.000
2012-06-20,16.25,16.25,15.47,15.88,186368,6017812.000
2012-06-21,15.84,16.11,15.61,16.10,122660,3912639.000
2012-06-25,15.97,15.97,15.71,15.79,62801,2006334.000
2012-06-26,15.74,15.95,15.72,15.72,61350,1954860.000
2012-06-27,15.60,16.09,15.60,15.61,97500,3110952.000
2012-06-28,15.60,15.68,15.06,15.37,249139,7791794.000
2012-06-29,15.22,15.64,15.22,15.59,93824,2931358.000
2012-07-02,15.92,16.08,15.56,15.61,86695,2746810.000
2012-07-03,15.44,15.89,15.44,15.85,136900,4343345.000
2012-07-04,15.74,16.08,15.19,15.86,141936,4524317.000
2012-07-05,15.62,15.92,15.57,15.89,76238,2408801.000
2012-07-06,15.77,15.91,15.51,15.88,146622,4616097.000
2012-07-09,15.62,15.77,14.92,15.39,531659,16287098.000
2012-07-10,15.30,15.30,13.85,13.85,828505,23414880.000
2012-07-11,13.58,14.14,13.42,14.01,336554,9329796.000
2012-07-12,13.97,14.00,13.52,13.88,301101,8357031.000
2012-07-13,13.86,13.92,13.67,13.79,114440,3159583.000
2012-07-16,13.60,13.61,12.72,13.40,274818,7292007.000
2012-07-17,12.97,13.42,12.86,13.05,259823,6888867.000
2012-07-18,12.96,12.97,12.16,12.36,489817,12304186.000
2012-07-19,12.35,13.17,12.18,13.14,666707,17159796.000
2012-07-20,13.34,13.34,12.84,12.92,266496,6956234.000
2012-07-23,12.92,13.03,12.72,12.98,53002,1376516.000
2012-07-24,12.98,14.17,12.98,13.57,607040,16778282.000
2012-07-25,13.49,13.76,13.06,13.74,555325,15012377.000
2012-07-26,13.67,13.70,13.36,13.52,182342,4968856.000
2012-07-27,13.51,13.51,13.10,13.19,60470,1612655.000
2012-07-30,13.22,13.26,12.42,12.89,87528,2272255.000
2012-07-31,12.89,13.00,12.67,12.94,53021,1370015.000
2012-08-01,12.80,13.16,12.80,13.12,82050,2161515.000
2012-08-02,13.12,13.22,12.90,13.19,55584,1451108.000
2012-08-03,13.14,14.07,12.97,13.81,230352,6343693.000
2012-08-06,13.68,13.81,13.23,13.74,170877,4660111.000
2012-08-07,13.72,13.72,13.42,13.60,74648,2028848.000
2012-08-08,13.49,13.72,13.37,13.68,131443,3601551.000
2012-08-09,13.46,13.69,13.42,13.63,198023,5393244.000
2012-08-10,13.92,14.92,13.63,14.88,982401,27998484.000
2012-08-13,14.84,15.05,14.44,14.48,612338,18197236.000
2012-08-14,14.52,14.64,13.68,14.13,878454,24826480.000
2012-08-15,14.18,14.35,13.77,14.23,208008,5917870.000
2012-08-16,14.22,14.39,13.77,13.87,114129,3224297.000
2012-08-17,13.77,13.99,13.42,13.63,246647,6736171.000
2012-08-20,13.84,13.84,13.47,13.64,68896,1888525.000
2012-08-21,13.52,14.56,13.47,14.37,1034712,29578760.000
2012-08-22,14.38,14.69,14.36,14.55,534736,15665088.000
2012-08-23,14.42,14.64,14.24,14.49,216872,6348016.000
2012-08-24,14.55,14.80,14.42,14.55,308752,9022417.000
2012-08-27,14.51,14.51,14.28,14.35,536952,15505293.000
2012-08-28,14.36,14.41,14.17,14.39,375112,10804056.000
2012-08-29,14.46,14.72,14.32,14.66,351474,10256184.000
2012-08-30,14.45,14.82,14.22,14.58,533043,15583160.000
2012-08-31,14.61,14.70,14.26,14.49,156644,4576295.000
2012-09-03,14.26,14.66,14.24,14.64,58653,1716109.000
2012-09-04,14.43,14.63,13.97,14.13,836969,23812262.000
2012-09-05,13.97,14.12,13.59,14.09,840847,23212656.000
2012-09-06,14.14,14.14,13.90,14.01,172402,4840556.000
2012-09-07,13.97,14.34,13.92,14.31,276227,7905839.000
2012-09-10,14.44,15.76,14.44,15.76,2038596,62376952.000
2012-09-11,15.92,15.92,15.32,15.47,624391,19570784.000
2012-09-12,15.56,15.58,15.21,15.56,644296,19950264.000
2012-09-13,15.48,15.92,15.44,15.68,261112,8256576.000
2012-09-14,15.47,15.82,15.43,15.60,157375,4915774.000
2012-09-17,15.57,15.92,15.26,15.66,584828,18449368.000
2012-09-18,15.66,16.15,15.66,15.91,487513,15591522.000
2012-09-19,16.10,17.40,16.10,17.15,814487,27880362.000
2012-09-20,17.19,17.52,16.92,17.39,580919,20190820.000
2012-09-21,17.27,19.02,16.93,18.22,1172783,42824464.000
2012-09-24,17.86,18.34,17.28,17.94,417077,15037470.000
2012-09-25,17.61,17.87,16.96,17.25,474385,16458398.000
2012-09-26,17.21,17.85,17.07,17.23,619038,21632794.000
2012-09-27,17.09,17.48,16.62,17.24,591355,20226672.000
2012-09-28,16.92,17.92,16.82,17.91,427867,14877698.000
2012-10-08,17.92,18.06,17.07,17.68,196284,6949833.000
2012-10-09,17.64,17.85,17.45,17.73,377968,13391935.000
2012-10-10,17.63,17.63,17.07,17.30,429387,14904636.000
2012-10-11,17.21,17.34,16.80,17.15,582890,19973892.000
2012-10-12,17.25,17.92,17.12,17.81,465382,16510125.000
2012-10-15,17.84,17.92,17.26,17.47,257786,9082756.000
2012-10-16,17.44,17.47,17.15,17.16,295349,10253577.000
2012-10-17,17.17,17.38,16.87,17.17,262758,9051680.000
2012-10-18,17.16,17.32,17.06,17.10,240390,8283841.000
2012-10-19,16.93,17.17,16.67,16.75,324989,11082952.000
2012-10-22,16.80,16.80,16.22,16.40,443809,14657143.000
2012-10-23,16.22,16.87,16.18,16.72,287372,9640445.000
2012-10-24,16.77,17.06,16.58,16.78,214291,7259732.000
2012-10-25,16.78,17.02,16.33,16.33,129405,4306929.000
2012-10-26,16.12,16.27,15.77,15.92,134092,4311410.000
2012-10-29,15.67,16.16,15.57,16.00,439689,13926045.000
2012-10-30,16.06,16.06,15.67,15.90,153100,4888213.000
2012-10-31,15.70,16.16,15.70,16.09,53589,1730396.000
2012-11-01,16.01,16.34,15.92,16.07,216187,7015015.000
2012-11-02,16.08,16.41,16.08,16.39,227218,7431313.000
2012-11-05,16.42,16.66,16.14,16.50,169185,5612757.000
2012-11-06,16.49,16.50,16.12,16.24,81976,2679889.000
2012-11-07,16.08,16.34,15.93,16.27,63385,2050474.000
2012-11-08,15.94,16.27,15.93,16.10,105437,3396731.000
2012-11-09,15.76,16.10,15.72,16.06,189440,6045836.000
2012-11-12,15.92,16.10,15.78,15.90,81700,2611079.000
2012-11-13,15.82,15.88,15.35,15.67,176159,5536126.000
2012-11-14,15.43,16.66,15.42,16.47,493346,15913213.000
2012-11-15,16.47,16.62,15.98,16.13,106050,3459223.000
2012-11-16,16.02,16.19,15.83,15.92,115729,3713468.000
2012-11-19,15.92,16.17,15.72,16.03,83812,2682186.000
2012-11-20,16.16,16.17,15.92,16.03,30090,966215.000
2012-11-21,15.92,16.06,15.50,15.91,255022,8077763.000
2012-11-22,15.82,15.82,15.56,15.78,363227,11441394.000
2012-11-23,15.67,15.68,15.21,15.45,429835,13415767.000
2012-11-26,15.66,15.72,15.45,15.62,727559,22773376.000
2012-11-27,15.42,15.57,15.27,15.27,383550,11897879.000
2012-11-28,15.18,15.26,14.72,14.84,222630,6715630.000
2012-11-29,14.84,14.92,14.76,14.82,157484,4693741.000
2012-11-30,15.04,15.04,14.76,15.00,181946,5426538.000
2012-12-03,15.00,15.00,14.51,14.80,106585,3168138.000
2012-12-04,14.56,14.88,14.52,14.82,87813,2597102.000
2012-12-05,14.89,15.17,14.78,14.82,962996,28935528.000
2012-12-06,14.91,15.24,14.88,15.22,392223,11840972.000
2012-12-07,15.17,16.12,14.84,16.02,506167,15913860.000
2012-12-10,15.98,16.49,15.68,16.12,242457,7772646.000
2012-12-11,15.88,16.15,15.88,15.99,145838,4701317.000
2012-12-12,15.82,16.37,14.93,16.34,156117,5036025.000
2012-12-13,16.35,16.62,16.15,16.49,395276,13066081.000
2012-12-14,16.45,16.87,16.24,16.87,410166,13707269.000
2012-12-17,16.86,16.91,16.43,16.65,250202,8359886.000
2012-12-18,16.62,17.16,16.23,16.24,289100,9769277.000
2012-12-19,16.05,16.34,15.80,16.06,386434,12370445.000
2012-12-20,15.89,16.15,15.81,16.07,258741,8307421.000
2012-12-21,15.93,16.33,15.93,16.33,276000,8966192.000
2012-12-24,16.52,17.09,16.52,16.93,421135,14274630.000
2012-12-25,16.95,17.47,16.52,17.42,562342,19289288.000
2012-12-26,17.30,17.62,17.19,17.52,426080,14919170.000
2012-12-27,17.47,17.62,17.07,17.51,365921,12717991.000
2012-12-28,17.27,17.67,17.21,17.60,371971,13038701.000
2012-12-31,17.42,17.92,17.08,17.83,743799,26204242.000
2013-01-04,17.96,17.99,17.23,17.28,263644,9229970.000
2013-01-07,17.13,17.17,16.66,16.85,870513,29360864.000
2013-01-08,16.80,16.92,16.55,16.90,427924,14406425.000
2013-01-09,16.69,17.22,16.69,17.07,402686,13799072.000
2013-01-10,17.11,17.17,16.99,17.08,240464,8258476.000
2013-01-11,16.91,17.02,16.63,16.73,278250,9418160.000
2013-01-14,16.69,17.11,16.42,16.94,930263,31205564.000
2013-01-15,16.72,16.83,16.46,16.67,809704,27026376.000
2013-01-16,16.61,17.06,16.53,17.06,1050574,35394904.000
2013-01-17,17.07,17.41,16.74,16.81,747278,25611836.000
2013-01-18,16.57,17.01,16.57,16.75,433839,14591818.000
2013-01-21,16.91,17.02,16.51,16.78,898499,30328528.000
2013-01-22,16.72,16.99,16.68,16.92,678497,23010790.000
2013-01-23,16.91,16.98,16.58,16.69,526284,17730216.000
2013-01-24,16.70,16.86,15.82,15.89,991151,32463652.000
2013-01-25,15.87,15.97,15.53,15.59,532692,16756811.000
2013-01-28,15.62,15.89,15.56,15.87,454950,14333124.000
2013-01-29,15.87,16.17,15.73,16.01,311798,10032449.000
2013-01-30,15.97,16.12,15.68,15.72,765230,24486540.000
2013-01-31,15.73,15.76,15.26,15.49,583543,18210848.000
2013-02-01,15.33,15.66,15.27,15.55,597737,18635738.000
2013-02-04,15.54,15.65,15.17,15.49,621888,19224852.000
2013-02-05,15.89,15.89,15.39,15.52,444848,13896646.000
2013-02-06,15.61,15.81,15.47,15.80,754149,23686864.000
2013-02-07,15.80,15.91,15.69,15.82,387994,12299747.000
2013-02-08,15.66,15.89,15.66,15.88,552089,17538758.000
2013-02-18,15.92,16.41,15.82,16.35,717913,23303276.000
2013-02-19,16.11,16.65,16.11,16.35,627167,20753948.000
2013-02-20,16.32,16.65,16.32,16.56,368235,12252472.000
2013-02-21,16.56,16.86,16.35,16.42,701640,23291228.000
2013-02-22,16.56,16.70,16.27,16.67,479338,15938790.000
2013-02-25,16.66,16.85,16.37,16.57,355265,11839616.000
2013-02-26,16.34,16.57,16.34,16.51,259615,8580460.000
2013-02-27,16.47,17.17,16.42,17.00,373550,12557570.000
2013-02-28,17.16,17.16,16.79,17.10,497451,16987796.000
2013-03-01,17.02,18.17,17.02,17.94,919507,32692476.000
2013-03-04,17.78,18.36,17.17,17.42,567337,20310380.000
2013-03-05,17.41,18.92,17.34,18.74,1150145,42260632.000
2013-03-06,18.76,20.63,18.75,20.17,1384372,55941124.000
2013-03-07,20.47,20.47,19.89,20.16,621373,25129308.000
2013-03-08,20.07,20.33,19.28,19.73,955688,37736948.000
2013-03-11,19.41,19.73,19.32,19.42,528560,20796804.000
2013-03-12,19.42,20.67,19.42,20.57,742284,30037870.000
2013-03-13,20.67,20.67,19.77,19.88,534921,21436088.000
2013-03-14,19.82,19.89,19.47,19.74,274315,10861692.000
2013-03-15,19.71,20.09,19.51,19.81,297096,11832903.000
2013-03-18,19.81,21.42,19.81,21.41,1182540,49270872.000
2013-03-19,21.45,22.11,21.15,21.62,640619,27734712.000
2013-03-20,21.62,22.17,21.42,21.82,481124,20998344.000
2013-03-21,21.92,22.32,21.48,22.23,775096,34248812.000
2013-03-22,22.13,22.40,21.98,22.23,397331,17727680.000
2013-03-25,22.27,22.41,21.42,21.92,623094,27397392.000
2013-03-26,21.61,22.12,21.61,21.91,319392,14017342.000
2013-03-27,21.80,23.16,21.80,22.49,318908,14280042.000
2013-03-28,22.52,22.52,21.51,22.19,323165,14324945.000
2013-03-29,22.03,22.30,21.17,21.76,596827,26027716.000
2013-04-01,21.67,21.75,21.17,21.36,421791,18075914.000
2013-04-02,21.35,21.54,20.82,20.82,409829,17438968.000
2013-04-03,20.77,20.77,19.72,19.81,939519,37951376.000
2013-04-08,19.57,20.58,19.42,20.38,629327,25452012.000
2013-04-09,20.37,21.11,20.37,20.73,287804,11880963.000
2013-04-10,20.72,21.11,20.72,20.90,164466,6905177.000
2013-04-11,20.85,22.67,20.85,22.25,729619,31778688.000
2013-04-12,22.27,22.92,22.25,22.36,679201,30696560.000
2013-04-15,22.36,22.36,21.07,21.62,1341819,58456392.000
2013-04-16,21.02,21.56,20.74,21.17,308478,13052314.000
2013-04-17,21.26,21.36,21.07,21.19,255533,10883795.000
2013-04-18,21.24,21.24,20.43,20.48,539244,22471122.000
2013-04-19,20.17,20.62,19.92,20.58,1270292,51928988.000
2013-04-22,20.59,20.59,19.82,20.17,979043,39663104.000
2013-04-23,19.93,20.30,19.82,20.01,359379,14451569.000
2013-04-24,20.02,20.58,19.91,20.40,519932,21201306.000
2013-04-25,20.50,20.50,18.35,18.74,1822085,69177400.000
2013-04-26,18.41,18.41,17.42,18.34,1076833,38883364.000
2013-05-02,18.14,19.77,17.95,19.73,1303077,50142632.000
2013-05-03,19.55,20.59,19.50,20.56,1235610,50542108.000
2013-05-06,20.74,20.76,19.98,20.04,813420,32946264.000
2013-05-07,19.95,20.07,19.89,20.03,377403,15157433.000
2013-05-08,20.03,20.06,19.48,19.75,443914,17553444.000
2013-05-09,20.11,20.55,19.77,19.95,1098291,44426552.000
2013-05-10,20.02,20.42,19.87,20.08,420810,17049788.000
2013-05-13,20.11,22.10,20.11,22.10,1849921,79411616.000
2013-05-14,21.98,22.38,21.36,21.90,979558,43317216.000
2013-05-15,21.90,22.18,21.67,22.09,740189,32785584.000
2013-05-16,22.32,23.92,21.90,23.64,1656691,76077688.000
2013-05-17,23.42,24.78,23.28,24.65,1630327,78636832.000
2013-05-20,24.48,25.20,24.11,24.57,1264508,62873856.000
2013-05-21,24.32,24.70,24.11,24.46,954437,46835072.000
2013-05-22,24.95,26.91,24.95,26.91,2105060,56316984.000
2013-05-23,27.87,28.30,25.60,25.99,7001617,186254048.000
2013-05-24,25.93,26.49,25.05,26.44,3580386,91183680.000
2013-05-27,26.10,26.40,25.78,25.88,2372846,61768304.000
2013-05-28,25.80,27.20,25.30,26.59,3434791,91412064.000
2013-05-29,26.15,27.00,25.70,26.38,2825029,74749560.000
2013-05-30,26.05,28.95,26.00,28.48,3583238,98377232.000
2013-05-31,28.50,29.97,28.29,29.55,4501059,131181816.000
2013-06-03,29.40,29.74,28.00,28.34,3155016,90802864.000
2013-06-04,28.01,28.33,26.86,27.45,2223610,60970312.000
2013-06-05,27.10,28.32,27.10,27.73,1320755,36713112.000
2013-06-06,27.44,27.67,26.25,26.36,1723696,45957900.000
2013-06-07,26.34,26.91,26.10,26.51,1303860,34633712.000
2013-06-13,25.88,26.49,24.02,25.47,1386249,35009516.000
2013-06-14,25.48,26.10,25.20,25.91,1152126,29638880.000
2013-06-17,26.00,26.60,25.01,26.54,1708849,44197684.000
2013-06-18,26.62,26.99,26.16,26.47,1121768,29708076.000
2013-06-19,26.40,26.40,25.33,25.99,813130,20984532.000
2013-06-20,25.88,25.90,23.60,23.68,1441432,35696340.000
2013-06-21,22.98,24.45,22.77,23.59,1557324,36841028.000
2013-06-24,23.06,23.68,21.23,21.24,1860293,41050024.000
2013-06-25,20.60,23.33,20.40,22.98,2833162,61479140.000
2013-06-26,22.82,23.66,22.75,23.43,1446300,33633844.000
2013-06-27,23.58,23.58,22.40,22.51,1471993,33839284.000
2013-06-28,22.16,23.36,21.76,22.63,1111386,25362806.000
2013-07-01,22.75,23.79,22.75,23.67,1515400,35517376.000
2013-07-02,23.80,25.35,23.80,25.31,1855460,45481720.000
2013-07-03,25.30,25.30,24.22,24.90,1668559,41115184.000
2013-07-04,25.17,26.48,24.52,25.94,2287329,58679948.000
2013-07-05,25.50,26.51,25.39,25.51,1349435,35042984.000
2013-07-08,25.40,25.40,23.90,23.91,1502775,36880944.000
2013-07-09,23.63,24.30,23.47,24.01,867004,20798220.000
2013-07-10,24.15,24.90,23.85,24.88,795398,19402640.000
2013-07-11,25.00,26.38,24.98,25.94,1662235,43008000.000
2013-07-12,26.05,26.27,25.60,25.92,1178796,30504156.000
数据来源:通达信
