600260 凯乐科技 日线
      日期	    开盘	    最高	    最低	    收盘	    成交量	    成交额
2007-01-11,4.03,4.09,3.90,3.95,19558109,157581952.000
2007-01-12,3.94,4.01,3.66,3.74,15220695,117965120.000
2007-01-15,3.78,4.00,3.74,4.00,14613680,115069600.000
2007-01-16,4.03,4.19,4.00,4.14,14568881,120691984.000
2007-01-17,4.16,4.32,3.90,3.98,24236469,202465520.000
2007-01-18,3.98,4.16,3.91,4.15,13964671,113803592.000
2007-01-19,4.16,4.40,4.16,4.34,17626806,153915504.000
2007-01-22,4.45,4.54,4.35,4.50,15842810,142451072.000
2007-01-23,4.50,4.52,4.22,4.42,14909829,131222592.000
2007-01-24,4.44,4.48,4.30,4.44,12331837,109428976.000
2007-01-25,4.39,4.40,4.11,4.13,12701979,109447632.000
2007-01-26,4.09,4.23,3.95,4.22,11884298,98239400.000
2007-01-29,4.27,4.62,4.27,4.57,20034296,180583136.000
2007-01-30,4.59,4.64,4.38,4.44,15002489,136672112.000
2007-01-31,4.44,4.48,4.10,4.17,12542483,108889984.000
2007-02-01,4.10,4.23,3.96,4.19,9436274,78947848.000
2007-02-02,4.25,4.26,4.10,4.13,5769783,48855984.000
2007-02-05,4.14,4.29,4.14,4.19,5998289,51323128.000
2007-02-06,4.20,4.32,4.17,4.31,5756607,49571336.000
2007-02-07,4.32,4.40,4.27,4.38,7470017,65645836.000
2007-02-08,4.40,4.42,4.30,4.42,9315037,82431744.000
2007-02-09,4.41,4.47,4.31,4.37,6576355,58177460.000
2007-02-12,4.35,4.57,4.34,4.51,9926175,89781808.000
2007-02-13,4.52,4.68,4.51,4.65,10669872,100035440.000
2007-02-14,4.63,4.85,4.62,4.84,12493604,119995480.000
2007-02-15,4.89,4.94,4.78,4.89,12530384,122650872.000
2007-02-16,4.90,4.97,4.81,4.95,12469864,123035392.000
2007-02-26,5.00,5.11,4.91,5.09,10911954,111425040.000
2007-02-27,5.10,5.15,4.58,4.58,15984530,156809488.000
2007-02-28,4.45,4.72,4.44,4.70,12196297,113020272.000
2007-03-01,4.70,4.70,4.30,4.40,12367697,112431800.000
2007-03-02,4.40,4.56,4.40,4.50,8033134,73199000.000
2007-03-05,4.49,4.63,4.32,4.48,9745329,87970960.000
2007-03-06,4.45,4.58,4.36,4.57,6240376,56834780.000
2007-03-07,4.58,4.69,4.55,4.66,9132155,85361056.000
2007-03-08,4.67,4.77,4.64,4.69,10905509,103467816.000
2007-03-09,4.69,4.72,4.55,4.60,10001824,93525960.000
2007-03-12,4.59,4.82,4.55,4.78,11888745,112764000.000
2007-03-13,4.79,4.83,4.70,4.79,10822637,104299216.000
2007-03-14,4.73,4.73,4.57,4.63,9948407,93428096.000
2007-03-15,4.65,4.85,4.64,4.79,11813396,113645744.000
2007-03-16,4.83,4.98,4.71,4.90,21416319,211346160.000
2007-03-19,4.72,5.09,4.67,5.07,19882912,200328064.000
2007-03-20,5.07,5.13,4.99,5.09,13523512,138165296.000
2007-03-21,5.10,5.24,5.03,5.10,14237451,147180256.000
2007-03-22,5.13,5.16,5.04,5.04,12793789,131268216.000
2007-03-23,5.03,5.06,4.88,5.04,12455659,124850664.000
2007-03-26,5.08,5.19,5.04,5.16,12075829,125329144.000
2007-03-27,5.18,5.42,5.11,5.33,15528963,165094896.000
2007-03-28,5.33,5.36,4.95,5.15,15619052,162955856.000
2007-03-29,5.15,5.24,4.95,4.95,11395956,116449120.000
2007-03-30,4.95,5.07,4.89,5.03,5570259,56368616.000
2007-04-02,5.04,5.29,5.04,5.25,10973359,115051040.000
2007-04-03,5.29,5.32,5.15,5.26,9099899,96347264.000
2007-04-04,5.30,5.57,5.30,5.42,19342684,213528096.000
2007-04-05,5.45,5.55,5.36,5.52,10911206,120946320.000
2007-04-06,5.45,5.77,5.40,5.74,14249990,163645040.000
2007-04-09,5.80,5.90,5.75,5.76,15738512,184386352.000
2007-04-10,5.74,5.79,5.45,5.71,13718056,157217360.000
2007-04-11,5.73,6.09,5.73,6.08,18141962,216822608.000
2007-04-12,6.15,6.69,6.08,6.56,21023763,271275680.000
2007-04-13,6.57,6.77,6.45,6.57,15876504,210431056.000
2007-04-16,6.46,7.04,6.45,6.99,14446196,197487072.000
2007-04-17,7.05,7.19,6.66,7.03,19426063,271778752.000
2007-04-18,6.85,6.85,6.32,6.52,36742429,483291232.000
2007-04-19,6.55,6.55,5.87,5.94,27686325,344463040.000
2007-04-20,5.96,6.29,5.96,6.20,16181891,200066720.000
2007-04-23,6.24,6.47,6.11,6.47,23170189,293566112.000
2007-04-24,6.52,6.63,6.31,6.57,31967304,416748896.000
2007-04-25,6.62,6.90,6.50,6.70,37702962,510706816.000
2007-04-26,6.72,6.81,6.54,6.65,14797638,198035616.000
2007-04-27,6.71,7.10,6.70,6.93,28577306,395495840.000
2007-04-30,6.93,7.19,6.70,7.03,23688533,335927520.000
2007-05-08,7.31,7.67,7.25,7.43,25497478,382674464.000
2007-05-09,7.60,7.70,7.00,7.23,25571951,378782464.000
2007-05-10,7.22,7.32,6.90,7.13,16228353,232193680.000
2007-05-11,7.13,7.17,6.95,7.00,13118703,185724768.000
2007-05-14,6.95,7.11,6.82,6.99,12286220,172390272.000
2007-05-15,7.01,7.17,6.52,6.59,18665814,258171808.000
2007-05-16,6.56,7.09,6.43,7.00,14683279,199117120.000
2007-05-17,7.02,7.23,7.02,7.08,16834098,241354224.000
2007-05-18,7.05,7.05,6.90,6.91,11788748,164772096.000
2007-05-21,6.55,7.60,6.55,7.60,32106129,470426784.000
2007-05-22,7.60,7.67,7.37,7.43,28214883,427434048.000
2007-05-23,7.46,7.55,7.27,7.48,19853709,296526656.000
2007-05-24,7.50,7.55,7.09,7.28,19136337,279848544.000
2007-05-25,7.27,7.56,7.15,7.44,19758001,294224608.000
2007-05-28,7.74,7.80,7.54,7.59,35104215,541792576.000
2007-05-29,7.67,7.79,7.50,7.72,24725038,382198144.000
2007-05-30,7.25,7.50,6.94,6.94,21680722,313227808.000
2007-05-31,6.72,6.84,6.24,6.35,21301298,274043552.000
2007-06-01,6.36,6.52,5.71,5.71,18781528,227427184.000
2007-06-04,5.80,5.94,5.13,5.14,17796820,192560064.000
2007-06-05,5.05,5.53,4.79,5.50,18394790,193151936.000
2007-06-06,5.45,5.66,5.20,5.46,13199500,146833184.000
2007-06-07,5.47,5.82,5.46,5.74,13757953,157138640.000
2007-06-08,5.79,5.82,5.62,5.70,11899797,137511120.000
2007-06-11,5.81,6.00,5.70,5.88,14411709,170702912.000
2007-06-12,5.89,6.19,5.75,6.18,15544971,188617840.000
2007-06-13,6.23,6.41,6.12,6.31,15404830,194717808.000
2007-06-14,6.28,6.28,6.05,6.07,11859107,146904720.000
2007-06-15,5.95,6.14,5.89,6.10,8730908,105920088.000
2007-06-19,6.30,6.52,6.20,6.42,16366455,210044272.000
2007-06-20,6.42,6.42,6.13,6.18,11675388,148589552.000
2007-06-21,6.12,6.21,5.82,5.99,10462501,126168944.000
2007-06-22,5.95,5.98,5.39,5.49,13123256,147706832.000
2007-06-25,5.55,5.62,4.93,4.96,9051223,94986016.000
2007-06-26,4.85,5.29,4.78,5.29,8954026,92380800.000
2007-06-27,5.34,5.53,5.19,5.42,7482782,81236992.000
2007-06-28,5.34,5.48,5.05,5.05,6591175,69647824.000
2007-06-29,4.95,5.10,4.85,4.91,5118545,51263112.000
2007-07-02,4.92,5.19,4.87,5.13,3637867,36842888.000
2007-07-03,5.14,5.19,4.96,5.16,3721837,38420176.000
2007-07-04,5.35,5.42,5.14,5.14,6888441,73901472.000
2007-07-05,4.94,5.07,4.78,4.79,3734091,37335504.000
2007-07-06,4.80,5.07,4.70,5.04,4721705,46840556.000
2007-07-09,5.11,5.23,5.04,5.16,4687285,48725340.000
2007-07-10,5.11,5.12,4.93,4.95,4045877,40834020.000
2007-07-11,4.93,5.03,4.92,4.99,2271192,22854230.000
2007-07-12,4.97,5.08,4.95,5.02,2436206,24677238.000
2007-07-13,5.05,5.06,4.90,4.98,1867071,18657670.000
2007-07-16,4.99,5.05,4.80,4.82,2279899,22697600.000
2007-07-17,4.83,5.00,4.75,4.92,2550286,25151552.000
2007-07-18,4.93,5.05,4.90,4.97,3064750,30899390.000
2007-07-19,4.95,5.14,4.95,5.09,3313666,33906760.000
2007-07-20,5.08,5.27,5.01,5.26,5905851,62228044.000
2007-07-23,5.27,5.58,5.27,5.52,8283361,91316464.000
2007-07-24,5.55,5.66,5.45,5.50,6483070,72560752.000
2007-07-25,5.46,5.62,5.46,5.61,4429224,49525552.000
2007-07-26,5.65,5.78,5.62,5.73,5818320,67027324.000
2007-07-27,5.74,5.77,5.61,5.73,6035738,69310312.000
2007-07-30,5.78,6.23,5.75,6.22,12244399,146858128.000
2007-07-31,6.17,6.84,6.07,6.52,22207395,289483968.000
2007-08-01,6.57,6.58,5.99,6.01,14511582,184583456.000
2007-08-02,6.02,6.61,6.02,6.54,16586295,215673056.000
2007-08-03,6.53,6.74,6.42,6.59,13631644,181345344.000
2007-08-06,6.63,6.85,6.45,6.78,15951003,214592640.000
2007-08-07,6.84,6.85,6.52,6.59,11032970,148294736.000
2007-08-08,6.53,6.59,6.19,6.32,8484811,108900992.000
2007-08-09,6.35,6.88,6.35,6.63,11429766,153699392.000
2007-08-10,6.62,6.82,6.34,6.62,9857782,131122600.000
2007-08-13,6.69,7.05,6.60,7.04,19461978,268598464.000
2007-08-14,7.00,7.13,6.92,7.00,9530811,135143328.000
2007-08-15,6.96,7.04,6.69,6.87,9966827,137753472.000
2007-08-16,6.75,7.17,6.74,7.07,11936586,168901888.000
2007-08-17,7.10,7.60,7.06,7.33,14017980,208503840.000
2007-08-20,7.46,7.54,7.20,7.28,15052693,222049536.000
2007-08-21,7.10,7.22,6.93,6.96,25969853,367716544.000
2007-08-22,6.84,6.96,6.73,6.89,13895596,191071152.000
2007-08-23,6.88,7.03,6.75,6.85,10959981,152031472.000
2007-08-24,6.86,6.93,6.81,6.87,8644865,119703880.000
2007-08-27,6.90,7.56,6.90,7.56,32460937,478131328.000
2007-08-28,7.79,7.80,6.82,7.21,16544825,240295824.000
2007-08-29,7.17,7.37,6.90,7.00,9633985,138094192.000
2007-08-30,7.07,7.27,7.00,7.10,7635465,109325096.000
2007-08-31,7.10,7.23,7.07,7.10,8067430,115791168.000
2007-09-03,7.14,7.29,7.10,7.20,9958068,144609312.000
2007-09-04,7.24,7.24,7.00,7.08,7530223,107678224.000
2007-09-05,7.07,7.24,6.82,6.97,8438915,118914704.000
2007-09-06,7.00,7.11,6.89,7.03,8693121,122574504.000
2007-09-07,6.95,7.13,6.79,6.86,8364541,117965624.000
2007-09-10,6.79,6.84,6.53,6.81,6859714,92516984.000
2007-09-11,6.82,7.00,6.44,6.47,6753526,91957944.000
2007-09-12,6.45,6.65,6.30,6.53,6357583,82813256.000
2007-09-13,6.58,6.62,6.45,6.55,4317459,56936036.000
2007-09-14,6.57,6.78,6.47,6.77,5999982,80613328.000
2007-09-17,6.77,7.13,6.70,6.91,11344970,158816688.000
2007-09-19,6.94,7.03,6.68,6.70,6095275,83124104.000
2007-09-20,6.71,6.93,6.71,6.76,5528788,75765680.000
2007-09-21,6.77,6.84,6.39,6.59,5203987,68789136.000
2007-09-24,6.59,6.79,6.40,6.74,5555298,74388344.000
2007-09-25,6.86,7.24,6.45,7.10,22243643,315826624.000
2007-09-26,7.03,7.10,6.82,6.84,6940783,97187280.000
2007-09-27,6.95,7.10,6.90,6.97,5525029,77939928.000
2007-09-28,7.02,7.10,7.00,7.03,6736425,95742960.000
2007-10-08,7.16,7.19,7.00,7.04,6375072,90668080.000
2007-10-09,7.01,7.03,6.78,6.87,5020668,69429800.000
2007-10-10,6.87,6.88,6.72,6.76,5438248,74249512.000
2007-10-11,6.75,6.80,6.57,6.60,5462613,72943632.000
2007-10-12,6.60,6.65,6.01,6.41,7687481,98191976.000
2007-10-15,6.40,6.41,6.13,6.24,5522004,69209344.000
2007-10-16,6.20,6.37,6.15,6.36,3576646,45327488.000
2007-10-17,6.36,6.40,6.23,6.30,3415357,43407868.000
2007-10-18,6.22,6.32,6.12,6.14,2875788,35883656.000
2007-10-19,6.15,6.35,6.14,6.21,3015225,37725504.000
2007-10-22,6.25,6.43,6.24,6.29,4148708,53201228.000
2007-10-23,6.33,6.59,6.30,6.55,5838760,75973640.000
2007-10-24,6.57,6.58,6.33,6.36,3686051,47900700.000
2007-10-25,6.30,6.33,5.75,5.78,4953808,59631964.000
2007-10-26,5.85,5.93,5.64,5.79,2587985,30165610.000
2007-10-29,5.85,5.90,5.65,5.85,2604023,30111176.000
2007-10-30,5.87,6.02,5.76,6.00,2404821,28505964.000
2007-10-31,6.03,6.32,5.92,6.32,4855122,60177016.000
2007-11-01,6.40,6.40,6.07,6.12,4354985,54930896.000
2007-11-02,5.99,6.20,5.97,6.00,2508590,30753212.000
2007-11-05,6.00,6.14,5.87,6.11,1939585,23734992.000
2007-11-06,6.10,6.18,6.05,6.08,1571812,19403284.000
2007-11-07,6.14,6.19,5.90,5.99,1794541,21744172.000
2007-11-08,5.98,5.99,5.65,5.70,2411905,28367910.000
2007-11-09,5.72,5.78,5.50,5.58,1854753,21040336.000
2007-11-12,5.54,5.71,5.48,5.62,1995657,22554158.000
2007-11-13,5.65,5.78,5.55,5.61,1504621,17241304.000
2007-11-14,5.75,5.83,5.65,5.80,1854939,21523916.000
2007-11-15,5.77,5.94,5.69,5.72,1986112,23274048.000
2007-11-16,5.71,5.85,5.55,5.75,1883678,21504188.000
2007-11-19,5.79,5.93,5.75,5.89,1696643,20092556.000
2007-11-20,5.90,6.06,5.81,6.05,2804760,33790620.000
2007-11-21,6.07,6.07,5.83,5.87,1802108,21589162.000
2007-11-22,5.82,5.87,5.56,5.58,1822882,20937500.000
2007-11-23,5.51,5.85,5.51,5.73,1171275,13356854.000
2007-11-26,5.80,5.82,5.59,5.59,1141900,13184276.000
2007-11-27,5.57,5.67,5.55,5.61,1086817,12302778.000
2007-11-28,5.65,5.73,5.59,5.61,940950,10726706.000
2007-11-29,5.67,5.79,5.61,5.75,1220530,14063402.000
2007-11-30,5.75,5.77,5.60,5.61,1033895,11836888.000
2007-12-03,5.69,5.79,5.61,5.73,1081761,12423172.000
2007-12-04,5.89,5.89,5.72,5.76,1442680,16871072.000
2007-12-05,5.84,5.87,5.79,5.85,2019127,23803084.000
2007-12-06,5.82,5.93,5.81,5.86,1460087,17268842.000
2007-12-07,5.94,6.17,5.89,6.16,5639720,69420176.000
2007-12-10,6.10,6.49,6.07,6.41,9350548,119292640.000
2007-12-11,6.45,6.45,6.26,6.34,3995844,50967952.000
2007-12-12,6.34,6.45,6.30,6.37,2706715,34848464.000
2007-12-13,6.35,6.42,6.09,6.10,3256228,41188096.000
2007-12-14,6.11,6.25,6.02,6.24,2313551,28656068.000
2007-12-17,6.22,6.38,6.20,6.27,2573246,32796442.000
2007-12-18,6.25,6.40,6.21,6.31,1441174,18353452.000
2007-12-19,6.42,6.49,6.34,6.41,3846558,49870976.000
2007-12-20,6.49,6.60,6.41,6.45,4028035,52891880.000
2007-12-21,6.47,6.62,6.45,6.59,4302061,56799208.000
2007-12-24,6.70,6.76,6.55,6.57,5378461,72099000.000
2007-12-25,6.57,6.65,6.45,6.64,3979812,52480520.000
2007-12-26,6.72,6.75,6.60,6.73,4361511,58834560.000
2007-12-27,6.75,7.02,6.75,6.86,7850011,108917056.000
2007-12-28,6.95,6.97,6.76,6.86,4270432,59116616.000
2008-01-02,6.94,7.09,6.85,7.05,4767141,67577648.000
2008-01-03,7.01,7.15,6.96,7.09,4598321,65407356.000
2008-01-04,7.09,7.12,6.86,6.89,6193043,86604896.000
2008-01-07,6.90,7.03,6.85,7.01,5298506,74270512.000
2008-01-08,7.01,7.04,6.72,6.73,7283425,100665584.000
2008-01-09,6.73,6.88,6.73,6.87,3684725,50514064.000
2008-01-10,6.88,6.97,6.80,6.83,4581396,63584640.000
2008-01-11,6.84,6.98,6.77,6.95,5383127,74537992.000
2008-01-14,6.97,7.26,6.94,7.24,9577214,137605216.000
2008-01-15,7.24,7.38,7.16,7.31,8751879,128586696.000
2008-01-16,7.28,7.32,7.05,7.13,6627947,95861016.000
2008-01-17,7.06,7.16,6.68,6.88,6061099,84860592.000
2008-01-18,6.89,6.99,6.80,6.97,3725297,51824880.000
2008-01-21,6.95,7.09,6.72,6.73,4013874,56085132.000
2008-01-22,6.69,6.69,6.05,6.05,6943081,87570504.000
2008-01-23,6.14,6.43,5.95,6.39,4097855,51593492.000
2008-01-24,6.40,6.69,6.35,6.52,5181641,68228112.000
2008-01-25,6.50,6.75,6.49,6.62,3549885,47544356.000
2008-01-28,6.59,6.62,6.09,6.09,3615141,45768216.000
2008-01-29,6.15,6.41,6.13,6.32,2457066,31092340.000
2008-01-30,6.42,6.49,6.20,6.40,2046491,26373668.000
2008-01-31,6.29,6.42,6.17,6.19,1464105,18572196.000
2008-02-01,6.29,6.45,5.96,6.43,4278584,53999848.000
2008-02-04,6.60,6.98,6.55,6.94,8795438,120386688.000
2008-02-05,6.87,7.19,6.78,7.02,6466496,91265216.000
2008-02-13,6.95,7.17,6.87,6.90,4575694,65085512.000
2008-02-14,6.97,7.15,6.90,7.02,3948034,56002880.000
2008-02-15,6.93,7.35,6.86,7.34,10214533,146788048.000
2008-02-18,7.44,7.52,7.27,7.28,15832205,237097776.000
2008-02-19,7.30,7.92,7.26,7.82,20523591,318022944.000
2008-02-20,7.82,8.02,7.66,7.83,15293620,241610656.000
2008-02-21,7.77,8.04,7.70,7.98,10366859,164949056.000
2008-02-22,7.94,7.98,7.40,7.48,11322955,173608160.000
2008-02-25,7.51,7.64,6.98,7.06,9238650,134273424.000
2008-02-26,7.28,7.32,6.92,7.27,6565571,94372768.000
2008-02-27,7.24,7.39,7.20,7.31,5369309,78896240.000
2008-02-28,7.40,7.40,7.09,7.17,4906892,71122456.000
2008-02-29,7.15,7.44,7.12,7.36,4528637,66948624.000
2008-03-03,7.30,7.63,7.25,7.56,6703849,101548928.000
2008-03-04,7.57,7.77,7.50,7.51,6410491,98310104.000
2008-03-05,7.44,7.54,7.10,7.38,6993583,102604976.000
2008-03-06,7.32,7.72,7.32,7.69,8396983,128412480.000
2008-03-07,7.60,7.65,7.35,7.38,4615061,69205136.000
2008-03-10,7.33,7.39,6.95,7.01,4948993,71184664.000
2008-03-11,6.93,7.13,6.86,7.08,2900183,40949320.000
2008-03-12,7.26,7.29,6.65,6.67,5298648,73327752.000
2008-03-13,6.61,6.92,6.53,6.83,3818357,51642440.000
2008-03-14,6.72,6.85,6.60,6.74,1639179,22164912.000
2008-03-17,6.70,6.80,6.07,6.16,3403531,44328512.000
2008-03-18,6.00,6.25,5.54,5.67,4738159,56018168.000
2008-03-19,5.83,6.09,5.65,6.07,4055455,48492272.000
2008-03-20,5.89,6.35,5.67,6.18,4930063,60102568.000
2008-03-21,6.20,6.42,6.10,6.33,4931055,62053784.000
2008-03-24,6.06,6.27,5.87,6.09,10775040,131905912.000
2008-03-25,5.92,6.07,5.57,5.97,7611966,90356744.000
2008-03-26,6.00,6.06,5.75,5.85,4936658,58607368.000
2008-03-27,5.78,5.78,5.29,5.31,4448184,49571640.000
2008-03-28,5.30,5.41,4.93,5.36,5417217,57166332.000
2008-03-31,5.15,5.23,4.93,4.94,3457820,35388196.000
2008-04-01,4.95,5.04,4.44,4.48,4072264,38180504.000
2008-04-02,4.56,4.60,4.22,4.32,3688837,32892312.000
2008-04-03,4.32,4.57,4.24,4.52,2652038,23872268.000
2008-04-07,4.45,4.85,4.44,4.79,4129596,39207272.000
2008-04-08,4.79,4.92,4.66,4.80,4595637,44614032.000
2008-04-09,4.79,4.82,4.38,4.40,3703708,34807784.000
2008-04-10,4.36,4.54,4.30,4.53,2901378,26056336.000
2008-04-11,4.57,4.70,4.54,4.66,2935429,27322188.000
2008-04-14,4.57,4.57,4.30,4.31,2944368,26283328.000
2008-04-15,4.31,4.48,4.20,4.44,1873573,16414623.000
2008-04-16,4.44,4.60,4.38,4.45,2766640,25309844.000
2008-04-17,4.42,4.55,4.18,4.23,2412207,21095196.000
2008-04-18,4.22,4.23,3.90,3.94,2539460,20833804.000
2008-04-21,4.21,4.24,3.89,3.98,2671525,22098988.000
2008-04-22,3.90,3.97,3.70,3.91,3412126,26516844.000
2008-04-23,3.75,4.14,3.75,4.11,2558815,20755428.000
2008-04-24,4.52,4.52,4.35,4.52,7766886,70459864.000
2008-04-25,4.53,4.82,4.45,4.59,6782049,63526304.000
2008-04-28,4.52,4.61,4.48,4.50,3923117,35992804.000
2008-04-29,4.53,4.63,4.51,4.60,3199275,29634320.000
2008-04-30,4.62,4.79,4.61,4.77,4479827,42649944.000
2008-05-06,4.86,4.97,4.77,4.88,7401418,72816736.000
2008-05-07,4.80,4.88,4.56,4.56,5402637,51766756.000
2008-05-08,4.50,4.77,4.49,4.77,4491127,42009260.000
2008-05-09,4.87,5.00,4.78,4.97,9894836,97940000.000
2008-05-12,4.92,5.20,4.85,5.09,7956230,81345680.000
2008-05-13,4.92,5.05,4.75,4.90,6914833,68724496.000
2008-05-14,4.89,5.12,4.84,5.10,5901606,59680376.000
2008-05-15,5.10,5.29,4.97,4.99,6208537,64832348.000
2008-05-16,4.99,5.06,4.77,4.86,4117412,40898200.000
2008-05-19,4.86,4.90,4.78,4.85,2140510,20897542.000
2008-05-20,4.84,4.93,4.45,4.47,4041134,38446684.000
2008-05-21,4.47,4.59,4.24,4.55,4238653,37541140.000
2008-05-22,4.47,4.62,4.39,4.46,3218216,29237476.000
2008-05-23,4.40,4.76,4.27,4.70,6606158,60948132.000
2008-05-26,4.63,4.81,4.50,4.51,5047762,47605288.000
2008-05-27,4.45,4.62,4.27,4.60,3530297,31761740.000
2008-05-28,4.61,4.83,4.55,4.82,5828357,55661944.000
2008-05-29,5.00,5.00,4.45,4.62,4548816,43840688.000
2008-05-30,4.65,4.80,4.50,4.64,2702969,25222434.000
2008-06-02,4.65,4.71,4.55,4.68,1967463,18501548.000
2008-06-03,4.70,4.80,4.60,4.68,2515687,23849224.000
2008-06-04,4.68,4.68,4.42,4.47,2557578,23258312.000
2008-06-05,4.44,4.48,4.37,4.39,1526532,13650587.000
2008-06-06,4.39,4.46,4.34,4.40,1670125,14880672.000
2008-06-10,4.25,4.25,3.96,3.96,2513940,20668816.000
2008-06-11,3.85,3.98,3.78,3.87,2289553,17886038.000
2008-06-12,3.86,3.89,3.70,3.78,2353012,18010440.000
2008-06-13,3.81,3.86,3.75,3.81,1854656,14295060.000
2008-06-16,3.82,3.97,3.71,3.94,2733643,21281782.000
2008-06-17,3.94,4.00,3.65,3.70,3183373,24672664.000
2008-06-19,3.90,3.93,3.40,3.43,3528427,26766580.000
2008-06-20,3.44,3.67,3.13,3.45,3029694,21398972.000
2008-06-23,3.36,3.50,3.35,3.40,902440,6260902.000
2008-06-24,3.40,3.54,3.37,3.49,1789800,12595732.000
2008-06-25,3.50,3.67,3.47,3.66,2623242,19051052.000
2008-06-26,3.66,3.79,3.57,3.70,2639731,19596582.000
2008-06-27,3.55,3.63,3.35,3.38,2398389,16968510.000
2008-06-30,3.35,3.41,3.27,3.40,1305443,8878508.000
2008-07-01,3.40,3.42,3.20,3.36,1350981,9125940.000
2008-07-02,3.33,3.47,3.33,3.40,1615683,11140355.000
2008-07-03,3.31,3.64,3.28,3.54,3528260,24960436.000
2008-07-04,3.54,3.59,3.45,3.49,1786252,12768768.000
2008-07-07,3.49,3.80,3.49,3.74,4407921,32641568.000
2008-07-08,3.75,3.84,3.64,3.79,4153290,31547140.000
2008-07-09,3.80,3.94,3.76,3.88,4707524,36750012.000
2008-07-10,3.80,3.93,3.78,3.78,3607496,28178792.000
2008-07-11,3.75,3.81,3.68,3.76,2280145,17197204.000
2008-07-14,3.75,3.83,3.71,3.83,1717549,13133473.000
2008-07-15,3.86,3.88,3.66,3.69,2754350,20944426.000
2008-07-16,3.69,3.81,3.45,3.51,3771631,27933728.000
2008-07-17,3.58,3.69,3.51,3.60,2549118,18578384.000
2008-07-18,3.60,3.72,3.46,3.68,2832337,20676588.000
2008-07-21,3.64,3.88,3.61,3.85,4557080,34859040.000
2008-07-22,3.85,3.92,3.81,3.89,5797435,45431632.000
2008-07-23,3.91,3.93,3.83,3.87,4949435,38960240.000
2008-07-24,3.91,4.01,3.87,3.98,5402701,43397880.000
2008-07-25,3.91,3.97,3.88,3.90,2581787,20496592.000
2008-07-28,3.93,4.02,3.93,3.96,2802134,22550448.000
2008-07-29,3.93,3.96,3.81,3.86,2660421,20888412.000
2008-07-30,3.83,3.95,3.83,3.86,2480545,19487642.000
2008-07-31,3.89,3.89,3.67,3.68,2089804,15928840.000
2008-08-01,3.69,3.74,3.56,3.69,2448659,18152372.000
2008-08-04,3.66,3.69,3.55,3.58,1483417,10876324.000
2008-08-05,3.58,3.63,3.50,3.57,2279569,16489914.000
2008-08-06,3.61,3.65,3.53,3.61,1359960,9906420.000
2008-08-07,3.61,3.64,3.53,3.58,1407775,10214847.000
2008-08-08,3.58,3.58,3.23,3.24,3008724,20526498.000
2008-08-11,3.24,3.27,2.91,2.95,2508785,15552521.000
2008-08-12,2.95,3.01,2.92,2.98,1413961,8534392.000
2008-08-13,2.95,3.01,2.85,2.98,1992698,11878336.000
2008-08-14,2.95,3.01,2.93,2.98,1315867,7972585.000
2008-08-15,2.95,3.08,2.92,3.05,2337957,14328299.000
2008-08-18,3.08,3.18,2.94,2.95,7623553,48206796.000
2008-08-19,2.89,2.97,2.78,2.96,3410651,20092840.000
2008-08-20,2.91,3.26,2.85,3.22,5638139,35928200.000
2008-08-21,3.14,3.22,3.05,3.07,3725306,23656078.000
2008-08-22,3.03,3.07,2.90,2.97,2304627,13915466.000
2008-08-25,2.99,3.04,2.95,2.98,1330952,8129844.000
2008-08-26,2.94,2.95,2.82,2.87,1678809,9844057.000
2008-08-27,2.86,2.93,2.81,2.88,1130991,6606876.000
2008-08-28,2.85,2.92,2.85,2.88,1049331,6172814.000
2008-08-29,2.89,3.03,2.89,2.98,1778064,10714023.000
2008-09-01,2.97,2.97,2.85,2.88,1577745,9283724.000
2008-09-02,2.88,2.98,2.83,2.95,1398132,8306514.000
2008-09-03,2.93,2.98,2.88,2.95,1479181,8832570.000
2008-09-04,2.96,3.05,2.92,3.03,1947188,11793979.000
2008-09-05,2.90,2.97,2.87,2.88,2197899,13004962.000
2008-09-08,2.88,2.90,2.72,2.75,2013821,11450038.000
2008-09-09,2.79,2.82,2.73,2.79,972424,5509447.000
2008-09-10,2.78,2.88,2.75,2.81,1203433,6929286.000
2008-09-11,2.83,2.84,2.74,2.77,1035854,5851802.000
2008-09-12,2.75,2.83,2.74,2.80,908385,5152272.000
2008-09-16,2.76,2.78,2.67,2.70,1995355,11109426.000
2008-09-17,2.70,2.76,2.65,2.68,1229113,6779209.000
2008-09-18,2.63,2.63,2.41,2.54,2947374,15104517.000
2008-09-19,2.78,2.80,2.71,2.80,3098572,17546128.000
2008-09-22,2.95,3.08,2.82,2.88,6908393,41344416.000
2008-09-23,2.84,2.84,2.62,2.63,3628509,19947682.000
2008-09-24,2.60,2.68,2.55,2.67,1582111,8435332.000
2008-09-25,2.67,2.77,2.64,2.73,3991880,22148142.000
2008-09-26,2.75,2.76,2.66,2.73,2352004,12996435.000
2008-10-06,2.67,2.67,2.58,2.58,1590673,8453241.000
2008-10-07,2.49,2.59,2.45,2.54,1578001,8149240.000
2008-10-08,2.48,2.52,2.46,2.48,1536823,7785423.000
2008-10-09,2.54,2.54,2.45,2.45,1192740,6049933.000
2008-10-10,2.40,2.40,2.24,2.24,2320808,10879806.000
2008-10-13,2.23,2.29,2.13,2.29,1512871,6835783.000
2008-10-14,2.36,2.38,2.21,2.22,2391267,11363631.000
2008-10-15,2.16,2.21,2.16,2.20,948115,4240005.000
2008-10-16,2.13,2.13,2.03,2.04,1287750,5511657.000
2008-10-17,2.06,2.11,2.04,2.09,1018097,4319517.000
2008-10-20,2.10,2.22,2.07,2.18,1585794,6989803.000
2008-10-21,2.21,2.22,2.15,2.18,1563896,7017042.000
2008-10-22,2.15,2.19,2.12,2.15,1312759,5811215.000
2008-10-23,2.12,2.17,2.09,2.16,1244653,5412198.000
2008-10-24,2.24,2.34,2.19,2.22,4724758,21900842.000
2008-10-27,2.14,2.18,2.04,2.05,2500361,10867139.000
2008-10-28,1.99,2.13,1.98,2.12,2171722,9193487.000
2008-10-29,2.16,2.16,2.06,2.07,2437943,10573721.000
2008-10-30,2.09,2.13,2.05,2.10,1503929,6458602.000
2008-10-31,2.11,2.13,2.07,2.08,948671,4071684.000
2008-11-03,2.06,2.11,2.06,2.08,780849,3325261.000
2008-11-04,2.08,2.08,1.98,2.03,1137175,4713765.000
2008-11-05,2.04,2.13,2.04,2.11,1978627,8488151.000
2008-11-06,2.06,2.09,2.04,2.07,1078423,4548519.000
2008-11-07,2.06,2.17,2.01,2.16,2551627,11124451.000
2008-11-10,2.20,2.34,2.18,2.32,5160350,23922096.000
2008-11-11,2.29,2.34,2.24,2.24,3877611,18124872.000
2008-11-12,2.20,2.38,2.20,2.35,3692055,17295820.000
2008-11-13,2.29,2.47,2.28,2.44,7150277,35001472.000
2008-11-14,2.50,2.56,2.46,2.56,10630438,54556012.000
2008-11-17,2.65,2.82,2.63,2.81,15132658,83773184.000
2008-11-18,2.75,2.81,2.55,2.56,10654473,57750084.000
2008-11-19,2.55,2.82,2.55,2.82,11766499,65466768.000
2008-11-20,2.85,2.95,2.75,2.79,12952174,75319592.000
2008-11-21,2.69,2.80,2.56,2.69,8776837,47837872.000
2008-11-24,2.66,2.71,2.50,2.50,5420536,28658984.000
2008-11-25,2.56,2.59,2.43,2.50,3687642,18809920.000
2008-11-26,2.50,2.55,2.46,2.51,2342654,12014118.000
2008-11-27,2.71,2.76,2.53,2.54,7285300,39156720.000
2008-11-28,2.53,2.59,2.49,2.54,3145256,16215404.000
2008-12-01,2.54,2.64,2.49,2.63,4684361,24735348.000
2008-12-02,2.57,2.70,2.55,2.64,5636515,30365660.000
2008-12-03,2.68,2.76,2.67,2.75,6430124,35720880.000
2008-12-04,2.80,2.84,2.70,2.70,8379796,47451744.000
2008-12-05,2.69,2.79,2.69,2.79,5241813,29344534.000
2008-12-08,2.83,2.92,2.80,2.90,7878118,45927560.000
2008-12-09,2.90,2.91,2.79,2.79,6328787,36542152.000
2008-12-10,2.76,2.93,2.75,2.93,7342604,42600288.000
2008-12-11,2.95,2.99,2.79,2.80,7743488,45452144.000
2008-12-12,2.78,2.79,2.64,2.67,5381223,29765308.000
2008-12-15,2.72,2.76,2.64,2.72,3508096,19386492.000
2008-12-16,2.70,2.73,2.60,2.71,3625419,19619296.000
2008-12-17,2.69,2.79,2.69,2.74,5827167,32423860.000
2008-12-18,2.74,2.82,2.68,2.78,5309493,29703200.000
2008-12-19,2.80,2.91,2.76,2.87,9395791,54486416.000
2008-12-22,2.88,2.98,2.86,2.88,11002125,65272224.000
2008-12-23,2.89,2.89,2.60,2.62,8494082,47253680.000
2008-12-24,2.56,2.64,2.55,2.58,3731109,19740044.000
2008-12-25,2.59,2.64,2.56,2.62,2471492,13112337.000
2008-12-26,2.59,2.64,2.58,2.60,2079010,11078089.000
2008-12-29,2.60,2.61,2.50,2.57,1813673,9402677.000
2008-12-30,2.58,2.60,2.52,2.53,1877600,9791678.000
2008-12-31,2.56,2.63,2.53,2.58,3638070,19314284.000
2009-01-05,2.66,2.69,2.60,2.67,3430212,18497916.000
2009-01-06,2.67,2.82,2.64,2.79,6936418,38766936.000
2009-01-07,2.79,2.94,2.77,2.88,9374835,54710376.000
2009-01-08,2.82,2.85,2.73,2.80,4956154,28186988.000
2009-01-09,2.79,2.89,2.79,2.88,4421233,25645712.000
2009-01-12,2.87,2.99,2.84,2.88,7713019,46016824.000
2009-01-13,2.86,2.92,2.76,2.79,6490619,37524476.000
2009-01-14,2.78,2.94,2.77,2.93,6149512,35925532.000
2009-01-15,2.89,3.10,2.88,3.03,12445743,76144280.000
2009-01-16,3.05,3.14,2.99,3.01,10700885,66682048.000
2009-01-19,3.04,3.10,3.01,3.06,6202530,38457676.000
2009-01-20,3.07,3.10,3.00,3.09,4527913,28141940.000
2009-01-21,3.05,3.12,2.98,2.99,7891396,48721928.000
2009-01-22,3.02,3.09,3.00,3.08,6365780,39396176.000
2009-01-23,3.07,3.17,3.05,3.14,8259160,52355848.000
2009-02-02,3.13,3.21,3.10,3.19,6046851,38792552.000
2009-02-03,3.19,3.22,3.16,3.21,7860421,51073712.000
2009-02-04,3.22,3.24,3.14,3.22,8370869,54299732.000
2009-02-05,3.22,3.29,3.12,3.15,9012975,58923468.000
2009-02-06,3.16,3.42,3.16,3.39,10533890,70273992.000
2009-02-09,3.42,3.47,3.34,3.43,13891843,96229928.000
2009-02-10,3.41,3.48,3.32,3.47,10490213,72079616.000
2009-02-11,3.42,3.54,3.37,3.44,10918544,76444592.000
2009-02-12,3.44,3.60,3.33,3.57,12712823,89242280.000
2009-02-13,3.57,3.63,3.50,3.63,10775415,78461392.000
2009-02-16,3.65,3.68,3.56,3.65,10075360,73897704.000
2009-02-17,3.63,3.64,3.48,3.50,9087341,65527944.000
2009-02-18,3.45,3.54,3.41,3.43,7656295,54027696.000
2009-02-19,3.47,3.51,3.38,3.45,5109229,35688236.000
2009-02-20,3.44,3.54,3.39,3.53,5466261,38491576.000
2009-02-23,3.53,3.78,3.48,3.72,9673755,71734704.000
2009-02-24,3.67,3.76,3.55,3.57,10985816,81844560.000
2009-02-25,3.63,3.65,3.38,3.50,9035977,64161712.000
2009-02-26,3.48,3.54,3.14,3.17,8103921,55139376.000
2009-02-27,3.15,3.21,3.01,3.06,6365651,40078840.000
2009-03-02,3.03,3.19,3.03,3.15,4805159,30452236.000
2009-03-03,3.06,3.18,3.03,3.11,4408287,27901416.000
2009-03-04,3.13,3.39,3.13,3.32,7245094,47739892.000
2009-03-05,3.34,3.47,3.30,3.39,8788818,60291472.000
2009-03-06,3.33,3.38,3.31,3.37,4810686,32642668.000
2009-03-09,3.37,3.60,3.34,3.54,13103425,92146976.000
2009-03-10,3.47,3.67,3.43,3.66,12180078,87830984.000
2009-03-11,3.77,3.77,3.56,3.57,13702353,102344712.000
2009-03-12,3.59,3.69,3.47,3.58,9031494,65624044.000
2009-03-13,3.59,3.73,3.54,3.60,9107349,67029396.000
2009-03-16,3.60,3.61,3.45,3.54,5819747,41600424.000
2009-03-17,3.52,3.70,3.50,3.68,8135472,59959852.000
2009-03-18,3.71,3.83,3.66,3.72,14246188,108157672.000
2009-03-19,3.74,3.89,3.71,3.86,11050136,85687488.000
2009-03-20,3.83,3.86,3.71,3.79,8892665,68121784.000
2009-03-23,3.77,3.92,3.76,3.84,9837103,76659688.000
2009-03-24,3.89,3.90,3.79,3.83,7027903,54654124.000
2009-03-25,3.88,4.12,3.88,3.90,14797083,120171368.000
2009-03-26,3.91,4.14,3.91,4.13,12491216,102367104.000
2009-03-27,4.15,4.19,4.05,4.15,12301589,102949056.000
2009-03-30,4.15,4.38,4.14,4.26,10410571,90317248.000
2009-03-31,4.19,4.29,4.08,4.27,11105651,94221504.000
2009-04-01,4.28,4.49,4.27,4.45,12045912,107811624.000
2009-04-02,4.47,4.52,4.39,4.46,9748134,87852424.000
2009-04-03,4.46,4.54,4.42,4.51,7927510,71951416.000
2009-04-07,4.59,4.64,4.44,4.64,8951258,81993128.000
2009-04-08,4.63,4.90,4.55,4.71,14430622,139687968.000
2009-04-09,4.75,4.82,4.59,4.79,9379551,89334384.000
2009-04-10,4.80,5.15,4.79,5.08,12490995,125304512.000
2009-04-13,5.11,5.37,5.10,5.29,12192584,129277904.000
2009-04-14,5.29,5.49,5.20,5.22,13016965,139655120.000
2009-04-15,5.20,5.75,5.16,5.75,22504641,252590768.000
2009-04-16,5.85,6.03,5.70,5.80,18747250,220562800.000
2009-04-17,5.79,5.80,5.50,5.54,13744527,155373984.000
2009-04-20,5.51,6.10,5.51,6.07,15569156,182643840.000
2009-04-21,5.97,6.44,5.91,6.31,16970186,213042208.000
2009-04-22,6.34,6.52,5.81,5.85,18236202,225677520.000
2009-04-23,5.80,6.04,5.79,5.86,13088865,156057632.000
2009-04-24,5.86,6.07,5.47,5.86,22061293,257865168.000
2009-04-27,5.82,5.82,5.27,5.27,17960816,199879664.000
2009-04-28,5.23,5.47,5.23,5.40,9134477,99259824.000
2009-04-29,5.47,5.52,5.30,5.45,12433909,136433600.000
2009-04-30,5.50,5.77,5.42,5.69,12440227,141511696.000
2009-05-04,5.74,5.92,5.70,5.87,10937992,128991128.000
2009-05-05,5.95,6.20,5.83,6.16,15593063,190064064.000
2009-05-06,6.05,6.19,6.01,6.15,11947488,147133168.000
2009-05-07,6.20,6.21,5.84,5.96,15580071,188112304.000
2009-05-08,5.93,6.04,5.85,5.94,8325930,99810064.000
2009-05-11,5.97,6.00,5.57,5.59,10354746,121027752.000
2009-05-12,5.57,5.79,5.52,5.78,6063118,69654808.000
2009-05-13,5.85,5.88,5.76,5.83,5460384,64143076.000
2009-05-14,5.75,5.80,5.63,5.73,5608184,64721564.000
2009-05-15,5.74,5.95,5.74,5.88,8122544,96222752.000
2009-05-18,5.89,6.06,5.87,6.06,9616842,115817536.000
2009-05-19,6.11,6.14,6.00,6.06,7811551,95304936.000
2009-05-20,6.07,6.10,6.01,6.03,7010054,85629232.000
2009-05-21,6.00,6.01,5.80,5.81,8565514,101526704.000
2009-05-22,5.80,5.99,5.77,5.91,4820436,57410788.000
2009-05-25,5.74,5.80,5.62,5.72,8289196,95544384.000
2009-05-27,5.84,5.95,5.81,5.87,7124715,84538104.000
2009-06-01,5.92,5.94,5.80,5.85,8519421,100531672.000
2009-06-02,5.85,6.06,5.79,6.03,13600614,161637216.000
2009-06-03,6.03,6.03,5.90,5.96,7861300,94443960.000
2009-06-04,5.97,6.11,5.91,6.02,10310376,124971568.000
2009-06-05,6.07,6.09,5.93,5.97,6776541,81921352.000
2009-06-08,5.97,5.99,5.82,5.85,6970001,82651512.000
2009-06-09,5.85,5.90,5.70,5.83,8222534,95727880.000
2009-06-10,5.85,6.11,5.81,6.06,14254267,172297984.000
2009-06-11,6.06,6.06,5.87,5.88,9383242,112663624.000
2009-06-12,5.88,6.07,5.81,6.06,11590675,139016240.000
2009-06-15,6.06,6.43,6.00,6.35,22790569,288951200.000
2009-06-16,6.22,6.48,6.21,6.41,15649069,199817360.000
2009-06-17,6.41,6.55,6.30,6.47,13784915,178833808.000
2009-06-18,6.47,7.05,6.47,6.85,28543673,389785888.000
2009-06-19,6.96,7.01,6.53,6.54,29879496,401712000.000
2009-06-22,6.58,6.64,6.28,6.29,17242229,222222528.000
2009-06-23,6.24,6.48,6.20,6.35,11271532,144634016.000
2009-06-24,6.38,6.43,6.25,6.30,15316755,194951456.000
2009-06-25,6.39,6.63,6.31,6.46,19177948,124435960.000
2009-06-26,6.42,6.55,6.33,6.44,24687598,159126192.000
2009-06-29,6.44,6.74,6.33,6.70,42894373,282372000.000
2009-06-30,6.68,6.75,6.55,6.61,38940865,258234256.000
2009-07-01,6.64,6.86,6.58,6.71,33206241,224026944.000
2009-07-02,6.75,6.76,6.55,6.61,26362306,174731440.000
2009-07-03,6.59,6.59,6.48,6.57,20059420,130849592.000
2009-07-06,6.54,6.63,6.49,6.56,17913693,117218184.000
2009-07-07,6.54,6.76,6.54,6.64,25522479,169737760.000
2009-07-08,6.61,6.81,6.59,6.80,24271535,162836016.000
2009-07-09,6.80,7.17,6.72,7.09,42085248,294294208.000
2009-07-10,7.08,7.30,7.06,7.13,33808164,241841888.000
2009-07-13,7.16,7.28,7.06,7.17,23647342,169731472.000
2009-07-14,7.24,7.66,7.17,7.65,34485809,255434640.000
2009-07-15,7.68,8.05,7.60,7.93,48457108,378477536.000
2009-07-16,8.03,8.04,7.66,7.74,33657278,264153904.000
2009-07-17,7.72,8.00,7.72,7.87,25492184,200952288.000
2009-07-20,7.92,7.96,7.80,7.87,26241221,205990752.000
2009-07-21,7.91,7.94,7.52,7.57,27812157,213627840.000
2009-07-22,7.51,7.78,7.50,7.71,20998544,160431632.000
2009-07-23,7.70,7.76,7.60,7.69,16162850,124121008.000
2009-07-24,7.75,7.93,7.59,7.89,30131244,235058816.000
2009-07-27,7.95,7.99,7.80,7.89,26061728,205697776.000
2009-07-28,7.70,7.77,7.50,7.76,46764333,356831776.000
2009-07-29,7.75,7.75,6.98,7.03,38728204,286400096.000
2009-07-30,7.04,7.23,6.79,7.07,25330046,176966624.000
2009-07-31,7.10,7.37,7.05,7.30,21972167,158340416.000
2009-08-03,7.32,7.39,7.18,7.39,22731436,165331952.000
2009-08-04,7.38,7.38,7.20,7.31,18893585,137741504.000
2009-08-05,7.32,7.64,7.26,7.60,28215106,210695824.000
2009-08-06,7.61,7.85,7.60,7.67,49303361,381701408.000
2009-08-07,7.60,7.69,7.20,7.28,25936872,193241296.000
2009-08-10,7.35,7.43,7.13,7.27,13616001,98708056.000
2009-08-11,7.30,7.32,7.18,7.29,9415967,68391128.000
2009-08-12,7.25,7.26,6.80,6.85,15671662,110123560.000
2009-08-13,6.90,7.17,6.67,7.05,13240428,91408008.000
2009-08-14,7.00,7.09,6.70,6.70,10789682,73893048.000
2009-08-17,6.58,6.58,6.07,6.08,14572161,92101416.000
2009-08-18,6.04,6.18,5.91,6.14,14198427,86098784.000
2009-08-19,6.14,6.15,5.58,5.63,12122590,71674216.000
2009-08-20,5.62,5.93,5.60,5.90,11547815,66689144.000
2009-08-21,5.92,6.22,5.82,6.19,17483003,106056568.000
2009-08-24,6.22,6.29,6.12,6.25,13498038,83990856.000
2009-08-25,6.20,6.21,5.91,6.14,13524201,81868880.000
2009-08-26,6.14,6.36,6.03,6.33,14514365,91156208.000
2009-08-27,6.34,6.54,6.26,6.45,16981881,109100104.000
2009-08-28,6.40,6.53,6.25,6.34,12777404,81543880.000
2009-08-31,6.23,6.26,5.90,5.94,11834703,71160632.000
2009-09-01,5.88,6.06,5.83,5.96,7784194,46416000.000
2009-09-02,5.94,6.04,5.88,5.97,5063216,30196772.000
2009-09-03,5.99,6.29,5.97,6.26,12115249,74377912.000
2009-09-04,6.25,6.33,6.17,6.29,12186149,76283992.000
2009-09-07,6.29,6.46,6.27,6.43,15784835,100475600.000
2009-09-08,6.45,6.60,6.34,6.57,22403937,146193280.000
2009-09-09,6.52,6.58,6.40,6.49,15015467,97215576.000
2009-09-10,6.47,6.47,6.29,6.33,10724334,68328416.000
2009-09-11,6.30,6.46,6.30,6.43,9982633,64096564.000
2009-09-14,6.46,6.74,6.44,6.72,21318825,140332016.000
2009-09-15,6.72,6.96,6.67,6.89,26933754,184054304.000
2009-09-16,7.01,7.57,7.01,7.27,59279997,434097216.000
2009-09-17,7.18,7.47,7.10,7.36,33274156,243788128.000
2009-09-18,7.39,7.46,6.93,7.02,28676117,206367968.000
2009-09-21,6.97,7.19,6.70,7.17,18399107,127093872.000
2009-09-22,7.17,7.21,6.85,6.87,13694397,96108400.000
2009-09-23,6.85,6.95,6.60,6.66,12113694,81702832.000
2009-09-24,6.60,6.74,6.44,6.64,10294457,67988632.000
2009-09-25,6.60,6.66,6.51,6.57,5540641,36513772.000
2009-09-28,6.57,6.66,6.20,6.25,6057936,39211936.000
2009-09-29,6.25,6.33,5.91,6.10,9193330,55852408.000
2009-09-30,6.16,6.25,6.11,6.19,5901251,36475288.000
2009-10-09,6.27,6.57,6.26,6.57,8826172,56860628.000
2009-10-12,6.57,6.60,6.41,6.48,7821321,50996048.000
2009-10-13,6.50,6.79,6.41,6.79,14213638,94534504.000
2009-10-14,6.78,7.04,6.72,6.98,21826316,150777216.000
2009-10-15,7.06,7.12,6.86,6.93,22617757,158019216.000
2009-10-16,6.91,7.00,6.75,6.94,11675618,80156896.000
2009-10-19,6.90,7.14,6.90,7.10,16532029,116542720.000
2009-10-20,7.13,7.16,7.01,7.11,15592989,110248016.000
2009-10-21,7.11,7.11,6.90,6.94,20182143,141360096.000
2009-10-22,6.94,7.59,6.86,7.38,40581274,295180832.000
2009-10-23,7.30,7.54,7.22,7.33,29467918,217866736.000
2009-10-26,7.36,7.46,7.12,7.18,21213637,153584432.000
2009-10-27,7.13,7.18,6.92,6.92,15649172,109984520.000
2009-10-28,6.85,7.18,6.84,7.15,12506318,87943288.000
2009-10-29,7.00,7.04,6.90,6.92,10420171,72514352.000
2009-10-30,7.02,7.09,6.92,6.94,10581073,74103144.000
2009-11-02,6.85,7.13,6.75,7.12,15521228,108211944.000
2009-11-03,7.13,7.42,7.13,7.41,32724742,238765904.000
2009-11-04,7.41,7.43,7.26,7.34,21014113,154190288.000
2009-11-05,7.30,7.63,7.30,7.53,44981487,337912544.000
2009-11-06,7.56,7.60,7.45,7.48,32817615,246905120.000
2009-11-09,7.50,7.57,7.35,7.53,21822274,162881936.000
2009-11-10,7.54,7.76,7.50,7.67,35232406,268142352.000
2009-11-11,7.60,7.68,7.49,7.56,20984454,158865008.000
2009-11-12,7.54,7.72,7.50,7.53,21373384,162549440.000
2009-11-13,7.55,7.67,7.39,7.62,20581765,155376640.000
2009-11-16,7.66,7.83,7.66,7.78,30443892,236248032.000
2009-11-17,7.80,7.88,7.70,7.84,28458956,221718832.000
2009-11-18,7.85,8.20,7.76,8.14,49243991,394753472.000
2009-11-19,8.10,8.46,8.06,8.39,47692590,392675584.000
2009-11-20,8.35,8.53,8.25,8.26,39293089,330341568.000
2009-11-23,8.26,8.42,8.18,8.40,31767312,262939248.000
2009-11-24,8.44,8.50,7.70,7.77,47181754,384135104.000
2009-11-25,7.73,8.10,7.64,8.05,29033118,228097488.000
2009-11-26,8.06,8.20,7.70,7.72,33542824,266292976.000
2009-11-27,7.60,7.86,7.51,7.58,20842958,159419008.000
2009-11-30,7.65,7.84,7.57,7.82,18549983,143293920.000
2009-12-01,7.79,8.06,7.72,8.01,23658223,186951408.000
2009-12-02,8.03,8.30,8.03,8.21,34641523,283982112.000
2009-12-03,8.22,8.39,8.14,8.31,31680826,262682032.000
2009-12-04,8.26,8.43,7.89,8.07,33918763,276838848.000
2009-12-07,8.07,8.35,8.00,8.30,20812642,170440080.000
2009-12-08,8.29,8.30,8.10,8.18,18068426,147805504.000
2009-12-09,8.10,8.19,7.97,8.01,16094183,129945872.000
2009-12-10,8.03,8.18,8.01,8.10,10328667,83494264.000
2009-12-11,8.12,8.18,8.01,8.04,11341516,91683896.000
2009-12-14,8.04,8.04,7.70,7.92,14884620,117058928.000
2009-12-15,7.92,7.99,7.82,7.85,8615959,68127136.000
2009-12-16,7.82,7.92,7.78,7.84,8522651,67026616.000
2009-12-17,7.83,7.91,7.56,7.58,11695477,89677296.000
2009-12-18,7.56,7.56,7.33,7.34,9770399,72703104.000
2009-12-21,7.33,7.45,7.28,7.44,7027325,51769384.000
2009-12-22,7.46,7.49,7.16,7.16,8389177,61145952.000
2009-12-23,7.16,7.35,7.13,7.35,8153907,59137976.000
2009-12-24,7.35,7.80,7.31,7.73,15069910,114210384.000
2009-12-25,7.70,7.81,7.60,7.68,9851231,75971784.000
2009-12-28,7.70,7.94,7.69,7.89,12677899,99095536.000
2009-12-29,7.89,7.93,7.71,7.83,9169585,71627408.000
2009-12-30,7.82,7.88,7.71,7.75,9179599,71270304.000
2009-12-31,7.72,7.88,7.71,7.84,8954099,69838456.000
2010-01-04,7.84,7.95,7.83,7.84,11420249,90130600.000
2010-01-05,7.85,8.04,7.69,8.02,19778358,156867616.000
2010-01-06,8.06,8.15,7.89,7.92,18786976,151396464.000
2010-01-07,7.89,7.95,7.65,7.72,12811105,99804048.000
2010-01-08,7.70,7.76,7.48,7.76,12840150,98057104.000
2010-01-11,7.78,8.05,7.73,8.02,17902921,141306512.000
2010-01-12,8.03,8.35,7.98,8.30,45918619,377950400.000
2010-01-13,8.10,8.47,8.00,8.35,45075875,374455808.000
2010-01-14,8.55,9.19,8.54,8.77,87787241,779031936.000
2010-01-15,8.67,8.94,8.63,8.79,39638286,348622048.000
2010-01-18,8.83,8.99,8.64,8.95,33837394,298823264.000
2010-01-19,8.96,9.09,8.81,8.88,25206489,224376624.000
2010-01-20,8.89,8.90,8.32,8.37,35783321,306182848.000
2010-01-21,8.40,8.47,8.29,8.37,16653210,139622464.000
2010-01-22,8.30,8.30,7.97,8.12,19928173,161890960.000
2010-01-25,8.05,8.22,8.00,8.05,10392659,84313160.000
2010-01-26,8.05,8.14,7.68,7.79,13999020,110008232.000
2010-01-27,7.75,7.83,7.52,7.61,12022818,92514368.000
2010-01-28,7.59,7.79,7.54,7.76,9759316,75115152.000
2010-01-29,7.68,7.89,7.61,7.83,12004874,93747264.000
2010-02-01,7.83,7.83,7.55,7.61,11053364,84302816.000
2010-02-02,7.62,7.78,7.56,7.58,8506709,65195168.000
2010-02-03,7.58,7.75,7.20,7.74,12359907,93180192.000
2010-02-04,7.67,7.79,7.55,7.70,10960200,84357088.000
2010-02-05,7.55,7.61,7.36,7.40,11460518,85700912.000
2010-02-08,7.40,7.47,7.36,7.42,5109318,37888744.000
2010-02-09,7.44,7.56,7.39,7.49,4413685,33019300.000
2010-02-10,7.52,7.68,7.52,7.66,7421620,56592476.000
2010-02-11,7.65,7.70,7.57,7.60,5858893,44665856.000
2010-02-12,7.63,7.75,7.61,7.71,6122704,47060004.000
2010-02-22,7.74,7.75,7.65,7.66,5587013,42993936.000
2010-02-23,7.66,7.72,7.48,7.71,7475389,56667784.000
2010-02-24,7.66,7.88,7.60,7.87,11738833,91361856.000
2010-02-25,7.88,8.05,7.88,8.04,15306400,121918208.000
2010-02-26,8.04,8.10,7.94,7.97,10826908,86657968.000
2010-03-01,7.98,8.14,7.95,8.12,13078626,105525576.000
2010-03-02,8.14,8.20,8.06,8.20,15126018,123300144.000
2010-03-03,8.20,8.27,8.10,8.26,15751211,128861536.000
2010-03-04,8.27,8.29,7.81,7.84,19645982,158038864.000
2010-03-05,7.83,7.93,7.76,7.83,10051745,79005640.000
2010-03-08,7.84,7.95,7.81,7.91,8021176,63350508.000
2010-03-09,7.91,7.92,7.75,7.90,9079576,71270600.000
2010-03-10,7.88,7.94,7.75,7.78,7206803,56446540.000
2010-03-11,7.80,7.89,7.63,7.70,8332752,64420200.000
2010-03-12,7.73,7.74,7.61,7.63,6270516,48092640.000
2010-03-15,7.63,7.65,7.51,7.56,5640394,42631120.000
2010-03-16,7.56,7.68,7.55,7.68,5181141,39479220.000
2010-03-17,7.71,7.88,7.65,7.87,9800784,76340544.000
2010-03-18,7.87,7.96,7.83,7.91,9148274,72215200.000
2010-03-19,7.91,7.95,7.85,7.94,8210273,65004300.000
2010-03-22,7.95,7.98,7.80,7.96,10692099,84558848.000
2010-03-23,7.95,7.95,7.80,7.84,8566822,67347232.000
2010-03-24,7.85,8.16,7.84,8.10,20307718,162705696.000
2010-03-25,8.27,8.91,8.27,8.91,132993791,1165392000.000
2010-03-26,9.15,9.29,8.65,8.83,115543195,1035731712.000
2010-03-29,8.65,8.75,8.49,8.59,50270621,431339712.000
2010-03-30,8.59,8.80,8.56,8.62,30413559,263801824.000
2010-03-31,8.58,8.64,8.45,8.51,25302184,215555776.000
2010-04-01,8.50,8.75,8.46,8.66,34581181,297330784.000
2010-04-02,8.62,8.67,8.52,8.59,23260943,199713408.000
2010-04-06,8.61,8.79,8.61,8.78,25010392,217680032.000
2010-04-07,8.79,8.87,8.55,8.64,21831748,190111984.000
2010-04-08,8.59,8.60,8.50,8.52,16636586,142004192.000
2010-04-09,8.52,8.65,8.51,8.63,15034524,129296216.000
2010-04-12,8.68,8.73,8.59,8.70,20204869,174982272.000
2010-04-13,8.70,8.80,8.28,8.43,27121608,231457168.000
2010-04-14,8.43,8.58,8.33,8.55,14696442,124167472.000
2010-04-15,8.33,8.43,8.18,8.24,22243736,184739792.000
2010-04-16,8.19,8.32,8.15,8.20,9948495,82026464.000
2010-04-19,8.15,8.25,7.85,7.86,17228480,138865888.000
2010-04-20,7.80,7.91,7.59,7.77,16980505,131410256.000
2010-04-21,7.72,7.94,7.70,7.94,13101995,102893384.000
2010-04-22,7.90,7.92,7.70,7.82,12638572,98798160.000
2010-04-23,7.81,7.97,7.75,7.81,10919378,85657360.000
2010-04-26,7.80,7.88,7.70,7.73,8881670,68971216.000
2010-04-27,7.68,7.69,7.16,7.36,14769259,108860256.000
2010-04-28,7.26,7.39,7.18,7.27,7719042,56141344.000
2010-04-29,7.33,7.46,7.22,7.23,9099253,67105984.000
2010-04-30,7.22,7.27,7.01,7.15,7778470,55532144.000
2010-05-04,7.00,7.14,6.91,7.06,5449386,38359484.000
2010-05-05,7.00,7.28,6.95,7.27,7824530,56045080.000
2010-05-06,7.28,7.36,7.01,7.04,7166355,51736768.000
2010-05-07,6.92,7.11,6.90,7.01,5544355,38933556.000
2010-05-11,7.15,7.21,6.91,6.94,7513467,53063928.000
2010-05-12,6.92,6.92,6.50,6.61,8290628,55330360.000
2010-05-13,6.61,6.73,6.33,6.70,8237971,53949208.000
2010-05-14,6.64,6.72,6.55,6.65,6087533,40438460.000
2010-05-17,6.58,6.58,6.00,6.00,8005938,50040936.000
2010-05-18,5.98,6.14,5.80,6.05,7868192,46947716.000
2010-05-19,6.03,6.09,5.90,5.97,5333636,32086016.000
2010-05-20,5.84,6.03,5.82,5.87,5307391,31444488.000
2010-05-21,5.70,5.99,5.66,5.98,6850490,39983668.000
2010-05-24,6.00,6.27,6.00,6.22,10316349,63791464.000
2010-05-25,6.17,6.21,6.07,6.14,6848447,42064336.000
2010-05-26,6.13,6.34,6.11,6.28,7525911,46937176.000
2010-05-27,6.25,6.34,6.08,6.31,7452378,46599636.000
2010-05-28,6.36,6.40,6.24,6.28,6945518,43852192.000
2010-05-31,6.26,6.40,6.12,6.32,7620182,47402316.000
2010-06-01,6.30,6.82,6.15,6.66,27416738,176821536.000
2010-06-02,6.50,6.58,6.28,6.52,15110313,96988864.000
2010-06-03,6.49,6.53,6.25,6.26,11052461,70847552.000
2010-06-04,6.20,6.23,6.08,6.18,6765699,41619552.000
2010-06-07,6.01,6.11,5.98,6.04,6068653,36665676.000
2010-06-08,6.03,6.23,6.01,6.22,7428636,45724952.000
2010-06-09,6.43,6.52,6.33,6.42,15335107,98489192.000
2010-06-10,6.36,6.45,6.34,6.35,7514245,47948660.000
2010-06-11,6.37,6.43,6.30,6.35,5939958,37753856.000
2010-06-17,6.38,6.47,6.35,6.42,6362715,40814088.000
2010-06-18,6.41,6.41,6.09,6.14,6440764,40258396.000
2010-06-21,6.15,6.33,6.03,6.33,5012991,31185672.000
2010-06-22,6.33,6.39,6.26,6.37,4881788,31002762.000
2010-06-23,6.35,6.45,6.27,6.39,7165216,45750476.000
2010-06-24,6.39,6.58,6.33,6.55,14407147,93601816.000
2010-06-25,6.49,6.54,6.32,6.40,7857251,50396688.000
2010-06-28,6.40,6.47,6.29,6.31,4972123,31715098.000
2010-06-29,6.30,6.40,5.90,5.92,8887965,53845084.000
2010-06-30,5.85,5.92,5.71,5.72,4931251,28628518.000
2010-07-01,5.66,5.80,5.47,5.50,6013853,33796260.000
2010-07-02,5.55,5.55,5.11,5.39,6830797,36362560.000
2010-07-05,5.29,5.34,5.15,5.28,4005365,21016576.000
2010-07-06,5.22,5.44,5.22,5.42,4658641,25122502.000
2010-07-07,5.48,5.53,5.40,5.51,4001663,21884436.000
2010-07-08,5.55,5.55,5.37,5.45,4232168,23054644.000
2010-07-09,5.45,5.62,5.38,5.59,7003340,38774216.000
2010-07-12,5.57,5.71,5.54,5.68,6647700,37596824.000
2010-07-13,5.63,5.63,5.44,5.52,5670634,31289088.000
2010-07-14,5.52,5.65,5.52,5.60,5691453,31900892.000
2010-07-15,5.58,5.65,5.43,5.44,4652492,25792178.000
2010-07-16,5.37,5.49,5.30,5.45,4774603,25738596.000
2010-07-19,5.40,5.62,5.35,5.60,4772404,26367268.000
2010-07-20,5.63,5.84,5.59,5.81,10159588,58200280.000
2010-07-21,5.81,5.97,5.74,5.85,13574690,79419104.000
2010-07-22,5.82,5.90,5.76,5.90,9162193,53565284.000
2010-07-23,5.87,5.89,5.79,5.87,7709102,45001432.000
2010-07-26,5.86,6.02,5.85,5.96,12042681,71494280.000
2010-07-27,5.96,5.96,5.82,5.89,7060443,41622776.000
2010-07-28,5.86,6.01,5.83,6.00,10612423,63313900.000
2010-07-29,6.01,6.10,5.95,6.09,12525669,75636064.000
2010-07-30,6.03,6.08,5.92,6.03,10115208,60710572.000
2010-08-02,6.01,6.17,5.99,6.14,11627444,71023736.000
2010-08-03,6.16,6.24,6.05,6.16,15697258,96522864.000
2010-08-04,6.13,6.38,6.11,6.37,29817298,186291792.000
2010-08-05,6.30,6.33,6.16,6.21,16831276,105269744.000
2010-08-06,6.19,6.27,6.06,6.27,12330099,76209720.000
2010-08-09,6.25,6.33,6.20,6.30,11155539,69997376.000
2010-08-10,6.34,6.35,6.00,6.00,11917332,73315960.000
2010-08-11,5.97,6.13,5.94,6.04,6611132,39840496.000
2010-08-12,5.95,6.13,5.93,5.96,6867323,41423552.000
2010-08-13,5.96,6.10,5.91,6.09,6881793,41357296.000
2010-08-16,6.08,6.28,6.05,6.21,10255056,63425960.000
2010-08-17,6.22,6.28,6.17,6.26,9415223,58752756.000
2010-08-18,6.26,6.35,6.16,6.33,15600443,97896880.000
2010-08-19,6.30,6.40,6.25,6.32,13215488,83655256.000
2010-08-20,6.28,6.38,6.15,6.34,16948825,106173744.000
2010-08-23,6.34,6.57,6.34,6.43,27646772,178158560.000
2010-08-24,6.42,6.47,6.25,6.37,16320400,103768080.000
2010-08-25,6.30,6.35,6.14,6.16,12529178,78106344.000
2010-08-26,6.20,6.29,6.16,6.24,7692176,47766480.000
2010-08-27,6.20,6.25,6.14,6.22,5499202,34040880.000
2010-08-30,6.24,6.35,6.23,6.34,10806186,68080504.000
2010-08-31,6.30,6.53,6.26,6.46,17848023,114495432.000
2010-09-01,6.46,6.47,6.21,6.29,13203392,83565080.000
2010-09-02,6.36,6.54,6.29,6.53,19655390,126320496.000
2010-09-03,6.56,6.60,6.37,6.47,17633616,114299880.000
2010-09-06,6.49,6.55,6.40,6.55,14720373,95507384.000
2010-09-07,6.53,6.55,6.43,6.55,10220955,66405212.000
2010-09-08,6.50,6.59,6.44,6.55,12352675,80538304.000
2010-09-09,6.53,6.62,6.35,6.37,16984931,110343880.000
2010-09-10,6.38,6.42,6.22,6.40,11373643,71955944.000
2010-09-13,6.41,6.52,6.32,6.50,12380046,79899904.000
2010-09-14,6.50,6.64,6.44,6.64,21606752,141640416.000
2010-09-15,6.60,6.75,6.51,6.54,21714115,144462160.000
2010-09-16,6.52,6.58,6.26,6.33,11567027,73919312.000
2010-09-17,6.32,6.39,6.23,6.27,7294041,46066292.000
2010-09-20,6.25,6.29,6.15,6.15,6374281,39595664.000
2010-09-21,6.11,6.20,6.10,6.18,4205527,25866036.000
2010-09-27,6.22,6.29,6.17,6.28,5511108,34332536.000
2010-09-28,6.28,6.29,6.12,6.14,6804930,42168780.000
2010-09-29,6.16,6.20,6.11,6.15,5246796,32266296.000
2010-09-30,6.10,6.22,6.08,6.22,4517281,27922324.000
2010-10-08,6.25,6.38,6.23,6.33,8430151,53349800.000
2010-10-11,6.33,6.48,6.30,6.41,11502090,73621528.000
2010-10-12,6.41,6.48,6.39,6.46,9724042,62608860.000
2010-10-13,6.45,6.54,6.40,6.51,12667951,82056960.000
2010-10-14,6.53,6.55,6.24,6.25,14931921,94983616.000
2010-10-15,6.20,6.32,6.19,6.24,11236204,70165200.000
2010-10-18,6.23,6.25,6.05,6.14,13141556,80409552.000
2010-10-19,6.17,6.36,6.16,6.35,10241240,64271992.000
2010-10-20,6.27,6.44,6.23,6.32,13916757,88034088.000
2010-10-21,6.39,6.49,6.31,6.43,12750869,81733200.000
2010-10-22,6.48,6.58,6.39,6.54,17108242,111222608.000
2010-10-25,6.56,6.64,6.47,6.58,23708193,155494496.000
2010-10-26,6.60,6.74,6.50,6.68,25156894,166755264.000
2010-10-27,6.70,6.73,6.46,6.50,16993492,111905208.000
2010-10-28,6.46,6.55,6.38,6.50,10223798,66106764.000
2010-10-29,6.50,6.65,6.42,6.62,15061850,98503208.000
2010-11-01,6.61,6.77,6.59,6.68,20518608,137355696.000
2010-11-02,6.70,6.72,6.56,6.56,18358973,121930632.000
2010-11-03,6.51,6.80,6.48,6.73,25967175,173764688.000
2010-11-04,6.73,6.87,6.70,6.80,23195619,157313104.000
2010-11-05,6.84,7.13,6.73,7.09,31653641,217807328.000
2010-11-08,7.07,7.24,7.02,7.18,31947027,228278640.000
2010-11-09,7.19,7.20,7.04,7.13,17538674,124373864.000
2010-11-10,7.14,7.15,6.88,7.00,19885887,139028208.000
2010-11-11,6.97,7.17,6.90,6.91,19962331,140898256.000
2010-11-12,6.90,6.99,6.40,6.44,21406976,142844960.000
2010-11-15,6.41,6.59,6.40,6.57,9824396,63747100.000
2010-11-16,6.57,6.59,6.25,6.30,11375080,73144096.000
2010-11-17,6.26,6.35,6.18,6.21,6800163,42660876.000
2010-11-18,6.28,6.30,6.20,6.28,5137341,32159304.000
2010-11-19,6.29,6.43,6.23,6.40,7618065,48239092.000
2010-11-22,6.39,6.63,6.32,6.56,12997312,84458720.000
2010-11-23,6.48,6.50,6.22,6.32,8259420,52273672.000
2010-11-24,6.29,6.50,6.24,6.48,7930369,50823568.000
2010-11-25,6.48,6.68,6.45,6.63,12707050,83666544.000
2010-11-26,6.60,6.76,6.57,6.66,13865283,92459328.000
2010-11-29,6.62,6.74,6.55,6.65,10255674,68175296.000
2010-11-30,6.60,6.65,6.22,6.36,11320600,72447624.000
2010-12-01,6.33,6.44,6.30,6.39,4202640,26751812.000
2010-12-02,6.44,6.88,6.41,6.63,19467693,129726952.000
2010-12-03,6.60,6.71,6.40,6.61,9465244,62352092.000
2010-12-06,6.58,6.64,6.39,6.48,5962605,38689836.000
2010-12-07,6.40,6.51,6.31,6.48,5468015,35007316.000
2010-12-08,6.48,6.72,6.43,6.64,11579992,76559880.000
2010-12-09,6.60,6.62,6.38,6.40,7523568,48745096.000
2010-12-10,6.36,6.57,6.33,6.55,5174287,33404332.000
2010-12-13,6.58,6.72,6.53,6.70,13428673,89462288.000
2010-12-14,6.70,6.85,6.63,6.78,18069839,122261280.000
2010-12-15,6.78,6.90,6.68,6.72,17094654,116437776.000
2010-12-16,6.71,6.86,6.70,6.81,12251795,83263888.000
2010-12-17,6.77,7.15,6.70,6.95,27535908,191710752.000
2010-12-20,7.00,7.26,6.91,7.17,54580672,389254400.000
2010-12-21,7.17,7.30,7.01,7.14,25401768,181412240.000
2010-12-22,7.18,7.20,6.87,6.92,18089388,126897016.000
2010-12-23,6.89,6.95,6.70,6.75,10367550,70807464.000
2010-12-24,6.69,7.07,6.69,6.97,14926513,103192496.000
2010-12-27,6.97,7.02,6.63,6.65,11473500,78267072.000
2010-12-28,6.61,6.77,6.59,6.64,8941705,59762312.000
2010-12-29,6.67,6.98,6.65,6.95,11529970,78908088.000
2010-12-30,6.95,7.13,6.85,7.08,15530523,108921432.000
2010-12-31,7.03,7.11,6.99,7.09,12039971,85054264.000
2011-01-04,7.10,7.21,7.00,7.13,15137798,108021984.000
2011-01-05,7.13,7.37,7.10,7.20,22255737,161573792.000
2011-01-06,7.15,7.25,7.04,7.11,13798183,98328920.000
2011-01-07,7.08,7.50,7.03,7.39,28472019,209430496.000
2011-01-10,7.43,7.45,7.17,7.18,18813905,137548304.000
2011-01-11,7.10,7.15,6.92,7.08,13245076,93108160.000
2011-01-12,7.05,7.17,6.95,7.16,9047765,63862980.000
2011-01-13,7.14,7.25,7.04,7.23,9436674,67581672.000
2011-01-14,7.18,7.19,7.03,7.06,8563250,60866864.000
2011-01-17,7.00,7.00,6.59,6.63,10593435,71789888.000
2011-01-18,6.55,6.70,6.55,6.63,5436036,36037728.000
2011-01-19,6.63,6.78,6.62,6.76,7822333,52404220.000
2011-01-20,6.75,6.75,6.30,6.31,10279156,66791344.000
2011-01-21,6.32,6.48,6.30,6.42,6829312,43694436.000
2011-01-24,6.42,6.44,6.14,6.16,7750579,48761552.000
2011-01-25,6.18,6.19,6.05,6.12,4138407,25253044.000
2011-01-26,6.11,6.26,6.09,6.23,2947864,18269900.000
2011-01-27,6.20,6.33,6.11,6.28,5478222,34172560.000
2011-01-28,6.26,6.37,6.24,6.36,4609004,29072984.000
2011-01-31,6.36,6.52,6.35,6.48,6374410,41216316.000
2011-02-01,6.50,6.51,6.36,6.40,5230729,33559720.000
2011-02-09,6.40,6.51,6.30,6.37,5125070,32844828.000
2011-02-10,6.40,6.51,6.33,6.50,5499400,35454536.000
2011-02-11,6.49,6.59,6.45,6.56,7635714,49880528.000
2011-02-14,6.56,6.66,6.48,6.62,9070286,59805568.000
2011-02-15,6.60,6.63,6.53,6.54,9713302,63903072.000
2011-02-16,6.53,6.72,6.51,6.69,10498032,69613528.000
2011-02-17,6.66,6.70,6.54,6.64,8191046,54097824.000
2011-02-18,6.59,6.68,6.55,6.59,6089979,40225056.000
2011-02-21,6.53,6.71,6.51,6.70,10355779,68668864.000
2011-02-22,6.70,6.78,6.50,6.51,10641376,70705968.000
2011-02-23,6.50,6.56,6.42,6.55,7886176,51165360.000
2011-02-24,6.54,7.01,6.48,6.96,24673728,168058816.000
2011-02-25,6.90,6.95,6.77,6.89,11613400,79818768.000
2011-02-28,6.84,7.20,6.84,7.10,18762760,133194792.000
2011-03-01,7.20,7.27,7.02,7.17,18267620,130659880.000
2011-03-02,7.15,7.15,6.87,6.94,14825475,103463728.000
2011-03-03,6.98,7.06,6.84,6.93,8658967,60166992.000
2011-03-04,6.85,7.12,6.85,7.11,10385469,72924080.000
2011-03-07,7.09,7.23,7.05,7.15,12074387,86302488.000
2011-03-08,7.17,7.25,7.09,7.12,11299347,80957080.000
2011-03-09,7.12,7.33,7.09,7.26,16759131,121348368.000
2011-03-10,7.27,7.43,7.23,7.26,20532909,150268560.000
2011-03-11,7.28,7.39,7.10,7.13,20514048,148284752.000
2011-03-14,7.10,7.27,7.06,7.25,12525867,89826272.000
2011-03-15,7.23,7.45,7.06,7.44,28188376,205370720.000
2011-03-16,7.41,7.48,7.30,7.43,17093238,126391512.000
2011-03-17,7.43,7.90,7.39,7.55,43728812,335402752.000
2011-03-18,7.56,7.75,7.45,7.59,16214125,122635880.000
2011-03-21,7.57,7.85,7.52,7.61,21024185,161507616.000
2011-03-22,7.56,7.62,7.29,7.43,16719779,123752256.000
2011-03-23,7.37,7.50,7.29,7.49,11442764,84629000.000
2011-03-24,7.45,7.75,7.38,7.39,20701085,156660448.000
2011-03-25,7.40,7.43,7.31,7.32,15214311,111938024.000
2011-03-28,7.38,7.55,7.32,7.36,12175727,90238152.000
2011-03-29,7.34,7.55,7.30,7.45,14050287,104568192.000
2011-03-30,7.45,7.86,7.40,7.70,28885225,222469888.000
2011-03-31,7.60,7.74,7.30,7.31,17869789,133850712.000
2011-04-01,7.31,7.45,7.14,7.34,13443756,97842016.000
2011-04-06,7.31,7.42,7.19,7.35,9733494,71088448.000
2011-04-07,7.34,7.35,7.13,7.19,13913963,100137864.000
2011-04-08,7.19,7.27,7.15,7.24,6692926,48365336.000
2011-04-11,7.24,7.28,7.17,7.21,8474123,61132520.000
2011-04-12,7.22,7.29,7.19,7.23,9650908,69821408.000
2011-04-13,7.21,7.23,7.09,7.22,8173020,58490628.000
2011-04-14,7.20,7.30,7.10,7.29,10075627,72981368.000
2011-04-15,7.30,7.31,7.14,7.27,7479736,54031752.000
2011-04-18,7.27,7.28,7.15,7.20,8669631,62409164.000
2011-04-19,7.17,7.18,7.00,7.05,10073462,71358024.000
2011-04-20,7.09,7.12,7.01,7.11,7140510,50468696.000
2011-04-21,7.12,7.23,7.10,7.20,7184053,51578960.000
2011-04-22,7.16,7.25,7.12,7.19,7100461,51021236.000
2011-04-25,7.27,7.45,7.23,7.35,24831178,182814288.000
2011-04-26,7.28,7.40,7.09,7.17,11292576,81456112.000
2011-04-27,7.14,7.54,7.14,7.45,26557203,196461472.000
2011-04-28,7.40,7.65,7.29,7.31,24337394,181892848.000
2011-04-29,7.27,7.35,7.00,7.31,14113998,101184368.000
2011-05-03,7.26,8.04,7.23,8.04,39030549,306258432.000
2011-05-04,8.19,8.25,7.80,7.91,56501920,453192000.000
2011-05-05,7.80,8.01,7.69,7.99,33887304,266561520.000
2011-05-06,7.80,8.13,7.76,8.01,32223511,255809168.000
2011-05-09,8.01,8.33,7.85,8.20,45261518,367387072.000
2011-05-10,8.18,8.20,7.95,8.04,31124807,251049424.000
2011-05-11,8.06,8.44,7.96,8.13,39623710,325599872.000
2011-05-12,8.07,8.44,8.00,8.17,39493584,324808992.000
2011-05-13,8.14,8.49,8.07,8.45,38611971,322182208.000
2011-05-16,8.50,8.60,8.22,8.35,33417417,279016096.000
2011-05-17,8.29,8.34,7.78,7.83,35518972,284406944.000
2011-05-18,7.78,7.97,7.72,7.81,18270637,143717120.000
2011-05-20,7.79,7.99,7.64,7.80,20945534,163438832.000
2011-05-23,7.72,7.77,7.30,7.41,17239516,130530368.000
2011-05-24,7.50,7.65,7.37,7.59,14478610,108951736.000
2011-05-25,7.49,7.75,7.44,7.47,12478769,94514000.000
2011-05-26,7.51,7.67,7.47,7.48,11991857,90859760.000
2011-05-27,7.41,7.41,6.81,6.85,21301421,150488272.000
2011-05-30,6.80,6.88,6.50,6.62,10817059,72534792.000
2011-05-31,6.63,6.85,6.61,6.82,8574264,57665072.000
2011-06-01,6.77,6.92,6.76,6.84,10626061,72734128.000
2011-06-02,6.70,6.83,6.45,6.57,16121582,106508400.000
2011-06-03,6.56,6.74,6.54,6.73,8626058,57501800.000
2011-06-07,6.68,6.79,6.66,6.77,9812682,66141080.000
2011-06-08,6.75,6.87,6.66,6.84,10940963,74018552.000
2011-06-09,6.80,6.89,6.69,6.73,9974338,67596936.000
2011-06-10,6.72,6.77,6.51,6.72,10227731,67950016.000
2011-06-13,6.64,6.73,6.56,6.68,4753764,31573312.000
2011-06-14,6.69,6.86,6.69,6.80,10317439,70184544.000
2011-06-15,6.76,6.84,6.69,6.71,8899633,60136080.000
2011-06-16,6.61,6.85,6.61,6.71,9246155,62255520.000
2011-06-17,6.65,6.74,6.60,6.72,4721083,31547872.000
2011-06-20,6.71,6.77,6.55,6.57,5159425,34273364.000
2011-06-21,6.62,6.64,6.23,6.35,12550138,79691464.000
2011-06-22,6.36,6.39,6.21,6.30,5750728,36182724.000
2011-06-23,6.28,6.50,6.18,6.44,7769287,49431124.000
2011-06-24,6.40,6.64,6.38,6.60,9172787,60080280.000
2011-06-27,6.60,6.70,6.57,6.69,8043868,53426944.000
2011-06-28,6.68,6.68,6.56,6.67,7186711,47593188.000
2011-06-29,6.65,6.85,6.62,6.71,13690690,92450880.000
2011-06-30,6.70,6.81,6.69,6.80,8440099,57107884.000
2011-07-01,6.78,6.84,6.71,6.74,6141735,41518088.000
2011-07-04,6.79,6.95,6.75,6.92,9839019,67577936.000
2011-07-05,6.89,6.98,6.86,6.92,6890340,47600284.000
2011-07-06,6.91,6.92,6.73,6.84,9835167,66930996.000
2011-07-07,6.85,6.91,6.76,6.89,9993805,68396456.000
2011-07-08,6.86,7.13,6.80,7.08,19397839,135492000.000
2011-07-11,7.04,7.14,6.99,7.04,10376173,73223448.000
2011-07-12,6.96,7.11,6.85,7.01,11722962,81648968.000
2011-07-13,7.00,7.27,6.95,7.23,15743567,112847992.000
2011-07-14,7.22,7.28,7.14,7.27,11674609,84234640.000
2011-07-15,7.24,7.26,7.15,7.20,7861165,56609604.000
2011-07-18,7.20,7.24,7.08,7.11,11584577,82560288.000
2011-07-19,7.07,7.07,6.91,6.93,9674228,67478576.000
2011-07-20,6.99,7.12,6.95,7.03,8846310,62302064.000
2011-07-21,7.06,7.18,6.94,7.07,11295249,80127032.000
2011-07-25,7.06,7.06,6.65,6.72,12079073,82786712.000
2011-07-26,6.70,6.76,6.59,6.69,5146630,34165912.000
2011-07-27,6.67,6.83,6.60,6.79,6566659,44346772.000
2011-07-28,6.72,6.85,6.62,6.84,8732855,58719504.000
2011-07-29,6.83,6.91,6.74,6.86,7917638,54140572.000
2011-08-01,6.80,6.93,6.72,6.87,6578118,45138624.000
2011-08-02,6.83,6.84,6.50,6.71,9691311,64539336.000
2011-08-03,6.60,6.74,6.53,6.65,6250955,41630368.000
2011-08-04,6.65,6.73,6.64,6.69,5393500,36020980.000
2011-08-05,6.46,6.71,6.37,6.62,16543964,108362008.000
2011-08-08,6.50,6.56,5.96,6.05,21045076,129166712.000
2011-08-09,5.85,6.07,5.72,5.99,10687292,63527640.000
2011-08-10,6.10,6.19,5.98,6.00,13923559,84669920.000
2011-08-11,5.86,6.60,5.81,6.60,23433749,148441952.000
2011-08-12,6.68,6.70,6.44,6.52,19910804,130832992.000
2011-08-15,6.57,6.78,6.53,6.66,16385170,109124144.000
2011-08-16,6.66,6.78,6.57,6.77,11625103,77568544.000
2011-08-17,6.72,6.85,6.66,6.71,10300827,69603984.000
2011-08-18,6.65,6.75,6.49,6.55,11582345,76367824.000
2011-08-19,6.40,6.48,6.20,6.39,12017044,76319776.000
2011-08-22,6.41,6.46,6.29,6.35,5586600,35696368.000
2011-08-23,6.40,6.51,6.34,6.49,5692645,36592620.000
2011-08-24,6.50,6.80,6.50,6.57,10931531,72810232.000
2011-08-25,6.57,6.90,6.52,6.81,17033431,114957408.000
2011-08-26,6.80,7.00,6.76,6.85,15891413,109521312.000
2011-08-29,6.87,7.00,6.74,6.90,12483481,86378920.000
2011-08-30,6.93,6.97,6.76,6.79,9721409,66673848.000
2011-08-31,6.78,6.90,6.70,6.87,7676227,52343068.000
2011-09-01,6.89,7.13,6.86,6.97,14893662,104453456.000
2011-09-02,6.92,7.00,6.76,6.80,7839274,53687184.000
2011-09-05,6.70,6.74,6.55,6.60,7142920,47339416.000
2011-09-06,6.56,6.65,6.53,6.62,3798382,25026758.000
2011-09-07,6.67,6.87,6.62,6.85,7868010,53236852.000
2011-09-08,6.85,6.95,6.75,6.77,6918679,47420420.000
2011-09-09,6.80,6.91,6.75,6.88,6259547,42820628.000
2011-09-13,6.81,7.04,6.76,6.99,13715558,95407512.000
2011-09-14,7.00,7.03,6.80,6.99,11877761,82363384.000
2011-09-15,7.02,7.19,6.95,7.03,13224865,93618040.000
2011-09-16,7.06,7.11,6.93,6.95,7832790,54896016.000
2011-09-19,6.92,6.92,6.69,6.70,8533429,58057396.000
2011-09-20,6.69,6.81,6.62,6.72,6322388,42364844.000
2011-09-21,6.73,6.96,6.65,6.92,11610297,79781904.000
2011-09-22,6.85,7.15,6.84,6.94,19985525,139620240.000
2011-09-23,6.82,7.15,6.81,7.15,24052704,169220944.000
2011-09-26,7.11,7.38,7.05,7.10,25258930,182434128.000
2011-09-27,7.17,7.24,6.91,7.07,16627510,117411056.000
2011-09-28,7.09,7.43,7.07,7.33,30945322,225050464.000
2011-09-29,7.24,7.29,6.80,6.88,25308510,178019648.000
2011-09-30,6.84,6.98,6.42,6.49,18984543,126123440.000
2011-10-10,6.56,6.60,6.38,6.52,7962451,51641840.000
2011-10-11,6.66,6.73,6.46,6.56,8793420,58217396.000
2011-10-12,6.51,6.91,6.45,6.90,11982022,81094048.000
2011-10-13,6.87,7.15,6.84,7.12,17048252,119961920.000
2011-10-14,7.07,7.23,7.00,7.17,13852770,98496448.000
2011-10-17,7.20,7.29,7.11,7.17,11538047,82838080.000
2011-10-18,7.13,7.38,7.05,7.06,24521735,177299136.000
2011-10-19,7.10,7.35,7.06,7.34,21477511,155575088.000
2011-10-20,7.12,7.16,6.61,6.61,36599762,247564544.000
2011-10-21,6.45,6.69,6.45,6.54,8112749,53268232.000
2011-10-24,6.57,6.85,6.51,6.79,9387103,62930124.000
2011-10-25,6.85,7.07,6.77,6.99,15121498,105165680.000
2011-10-26,6.93,7.05,6.84,6.95,14855138,103306272.000
2011-10-27,6.95,7.14,6.92,7.01,11160436,78452312.000
2011-10-28,7.09,7.15,6.97,7.10,16712838,117988456.000
2011-10-31,7.09,7.19,6.98,7.18,14034993,99611904.000
2011-11-01,7.08,7.18,6.96,7.07,12130109,85849992.000
2011-11-02,6.92,7.28,6.81,7.24,20013201,140632656.000
2011-11-03,7.23,7.60,7.20,7.30,37785225,280178016.000
2011-11-04,7.31,7.45,7.20,7.32,15905294,116462760.000
2011-11-07,7.33,7.59,7.27,7.55,27484318,205747552.000
2011-11-08,7.51,7.67,7.38,7.40,22470873,168827968.000
2011-11-09,7.44,7.71,7.33,7.65,19991332,149882352.000
2011-11-10,7.58,7.76,7.51,7.61,26490090,202822416.000
2011-11-11,7.45,7.59,7.38,7.43,16548352,123591960.000
2011-11-14,7.51,7.65,7.44,7.57,12653774,95676880.000
2011-11-15,7.54,7.64,7.43,7.45,13696225,102863856.000
2011-11-16,7.45,7.45,7.11,7.16,18107388,131617144.000
2011-11-17,7.19,7.39,7.14,7.24,12927156,94051760.000
2011-11-18,7.15,7.31,7.07,7.10,10646893,76422312.000
2011-11-21,7.17,7.25,7.00,7.24,10299333,73361288.000
2011-11-22,7.15,7.44,7.15,7.44,15084780,110234624.000
2011-11-23,7.41,7.59,7.30,7.36,16428098,122507832.000
2011-11-24,7.29,7.66,7.26,7.59,19317933,145158736.000
2011-11-25,7.58,7.73,7.48,7.58,14342619,108722384.000
2011-11-28,7.60,7.68,7.33,7.44,13781857,103144584.000
2011-11-29,7.50,8.17,7.43,7.83,41469022,325202272.000
2011-11-30,7.72,7.93,7.47,7.70,30242653,233192352.000
2011-12-01,7.91,8.20,7.80,7.82,41690819,332910784.000
2011-12-02,7.72,8.03,7.68,7.82,23175559,182170192.000
2011-12-05,7.86,7.89,7.12,7.17,32355259,238860400.000
2011-12-06,7.20,7.32,7.05,7.25,14827191,106967072.000
2011-12-07,7.25,7.34,7.19,7.32,9016625,65504504.000
2011-12-08,7.37,7.55,7.28,7.45,15357109,113967592.000
2011-12-09,7.34,7.48,7.17,7.28,13857551,101173800.000
2011-12-12,7.17,7.31,6.98,7.02,13626031,97076224.000
2011-12-13,6.91,6.93,6.38,6.41,21176366,138860848.000
2011-12-14,6.31,6.49,6.21,6.26,10985280,69884376.000
2011-12-15,6.23,6.31,6.13,6.25,8774652,54617120.000
2011-12-16,6.24,6.46,6.22,6.45,9088570,57650464.000
2011-12-19,6.35,6.43,6.16,6.41,8920212,56230792.000
2011-12-20,6.38,6.50,6.23,6.27,11497070,73060096.000
2011-12-21,6.34,6.35,5.75,5.79,16615957,100541096.000
2011-12-22,5.74,5.74,5.41,5.57,13889163,77143400.000
2011-12-23,5.53,5.69,5.49,5.60,10165612,57037008.000
2011-12-26,5.59,5.73,5.56,5.57,6304791,35529336.000
2011-12-27,5.57,5.61,5.23,5.24,10092140,54038792.000
2011-12-28,5.20,5.37,5.18,5.32,7030417,37079568.000
2011-12-29,5.33,5.56,5.32,5.45,8612922,47185884.000
2011-12-30,5.47,5.51,5.39,5.48,6922226,37819756.000
2012-01-04,5.54,5.54,5.21,5.22,6972703,37543316.000
2012-01-05,5.20,5.36,5.12,5.18,6110307,31998324.000
2012-01-06,5.16,5.25,4.98,5.20,6912507,35392440.000
2012-01-09,5.20,5.50,5.08,5.46,8579206,46055024.000
2012-01-10,5.48,5.70,5.42,5.69,11904451,66687488.000
2012-01-11,5.70,5.71,5.57,5.63,8696627,49006192.000
2012-01-12,5.64,5.73,5.54,5.59,6907948,38902960.000
2012-01-13,5.60,5.65,5.31,5.34,7806633,42431768.000
2012-01-16,5.28,5.41,5.25,5.28,4837989,25715332.000
2012-01-17,5.29,5.67,5.25,5.66,9024214,49627564.000
2012-01-18,5.66,5.75,5.52,5.55,7355817,41418216.000
2012-01-19,5.51,5.69,5.51,5.65,5012818,28127942.000
2012-01-20,5.65,5.73,5.61,5.64,4977440,28248096.000
2012-01-30,5.66,5.68,5.45,5.47,5988135,33300112.000
2012-01-31,5.46,5.55,5.40,5.54,4258393,23291352.000
2012-02-01,5.52,5.58,5.36,5.39,4793652,26148302.000
2012-02-02,5.39,5.51,5.37,5.49,4851218,26391542.000
2012-02-03,5.47,5.69,5.47,5.62,8727483,48773788.000
2012-02-06,5.60,5.83,5.57,5.76,11362117,64922312.000
2012-02-07,5.72,5.72,5.57,5.59,6687849,37643012.000
2012-02-08,5.56,5.80,5.50,5.76,7597969,43264236.000
2012-02-09,5.75,5.89,5.72,5.84,12158848,70752104.000
2012-02-10,5.81,5.90,5.76,5.83,8097029,47171236.000
2012-02-13,5.78,5.92,5.70,5.91,10023608,58622024.000
2012-02-14,5.94,6.08,5.83,5.94,11668023,69437528.000
2012-02-15,5.90,6.15,5.87,6.11,12432166,75314256.000
2012-02-16,6.11,6.18,6.05,6.17,12036325,73726168.000
2012-02-17,6.16,6.22,5.97,6.21,12160104,74283368.000
2012-02-20,6.30,6.38,6.17,6.30,11861917,74069368.000
2012-02-21,6.28,6.60,6.25,6.49,19981774,128759496.000
2012-02-22,6.51,7.14,6.51,6.94,40645302,280528480.000
2012-02-23,7.01,7.19,6.92,7.08,32004379,225486128.000
2012-02-24,7.10,7.34,6.98,7.24,28450444,204494128.000
2012-02-27,7.22,7.33,7.11,7.18,24398418,176174304.000
2012-02-28,7.14,7.43,7.12,7.13,25670180,186584928.000
2012-02-29,7.10,7.76,6.95,7.50,40828950,302865376.000
2012-03-01,7.45,7.79,7.45,7.57,25184204,192100624.000
2012-03-02,7.53,7.67,7.40,7.64,19824167,149590784.000
2012-03-05,7.64,8.18,7.64,7.99,29447812,235095840.000
2012-03-06,8.03,8.13,7.84,8.09,21281639,170218160.000
2012-03-07,7.99,8.40,7.60,7.63,41466001,330696896.000
2012-03-08,7.66,8.17,7.59,8.15,38361413,304137984.000
2012-03-09,8.18,8.35,8.02,8.31,30772791,252455344.000
2012-03-12,8.34,8.69,8.11,8.30,34115861,285033120.000
2012-03-13,8.27,8.38,8.08,8.22,21292017,175120320.000
2012-03-14,8.17,8.99,8.17,8.40,57303839,491703616.000
2012-03-15,8.48,8.60,8.11,8.36,33120327,278866688.000
2012-03-16,8.30,9.20,8.30,9.20,62092865,552235392.000
2012-03-19,9.37,9.72,9.23,9.36,57563901,542298368.000
2012-03-20,9.30,9.42,8.99,9.13,31887920,291556768.000
2012-03-21,9.14,9.23,8.65,8.96,35656226,317476480.000
2012-03-22,8.95,9.23,8.83,8.91,29244551,264406256.000
2012-03-23,8.84,8.85,8.31,8.43,32908907,282388416.000
2012-03-26,8.45,8.78,8.41,8.74,21106906,181082080.000
2012-03-27,8.74,8.77,8.32,8.35,18758438,160874448.000
2012-03-28,8.30,8.55,8.20,8.42,26169372,218898432.000
2012-03-29,8.39,8.55,8.23,8.29,20381848,170915408.000
2012-03-30,8.28,8.34,7.77,7.84,34340098,274119552.000
2012-04-05,7.95,8.62,7.88,8.62,25726999,215144128.000
2012-04-06,9.23,9.48,9.01,9.48,55235925,512368736.000
2012-04-09,9.60,9.72,9.05,9.16,85528643,809677056.000
2012-04-10,9.02,9.23,8.72,9.16,65184853,583945856.000
2012-04-11,8.99,9.90,8.88,9.45,76155311,715082048.000
2012-04-12,9.30,9.51,9.02,9.47,47276332,439442688.000
2012-04-13,9.46,9.99,9.31,9.61,54142979,525260480.000
2012-04-16,9.50,9.55,9.21,9.28,44574105,417038688.000
2012-04-17,9.30,10.21,9.15,9.90,103078904,1014601600.000
2012-04-18,9.69,10.13,9.58,10.06,75716843,745806272.000
2012-04-19,9.97,10.06,9.55,9.71,56218647,548695744.000
2012-04-20,9.66,9.95,9.55,9.73,50524957,492863872.000
2012-04-23,9.73,9.81,9.15,9.31,40753197,383451008.000
2012-04-24,9.20,9.57,9.12,9.48,30608808,286093312.000
2012-04-25,9.41,9.56,9.26,9.40,28455389,268088096.000
2012-04-26,9.41,9.85,9.31,9.65,43548017,421627264.000
2012-04-27,9.64,10.17,9.56,9.80,51843797,513489856.000
2012-05-02,10.01,10.78,9.80,10.78,72374800,759216384.000
2012-05-03,10.80,11.56,10.65,11.20,83144875,922225664.000
2012-05-04,11.04,11.51,10.97,11.39,43786031,490518464.000
2012-05-07,11.30,11.85,11.24,11.46,51585663,596215808.000
2012-05-08,11.47,11.84,11.13,11.56,54566786,625238656.000
2012-05-09,11.38,11.53,11.14,11.30,41295367,466899968.000
2012-05-10,11.33,12.28,11.22,12.24,52811683,619238016.000
2012-05-11,12.10,12.53,12.00,12.01,49119472,600342464.000
2012-05-14,12.08,12.17,11.62,11.86,38554252,458780192.000
2012-05-15,11.71,12.12,11.61,11.90,32079431,379824448.000
2012-05-16,11.80,12.05,11.49,11.69,34317708,402630592.000
2012-05-17,11.71,11.80,11.23,11.49,35239671,405829888.000
2012-05-18,11.34,11.73,11.16,11.26,31702934,364048288.000
2012-05-21,11.39,12.39,11.31,12.17,66749137,802446080.000
2012-05-22,12.15,12.59,12.08,12.43,46896505,578077056.000
2012-05-23,12.35,12.76,12.20,12.47,47661541,594201664.000
2012-05-24,12.30,12.58,11.70,11.81,47947830,583336384.000
2012-05-25,11.75,11.87,11.40,11.56,29915993,347678080.000
2012-05-28,11.56,11.99,11.30,11.93,30986193,363504832.000
2012-05-29,11.85,12.06,11.68,11.93,30429061,361172704.000
2012-05-30,11.90,12.31,11.79,11.90,28323147,340190144.000
2012-05-31,11.99,12.49,11.80,12.29,39795282,486300096.000
2012-06-01,12.27,12.44,12.09,12.20,29724875,364035360.000
2012-06-04,11.87,12.01,11.45,11.47,31464708,370039040.000
2012-06-05,11.56,11.66,11.37,11.54,20348839,233842880.000
2012-06-06,11.60,11.66,11.01,11.11,32965655,369593280.000
2012-06-07,11.36,11.49,11.02,11.06,25658289,288567008.000
2012-06-11,11.01,11.30,10.74,11.19,25628441,283066592.000
2012-06-12,11.09,11.25,10.92,11.18,16454948,182525200.000
2012-06-13,11.18,11.76,11.16,11.72,31847280,367212672.000
2012-06-14,11.65,12.04,11.59,11.61,33333879,393275264.000
2012-06-15,11.65,11.78,11.46,11.67,17091840,198411232.000
2012-06-18,11.65,12.00,11.53,11.98,28186793,333833312.000
2012-06-19,11.90,11.95,11.53,11.58,19812827,232897184.000
2012-06-20,11.60,11.75,11.20,11.23,18824764,216042720.000
2012-06-21,11.18,11.25,10.96,11.10,17434767,193110192.000
2012-06-25,11.04,11.18,10.75,10.77,13566467,148806608.000
2012-06-26,10.69,10.90,10.44,10.80,15251416,162827168.000
2012-06-27,10.76,11.13,10.76,10.84,16210156,177673968.000
2012-06-28,10.95,11.39,10.85,10.95,23926205,266449104.000
2012-06-29,10.89,11.69,10.89,11.66,29799183,338819008.000
2012-07-02,11.75,12.83,11.75,12.26,60531956,748370304.000
2012-07-03,12.15,12.67,12.13,12.46,35025030,434067296.000
2012-07-04,12.43,12.70,12.23,12.51,29167799,363208608.000
2012-07-05,12.42,12.46,11.80,12.14,31715799,383967424.000
2012-07-06,12.20,13.26,12.06,13.11,56533262,720910784.000
2012-07-09,13.34,13.74,12.79,12.91,67266810,893640896.000
2012-07-10,13.20,14.20,13.12,13.70,76854021,1063618304.000
2012-07-11,13.40,14.25,13.25,14.21,49246616,677823424.000
2012-07-12,14.10,14.96,14.03,14.30,65686366,947768320.000
2012-07-13,14.14,14.45,13.93,14.26,35109526,499098464.000
2012-07-16,14.19,14.82,14.13,14.27,41386641,599277760.000
2012-07-17,14.00,14.22,13.60,14.04,31881775,443341984.000
2012-07-18,13.86,14.62,13.82,14.57,40916774,584370368.000
2012-07-19,14.50,14.89,14.31,14.59,32690112,477294656.000
2012-07-20,14.58,14.74,13.60,13.70,37061357,524266624.000
2012-07-23,13.52,13.99,13.20,13.88,29145519,395833856.000
2012-07-24,14.02,14.48,13.71,13.86,34226537,482610080.000
2012-07-25,13.82,14.04,13.48,13.59,21253357,292016480.000
2012-07-26,13.67,13.93,13.10,13.20,28866689,391378400.000
2012-07-27,13.30,13.61,12.91,13.59,28722857,379626752.000
2012-07-30,13.57,13.76,13.16,13.68,25741196,346862080.000
2012-07-31,13.50,13.61,12.51,12.57,31607378,414594432.000
2012-08-01,12.58,13.03,12.54,12.86,28726906,367923168.000
2012-08-02,12.80,13.06,12.62,12.72,22155601,283875616.000
2012-08-03,12.80,13.24,12.65,13.21,24971666,322560768.000
2012-08-06,13.01,13.58,12.98,13.48,25410071,337094272.000
2012-08-07,13.41,13.95,13.33,13.65,27209827,373168128.000
2012-08-08,13.61,13.77,13.27,13.31,20259583,272391808.000
2012-08-09,13.25,14.64,13.15,14.48,60806739,854895808.000
2012-08-10,14.35,14.56,13.95,14.17,33280486,472524544.000
2012-08-13,14.08,14.63,13.97,13.99,25557398,365398560.000
2012-08-14,13.90,14.16,13.53,13.98,24583086,339766496.000
2012-08-15,13.81,13.94,13.50,13.51,16488178,226329792.000
2012-08-16,13.50,13.65,12.80,12.98,27439962,360314656.000
2012-08-17,12.99,13.34,12.71,13.29,15877951,206241472.000
2012-08-20,13.05,13.43,12.99,13.31,13833302,183198048.000
2012-08-21,13.26,13.65,13.22,13.51,15699920,212214432.000
2012-08-22,13.56,13.62,12.95,13.10,18681664,246023520.000
2012-08-23,13.04,13.23,12.81,13.09,13584752,176961216.000
2012-08-24,12.98,13.04,12.70,12.71,13675568,175896752.000
2012-08-27,12.64,12.64,12.03,12.13,17351194,214298992.000
2012-08-28,12.10,12.44,12.07,12.25,12629506,155063232.000
2012-08-29,12.20,12.43,12.15,12.19,9380523,115448496.000
2012-08-30,12.18,12.30,11.21,11.62,24884631,290809312.000
2012-08-31,11.66,11.82,11.55,11.74,9346385,109575264.000
2012-09-03,11.68,12.62,11.67,12.40,20486343,251900768.000
2012-09-04,12.59,12.64,12.24,12.37,15568425,193115424.000
2012-09-05,12.30,12.40,12.13,12.22,9428152,115413248.000
2012-09-06,12.28,12.46,12.17,12.38,8032718,98834816.000
2012-09-07,12.49,13.05,12.38,12.73,22265550,283729856.000
2012-09-10,12.65,12.84,12.39,12.51,20120387,252976928.000
2012-09-11,12.41,12.41,12.08,12.22,16210872,197920832.000
2012-09-12,12.31,12.47,12.17,12.40,12715615,156698704.000
2012-09-13,12.36,12.43,11.80,11.82,15212547,184029024.000
2012-09-14,11.95,11.99,11.53,11.73,16509929,193760784.000
2012-09-17,11.79,11.92,11.50,11.51,9681446,113259232.000
2012-09-18,11.40,11.74,11.39,11.58,8708725,100840376.000
2012-09-19,11.60,11.71,11.39,11.53,8711860,100404736.000
2012-09-20,11.53,11.53,10.61,10.73,21899655,241203872.000
2012-09-21,10.68,10.83,10.39,10.59,15001582,159916336.000
2012-09-24,10.47,10.95,10.43,10.80,12949450,139192624.000
2012-09-25,10.75,11.04,10.54,10.72,11765177,127103840.000
2012-09-26,10.65,10.78,10.16,10.33,11827543,123220600.000
2012-09-27,10.36,10.84,10.26,10.74,14461105,153391008.000
2012-09-28,10.70,11.42,10.62,11.23,20019736,221431488.000
2012-10-08,11.13,11.26,10.87,11.15,14902859,164675056.000
2012-10-09,11.14,11.48,11.11,11.43,16803313,190192768.000
2012-10-10,11.00,11.43,10.80,11.38,37695282,418975360.000
2012-10-11,11.28,11.28,10.98,10.99,14863265,165241680.000
2012-10-12,11.08,11.13,10.74,10.88,11166805,122154024.000
2012-10-15,10.86,11.18,10.83,11.02,11565762,127550136.000
2012-10-16,11.10,11.96,11.04,11.54,35601629,410222176.000
2012-10-17,11.48,11.60,11.24,11.46,18449461,210857632.000
2012-10-18,11.46,11.93,11.41,11.70,25054455,294188192.000
2012-10-19,11.60,11.76,11.33,11.38,23128217,265660640.000
2012-10-22,11.32,11.34,11.03,11.25,15230624,170094496.000
2012-10-23,11.27,11.33,11.10,11.12,10328672,115685880.000
2012-10-24,11.02,11.23,11.00,11.03,7598744,84377480.000
2012-10-25,11.10,11.16,10.37,10.43,21857763,232795312.000
2012-10-26,10.46,10.58,10.24,10.33,8492354,88107616.000
2012-10-29,10.35,10.36,9.88,10.07,11349056,114521784.000
2012-10-30,10.13,10.23,10.00,10.12,6679755,67734600.000
2012-10-31,10.12,10.20,9.95,10.08,7882517,79305880.000
2012-11-01,10.09,10.39,10.03,10.33,19306527,197150992.000
2012-11-02,10.30,10.76,10.21,10.63,22959624,242025904.000
2012-11-05,10.59,10.59,10.30,10.31,13428209,139955664.000
2012-11-06,10.34,10.36,10.01,10.23,10546820,106897528.000
2012-11-07,10.20,10.54,10.06,10.51,12446041,128442832.000
2012-11-08,10.35,10.57,10.18,10.18,12439309,129263696.000
2012-11-09,10.16,10.24,9.97,10.14,8904080,90127688.000
2012-11-12,10.10,10.21,10.00,10.09,6108520,61629368.000
2012-11-13,10.12,10.14,9.49,9.53,12302280,119832120.000
2012-11-14,9.45,9.48,9.19,9.40,10156332,94803184.000
2012-11-15,9.30,9.38,8.95,8.96,9597527,87874008.000
2012-11-16,8.96,9.00,8.64,8.75,10302656,90688344.000
2012-11-19,8.71,8.80,8.09,8.62,21693464,183147760.000
2012-11-20,8.55,8.63,8.39,8.42,10610882,90288464.000
2012-11-21,8.41,8.56,8.15,8.52,11430126,95713576.000
2012-11-22,8.20,8.35,8.11,8.23,14852995,122246312.000
2012-11-23,8.29,9.05,8.29,9.05,24877217,219911216.000
2012-11-26,9.18,9.23,8.73,8.79,21150644,188125824.000
2012-11-27,8.85,9.02,8.73,8.78,19291950,171055568.000
2012-11-28,8.58,8.91,8.27,8.89,17792255,154211632.000
2012-11-29,8.76,8.96,8.00,8.00,20053154,170154832.000
2012-11-30,7.92,7.99,7.55,7.86,17139958,133774512.000
2012-12-03,7.82,8.00,7.20,7.29,16398860,123888368.000
2012-12-04,7.17,7.74,7.16,7.59,17803304,132763320.000
2012-12-05,7.48,8.08,7.42,7.74,22533908,174523056.000
2012-12-06,7.75,7.99,7.62,7.89,17108180,133893376.000
2012-12-07,7.93,8.27,7.85,8.13,19160618,154325952.000
2012-12-10,7.95,8.38,7.81,8.29,26407810,213669776.000
2012-12-11,8.19,8.37,8.12,8.13,17058926,140453008.000
2012-12-12,8.17,8.23,7.94,8.19,16196108,130745016.000
2012-12-13,8.15,8.21,7.91,7.93,10528210,84915152.000
2012-12-14,7.77,8.26,7.66,8.21,26838285,215958064.000
2012-12-17,8.23,8.79,8.17,8.57,32157423,273039808.000
2012-12-18,8.47,8.75,8.38,8.46,20620333,175776128.000
2012-12-19,8.40,9.30,8.36,9.05,42476093,381920576.000
2012-12-20,8.92,9.06,8.75,8.98,23474423,208704624.000
2012-12-21,9.00,9.06,8.78,8.89,14736392,130776752.000
2012-12-24,8.82,8.92,8.65,8.76,12693059,111016880.000
2012-12-25,8.73,9.13,8.69,9.02,20535660,185092688.000
2012-12-26,9.01,9.29,8.95,9.14,18722549,170496192.000
2012-12-27,9.12,9.44,8.96,9.11,26183286,240224656.000
2012-12-28,9.14,9.32,9.06,9.17,17101269,157186160.000
2012-12-31,9.16,9.29,9.06,9.21,16044990,147092528.000
2013-01-04,9.35,9.57,9.15,9.51,25273090,237323424.000
2013-01-07,9.45,9.67,9.36,9.66,17394961,166144384.000
2013-01-08,9.98,10.18,9.70,9.87,28104388,279358656.000
2013-01-09,9.85,10.40,9.76,10.21,28040307,285698080.000
2013-01-10,10.24,10.30,10.03,10.15,14116015,143511568.000
2013-01-11,10.14,10.20,9.62,9.72,19720679,195288592.000
2013-01-14,9.72,10.03,9.50,9.94,20337677,199203360.000
2013-01-15,9.90,10.10,9.85,10.03,17933570,179121760.000
2013-01-16,9.96,10.03,9.57,9.75,19069417,186578784.000
2013-01-17,9.67,9.89,9.63,9.75,11044064,107745936.000
2013-01-18,9.68,9.85,9.53,9.82,15582353,151478672.000
2013-01-21,9.82,9.88,9.61,9.74,11731527,114462056.000
2013-01-22,9.70,9.73,9.38,9.51,14745710,140742592.000
2013-01-23,9.40,9.94,9.38,9.91,19887439,191857664.000
2013-01-24,9.81,9.92,9.40,9.48,16938456,164208928.000
2013-01-25,9.41,9.53,9.22,9.29,9178749,85790152.000
2013-01-28,9.31,9.38,9.00,9.23,19470889,178317232.000
2013-01-29,9.08,9.38,8.86,9.28,23426366,214814656.000
2013-01-30,9.20,9.46,9.17,9.37,17528739,163491072.000
2013-01-31,9.38,9.38,9.00,9.08,14717094,134638176.000
2013-02-01,9.10,9.28,9.01,9.18,17267577,157650736.000
2013-02-04,9.13,9.23,8.96,9.01,15860408,143664752.000
2013-02-05,8.98,9.21,8.82,9.18,16371979,147972880.000
2013-02-06,9.16,9.22,9.04,9.09,11326402,103187912.000
2013-02-07,9.10,9.18,8.99,9.14,10194074,92823488.000
2013-02-08,9.12,9.33,9.10,9.28,12957850,119529736.000
2013-02-18,9.28,9.30,9.08,9.14,14462376,132424616.000
2013-02-19,9.14,9.46,9.12,9.39,28494633,265501744.000
2013-02-20,9.34,9.56,9.22,9.52,22104651,208399280.000
2013-02-21,9.50,9.85,9.38,9.69,38021418,368234112.000
2013-02-22,9.64,10.17,9.63,9.99,45274516,450614272.000
2013-02-25,10.01,10.09,9.71,9.89,24901364,245312128.000
2013-02-26,9.84,10.04,9.40,9.42,28316191,275867712.000
2013-02-27,9.39,9.49,9.11,9.22,18534070,171920224.000
2013-02-28,9.24,9.38,9.10,9.37,14524515,134552384.000
2013-03-01,9.38,9.40,9.18,9.29,16686216,154747280.000
2013-03-04,9.30,9.45,9.00,9.10,20754399,192195792.000
2013-03-05,9.07,9.27,9.05,9.23,12780801,117494968.000
2013-03-06,9.25,9.60,9.16,9.58,25350423,238450576.000
2013-03-07,9.52,9.83,9.33,9.46,23893638,229495616.000
2013-03-08,9.52,9.63,9.34,9.43,11943867,113123136.000
2013-03-11,9.45,9.46,9.27,9.30,8810684,82330608.000
2013-03-12,9.28,9.40,8.75,8.85,16513653,149202400.000
2013-03-13,8.85,8.91,8.55,8.66,9539302,83243960.000
2013-03-14,8.63,8.73,8.58,8.62,6826405,59015940.000
2013-03-15,8.65,8.73,8.36,8.53,8568347,73207472.000
2013-03-18,8.54,8.62,8.37,8.39,7470109,63550224.000
2013-03-19,8.47,8.48,8.07,8.26,7998582,65858752.000
2013-03-20,8.26,8.58,8.25,8.58,8966054,75861344.000
2013-03-21,8.58,8.71,8.53,8.68,10078192,87070272.000
2013-03-22,8.68,8.70,8.57,8.68,6637179,57336444.000
2013-03-25,8.69,8.70,8.50,8.64,7886749,67838216.000
2013-03-26,8.63,8.80,8.45,8.70,9770620,84019376.000
2013-03-27,8.69,8.76,8.49,8.53,10186866,87676976.000
2013-03-28,8.48,8.48,7.99,8.04,11618344,95109336.000
2013-03-29,8.05,8.10,7.85,7.96,7502460,59949328.000
2013-04-01,8.02,8.03,7.75,7.88,10258884,80753184.000
2013-04-02,7.87,7.92,7.75,7.79,9094044,71232088.000
2013-04-03,7.79,7.88,7.67,7.81,6762748,52588336.000
2013-04-08,7.75,7.95,7.55,7.91,7918216,61362564.000
2013-04-09,7.90,8.03,7.86,7.94,7360907,58579192.000
2013-04-10,7.95,8.25,7.84,8.11,18157229,146824016.000
2013-04-11,8.06,8.13,7.92,7.93,8837056,71038944.000
2013-04-12,7.92,8.10,7.89,7.95,6716941,53677660.000
2013-04-15,8.00,8.11,7.91,7.94,6297456,50364240.000
2013-04-16,7.82,7.96,7.68,7.94,5985716,46873780.000
2013-04-17,7.94,8.06,7.93,8.01,5357301,42840760.000
2013-04-18,7.95,8.03,7.90,7.92,4457259,35448400.000
2013-04-19,7.95,8.22,7.93,8.12,10021682,81027312.000
2013-04-22,8.06,8.10,7.94,8.00,7266075,58114560.000
2013-04-23,8.00,8.02,7.73,7.75,7896678,62417648.000
2013-04-24,7.66,7.85,7.52,7.79,13728009,105327080.000
2013-04-25,7.57,7.57,7.19,7.25,18420128,136555808.000
2013-04-26,7.32,7.45,7.22,7.33,7469692,54736168.000
2013-05-02,7.34,7.39,7.27,7.30,4279834,31362592.000
2013-05-03,7.33,7.44,7.32,7.40,6762623,50064592.000
2013-05-06,7.45,7.52,7.39,7.51,6904563,51508192.000
2013-05-07,7.50,7.68,7.44,7.63,10281251,77781488.000
2013-05-08,7.64,7.66,7.48,7.55,9421238,71061768.000
2013-05-09,7.54,7.67,7.47,7.55,9270870,70109368.000
2013-05-10,7.54,7.62,7.45,7.59,9096490,68657888.000
2013-05-13,7.60,7.66,7.52,7.62,7691245,58413444.000
2013-05-14,7.60,7.60,7.41,7.43,6980467,52183176.000
2013-05-15,7.46,7.52,7.42,7.46,4398546,32786092.000
2013-05-16,7.48,7.68,7.36,7.64,14014622,105746240.000
2013-05-17,7.62,7.80,7.58,7.79,15280338,117841960.000
2013-05-20,7.79,7.90,7.73,7.90,14785284,115920296.000
2013-05-21,7.90,7.94,7.84,7.87,10628905,83614400.000
2013-05-22,7.87,8.03,7.87,7.95,12925919,102872824.000
2013-05-23,7.93,8.03,7.81,7.85,10594394,84220616.000
2013-05-24,7.88,8.45,7.75,8.30,33597624,274001568.000
2013-05-27,8.21,8.43,8.18,8.26,18560433,153507168.000
2013-05-28,8.23,8.33,8.19,8.29,10951958,90435944.000
2013-05-29,8.29,8.49,8.27,8.34,14889599,124776792.000
2013-05-30,8.32,8.32,8.19,8.21,11366593,93527728.000
2013-05-31,8.17,8.32,8.17,8.24,11170471,92127584.000
2013-06-03,8.39,8.48,8.24,8.34,13383146,111710544.000
2013-06-04,8.45,9.16,8.41,8.91,59001358,523559808.000
2013-06-05,8.88,8.98,8.66,8.92,26979529,237863808.000
2013-06-06,8.88,9.43,8.80,9.10,48051650,441512928.000
2013-06-07,9.15,9.30,8.95,9.23,33313666,305370016.000
2013-06-13,9.10,9.10,8.35,8.55,27029607,235748512.000
2013-06-14,8.54,8.83,8.39,8.69,22112922,191124560.000
2013-06-17,8.71,8.76,8.30,8.31,20361199,172059744.000
2013-06-18,8.28,8.43,8.16,8.38,12407786,102877936.000
2013-06-19,8.30,8.56,8.11,8.52,17757819,147651696.000
2013-06-20,8.40,8.42,8.10,8.16,13490263,111766784.000
2013-06-21,7.93,7.95,7.58,7.65,15806748,122790368.000
2013-06-24,7.69,7.70,6.95,6.96,15359228,111743640.000
2013-06-25,6.87,6.91,6.26,6.68,20193834,132937448.000
2013-06-26,6.69,6.88,6.57,6.80,9900474,66900752.000
2013-06-27,6.78,6.99,6.51,6.57,11952189,81098496.000
2013-06-28,6.50,6.88,6.50,6.80,11372607,76774528.000
2013-07-01,6.79,6.97,6.66,6.89,7054663,48037904.000
2013-07-02,6.89,7.15,6.81,7.09,11609211,81396520.000
2013-07-03,7.01,7.05,6.81,6.97,9483635,65758844.000
2013-07-04,6.80,7.12,6.72,7.01,11214942,78119480.000
2013-07-05,7.05,7.13,6.93,7.03,8949744,63044464.000
2013-07-08,6.87,7.20,6.52,6.80,13129862,89564056.000
2013-07-09,6.75,7.10,6.68,7.00,9784986,67265856.000
2013-07-10,6.98,7.23,6.92,7.19,16907767,119882736.000
2013-07-11,7.15,7.45,7.12,7.29,16561719,121001000.000
2013-07-12,7.25,7.33,7.05,7.06,10955911,78628968.000
数据来源:通达信
