600967 北方创业 日线
      日期	    开盘	    最高	    最低	    收盘	    成交量	    成交额
2007-01-11,3.25,3.57,3.23,3.57,12330809,90361744.000
2007-01-12,3.56,3.72,3.24,3.31,9719681,73155096.000
2007-01-15,3.34,3.45,3.28,3.43,5745318,41996076.000
2007-01-16,3.45,3.81,3.45,3.77,10495745,83627240.000
2007-01-17,3.88,4.17,3.73,4.00,10713781,90047664.000
2007-01-18,4.22,4.22,3.77,4.09,6338077,53429800.000
2007-01-19,4.20,4.30,4.03,4.11,8451622,74781224.000
2007-01-22,4.13,4.39,4.09,4.27,11079388,99158080.000
2007-01-23,4.30,4.60,4.25,4.57,11211950,105697264.000
2007-01-24,4.63,4.81,4.51,4.55,9931665,98041264.000
2007-01-25,4.52,4.52,4.07,4.08,6968824,63195880.000
2007-01-26,4.00,4.11,3.73,4.03,5539479,46652984.000
2007-01-29,4.13,4.22,4.00,4.22,4583678,40362152.000
2007-01-30,4.22,4.41,4.07,4.14,4384644,39796276.000
2007-01-31,4.08,4.14,3.75,3.79,4149469,35050928.000
2007-02-01,3.77,3.88,3.69,3.86,3004528,24521412.000
2007-02-02,3.86,3.97,3.77,3.90,2478239,20491348.000
2007-02-05,3.83,4.03,3.83,3.98,2457553,20933112.000
2007-02-06,3.98,4.15,3.98,4.13,2268074,19741318.000
2007-02-07,4.20,4.30,4.13,4.24,4263411,38285448.000
2007-02-12,4.27,4.63,4.27,4.56,5391785,50907048.000
2007-02-13,4.57,4.66,4.38,4.65,4515794,43230160.000
2007-02-14,4.54,4.75,4.54,4.61,3053802,29938492.000
2007-02-15,4.68,4.78,4.58,4.77,4265320,42538632.000
2007-02-16,4.77,4.90,4.70,4.74,3353779,34029796.000
2007-02-26,4.74,4.87,4.32,4.73,4595772,45690652.000
2007-02-27,4.88,5.23,4.58,4.61,10847730,114968328.000
2007-02-28,4.59,5.10,4.58,5.10,7757305,80148680.000
2007-03-01,5.10,5.13,4.72,4.82,5349555,55083984.000
2007-03-02,4.92,5.17,4.85,5.11,5796374,61802524.000
2007-03-05,5.07,5.17,4.73,5.11,5844663,61552188.000
2007-03-06,5.06,5.46,4.90,5.27,8091805,89256808.000
2007-03-07,5.27,5.36,5.14,5.31,4366507,48226372.000
2007-03-08,5.32,5.41,5.16,5.27,3467527,38272848.000
2007-03-09,5.23,5.32,5.02,5.25,5939268,64548744.000
2007-03-12,5.50,5.76,5.49,5.65,11495344,135313456.000
2007-03-13,5.63,5.75,5.56,5.63,4316620,51263192.000
2007-03-14,5.63,5.70,5.26,5.52,4483438,52070768.000
2007-03-15,5.55,5.63,5.50,5.54,3323973,38746944.000
2007-03-16,5.54,5.72,5.13,5.21,6066039,69130944.000
2007-03-19,4.97,5.27,4.88,5.13,3830774,41314292.000
2007-03-20,5.13,5.30,5.05,5.26,3288126,35864572.000
2007-03-21,5.27,5.27,5.15,5.27,3457482,37903976.000
2007-03-22,5.30,5.36,5.23,5.24,4393725,48959276.000
2007-03-23,5.22,5.24,5.00,5.16,3516094,38087132.000
2007-03-26,5.13,5.45,5.13,5.44,3993397,44739320.000
2007-03-27,5.45,5.52,5.40,5.44,4094901,46879932.000
2007-03-28,5.45,5.56,5.08,5.50,5206340,58825916.000
2007-03-29,5.49,5.56,5.13,5.13,3578690,39891144.000
2007-03-30,5.12,5.13,4.99,5.03,2684633,28609020.000
2007-04-02,5.03,5.19,5.00,5.13,2159581,23093738.000
2007-04-03,5.15,5.16,5.07,5.14,2653595,28620714.000
2007-04-04,5.14,5.35,5.13,5.22,3796223,41820912.000
2007-04-05,5.23,5.34,5.16,5.32,3440511,38063792.000
2007-04-06,5.27,5.57,5.23,5.55,5544211,63348804.000
2007-04-09,5.76,5.88,5.63,5.66,8686052,104708048.000
2007-04-10,5.67,5.98,5.67,5.89,6587593,80665096.000
2007-04-11,5.88,5.88,5.67,5.80,4461231,53807204.000
2007-04-12,5.80,5.82,5.67,5.79,5094038,61240876.000
2007-04-13,5.80,6.12,5.77,5.94,8271412,103107416.000
2007-04-16,6.07,6.25,6.02,6.22,7693714,99031160.000
2007-04-17,6.20,6.20,5.88,6.08,6153901,77824872.000
2007-04-18,6.08,6.31,5.90,6.28,7938852,101579248.000
2007-04-19,6.29,6.71,5.82,6.10,11862417,158170032.000
2007-04-20,6.21,6.47,6.20,6.38,6090262,80629584.000
2007-04-23,6.42,6.62,6.42,6.49,6228844,84599048.000
2007-04-24,6.52,6.55,6.23,6.32,7752121,102690264.000
2007-04-25,6.32,6.32,5.92,6.11,5618803,71357376.000
2007-04-26,6.11,6.19,6.01,6.15,3365985,42959432.000
2007-04-27,6.16,6.17,5.88,6.07,4241679,53337728.000
2007-04-30,6.00,6.15,5.94,6.07,3822872,48371276.000
2007-05-08,6.23,6.37,6.07,6.36,5881279,76860784.000
2007-05-09,6.38,6.47,6.05,6.25,4781840,63115236.000
2007-05-10,6.27,6.87,6.27,6.76,8535684,118347312.000
2007-05-11,6.71,6.83,6.47,6.81,5652358,78954464.000
2007-05-14,6.80,6.96,6.62,6.82,7461599,106606920.000
2007-05-15,6.80,6.80,6.36,6.37,5675174,77705688.000
2007-05-16,6.35,6.62,6.35,6.56,3886634,52749192.000
2007-05-17,6.55,6.81,6.45,6.72,4396361,60559880.000
2007-05-18,6.66,6.67,6.52,6.54,3856358,52908324.000
2007-05-21,6.06,6.80,6.06,6.76,6609063,90978008.000
2007-05-22,6.82,6.92,6.72,6.77,6403660,90643344.000
2007-05-23,6.82,7.02,6.61,7.02,8359027,118896544.000
2007-05-24,7.00,7.32,6.97,7.28,12995704,193206688.000
2007-05-25,7.17,7.45,7.02,7.31,8428893,127626656.000
2007-05-28,7.31,7.67,7.20,7.58,9157353,141452560.000
2007-05-29,7.55,7.75,7.52,7.71,8037529,127294200.000
2007-05-30,6.92,7.57,6.91,6.91,6573891,97034720.000
2007-05-31,6.52,6.83,6.19,6.22,6391990,84052464.000
2007-06-01,6.42,6.42,5.57,5.57,5517273,67243824.000
2007-06-04,5.57,5.67,4.99,4.99,4667263,50135240.000
2007-06-05,4.61,4.96,4.46,4.85,5754807,56206392.000
2007-06-06,4.86,5.01,4.57,4.91,4250218,43632332.000
2007-06-07,4.92,5.22,4.86,5.21,4534906,48343560.000
2007-06-08,5.22,5.38,5.17,5.20,4466812,49418904.000
2007-06-11,5.25,5.35,5.13,5.24,4159580,45741100.000
2007-06-12,5.25,5.34,4.85,5.34,5328463,57843732.000
2007-06-13,5.35,5.72,5.35,5.63,6010697,70329208.000
2007-06-14,5.63,5.65,5.38,5.40,4378230,50437972.000
2007-06-15,5.30,5.41,5.15,5.26,3452768,38319764.000
2007-06-18,5.40,5.55,5.32,5.45,3092458,35389528.000
2007-06-19,5.46,6.03,5.46,6.03,8215371,100133920.000
2007-06-20,6.10,6.14,5.63,5.67,6213031,77081080.000
2007-06-21,5.63,5.80,5.42,5.59,2739083,32120808.000
2007-06-22,5.59,5.70,5.02,5.11,3374033,37792652.000
2007-06-25,5.27,5.52,4.89,5.11,4254150,47302508.000
2007-06-26,5.05,5.07,4.72,4.95,2979683,30629032.000
2007-06-27,5.00,5.34,4.86,5.24,3442266,37427564.000
2007-06-28,5.27,5.27,4.72,4.75,3021971,31701844.000
2007-06-29,4.61,4.73,4.40,4.48,2303065,22235394.000
2007-07-03,4.71,4.76,4.55,4.75,1886713,18646186.000
2007-07-04,4.76,4.76,4.47,4.48,1361070,13213194.000
2007-07-05,4.48,4.48,4.01,4.01,2479519,21808910.000
2007-07-06,3.83,4.27,3.83,4.21,2236060,19556004.000
2007-07-09,4.21,4.32,4.13,4.30,3786965,34050564.000
2007-07-10,4.27,4.29,4.03,4.06,1799682,15849811.000
2007-07-11,4.02,4.21,4.01,4.14,1383689,12272528.000
2007-07-12,4.14,4.25,4.14,4.20,1153973,10302444.000
2007-07-13,4.22,4.25,4.07,4.15,1396851,12344372.000
2007-07-16,4.18,4.27,4.13,4.14,1569433,14042882.000
2007-07-17,4.13,4.23,4.07,4.21,985642,8770838.000
2007-07-18,4.22,4.37,4.17,4.26,1905634,17371500.000
2007-07-19,4.26,4.34,4.20,4.29,1058241,9651330.000
2007-07-20,4.30,4.45,4.25,4.42,2328845,21643956.000
2007-07-23,4.40,4.64,4.40,4.64,2760345,26653044.000
2007-07-24,4.66,4.94,4.64,4.68,3140075,31724086.000
2007-07-25,4.68,4.85,4.63,4.84,2124085,21436812.000
2007-07-26,4.90,4.92,4.82,4.89,2225418,22923296.000
2007-07-27,4.82,5.02,4.81,4.98,2839076,29729600.000
2007-07-30,5.00,5.38,4.99,5.32,4984206,54965224.000
2007-07-31,5.27,5.42,5.22,5.37,4267421,47892936.000
2007-08-01,5.40,5.61,5.10,5.17,5975100,68334272.000
2007-08-02,5.22,5.55,5.22,5.47,5581704,63224744.000
2007-08-03,5.65,6.00,5.65,5.77,6897260,83896176.000
2007-08-06,5.77,5.90,5.63,5.81,3407778,41268668.000
2007-08-07,5.80,5.89,5.56,5.69,2962169,35593488.000
2007-08-08,5.65,5.85,5.55,5.71,2784065,33262040.000
2007-08-09,5.72,5.83,5.60,5.61,1979346,23667284.000
2007-08-10,5.70,5.70,5.07,5.27,2832716,31636700.000
2007-08-13,5.28,5.83,5.28,5.83,2536998,30227240.000
2007-08-14,6.12,6.43,5.95,6.31,13745840,178570448.000
2007-08-15,6.17,6.85,5.95,6.67,10711408,145133280.000
2007-08-17,7.32,7.32,6.00,6.31,5606554,75740464.000
2007-08-20,6.54,6.54,6.13,6.29,9290188,122102464.000
2007-08-21,6.33,6.55,6.11,6.50,6250314,82229272.000
2007-08-22,6.32,6.46,6.30,6.33,3923632,52068856.000
2007-08-23,6.42,6.99,6.20,6.99,12133876,171107728.000
2007-08-24,7.12,7.67,6.65,7.49,11602208,174121472.000
2007-08-27,7.52,7.64,7.12,7.27,5992840,90998536.000
2007-08-28,7.22,7.82,7.15,7.73,5801130,89891664.000
2007-08-29,7.67,7.97,7.46,7.56,4120173,65798816.000
2007-08-30,7.67,7.95,7.47,7.64,4394709,69981040.000
2007-08-31,7.71,7.86,7.56,7.84,4340266,69227688.000
2007-09-03,7.95,8.47,7.90,8.36,8386272,142680800.000
2007-09-04,8.40,8.65,7.97,7.98,6442106,110868384.000
2007-09-05,7.96,8.06,7.41,7.78,5725447,90821480.000
2007-09-06,7.72,8.02,7.52,7.62,4060134,65040204.000
2007-09-07,7.57,7.57,7.15,7.15,6890576,104107000.000
2007-09-10,7.15,7.78,7.06,7.66,4526558,70124272.000
2007-09-11,7.65,7.80,6.87,6.87,4691185,71550400.000
2007-09-12,6.87,7.22,6.52,7.00,4939286,70426408.000
2007-09-13,7.02,7.09,6.71,6.91,2337178,33253076.000
2007-09-14,6.92,7.31,6.88,7.11,2871488,42321656.000
2007-09-17,7.22,7.39,7.07,7.16,4375981,66037752.000
2007-09-18,7.15,7.70,6.92,7.59,5763517,86989800.000
2007-09-19,7.61,7.70,7.36,7.38,5156905,80740648.000
2007-09-20,7.35,7.57,7.23,7.52,4196882,64307460.000
2007-09-21,7.52,7.52,6.96,7.19,3178216,47318468.000
2007-09-24,7.15,7.17,6.83,6.89,2622576,37871128.000
2007-09-25,6.86,7.07,6.82,6.95,1681879,24309220.000
2007-09-26,6.97,7.05,6.64,6.72,1367299,19458888.000
2007-09-27,6.74,6.97,6.74,6.93,1319659,18922324.000
2007-09-28,7.07,7.45,6.99,7.36,3440769,51708992.000
2007-10-08,7.67,7.67,7.27,7.31,2528477,38790628.000
2007-10-09,7.27,7.30,7.02,7.20,1483502,21957846.000
2007-10-10,7.20,7.37,7.02,7.05,1942880,28980836.000
2007-10-11,7.07,7.37,7.02,7.18,2197927,32728436.000
2007-10-12,7.31,7.36,6.50,6.93,2958573,43348364.000
2007-10-15,6.90,6.90,6.48,6.68,2826488,38922944.000
2007-10-16,6.73,6.82,6.49,6.72,1690976,23463162.000
2007-10-17,6.77,6.90,6.68,6.71,1782555,25157924.000
2007-10-18,6.63,6.72,6.24,6.25,2026863,27189722.000
2007-10-19,6.41,6.42,6.12,6.17,1249281,16288478.000
2007-10-22,6.06,6.37,6.05,6.08,963488,12467533.000
2007-10-23,6.17,6.39,5.99,6.22,890783,11450818.000
2007-10-24,6.22,6.32,5.63,5.66,2001883,24691292.000
2007-10-25,5.67,5.67,5.07,5.07,2647330,28841586.000
2007-10-26,5.05,5.05,4.68,4.86,2109708,21701842.000
2007-10-29,5.00,5.13,4.72,5.09,1191653,12300172.000
2007-10-30,5.02,5.17,4.97,5.13,1241585,13280720.000
2007-10-31,5.35,5.66,5.20,5.66,3848245,44364048.000
2007-11-01,5.66,5.84,5.48,5.61,2704577,32102866.000
2007-11-02,5.59,6.20,5.48,6.20,5293807,67537552.000
2007-11-07,6.22,6.32,5.61,5.88,2549723,31707884.000
2007-11-09,5.57,5.57,5.26,5.42,1813389,20403012.000
2007-11-12,5.22,5.36,5.05,5.13,1454523,15866522.000
2007-11-13,5.22,5.52,5.14,5.35,1308906,14636217.000
2007-11-14,5.45,5.57,5.38,5.54,1167588,13505444.000
2007-11-15,5.52,5.61,5.27,5.31,1104288,12634037.000
2007-11-16,5.32,5.65,5.32,5.51,1635558,19042408.000
2007-11-19,5.56,5.82,5.38,5.69,1324812,15752594.000
2007-11-20,5.70,5.92,5.63,5.92,1963604,23840672.000
2007-11-21,5.98,6.07,5.73,5.74,1760314,21596044.000
2007-11-22,5.63,5.72,5.36,5.37,982906,11444786.000
2007-11-23,5.34,5.49,5.23,5.47,770306,8718439.000
2007-11-26,5.63,5.67,5.40,5.42,696168,8089417.000
2007-11-27,5.43,5.47,5.31,5.35,612538,6932308.000
2007-11-28,5.50,5.62,5.28,5.37,578099,6587363.000
2007-11-29,5.52,5.55,5.33,5.54,852164,9816463.000
2007-11-30,5.52,5.70,5.52,5.55,995558,11712238.000
2007-12-03,5.57,5.77,5.56,5.74,919778,10965066.000
2007-12-04,5.77,5.81,5.61,5.64,678368,8111576.000
2007-12-05,5.68,5.88,5.58,5.87,1447790,17403296.000
2007-12-06,5.88,5.92,5.76,5.90,989589,12100370.000
2007-12-07,5.91,6.00,5.83,5.91,1682391,20856374.000
2007-12-10,5.78,6.08,5.67,6.03,1876542,23362388.000
2007-12-11,6.02,6.07,5.95,6.01,1584544,19923624.000
2007-12-12,5.98,6.12,5.96,6.05,1285615,16259842.000
2007-12-13,6.02,6.15,5.96,5.96,1584792,20164734.000
2007-12-14,5.83,6.15,5.81,6.14,1370751,17099252.000
2007-12-18,6.13,6.78,6.07,6.58,6332586,87276144.000
2007-12-19,6.71,7.00,6.47,6.98,6082357,86381896.000
2007-12-20,7.02,7.21,6.92,7.01,5014256,74036944.000
2007-12-21,7.12,7.12,6.96,7.12,2218155,32447440.000
2007-12-24,7.21,7.78,7.21,7.51,4512255,70633464.000
2007-12-25,7.42,7.78,7.33,7.66,3508075,55660112.000
2007-12-26,7.65,7.97,7.64,7.80,3003621,48892264.000
2007-12-27,7.82,8.50,7.69,8.26,4574177,77493160.000
2007-12-28,8.26,8.46,8.16,8.26,3101332,53362464.000
2008-01-02,8.13,8.78,8.13,8.72,3092624,54581240.000
2008-01-03,8.82,8.96,8.22,8.25,5855148,103177272.000
2008-01-04,8.28,9.11,8.12,9.00,11774123,213202048.000
2008-01-07,8.88,9.22,8.77,9.06,6295444,116506304.000
2008-01-08,9.06,9.16,8.62,8.64,4398357,81003344.000
2008-01-09,8.51,8.82,8.47,8.71,2571411,45867160.000
2008-01-10,8.72,9.26,8.72,8.86,4771703,88744976.000
2008-01-11,8.92,9.02,8.43,8.68,3625830,64563668.000
2008-01-14,8.68,8.68,8.22,8.42,4253361,73775312.000
2008-01-15,8.35,8.57,8.27,8.47,3515168,60944220.000
2008-01-16,8.47,8.64,8.29,8.51,3256239,56907864.000
2008-01-17,8.40,8.66,7.68,7.93,2871188,48357024.000
2008-01-18,8.05,8.11,7.72,7.91,1833829,29797442.000
2008-01-21,7.97,7.97,7.26,7.37,2890070,45390840.000
2008-01-22,7.37,7.37,6.60,6.60,2574074,36851072.000
2008-01-23,6.71,7.08,6.67,7.00,2641982,38115892.000
2008-01-24,7.05,7.66,7.01,7.65,3045154,46003144.000
2008-01-25,7.62,8.01,7.40,7.45,2921401,46582640.000
2008-01-28,7.37,7.42,6.68,6.85,2086504,30473860.000
2008-01-29,6.90,7.45,6.87,7.44,2190180,32662076.000
2008-01-30,7.44,7.71,7.06,7.37,1803602,27872988.000
2008-01-31,7.47,7.52,7.10,7.10,790385,12028599.000
2008-02-01,7.34,7.34,6.40,6.70,1313064,18488624.000
2008-02-04,6.99,7.37,6.88,7.37,1863835,27778136.000
2008-02-05,7.25,7.50,7.16,7.35,1296525,19746014.000
2008-02-13,7.32,7.47,7.17,7.32,932702,14170452.000
2008-02-14,7.35,7.72,7.35,7.70,1811867,28619924.000
2008-02-15,7.65,7.67,7.44,7.67,1337890,20942648.000
2008-02-18,7.72,8.09,7.71,8.01,2681472,44108488.000
2008-02-19,8.01,8.11,7.87,8.02,2085261,34580876.000
2008-02-20,8.10,8.30,7.96,8.13,3389988,57199360.000
2008-02-21,8.13,8.97,7.98,8.97,14939619,269413344.000
2008-02-25,8.71,8.71,8.22,8.27,5603278,97470328.000
2008-02-26,8.50,8.67,8.15,8.64,5449147,95386064.000
2008-02-27,8.62,8.94,8.42,8.51,3510517,63005032.000
2008-02-28,8.58,8.65,8.18,8.34,2469527,42662848.000
2008-02-29,8.30,8.71,8.30,8.59,2720876,48163684.000
2008-03-03,8.72,9.16,8.71,8.92,5170471,95416608.000
2008-03-04,8.92,8.92,8.25,8.39,4326991,76708704.000
2008-03-05,8.50,8.85,8.41,8.79,3124365,55846428.000
2008-03-06,8.77,9.08,8.48,8.57,3284095,59509916.000
2008-03-07,8.57,8.61,8.22,8.29,2374270,40969208.000
2008-03-10,8.32,8.32,7.92,8.03,2222523,37188896.000
2008-03-11,8.12,8.21,7.78,8.19,1314622,21759632.000
2008-03-12,8.40,8.51,7.84,7.96,2307147,39787660.000
2008-03-13,7.74,8.05,7.56,7.72,2188577,35182040.000
2008-03-14,7.78,7.90,7.47,7.59,925607,14582910.000
2008-03-17,7.47,7.47,6.83,6.87,1593580,23704380.000
2008-03-18,6.87,6.95,6.16,6.29,2095370,28079440.000
2008-03-19,6.57,6.85,6.31,6.62,1749555,24083208.000
2008-03-20,6.51,6.97,6.22,6.82,1780327,24803346.000
2008-03-21,6.84,7.04,6.70,6.96,2453614,35078336.000
2008-03-24,7.03,7.12,6.35,6.38,4247069,58641488.000
2008-03-25,6.20,6.46,6.01,6.36,1415100,18495408.000
2008-03-26,6.35,6.57,6.17,6.42,1888834,25050340.000
2008-03-27,6.37,6.49,5.80,5.99,1917443,24994844.000
2008-03-31,6.05,6.18,5.76,5.79,1263116,15876379.000
2008-04-01,5.71,5.85,5.19,5.19,2048805,22815544.000
2008-04-02,5.13,5.36,4.64,4.72,2316383,23789204.000
2008-04-03,4.86,4.97,4.57,4.95,1315505,13306396.000
2008-04-07,4.85,5.27,4.73,5.25,2849415,30773740.000
2008-04-08,5.28,5.47,5.22,5.36,2342906,26319172.000
2008-04-09,5.36,5.56,4.95,4.99,2670344,30140576.000
2008-04-10,4.92,5.32,4.74,5.30,1917899,20119908.000
2008-04-11,5.29,5.69,5.24,5.63,3984473,46252584.000
2008-04-14,5.63,5.67,5.05,5.40,5072900,57697928.000
2008-04-15,5.38,5.58,5.15,5.50,6996497,79698096.000
2008-04-17,5.25,5.56,4.92,4.92,2620551,28439060.000
2008-04-18,4.76,5.00,4.63,4.97,2781128,28509388.000
2008-04-21,5.41,5.41,4.65,4.77,3241630,34605992.000
2008-04-22,4.67,4.67,4.26,4.36,2537705,23596980.000
2008-04-23,4.31,4.70,4.24,4.64,2267952,21439184.000
2008-04-24,5.07,5.13,4.91,5.13,4894193,52256296.000
2008-04-25,5.13,5.47,5.03,5.15,4613246,51083912.000
2008-04-28,5.13,5.21,4.95,5.06,2281059,24330040.000
2008-04-29,5.04,5.30,4.97,5.26,2117682,23060704.000
2008-04-30,5.27,5.49,5.22,5.45,2883211,32857770.000
2008-05-05,5.48,5.70,5.36,5.66,3557967,41564484.000
2008-05-06,5.57,5.74,5.51,5.57,2727084,32112328.000
2008-05-07,5.48,5.70,5.23,5.25,2624042,30288794.000
2008-05-08,5.17,5.40,5.10,5.38,2074038,22851012.000
2008-05-09,5.42,5.44,5.13,5.36,2241275,24996188.000
2008-05-12,5.20,5.52,5.08,5.47,2066081,23220250.000
2008-05-13,5.27,5.83,5.17,5.77,5421692,64180124.000
2008-05-14,5.72,5.96,5.63,5.91,5265344,64073236.000
2008-05-15,5.95,6.02,5.72,5.73,5147092,62902784.000
2008-05-16,5.72,5.77,5.49,5.53,2433167,28573088.000
2008-05-19,5.65,5.81,5.48,5.75,2253942,26728048.000
2008-05-20,5.77,5.80,5.27,5.34,3092212,36191592.000
2008-05-21,5.25,5.32,4.88,5.18,5161884,55332928.000
2008-05-22,5.10,5.30,5.01,5.09,3492432,37790888.000
2008-05-23,5.09,5.12,4.84,4.92,1810495,18991084.000
2008-05-26,4.92,4.97,4.78,4.87,1108795,11433745.000
2008-05-27,4.87,5.01,4.82,5.01,1026829,10651229.000
2008-05-28,5.02,5.14,4.97,5.10,1512219,16141963.000
2008-05-29,5.09,5.21,4.88,4.89,1404292,14977212.000
2008-05-30,4.86,4.96,4.80,4.88,2697416,27629180.000
2008-06-02,4.83,4.96,4.83,4.90,1375427,14214051.000
2008-06-03,4.93,5.14,4.93,5.11,2789466,29739000.000
2008-06-04,5.12,5.16,4.88,4.98,1478268,15649589.000
2008-06-05,4.95,5.10,4.90,5.01,1072666,11379078.000
2008-06-06,5.06,5.10,4.82,4.84,1220243,12717997.000
2008-06-10,4.67,4.67,4.33,4.33,1491349,13945609.000
2008-06-11,4.17,4.20,3.98,4.03,1644123,14386763.000
2008-06-12,4.13,4.15,3.85,3.92,1304545,11121466.000
2008-06-13,3.98,4.05,3.73,3.75,815783,6822468.000
2008-06-16,3.74,3.87,3.60,3.63,1180139,9288264.000
2008-06-17,3.73,3.77,3.38,3.42,1123256,8572172.000
2008-06-18,3.28,3.65,3.24,3.63,1536227,11545006.000
2008-06-19,3.63,3.63,3.24,3.24,1593573,11630516.000
2008-06-20,3.25,3.46,3.08,3.28,1310809,9425880.000
2008-06-23,3.22,3.35,3.17,3.29,696316,4943126.000
2008-06-24,3.31,3.48,3.28,3.41,767635,5615439.000
2008-06-25,3.41,3.66,3.39,3.61,1273437,9756043.000
2008-06-26,3.63,3.73,3.56,3.67,1342719,10516983.000
2008-06-27,3.48,3.56,3.29,3.33,1387163,10266766.000
2008-06-30,3.33,3.43,3.29,3.35,389780,2831673.000
2008-07-01,3.35,3.39,3.28,3.32,505728,3646861.000
2008-07-02,3.35,3.48,3.30,3.40,938812,6902067.000
2008-07-03,3.33,3.62,3.31,3.57,1443061,10862453.000
2008-07-04,3.50,3.64,3.50,3.61,1460707,11294810.000
2008-07-07,3.61,3.86,3.58,3.85,2265205,18248298.000
2008-07-08,3.81,4.20,3.73,3.98,3370692,28382568.000
2008-07-09,3.96,4.19,3.95,4.12,3145806,27414612.000
2008-07-10,4.15,4.22,3.90,3.94,4774220,42050036.000
2008-07-11,3.94,4.02,3.75,3.82,1982027,16309278.000
2008-07-14,3.87,3.92,3.80,3.90,860225,7147847.000
2008-07-15,3.92,4.00,3.75,3.77,1371540,11312695.000
2008-07-16,3.73,3.73,3.45,3.53,1416458,10976809.000
2008-07-17,3.59,3.65,3.48,3.53,1184238,9064458.000
2008-07-18,3.61,3.67,3.44,3.64,902539,6916014.000
2008-07-21,3.66,3.87,3.63,3.84,1500704,12182677.000
2008-07-22,3.83,3.90,3.79,3.86,987765,8164003.000
2008-07-23,3.92,3.92,3.79,3.81,975549,8049510.000
2008-07-24,3.85,4.00,3.81,3.97,1503910,12592346.000
2008-07-25,3.90,3.96,3.85,3.88,1050822,8790726.000
2008-07-28,3.89,3.98,3.87,3.92,856640,7195833.000
2008-07-29,3.80,3.90,3.77,3.79,1024750,8380091.000
2008-07-30,3.83,3.88,3.79,3.82,812356,6685462.000
2008-07-31,3.86,3.86,3.58,3.62,1133988,8968273.000
2008-08-01,3.63,3.72,3.49,3.66,749954,5810221.000
2008-08-04,3.63,3.71,3.56,3.63,629709,4942997.000
2008-08-05,3.68,3.68,3.55,3.59,898252,7002876.000
2008-08-06,3.67,3.72,3.53,3.65,794128,6176006.000
2008-08-07,3.59,3.75,3.56,3.74,1352391,10698521.000
2008-08-08,3.69,3.77,3.34,3.34,1412220,10839642.000
2008-08-11,3.33,3.33,2.98,2.98,1755642,11663873.000
2008-08-12,2.98,3.00,2.84,2.90,890662,5653865.000
2008-08-13,2.91,2.91,2.63,2.82,808034,4925813.000
2008-08-14,2.87,2.89,2.77,2.83,674077,4198893.000
2008-08-18,2.86,2.89,2.57,2.60,975162,5817977.000
2008-08-19,2.49,2.71,2.49,2.63,632438,3666579.000
2008-08-20,2.61,2.90,2.38,2.88,1529482,9263946.000
2008-08-21,2.83,2.89,2.68,2.69,1255996,7697415.000
2008-08-22,2.69,2.69,2.56,2.62,699354,4031806.000
2008-08-25,2.62,2.68,2.58,2.63,467403,2721995.000
2008-08-26,2.63,2.63,2.42,2.51,910690,5124456.000
2008-08-27,2.51,2.59,2.44,2.53,546050,3043631.000
2008-08-28,2.53,2.59,2.50,2.55,334891,1892521.000
2008-08-29,2.59,2.71,2.55,2.65,624849,3638370.000
2008-09-01,2.59,2.82,2.59,2.78,1886172,11312393.000
2008-09-02,2.77,2.77,2.65,2.74,750586,4475497.000
2008-09-03,2.74,2.79,2.63,2.72,850116,5090234.000
2008-09-04,2.71,2.77,2.66,2.76,789121,4747323.000
2008-09-05,2.63,2.68,2.52,2.60,770299,4437430.000
2008-09-08,2.53,2.68,2.48,2.55,549287,3122503.000
2008-09-09,2.57,2.66,2.57,2.60,512464,2949674.000
2008-09-10,2.60,2.76,2.55,2.71,1304836,7762770.000
2008-09-11,2.71,2.83,2.69,2.78,2425396,14710764.000
2008-09-12,2.78,2.81,2.71,2.73,1130009,6846405.000
2008-09-16,2.74,2.75,2.54,2.55,1147523,6702801.000
2008-09-17,2.51,2.62,2.46,2.48,773301,4315465.000
2008-09-18,2.43,2.53,2.25,2.44,1276498,6732335.000
2008-09-19,2.70,2.71,2.64,2.71,1521407,9049986.000
2008-09-22,2.88,3.01,2.75,2.81,3450181,21668512.000
2008-09-23,2.73,2.79,2.60,2.63,1474920,8725776.000
2008-09-24,2.61,2.70,2.53,2.69,1006686,5852239.000
2008-09-25,2.72,2.88,2.70,2.87,2245696,13694719.000
2008-09-26,2.95,2.95,2.75,2.82,1599816,9862207.000
2008-10-06,2.80,2.84,2.68,2.81,1415151,8655256.000
2008-10-07,2.70,2.86,2.68,2.82,988342,6063710.000
2008-10-08,2.82,2.96,2.81,2.93,3136580,19830484.000
2008-10-09,2.98,2.99,2.80,2.91,3510164,22093888.000
2008-10-10,2.87,2.87,2.59,2.59,2267915,13263114.000
2008-10-13,2.51,2.55,2.31,2.55,2118087,11340530.000
2008-10-14,2.64,2.64,2.32,2.33,2030139,11226123.000
2008-10-15,2.25,2.35,2.20,2.26,1223363,6159044.000
2008-10-16,2.18,2.18,2.00,2.01,1504900,7086598.000
2008-10-17,2.03,2.10,1.99,2.07,761081,3549571.000
2008-10-20,2.03,2.30,2.03,2.30,1773039,8846742.000
2008-10-21,2.45,2.56,2.38,2.55,8011760,44534840.000
2008-10-22,2.59,2.81,2.57,2.73,12051836,71365024.000
2008-10-23,2.70,2.70,2.47,2.53,6476382,36717360.000
2008-10-24,2.53,2.81,2.51,2.81,9132531,53926888.000
2008-10-27,2.83,3.06,2.81,2.83,14245816,91581328.000
2008-10-28,2.71,3.02,2.66,2.98,10771946,66842544.000
2008-10-29,2.83,2.93,2.65,2.70,6147186,37872072.000
2008-10-30,2.75,2.78,2.57,2.72,6745541,39967096.000
2008-10-31,2.65,2.70,2.49,2.56,5323085,30606996.000
2008-11-03,2.59,2.85,2.53,2.85,6625421,39653552.000
2008-11-04,2.85,3.13,2.79,2.99,13674119,88060048.000
2008-11-05,2.92,3.17,2.92,3.05,9423954,62474804.000
2008-11-06,2.97,3.25,2.91,3.05,8674620,58502568.000
2008-11-07,2.98,3.09,2.92,3.04,5957608,39060100.000
2008-11-10,3.13,3.37,3.07,3.37,9564670,67124136.000
2008-11-11,3.28,3.53,3.23,3.27,10695382,78146536.000
2008-11-12,3.23,3.34,3.16,3.31,7217311,51062632.000
2008-11-13,3.29,3.67,3.25,3.53,12423432,95143192.000
2008-11-14,3.52,3.70,3.42,3.65,10332687,79741088.000
2008-11-17,3.58,3.96,3.47,3.88,9447604,75983632.000
2008-11-18,3.77,4.16,3.56,3.73,11834105,96168600.000
2008-11-19,3.67,3.98,3.53,3.92,9072140,73146304.000
2008-11-20,3.77,3.84,3.58,3.61,6856688,54571432.000
2008-11-21,3.48,3.82,3.37,3.63,7449250,57960520.000
2008-11-24,3.58,3.69,3.32,3.35,4969214,37454960.000
2008-11-25,3.42,3.55,3.25,3.43,4792996,35238272.000
2008-11-26,3.42,3.62,3.36,3.51,4457223,33748032.000
2008-11-27,3.73,3.79,3.48,3.49,6745334,53244888.000
2008-11-28,3.53,3.81,3.52,3.81,10262639,82163880.000
2008-12-01,3.73,4.13,3.65,4.02,9766682,81936032.000
2008-12-02,3.90,4.13,3.84,3.90,8010217,67594896.000
2008-12-03,3.91,4.18,3.88,4.09,8656510,74177432.000
2008-12-04,4.11,4.17,3.93,3.96,8816392,76578008.000
2008-12-05,3.88,3.94,3.79,3.89,6333166,52534840.000
2008-12-08,3.92,4.10,3.90,4.04,6130107,52596028.000
2008-12-09,4.04,4.04,3.77,3.81,5516038,45881048.000
2008-12-10,3.79,3.98,3.77,3.92,4248215,35300032.000
2008-12-11,3.92,4.05,3.67,3.69,5050615,41762672.000
2008-12-12,3.58,3.67,3.30,3.42,4803322,36189504.000
2008-12-15,3.46,3.52,3.33,3.46,3095651,23056240.000
2008-12-16,3.48,3.77,3.46,3.75,5453683,42298708.000
2008-12-17,3.77,3.77,3.65,3.66,4384932,34982112.000
2008-12-18,3.63,3.68,3.53,3.66,3246618,25233140.000
2008-12-19,3.66,3.73,3.65,3.69,3636178,28874340.000
2008-12-22,3.72,3.72,3.55,3.61,2394043,18696816.000
2008-12-23,3.61,3.62,3.26,3.28,3232187,23804408.000
2008-12-24,3.23,3.38,3.23,3.34,2778472,19912470.000
2008-12-25,3.35,3.42,3.23,3.28,2361756,16925440.000
2008-12-26,3.28,3.32,3.24,3.25,1419649,10069294.000
2008-12-29,3.21,3.40,3.08,3.35,3277788,23201432.000
2008-12-30,3.31,3.36,3.24,3.28,2127298,15181150.000
2008-12-31,3.28,3.33,3.15,3.16,1739382,12313324.000
2009-01-05,3.20,3.37,3.20,3.35,3362097,24070520.000
2009-01-06,3.35,3.50,3.30,3.48,4353830,32197032.000
2009-01-07,3.55,3.55,3.41,3.46,3777407,28402940.000
2009-01-08,3.38,3.44,3.23,3.29,2540118,18378436.000
2009-01-09,3.28,3.41,3.27,3.41,2277627,16481705.000
2009-01-12,3.37,3.55,3.36,3.47,3162212,23854564.000
2009-01-13,3.43,3.47,3.32,3.34,1743027,12791183.000
2009-01-14,3.31,3.52,3.31,3.52,2361989,17618212.000
2009-01-15,3.53,3.83,3.48,3.70,6130941,48233320.000
2009-01-16,3.72,3.77,3.63,3.65,4773183,37947312.000
2009-01-19,3.65,3.70,3.58,3.61,2546737,19845778.000
2009-01-20,3.63,3.72,3.57,3.71,2487947,19555262.000
2009-01-21,3.66,3.86,3.63,3.82,5214862,42251496.000
2009-01-22,3.87,3.97,3.79,3.92,6345994,52613880.000
2009-01-23,3.90,4.32,3.90,4.16,13613546,120676928.000
2009-02-02,4.27,4.61,4.21,4.61,13705311,131292336.000
2009-02-03,4.63,5.08,4.63,4.82,15492909,157860544.000
2009-02-04,4.73,4.99,4.68,4.80,11049670,112749712.000
2009-02-05,4.82,4.89,4.71,4.81,8415866,85068304.000
2009-02-06,4.85,5.03,4.80,4.86,10277333,106197640.000
2009-02-09,4.85,4.99,4.67,4.94,11567102,118808240.000
2009-02-10,4.86,5.25,4.79,5.08,11834408,126271936.000
2009-02-11,5.00,5.21,4.86,5.00,11008179,115597528.000
2009-02-12,5.09,5.53,4.97,5.53,13872655,154301232.000
2009-02-13,5.60,5.90,5.39,5.53,15201639,179251200.000
2009-02-16,5.59,5.59,5.34,5.47,7457108,84978896.000
2009-02-17,5.44,5.45,4.98,5.03,8333248,90831792.000
2009-02-18,4.90,5.00,4.80,4.81,6478737,66827604.000
2009-02-19,4.84,4.94,4.77,4.86,4667204,47904968.000
2009-02-20,4.89,5.05,4.82,5.05,6318644,66085784.000
2009-02-23,5.00,5.21,4.82,5.17,7488878,79888736.000
2009-02-24,5.07,5.14,4.74,4.75,6907953,72372160.000
2009-02-25,4.80,5.01,4.77,4.88,6090648,62829248.000
2009-02-26,4.96,5.00,4.36,4.41,6767473,66665360.000
2009-02-27,4.38,4.38,3.94,3.94,6820906,59517408.000
2009-03-02,3.91,4.19,3.87,4.10,4745519,41416112.000
2009-03-03,4.00,4.30,3.93,4.22,5538609,49500112.000
2009-03-04,4.28,4.50,4.13,4.49,8613128,80186128.000
2009-03-05,4.53,4.63,4.34,4.51,7625860,72631200.000
2009-03-06,4.39,4.50,4.34,4.42,4192902,39503356.000
2009-03-09,4.49,4.50,4.07,4.09,4190961,38310704.000
2009-03-10,4.05,4.36,4.03,4.34,3983185,35871560.000
2009-03-11,4.40,4.44,4.24,4.26,3936940,36348336.000
2009-03-12,4.13,4.46,4.13,4.43,4751775,43988600.000
2009-03-13,4.47,4.48,4.27,4.27,3385688,31521938.000
2009-03-16,4.26,4.42,4.25,4.36,2532016,23467844.000
2009-03-17,4.42,4.57,4.36,4.54,5059699,48230032.000
2009-03-18,4.58,4.68,4.55,4.57,5511005,53832084.000
2009-03-19,4.60,4.71,4.57,4.71,4891976,48203268.000
2009-03-20,4.73,4.77,4.52,4.61,4762247,46602516.000
2009-03-23,4.53,4.80,4.53,4.75,5147736,51388640.000
2009-03-24,4.75,4.97,4.75,4.89,7451280,77344592.000
2009-03-25,4.91,4.94,4.63,4.64,5029695,51030800.000
2009-03-26,4.67,4.80,4.55,4.78,4048033,40310472.000
2009-03-27,4.80,4.91,4.72,4.82,5134940,52356324.000
2009-03-30,4.84,4.97,4.81,4.90,4797872,49831104.000
2009-03-31,4.73,4.82,4.66,4.82,4359066,43857640.000
2009-04-01,4.83,5.33,4.82,5.33,10838613,115624016.000
2009-04-02,5.27,5.42,5.16,5.19,10939722,121714200.000
2009-04-03,5.18,5.32,5.05,5.06,5868848,63407932.000
2009-04-07,5.07,5.26,4.98,5.22,5056993,54634040.000
2009-04-08,5.22,5.27,4.76,4.77,6269435,66097984.000
2009-04-09,4.77,4.88,4.66,4.82,3770250,38008504.000
2009-04-10,4.83,4.95,4.77,4.92,4509313,46649920.000
2009-04-13,4.94,5.04,4.88,4.97,4737739,49743432.000
2009-04-14,4.97,5.14,4.94,5.05,5370914,57257632.000
2009-04-15,4.94,5.07,4.88,4.99,5052852,52950904.000
2009-04-16,5.00,5.38,5.00,5.24,11481843,126268152.000
2009-04-17,5.28,5.28,4.98,5.00,6064096,64958712.000
2009-04-20,5.00,5.11,4.96,5.09,5432994,57893120.000
2009-04-22,5.09,5.29,4.77,4.80,7631333,82128776.000
2009-04-23,4.72,4.81,4.63,4.76,4374732,43546344.000
2009-04-24,4.76,4.77,4.60,4.61,3439522,33964208.000
2009-04-27,4.61,4.63,4.25,4.27,3509370,32753048.000
2009-04-28,4.27,4.45,4.27,4.43,2469417,22975756.000
2009-04-29,4.43,4.66,4.38,4.56,2693705,25958336.000
2009-04-30,4.57,4.72,4.53,4.72,4429269,43666636.000
2009-05-04,4.78,4.92,4.71,4.89,6092769,61660080.000
2009-05-05,4.89,4.96,4.79,4.91,4674614,48123224.000
2009-05-06,4.87,5.00,4.83,4.94,4086546,42509716.000
2009-05-07,4.94,5.09,4.90,5.05,6842305,72240088.000
2009-05-08,5.02,5.02,4.89,4.95,4444633,46481332.000
2009-05-11,4.86,4.96,4.52,4.53,5020200,50217320.000
2009-05-12,4.48,4.68,4.42,4.67,2126976,20667748.000
2009-05-13,4.67,4.87,4.63,4.71,2378476,23800572.000
2009-05-14,4.68,4.77,4.63,4.72,1987820,19842010.000
2009-05-15,4.73,4.77,4.66,4.73,2361978,23537388.000
2009-05-18,4.73,4.80,4.63,4.78,2467603,24580196.000
2009-05-19,4.81,4.95,4.78,4.95,5100316,52628068.000
2009-05-20,4.97,5.09,4.88,4.99,6796961,71645904.000
2009-05-21,4.99,5.07,4.84,4.88,4727894,49258752.000
2009-05-22,4.86,5.02,4.81,5.01,4190302,43640708.000
2009-05-25,4.92,5.38,4.82,5.35,14815243,162913312.000
2009-05-26,5.28,5.35,5.15,5.16,9602297,105862784.000
2009-05-27,5.13,5.27,5.05,5.23,5503979,59657596.000
2009-06-01,5.28,5.29,5.16,5.22,5358071,58890764.000
2009-06-02,5.22,5.38,5.13,5.28,8041960,89439400.000
2009-06-03,5.26,5.26,5.07,5.11,6972024,75443288.000
2009-06-04,5.07,5.19,4.98,5.06,4717886,50445052.000
2009-06-05,5.09,5.18,5.01,5.05,4702945,50653716.000
2009-06-08,5.09,5.10,4.86,4.92,5760635,60424640.000
2009-06-09,4.91,4.96,4.73,4.81,7615780,77462424.000
2009-06-10,4.83,5.00,4.81,4.99,11108777,115488232.000
2009-06-11,4.99,5.01,4.84,4.88,5638953,58482360.000
2009-06-12,4.89,4.90,4.67,4.72,5317506,53897520.000
2009-06-15,4.70,4.81,4.70,4.81,2345058,23659020.000
2009-06-16,4.75,4.80,4.72,4.76,2968070,29871012.000
2009-06-17,4.76,4.86,4.75,4.83,3452588,35146456.000
2009-06-18,4.85,4.89,4.79,4.86,3977493,40763704.000
2009-06-19,4.86,5.08,4.82,4.95,10058119,105613480.000
2009-06-22,4.97,5.01,4.83,4.86,5213374,54049452.000
2009-06-23,4.80,4.83,4.71,4.77,5118300,51557808.000
2009-06-24,4.74,4.83,4.74,4.81,4952994,49964608.000
2009-06-25,4.81,4.82,4.72,4.74,3417892,34359448.000
2009-06-26,4.76,4.80,4.73,4.76,3071145,30913952.000
2009-06-29,4.77,4.82,4.72,4.81,3769218,38143984.000
2009-06-30,4.80,4.97,4.79,4.88,6900465,71376856.000
2009-07-01,4.88,5.01,4.86,4.98,7739609,80874456.000
2009-07-02,4.98,5.07,4.90,4.93,7135342,74988336.000
2009-07-03,4.91,5.08,4.88,5.04,10445155,110664328.000
2009-07-06,5.06,5.21,5.04,5.12,11051007,119212192.000
2009-07-07,5.08,5.27,5.01,5.19,13317826,144565984.000
2009-07-08,5.19,5.45,5.14,5.41,22702629,255412320.000
2009-07-09,5.38,5.82,5.27,5.63,28149793,328067008.000
2009-07-10,5.55,5.60,5.43,5.47,13092939,150974720.000
2009-07-13,5.47,5.60,5.42,5.46,9341550,108087368.000
2009-07-14,5.46,5.55,5.40,5.49,7516992,86592272.000
2009-07-15,5.52,5.78,5.52,5.55,10360697,122358792.000
2009-07-16,5.56,5.59,5.41,5.43,7759790,88971256.000
2009-07-17,5.40,5.50,5.38,5.42,5417684,61858048.000
2009-07-20,5.40,5.60,5.40,5.57,7060557,81463256.000
2009-07-21,5.57,5.57,5.38,5.42,6079149,69656136.000
2009-07-22,5.42,5.75,5.37,5.63,12717816,149096336.000
2009-07-23,5.62,5.75,5.52,5.72,10005207,118452344.000
2009-07-24,5.75,5.88,5.48,5.60,9605235,114424304.000
2009-07-27,5.63,5.70,5.51,5.68,9593550,112824168.000
2009-07-28,5.66,5.94,5.52,5.88,13636668,164262272.000
2009-07-29,5.93,6.21,5.26,5.52,16651163,204331536.000
2009-07-30,5.62,5.84,5.42,5.83,10007862,118171856.000
2009-07-31,5.88,6.21,5.80,6.13,16454880,209012832.000
2009-08-03,6.08,6.27,6.01,6.22,10658756,137154704.000
2009-08-04,6.28,6.29,5.97,6.10,7983240,101754448.000
2009-08-05,6.00,6.62,6.00,6.46,13984356,185232976.000
2009-08-06,6.37,6.65,6.28,6.31,12119618,163459472.000
2009-08-07,6.26,6.27,5.80,5.89,8537812,108356712.000
2009-08-10,6.02,6.09,5.66,5.79,6331410,77628336.000
2009-08-11,5.85,5.95,5.80,5.86,3852893,47272380.000
2009-08-12,5.85,5.86,5.46,5.49,5168002,60907096.000
2009-08-13,5.52,5.61,5.43,5.52,3259918,37913688.000
2009-08-14,5.57,5.58,5.31,5.31,3544550,40454144.000
2009-08-17,5.22,5.47,5.07,5.10,5647012,62799952.000
2009-08-18,5.16,5.26,4.97,5.23,4637011,50169236.000
2009-08-19,5.22,5.26,4.69,4.80,4300830,45479708.000
2009-08-20,4.83,5.09,4.76,5.04,4468053,46351572.000
2009-08-21,5.05,5.15,4.97,5.14,4568881,48790024.000
2009-08-24,5.16,5.60,5.11,5.55,11234841,127623360.000
2009-08-25,5.58,5.66,5.39,5.56,12973539,151177856.000
2009-08-26,5.56,5.91,5.47,5.73,10645826,127640808.000
2009-08-27,5.73,5.95,5.55,5.74,9128275,110356736.000
2009-08-28,5.67,5.88,5.47,5.80,10146751,121398496.000
2009-08-31,5.73,6.11,5.63,5.84,18049666,221682544.000
2009-09-01,5.72,5.76,5.23,5.23,13522816,154045856.000
2009-09-02,5.13,5.25,4.86,5.15,7527113,80041168.000
2009-09-03,5.07,5.40,5.04,5.36,7772950,86524912.000
2009-09-04,5.32,5.64,5.30,5.48,9518326,109587344.000
2009-09-07,5.52,5.61,5.44,5.50,7797820,90564048.000
2009-09-08,5.42,5.84,5.40,5.69,10287870,122748912.000
2009-09-09,5.64,5.75,5.56,5.72,7298550,86593832.000
2009-09-10,5.71,5.71,5.48,5.50,5778075,67611632.000
2009-09-11,5.52,5.73,5.52,5.64,7138940,84603856.000
2009-09-14,5.66,5.84,5.64,5.82,8774233,106310504.000
2009-09-15,5.80,5.86,5.73,5.80,7464571,90844104.000
2009-09-16,5.80,5.80,5.53,5.71,6859041,81574360.000
2009-09-17,5.67,5.97,5.67,5.87,9278487,113800712.000
2009-09-18,5.90,6.03,5.53,5.63,8924777,108890816.000
2009-09-21,5.58,5.89,5.52,5.86,7266852,87142408.000
2009-09-22,5.93,6.01,5.75,5.90,15629076,193198016.000
2009-09-23,5.83,5.92,5.48,5.51,10166350,121692384.000
2009-09-24,5.38,5.52,5.12,5.26,7060547,78487624.000
2009-09-25,5.24,5.30,5.07,5.09,4328864,47264044.000
2009-09-28,5.10,5.17,4.77,4.82,3922352,41130488.000
2009-09-29,4.85,4.99,4.66,4.97,4589061,46969836.000
2009-09-30,5.00,5.09,4.84,4.86,5811798,60817200.000
2009-10-09,4.91,5.12,4.91,5.08,3665112,38819816.000
2009-10-12,5.11,5.13,4.99,5.02,3176189,33869128.000
2009-10-13,5.02,5.15,5.00,5.15,3687498,39433764.000
2009-10-14,5.19,5.24,5.13,5.20,4661453,51017128.000
2009-10-15,5.30,5.33,5.17,5.22,3308397,36463236.000
2009-10-16,5.22,5.27,5.07,5.19,3385491,36758352.000
2009-10-19,5.17,5.28,5.16,5.28,4038253,44607952.000
2009-10-20,5.32,5.45,5.26,5.39,5452269,61510960.000
2009-10-21,5.39,5.39,5.26,5.28,5081497,56720000.000
2009-10-22,5.23,5.35,5.20,5.28,4045818,44908720.000
2009-10-23,5.28,5.40,5.27,5.35,5159805,58041952.000
2009-10-26,5.34,5.39,5.27,5.35,4125528,46205308.000
2009-10-27,5.30,5.30,5.04,5.07,5651615,61362988.000
2009-10-28,5.05,5.17,5.03,5.13,2659110,28527088.000
2009-10-29,5.01,5.05,4.92,4.94,3005472,31733856.000
2009-10-30,4.98,5.09,4.97,4.98,3241007,34401372.000
2009-11-02,4.90,5.11,4.77,5.11,3806642,40197220.000
2009-11-03,5.13,5.26,5.10,5.23,4762708,52233760.000
2009-11-04,5.27,5.32,5.19,5.25,4826672,53351792.000
2009-11-05,5.28,5.39,5.22,5.38,6635060,74703600.000
2009-11-06,5.36,5.61,5.36,5.56,10619418,121992112.000
2009-11-09,5.50,5.60,5.45,5.54,5604905,64868092.000
2009-11-10,5.52,5.63,5.46,5.54,7267155,84552944.000
2009-11-11,5.56,5.56,5.39,5.50,5778106,66430580.000
2009-11-12,5.51,5.60,5.43,5.47,5978960,69208888.000
2009-11-13,5.47,5.57,5.36,5.57,8173645,93919904.000
2009-11-16,5.60,5.69,5.57,5.66,9163108,108568880.000
2009-11-17,5.68,5.71,5.58,5.67,6263252,74156672.000
2009-11-18,5.65,5.76,5.57,5.74,8070403,95654328.000
2009-11-19,5.75,5.88,5.70,5.82,8533527,103630008.000
2009-11-20,5.76,5.94,5.74,5.89,7456228,91557616.000
2009-11-23,5.84,5.97,5.77,5.94,9176308,113027720.000
2009-11-24,5.96,5.96,5.48,5.53,10618314,128161752.000
2009-11-25,5.51,5.77,5.51,5.76,6813218,80924824.000
2009-11-26,5.76,5.90,5.56,5.59,7736426,92717376.000
2009-11-27,5.53,5.92,5.50,5.87,15150823,182919328.000
2009-11-30,5.92,6.36,5.80,6.15,20672397,263238176.000
2009-12-01,6.08,6.27,6.02,6.22,14752331,190015248.000
2009-12-02,6.22,6.48,6.17,6.27,14185363,187380560.000
2009-12-03,6.21,6.40,6.16,6.26,9204939,120175320.000
2009-12-04,6.26,6.30,5.88,5.99,12100772,153698208.000
2009-12-07,6.02,6.17,6.01,6.09,5452728,69348856.000
2009-12-08,6.13,6.46,6.06,6.37,12331503,161260160.000
2009-12-09,6.24,6.29,6.00,6.08,8516174,109448872.000
2009-12-10,6.16,6.27,6.06,6.12,5316144,68329736.000
2009-12-11,6.15,6.25,6.07,6.12,4754261,61051272.000
2009-12-14,6.12,6.14,5.84,6.05,5195130,64753080.000
2009-12-15,6.02,6.14,5.95,6.02,4460899,56520636.000
2009-12-16,5.97,6.09,5.92,6.00,3458342,43527168.000
2009-12-17,6.01,6.06,5.71,5.72,5519929,67445984.000
2009-12-18,5.65,5.72,5.55,5.57,3993832,47087688.000
2009-12-21,5.58,5.72,5.55,5.71,3208712,38129292.000
2009-12-22,5.68,5.73,5.47,5.49,3415770,40006188.000
2009-12-23,5.49,5.58,5.44,5.56,3092680,35891240.000
2009-12-24,5.55,5.76,5.53,5.75,4824582,57329196.000
2009-12-25,5.73,5.83,5.66,5.76,3389470,40796400.000
2009-12-28,5.79,5.86,5.77,5.83,3807747,46364808.000
2009-12-29,5.82,5.82,5.69,5.78,4645794,56036496.000
2009-12-30,5.78,5.88,5.76,5.88,5488541,66973468.000
2009-12-31,5.90,6.01,5.84,5.93,5369147,66736416.000
2010-01-04,5.97,6.08,5.92,5.94,4842048,60775784.000
2010-01-05,5.96,6.04,5.88,6.03,4280716,53459584.000
2010-01-06,6.04,6.06,5.87,5.88,4436055,55400464.000
2010-01-07,5.84,5.90,5.68,5.72,4623944,55900324.000
2010-01-08,5.70,5.91,5.67,5.89,4133377,50114616.000
2010-01-11,5.93,5.95,5.82,5.85,3737756,46031644.000
2010-01-12,5.91,6.08,5.86,6.05,6673903,84056736.000
2010-01-13,5.95,6.31,5.92,6.17,12220889,157839888.000
2010-01-15,6.29,6.40,6.19,6.22,8625950,113152696.000
2010-01-18,6.19,6.39,6.15,6.37,6774445,89521824.000
2010-01-19,6.44,6.47,6.29,6.33,5126558,67866336.000
2010-01-20,6.34,6.45,5.97,6.05,6892951,89315088.000
2010-01-21,6.05,6.30,6.00,6.22,5469584,70304984.000
2010-01-22,6.15,6.17,5.88,6.07,4304775,54398460.000
2010-01-25,6.01,6.12,5.96,6.03,2386260,30161716.000
2010-01-26,5.99,6.05,5.68,5.75,3251197,39725276.000
2010-01-27,5.76,5.78,5.47,5.61,2457877,29289124.000
2010-01-28,5.61,5.74,5.61,5.69,2046094,24352400.000
2010-01-29,5.65,5.77,5.58,5.65,2042494,24450464.000
2010-02-01,5.63,5.75,5.49,5.73,3142284,36922232.000
2010-02-02,5.73,5.79,5.56,5.57,2356141,28185444.000
2010-02-03,5.63,5.71,5.38,5.70,3030744,35483988.000
2010-02-04,5.62,5.79,5.58,5.69,2881750,34478176.000
2010-02-05,5.57,5.88,5.52,5.78,4731481,56989040.000
2010-02-08,5.80,6.03,5.80,5.88,4361045,54037208.000
2010-02-09,5.89,5.97,5.80,5.93,2586839,31920552.000
2010-02-10,5.95,6.02,5.87,5.95,2096899,26039152.000
2010-02-11,5.95,5.96,5.79,5.91,2233784,27445220.000
2010-02-12,5.93,5.96,5.89,5.93,1985843,24654248.000
2010-02-22,5.90,6.06,5.88,5.97,3879815,48772052.000
2010-02-23,5.98,6.16,5.93,6.15,6128004,77890672.000
2010-02-24,6.13,6.31,6.07,6.25,8752767,113956992.000
2010-02-25,6.24,6.30,6.18,6.26,6419673,83664672.000
2010-02-26,6.23,6.43,6.20,6.27,9193671,121614776.000
2010-03-01,6.23,6.39,6.23,6.30,7203026,95047784.000
2010-03-02,6.31,6.61,6.23,6.49,11200243,150274656.000
2010-03-03,6.46,6.86,6.40,6.82,13837926,191945440.000
2010-03-04,6.72,6.72,6.33,6.43,11604422,158946128.000
2010-03-05,6.44,6.61,6.40,6.45,6877707,93417312.000
2010-03-08,6.41,6.59,6.41,6.55,4756301,64422848.000
2010-03-09,6.54,6.54,6.32,6.39,5204717,69382096.000
2010-03-10,6.31,6.53,6.31,6.38,4408737,59220248.000
2010-03-11,6.39,6.41,6.17,6.25,3546247,46496032.000
2010-03-12,6.29,6.39,6.22,6.28,3673568,48375632.000
2010-03-15,6.27,6.46,6.24,6.42,5930183,79097160.000
2010-03-16,6.41,6.57,6.35,6.57,5507662,74403888.000
2010-03-17,6.55,6.68,6.50,6.66,7033214,96687376.000
2010-03-18,6.66,6.69,6.53,6.67,5547799,76461272.000
2010-03-19,6.62,6.77,6.59,6.67,4884296,67759496.000
2010-03-22,6.68,6.77,6.51,6.60,6172129,85248840.000
2010-03-23,6.59,6.66,6.47,6.51,4117050,56117944.000
2010-03-24,6.61,7.05,6.58,6.76,15157518,215639328.000
2010-03-25,6.67,6.68,6.50,6.51,7658325,104833528.000
2010-03-26,6.50,6.65,6.38,6.63,5124800,69611488.000
2010-03-29,6.68,6.79,6.59,6.78,6181076,86119800.000
2010-03-30,6.76,7.05,6.72,6.92,11196516,161667808.000
2010-03-31,6.95,7.06,6.90,7.02,6703065,97213160.000
2010-04-01,7.04,7.10,6.95,7.07,6502993,94966272.000
2010-04-02,7.08,7.12,6.92,6.94,6228505,90745240.000
2010-04-06,6.96,7.21,6.86,7.14,6206519,91380320.000
2010-04-07,6.85,6.91,6.72,6.81,12154994,172068304.000
2010-04-08,6.79,6.85,6.72,6.83,6321689,89401888.000
2010-04-09,6.83,7.07,6.80,7.00,6398254,92076288.000
2010-04-12,7.02,7.07,6.79,6.98,7967506,114756264.000
2010-04-13,6.97,7.05,6.72,6.79,6306988,90252256.000
2010-04-14,6.81,7.50,6.81,7.49,17875179,268686240.000
2010-04-15,7.33,7.57,7.21,7.37,11992123,182466288.000
2010-04-16,7.32,7.45,7.22,7.25,4841771,73366736.000
2010-04-19,7.15,7.19,6.77,6.82,6769480,98641584.000
2010-04-20,6.96,7.05,6.72,6.95,6359013,91018984.000
2010-04-21,6.88,7.31,6.88,7.24,8264874,122843472.000
2010-04-22,7.21,7.44,7.12,7.14,8973029,135760960.000
2010-04-23,7.13,7.35,6.96,6.98,8483220,125966720.000
2010-04-26,6.99,7.14,6.87,6.98,4814153,70230824.000
2010-04-28,6.64,7.03,6.62,6.84,5220433,74155664.000
2010-04-29,6.91,6.91,6.32,6.38,4820953,67048112.000
2010-04-30,6.37,6.43,5.96,6.12,4542214,58046108.000
2010-05-04,5.88,6.20,5.88,6.13,1768696,22617760.000
2010-05-05,6.12,6.40,6.03,6.37,3243127,42373208.000
2010-05-06,6.32,6.42,6.10,6.12,3089638,40472184.000
2010-05-07,5.94,6.17,5.88,5.97,2657495,33420408.000
2010-05-10,6.02,6.09,5.73,5.93,2658544,32998008.000
2010-05-11,6.03,6.11,5.73,5.80,2521727,31387816.000
2010-05-12,5.77,5.86,5.38,5.61,2708789,32088248.000
2010-05-13,5.71,5.82,5.50,5.80,2416365,28864918.000
2010-05-14,5.79,5.94,5.67,5.90,2564528,31156104.000
2010-05-17,5.82,5.82,5.28,5.30,2636743,30753534.000
2010-05-18,5.02,5.55,5.02,5.35,2293689,25282400.000
2010-05-19,5.27,5.42,5.13,5.22,2080003,23108734.000
2010-05-20,5.16,5.29,5.00,5.01,2019837,21852636.000
2010-05-21,4.87,5.14,4.78,5.10,2614248,27324460.000
2010-05-24,5.14,5.44,5.12,5.39,2878653,32378472.000
2010-05-25,5.39,5.48,5.30,5.40,2521213,28557630.000
2010-05-26,5.33,5.64,5.32,5.55,3378387,39218996.000
2010-05-27,5.45,5.63,5.38,5.61,2232172,25968236.000
2010-05-28,5.63,5.65,5.50,5.55,1918582,22499144.000
2010-05-31,5.55,5.65,5.32,5.33,2285495,26417176.000
2010-06-01,5.39,5.44,5.06,5.17,2439514,26799442.000
2010-06-02,5.22,5.38,5.15,5.34,2093462,23220940.000
2010-06-03,5.38,5.46,5.27,5.30,2127002,24145396.000
2010-06-04,5.23,5.43,5.23,5.42,1237806,13969154.000
2010-06-07,5.36,5.77,5.36,5.60,4275402,50484756.000
2010-06-08,5.51,5.69,5.49,5.68,2157352,25312008.000
2010-06-09,5.69,5.81,5.64,5.81,2664329,32035940.000
2010-06-10,5.80,5.84,5.70,5.70,1770737,21435120.000
2010-06-11,5.75,5.79,5.58,5.63,2300197,27286174.000
2010-06-17,5.66,5.86,5.66,5.77,2528388,30812408.000
2010-06-18,5.79,5.99,5.73,5.81,5568280,68629352.000
2010-06-21,5.80,6.08,5.80,6.03,2712786,33803368.000
2010-06-22,5.95,6.32,5.95,6.25,4734729,61099592.000
2010-06-23,6.20,6.30,6.10,6.27,2390282,30806536.000
2010-06-24,6.22,6.44,6.20,6.29,3251545,42909808.000
2010-06-25,6.22,6.28,6.13,6.17,1591465,20473166.000
2010-06-28,6.13,6.18,5.85,5.91,1427456,17883276.000
2010-06-29,5.91,5.95,5.51,5.53,3069744,36763536.000
2010-06-30,5.47,5.78,5.35,5.70,2212956,25707260.000
2010-07-01,5.66,5.78,5.61,5.63,1167463,13892138.000
2010-07-02,5.63,5.69,5.34,5.55,1635688,18819764.000
2010-07-05,5.49,5.69,5.35,5.69,1588751,18524436.000
2010-07-06,5.75,6.01,5.61,5.93,1999301,24516732.000
2010-07-07,5.93,6.06,5.87,5.98,1188555,14748792.000
2010-07-08,6.00,6.05,5.90,5.97,956707,11858719.000
2010-07-09,5.98,6.22,5.91,6.15,1867841,23820488.000
2010-07-12,6.17,6.39,6.13,6.16,2700984,35103660.000
2010-07-13,6.05,6.27,5.96,6.23,1898218,24252784.000
2010-07-14,6.23,6.34,6.08,6.19,2795862,36119252.000
2010-07-15,6.10,6.22,6.02,6.07,1343514,17087060.000
2010-07-16,6.04,6.32,5.95,6.28,2562274,32939070.000
2010-07-19,6.20,6.49,6.13,6.40,4269882,56314452.000
2010-07-20,6.42,6.57,6.36,6.44,4424037,59329384.000
2010-07-21,6.45,6.51,6.34,6.41,3038510,40555904.000
2010-07-22,6.42,6.52,6.34,6.47,2596916,34803200.000
2010-07-23,6.47,6.49,6.23,6.36,3404865,44803024.000
2010-07-26,6.47,7.01,6.47,6.89,15376885,218758160.000
2010-07-27,6.75,6.87,6.64,6.81,6435509,90179656.000
2010-07-28,6.74,6.98,6.70,6.97,6765960,96245360.000
2010-07-29,6.93,7.05,6.82,6.93,5983737,86078512.000
2010-07-30,6.95,6.97,6.80,6.87,2768567,39382108.000
2010-08-02,6.86,6.99,6.82,6.92,3842606,54942904.000
2010-08-03,6.97,7.04,6.85,6.86,5145649,74234032.000
2010-08-04,6.85,6.89,6.55,6.84,5042917,70278280.000
2010-08-05,6.80,6.85,6.66,6.71,3132070,43747644.000
2010-08-06,6.71,6.86,6.58,6.83,3110092,43654596.000
2010-08-09,6.82,6.92,6.76,6.84,5448088,77240984.000
2010-08-10,6.86,6.88,6.45,6.50,4466160,61953352.000
2010-08-11,6.50,6.68,6.47,6.60,2881503,39398928.000
2010-08-12,6.54,6.92,6.40,6.78,5916711,83314888.000
2010-08-13,6.72,6.94,6.71,6.91,4087777,58179004.000
2010-08-16,6.92,7.12,6.85,7.00,6886937,99924960.000
2010-08-17,7.01,7.08,6.93,7.02,3587059,52139136.000
2010-08-18,7.04,7.06,6.88,6.88,3787638,54719672.000
2010-08-19,6.95,7.18,6.95,6.99,6098333,89577872.000
2010-08-20,6.95,7.04,6.67,6.69,4624333,65271600.000
2010-08-23,6.69,6.82,6.65,6.74,2691751,37617264.000
2010-08-24,6.75,6.94,6.66,6.93,2985935,42132320.000
2010-08-25,6.84,6.92,6.68,6.71,2155345,30331672.000
2010-08-26,6.74,6.82,6.66,6.73,1604608,22440480.000
2010-08-27,6.74,6.90,6.72,6.88,2254033,31988056.000
2010-08-30,6.90,7.03,6.88,7.01,3939567,56995508.000
2010-08-31,7.02,7.17,6.95,7.05,4344828,63653784.000
2010-09-01,7.06,7.13,6.78,6.93,4688207,67787896.000
2010-09-02,7.00,7.39,6.96,7.39,10266492,154727680.000
2010-09-03,7.34,7.40,7.16,7.30,5702708,85819760.000
2010-09-06,7.30,7.47,7.23,7.29,4932614,74571160.000
2010-09-07,7.29,7.36,7.16,7.33,3404525,51141960.000
2010-09-08,7.29,7.35,7.20,7.30,3853128,57990280.000
2010-09-09,7.30,7.42,7.18,7.22,5501621,83034288.000
2010-09-10,7.29,7.59,7.22,7.45,7449756,114464144.000
2010-09-13,7.40,7.52,7.29,7.44,4719188,72254080.000
2010-09-14,7.46,7.68,7.37,7.57,5317295,82660264.000
2010-09-15,7.57,7.70,7.22,7.27,4164480,63868608.000
2010-09-16,7.25,7.32,6.92,7.14,4258037,62411480.000
2010-09-17,7.16,7.26,6.95,7.24,3072936,45475360.000
2010-09-20,7.24,7.33,7.10,7.17,2133125,31830124.000
2010-09-21,7.11,7.24,7.00,7.13,1504900,22174928.000
2010-09-27,7.13,7.38,7.13,7.36,2256017,33885920.000
2010-09-28,7.30,7.44,7.28,7.30,2527283,38436180.000
2010-09-29,7.34,7.44,7.16,7.16,2447336,36983744.000
2010-09-30,7.10,7.16,7.00,7.11,2222069,32557884.000
2010-10-08,7.15,7.35,7.09,7.26,3209294,48094784.000
2010-10-11,7.24,7.42,7.24,7.40,5136349,78109632.000
2010-10-12,7.41,7.43,7.17,7.25,4434858,66939244.000
2010-10-13,7.30,7.33,7.05,7.17,3122411,46263888.000
2010-10-14,7.20,7.20,6.66,6.84,7004668,100325312.000
2010-10-15,6.74,6.88,6.65,6.72,3632097,50851640.000
2010-10-18,6.70,6.84,6.48,6.79,3478547,48210084.000
2010-10-19,6.79,6.91,6.69,6.88,2937374,41481712.000
2010-10-20,6.76,7.00,6.70,6.84,4473915,63743252.000
2010-10-21,6.86,6.97,6.79,6.94,2975581,42532176.000
2010-10-22,6.90,6.94,6.84,6.89,3089283,44031216.000
2010-10-25,6.90,7.02,6.80,7.00,4410332,63197408.000
2010-10-26,7.03,7.15,6.91,7.14,6198343,90571320.000
2010-10-27,7.16,7.16,6.96,6.97,4711671,69027208.000
2010-10-28,6.95,7.09,6.91,6.95,3170155,45865712.000
2010-10-29,7.02,7.36,6.92,7.30,8149943,121822152.000
2010-11-01,7.39,7.85,7.39,7.76,15122877,239989456.000
2010-11-02,7.76,8.17,7.63,7.87,10918677,178593728.000
2010-11-03,7.87,7.89,7.50,7.52,6128969,97543320.000
2010-11-04,7.48,8.20,7.47,8.09,9565779,156447408.000
2010-11-05,8.15,8.58,7.95,8.35,9467628,162730992.000
2010-11-08,8.30,8.52,8.13,8.26,6478733,110636776.000
2010-11-09,8.25,8.56,8.14,8.35,6711100,115661352.000
2010-11-10,8.35,8.55,8.20,8.51,4972667,86191680.000
2010-11-11,8.44,8.65,8.15,8.15,6127944,106265568.000
2010-11-12,8.10,8.15,7.40,7.47,7094489,114282224.000
2010-11-15,7.55,7.68,7.31,7.63,4415307,68774832.000
2010-11-16,7.60,7.85,7.30,7.39,4382138,68854888.000
2010-11-17,7.30,7.46,7.03,7.16,2525954,38098580.000
2010-11-18,7.30,7.35,7.14,7.31,2015130,30286104.000
2010-11-19,7.39,7.52,7.26,7.51,2428403,37063608.000
2010-11-22,7.45,7.64,7.40,7.54,3384795,52671332.000
2010-11-23,7.48,7.48,7.08,7.27,3223747,48369688.000
2010-11-24,7.26,7.46,7.15,7.46,3084921,46874380.000
2010-11-25,7.49,7.69,7.48,7.69,4221965,66277540.000
2010-11-26,7.67,7.67,7.45,7.49,3387848,52660284.000
2010-11-29,7.47,7.61,7.42,7.54,2339352,36387888.000
2010-11-30,7.59,7.59,7.01,7.23,3031802,45462668.000
2010-12-01,7.20,7.32,7.16,7.23,1304996,19552018.000
2010-12-02,7.28,7.33,7.20,7.24,2451156,36865052.000
2010-12-03,7.23,7.24,7.03,7.08,1908534,28069818.000
2010-12-06,7.09,7.10,6.85,6.93,1939131,27983468.000
2010-12-07,6.85,7.11,6.85,7.09,1849739,26666404.000
2010-12-08,7.13,7.63,7.13,7.30,6642189,101806608.000
2010-12-09,7.26,7.67,7.17,7.42,7306131,113480432.000
2010-12-10,7.36,7.40,7.18,7.33,3413633,51278164.000
2010-12-13,7.34,7.85,7.32,7.61,7819791,122972280.000
2010-12-14,7.63,7.78,7.45,7.73,8203305,129518448.000
2010-12-15,7.68,8.04,7.59,7.90,8105533,130869984.000
2010-12-16,7.85,7.90,7.67,7.71,4833335,77409688.000
2010-12-17,7.70,7.84,7.57,7.66,3498677,55616208.000
2010-12-20,7.66,7.90,7.25,7.87,8253894,131354280.000
2010-12-21,7.82,7.82,7.58,7.78,4140745,66126120.000
2010-12-22,7.79,7.80,7.63,7.69,2836258,45136832.000
2010-12-23,7.71,7.74,7.38,7.40,2878096,44810728.000
2010-12-24,7.35,7.37,7.14,7.20,2981671,44619608.000
2010-12-27,7.24,7.34,6.88,6.93,3677650,54188156.000
2010-12-28,6.90,7.00,6.80,6.89,1817356,25952266.000
2010-12-29,6.95,7.01,6.73,7.00,2068845,29501390.000
2010-12-30,6.98,7.06,6.89,6.99,1600091,23168256.000
2010-12-31,6.95,7.11,6.95,7.08,2082763,30316824.000
2011-01-04,7.09,7.26,7.05,7.26,2980305,44139420.000
2011-01-05,7.20,7.49,7.18,7.23,4854141,73374184.000
2011-01-06,7.25,7.35,7.14,7.24,3432569,51173968.000
2011-01-07,7.23,7.23,7.08,7.18,2922714,43259320.000
2011-01-10,7.11,7.47,7.11,7.30,6412699,97504728.000
2011-01-11,7.30,7.30,6.92,7.01,3345879,48766748.000
2011-01-12,7.09,7.09,6.75,6.98,1835717,26469484.000
2011-01-13,7.00,7.05,6.90,7.03,1472906,21304752.000
2011-01-14,7.03,7.05,6.75,6.96,2705573,38856200.000
2011-01-17,6.80,6.90,6.55,6.56,2445407,33977772.000
2011-01-18,6.57,6.67,6.50,6.60,1428272,19532336.000
2011-01-19,6.60,7.23,6.55,7.05,5266655,75973512.000
2011-01-20,6.99,7.13,6.82,6.85,3137660,45413360.000
2011-01-21,6.78,7.43,6.76,7.14,6483151,96456976.000
2011-01-24,7.12,7.57,7.08,7.49,10295091,157539280.000
2011-01-25,7.40,7.40,6.94,6.99,5270910,77681192.000
2011-01-26,6.98,7.36,6.94,7.36,5294146,79028344.000
2011-01-27,7.26,7.76,7.20,7.47,10400206,162018960.000
2011-01-28,7.35,8.15,7.32,7.87,15479161,249720528.000
2011-01-31,7.80,8.35,7.71,8.24,14777736,246343648.000
2011-02-01,8.10,8.20,7.84,8.02,8949682,147309264.000
2011-02-09,7.95,8.40,7.85,8.11,10491675,176424704.000
2011-02-10,7.99,8.02,7.76,7.96,8432827,137285568.000
2011-02-11,7.92,8.59,7.87,8.28,13481565,230230416.000
2011-02-14,8.29,8.34,8.07,8.21,9621651,162685488.000
2011-02-15,8.25,8.79,8.21,8.33,15215451,267944352.000
2011-02-16,8.25,8.56,8.19,8.49,8877870,153421744.000
2011-02-17,8.49,8.71,8.24,8.52,9465377,164524544.000
2011-02-18,8.40,8.54,8.06,8.06,10654998,181010400.000
2011-02-21,8.00,8.22,7.96,8.15,6658666,111482768.000
2011-02-22,8.12,8.13,7.67,7.71,10485193,170138384.000
2011-02-23,7.75,7.84,7.60,7.76,5265611,84243072.000
2011-02-24,7.76,8.00,7.75,7.94,6082083,99369904.000
2011-02-25,7.90,7.96,7.75,7.87,4373483,70909440.000
2011-02-28,7.99,8.04,7.86,7.95,4898940,80248408.000
2011-03-01,7.95,8.03,7.82,7.86,5192085,84831624.000
2011-03-02,7.76,7.83,7.55,7.72,5393206,85547264.000
2011-03-03,7.74,7.75,7.55,7.59,4526006,71437536.000
2011-03-04,7.53,7.78,7.53,7.77,3652664,58041104.000
2011-03-07,7.81,7.87,7.73,7.82,4407307,71099184.000
2011-03-08,7.81,7.93,7.76,7.90,4041539,65659840.000
2011-03-09,7.90,8.21,7.89,8.09,9415358,156367392.000
2011-03-10,8.13,8.19,8.01,8.08,7659859,128053904.000
2011-03-11,8.09,8.33,8.03,8.19,7646047,129419960.000
2011-03-14,8.19,8.19,7.91,8.06,4945876,81896352.000
2011-03-15,8.06,8.06,7.67,7.81,4241191,68511664.000
2011-03-16,7.82,8.12,7.82,8.03,4141132,68608880.000
2011-03-17,7.95,7.97,7.76,7.81,3539464,57352856.000
2011-03-18,7.86,7.90,7.77,7.81,2414163,38925816.000
2011-03-21,7.81,7.92,7.76,7.86,2130176,34513028.000
2011-03-22,7.90,7.90,7.65,7.77,2186159,34981048.000
2011-03-23,7.73,7.98,7.73,7.93,3505697,57188716.000
2011-03-24,7.97,7.97,7.85,7.90,2430210,39660248.000
2011-03-25,7.90,8.08,7.89,8.01,3830617,63397388.000
2011-03-28,8.02,8.14,7.94,8.01,3975392,65985032.000
2011-03-29,8.05,8.37,7.95,8.25,12884678,219168000.000
2011-03-30,8.25,8.49,8.09,8.18,7233459,123424136.000
2011-03-31,8.17,8.24,7.85,8.04,4385793,72768352.000
2011-04-01,8.15,8.40,8.02,8.34,7428617,126635600.000
2011-04-06,8.25,8.34,8.09,8.23,4962962,83817120.000
2011-04-07,8.12,8.12,7.59,7.64,11674492,186646416.000
2011-04-08,7.62,7.66,7.51,7.64,4522392,71119016.000
2011-04-11,7.63,7.71,7.57,7.57,3244249,51168868.000
2011-04-12,7.58,7.58,7.36,7.41,4946227,75814600.000
2011-04-13,7.38,7.48,7.32,7.46,2304522,35348336.000
2011-04-14,7.47,7.59,7.46,7.50,2595541,40326892.000
2011-04-15,7.50,7.50,7.28,7.35,3812978,57931944.000
2011-04-18,7.31,7.46,7.24,7.44,2415405,36869268.000
2011-04-19,7.44,7.44,7.22,7.32,2796341,42235288.000
2011-04-20,7.40,7.40,7.25,7.38,1785639,27138354.000
2011-04-21,7.38,7.58,7.35,7.52,3958968,61226916.000
2011-04-22,7.50,7.73,7.42,7.69,5855230,92429176.000
2011-04-25,7.59,7.67,7.36,7.51,3165991,49184248.000
2011-04-26,7.45,7.53,7.22,7.44,2302747,34912288.000
2011-04-27,7.42,7.48,7.15,7.35,2716858,41145032.000
2011-04-28,7.32,7.36,7.06,7.07,1634039,24293256.000
2011-04-29,7.07,7.19,7.07,7.19,973464,14398911.000
2011-05-03,7.19,7.29,7.07,7.26,1263952,18809912.000
2011-05-04,7.28,7.30,7.07,7.12,1384753,20611642.000
2011-05-05,7.13,7.36,7.13,7.28,2427184,36409532.000
2011-05-06,7.34,7.39,7.13,7.34,2801912,42204188.000
2011-05-09,7.38,7.52,7.30,7.44,2794231,43009316.000
2011-05-11,7.47,7.61,7.40,7.53,3623416,56268432.000
2011-05-12,7.45,7.53,7.36,7.38,1751735,26976014.000
2011-05-13,7.32,7.41,7.25,7.36,1669437,25277770.000
2011-05-16,7.36,7.36,7.20,7.21,1400072,21072836.000
2011-05-17,7.21,7.30,7.17,7.24,1362421,20404972.000
2011-05-18,7.21,7.44,7.19,7.43,2268474,34542844.000
2011-05-19,7.43,7.79,7.43,7.69,6601243,104417576.000
2011-05-20,7.77,8.22,7.75,8.01,11456340,190323616.000
2011-05-23,7.97,8.17,7.80,8.07,10934286,181608016.000
2011-05-24,8.04,8.30,7.84,8.27,7632565,127572080.000
2011-05-25,8.27,8.47,8.11,8.45,9833348,167999792.000
2011-05-26,8.40,8.57,8.18,8.24,6739899,116113152.000
2011-05-27,8.15,8.41,7.98,7.99,6011455,101089056.000
2011-05-30,8.00,8.22,7.99,8.12,5657473,94466360.000
2011-05-31,8.12,8.12,7.67,7.99,6538056,105902936.000
2011-06-01,7.93,8.25,7.77,8.23,5769380,95673136.000
2011-06-02,8.09,8.30,8.01,8.20,8026034,135641584.000
2011-06-03,8.15,8.67,8.10,8.36,9748865,167558096.000
2011-06-07,8.28,8.67,8.27,8.55,8861627,154073024.000
2011-06-08,8.52,8.80,8.37,8.55,6641929,115204104.000
2011-06-09,8.63,8.73,8.22,8.23,6961522,120654984.000
2011-06-10,8.20,9.07,8.13,9.07,15161729,266283136.000
2011-06-13,9.14,9.32,8.85,9.18,14959258,276044384.000
2011-06-14,9.04,9.27,8.92,9.04,10896894,201545568.000
2011-06-15,9.04,9.14,8.69,8.71,11193877,202471888.000
2011-06-16,8.59,8.92,8.45,8.55,9774713,173356112.000
2011-06-17,8.46,8.64,8.25,8.30,7324627,125023616.000
2011-06-20,8.23,8.44,8.15,8.41,4046264,68204432.000
2011-06-21,8.41,8.53,8.03,8.32,5304188,89186896.000
2011-06-22,8.30,8.59,8.16,8.53,4580062,78711264.000
2011-06-23,8.50,8.54,8.20,8.46,4679300,79685312.000
2011-06-24,8.44,8.79,8.34,8.76,7870561,138564640.000
2011-06-27,8.74,8.87,8.61,8.84,6896133,123187840.000
2011-06-29,8.84,8.92,8.43,8.45,6908281,122008672.000
2011-06-30,8.45,8.90,8.45,8.88,6467294,114693712.000
2011-07-01,8.88,9.24,8.76,9.10,9497991,174615632.000
2011-07-04,9.14,9.35,8.96,9.09,7770050,144116288.000
2011-07-05,9.04,9.52,8.93,9.50,7951753,148211648.000
2011-07-06,9.41,9.95,9.35,9.80,12035367,236767744.000
2011-07-07,9.70,9.82,9.52,9.57,7965534,156097648.000
2011-07-08,9.56,9.65,9.39,9.58,4468136,86405864.000
2011-07-11,9.50,10.27,9.50,9.89,7919125,160075632.000
2011-07-12,9.75,10.10,9.70,9.83,6079995,122075968.000
2011-07-13,9.72,10.08,9.72,9.94,7140844,142995856.000
2011-07-14,9.94,10.05,9.74,9.94,5963939,119683536.000
2011-07-15,9.85,10.77,9.80,10.51,9009564,189209488.000
2011-07-18,10.51,10.80,10.35,10.53,6532649,139139136.000
2011-07-19,10.49,10.68,10.27,10.60,4477291,95417560.000
2011-07-20,10.67,10.80,9.84,10.04,9751498,202581696.000
2011-07-21,10.04,10.13,9.81,9.86,4532887,91582880.000
2011-07-22,9.90,10.00,9.63,9.71,6076287,120960424.000
2011-07-25,9.55,9.83,9.35,9.49,4857453,94638336.000
2011-07-26,9.47,9.60,9.38,9.59,2772090,53543332.000
2011-07-27,9.60,9.99,9.51,9.89,4525606,90180496.000
2011-07-28,9.79,9.87,9.60,9.68,2683480,52905896.000
2011-07-29,9.65,10.16,9.65,9.91,3880459,78597256.000
2011-08-01,9.91,10.64,9.87,10.44,5590462,117150688.000
2011-08-02,10.44,10.44,10.05,10.30,4060912,83932312.000
2011-08-03,10.15,10.31,10.07,10.19,2188522,45230008.000
2011-08-04,10.19,10.43,9.90,9.94,3424199,70488056.000
2011-08-05,9.59,9.72,9.35,9.50,4483947,86938472.000
2011-08-08,9.36,9.36,8.60,9.27,5802825,107407560.000
2011-08-09,8.85,9.23,8.70,9.04,4057504,74206112.000
2011-08-10,9.25,9.35,9.00,9.05,3596302,66901108.000
2011-08-11,8.85,8.89,8.49,8.80,9560330,169008544.000
2011-08-12,8.80,9.00,8.77,8.78,5990516,108098592.000
2011-08-15,8.75,8.84,8.72,8.83,5642146,100797000.000
2011-08-16,8.85,9.23,8.81,9.06,7166637,132233856.000
2011-08-17,9.05,9.33,8.95,9.23,5479351,101712280.000
2011-08-18,9.17,9.27,8.86,8.90,3662725,67322120.000
2011-08-19,8.70,8.70,8.45,8.50,3365563,58756228.000
2011-08-22,8.41,8.65,8.31,8.35,2465368,42603540.000
2011-08-23,8.47,8.85,8.40,8.84,3555212,62739292.000
2011-08-24,8.90,8.97,8.66,8.72,2651451,47588820.000
2011-08-25,8.69,8.90,8.60,8.82,2128528,37947196.000
2011-08-26,8.80,8.82,8.58,8.66,3051084,53815344.000
2011-08-29,8.70,8.77,8.44,8.45,2782005,48535528.000
2011-08-30,8.50,8.67,8.40,8.48,2234136,38823676.000
2011-08-31,8.47,8.65,8.41,8.53,1351703,23422160.000
2011-09-01,8.55,8.62,8.45,8.56,1781761,31024064.000
2011-09-02,8.55,8.67,8.47,8.59,2070300,36160608.000
2011-09-05,8.39,8.48,8.09,8.14,2591809,43626684.000
2011-09-07,8.04,8.37,8.02,8.34,3505656,58509188.000
2011-09-08,8.33,8.34,8.20,8.22,1349902,22725012.000
2011-09-09,8.26,8.34,8.16,8.30,1139007,19132968.000
2011-09-13,8.10,8.29,8.02,8.16,707799,11689511.000
2011-09-14,8.17,8.22,7.45,7.90,5087311,80820296.000
2011-09-15,7.89,7.96,7.79,7.82,1443302,23131224.000
2011-09-16,7.89,7.92,7.60,7.70,1455719,23146624.000
2011-09-19,7.65,7.80,7.54,7.66,1207592,18880196.000
2011-09-20,7.75,7.90,7.60,7.81,1339922,21259220.000
2011-09-21,7.91,8.21,7.76,8.15,2906803,47751860.000
2011-09-22,8.05,8.42,8.05,8.11,3551638,59830760.000
2011-09-23,7.90,8.11,7.75,8.03,1715828,27783472.000
2011-09-26,8.02,8.13,7.80,7.90,1753921,28324092.000
2011-09-27,8.18,8.18,7.90,7.96,1203826,19773648.000
2011-09-28,8.00,8.07,7.82,7.90,1067164,17230200.000
2011-09-29,7.98,8.03,7.60,7.83,1886703,30517788.000
2011-09-30,7.87,7.95,7.70,7.88,1408561,22445278.000
2011-10-10,7.90,8.01,7.78,7.99,653968,10554850.000
2011-10-11,8.21,8.27,7.95,8.11,1690327,27865492.000
2011-10-12,8.12,8.42,8.00,8.38,2429098,41019216.000
2011-10-13,8.35,8.51,8.30,8.38,2321333,39830168.000
2011-10-14,8.38,8.44,8.23,8.29,969098,16381402.000
2011-10-17,8.30,8.43,8.27,8.39,911924,15521470.000
2011-10-18,8.36,8.38,8.05,8.09,1015200,16991484.000
2011-10-19,8.10,8.43,8.03,8.30,2334147,39457956.000
2011-10-20,8.30,8.30,7.77,7.77,2228065,36229408.000
2011-10-21,7.68,7.84,6.98,7.15,3985155,58861148.000
2011-10-24,7.12,7.36,6.95,7.30,1875086,27404724.000
2011-10-25,7.30,7.68,7.25,7.67,2419935,37255044.000
2011-10-26,7.62,7.97,7.60,7.82,2630722,42191520.000
2011-10-27,7.85,8.02,7.75,7.88,1426903,22999570.000
2011-10-28,7.95,8.40,7.90,8.33,2568020,42521380.000
2011-10-31,8.25,8.29,8.10,8.21,1693071,28233100.000
2011-11-01,8.15,8.38,8.11,8.22,1286824,21701760.000
2011-11-02,8.06,8.34,8.06,8.31,1619385,27225264.000
2011-11-03,8.38,8.57,8.26,8.41,3978947,68436368.000
2011-11-04,8.45,8.49,8.35,8.39,1129177,19358748.000
2011-11-07,8.39,8.44,8.26,8.29,837792,14206612.000
2011-11-08,8.33,8.33,8.17,8.24,1015234,17000728.000
2011-11-09,8.29,8.40,8.26,8.36,1233942,20939836.000
2011-11-11,8.25,8.57,8.25,8.40,2776930,47853136.000
2011-11-14,8.45,8.81,8.45,8.79,3370497,59403024.000
2011-11-15,8.84,8.92,8.68,8.80,1299084,23206456.000
2011-11-16,8.80,9.01,8.70,8.77,4971604,89887824.000
2011-11-17,8.67,9.29,8.67,9.14,5799485,107233688.000
2011-11-23,9.00,9.00,8.35,8.56,12875422,225068976.000
2011-11-24,8.42,8.81,8.28,8.64,3991519,70427112.000
2011-11-25,8.53,8.94,8.48,8.52,4795405,85581320.000
2011-11-28,8.41,8.64,8.41,8.56,2942344,51301088.000
2011-11-29,8.64,9.02,8.58,8.99,5448805,98179608.000
2011-11-30,8.91,9.17,8.75,8.89,5921707,107654136.000
2011-12-01,9.15,9.43,8.90,9.06,6885213,128883408.000
2011-12-02,9.10,9.21,8.93,9.13,2685736,49645988.000
2011-12-05,9.00,9.14,8.85,8.92,2790359,50939588.000
2011-12-06,8.85,8.94,8.44,8.74,3256776,57688832.000
2011-12-07,8.68,9.12,8.67,9.02,2942827,53567052.000
2011-12-08,9.01,9.21,8.95,9.15,3006217,55606836.000
2011-12-09,9.10,9.39,8.98,9.10,2428583,45469072.000
2011-12-12,9.06,9.18,8.89,8.96,1295796,23652364.000
2011-12-13,8.92,9.01,8.35,8.40,3150205,54838392.000
2011-12-14,8.39,8.55,7.97,8.02,2304307,38583012.000
2011-12-15,8.02,8.02,7.75,7.75,2265225,36163664.000
2011-12-16,7.66,8.09,7.60,8.09,1948506,31420908.000
2011-12-19,8.05,8.30,7.91,8.27,1716973,28596932.000
2011-12-20,8.20,8.32,8.10,8.10,983198,16451070.000
2011-12-21,8.25,8.36,8.02,8.04,1177785,19735952.000
2011-12-22,7.92,8.06,7.65,7.89,1440578,22937608.000
2011-12-23,7.92,8.12,7.80,7.95,741100,12018577.000
2011-12-26,7.92,8.13,7.91,8.10,1206739,19803112.000
2011-12-27,8.03,8.22,8.03,8.10,865983,14367135.000
2011-12-28,8.02,8.10,7.57,7.75,1963973,31132168.000
2011-12-29,7.75,8.13,7.75,8.12,893141,14478907.000
2011-12-30,8.17,8.29,8.10,8.24,816852,13645356.000
2012-01-04,8.32,8.43,8.13,8.16,833825,14091884.000
2012-01-05,8.22,8.22,7.33,7.34,1962968,30784884.000
2012-01-06,7.35,7.37,6.79,7.33,1804244,26129716.000
2012-01-09,7.34,7.92,7.25,7.90,853547,13194324.000
2012-01-10,7.90,8.35,7.76,8.34,1468596,24497816.000
2012-01-11,8.40,8.43,8.15,8.22,1819983,30779652.000
2012-01-12,8.26,8.33,8.04,8.10,1364835,22674980.000
2012-01-13,8.10,8.10,7.46,7.90,1282827,20609190.000
2012-01-16,7.85,7.89,7.60,7.60,1207982,18889176.000
2012-01-17,7.60,8.14,7.60,8.10,2529419,40379336.000
2012-01-18,8.05,8.22,8.00,8.03,1568019,25947380.000
2012-01-19,8.03,8.13,7.85,7.96,1298128,21241880.000
2012-01-20,7.87,8.10,7.73,8.02,1081774,17405720.000
2012-01-30,8.00,8.15,7.87,8.15,1397931,23048008.000
2012-01-31,8.15,8.20,8.05,8.20,778715,12892862.000
2012-02-01,8.17,8.21,7.79,8.04,2916702,47518036.000
2012-02-02,8.04,8.08,7.59,7.85,3762710,59376300.000
2012-02-03,7.79,7.79,7.58,7.67,4510446,70661200.000
2012-02-06,7.68,7.79,7.47,7.78,5790804,90023504.000
2012-02-07,7.65,7.71,7.62,7.65,2200808,34389100.000
2012-02-08,7.66,7.77,7.58,7.73,2819015,44255860.000
2012-02-09,7.74,7.82,7.71,7.75,3750281,59455396.000
2012-02-10,7.76,7.86,7.73,7.82,3181127,50597928.000
2012-02-13,7.76,7.84,7.68,7.83,2307788,36607700.000
2012-02-14,7.84,8.06,7.83,7.97,4455961,72311328.000
2012-02-15,7.97,8.05,7.85,7.99,3001450,48716672.000
2012-02-16,7.99,8.17,7.95,8.08,3585798,58757072.000
2012-02-17,8.14,8.15,8.00,8.08,2645954,43461980.000
2012-02-21,8.09,8.23,7.95,8.22,3765847,62319536.000
2012-02-22,8.10,8.51,8.05,8.49,6759792,114417776.000
2012-02-23,8.45,8.79,8.35,8.63,4079529,71668304.000
2012-02-24,8.65,8.74,8.50,8.70,3129836,54947124.000
2012-02-27,8.70,8.80,8.56,8.60,2637241,46534068.000
2012-02-28,8.59,8.60,8.29,8.47,3782097,64933972.000
2012-02-29,8.48,8.70,8.42,8.46,2248566,39178576.000
2012-03-01,8.43,8.57,8.43,8.54,2320573,40169012.000
2012-03-02,8.61,8.69,8.54,8.68,2059483,36112936.000
2012-03-05,8.71,9.01,8.60,8.82,3299755,59661932.000
2012-03-06,8.84,8.98,8.58,8.72,3087020,54654816.000
2012-03-07,8.68,8.71,8.53,8.62,2753194,48223516.000
2012-03-09,8.67,8.97,8.61,8.96,4968995,88877344.000
2012-03-12,8.94,9.05,8.85,8.92,1921316,34915268.000
2012-03-13,8.95,9.27,8.95,9.14,4649549,86305784.000
2012-03-14,9.15,9.22,8.59,8.68,3850749,69990616.000
2012-03-15,8.65,8.74,8.40,8.67,1479682,25850864.000
2012-03-16,8.67,8.92,8.65,8.91,2200211,39472676.000
2012-03-19,8.91,8.99,8.77,8.93,1377190,24916318.000
2012-03-20,8.93,9.00,8.64,8.69,2105683,37481908.000
2012-03-21,8.70,8.90,8.62,8.69,2317922,41320704.000
2012-03-22,8.78,9.10,8.77,8.95,4384570,79873264.000
2012-03-23,8.93,8.94,8.60,8.67,2234148,39855536.000
2012-03-26,8.57,8.64,8.31,8.35,1978368,34157360.000
2012-03-27,8.37,8.50,8.31,8.39,1321961,22597914.000
2012-03-28,8.37,8.46,8.10,8.12,2126974,35792148.000
2012-03-29,8.09,8.28,7.90,8.06,1895488,31368070.000
2012-03-30,8.10,8.29,8.02,8.14,912179,15154401.000
2012-04-05,8.20,8.60,8.15,8.59,2202940,37799148.000
2012-04-06,8.59,8.87,8.55,8.74,1823931,32472872.000
2012-04-09,8.57,8.93,8.57,8.76,1703102,30474144.000
2012-04-10,8.67,8.77,8.38,8.71,1597923,27857764.000
2012-04-11,8.60,8.89,8.49,8.88,1693235,30225102.000
2012-04-12,8.85,8.90,8.71,8.88,1879771,33798284.000
2012-04-13,8.87,8.95,8.69,8.81,1978330,35446380.000
2012-04-16,8.81,8.94,8.71,8.91,1682063,30280288.000
2012-04-17,8.89,8.91,8.62,8.71,1472745,26223264.000
2012-04-18,8.71,9.17,8.69,9.05,4732986,86838256.000
2012-04-19,9.04,9.46,9.04,9.22,6673361,126064392.000
2012-04-20,9.12,9.56,9.12,9.33,4286607,81847352.000
2012-04-23,9.38,9.65,9.21,9.46,3821457,73419544.000
2012-04-24,9.40,9.49,8.86,9.35,4125600,76982128.000
2012-04-25,9.27,9.82,9.13,9.75,5891559,114647840.000
2012-04-26,9.84,9.84,9.47,9.51,4587868,89904984.000
2012-04-27,9.55,9.58,9.35,9.39,1561304,30016610.000
2012-05-02,9.67,9.67,9.20,9.22,3552217,67700448.000
2012-05-03,9.22,9.39,9.19,9.22,2545615,47957936.000
2012-05-04,9.25,9.38,9.17,9.37,2534431,47748800.000
2012-05-07,9.36,9.57,9.19,9.55,2990533,57275472.000
2012-05-08,9.52,9.55,9.29,9.32,1963559,37687172.000
2012-05-09,9.20,9.28,9.00,9.19,1917736,35730576.000
2012-05-10,9.20,9.21,8.99,9.12,1250889,23156244.000
2012-05-11,9.17,9.30,9.00,9.10,1520200,28310842.000
2012-05-14,9.24,9.33,9.11,9.20,1559630,29297556.000
2012-05-15,9.15,9.17,8.99,9.14,884065,16290579.000
2012-05-16,9.14,9.42,9.09,9.35,2190329,41349848.000
2012-05-17,9.42,9.49,9.28,9.39,2123840,40498472.000
2012-05-18,9.35,9.39,8.99,9.18,1381490,25754956.000
2012-05-21,9.19,9.60,9.19,9.31,2866732,54772296.000
2012-05-22,9.47,9.49,9.36,9.47,2398408,46065756.000
2012-05-23,9.50,10.00,9.46,9.91,6710128,133441216.000
2012-05-24,9.95,10.14,9.69,9.86,4552803,91581512.000
2012-05-25,9.91,10.18,9.71,9.94,3810622,77342480.000
2012-05-28,9.85,10.16,9.63,9.93,3678431,74320336.000
2012-05-29,10.00,10.05,9.72,9.88,3380349,67778752.000
2012-05-30,9.87,9.93,9.76,9.83,1841084,36818456.000
2012-05-31,9.72,10.20,9.72,10.08,2909681,59209176.000
2012-06-01,10.09,10.19,9.95,9.96,1778675,36400492.000
2012-06-04,9.83,10.00,9.60,9.72,2334105,46480064.000
2012-06-05,9.68,9.78,9.62,9.67,950464,18706044.000
2012-06-06,9.69,9.72,9.10,9.22,2889938,55070000.000
2012-06-07,9.29,9.43,9.25,9.30,1485793,28130544.000
2012-06-08,9.40,9.40,9.20,9.36,1668285,31569716.000
2012-06-11,9.36,9.55,9.27,9.52,892019,17148758.000
2012-06-12,9.49,9.49,9.28,9.32,973362,18448528.000
2012-06-13,9.35,9.67,9.29,9.66,1211409,23353488.000
2012-06-14,9.65,9.77,9.56,9.59,996472,19588906.000
2012-06-15,9.60,9.67,9.45,9.56,711735,13836437.000
2012-06-18,9.62,9.71,9.55,9.66,1127749,22107476.000
2012-06-19,9.72,9.72,9.55,9.62,540090,10556810.000
2012-06-20,9.60,9.67,9.38,9.42,907822,17473440.000
2012-06-21,9.39,9.44,9.14,9.26,991214,18590984.000
2012-06-26,9.05,9.17,8.76,9.13,1724965,31297352.000
2012-06-27,9.14,9.26,8.80,8.84,883405,16290072.000
2012-06-28,8.85,9.02,8.66,8.85,2942547,52596496.000
2012-06-29,8.85,9.06,8.75,8.94,690474,12548996.000
2012-07-02,9.07,9.15,8.84,9.13,1213449,22265040.000
2012-07-03,9.20,9.20,8.95,9.01,1322200,24327344.000
2012-07-04,9.08,9.08,8.78,8.84,1003780,18084404.000
2012-07-05,8.84,8.84,8.40,8.48,2092393,36471868.000
2012-07-06,8.47,8.69,8.16,8.59,2754971,46993792.000
2012-07-09,8.59,8.67,8.24,8.60,2813932,48239108.000
2012-07-10,8.53,8.55,8.34,8.35,1258164,21458396.000
2012-07-11,8.35,8.72,8.35,8.67,3334009,58514204.000
2012-07-12,8.70,8.94,8.61,8.90,1253144,22383308.000
2012-07-13,8.90,8.92,8.80,8.86,400211,7214356.000
2012-07-16,8.87,8.90,8.72,8.74,2134710,38235468.000
2012-07-17,8.87,8.95,8.75,8.85,568060,10240729.000
2012-07-18,8.84,8.94,8.74,8.91,367680,6603203.000
2012-07-19,8.79,8.95,8.79,8.79,659769,11922529.000
2012-07-20,8.84,8.84,8.68,8.71,545830,9692433.000
2012-07-23,8.65,8.66,8.35,8.60,627309,10883979.000
2012-07-24,8.65,8.65,8.56,8.62,357501,6270628.000
2012-07-25,8.62,8.66,8.55,8.60,413903,7244415.000
2012-07-26,8.60,8.64,8.56,8.60,659476,11547989.000
2012-07-27,8.60,8.84,8.60,8.80,464935,8288101.000
2012-07-30,8.82,8.82,8.66,8.68,281644,4998437.000
2012-07-31,8.63,8.70,8.53,8.67,423237,7430595.000
2012-08-01,8.71,9.00,8.61,9.00,999714,18087496.000
2012-08-02,9.00,9.09,8.88,8.99,684182,12474828.000
2012-08-03,9.09,9.09,8.85,9.00,656137,11951761.000
2012-08-06,8.95,9.07,8.95,9.05,563409,10351991.000
2012-08-07,9.09,9.10,9.00,9.07,482784,8897307.000
2012-08-08,9.08,9.12,8.91,9.05,493623,9057931.000
2012-08-09,9.06,9.08,8.95,9.05,370253,6798077.000
2012-08-10,9.06,9.10,8.97,9.05,296153,5434656.000
2012-08-13,9.05,9.05,8.75,8.76,590272,10602179.000
2012-08-14,8.71,8.77,8.64,8.70,553832,9791086.000
2012-08-15,8.70,8.80,8.67,8.70,456988,8000765.000
2012-08-16,8.80,8.80,8.59,8.60,589168,10217613.000
2012-08-17,8.60,8.64,8.54,8.61,441100,7632544.000
2012-08-20,8.60,8.60,8.47,8.57,466285,7985122.000
2012-08-21,8.57,8.70,8.51,8.70,748849,12971584.000
2012-08-22,8.67,8.74,8.63,8.66,361737,6320403.000
2012-08-23,8.67,8.67,8.38,8.38,1303842,22198892.000
2012-08-24,8.35,8.35,7.54,7.67,8070534,125317352.000
2012-08-27,7.63,7.63,7.52,7.55,1897080,28927494.000
2012-08-28,7.58,7.83,7.56,7.61,1274649,19710204.000
2012-08-29,7.61,7.61,7.30,7.37,2175387,32562302.000
2012-08-30,7.35,7.44,7.32,7.39,749580,11136335.000
2012-08-31,7.39,7.51,7.14,7.36,1641695,24127880.000
2012-09-03,7.30,7.47,7.29,7.47,953445,14195215.000
2012-09-04,7.47,7.47,7.23,7.25,1078735,15944483.000
2012-09-05,7.22,7.29,7.10,7.20,692810,10024491.000
2012-09-06,7.36,7.69,7.32,7.35,2577283,38586876.000
2012-09-07,7.38,8.09,7.38,8.09,5438494,85598400.000
2012-09-10,7.95,8.39,7.93,8.10,6638421,109156720.000
2012-09-11,8.10,8.32,8.03,8.16,3032994,49708376.000
2012-09-12,8.21,8.28,7.98,8.25,2682709,44146468.000
2012-09-13,8.22,8.71,8.11,8.46,4195971,71132984.000
2012-09-14,8.49,8.69,8.25,8.29,6000104,102891680.000
2012-09-17,8.29,8.36,8.10,8.23,1523580,25239880.000
2012-09-18,8.15,8.18,7.98,7.98,1244704,20230432.000
2012-09-19,8.03,8.08,7.89,7.93,801327,12858481.000
2012-09-20,7.93,7.99,7.65,7.66,944204,14890390.000
2012-09-21,7.60,7.69,7.45,7.59,985449,14994312.000
2012-09-24,7.46,7.89,7.45,7.87,955261,14898496.000
2012-09-25,7.77,7.96,7.77,7.92,923133,14691412.000
2012-09-26,8.07,8.07,7.81,7.85,568745,9009236.000
2012-09-27,7.89,8.28,7.87,8.20,1722891,28091700.000
2012-09-28,8.16,8.34,8.16,8.26,1268334,21153624.000
2012-10-08,8.26,8.35,8.13,8.29,460619,7656762.000
2012-10-09,8.23,8.65,8.23,8.59,2745359,47047980.000
2012-10-10,8.50,8.70,8.50,8.59,2345928,40722544.000
2012-10-11,8.59,8.86,8.59,8.62,1751262,30757670.000
2012-10-12,8.63,8.72,8.45,8.58,769274,13272647.000
2012-10-15,8.58,8.74,8.30,8.46,808021,13761845.000
2012-10-16,8.44,8.64,8.35,8.56,650511,11176931.000
2012-10-17,8.60,8.76,8.51,8.52,3247418,56598224.000
2012-10-18,8.70,8.77,8.50,8.62,1877860,32523244.000
2012-10-19,8.62,8.70,8.57,8.61,1798575,31202866.000
2012-10-22,8.59,8.59,8.34,8.46,1047435,17750508.000
2012-10-23,8.52,8.72,8.48,8.48,1592782,27497484.000
2012-10-24,8.47,8.50,8.22,8.33,1179207,19767808.000
2012-10-25,8.20,8.33,8.07,8.12,605240,10026827.000
2012-10-26,8.12,8.12,7.87,7.90,1215839,19524308.000
2012-10-29,7.87,8.13,7.77,8.07,704806,11395468.000
2012-10-30,8.10,8.24,8.04,8.05,573613,9372936.000
2012-10-31,8.02,8.30,8.02,8.18,2155977,35522552.000
2012-11-01,8.15,8.36,8.15,8.26,1927223,32038010.000
2012-11-02,8.26,8.26,7.99,8.16,1902354,31075076.000
2012-11-05,8.15,8.36,8.11,8.25,1539113,25566324.000
2012-11-06,8.23,8.32,8.04,8.31,934493,15417292.000
2012-11-07,8.35,8.38,8.11,8.19,698366,11577556.000
2012-11-08,8.11,8.27,7.85,7.86,1391818,22488984.000
2012-11-09,7.86,8.21,7.83,8.21,2490858,40634864.000
2012-11-12,8.19,8.47,8.14,8.41,3683598,61991092.000
2012-11-13,8.35,8.45,8.16,8.19,1466167,24384844.000
2012-11-14,8.19,8.20,7.92,8.00,1070142,17299524.000
2012-11-15,7.95,8.11,7.90,7.92,542318,8738874.000
2012-11-16,7.91,8.10,7.90,8.09,3458636,55769140.000
2012-11-19,8.09,8.28,7.99,8.25,2248498,37047440.000
2012-11-20,8.28,8.41,8.19,8.23,940600,15713106.000
2012-11-21,8.22,8.36,8.05,8.26,804257,13219607.000
2012-11-22,8.14,8.22,8.10,8.14,358602,5874593.000
2012-11-23,8.11,8.35,8.11,8.29,753574,12547896.000
2012-11-26,8.30,8.40,8.15,8.31,713644,11946532.000
2012-11-27,8.31,8.42,8.13,8.14,793750,13197439.000
2012-11-28,7.97,8.05,7.70,7.97,1326826,20976842.000
2012-11-29,7.88,7.97,7.77,7.82,809602,12844220.000
2012-11-30,7.73,8.11,7.73,8.07,1168126,18725432.000
2012-12-03,8.00,8.07,7.90,7.91,515000,8256933.000
2012-12-04,7.85,8.04,7.85,8.02,677731,10819358.000
2012-12-05,8.02,8.34,7.95,8.21,1505166,24791160.000
2012-12-06,8.21,8.27,7.98,7.99,2155924,34959584.000
2012-12-07,8.02,8.11,7.90,8.00,5241635,84569496.000
2012-12-10,8.01,8.64,7.95,8.47,4618297,77509288.000
2012-12-11,8.45,8.52,8.38,8.40,2299392,39032484.000
2012-12-12,8.49,8.64,8.41,8.61,3515986,60351024.000
2012-12-13,8.55,8.63,8.45,8.46,1696989,29198344.000
2012-12-14,8.40,8.84,8.40,8.81,4176373,73050064.000
2012-12-17,8.91,8.91,8.72,8.80,2645053,46940744.000
2012-12-18,8.82,8.89,8.60,8.67,1795796,31605934.000
2012-12-19,8.67,8.84,8.57,8.80,2630921,46294344.000
2012-12-20,8.76,8.77,8.45,8.65,2951648,51033900.000
2012-12-21,8.56,8.78,8.51,8.63,1519240,26395984.000
2012-12-24,8.56,8.83,8.56,8.80,2335022,40691616.000
2012-12-25,8.75,9.10,8.72,9.05,3557066,63657120.000
2012-12-26,9.00,9.13,8.61,8.89,6092341,107639760.000
2012-12-27,8.81,8.86,8.65,8.76,2916944,51503592.000
2012-12-28,8.80,9.09,8.76,9.05,5809081,104587944.000
2012-12-31,9.05,9.23,8.97,9.10,3572431,65341620.000
2013-01-04,9.20,9.45,9.03,9.33,3829811,70710688.000
2013-01-07,9.33,10.13,9.26,9.53,8529820,165790496.000
2013-01-08,9.56,9.95,9.46,9.84,4141705,80863112.000
2013-01-09,9.74,10.01,9.63,9.77,4018254,79735368.000
2013-01-10,9.72,10.02,9.72,9.86,3132957,62112624.000
2013-01-11,9.90,10.70,9.86,10.20,8618746,178031872.000
2013-01-14,10.20,10.84,10.15,10.56,7926029,166906144.000
2013-01-15,10.68,10.85,10.27,10.50,7094037,149066032.000
2013-01-16,10.40,10.55,10.18,10.53,6841937,142493040.000
2013-01-17,10.56,10.57,10.13,10.18,3925202,81074056.000
2013-01-18,10.22,10.35,10.10,10.34,3116899,64026084.000
2013-01-21,10.34,10.63,10.20,10.40,2830876,59440468.000
2013-01-22,10.40,10.40,9.85,9.90,3107687,62636244.000
2013-01-23,9.90,10.10,9.83,9.99,1695361,33895116.000
2013-01-24,9.98,10.09,9.51,9.60,2966214,58233432.000
2013-01-25,9.60,9.84,9.55,9.63,2163687,42147272.000
2013-01-28,9.60,9.94,9.60,9.90,1610317,31889608.000
2013-01-29,9.88,10.11,9.85,10.10,1706262,34428032.000
2013-01-30,10.10,10.15,9.59,9.80,4121905,81355568.000
2013-01-31,9.77,9.90,9.65,9.78,1522522,29831162.000
2013-02-01,9.70,10.03,9.67,10.03,2282011,45636104.000
2013-02-04,10.08,10.41,9.80,9.85,3727687,76020408.000
2013-02-05,9.85,10.20,9.64,9.92,2636267,52762496.000
2013-02-06,9.94,10.03,9.75,9.97,2015120,40055320.000
2013-02-07,10.07,10.10,9.84,9.97,1158014,23216596.000
2013-02-08,9.95,10.39,9.95,10.24,3647547,75180920.000
2013-02-18,10.20,10.55,10.18,10.43,2360979,49320688.000
2013-02-19,10.35,10.80,10.30,10.32,3677851,77924496.000
2013-02-20,10.38,10.59,10.33,10.57,2638156,55612672.000
2013-02-21,10.54,10.54,10.10,10.13,2253638,46512396.000
2013-02-22,10.13,10.25,9.87,9.92,2158107,43440592.000
2013-02-25,9.95,10.14,9.89,10.07,917916,18489490.000
2013-02-26,9.99,10.18,9.89,9.89,1208048,24347986.000
2013-02-27,9.90,10.05,9.73,9.86,1418819,28090868.000
2013-02-28,9.84,10.17,9.77,10.09,1791878,36126792.000
2013-03-01,10.09,10.34,10.03,10.26,2162166,44280568.000
2013-03-04,10.21,10.34,9.85,10.00,2912565,58879720.000
2013-03-05,10.00,10.18,9.86,10.17,2170938,43946028.000
2013-03-06,10.23,10.39,10.13,10.31,2237611,46233656.000
2013-03-07,10.25,10.31,9.88,9.95,3127130,63213052.000
2013-03-08,9.94,10.07,9.74,9.95,2512002,49789048.000
2013-03-11,9.80,10.07,9.80,9.97,1827514,36601916.000
2013-03-12,9.91,10.03,9.70,9.83,1432742,28416256.000
2013-03-13,9.80,9.85,9.70,9.78,579468,11387325.000
2013-03-14,9.72,9.99,9.72,9.85,718546,14315337.000
2013-03-15,9.88,10.22,9.80,10.10,1534193,31061784.000
2013-03-18,10.10,10.10,9.80,9.84,925773,18447142.000
2013-03-19,9.89,9.91,9.71,9.88,836021,16458616.000
2013-03-20,9.88,10.13,9.88,10.10,1274121,25679156.000
2013-03-21,10.10,10.20,10.00,10.19,2218255,45076240.000
2013-03-22,10.20,10.48,10.20,10.32,3450240,71916720.000
2013-03-25,10.32,10.39,10.17,10.30,1485180,30758756.000
2013-03-26,10.30,10.30,9.89,10.06,1551833,31329454.000
2013-03-27,10.06,10.16,9.99,10.09,1332605,27029500.000
2013-03-28,10.00,10.00,9.70,9.73,2482594,48993240.000
2013-03-29,9.75,9.85,9.52,9.53,1372341,26555440.000
2013-04-01,9.55,9.74,9.55,9.65,1148091,22221780.000
2013-04-02,9.70,9.71,9.35,9.42,1718185,32796580.000
2013-04-03,9.45,9.45,9.25,9.43,1206249,22693828.000
2013-04-08,9.34,9.35,8.95,9.16,2265224,41340180.000
2013-04-09,9.16,9.39,9.09,9.29,1950272,36272200.000
2013-04-10,9.29,9.53,9.23,9.52,1770428,33457226.000
2013-04-11,9.55,9.63,9.49,9.60,1610323,30970856.000
2013-04-12,9.55,9.96,9.55,9.77,2815495,55598888.000
2013-04-15,9.56,9.84,9.45,9.57,744405,14294860.000
2013-04-16,9.47,9.73,9.47,9.65,915085,17749338.000
2013-04-17,9.63,9.82,9.54,9.82,1956372,38108048.000
2013-04-18,9.69,10.34,9.69,10.19,4568324,93194312.000
2013-04-19,10.19,10.53,10.10,10.52,4445121,92720744.000
2013-04-22,10.55,10.68,10.28,10.39,3816036,79978080.000
2013-04-23,10.40,10.43,9.90,10.09,4379794,88605968.000
2013-04-24,9.99,10.29,9.99,10.27,2345288,47759244.000
2013-04-25,10.22,10.42,10.10,10.24,2215195,45760140.000
2013-04-26,10.26,10.38,10.18,10.23,1610651,33315800.000
2013-05-02,10.26,10.50,10.17,10.43,1581347,32889396.000
2013-05-03,10.40,10.84,10.40,10.81,4206509,90628840.000
2013-05-06,10.94,11.29,10.88,11.01,5553563,123089584.000
2013-05-07,10.97,12.05,10.92,11.85,6794834,157004896.000
2013-05-08,11.85,12.02,11.56,12.01,3607331,85260536.000
2013-05-09,11.97,11.97,11.61,11.76,2804142,66180408.000
2013-05-10,11.70,11.84,11.20,11.38,4786530,109735520.000
2013-05-13,11.41,11.64,11.33,11.55,2313627,53503788.000
2013-05-14,11.45,11.51,11.00,11.05,2962998,66849200.000
2013-05-15,11.09,11.23,10.95,11.19,2429397,54304092.000
2013-05-16,11.16,11.77,11.16,11.45,3031857,69934512.000
2013-05-17,11.46,11.59,11.34,11.49,1938043,44561696.000
2013-05-20,11.69,12.08,11.60,11.79,2893345,68895488.000
2013-05-21,11.78,11.99,11.60,11.72,3066176,72359976.000
2013-05-22,11.70,11.70,11.34,11.43,2502078,57719956.000
2013-05-23,11.40,11.69,11.35,11.44,2053391,47659016.000
2013-05-24,11.44,11.77,11.35,11.76,1974559,45936528.000
2013-05-27,11.79,12.34,11.79,12.23,4628717,113325224.000
2013-05-28,12.29,12.51,12.14,12.15,4121539,102104448.000
2013-05-29,12.15,12.67,12.10,12.50,4727975,118672592.000
2013-05-30,12.45,12.62,12.21,12.45,2648506,65838156.000
2013-05-31,12.49,12.64,12.22,12.56,3104668,77599576.000
2013-06-03,12.55,13.12,12.54,12.78,4219442,109159856.000
2013-06-04,12.78,12.81,12.05,12.19,4839894,119507880.000
2013-06-05,12.16,12.36,12.13,12.25,1841417,45371876.000
2013-06-06,12.28,12.35,11.75,11.97,1990829,47995468.000
2013-06-07,11.97,12.29,11.78,12.10,2497081,60440264.000
2013-06-13,11.95,11.95,11.38,11.57,2060824,47948448.000
2013-06-14,11.60,12.09,11.53,12.04,1860155,44036116.000
2013-06-17,12.05,12.27,12.01,12.05,2144036,52145728.000
2013-06-18,12.18,12.44,12.05,12.43,2066208,50989660.000
2013-06-19,12.35,12.40,12.10,12.25,1961027,48264000.000
2013-06-20,12.27,12.49,11.49,11.52,1785594,43393220.000
2013-06-21,11.32,12.36,11.02,12.24,3202127,77011888.000
2013-06-24,12.25,12.34,11.01,11.01,5070405,115115968.000
2013-06-25,10.95,11.14,9.90,10.85,4321621,90101288.000
2013-06-26,11.00,11.21,10.81,11.02,3011267,66875796.000
2013-06-27,11.20,11.50,10.50,10.60,2558406,28007160.000
2013-06-28,10.38,10.62,9.70,10.22,4477004,45610364.000
2013-07-01,10.13,11.24,10.10,11.24,7424309,80775976.000
2013-07-02,11.50,11.73,11.24,11.62,7404824,85081808.000
2013-07-03,11.55,11.99,11.40,11.85,7043482,82685328.000
2013-07-04,12.80,13.04,12.44,12.55,26001837,332076256.000
2013-07-05,12.69,12.85,12.02,12.05,10837856,133340496.000
2013-07-08,11.70,12.26,11.52,11.93,6124693,73156032.000
2013-07-09,11.83,12.18,11.50,11.73,4025080,47468448.000
2013-07-10,11.75,12.14,11.60,12.13,4576626,54622600.000
2013-07-11,12.13,12.66,12.13,12.51,7264656,90320096.000
2013-07-12,12.50,12.77,12.01,12.16,6884691,85324648.000
数据来源:通达信
