600785 新华百货 日线
      日期	    开盘	    最高	    最低	    收盘	    成交量	    成交额
2007-01-11,4.99,5.11,4.86,4.91,2258601,24775980.000
2007-01-12,4.98,5.13,4.85,5.02,3483386,38199676.000
2007-01-15,5.02,5.39,5.01,5.36,4375112,50033488.000
2007-01-16,5.35,5.67,5.20,5.57,3764696,44169892.000
2007-01-17,5.54,5.82,5.32,5.41,5255155,63145728.000
2007-01-18,5.38,5.56,5.23,5.46,2635133,30683776.000
2007-01-19,5.54,6.16,5.54,6.16,6139478,77574400.000
2007-01-22,6.27,6.92,6.27,6.92,2373687,32950598.000
2007-01-23,7.40,7.73,6.80,6.82,8481633,124003128.000
2007-01-24,6.69,7.08,6.67,7.02,3971960,56194212.000
2007-01-25,7.00,7.00,6.56,6.57,2395914,33335964.000
2007-01-26,6.39,6.80,5.77,6.68,2783232,36505516.000
2007-01-29,6.72,7.07,6.72,6.92,2619486,37288760.000
2007-01-30,6.92,7.32,6.75,6.79,3027778,43649028.000
2007-01-31,6.69,7.02,6.14,6.39,1579944,21705516.000
2007-02-01,6.36,6.67,6.16,6.39,1698181,22579668.000
2007-02-02,6.49,6.49,5.99,6.01,2298957,29814968.000
2007-02-05,5.99,6.29,5.91,6.19,1797518,23119156.000
2007-02-06,6.21,6.29,6.04,6.29,1433236,18540402.000
2007-02-07,6.28,6.43,6.10,6.14,1728875,22589756.000
2007-02-08,6.14,6.85,6.14,6.75,2465795,33368696.000
2007-02-09,6.62,6.76,6.44,6.64,1693035,23077852.000
2007-02-12,6.67,6.83,6.63,6.80,1812784,25250980.000
2007-02-13,6.86,6.92,6.60,6.83,2633310,36489920.000
2007-02-14,6.85,7.19,6.76,7.04,2228827,31997550.000
2007-02-15,7.07,7.16,7.00,7.13,2466521,35585336.000
2007-02-16,7.22,7.69,7.22,7.45,3126058,47289504.000
2007-02-26,7.45,7.86,7.29,7.83,2766992,42537500.000
2007-02-27,7.88,8.11,6.90,7.05,4890733,74461832.000
2007-03-01,7.58,7.60,6.78,6.86,3296419,48254812.000
2007-03-02,6.86,7.07,6.51,6.93,2240059,31339246.000
2007-03-05,6.82,6.97,6.50,6.63,1978454,27280872.000
2007-03-06,6.61,6.66,6.51,6.59,1891206,25734684.000
2007-03-07,6.63,6.92,6.63,6.87,1577856,22014484.000
2007-03-08,6.86,6.86,6.64,6.76,5052591,69840504.000
2007-03-09,6.77,7.16,6.72,7.04,3617751,51027200.000
2007-03-12,7.06,7.28,6.92,7.17,2777764,40383028.000
2007-03-13,7.19,7.40,7.01,7.09,3400057,49791008.000
2007-03-14,7.04,7.04,6.75,6.86,4144864,58280740.000
2007-03-15,6.86,7.22,6.84,7.14,3717188,53380372.000
2007-03-16,7.22,7.25,6.80,6.89,3292908,47568348.000
2007-03-19,6.61,6.88,6.57,6.77,2662554,37063248.000
2007-03-20,6.80,6.97,6.79,6.94,2048158,29035328.000
2007-03-21,6.98,7.11,6.89,7.04,3019262,43251828.000
2007-03-22,7.08,7.19,7.02,7.16,3417048,49509064.000
2007-03-23,7.16,7.33,6.97,7.14,2481371,36124788.000
2007-03-26,7.20,7.45,7.10,7.42,3434674,50879896.000
2007-03-27,7.41,7.48,7.25,7.35,2554909,38185996.000
2007-03-28,7.34,7.46,6.99,7.19,3256039,48126824.000
2007-03-29,7.22,7.22,6.92,6.94,1901696,27322352.000
2007-03-30,6.90,7.13,6.85,7.02,1663937,23728400.000
2007-04-02,7.08,7.11,6.96,7.11,1019929,14675957.000
2007-04-03,7.13,7.46,7.11,7.40,3360779,49979584.000
2007-04-04,7.40,7.48,7.27,7.35,2072466,30995274.000
2007-04-05,7.35,7.59,7.28,7.53,2361449,35672520.000
2007-04-06,7.53,8.10,7.49,7.86,5130690,80545168.000
2007-04-09,7.92,7.98,7.73,7.81,2047234,32118204.000
2007-04-10,7.82,7.88,7.39,7.66,3109877,47764660.000
2007-04-11,7.61,7.81,7.41,7.73,4104313,62521068.000
2007-04-12,7.76,7.89,7.71,7.77,2746425,42986320.000
2007-04-13,7.82,7.91,7.64,7.66,3808365,59714912.000
2007-04-17,7.86,8.58,7.86,8.58,8710441,144940304.000
2007-04-18,8.91,9.57,8.91,9.13,7041448,126257168.000
2007-04-19,9.19,10.07,8.60,9.97,9118008,163577968.000
2007-04-20,10.14,10.95,9.98,10.34,5049784,100549576.000
2007-04-23,10.34,11.24,9.91,11.23,5302341,108023984.000
2007-04-24,11.15,11.60,10.77,11.32,3891138,83428568.000
2007-04-25,11.09,11.21,10.67,11.10,2680253,56160824.000
2007-04-26,11.04,11.19,10.62,10.73,2556676,52806272.000
2007-04-27,10.70,11.03,10.47,10.70,2476667,51100420.000
2007-04-30,10.77,11.12,10.26,10.91,4233392,86068864.000
2007-05-08,10.97,11.08,10.67,10.91,4963722,103496696.000
2007-05-09,10.91,10.92,10.26,10.65,2481712,50471084.000
2007-05-10,10.65,10.97,10.29,10.92,2993277,61095144.000
2007-05-11,10.88,11.48,10.58,11.17,4533974,96642384.000
2007-05-14,10.85,10.97,10.47,10.67,2289977,47199728.000
2007-05-16,10.26,10.73,10.10,10.51,3236903,64770524.000
2007-05-17,10.47,11.71,10.47,11.71,2194842,47227588.000
2007-05-18,12.03,12.09,11.35,11.76,4001673,89177704.000
2007-05-21,11.21,12.94,11.10,12.80,5753252,135398288.000
2007-05-22,12.64,12.97,12.47,12.53,3260006,77740960.000
2007-05-23,12.55,13.02,12.54,12.62,2350862,56427504.000
2007-05-24,12.55,12.73,11.99,12.08,2571106,59165664.000
2007-05-25,11.91,12.16,11.81,12.08,2795601,63132512.000
2007-05-28,12.40,12.45,12.06,12.20,2232915,51627632.000
2007-05-29,12.23,13.05,12.18,12.98,3910300,93686416.000
2007-06-01,11.86,12.44,11.53,11.53,4805472,110218184.000
2007-06-04,11.03,11.27,10.23,10.23,3048537,61447228.000
2007-06-05,9.66,10.07,9.05,9.82,4653373,84751608.000
2007-06-06,9.93,10.35,9.55,10.24,2165473,41916548.000
2007-06-07,10.38,11.38,10.14,11.16,2629667,54748284.000
2007-06-08,11.14,11.15,10.85,10.96,2196495,46064168.000
2007-06-11,10.97,11.57,10.85,11.55,3489003,75405312.000
2007-06-12,11.67,12.14,10.91,12.05,3162624,69347904.000
2007-06-13,12.04,12.97,12.04,12.49,3536009,83496592.000
2007-06-14,12.43,12.76,12.13,12.14,1381522,31938192.000
2007-06-15,12.13,12.68,12.04,12.21,1438821,33083694.000
2007-06-18,12.64,12.84,12.40,12.69,2460265,57622040.000
2007-06-19,12.69,13.32,12.69,12.80,1684039,40539696.000
2007-06-20,12.76,13.32,12.02,12.29,2392614,57428240.000
2007-06-21,12.30,12.58,11.78,12.33,1287143,29083228.000
2007-06-22,12.76,12.76,10.97,11.02,2739567,58269704.000
2007-06-25,11.25,11.25,10.55,10.74,1582683,32500652.000
2007-06-26,10.59,11.66,10.26,11.60,1994325,42015528.000
2007-06-27,11.51,11.92,11.27,11.90,1216668,26651752.000
2007-06-28,11.89,11.90,10.91,10.97,923033,19525612.000
2007-06-29,10.61,10.95,10.20,10.22,1150261,22984032.000
2007-07-02,10.11,10.44,9.66,10.13,731994,14056395.000
2007-07-03,10.20,10.48,9.89,10.37,581549,11280761.000
2007-07-04,10.38,10.42,10.20,10.29,951115,18606632.000
2007-07-05,10.24,10.39,9.96,10.15,896988,17436274.000
2007-07-06,10.02,10.85,9.73,10.77,948017,18542168.000
2007-07-09,10.73,11.06,10.55,10.73,3572418,72824864.000
2007-07-10,10.79,11.05,10.19,11.02,2074350,41951292.000
2007-07-11,11.21,11.30,10.86,11.22,2628677,55161248.000
2007-07-12,11.20,11.26,10.96,11.14,1121422,23420970.000
2007-07-13,11.38,12.32,11.35,11.52,2722823,59686084.000
2007-07-16,11.41,11.80,11.40,11.50,1095676,23818648.000
2007-07-17,11.40,11.80,11.40,11.67,934480,20372232.000
2007-07-18,11.75,12.16,11.54,11.95,2109956,46799268.000
2007-07-19,11.79,12.22,11.79,12.07,797652,17976200.000
2007-07-20,12.28,12.42,12.07,12.34,1179397,27052232.000
2007-07-23,12.38,13.69,12.38,13.60,3042438,73712072.000
2007-07-24,13.68,13.68,13.05,13.17,1654761,40968492.000
2007-07-25,13.28,13.83,13.28,13.58,1773743,44194632.000
2007-07-26,13.53,13.64,13.30,13.52,1119352,27916448.000
2007-07-27,13.38,14.01,13.17,13.69,1808883,45691108.000
2007-07-30,13.77,14.13,13.61,14.00,1552843,39796024.000
2007-07-31,14.02,14.02,13.45,13.83,1747695,44243060.000
2007-08-01,13.84,13.84,12.64,12.75,1610857,39706712.000
2007-08-02,13.00,13.35,12.64,13.20,1346525,32562540.000
2007-08-03,13.11,14.65,13.11,14.63,3500758,91984160.000
2007-08-06,14.72,15.61,14.31,15.00,2542349,70290512.000
2007-08-07,14.88,15.47,14.48,15.07,1797228,49302756.000
2007-08-08,14.90,15.91,14.90,15.91,2080140,58364320.000
2007-08-09,16.01,16.15,15.19,15.30,1945002,55700824.000
2007-08-10,15.05,15.05,13.83,14.25,3591041,94867840.000
2007-08-13,14.26,15.16,14.13,14.87,2865894,77256456.000
2007-08-14,14.90,15.38,14.73,15.13,2089011,57791500.000
2007-08-15,15.13,15.30,14.50,14.99,2082648,57089992.000
2007-08-16,14.85,14.85,14.30,14.50,1232467,32746328.000
2007-08-17,14.33,14.69,14.25,14.26,931574,24686310.000
2007-08-20,14.55,14.83,14.55,14.66,1310763,35370584.000
2007-08-21,14.83,14.98,14.57,14.97,1924275,52007196.000
2007-08-22,14.84,15.61,14.76,15.19,1209861,33693240.000
2007-08-23,15.19,15.48,14.86,15.08,1383748,38223560.000
2007-08-24,15.11,15.51,14.97,15.25,1147465,32021896.000
2007-08-27,15.31,15.31,14.31,14.54,2786031,75223888.000
2007-08-28,14.32,14.51,13.83,14.21,2987882,76981592.000
2007-08-29,14.01,14.26,13.77,14.08,1195197,30747606.000
2007-08-30,14.19,14.89,14.07,14.72,1443374,38662712.000
2007-08-31,14.78,14.83,14.34,14.45,1098753,29171932.000
2007-09-03,14.66,14.85,14.37,14.66,1431470,38509856.000
2007-09-04,14.82,15.25,14.53,14.60,2562585,69880760.000
2007-09-05,14.66,14.81,14.13,14.41,1577202,41638384.000
2007-09-06,14.41,14.95,14.41,14.80,1727843,46583180.000
2007-09-07,14.72,14.89,14.42,14.44,1334951,35906328.000
2007-09-10,14.34,14.34,13.86,14.22,1524341,39574192.000
2007-09-11,14.22,14.42,13.83,14.00,2593295,67525336.000
2007-09-12,13.94,15.05,13.89,14.62,3010011,79780752.000
2007-09-13,14.63,15.01,14.48,14.88,1726275,46789692.000
2007-09-14,15.02,15.30,14.88,15.21,2484917,68806888.000
2007-09-17,15.26,15.73,15.25,15.47,3464534,98309432.000
2007-09-18,15.56,15.73,15.16,15.35,1954935,54909756.000
2007-09-19,15.44,15.48,14.44,14.48,3482400,93914280.000
2007-09-20,14.49,14.92,14.01,14.38,2581972,68437240.000
2007-09-21,14.27,14.37,13.86,14.19,1768029,45912652.000
2007-09-24,14.13,14.48,13.99,14.29,1430703,37324208.000
2007-09-25,14.36,14.42,14.01,14.18,1070480,27842220.000
2007-09-26,14.18,14.27,13.90,13.96,886305,22943848.000
2007-09-27,13.94,14.11,13.86,13.95,1203910,30940532.000
2007-09-28,14.13,14.53,14.13,14.34,1560227,41201264.000
2007-10-08,14.44,14.55,14.13,14.13,1524413,39987888.000
2007-10-09,14.13,14.40,13.92,14.35,1219785,31688156.000
2007-10-10,14.41,14.66,14.09,14.23,2450458,64338504.000
2007-10-11,14.25,14.33,13.96,14.08,1030976,26791968.000
2007-10-12,14.05,14.05,12.94,13.35,1976031,48974992.000
2007-10-15,13.41,13.86,13.11,13.76,1149644,28747500.000
2007-10-16,13.64,13.64,13.09,13.55,1922411,47488816.000
2007-10-17,13.55,13.76,13.35,13.51,1623423,40495084.000
2007-10-18,13.52,13.59,12.88,12.97,1041718,25360380.000
2007-10-19,12.88,13.11,12.61,12.67,831850,19786844.000
2007-10-22,12.54,12.63,12.28,12.32,881835,20330700.000
2007-10-23,12.35,12.86,12.16,12.77,684630,15861544.000
2007-10-24,12.79,12.92,12.34,12.46,644188,15231987.000
2007-10-25,12.34,12.34,11.22,11.28,902890,19863644.000
2007-10-26,11.15,11.43,10.02,11.00,933656,19215956.000
2007-10-29,11.26,11.26,10.55,11.03,661166,13571311.000
2007-10-30,11.03,11.66,10.98,11.50,681858,14647415.000
2007-10-31,11.66,12.22,11.51,12.04,912399,20288456.000
2007-11-01,12.04,12.27,11.68,11.82,728799,16350577.000
2007-11-02,11.68,11.68,11.21,11.22,560341,11969509.000
2007-11-05,11.16,11.61,11.16,11.45,372188,7931356.000
2007-11-06,11.39,11.92,11.33,11.89,590268,12973492.000
2007-11-07,12.01,12.04,11.58,11.76,302917,6652309.000
2007-11-08,11.78,11.92,10.97,11.00,435040,9375146.000
2007-11-09,10.95,11.30,10.85,11.04,507606,10611060.000
2007-11-12,10.89,11.21,10.50,10.63,834922,16998884.000
2007-11-13,10.83,11.07,10.74,10.80,427509,8774807.000
2007-11-14,11.00,11.26,10.81,11.21,457802,9605315.000
2007-11-15,11.19,11.34,10.98,11.10,340381,7148464.000
2007-11-16,11.00,11.38,10.75,11.32,487211,10087405.000
2007-11-19,11.45,11.95,11.33,11.94,1126501,24881860.000
2007-11-20,11.98,12.40,11.89,12.38,1456002,33216924.000
2007-11-21,12.40,12.60,12.11,12.23,975649,22419046.000
2007-11-22,12.11,12.45,11.94,12.19,1217970,27968452.000
2007-11-23,12.16,12.46,11.97,12.45,487849,11148493.000
2007-11-26,12.58,12.75,12.28,12.45,841307,19608056.000
2007-11-28,12.52,12.55,11.86,12.02,498363,11257075.000
2007-11-29,12.13,12.26,12.02,12.10,929037,21053510.000
2007-11-30,12.13,12.20,11.51,11.58,553764,12210755.000
2007-12-03,11.72,12.07,11.54,11.93,418866,9349771.000
2007-12-04,11.82,12.25,11.82,11.92,277932,6281299.000
2007-12-05,11.86,12.34,11.86,12.28,455331,10354709.000
2007-12-06,12.34,12.40,12.22,12.37,325838,7473729.000
2007-12-07,12.39,12.62,12.34,12.36,824596,19191998.000
2007-12-10,12.24,13.23,12.19,13.22,1371225,32827088.000
2007-12-11,13.23,13.59,12.94,13.58,1571931,38962780.000
2007-12-12,13.46,14.09,13.35,14.01,1763867,45016352.000
2007-12-13,13.98,14.12,13.47,13.48,1313614,33741440.000
2007-12-14,13.36,14.11,13.30,14.05,1063859,27166474.000
2007-12-17,14.12,14.64,14.05,14.05,1139365,30250284.000
2007-12-18,14.03,14.04,13.45,13.63,671787,16894152.000
2007-12-19,13.71,14.19,13.56,13.92,520993,13285540.000
2007-12-20,13.89,14.39,13.53,14.38,1079443,27834168.000
2007-12-21,14.23,14.66,14.07,14.44,633615,16687841.000
2007-12-24,14.47,14.95,14.36,14.80,1314841,35394996.000
2007-12-25,14.80,14.84,14.51,14.81,660075,17744476.000
2007-12-26,14.81,14.95,14.44,14.71,600804,16220522.000
2007-12-27,14.70,14.99,14.57,14.96,1215165,32922276.000
2007-12-28,14.99,15.08,14.72,14.89,1147863,31248736.000
2008-01-02,14.76,15.58,14.67,15.42,1504232,41774108.000
2008-01-03,15.38,15.67,15.25,15.42,1079513,30521176.000
2008-01-04,15.44,15.50,15.00,15.22,1057151,29493202.000
2008-01-07,15.21,15.21,14.83,14.94,2012559,55168676.000
2008-01-08,14.89,15.02,14.46,14.51,1634747,44299136.000
2008-01-09,14.52,15.30,14.48,15.29,1513094,41359576.000
2008-01-10,15.29,15.43,14.91,14.93,1160149,32116068.000
2008-01-11,14.96,15.02,14.19,14.35,1875735,49742544.000
2008-01-14,14.19,14.77,14.19,14.54,1321959,35148872.000
2008-01-15,14.47,14.70,14.41,14.66,1109792,29620180.000
2008-01-16,14.60,14.89,14.48,14.73,1162173,31368726.000
2008-01-17,14.73,14.81,13.89,14.05,1133533,29837392.000
2008-01-18,14.05,14.53,13.65,14.47,1259183,32927244.000
2008-01-21,14.45,14.59,13.86,13.88,883440,23174874.000
2008-01-22,13.72,13.86,12.35,12.35,1718340,41625360.000
2008-01-23,12.74,13.05,12.40,13.03,1527546,36327456.000
2008-01-25,14.18,14.18,13.39,13.85,1406632,35698416.000
2008-01-28,13.71,13.71,12.94,12.95,1046925,25545444.000
2008-01-29,13.30,13.80,13.03,13.56,437700,10862868.000
2008-01-30,13.58,13.92,13.54,13.89,755556,19156590.000
2008-01-31,13.90,14.13,13.71,13.74,477049,12193479.000
2008-02-01,13.68,13.80,12.82,13.17,599035,14642767.000
2008-02-04,13.47,14.42,13.41,14.29,616398,15911309.000
2008-02-05,14.02,14.72,14.01,14.50,636268,16930708.000
2008-02-13,14.47,14.66,14.25,14.53,340981,9063997.000
2008-02-14,14.54,14.75,14.48,14.52,404887,10845332.000
2008-02-15,14.44,14.52,13.89,13.94,534921,13821755.000
2008-02-18,14.13,14.80,14.00,14.60,931166,24907760.000
2008-02-19,14.60,14.72,14.47,14.56,750530,20139882.000
2008-02-20,14.72,14.72,14.07,14.18,783814,20625052.000
2008-02-21,14.13,14.31,13.53,13.90,723378,18539696.000
2008-02-22,13.83,14.24,13.64,14.14,767676,19744460.000
2008-02-25,14.14,14.23,13.83,13.89,609701,15671110.000
2008-02-26,14.06,14.18,13.12,13.42,733871,18380844.000
2008-02-27,13.41,13.71,13.41,13.60,693444,17341720.000
2008-02-28,13.56,13.58,12.82,13.06,1488104,36054112.000
2008-02-29,12.95,13.53,12.95,13.16,446666,10943432.000
2008-03-03,13.17,13.63,13.00,13.59,643594,16033323.000
2008-03-04,13.81,14.07,13.56,13.75,643920,16397958.000
2008-03-05,13.54,13.88,13.19,13.23,770531,19091986.000
2008-03-06,13.41,13.93,13.24,13.61,386536,9733506.000
2008-03-07,13.61,14.89,13.61,14.42,2280023,60930208.000
2008-03-10,14.41,14.65,13.71,13.88,971467,25242072.000
2008-03-11,13.83,14.00,13.28,13.75,871186,21716630.000
2008-03-12,14.04,14.10,13.24,13.27,490419,12305079.000
2008-03-13,12.21,12.64,11.81,12.13,4694917,104834888.000
2008-03-14,12.22,12.58,11.22,12.23,2775586,62653028.000
2008-03-17,12.22,12.94,11.45,11.52,1222669,28293236.000
2008-03-18,11.45,11.73,10.92,11.02,1004890,21347360.000
2008-03-19,11.20,11.66,11.20,11.58,453695,9768764.000
2008-03-20,11.69,11.94,10.92,11.74,570618,12317433.000
2008-03-21,11.75,12.07,11.49,11.91,705669,15537195.000
2008-03-24,11.80,12.10,11.39,11.39,325634,7160352.000
2008-03-25,11.24,11.92,11.15,11.89,470198,10241462.000
2008-03-26,12.01,12.10,11.79,12.01,378014,8444401.000
2008-03-27,11.75,11.98,11.38,11.85,390761,8604247.000
2008-03-28,11.78,11.86,11.15,11.85,667997,14408902.000
2008-03-31,11.57,11.57,10.69,10.95,822135,17173372.000
2008-04-01,10.88,10.91,10.06,10.30,1143334,22472784.000
2008-04-02,10.55,10.55,9.35,9.52,531370,9977028.000
2008-04-03,9.43,9.66,8.98,9.65,1674455,29606422.000
2008-04-07,9.47,10.13,9.19,10.11,564854,10665815.000
2008-04-08,10.02,10.75,10.00,10.42,705251,13948113.000
2008-04-09,10.42,10.48,9.66,9.92,458084,8806706.000
2008-04-10,9.75,9.89,9.42,9.86,828725,15293517.000
2008-04-11,9.67,10.12,9.67,10.00,445533,8487741.000
2008-04-14,9.85,10.07,9.67,9.83,493370,9341503.000
2008-04-15,9.65,10.42,9.65,10.39,486704,9340507.000
2008-04-16,10.44,10.51,10.26,10.27,221470,4358677.000
2008-04-18,10.23,10.47,9.97,10.13,495181,9633472.000
2008-04-21,10.85,11.26,9.19,9.50,1256411,23839396.000
2008-04-22,9.35,9.36,8.71,9.10,1125150,19587508.000
2008-04-23,9.09,9.60,8.98,9.50,571167,10146567.000
2008-04-24,10.47,10.58,9.95,10.38,2473650,48238824.000
2008-04-25,10.32,10.50,10.07,10.19,1289045,25130748.000
2008-04-28,10.07,10.29,9.97,10.22,716961,13874939.000
2008-04-29,10.11,10.30,10.05,10.27,692901,13451509.000
2008-04-30,10.30,10.76,10.20,10.64,972833,19381604.000
2008-05-05,10.68,10.95,10.55,10.69,1686892,34075440.000
2008-05-06,10.70,11.06,10.57,10.66,1481892,30338096.000
2008-05-07,10.67,10.79,10.24,10.26,1356843,26884256.000
2008-05-08,10.20,10.52,10.14,10.42,889783,17419532.000
2008-05-09,10.60,10.66,10.16,10.27,1911976,37736108.000
2008-05-12,10.44,11.12,10.11,11.10,2033846,40894664.000
2008-05-13,10.82,11.14,10.74,11.04,1362511,28204252.000
2008-05-14,11.04,12.27,11.04,12.27,2764713,60523772.000
2008-05-15,12.31,12.32,11.56,11.59,1477646,31949012.000
2008-05-16,11.51,11.74,11.18,11.38,927700,19565882.000
2008-05-19,11.22,11.44,11.22,11.38,249099,5175732.000
2008-05-20,11.39,11.39,10.73,10.83,748528,15260423.000
2008-05-21,10.65,10.97,10.27,10.84,831632,16266374.000
2008-05-22,10.79,10.79,10.53,10.56,418432,8187423.000
2008-05-23,10.58,10.58,10.14,10.19,447533,8523022.000
2008-05-26,9.97,10.18,9.83,9.85,269760,4976940.000
2008-05-27,9.95,10.07,9.78,9.89,249078,4576647.000
2008-05-28,9.89,10.35,9.84,10.20,260523,4899189.000
2008-05-29,10.26,10.26,9.79,9.83,271888,5064492.000
2008-05-30,9.74,9.99,9.59,9.84,262970,4773801.000
2008-06-02,9.73,9.96,9.73,9.85,263430,4820959.000
2008-06-03,9.90,9.90,9.60,9.67,335242,6040059.000
2008-06-04,9.77,9.77,9.59,9.68,326852,5880610.000
2008-06-05,9.74,9.78,9.61,9.77,235280,4253872.000
2008-06-06,9.77,10.01,9.67,9.90,258291,4746235.000
2008-06-10,9.31,9.82,9.01,9.10,629100,10838885.000
2008-06-11,8.98,9.35,8.73,8.83,469043,7845602.000
2008-06-12,8.92,8.92,8.11,8.39,871889,13789994.000
2008-06-13,8.39,8.59,8.26,8.26,338500,5391152.000
2008-06-16,8.23,8.32,7.89,7.98,303947,4672642.000
2008-06-17,7.98,8.00,7.35,7.41,817609,11887353.000
2008-06-18,7.40,7.90,7.10,7.75,2080081,30017020.000
2008-06-19,7.67,7.69,6.87,6.87,1046832,14666000.000
2008-06-20,6.98,7.48,6.72,7.24,1244778,17296698.000
2008-06-23,7.10,7.34,7.04,7.26,431113,5998281.000
2008-06-24,7.20,7.61,7.20,7.54,325190,4688083.000
2008-06-25,7.57,8.08,7.41,8.08,623284,9380717.000
2008-06-26,7.99,8.64,7.99,8.43,790858,12411954.000
2008-06-27,8.26,9.09,8.17,9.02,2724720,44907076.000
2008-07-25,10.02,10.02,10.02,10.02,40973,762508.000
2008-07-28,11.13,11.13,10.32,10.39,2973016,58986848.000
2008-07-29,9.96,10.33,9.83,9.94,2052326,38202592.000
2008-07-30,10.05,10.08,9.56,9.60,860995,15706047.000
2008-07-31,9.58,9.98,9.54,9.72,559249,10152008.000
2008-08-01,9.65,9.96,9.38,9.96,453668,8219661.000
2008-08-04,10.00,11.04,9.93,10.61,1495505,29215746.000
2008-08-05,10.61,10.61,10.08,10.19,622342,11886764.000
2008-08-06,10.26,10.62,10.03,10.61,675961,12976318.000
2008-08-07,10.61,10.95,10.44,10.67,848176,16735554.000
2008-08-08,10.56,10.79,10.08,10.08,855109,16300481.000
2008-08-11,10.17,10.20,9.63,9.85,833667,15267882.000
2008-08-12,9.76,10.32,9.76,10.25,506806,9459521.000
2008-08-13,10.11,10.73,9.99,10.60,1265686,24157190.000
2008-08-14,11.02,11.15,10.25,10.26,1205932,23140420.000
2008-08-15,10.23,10.51,10.17,10.45,626572,12028641.000
2008-08-18,10.54,10.55,10.17,10.22,878700,16709554.000
2008-08-19,10.03,10.30,10.02,10.26,370138,7006967.000
2008-08-20,10.16,11.02,9.92,10.95,1553024,30635626.000
2008-08-21,10.69,10.84,10.08,10.13,1004148,19535970.000
2008-08-22,10.08,10.17,9.48,9.49,1066721,19167208.000
2008-08-25,9.59,9.60,9.37,9.44,366561,6495683.000
2008-08-26,9.55,9.55,8.96,9.19,584423,10052656.000
2008-08-27,9.25,9.35,8.62,8.98,278745,4692906.000
2008-08-28,8.78,9.72,8.78,9.67,406024,7132795.000
2008-09-01,9.72,9.72,9.43,9.56,165818,2955442.000
2008-09-02,9.56,9.60,9.25,9.36,130568,2283378.000
2008-09-03,9.35,9.45,8.47,9.07,247472,4167725.000
2008-09-04,9.00,9.07,8.60,8.80,497290,8196612.000
2008-09-05,8.60,8.75,8.39,8.58,90266,1463132.000
2008-09-08,8.58,8.71,8.48,8.69,200661,3257719.000
2008-09-09,8.83,8.90,8.62,8.65,59374,978456.000
2008-09-10,8.65,8.89,8.51,8.71,58301,961268.000
2008-09-11,8.55,8.77,8.48,8.50,93080,1504416.000
2008-09-12,8.63,8.88,8.47,8.82,231327,3738571.000
2008-09-16,8.72,8.88,8.60,8.64,205351,3367159.000
2008-09-17,8.65,8.76,8.57,8.69,141647,2301402.000
2008-09-18,8.65,8.82,7.94,8.71,458687,7349286.000
2008-09-19,9.49,9.67,9.32,9.67,1959556,24838332.000
2008-09-22,9.65,10.63,9.32,9.59,1970974,25598096.000
2008-09-23,9.23,9.23,8.54,9.00,1500453,17643200.000
2008-09-24,8.90,9.07,8.67,9.07,288017,3376226.000
2008-09-25,9.31,9.52,9.07,9.48,725788,8872341.000
2008-09-26,9.65,9.87,9.59,9.82,1304664,16737006.000
2008-10-06,9.73,9.73,9.07,9.37,1114502,13747022.000
2008-10-07,9.37,9.44,9.25,9.32,507378,6255380.000
2008-10-08,9.27,9.32,8.41,8.57,876115,10174331.000
2008-10-09,8.82,8.86,8.37,8.78,624350,7180952.000
2008-10-10,8.41,8.65,8.00,8.35,714181,7900179.000
2008-10-13,8.20,8.20,7.42,7.97,1725249,17782500.000
2008-10-14,8.23,8.23,7.66,7.86,958721,10246019.000
2008-10-15,7.73,7.98,7.66,7.91,441288,4667133.000
2008-10-16,7.82,7.82,7.41,7.42,579716,5946184.000
2008-10-17,7.56,7.61,7.27,7.56,565898,5688215.000
2008-10-20,7.52,7.55,7.09,7.36,1384750,13677408.000
2008-10-21,7.32,7.58,7.29,7.40,800693,8047166.000
2008-10-22,7.29,7.53,7.12,7.49,699768,6992867.000
2008-10-23,7.38,7.82,7.26,7.82,1113491,11391525.000
2008-10-24,7.81,7.87,7.48,7.63,946738,9713097.000
2008-10-27,7.53,7.53,6.77,6.93,1915621,17939810.000
2008-10-28,6.67,7.07,6.57,7.06,453677,4245368.000
2008-10-29,7.23,7.24,6.62,6.64,283557,2684216.000
2008-10-30,6.65,6.77,6.40,6.41,684481,6060929.000
2008-10-31,6.44,6.57,6.32,6.51,336762,2972158.000
2008-11-03,6.22,6.40,5.92,6.14,488061,4161514.000
2008-11-04,6.05,6.07,5.65,6.05,385794,3152765.000
2008-11-05,6.10,6.23,6.03,6.07,626957,5314586.000
2008-11-06,5.90,6.02,5.59,5.73,818378,6537037.000
2008-11-07,5.58,5.79,5.32,5.76,1240606,9768166.000
2008-11-10,5.97,6.22,5.77,6.15,1429529,11897092.000
2008-11-11,6.23,6.52,6.03,6.17,1159173,10104040.000
2008-11-12,6.05,6.30,6.00,6.27,377053,3211156.000
2008-11-13,6.22,6.59,6.00,6.54,1328658,11734662.000
2008-11-14,6.54,7.02,6.49,7.01,1559295,14389544.000
2008-11-17,6.82,7.56,6.74,7.47,2126583,20615550.000
2008-11-18,7.27,7.48,6.63,6.64,1604023,15261997.000
2008-11-19,6.66,7.11,6.63,7.04,809721,7591713.000
2008-11-20,7.12,7.14,6.85,6.92,1655153,15711356.000
2008-11-21,6.74,7.07,6.57,6.88,972708,9026999.000
2008-11-24,6.94,7.55,6.90,7.54,3628745,36104580.000
2008-11-25,7.37,8.11,7.22,7.86,3910312,40668924.000
2008-11-26,7.69,8.13,7.56,7.86,1645687,17373490.000
2008-11-27,8.36,8.43,7.74,7.77,2644724,28508044.000
2008-11-28,7.62,7.77,7.57,7.64,980478,10076418.000
2008-12-01,7.62,7.76,7.53,7.73,852922,8780320.000
2008-12-02,7.62,7.98,7.52,7.72,1411200,14648614.000
2008-12-03,7.72,8.17,7.70,8.13,1748729,18629050.000
2008-12-04,8.13,8.42,7.93,8.41,2030564,22313488.000
2008-12-05,8.65,8.72,8.37,8.58,3398851,38816724.000
2008-12-08,8.52,9.31,8.50,9.27,3020198,35185016.000
2008-12-09,9.32,9.32,8.81,8.99,1405316,16709621.000
2008-12-10,8.98,9.11,8.78,9.03,1086884,12889384.000
2008-12-11,9.27,9.65,9.03,9.05,1969739,24266300.000
2008-12-12,8.99,9.02,8.24,8.26,1040863,11872824.000
2008-12-15,8.42,8.64,8.40,8.52,533042,6019273.000
2008-12-16,8.45,8.56,8.16,8.53,517521,5759948.000
2008-12-17,8.64,8.89,8.48,8.70,585118,6783645.000
2008-12-18,8.77,8.89,8.65,8.87,475286,5552840.000
2008-12-19,8.82,9.15,8.82,9.03,573792,6868698.000
2008-12-22,9.04,9.39,9.04,9.26,880091,10754247.000
2008-12-23,9.38,9.38,8.57,8.57,801691,9460369.000
2008-12-24,8.49,8.57,8.22,8.27,565150,6285293.000
2008-12-25,8.32,8.51,8.31,8.43,764709,8584596.000
2008-12-26,8.47,8.56,8.12,8.15,328128,3634645.000
2008-12-29,8.16,8.32,7.82,8.27,501660,5417828.000
2008-12-30,8.15,8.39,7.77,7.82,591800,6342321.000
2008-12-31,7.82,7.97,7.67,7.86,1069919,11267068.000
2009-01-05,7.97,8.23,7.90,8.14,358918,3874883.000
2009-01-06,8.03,8.37,7.97,8.36,709764,7799825.000
2009-01-07,8.31,8.37,8.19,8.23,427186,4716453.000
2009-01-08,8.26,8.26,7.32,7.52,1751158,18061332.000
2009-01-09,7.52,7.72,7.40,7.65,795413,8108708.000
2009-01-12,7.68,8.51,7.68,8.51,3403088,38092836.000
2009-01-13,8.52,8.52,8.00,8.02,2238900,24559992.000
2009-01-14,8.05,8.25,7.82,8.18,1571816,16882122.000
2009-01-15,8.07,8.22,7.90,7.97,1959484,21163380.000
2009-01-16,8.05,8.72,7.98,8.62,3020040,33619036.000
2009-01-19,8.66,8.88,8.40,8.70,2840988,32641928.000
2009-01-20,8.71,8.77,8.35,8.47,2235330,25332598.000
2009-01-21,8.42,8.47,8.08,8.25,2940828,32475862.000
2009-01-22,8.27,8.32,8.05,8.21,2326043,25423932.000
2009-01-23,8.23,8.36,7.64,8.17,3580729,39155920.000
2009-02-02,8.36,9.08,8.32,9.08,6816195,80193904.000
2009-02-03,9.08,9.61,9.07,9.37,5613890,69077064.000
2009-02-04,9.37,9.98,9.23,9.89,3789615,48442656.000
2009-02-05,9.77,10.12,9.65,9.82,2883080,37272820.000
2009-02-06,9.82,10.56,9.80,10.10,3887207,51602408.000
2009-02-09,10.12,10.64,9.96,10.59,3318591,44506936.000
2009-02-10,10.47,10.77,10.33,10.67,2494667,34455236.000
2009-02-11,10.57,10.60,10.27,10.35,2854806,38832648.000
2009-02-12,10.27,10.54,9.97,10.42,2897572,38612220.000
2009-02-13,10.38,10.81,10.30,10.73,3674867,50481360.000
2009-02-16,10.68,11.15,10.64,10.84,2985497,42287192.000
2009-02-17,10.78,10.82,10.49,10.62,3269915,45470580.000
2009-02-18,10.51,10.65,9.84,9.84,3799699,50284780.000
2009-02-19,9.88,10.21,9.79,9.91,1656697,21637944.000
2009-02-20,10.02,10.99,9.91,10.99,4119870,57358200.000
2009-02-23,11.00,11.72,10.90,11.52,3749995,55030960.000
2009-02-24,11.39,11.52,10.57,10.67,4345921,62527232.000
2009-02-25,10.86,11.23,10.67,11.03,2480454,35407552.000
2009-02-26,10.97,11.75,10.36,10.51,4272509,62013424.000
2009-02-27,10.52,10.67,9.72,9.90,2887076,37992104.000
2009-03-02,9.82,10.46,9.78,10.42,1214691,16286678.000
2009-03-03,10.23,10.71,10.17,10.57,1329169,18278572.000
2009-03-04,10.62,11.15,10.61,10.96,2035353,29126186.000
2009-03-05,11.07,11.35,10.38,10.65,2796358,39697972.000
2009-03-06,10.49,10.57,10.12,10.55,1843972,25237366.000
2009-03-09,10.57,10.87,10.19,10.22,1193965,16395315.000
2009-03-10,10.32,10.40,9.91,10.37,1353785,18014548.000
2009-03-11,10.61,10.67,10.34,10.45,1092381,15020755.000
2009-03-12,10.25,10.40,10.07,10.27,588959,7860891.000
2009-03-13,10.16,10.47,9.90,10.06,663205,8888578.000
2009-03-16,10.07,10.18,9.83,10.07,1022760,13324915.000
2009-03-17,9.97,10.61,9.96,10.52,1610788,21861564.000
2009-03-18,10.58,10.65,10.30,10.64,2941723,40390528.000
2009-03-19,10.58,11.12,10.57,10.89,3853286,54336076.000
2009-03-20,10.97,11.15,10.65,11.08,3773317,53589424.000
2009-03-23,11.07,11.48,11.02,11.21,4239465,61950364.000
2009-03-24,11.32,11.35,10.86,10.90,2902709,41578648.000
2009-03-25,10.90,11.05,10.72,10.73,1908821,27080192.000
2009-03-26,10.67,10.92,10.47,10.89,1643209,22920924.000
2009-03-27,10.89,10.89,10.61,10.68,2197561,30709672.000
2009-03-30,10.72,10.81,10.56,10.73,1376691,19169398.000
2009-03-31,10.61,10.97,10.35,10.82,1603707,22099822.000
2009-04-01,10.91,11.30,10.79,11.27,2965945,42370372.000
2009-04-02,11.14,11.37,11.07,11.07,3465707,50510908.000
2009-04-03,11.07,11.17,10.77,10.90,2526814,35952480.000
2009-04-07,10.93,10.97,10.67,10.83,1591024,22386296.000
2009-04-08,10.73,10.84,10.63,10.65,1723758,24129692.000
2009-04-09,10.65,10.82,10.52,10.77,1206129,16738290.000
2009-04-10,10.79,11.22,10.79,11.11,2454905,35393016.000
2009-04-13,11.16,11.63,11.16,11.43,3848121,56961080.000
2009-04-14,11.42,11.67,11.37,11.62,3005597,44906904.000
2009-04-15,11.63,12.23,11.62,11.91,3456661,53411604.000
2009-04-16,11.87,12.19,11.59,12.03,2912727,44973048.000
2009-04-17,12.04,12.94,11.89,12.67,5182372,83498584.000
2009-04-21,12.55,13.55,12.55,13.00,4335478,73272936.000
2009-04-22,13.03,13.22,12.72,12.93,5087656,84953624.000
2009-04-23,12.72,13.27,12.41,13.20,2720993,44958676.000
2009-04-24,13.27,13.55,12.93,12.97,2074724,35263236.000
2009-04-27,12.98,13.07,12.13,12.17,2458258,39406444.000
2009-04-28,12.17,12.47,12.05,12.17,2501351,39534420.000
2009-04-29,12.17,12.53,12.07,12.39,1979281,31508712.000
2009-04-30,12.40,12.97,12.27,12.60,2295682,37281600.000
2009-05-04,12.64,13.11,12.64,12.76,2625098,43549912.000
2009-05-05,12.87,13.54,12.60,13.52,3788848,63571904.000
2009-05-06,13.47,13.83,13.24,13.81,3783829,65866088.000
2009-05-08,13.75,13.82,13.04,13.27,3727387,63718288.000
2009-05-11,13.23,13.51,12.59,12.63,1360378,22767904.000
2009-05-12,12.94,12.97,12.61,12.87,864883,14207783.000
2009-05-13,12.85,13.13,12.67,12.87,1009736,16759511.000
2009-05-14,12.76,12.86,12.37,12.63,1136624,18367200.000
2009-05-15,12.64,12.65,12.39,12.54,2655922,42711104.000
2009-05-18,12.47,13.05,12.41,12.99,2113393,34785508.000
2009-05-19,13.00,13.30,12.72,12.86,1497991,24957192.000
2009-05-20,12.80,12.88,12.62,12.64,1059815,17342416.000
2009-05-21,12.64,12.72,12.07,12.17,1718303,27262672.000
2009-05-22,12.12,12.32,12.12,12.25,635248,10035856.000
2009-05-25,12.05,12.67,11.94,12.60,1048646,16747791.000
2009-05-26,12.65,12.67,12.33,12.34,743279,11947309.000
2009-05-27,12.36,13.22,12.36,12.86,3796493,63144480.000
2009-06-01,13.13,13.15,12.69,12.98,1674974,28000172.000
2009-06-02,13.03,13.36,12.97,12.99,1557568,26255812.000
2009-06-03,12.99,13.01,12.86,12.97,1231218,20381930.000
2009-06-04,12.99,12.99,12.50,12.65,1069848,17361064.000
2009-06-05,12.66,12.97,12.48,12.80,1690528,27508412.000
2009-06-08,12.82,13.20,12.82,12.92,1218896,20271396.000
2009-06-09,12.82,13.41,12.82,13.36,2854039,47937548.000
2009-06-10,13.48,14.40,13.22,14.12,3685782,65072376.000
2009-06-11,13.98,14.38,13.87,14.20,3043681,55164512.000
2009-06-12,14.27,14.73,13.73,13.92,3072198,55895408.000
2009-06-15,13.86,14.13,13.51,13.88,2608111,45508832.000
2009-06-16,13.66,14.22,13.61,14.00,2826009,50220076.000
2009-06-17,14.11,14.32,13.97,14.18,2109181,37942408.000
2009-06-18,14.21,14.28,14.03,14.26,1778101,32081290.000
2009-06-19,14.22,14.59,14.15,14.51,1372672,25151328.000
2009-06-22,14.65,14.65,13.70,13.90,2110397,37667496.000
2009-06-23,13.81,13.81,13.30,13.55,1612547,27780200.000
2009-06-24,13.48,13.63,13.39,13.60,754408,13005320.000
2009-06-25,13.63,13.90,13.48,13.85,1209206,21156640.000
2009-06-26,13.74,13.91,13.56,13.68,701644,12244207.000
2009-06-29,13.69,14.23,13.56,14.19,1738698,30820828.000
2009-06-30,14.25,15.11,14.07,14.38,3057057,56359752.000
2009-07-01,14.38,14.44,13.98,14.15,2007196,36118496.000
2009-07-02,14.32,14.38,14.02,14.16,841362,15113829.000
2009-07-03,14.07,14.21,13.94,14.00,762098,13620597.000
2009-07-06,13.99,14.17,13.56,13.78,2561262,44879000.000
2009-07-07,13.72,14.29,13.70,14.11,1550950,27765596.000
2009-07-08,14.22,14.38,14.03,14.12,1771782,32017072.000
2009-07-09,14.02,14.27,14.01,14.20,1249456,22459468.000
2009-07-10,14.24,14.62,14.23,14.59,2059515,37959420.000
2009-07-13,14.77,15.11,14.61,14.90,2944679,55486556.000
2009-07-14,14.98,15.05,14.72,14.84,1848597,34941704.000
2009-07-15,14.89,15.79,14.72,15.57,3117058,60598088.000
2009-07-16,15.48,15.64,14.73,14.78,2886893,55486068.000
2009-07-17,14.77,15.05,14.72,14.82,1285508,24299168.000
2009-07-20,14.82,14.91,14.43,14.49,3820265,70807480.000
2009-07-21,14.50,14.73,14.40,14.62,3255536,60276284.000
2009-07-22,14.57,14.73,14.56,14.69,1783784,33197970.000
2009-07-23,14.72,15.39,14.40,15.11,2734314,51864896.000
2009-07-24,15.03,15.15,14.39,14.40,5211243,96796416.000
2009-07-27,14.50,14.62,14.19,14.39,3850490,70522848.000
2009-07-28,14.43,14.53,14.25,14.51,2756769,50433104.000
2009-07-29,14.48,14.54,13.66,13.93,3734855,67676016.000
2009-07-30,13.94,14.38,13.94,14.12,1886276,33993032.000
2009-07-31,14.17,14.40,13.98,14.37,2737138,49515824.000
2009-08-03,14.30,14.65,14.27,14.52,2517871,46401784.000
2009-08-04,14.63,14.90,14.47,14.57,2659143,49345352.000
2009-08-05,14.62,15.07,14.61,15.02,5996645,112751312.000
2009-08-06,14.90,15.69,14.50,15.30,5629874,108098944.000
2009-08-07,15.19,15.39,14.16,14.71,3975706,75313520.000
2009-08-10,14.71,15.14,14.58,14.87,1570248,29578620.000
2009-08-11,14.98,15.18,14.88,15.17,1853636,35384668.000
2009-08-12,15.17,15.21,14.57,14.57,1431401,26880472.000
2009-08-13,14.77,14.94,14.26,14.32,861300,15815880.000
2009-08-14,14.34,14.34,13.47,13.57,2191560,39096436.000
2009-08-17,13.45,13.45,12.82,12.86,1266899,21201202.000
2009-08-18,12.82,13.17,12.73,12.96,1712152,28310652.000
2009-08-19,13.02,13.18,11.99,12.04,1632126,26640952.000
2009-08-20,12.27,13.19,12.27,13.08,3707731,61378328.000
2009-08-21,13.08,14.00,13.07,14.00,3935965,68689728.000
2009-08-24,14.24,15.40,14.15,15.17,4848022,92298512.000
2009-08-25,15.17,15.62,14.85,15.36,6076777,117519808.000
2009-08-26,15.72,16.98,15.48,16.83,10030767,209739920.000
2009-08-27,16.63,17.14,16.48,16.89,6763075,143014880.000
2009-08-28,16.84,17.57,16.61,16.74,3594377,76807464.000
2009-08-31,16.65,16.73,15.82,16.48,4261696,88160256.000
2009-09-01,16.33,16.68,15.82,16.12,2675228,55025304.000
2009-09-02,15.98,17.82,15.88,17.82,4377171,93886288.000
2009-09-03,17.98,18.30,17.33,18.08,7231199,161388096.000
2009-09-04,17.83,18.72,17.58,17.63,4989329,112990784.000
2009-09-07,17.60,18.10,17.15,18.03,5840364,129750232.000
2009-09-08,18.05,19.05,17.49,18.85,6175320,142004752.000
2009-09-09,18.49,18.84,17.86,18.07,3918902,89784976.000
2009-09-10,18.07,18.30,17.58,18.09,2895232,65038132.000
2009-09-11,17.99,18.43,17.81,17.98,2229547,50727864.000
2009-09-14,18.03,18.48,17.66,18.32,2377735,54068856.000
2009-09-15,18.30,19.37,18.23,18.87,3555173,84076000.000
2009-09-16,18.82,19.04,18.53,18.90,1763575,41455312.000
2009-09-17,18.91,19.35,18.74,18.83,3203067,76870472.000
2009-09-18,18.88,19.28,17.93,18.02,3119389,73227752.000
2009-09-21,18.05,19.63,17.48,19.29,3223786,75637088.000
2009-09-22,19.28,20.31,19.16,20.28,4167014,103939936.000
2009-09-23,19.98,21.23,19.42,19.49,3497880,88159104.000
2009-09-24,19.40,19.86,18.45,18.76,2286550,54902232.000
2009-09-25,18.65,20.72,18.65,20.72,3253297,81762720.000
2009-09-28,20.88,21.73,20.42,20.89,2895514,75950688.000
2009-09-29,20.62,20.89,19.72,20.19,2585449,65538604.000
2009-09-30,20.09,21.21,20.09,20.39,2229905,57207732.000
2009-10-09,20.41,22.15,20.11,22.03,2773603,74454616.000
2009-10-12,22.38,22.90,21.87,22.38,2805727,78129088.000
2009-10-13,22.38,22.88,21.83,22.14,1487821,41232964.000
2009-10-14,22.07,22.73,21.72,22.04,3135261,86122968.000
2009-10-15,22.07,22.32,21.40,21.66,2138133,57851316.000
2009-10-16,21.65,22.23,20.78,21.28,2524882,67361704.000
2009-10-19,21.23,21.30,20.48,21.23,4377576,114315976.000
2009-10-20,21.23,22.39,20.65,21.98,6393086,169470464.000
2009-10-21,21.67,21.67,20.80,20.84,4563632,120380256.000
2009-10-22,20.78,20.94,20.41,20.71,2273946,58535664.000
2009-10-23,20.73,20.97,20.55,20.83,3035551,78603688.000
2009-10-26,20.84,21.13,20.48,21.08,4010743,104582672.000
2009-10-27,20.98,21.07,20.53,20.82,4190549,108602104.000
2009-10-28,20.60,20.98,20.25,20.71,1980058,50974104.000
2009-10-29,20.48,21.78,20.40,21.68,6776711,180268384.000
2009-10-30,21.72,22.14,21.33,21.93,5015536,136667984.000
2009-11-02,21.48,22.63,21.38,22.33,3581470,98990208.000
2009-11-03,22.31,22.33,21.82,21.98,3405698,93397552.000
2009-11-04,21.90,21.94,21.23,21.52,3187931,85668600.000
2009-11-05,21.44,21.48,20.98,21.31,3414482,90381120.000
2009-11-06,21.36,21.46,21.23,21.43,2614782,69541640.000
2009-11-09,21.38,21.38,20.97,21.11,2516268,66367792.000
2009-11-10,21.11,21.43,21.11,21.33,1869672,49626624.000
2009-11-11,21.31,21.31,20.82,21.13,1616939,42456032.000
2009-11-12,21.13,21.72,20.98,21.47,4746681,126197104.000
2009-11-13,21.28,23.17,21.15,23.14,7563043,210399568.000
2009-11-16,23.33,23.64,22.84,23.33,5779604,167182512.000
2009-11-18,23.23,23.32,22.57,22.67,2573041,73412448.000
2009-11-19,22.63,23.32,22.57,22.98,1997593,57206388.000
2009-11-20,22.66,23.23,22.66,22.85,1650958,47333576.000
2009-11-23,22.86,23.98,22.86,23.81,3261198,95289840.000
2009-11-24,23.92,23.92,21.91,22.15,2973202,85615344.000
2009-11-25,21.94,22.63,21.90,22.53,2021287,56187232.000
2009-11-26,22.58,22.58,21.25,21.33,2245023,61541704.000
2009-11-27,21.23,21.61,20.65,20.73,1442814,37891044.000
2009-11-30,21.06,22.89,20.98,22.89,4118534,115386048.000
2009-12-01,23.22,24.35,22.66,24.07,3393391,100125064.000
2009-12-02,24.07,24.30,23.58,24.13,2140402,63662812.000
2009-12-03,24.07,24.40,23.48,24.07,2149683,64213552.000
2009-12-04,23.73,24.13,23.28,23.31,1689938,49612172.000
2009-12-07,23.12,23.29,22.83,23.06,2474393,70680272.000
2009-12-08,23.06,23.63,22.90,23.10,1712300,49446684.000
2009-12-09,22.86,23.03,22.50,22.63,917451,25979478.000
2009-12-10,22.71,22.97,22.54,22.88,1002900,28341170.000
2009-12-11,22.97,23.48,22.91,22.94,1228292,35389644.000
2009-12-14,22.82,22.93,22.16,22.92,1281661,35989744.000
2009-12-15,22.87,23.46,22.71,23.20,1189818,34440368.000
2009-12-16,23.23,23.38,22.73,22.85,667261,19126460.000
2009-12-17,22.87,23.07,22.40,22.41,661120,18619900.000
2009-12-18,22.21,22.40,21.48,22.07,1360312,37151208.000
2009-12-21,21.91,22.14,21.58,21.81,842923,22977052.000
2009-12-22,21.84,22.11,20.98,21.02,1420493,38171392.000
2009-12-23,21.08,21.48,20.43,21.35,2097858,54907280.000
2009-12-24,21.49,22.22,21.28,21.98,1679727,45546920.000
2009-12-25,21.93,22.35,20.49,22.33,2194911,59643396.000
2009-12-28,22.05,23.07,22.03,22.83,2082500,58817528.000
2009-12-29,22.81,23.46,22.65,22.94,2732649,78438112.000
2009-12-30,22.93,23.00,22.15,22.74,2566472,71784856.000
2009-12-31,22.78,23.13,22.46,22.81,2134505,60122768.000
2010-01-04,22.81,23.07,22.12,22.19,1253550,35028152.000
2010-01-05,22.19,22.36,21.52,21.82,1510878,41095440.000
2010-01-06,21.82,22.12,21.45,21.63,1490457,40453288.000
2010-01-07,21.63,21.78,21.23,21.53,1406442,37748728.000
2010-01-08,21.48,22.05,21.38,21.73,765746,20678336.000
2010-01-11,21.57,21.90,21.47,21.65,1081455,29130464.000
2010-01-12,21.65,22.33,21.48,22.29,1235572,33983532.000
2010-01-13,21.82,21.97,21.80,21.83,1055946,28772552.000
2010-01-14,22.15,23.53,22.15,23.41,4253809,122621632.000
2010-01-15,23.30,24.28,23.30,23.98,3036031,89831928.000
2010-01-18,23.98,25.09,23.73,24.64,2981763,90432144.000
2010-01-19,24.65,24.86,24.17,24.53,1381385,41754648.000
2010-01-20,24.53,24.97,23.88,24.01,1803988,54539496.000
2010-01-21,23.82,24.58,23.82,24.50,760758,22919680.000
2010-01-22,24.52,24.52,23.35,23.47,1110140,32854572.000
2010-01-25,23.16,23.48,22.45,22.47,1724150,49067388.000
2010-01-26,22.48,22.73,21.63,22.32,1254823,34596576.000
2010-01-27,22.32,22.48,21.67,21.89,645883,17734660.000
2010-01-28,21.67,22.28,21.67,22.21,417942,11501570.000
2010-01-29,21.91,22.73,21.87,22.54,1255755,35239084.000
2010-02-01,22.36,23.46,22.36,23.33,1781583,50703956.000
2010-02-02,23.36,24.19,23.20,23.47,2355069,69893384.000
2010-02-03,23.47,23.73,22.61,23.28,1123374,32343264.000
2010-02-04,23.32,24.24,23.32,23.64,1530411,45322164.000
2010-02-05,23.23,23.98,22.94,23.78,860992,25193348.000
2010-02-08,23.41,23.78,23.22,23.25,695801,20240070.000
2010-02-09,23.25,23.53,22.98,23.04,276381,7960020.000
2010-02-10,23.19,23.44,22.90,23.38,566640,16358143.000
2010-02-11,23.55,24.31,23.48,24.23,1245350,37042104.000
2010-02-12,24.19,24.58,23.98,24.27,495014,14898750.000
2010-02-22,24.30,24.32,23.78,24.12,280927,8385952.000
2010-02-23,23.99,24.15,23.32,23.74,475460,13978530.000
2010-02-24,23.67,24.33,23.42,24.28,671302,20116948.000
2010-02-25,24.48,24.89,24.18,24.35,1098558,33294788.000
2010-02-26,24.38,25.00,24.05,24.91,1348981,41300344.000
2010-03-01,24.92,25.26,24.32,24.71,885527,27286678.000
2010-03-02,24.50,24.95,24.28,24.39,427006,12956077.000
2010-03-03,24.32,24.36,23.90,24.08,858309,25633164.000
2010-03-04,24.15,24.23,23.23,23.48,1690897,49955132.000
2010-03-05,23.48,23.78,23.32,23.61,477366,13966339.000
2010-03-08,23.61,23.85,23.46,23.75,1984729,58317724.000
2010-03-09,23.89,24.54,23.59,24.18,1280813,38472016.000
2010-03-10,24.02,24.44,23.40,23.50,1244196,36866384.000
2010-03-11,23.47,23.57,23.15,23.32,655284,19000068.000
2010-03-12,23.32,23.86,23.20,23.80,819876,23923432.000
2010-03-15,23.78,23.85,22.67,22.81,1340108,38512208.000
2010-03-16,22.86,23.06,21.98,22.55,2425756,67550800.000
2010-03-17,22.79,23.74,22.65,23.73,2661323,77312408.000
2010-03-18,23.44,24.10,23.34,23.91,1708840,50499972.000
2010-03-19,23.91,24.79,23.91,24.27,3125622,94852376.000
2010-03-22,24.19,24.27,23.65,24.00,1395039,41508280.000
2010-03-23,24.02,24.10,23.28,23.33,1140812,33380894.000
2010-03-24,23.57,23.74,23.34,23.57,1021171,29846380.000
2010-03-25,23.65,23.65,23.07,23.33,630542,18227946.000
2010-03-26,23.34,23.69,22.98,23.67,381759,11126954.000
2010-03-29,23.70,23.73,23.42,23.65,757007,22184512.000
2010-03-30,23.73,23.94,23.42,23.53,1001411,29416828.000
2010-03-31,23.59,23.88,23.41,23.73,613813,18051072.000
2010-04-01,23.72,24.16,23.72,23.90,707087,21065560.000
2010-04-02,23.91,24.07,23.58,23.66,467782,13827773.000
2010-04-06,23.73,23.98,23.16,23.54,1161262,33837252.000
2010-04-07,23.48,23.53,23.22,23.33,880360,25548912.000
2010-04-08,23.23,24.82,23.22,24.77,2344569,70362160.000
2010-04-09,24.78,25.27,24.53,25.08,3170004,97890568.000
2010-04-12,25.11,26.28,25.05,25.21,3034463,96715528.000
2010-04-13,25.29,26.07,24.91,25.58,1557412,49181680.000
2010-04-14,25.67,26.12,25.19,26.01,1441278,45776788.000
2010-04-15,25.98,26.20,25.60,25.93,789350,25310464.000
2010-04-16,25.91,26.05,25.21,25.60,427117,13553100.000
2010-04-19,25.58,26.55,25.50,25.78,1086517,34986492.000
2010-04-21,27.23,28.45,27.23,28.45,3470627,121836928.000
2010-04-22,28.99,31.23,28.32,30.41,4133821,149474848.000
2010-04-23,29.98,30.23,29.58,29.81,2851773,105399736.000
2010-04-26,30.20,30.98,29.66,29.73,2143821,80448800.000
2010-04-27,29.75,29.77,27.58,28.99,1774085,63257208.000
2010-04-28,28.49,30.61,28.32,29.82,808687,29600520.000
2010-04-29,29.98,29.98,28.59,28.70,1419961,50956896.000
2010-04-30,28.53,28.98,27.49,27.93,849997,29422262.000
2010-05-04,27.98,28.86,27.48,28.30,459866,16088642.000
2010-05-05,28.03,29.90,27.66,29.76,1006933,36295540.000
2010-05-06,29.71,30.25,28.32,28.99,1203259,43690696.000
2010-05-07,28.16,28.93,27.82,28.25,1962495,68500528.000
2010-05-10,28.15,29.18,25.82,27.61,1150763,38932648.000
2010-05-11,28.04,28.14,26.98,27.60,968542,32904144.000
2010-05-12,27.28,27.67,26.05,26.96,628374,20892302.000
2010-05-13,26.96,29.07,26.73,27.90,667846,23140440.000
2010-05-14,27.82,28.49,27.07,28.04,658829,22759408.000
2010-05-17,27.78,28.07,26.33,26.69,708939,23754302.000
2010-05-18,27.15,27.94,26.23,27.89,676731,22769348.000
2010-05-19,27.40,28.38,27.22,27.56,232585,6606199.000
2010-05-20,27.21,27.80,26.42,26.64,599107,16445599.000
2010-05-21,25.64,28.69,25.41,27.26,515690,14072485.000
2010-05-24,27.15,28.40,26.96,28.15,653540,18615332.000
2010-05-25,27.94,28.44,27.51,28.31,1080484,30902092.000
2010-05-26,28.41,29.22,28.30,29.08,1009536,29682004.000
2010-05-27,29.05,29.15,28.46,29.07,769465,22707140.000
2010-05-28,29.38,29.39,28.41,29.00,1235416,36356908.000
2010-05-31,29.08,29.18,27.55,27.88,459620,13500675.000
2010-06-01,27.97,28.19,27.01,27.48,1521291,42583220.000
2010-06-02,27.54,27.99,27.06,27.99,492280,13797764.000
2010-06-03,27.72,29.20,27.72,28.57,718073,21132620.000
2010-06-04,28.93,30.48,28.60,30.42,1511476,45579408.000
2010-06-07,30.20,31.50,29.73,30.69,942245,29489580.000
2010-06-08,30.65,30.90,30.09,30.39,336503,10423420.000
2010-06-09,30.38,30.85,30.15,30.56,763880,23707020.000
2010-06-10,30.59,31.00,30.50,30.80,863052,27058278.000
2010-06-11,30.80,31.25,29.86,30.20,592210,18331788.000
2010-06-17,30.25,32.65,30.10,30.92,849560,27014884.000
2010-06-18,30.60,30.95,28.42,28.88,1536281,45797792.000
2010-06-21,28.78,30.05,28.78,29.95,387071,11625767.000
2010-06-22,29.95,31.36,29.48,30.80,676448,21084128.000
2010-06-23,30.50,31.20,30.42,31.11,487588,15364613.000
2010-06-24,31.15,32.38,30.60,32.35,1541369,49939304.000
2010-06-25,32.09,32.58,31.23,32.17,417096,13499856.000
2010-06-28,32.10,32.10,30.90,31.85,625590,19923644.000
2010-06-29,31.74,31.83,29.70,31.28,845627,26668404.000
2010-06-30,30.51,32.35,30.40,32.22,1526658,49307036.000
2010-07-01,32.10,32.20,31.05,31.27,394968,12684474.000
2010-07-02,30.96,31.27,28.08,28.20,1823667,53403992.000
2010-07-05,28.10,28.36,26.70,28.28,886715,25149888.000
2010-07-06,28.27,29.39,27.90,28.76,633488,18678104.000
2010-07-07,28.71,29.40,28.27,29.10,574923,17037516.000
2010-07-08,29.31,29.61,28.70,29.29,548030,16311212.000
2010-07-09,29.29,30.40,29.25,30.23,766406,23308868.000
2010-07-12,30.20,30.67,29.75,30.47,376463,11637856.000
2010-07-13,30.20,30.90,29.90,30.85,345422,10712263.000
2010-07-14,30.85,31.20,30.21,30.90,395509,12429052.000
2010-07-15,30.93,31.12,30.67,30.76,322857,10164300.000
2010-07-16,30.74,30.80,29.80,29.89,470670,14452262.000
2010-07-19,29.90,30.38,29.65,30.29,283793,8675207.000
2010-07-20,29.95,31.40,29.95,31.36,513921,16307834.000
2010-07-21,31.36,31.66,30.90,31.41,466440,14874544.000
2010-07-22,31.10,31.79,31.10,31.64,590463,18991864.000
2010-07-23,31.65,32.27,31.40,31.96,400775,13019625.000
2010-07-26,31.95,32.35,31.71,32.18,600270,19624832.000
2010-07-27,31.93,32.90,31.93,32.44,856488,28278308.000
2010-07-28,32.60,32.60,32.19,32.52,581831,19224000.000
2010-07-29,32.51,33.35,31.40,32.10,922664,30270028.000
2010-07-30,31.70,32.20,31.70,31.91,355066,11539094.000
2010-08-02,31.78,32.85,31.60,32.65,949644,31218852.000
2010-08-03,32.65,32.74,31.30,31.32,926213,30224456.000
2010-08-04,31.42,32.20,31.35,31.85,2553194,82461328.000
2010-08-05,32.15,35.10,32.15,35.10,4704336,163031424.000
2010-08-06,35.15,35.57,33.90,35.06,1425707,50397512.000
2010-08-09,34.75,35.56,34.30,35.05,2110994,74542896.000
2010-08-10,35.06,35.06,33.80,34.30,1850937,64578784.000
2010-08-11,33.90,34.68,32.93,33.40,2322279,79551624.000
2010-08-12,32.40,34.17,32.15,32.68,4314362,143684848.000
2010-08-13,32.62,33.90,32.51,33.77,2171713,73373592.000
2010-08-16,33.48,34.80,33.12,34.46,1585187,54883908.000
2010-08-17,34.30,35.50,34.19,35.36,2585577,92142272.000
2010-08-18,35.10,35.35,34.75,34.93,949646,33776384.000
2010-08-19,35.16,35.50,34.40,34.97,1685574,59956136.000
2010-08-20,34.42,35.08,33.58,33.88,1800279,62718176.000
2010-08-23,33.65,34.08,32.91,33.29,1200042,40906376.000
2010-08-24,33.28,34.78,32.99,34.70,1303886,45126580.000
2010-08-25,34.45,34.75,33.92,34.48,733666,25693720.000
2010-08-26,34.30,34.93,34.30,34.85,501592,17665152.000
2010-08-30,34.85,35.73,34.80,34.98,1003883,36070516.000
2010-08-31,34.98,36.14,34.90,35.22,1183091,42910240.000
2010-09-01,35.22,35.70,34.20,34.54,912062,32304462.000
2010-09-02,34.88,35.40,34.60,35.07,578388,20672220.000
2010-09-03,35.08,35.33,34.79,35.20,888299,31715944.000
2010-09-06,35.28,35.40,33.93,34.23,1446261,50435008.000
2010-09-07,34.23,34.23,33.10,33.65,1760850,59792732.000
2010-09-08,33.29,34.04,33.11,33.99,801229,27509890.000
2010-09-09,33.98,34.17,33.28,33.76,791916,27143308.000
2010-09-10,33.81,34.40,33.25,34.22,854168,29294656.000
2010-09-13,34.17,35.45,33.41,35.41,1994464,70733832.000
2010-09-14,35.41,35.41,34.60,34.73,970544,34453492.000
2010-09-15,34.75,35.17,33.89,34.29,508416,17737808.000
2010-09-16,34.38,34.38,33.10,33.89,734090,25043140.000
2010-09-17,34.20,34.28,33.31,33.91,462026,15864176.000
2010-09-20,33.90,33.90,33.25,33.31,676802,22980642.000
2010-09-21,33.58,33.79,33.43,33.50,710839,24306596.000
2010-09-27,33.31,35.30,33.31,35.18,2379707,83471888.000
2010-09-28,35.20,35.60,34.60,35.45,2065536,73587920.000
2010-09-29,35.60,36.05,34.99,35.12,1262601,45670184.000
2010-09-30,35.12,35.65,34.93,35.30,1030908,37067668.000
2010-10-08,35.60,37.50,35.20,37.45,2617240,97946392.000
2010-10-11,37.50,37.50,34.60,34.80,4053994,148626720.000
2010-10-12,34.61,34.69,33.36,34.00,4620804,158591968.000
2010-10-13,33.77,34.08,32.71,33.97,5352042,181555824.000
2010-10-14,34.04,34.04,30.90,32.88,4528332,148945456.000
2010-10-15,31.88,33.20,31.48,32.70,1879907,62140708.000
2010-10-18,32.45,32.60,30.90,32.54,2974434,96818240.000
2010-10-19,32.40,33.36,32.11,33.27,1296311,43587000.000
2010-10-20,32.58,34.49,32.58,33.80,2010680,68907984.000
2010-10-21,33.80,33.96,33.36,33.80,877417,30011830.000
2010-10-22,33.46,33.95,32.91,33.74,1164412,39696588.000
2010-10-25,33.74,34.10,33.62,33.89,2119793,73150408.000
2010-10-26,33.91,33.91,31.68,32.28,7471652,246712352.000
2010-10-27,32.08,32.70,31.70,32.03,2878705,94335152.000
2010-10-28,32.15,32.40,31.58,31.74,2009323,65450000.000
2010-10-29,31.75,32.09,31.42,32.00,2125551,69107160.000
2010-11-01,32.20,32.40,31.90,32.20,3114643,101979920.000
2010-11-02,32.30,32.58,31.89,32.09,2611245,85694624.000
2010-11-03,32.09,32.54,31.80,32.30,3238172,106372112.000
2010-11-04,32.22,32.60,32.10,32.44,1960816,64737980.000
2010-11-05,32.31,32.50,32.00,32.18,3813312,124916416.000
2010-11-08,32.30,33.22,32.00,33.21,4912360,162795520.000
2010-11-09,33.10,33.10,32.39,32.76,2813365,93493736.000
2010-11-10,32.70,35.29,32.51,34.09,8348933,288941024.000
2010-11-11,33.59,34.87,33.59,34.23,4132731,144119232.000
2010-11-12,33.90,34.27,32.41,33.38,2360565,79512712.000
2010-11-15,33.32,34.35,32.58,34.30,3119657,107066400.000
2010-11-16,34.40,35.60,33.28,33.40,4327812,153285888.000
2010-11-17,32.93,33.26,31.41,31.69,1552290,51187664.000
2010-11-18,31.80,32.20,31.00,31.37,1213167,38699120.000
2010-11-19,31.38,31.69,30.71,31.57,1197189,38124760.000
2010-11-22,31.44,32.05,31.02,31.70,983575,31724160.000
2010-11-23,31.56,31.70,30.80,31.12,1418641,44831728.000
2010-11-24,30.96,31.32,30.30,31.28,1493743,47171016.000
2010-11-25,31.31,31.97,31.18,31.86,1751070,56429864.000
2010-11-26,32.03,32.03,31.30,31.58,1204105,38799596.000
2010-11-29,31.48,31.58,30.61,31.09,2134218,67281800.000
2010-11-30,30.98,31.18,29.32,29.57,3051560,93472880.000
2010-12-01,29.58,30.55,29.20,30.20,1658175,50631808.000
2010-12-02,30.60,30.70,29.51,29.73,2399764,73459136.000
2010-12-03,29.73,29.88,29.10,29.78,1547702,46515944.000
2010-12-06,29.75,29.87,28.81,29.15,1490955,44431380.000
2010-12-07,28.91,29.38,28.71,29.27,1998214,59389668.000
2010-12-08,29.40,29.67,29.30,29.50,2591998,78003224.000
2010-12-09,29.39,30.90,29.22,30.67,3007776,92656712.000
2010-12-10,30.39,31.90,29.90,31.56,2959027,94597088.000
2010-12-13,31.55,31.84,31.05,31.62,3444263,110224720.000
2010-12-14,31.40,32.06,31.30,31.46,1632344,52547992.000
2010-12-15,31.46,31.46,30.90,31.20,794566,25197218.000
2010-12-16,31.02,31.35,30.82,30.99,488086,15427470.000
2010-12-17,31.17,31.48,30.90,31.44,550815,17544054.000
2010-12-20,31.45,31.49,29.76,29.90,1513927,46676320.000
2010-12-21,30.14,30.14,29.40,30.08,1596588,48365080.000
2010-12-22,30.07,30.07,29.50,29.62,1035618,31278764.000
2010-12-24,29.01,29.60,28.95,29.41,547184,16327586.000
2010-12-27,29.30,29.59,28.68,28.75,979351,29103326.000
2010-12-28,28.42,28.65,27.53,27.91,1591349,45221504.000
2010-12-29,27.89,28.20,27.22,28.00,1718247,48420672.000
2010-12-30,27.95,28.16,27.63,28.00,870900,24843156.000
2010-12-31,27.90,28.58,27.89,28.44,858233,24660868.000
2011-01-04,28.70,29.52,28.25,29.14,2144743,63494384.000
2011-01-05,29.16,29.61,28.87,28.93,755183,22532940.000
2011-01-06,28.87,29.85,28.87,29.12,1406257,42209328.000
2011-01-07,29.12,29.28,28.66,28.80,600825,17769498.000
2011-01-10,28.75,28.75,27.58,27.67,1004188,28730154.000
2011-01-11,27.75,27.90,26.77,26.99,961166,26671424.000
2011-01-12,26.93,27.20,26.79,26.98,663024,18265956.000
2011-01-13,26.99,27.50,26.99,27.47,926571,25706126.000
2011-01-14,27.50,27.77,26.46,27.75,2520461,69428344.000
2011-01-17,27.37,27.99,26.70,26.73,883328,24809564.000
2011-01-18,26.70,28.09,26.70,27.76,1629737,45625332.000
2011-01-19,27.50,28.40,27.50,28.23,975268,27855062.000
2011-01-20,28.25,28.55,27.61,28.08,1129418,32551432.000
2011-01-21,27.81,28.16,27.68,27.72,439895,12545915.000
2011-01-24,27.68,27.70,25.40,25.97,1693826,45365024.000
2011-01-25,25.95,26.10,25.69,25.94,489422,12952318.000
2011-01-26,26.05,26.45,25.42,26.09,2184572,57702248.000
2011-01-27,25.81,26.48,25.45,26.30,796013,21254634.000
2011-01-28,26.39,26.85,26.07,26.83,704466,19145302.000
2011-01-31,26.64,27.51,26.56,27.48,713910,19884620.000
2011-02-01,27.55,27.58,27.07,27.35,522845,14637344.000
2011-02-09,27.30,27.50,26.90,27.05,445710,12397033.000
2011-02-10,27.30,27.90,26.42,27.59,772866,21578482.000
2011-02-11,27.59,28.22,27.52,27.99,1035096,29589780.000
2011-02-14,28.25,28.25,27.70,28.12,1149368,32837150.000
2011-02-15,28.12,28.30,27.73,27.74,1474580,42148148.000
2011-02-16,27.61,27.87,27.22,27.59,791175,22187868.000
2011-02-17,27.64,27.67,26.66,27.06,2327325,64173720.000
2011-02-18,26.91,27.43,26.76,27.29,2080015,57471512.000
2011-02-21,27.06,27.19,26.38,26.87,3415365,93053624.000
2011-02-22,26.72,26.73,26.05,26.09,1751570,47318692.000
2011-02-23,25.96,26.68,25.96,26.35,1285791,34635380.000
2011-02-24,26.32,26.65,26.30,26.49,769496,20810612.000
2011-02-25,26.60,26.60,26.21,26.35,804488,21673816.000
2011-02-28,26.50,27.43,26.37,27.40,2214001,60905400.000
2011-03-01,27.40,28.20,26.89,27.35,2539339,71717960.000
2011-03-02,27.28,27.68,26.90,27.43,1793141,49906372.000
2011-03-03,27.43,27.78,27.03,27.25,1184931,33232780.000
2011-03-04,27.20,27.33,26.56,27.00,1041819,28583774.000
2011-03-07,27.18,27.56,27.01,27.21,1656754,46152216.000
2011-03-08,27.13,27.50,27.13,27.49,1412261,39524408.000
2011-03-09,27.49,27.65,27.13,27.55,1974390,55182824.000
2011-03-11,27.19,27.38,26.92,27.05,1205914,33461600.000
2011-03-14,26.67,26.90,26.58,26.84,1228523,33590400.000
2011-03-15,26.83,26.94,26.08,26.29,1287038,34670992.000
2011-03-16,26.70,27.08,26.63,27.02,1456052,40014096.000
2011-03-17,26.89,26.89,26.20,26.28,1398342,37813216.000
2011-03-18,26.41,26.56,26.27,26.40,817316,22049812.000
2011-03-21,26.40,26.40,26.27,26.40,685005,18469586.000
2011-03-22,26.43,26.54,26.26,26.44,1094019,29544638.000
2011-03-23,26.41,26.58,26.30,26.40,1566907,42337160.000
2011-03-24,26.41,26.50,26.15,26.22,1212007,32576116.000
2011-03-25,26.22,26.23,25.98,26.13,1467849,39178008.000
2011-03-28,26.20,26.28,25.40,25.56,2648329,69749512.000
2011-03-29,25.60,25.66,24.88,25.15,2042868,52497032.000
2011-03-30,25.15,25.35,25.01,25.28,820670,21190688.000
2011-03-31,25.33,25.38,24.90,24.99,678656,17420820.000
2011-04-01,25.08,25.16,24.48,24.91,1315731,33333962.000
2011-04-06,24.80,24.80,24.21,24.41,2236892,56038776.000
2011-04-07,24.45,24.54,24.10,24.34,2177747,54168612.000
2011-04-08,24.31,25.03,24.26,24.99,4208299,106152024.000
2011-04-11,24.99,24.99,24.40,24.47,2689544,67868080.000
2011-04-12,24.44,24.54,24.25,24.50,1427063,35660936.000
2011-04-13,24.55,25.24,24.40,25.10,2954614,75583920.000
2011-04-14,25.09,25.40,24.86,25.35,2396789,61756024.000
2011-04-15,25.30,25.39,24.99,25.27,1497374,38557984.000
2011-04-18,25.20,25.20,24.72,24.93,1265689,32352942.000
2011-04-19,25.10,25.30,24.51,25.13,1674392,42914740.000
2011-04-21,25.63,26.20,25.63,26.05,7449439,198041024.000
2011-04-22,26.10,26.34,25.90,26.30,3424994,91609320.000
2011-04-25,26.40,28.16,26.30,27.61,8420901,234988416.000
2011-04-26,27.63,27.70,26.88,27.57,4979882,139135088.000
2011-04-27,27.30,27.55,26.81,27.01,2523655,69981832.000
2011-04-28,27.00,27.05,25.91,25.93,2488629,67256416.000
2011-04-29,25.67,26.80,25.66,26.74,1838256,49809696.000
2011-05-03,26.81,27.18,26.43,26.98,1376931,37889644.000
2011-05-04,26.85,27.38,26.73,26.91,2242316,62112204.000
2011-05-05,26.80,28.05,26.70,27.54,4339678,122239920.000
2011-05-06,27.30,30.35,27.09,29.02,11767711,350763360.000
2011-05-09,28.99,29.85,28.53,29.40,3167444,94297192.000
2011-05-10,29.16,29.50,28.63,29.19,2758758,81810376.000
2011-05-11,28.92,30.23,28.92,29.48,3802021,114817184.000
2011-05-12,29.11,29.36,28.78,28.84,1989355,58951164.000
2011-05-13,28.70,28.86,28.15,28.35,3381395,98072392.000
2011-05-16,28.56,29.70,28.40,29.20,4155262,123609640.000
2011-05-17,29.10,29.10,27.94,27.94,2019850,58543320.000
2011-05-18,27.92,28.60,27.92,28.38,2005851,57960024.000
2011-05-19,28.54,28.60,28.08,28.27,978384,28294548.000
2011-05-20,28.45,28.90,28.00,28.70,1550397,45243384.000
2011-05-23,28.69,28.69,27.25,27.26,1976987,56015876.000
2011-05-24,26.99,27.66,26.99,27.41,971010,27154084.000
2011-05-25,27.69,27.80,27.25,27.29,776067,21800020.000
2011-05-26,27.36,27.80,26.18,26.60,2215196,60556524.000
2011-05-27,26.54,26.54,25.43,25.90,1489576,39415944.000
2011-05-30,25.56,26.45,25.40,25.80,1164080,30784816.000
2011-05-31,25.85,26.50,25.50,26.29,702374,18669404.000
2011-06-01,26.29,26.58,25.90,26.55,1284870,34482564.000
2011-06-02,26.00,26.47,25.49,25.74,1124270,29817844.000
2011-06-03,25.55,26.70,25.55,26.31,1226887,32880472.000
2011-06-07,26.31,26.38,25.60,26.30,1508408,40301680.000
2011-06-08,26.31,26.69,25.65,26.36,2005742,53638400.000
2011-06-09,26.30,26.90,25.92,26.54,903494,24201018.000
2011-06-10,26.25,26.26,25.66,26.10,800247,21036148.000
2011-06-13,25.90,25.90,24.97,25.20,1269166,32441892.000
2011-06-14,25.17,25.54,25.00,25.39,737745,18973132.000
2011-06-15,25.36,26.10,25.36,25.66,1025518,26748160.000
2011-06-16,25.59,25.82,24.61,24.85,824641,21040740.000
2011-06-17,24.85,24.95,24.48,24.59,1098290,27372948.000
2011-06-20,24.40,24.70,24.40,24.46,379458,9406104.000
2011-06-21,24.30,25.08,24.30,25.00,740226,18521160.000
2011-06-22,25.00,25.09,24.72,25.07,374742,9444374.000
2011-06-23,25.04,25.70,24.61,25.55,581378,14882810.000
2011-06-24,25.58,26.50,25.28,26.43,1468279,38653360.000
2011-06-27,26.32,26.46,26.10,26.26,532059,14137311.000
2011-06-28,26.21,26.26,25.85,26.16,372902,9807594.000
2011-06-29,26.18,26.78,26.03,26.08,773130,20708164.000
2011-06-30,26.07,26.68,25.95,26.38,483517,12905522.000
2011-07-01,26.62,26.62,26.10,26.29,633913,16805416.000
2011-07-04,26.15,26.75,26.15,26.60,1200935,32156344.000
2011-07-05,26.60,26.92,26.50,26.81,860105,23222992.000
2011-07-06,26.60,26.80,26.30,26.53,684935,18321980.000
2011-07-07,26.55,28.04,26.44,27.05,2571436,71120880.000
2011-07-08,27.10,27.90,27.10,27.50,1186038,32980758.000
2011-07-11,27.21,28.51,27.14,28.36,1432430,40448900.000
2011-07-12,28.14,28.15,27.52,27.73,780533,21961656.000
2011-07-13,27.89,27.99,27.45,27.87,644536,18150432.000
2011-07-14,27.90,27.90,27.40,27.79,868894,24320196.000
2011-07-15,27.98,28.28,27.60,28.19,647805,18365020.000
2011-07-18,28.11,29.45,28.11,28.95,2202442,64428240.000
2011-07-19,28.78,29.07,28.50,28.73,745836,21634636.000
2011-07-20,28.72,29.10,28.40,28.76,611763,17768278.000
2011-07-21,28.76,28.76,28.00,28.34,579730,16672449.000
2011-07-22,28.33,28.69,28.19,28.36,261735,7520160.000
2011-07-25,28.33,28.45,26.85,27.23,785681,21917918.000
2011-07-26,27.18,27.18,26.78,26.94,535209,14561427.000
2011-07-27,26.96,27.55,26.55,27.45,720379,19720856.000
2011-07-28,27.31,27.35,26.72,27.20,366758,10040371.000
2011-07-29,27.20,27.55,26.75,27.14,863948,23784408.000
2011-08-01,26.85,27.11,26.80,26.95,716851,19557682.000
2011-08-02,26.95,26.95,25.98,26.90,692153,18503070.000
2011-08-03,26.50,26.70,26.10,26.62,1000694,26705498.000
2011-08-04,26.56,26.71,26.21,26.68,734839,19698820.000
2011-08-05,26.12,26.60,25.70,26.40,402308,10642770.000
2011-08-08,25.97,26.36,25.00,25.77,688542,17896680.000
2011-08-09,25.10,26.08,24.91,25.95,311021,8021227.000
2011-08-10,26.36,26.66,26.11,26.46,503952,13408161.000
2011-08-11,26.10,28.24,25.85,28.19,2123009,58567160.000
2011-08-12,28.00,28.20,27.62,27.92,2184605,61583012.000
2011-08-15,27.95,28.68,27.70,28.52,1112710,31707822.000
2011-08-16,28.53,28.55,27.70,28.09,1002581,28391732.000
2011-08-17,27.62,28.20,27.62,28.17,588884,16617032.000
2011-08-18,28.10,28.10,27.56,27.64,310256,8693040.000
2011-08-19,27.00,28.08,26.97,27.83,595828,16706982.000
2011-08-22,27.79,28.15,27.35,27.86,241052,6747939.000
2011-08-23,27.86,27.90,27.45,27.50,296410,8263575.000
2011-08-24,27.70,27.95,27.40,27.69,347371,9708656.000
2011-08-25,27.66,27.82,27.28,27.74,1046552,29172610.000
2011-08-26,27.70,27.71,27.42,27.51,402647,11198054.000
2011-08-29,27.44,27.48,26.50,26.67,950272,25720688.000
2011-08-30,26.71,27.08,26.40,26.41,657470,17749524.000
2011-08-31,26.45,26.88,26.24,26.87,390574,10496083.000
2011-09-01,26.84,26.88,26.28,26.64,183882,4946148.000
2011-09-02,26.49,26.70,26.15,26.62,253702,6767953.000
2011-09-05,26.44,26.44,25.90,25.93,268255,7060226.000
2011-09-06,25.72,25.90,25.45,25.53,198800,5144916.000
2011-09-08,26.08,26.13,25.45,25.61,424149,11095741.000
2011-09-09,25.51,25.92,25.39,25.91,483634,12550774.000
2011-09-13,25.39,25.91,24.84,25.85,508715,13003675.000
2011-09-14,25.89,25.98,25.32,25.77,289839,7533449.000
2011-09-15,25.77,25.89,25.50,25.62,340011,8827271.000
2011-09-16,25.56,25.84,25.54,25.59,198077,5132646.000
2011-09-19,25.32,25.48,24.97,25.18,260549,6618221.000
2011-09-20,25.00,25.15,24.81,24.93,337662,8519209.000
2011-09-21,24.93,25.60,24.84,25.50,539403,13781047.000
2011-09-22,25.40,25.50,24.68,24.68,442482,11217973.000
2011-09-23,24.35,24.64,23.78,23.84,626494,15300237.000
2011-09-26,23.84,23.89,23.28,23.50,440173,10542797.000
2011-09-27,23.85,23.86,22.68,22.80,1014808,23668230.000
2011-09-28,22.90,23.14,22.00,22.35,652615,14867683.000
2011-09-29,22.11,22.28,21.25,22.16,1440179,31772954.000
2011-09-30,21.93,22.29,21.50,22.11,730458,16213693.000
2011-10-10,22.24,22.24,20.73,21.32,1146056,24888492.000
2011-10-11,21.67,21.70,21.10,21.27,1240184,26870000.000
2011-10-12,21.00,22.36,21.00,22.30,1796712,39969680.000
2011-10-13,22.35,23.15,21.96,22.99,1444088,33441944.000
2011-10-14,22.95,23.36,22.79,23.26,1181979,27779916.000
2011-10-17,22.92,23.69,22.92,23.58,1106670,26190126.000
2011-10-18,23.20,23.50,22.70,22.72,955339,22416012.000
2011-10-19,22.75,23.05,22.11,22.19,346110,7877241.000
2011-10-20,22.06,22.42,21.70,22.11,486009,10777847.000
2011-10-21,21.91,22.10,21.71,22.00,167206,3710769.000
2011-10-24,21.80,22.39,21.20,22.35,1377207,30279104.000
2011-10-25,22.15,23.25,21.97,23.02,635017,14697826.000
2011-10-26,22.90,24.20,22.71,23.58,1373464,33053312.000
2011-10-27,23.90,24.59,23.80,24.14,2211598,54072444.000
2011-10-28,24.14,24.30,23.92,24.15,1247780,30463908.000
2011-10-31,24.20,25.13,24.20,24.65,2040151,51459044.000
2011-11-01,24.51,25.29,24.25,25.14,1462556,37121436.000
2011-11-02,24.81,25.20,24.62,25.18,592277,14943908.000
2011-11-03,25.20,25.97,25.20,25.42,1314811,34177432.000
2011-11-04,25.36,25.69,25.01,25.20,557181,14268533.000
2011-11-07,25.30,25.50,24.83,25.14,338525,8634131.000
2011-11-08,25.15,25.15,24.50,24.65,493662,12370077.000
2011-11-09,24.99,24.99,24.50,24.88,310296,7762699.000
2011-11-10,24.71,24.85,23.90,24.01,1921913,47116764.000
2011-11-11,24.01,24.29,23.86,24.05,1025522,24988936.000
2011-11-14,24.10,24.78,24.10,24.65,1128317,28048092.000
2011-11-15,24.67,24.68,24.27,24.52,533966,13206941.000
2011-11-16,24.32,24.51,24.01,24.14,374550,9165004.000
2011-11-17,24.15,24.26,23.73,23.90,494400,12017430.000
2011-11-21,23.50,24.18,22.68,24.01,966712,22819060.000
2011-11-22,23.63,24.05,23.20,24.02,782975,18656268.000
2011-11-23,23.99,24.00,23.50,23.72,533612,12808079.000
2011-11-24,23.41,23.79,23.22,23.54,229818,5478278.000
2011-11-25,23.35,23.75,23.35,23.66,190202,4538918.000
2011-11-28,23.78,23.90,23.42,23.80,350135,8391869.000
2011-11-29,24.10,24.21,23.92,23.95,895402,21858344.000
2011-11-30,24.19,24.19,23.12,23.33,510697,12107983.000
2011-12-01,23.71,23.95,23.49,23.85,868696,20870584.000
2011-12-02,23.65,23.70,23.24,23.28,191869,4540388.000
2011-12-05,23.20,23.20,22.50,22.51,201044,4665063.000
2011-12-06,22.51,22.93,21.71,22.08,375739,8457317.000
2011-12-07,22.03,22.27,22.03,22.15,196329,4404354.000
2011-12-08,22.30,22.69,21.96,22.51,274053,6205520.000
2011-12-09,22.49,23.50,22.21,22.95,223475,5113970.000
2011-12-12,22.71,22.97,22.44,22.45,66008,1514198.000
2011-12-13,22.31,22.59,21.60,22.20,363938,8082531.000
2011-12-14,21.91,21.91,20.83,21.66,469697,10255702.000
2011-12-15,21.45,21.60,21.13,21.31,213871,4634829.000
2011-12-16,21.49,21.70,21.20,21.68,307935,6689901.000
2011-12-19,21.65,21.95,21.30,21.87,257011,5612421.000
2011-12-20,21.80,22.09,21.50,21.87,279411,6174065.000
2011-12-21,21.87,22.00,21.30,21.68,177900,3909231.000
2011-12-22,21.31,21.65,20.90,21.52,261056,5626842.000
2011-12-23,21.48,21.74,21.29,21.56,440782,9604870.000
2011-12-26,21.50,21.53,21.22,21.49,240273,5212775.000
2011-12-27,21.31,21.51,21.19,21.39,516394,11184297.000
2011-12-28,21.38,21.40,20.90,21.37,219196,4705510.000
2011-12-29,21.06,22.20,21.06,22.14,588836,13006578.000
2011-12-30,22.35,22.65,22.14,22.53,1175553,26775626.000
2012-01-04,22.69,22.69,21.21,21.22,607001,13404237.000
2012-01-05,21.15,21.30,19.58,19.58,1326935,26893668.000
2012-01-06,19.60,19.70,18.93,19.55,370205,7233984.000
2012-01-09,19.56,20.25,19.25,20.19,554515,11199575.000
2012-01-10,20.10,20.98,19.92,20.83,814905,16986172.000
2012-01-11,20.70,20.70,20.16,20.55,1006829,20826376.000
2012-01-12,20.49,20.49,19.50,19.65,1433980,29056592.000
2012-01-13,19.30,19.66,18.95,19.05,857747,16814864.000
2012-01-16,18.85,19.05,18.50,18.51,328000,6267423.000
2012-01-17,18.55,19.24,18.32,19.20,1297120,24890542.000
2012-01-18,19.15,19.25,18.45,18.54,1531198,29421328.000
2012-01-19,18.40,19.13,18.40,18.90,1976721,37887608.000
2012-01-20,18.91,19.25,18.90,19.09,1300974,25231820.000
2012-01-30,19.09,19.38,18.89,18.90,1063150,20583048.000
2012-01-31,18.81,19.00,18.65,18.77,409907,7823304.000
2012-02-01,18.72,19.06,18.68,19.00,603410,11611390.000
2012-02-02,19.01,19.48,19.01,19.45,1040974,20363840.000
2012-02-03,19.35,19.60,19.31,19.49,951366,18844180.000
2012-02-06,19.54,20.18,19.54,20.05,1723163,34982352.000
2012-02-07,20.08,20.28,19.70,20.20,880512,17898748.000
2012-02-08,20.02,20.73,19.92,20.70,1404547,28981982.000
2012-02-09,20.51,21.08,20.36,20.39,1128766,23669112.000
2012-02-10,20.38,20.38,19.99,20.19,1107049,22692202.000
2012-02-13,20.03,20.28,19.90,20.26,770917,15732069.000
2012-02-14,20.27,20.27,19.71,19.90,964635,19467748.000
2012-02-15,19.92,20.50,19.73,20.43,2021717,41260532.000
2012-02-16,20.43,20.50,19.90,20.13,841976,17239490.000
2012-02-17,20.13,20.31,19.90,20.22,870171,17814862.000
2012-02-20,20.35,20.57,20.30,20.44,1302343,26987054.000
2012-02-21,20.42,20.50,20.11,20.47,688220,14212657.000
2012-02-22,20.46,21.12,20.46,21.07,1712652,36407824.000
2012-02-23,20.91,21.25,20.82,20.89,751129,15996740.000
2012-02-24,20.89,21.04,20.70,21.01,1258253,26689216.000
2012-02-27,21.05,21.50,20.98,21.30,1284534,27701168.000
2012-02-28,21.21,21.25,20.84,21.07,1512555,32230900.000
2012-02-29,20.88,21.04,20.53,20.54,841255,17761046.000
2012-03-01,20.53,20.65,20.26,20.38,1179543,24412152.000
2012-03-02,20.45,20.75,20.38,20.71,1116365,23322676.000
2012-03-05,20.66,20.83,20.53,20.55,1240807,26006338.000
2012-03-06,20.52,20.52,19.81,20.05,1070449,21856604.000
2012-03-07,19.81,20.88,19.80,20.62,1876676,38970160.000
2012-03-08,20.69,21.46,20.63,21.34,2205238,47256100.000
2012-03-09,21.34,21.50,21.21,21.46,1189256,25719340.000
2012-03-12,21.49,21.87,21.28,21.35,1002698,21879296.000
2012-03-13,21.48,21.64,21.25,21.48,1323071,28776664.000
2012-03-14,21.64,22.00,20.26,20.70,2507106,54817600.000
2012-03-15,20.71,22.80,20.71,22.40,3845556,85328440.000
2012-03-16,22.41,23.45,22.24,23.38,2493233,57586036.000
2012-03-19,23.38,23.58,22.86,23.21,2391033,55979524.000
2012-03-20,23.00,23.00,22.09,22.50,2218453,50393768.000
2012-03-21,22.40,22.55,21.81,21.91,1780819,39902672.000
2012-03-22,22.09,22.29,21.87,21.98,1321709,29579760.000
2012-03-23,21.97,22.02,21.40,21.83,1091359,23990212.000
2012-03-26,21.80,21.97,21.61,21.92,473341,10469210.000
2012-03-27,21.90,22.50,21.90,22.35,1342476,30387296.000
2012-03-28,22.35,22.35,20.91,21.02,1119236,24279464.000
2012-03-29,20.82,21.05,20.00,21.03,893660,18635836.000
2012-03-30,20.71,21.07,20.50,21.01,756380,15931451.000
2012-04-05,21.04,21.33,20.75,21.20,1008336,21594414.000
2012-04-06,21.15,21.15,20.76,20.90,674553,14304638.000
2012-04-09,20.78,20.78,20.17,20.29,709764,14653260.000
2012-04-10,20.08,20.25,19.00,19.63,2198491,43551352.000
2012-04-11,19.46,20.08,19.13,20.03,1971141,39469740.000
2012-04-12,20.00,20.40,19.90,20.30,873782,17887258.000
2012-04-13,20.30,20.44,20.15,20.31,1021488,21007208.000
2012-04-16,20.28,21.16,20.18,21.07,1233971,25983368.000
2012-04-17,20.91,21.10,20.40,20.57,737519,15402484.000
2012-04-18,20.60,20.77,20.12,20.74,1428272,29651492.000
2012-04-19,20.70,20.70,20.04,20.17,1436771,29704756.000
2012-04-20,20.42,20.80,20.38,20.78,1787187,37347528.000
2012-04-23,20.78,21.26,20.72,21.09,2245240,47729512.000
2012-04-24,20.99,21.13,20.11,20.65,1459910,30544210.000
2012-04-25,20.59,21.16,20.50,21.14,2374381,50555340.000
2012-04-26,21.18,21.39,20.86,20.88,1501768,32083776.000
2012-04-27,20.93,20.99,20.40,20.82,1014470,21254320.000
2012-05-02,20.94,21.11,20.76,21.07,1857601,39539384.000
2012-05-03,21.09,21.50,21.01,21.40,1833091,39480324.000
2012-05-04,21.35,21.71,21.09,21.59,1698924,36799128.000
2012-05-07,21.40,22.00,21.32,21.89,1401155,30693856.000
2012-05-08,21.80,21.94,21.49,21.61,1176563,25778868.000
2012-05-09,21.48,21.48,20.90,21.01,1153417,24667684.000
2012-05-10,21.01,21.20,20.82,21.01,662145,14138636.000
2012-05-11,21.00,21.09,20.77,20.85,585399,12416931.000
2012-05-14,20.94,21.04,20.68,20.70,542171,11481199.000
2012-05-15,20.60,20.60,20.25,20.45,801264,16561307.000
2012-05-16,20.49,20.85,20.30,20.61,1040322,21755060.000
2012-05-17,20.50,20.92,20.45,20.85,544496,11461558.000
2012-05-18,20.71,20.80,20.35,20.48,325410,6801575.000
2012-05-21,20.21,20.63,20.21,20.44,176170,3661545.000
2012-05-22,20.51,20.83,20.46,20.67,505769,10601931.000
2012-05-23,20.62,20.70,20.27,20.40,518714,10753546.000
2012-05-24,20.41,20.42,19.87,19.96,566749,11586840.000
2012-05-25,19.96,20.17,19.30,19.44,755167,15036942.000
2012-05-28,19.22,19.48,19.11,19.45,1138332,22295868.000
2012-05-30,19.64,19.80,19.47,19.52,1404865,27965206.000
2012-05-31,19.40,19.55,19.28,19.50,996013,19610716.000
2012-06-01,19.50,19.79,19.30,19.69,2160369,42948892.000
2012-06-04,19.39,19.39,18.79,18.79,2006310,38729928.000
2012-06-05,18.82,18.87,18.40,18.45,1625270,30613404.000
2012-06-06,18.46,18.61,18.35,18.50,835343,15663687.000
2012-06-07,18.61,18.68,18.10,18.16,1201664,22449836.000
2012-06-08,18.33,18.35,17.83,18.01,1325601,24239020.000
2012-06-11,18.02,18.50,17.89,18.41,1468446,27273844.000
2012-06-12,18.36,18.36,18.00,18.04,829074,15349436.000
2012-06-13,18.15,18.78,18.07,18.57,2423769,45670972.000
2012-06-14,18.63,19.00,18.50,18.71,1961795,37555976.000
2012-06-15,18.71,18.94,18.48,18.82,1147409,21784658.000
2012-06-18,18.98,19.09,18.71,18.82,1108895,21259032.000
2012-06-19,18.70,18.82,18.60,18.61,699903,13285705.000
2012-06-20,18.65,19.06,18.65,18.76,1465780,28115960.000
2012-06-21,18.66,18.67,18.15,18.63,1572745,29440632.000
2012-06-25,18.35,18.49,18.11,18.11,665321,12348719.000
2012-06-26,17.99,18.10,17.40,17.81,1526273,27491722.000
2012-06-27,17.80,17.93,17.60,17.70,826427,14916074.000
2012-06-28,17.78,17.90,17.62,17.67,477150,8614098.000
2012-06-29,17.80,18.05,17.66,18.02,582189,10570644.000
2012-07-02,18.07,18.45,18.04,18.27,1929868,35881652.000
2012-07-03,18.36,18.61,18.22,18.32,705678,13212173.000
2012-07-04,18.48,18.54,17.95,18.08,793489,14674345.000
2012-07-05,18.07,18.07,17.47,17.59,766347,13743988.000
2012-07-06,17.65,17.99,17.50,17.96,660657,11912252.000
2012-07-09,17.90,18.15,17.58,17.66,767738,13962160.000
2012-07-10,17.68,17.78,17.55,17.68,405404,7288324.000
2012-07-11,17.74,17.99,17.60,17.97,465371,8406742.000
2012-07-12,17.94,18.22,17.62,18.19,1116204,20463442.000
2012-07-13,18.38,18.62,18.25,18.43,2931281,54938992.000
2012-07-16,18.59,18.59,17.66,17.70,1445590,26516146.000
2012-07-17,17.60,17.78,17.44,17.58,720375,12904664.000
2012-07-18,17.60,17.60,16.86,17.24,1839151,32011792.000
2012-07-19,17.29,17.68,17.10,17.33,1210316,20970418.000
2012-07-20,17.30,17.39,17.18,17.30,716789,12360309.000
2012-07-23,17.12,17.17,16.93,17.05,585999,9978858.000
2012-07-24,17.00,17.35,16.91,17.19,816044,13994745.000
2012-07-25,17.12,17.21,16.90,16.98,737690,12551473.000
2012-07-26,16.85,17.05,16.80,16.81,748493,12654614.000
2012-07-27,16.97,16.97,15.85,16.05,2696388,43638744.000
2012-07-30,16.00,16.44,15.63,15.70,1139018,18027596.000
2012-07-31,15.87,15.88,15.50,15.76,560151,8778666.000
2012-08-01,15.76,15.98,15.64,15.80,1551353,24532982.000
2012-08-02,15.78,15.78,15.40,15.46,811865,12629523.000
2012-08-03,15.59,15.75,15.38,15.61,1985564,30930234.000
2012-08-06,15.59,16.07,15.52,16.03,1656412,26206918.000
2012-08-07,16.03,16.27,15.95,16.25,1342389,21701998.000
2012-08-08,16.22,16.26,15.91,16.05,1111140,17849272.000
2012-08-09,15.98,16.27,15.86,16.24,1208653,19485236.000
2012-08-10,16.24,16.24,16.00,16.11,950953,15334951.000
2012-08-13,16.13,16.13,15.59,15.60,1148780,18199192.000
2012-08-14,15.60,15.67,15.35,15.65,1110024,17220554.000
2012-08-15,15.55,15.64,15.40,15.47,750632,11632647.000
2012-08-16,15.46,15.65,15.39,15.63,896829,13926428.000
2012-08-17,15.65,15.93,15.64,15.89,1713755,27128920.000
2012-08-20,15.80,15.84,15.52,15.80,875027,13719412.000
2012-08-21,15.68,16.27,15.66,16.19,2057361,33119596.000
2012-08-22,16.18,16.18,15.89,15.98,1144461,18345924.000
2012-08-23,15.98,16.16,15.78,15.98,976982,15547070.000
2012-08-24,15.90,15.90,15.50,15.53,859418,13474351.000
2012-08-27,15.51,15.51,15.15,15.17,670264,10239299.000
2012-08-28,15.16,15.35,15.08,15.18,533458,8101534.000
2012-08-29,15.26,15.26,15.00,15.08,635100,9626634.000
2012-08-30,15.00,15.13,14.90,15.02,546762,8215993.000
2012-08-31,14.98,15.07,14.92,15.02,605502,9085706.000
2012-09-03,14.97,15.45,14.93,15.35,1012640,15501760.000
2012-09-04,15.35,15.54,15.25,15.26,804849,12405838.000
2012-09-05,15.25,15.36,15.04,15.34,670435,10200374.000
2012-09-06,15.33,15.46,15.23,15.44,675790,10375513.000
2012-09-07,15.60,16.17,15.58,16.14,2798165,44645732.000
2012-09-10,16.21,16.28,16.05,16.16,2236184,36163712.000
2012-09-11,16.15,16.59,16.04,16.53,3115235,50823364.000
2012-09-12,16.54,16.66,16.33,16.51,1138818,18708636.000
2012-09-13,16.54,16.54,15.88,15.91,2641031,42688320.000
2012-09-14,16.08,16.17,15.80,15.96,1701462,27195170.000
2012-09-17,15.99,15.99,15.60,15.62,1159000,18314332.000
2012-09-18,15.65,15.74,15.48,15.58,525024,8186347.000
2012-09-19,15.60,15.76,15.58,15.69,432631,6790292.000
2012-09-20,15.62,15.68,15.10,15.11,1374297,20987542.000
2012-09-21,15.08,15.29,15.00,15.02,1090356,16467045.000
2012-09-24,14.95,15.23,14.91,15.16,447566,6758208.000
2012-09-25,15.15,15.36,15.07,15.32,616236,9404839.000
2012-09-26,15.33,15.33,14.68,14.74,974555,14553457.000
2012-09-27,14.66,15.11,14.58,14.97,1124724,16717786.000
2012-09-28,14.88,15.26,14.82,15.23,1254782,18949264.000
2012-10-08,15.27,15.30,15.05,15.25,1070290,16268429.000
2012-10-09,15.25,15.80,15.22,15.63,1540734,23825502.000
2012-10-10,15.53,15.64,15.43,15.60,870818,13526960.000
2012-10-11,15.52,15.56,15.22,15.25,983614,15114372.000
2012-10-12,15.37,15.44,14.96,15.12,1011378,15318685.000
2012-10-15,15.11,15.17,15.01,15.13,618080,9334129.000
2012-10-16,15.13,15.37,15.06,15.20,670491,10219252.000
2012-10-17,15.30,15.45,15.10,15.37,675042,10322385.000
2012-10-18,15.39,15.77,15.38,15.69,1118534,17469488.000
2012-10-19,15.72,15.89,15.60,15.64,932074,14665345.000
2012-10-22,15.56,15.68,15.35,15.62,1419787,21951884.000
2012-10-23,15.63,15.63,15.42,15.55,1132533,17571676.000
2012-10-24,15.47,15.60,15.45,15.59,570291,8851745.000
2012-10-25,15.53,15.58,15.23,15.24,904470,13963834.000
2012-10-26,15.34,15.34,14.76,14.82,832877,12452114.000
2012-10-29,14.85,14.99,14.50,14.62,856599,12564065.000
2012-10-30,14.62,14.66,14.42,14.51,1168520,16942996.000
2012-10-31,14.53,14.68,14.40,14.56,1081076,15674015.000
2012-11-01,14.58,14.92,14.51,14.80,1900585,28034372.000
2012-11-02,14.79,14.85,14.65,14.77,1516744,22344376.000
2012-11-05,14.71,14.78,14.52,14.67,1328429,19418916.000
2012-11-06,14.65,14.65,14.31,14.49,1125377,16256041.000
2012-11-07,14.49,14.59,14.45,14.53,756869,10990411.000
2012-11-08,14.47,14.83,14.34,14.68,1845078,26998438.000
2012-11-09,14.60,14.77,14.57,14.68,764415,11214066.000
2012-11-12,14.66,14.74,14.60,14.73,703570,10335587.000
2012-11-13,14.72,14.72,14.36,14.42,812942,11757091.000
2012-11-14,14.34,14.46,14.14,14.33,677055,9669364.000
2012-11-15,14.15,14.32,13.90,13.92,606440,8548394.000
2012-11-16,13.90,13.98,13.46,13.60,838782,11430251.000
2012-11-19,13.55,13.68,13.50,13.64,351342,4777658.000
2012-11-20,13.68,13.75,13.52,13.52,271468,3694046.000
2012-11-21,13.50,13.78,13.50,13.75,433899,5910849.000
2012-11-22,13.66,13.68,13.53,13.56,277941,3779456.000
2012-11-23,13.59,13.75,13.56,13.66,1032356,14098350.000
2012-11-26,13.70,13.70,13.50,13.53,489743,6658574.000
2012-11-27,13.51,13.51,12.84,12.85,881391,11525525.000
2012-11-28,12.81,12.82,12.41,12.49,705819,8858337.000
2012-11-29,12.41,12.56,12.31,12.39,764599,9507505.000
2012-11-30,12.40,12.54,12.28,12.53,695811,8650969.000
2012-12-03,12.52,12.55,12.28,12.29,780370,9692435.000
2012-12-04,12.17,12.33,11.97,12.29,1727559,20930200.000
2012-12-05,12.25,12.93,12.18,12.74,5814222,73430976.000
2012-12-06,12.68,12.76,12.45,12.62,1915738,24102132.000
2012-12-07,12.59,13.05,12.50,13.02,4906685,63063456.000
2012-12-10,13.11,13.46,13.08,13.36,4187292,55749208.000
2012-12-11,13.35,13.64,13.15,13.36,2938782,39361556.000
2012-12-12,13.31,13.46,13.13,13.40,2083915,27729228.000
2012-12-13,13.35,13.39,13.15,13.17,1176794,15596538.000
2012-12-14,13.15,13.95,13.15,13.85,3598815,49157116.000
2012-12-17,13.85,14.13,13.85,14.00,2624572,36719972.000
2012-12-18,13.99,14.18,13.76,13.87,1895466,26529368.000
2012-12-19,13.86,14.00,13.72,13.92,1654616,22944868.000
2012-12-20,13.86,14.31,13.75,14.21,2899122,40897272.000
2012-12-21,14.21,14.45,14.04,14.12,2041557,28978480.000
2012-12-24,14.08,14.09,13.86,14.02,3197493,44646348.000
2012-12-25,13.99,14.39,13.88,14.38,3731670,53051240.000
2012-12-26,14.34,14.65,14.28,14.64,3101166,44897648.000
2012-12-27,14.60,14.74,14.23,14.26,3010511,43434192.000
2012-12-28,14.35,14.43,14.17,14.42,2904670,41483856.000
2012-12-31,14.45,14.55,14.27,14.55,4103002,59251608.000
2013-01-04,14.68,15.24,14.53,15.11,7554888,112289760.000
2013-01-07,15.08,16.03,14.92,15.70,7002261,108971760.000
2013-01-08,15.60,15.77,15.31,15.55,3596310,55869236.000
2013-01-09,15.45,15.60,15.23,15.37,3943573,60617536.000
2013-01-10,15.41,15.54,15.34,15.46,2295530,35471764.000
2013-01-11,15.43,15.43,14.72,14.77,3745109,56390288.000
2013-01-14,14.68,15.33,14.60,15.24,4522200,68379760.000
2013-01-15,15.32,15.85,15.32,15.81,6826005,106258872.000
2013-01-16,15.70,15.82,15.31,15.51,3525458,54850952.000
2013-01-17,15.46,15.54,15.13,15.22,2255471,34437260.000
2013-01-18,15.29,15.56,15.15,15.44,3513630,53933928.000
2013-01-21,15.48,15.87,15.32,15.84,3876200,60637720.000
2013-01-22,15.83,15.85,15.20,15.37,3699606,57731456.000
2013-01-23,15.30,15.49,15.06,15.42,2523098,38581432.000
2013-01-24,15.44,15.68,14.80,14.93,3694073,56430948.000
2013-01-25,14.95,14.95,14.64,14.76,1689850,24969176.000
2013-01-28,14.75,15.25,14.71,15.24,2085315,31300528.000
2013-01-29,15.20,15.30,14.96,15.16,3425377,51765108.000
2013-01-30,15.17,15.20,14.88,15.13,3236389,48674308.000
2013-01-31,15.15,15.73,15.15,15.61,4892346,75846160.000
2013-02-01,15.59,15.64,15.38,15.61,2855451,44309452.000
2013-02-04,15.69,15.94,15.41,15.62,3654296,57215144.000
2013-02-05,15.51,15.71,15.22,15.68,4400217,67887672.000
2013-02-06,15.85,16.28,15.78,16.24,6918755,111531744.000
2013-02-07,16.15,16.21,15.82,16.02,3412019,54588112.000
2013-02-08,15.99,16.45,15.97,16.18,3962070,64399048.000
2013-02-18,16.20,16.25,15.76,15.86,3688080,58807240.000
2013-02-19,15.84,15.90,15.30,15.39,3655536,56867964.000
2013-02-20,15.39,15.58,15.22,15.45,4684651,72234520.000
2013-02-21,15.34,15.34,14.80,14.96,4103315,61785324.000
2013-02-22,14.91,15.07,14.84,14.90,2289778,34255144.000
2013-02-25,14.98,15.12,14.87,15.07,3288317,49309992.000
2013-02-26,14.97,15.09,14.66,14.70,2629426,39199100.000
2013-02-27,14.72,14.92,14.58,14.77,2075675,30643296.000
2013-02-28,14.75,15.08,14.68,15.05,5068914,75373176.000
2013-03-01,15.02,15.10,14.74,14.93,3695323,55059728.000
2013-03-04,14.80,14.80,13.82,13.91,5053565,72254520.000
2013-03-05,13.90,14.19,13.88,14.05,7075080,99102400.000
2013-03-06,14.10,14.26,13.95,14.23,5429610,76564296.000
2013-03-07,14.20,14.22,13.93,14.06,4140134,58296656.000
2013-03-08,14.06,14.24,13.95,14.11,3659283,51673692.000
2013-03-11,14.02,14.03,13.76,13.83,2579813,35815712.000
2013-03-12,13.86,13.93,13.28,13.43,3941361,53649068.000
2013-03-13,13.42,13.42,13.10,13.24,2294272,30362500.000
2013-03-14,13.21,13.34,13.18,13.24,2122176,28134168.000
2013-03-15,13.25,13.42,13.04,13.23,3475165,46086640.000
2013-03-18,13.28,13.28,13.00,13.01,2530932,33099464.000
2013-03-19,13.08,13.11,12.89,13.07,2887272,37517616.000
2013-03-20,13.05,13.55,13.05,13.53,5185584,69183640.000
2013-03-21,13.53,13.63,13.41,13.48,3382599,45670728.000
2013-03-22,13.44,13.66,13.40,13.57,3006491,40764512.000
2013-03-25,13.60,13.69,13.52,13.63,2732129,37191128.000
2013-03-26,13.61,13.61,13.20,13.35,2590786,34573508.000
2013-03-27,13.36,13.50,13.22,13.33,2349596,31359370.000
2013-03-28,13.23,13.23,12.81,12.82,3046670,39383536.000
2013-03-29,12.88,13.04,12.82,12.90,1635953,21157892.000
2013-04-01,13.05,13.10,12.91,13.06,1877575,24426656.000
2013-04-02,13.02,13.15,12.85,12.94,1664080,21634548.000
2013-04-03,12.92,12.98,12.75,12.88,1592165,20490780.000
2013-04-08,12.69,12.88,12.50,12.84,1526690,19339732.000
2013-04-09,12.87,13.08,12.84,13.01,1442223,18732392.000
2013-04-10,13.01,13.21,12.95,13.19,1811789,23685044.000
2013-04-11,13.24,13.25,12.98,13.01,1741166,22814704.000
2013-04-12,13.02,13.03,12.75,12.76,1591057,20452646.000
2013-04-15,12.76,12.76,12.37,12.45,2156927,26951794.000
2013-04-16,12.35,12.76,12.11,12.74,1923418,24085768.000
2013-04-17,12.77,12.77,12.50,12.65,1245286,15727166.000
2013-04-18,12.65,12.69,12.47,12.64,1371402,17286644.000
2013-04-19,12.66,13.00,12.66,12.99,2457772,31659870.000
2013-04-22,12.89,13.09,12.85,13.02,1565196,20330714.000
2013-04-23,13.02,13.02,12.49,12.51,1981123,25091256.000
2013-04-24,12.55,13.10,12.55,13.09,3124901,40264288.000
2013-04-25,13.08,13.34,12.98,13.12,3868908,50923404.000
2013-04-26,12.68,12.78,12.41,12.66,3794484,47793072.000
2013-05-02,12.67,12.68,12.40,12.65,1531063,19214956.000
2013-05-03,12.63,12.94,12.63,12.88,1789951,22992108.000
2013-05-06,12.92,13.09,12.92,13.01,2748470,35743732.000
2013-05-07,13.03,13.03,12.81,12.88,2574443,33143424.000
2013-05-08,12.89,13.05,12.89,12.99,2821118,36494180.000
2013-05-09,13.00,13.10,12.60,12.76,3797753,48718240.000
2013-05-10,12.75,12.85,12.61,12.82,2573467,32714628.000
2013-05-13,12.80,12.89,12.71,12.88,1968588,25191024.000
2013-05-14,12.87,12.89,12.62,12.73,1508334,19225404.000
2013-05-15,12.74,13.17,12.67,13.10,3612100,46816088.000
2013-05-16,13.20,13.31,13.03,13.24,4410123,58174172.000
2013-05-17,13.26,13.51,13.10,13.45,4314848,57770528.000
2013-05-20,13.51,13.68,13.43,13.61,5342966,72515672.000
2013-05-21,13.60,13.70,13.45,13.70,3512100,47692592.000
2013-05-22,13.70,14.02,13.63,13.83,5565621,77167104.000
2013-05-23,13.70,13.85,13.43,13.49,4483349,61140232.000
2013-05-24,13.49,13.78,13.45,13.73,3709906,50531248.000
2013-05-27,13.68,14.18,13.68,14.14,5157383,72031400.000
2013-05-28,14.10,14.18,13.88,14.15,2851123,40066688.000
2013-05-29,14.15,14.25,14.02,14.03,2721876,38375488.000
2013-05-30,13.98,14.06,13.85,13.92,2620683,36495672.000
2013-05-31,13.97,14.07,13.64,13.69,3184091,44137248.000
2013-06-03,13.68,13.81,13.53,13.67,2468938,33780988.000
2013-06-04,13.66,14.19,13.35,14.12,3941344,54099616.000
2013-06-05,13.98,14.16,13.76,14.11,5414657,75499328.000
2013-06-06,14.10,14.10,13.83,13.86,2742905,38312520.000
2013-06-07,13.81,13.86,13.37,13.40,2622889,35558212.000
2013-06-13,13.26,13.28,12.81,12.86,1782319,23080608.000
2013-06-14,12.90,12.99,12.84,12.88,1479049,19078114.000
2013-06-17,12.90,12.94,12.55,12.59,1842337,23403260.000
2013-06-18,12.61,12.79,12.61,12.66,1573986,19957674.000
2013-06-19,12.58,12.58,12.22,12.35,2682141,33074928.000
2013-06-20,12.33,12.34,12.06,12.07,1522657,18602334.000
2013-06-21,11.85,12.05,11.69,11.93,1421197,16865592.000
2013-06-24,11.93,11.99,11.14,11.28,1676305,19303838.000
2013-06-25,11.26,11.31,10.18,10.92,2789144,30016670.000
2013-06-26,11.02,11.13,10.60,10.89,2554349,27604636.000
2013-06-27,10.82,11.07,10.66,10.68,2143073,23337520.000
2013-06-28,10.68,10.90,10.51,10.84,1470118,15803344.000
2013-07-01,10.81,10.97,10.60,10.96,1572982,16970412.000
2013-07-02,10.96,10.99,10.74,10.90,1887580,20469524.000
2013-07-03,10.86,10.86,10.52,10.72,1577195,16824072.000
2013-07-04,10.63,10.95,10.47,10.83,2622134,28121242.000
2013-07-05,10.83,10.93,10.75,10.77,2199508,23902750.000
2013-07-08,10.58,10.58,10.14,10.20,2093059,21608124.000
2013-07-09,10.20,10.35,10.20,10.26,1346760,13854577.000
2013-07-10,10.29,10.84,10.26,10.81,3350720,35616208.000
2013-07-11,10.84,11.26,10.76,11.13,3645686,40323472.000
2013-07-12,11.11,11.26,10.88,10.94,2712733,30038152.000
数据来源:通达信
