600163 福建南纸 日线
      日期	    开盘	    最高	    最低	    收盘	    成交量	    成交额
2007-01-11,2.45,2.50,2.39,2.42,6505414,24066624.000
2007-01-12,2.39,2.46,2.29,2.29,4927813,17464318.000
2007-01-15,2.30,2.41,2.30,2.39,3652947,12965748.000
2007-01-16,2.42,2.45,2.34,2.41,4944320,17708886.000
2007-01-17,2.42,2.48,2.36,2.46,6168023,22509216.000
2007-01-18,2.46,2.53,2.41,2.53,5996829,22292296.000
2007-01-19,2.53,2.67,2.53,2.61,7954383,31065904.000
2007-01-22,2.73,2.87,2.70,2.87,13190949,55355360.000
2007-01-23,2.97,2.97,2.77,2.89,9509492,40908304.000
2007-01-24,2.90,2.90,2.81,2.84,5508719,23514358.000
2007-01-25,2.80,2.80,2.63,2.66,6160514,25210308.000
2007-01-26,2.65,2.73,2.50,2.72,5718877,22459004.000
2007-01-29,2.75,2.89,2.75,2.87,6979917,29750760.000
2007-01-30,2.92,2.95,2.77,2.80,5679809,24242024.000
2007-01-31,2.79,2.83,2.61,2.65,5128070,21033368.000
2007-02-01,2.63,2.86,2.60,2.83,6085602,25068728.000
2007-02-02,2.89,2.89,2.76,2.81,4341825,18411404.000
2007-02-05,2.81,2.83,2.67,2.69,3923945,15943426.000
2007-02-06,2.70,2.93,2.63,2.92,8859061,37287552.000
2007-02-07,2.92,3.07,2.91,2.93,14633898,65368080.000
2007-02-08,2.93,2.97,2.85,2.95,6181539,27013510.000
2007-02-09,2.95,2.95,2.86,2.89,4326338,18847208.000
2007-02-12,2.89,3.07,2.88,3.07,8461559,38046088.000
2007-02-13,3.08,3.10,3.00,3.04,6311395,28724204.000
2007-02-14,3.07,3.21,3.05,3.19,8741383,41545584.000
2007-02-15,3.19,3.33,3.13,3.31,8395865,40942104.000
2007-02-16,3.30,3.33,3.24,3.25,6144512,30239012.000
2007-02-26,3.27,3.40,3.22,3.40,5575006,27877312.000
2007-02-27,3.40,3.49,3.06,3.06,7617227,37110672.000
2007-02-28,3.03,3.24,2.97,3.20,6326888,29370896.000
2007-03-01,3.21,3.46,3.07,3.41,14069893,69512712.000
2007-03-02,3.44,3.45,3.34,3.40,10345275,52891760.000
2007-03-05,3.41,3.43,3.12,3.36,5900290,29366048.000
2007-03-06,3.32,3.45,3.26,3.41,6460365,32730300.000
2007-03-07,3.44,3.58,3.42,3.53,13288921,69528424.000
2007-03-08,3.50,3.55,3.45,3.51,5943606,31160324.000
2007-03-09,3.52,3.53,3.38,3.44,5239084,27059178.000
2007-03-12,3.43,3.49,3.36,3.47,5782362,29691766.000
2007-03-13,3.47,3.56,3.43,3.53,7695268,40578516.000
2007-03-14,3.52,3.59,3.39,3.49,7229156,37707176.000
2007-03-15,3.45,3.55,3.44,3.55,6509072,34344732.000
2007-03-16,3.55,3.68,3.47,3.51,8645412,46382736.000
2007-03-19,3.38,3.77,3.33,3.75,12680807,68711120.000
2007-03-20,3.74,3.91,3.67,3.79,13947711,79648096.000
2007-03-21,3.78,3.83,3.71,3.83,6762692,38479216.000
2007-03-22,3.85,3.87,3.80,3.81,6331963,36412152.000
2007-03-23,3.80,3.84,3.67,3.83,5932281,33452644.000
2007-03-26,3.83,3.95,3.80,3.93,7050677,41133392.000
2007-03-27,3.95,4.05,3.88,4.05,8326023,49530204.000
2007-03-28,4.04,4.07,3.75,3.93,8279578,48800748.000
2007-03-29,3.87,3.93,3.70,3.71,7073892,40306432.000
2007-03-30,3.69,3.83,3.63,3.74,3656419,20469872.000
2007-04-02,3.77,3.83,3.72,3.81,3933192,22289384.000
2007-04-03,3.84,3.87,3.80,3.85,3914139,22570880.000
2007-04-04,3.85,3.93,3.83,3.91,4719341,27566628.000
2007-04-05,3.91,4.13,3.87,4.07,8161568,48942820.000
2007-04-06,4.07,4.22,3.98,4.12,14562412,90352968.000
2007-04-09,4.17,4.33,4.17,4.29,13034302,83446832.000
2007-04-10,4.33,4.38,4.14,4.26,7625982,48620360.000
2007-04-11,4.27,4.29,4.16,4.25,6526921,41268476.000
2007-04-12,4.25,4.47,4.23,4.43,9035058,59226760.000
2007-04-13,4.41,4.52,4.33,4.41,9268719,61332140.000
2007-04-16,4.41,4.63,4.41,4.58,10807523,72754376.000
2007-04-17,4.65,4.77,4.54,4.75,9697125,67663552.000
2007-04-18,4.78,5.21,4.77,5.14,10878469,81814464.000
2007-04-19,5.20,5.51,4.69,4.93,17939715,140160912.000
2007-04-20,4.94,5.21,4.94,5.18,8306830,63790428.000
2007-04-23,5.23,5.37,5.22,5.32,8691642,69154080.000
2007-04-24,5.33,5.80,5.18,5.61,14847712,120604608.000
2007-04-25,5.40,5.57,5.30,5.43,9383772,76328624.000
2007-04-26,5.45,5.55,5.37,5.49,7071664,57806092.000
2007-04-27,5.47,5.49,5.27,5.36,6825647,55305808.000
2007-05-08,5.59,5.73,5.50,5.67,12535919,106101432.000
2007-05-09,5.64,5.79,5.38,5.67,11553113,97165880.000
2007-05-10,5.68,5.85,5.57,5.79,10979750,94256952.000
2007-05-11,5.71,5.79,5.57,5.67,7601840,64820764.000
2007-05-14,5.61,5.97,5.57,5.83,10782003,93990392.000
2007-05-15,5.85,5.99,5.51,5.53,10135818,87692744.000
2007-05-16,5.52,5.64,5.37,5.61,6709534,55626904.000
2007-05-17,5.66,5.79,5.61,5.74,7316694,62817144.000
2007-05-18,5.78,6.09,5.75,5.90,12748725,113382672.000
2007-05-21,5.67,6.23,5.61,6.15,14835602,134562400.000
2007-05-22,6.21,6.40,6.13,6.17,12904974,121053128.000
2007-05-23,6.21,6.44,6.17,6.39,10862812,102406888.000
2007-05-24,6.45,6.45,6.05,6.25,10706305,99751568.000
2007-05-25,6.26,6.39,6.17,6.33,10967508,103723560.000
2007-05-28,6.41,6.75,6.40,6.63,15875122,157351216.000
2007-05-29,6.61,6.83,6.46,6.71,12376704,123027856.000
2007-05-30,6.13,6.61,6.03,6.03,15190485,144141040.000
2007-05-31,5.88,6.10,5.43,5.46,11769766,98880360.000
2007-06-01,5.46,5.60,4.91,4.91,10739267,82023824.000
2007-06-04,4.80,4.92,4.42,4.42,9139017,61639692.000
2007-06-05,4.35,4.47,3.98,4.45,11196133,70151680.000
2007-06-06,4.50,4.61,4.27,4.45,7501811,50306332.000
2007-06-07,4.46,4.77,4.40,4.76,10250953,70416808.000
2007-06-08,4.77,4.83,4.63,4.74,8979343,64157272.000
2007-06-11,4.74,4.80,4.64,4.69,7203494,51180480.000
2007-06-12,4.67,4.76,4.27,4.70,8588552,59015624.000
2007-06-13,4.72,5.10,4.72,5.06,11558794,85436672.000
2007-06-14,5.03,5.09,4.83,4.87,7458856,55691520.000
2007-06-15,4.84,4.96,4.71,4.79,5544930,40102008.000
2007-06-18,4.89,5.10,4.87,5.00,10844260,81363432.000
2007-06-19,5.00,5.16,4.94,5.12,8905593,67324848.000
2007-06-20,5.16,5.39,5.10,5.19,15700658,124143520.000
2007-06-21,5.27,5.36,4.99,5.11,12064792,93057352.000
2007-06-22,5.11,5.13,4.59,4.68,7010654,50808600.000
2007-06-25,4.68,4.80,4.21,4.43,7389922,49049728.000
2007-06-26,4.39,4.54,4.21,4.53,4325310,28242904.000
2007-06-27,4.54,4.59,4.30,4.53,3929977,26406976.000
2007-06-28,4.55,4.55,4.07,4.17,4225778,27320458.000
2007-06-29,4.01,4.13,3.87,4.03,3700267,22191232.000
2007-07-02,3.97,4.13,3.97,4.12,2105400,12774100.000
2007-07-03,4.19,4.19,4.01,4.16,1971557,12198959.000
2007-07-04,4.18,4.26,4.07,4.15,2372902,14882548.000
2007-07-05,4.07,4.13,3.81,3.85,2315057,13771821.000
2007-07-06,3.84,4.13,3.80,4.12,2765730,16458255.000
2007-07-09,4.12,4.23,4.08,4.18,2526461,15841864.000
2007-07-10,4.17,4.17,3.97,4.01,1893617,11523606.000
2007-07-11,3.99,4.07,3.96,4.05,1402963,8471590.000
2007-07-12,4.03,4.19,4.03,4.15,2472925,15307673.000
2007-07-13,4.17,4.18,3.99,4.07,1388052,8413192.000
2007-07-16,4.11,4.11,3.94,3.96,1098932,6597654.000
2007-07-17,3.95,4.10,3.92,4.05,1181612,7162790.000
2007-07-18,4.02,4.16,3.98,4.08,2322140,14257373.000
2007-07-19,4.07,4.18,4.01,4.16,1848951,11366276.000
2007-07-20,4.17,4.36,4.12,4.28,4418476,28228936.000
2007-07-23,4.29,4.52,4.24,4.47,4954596,32837972.000
2007-07-24,4.49,4.57,4.42,4.46,3816399,25758628.000
2007-07-25,4.46,4.64,4.46,4.60,3510129,24077088.000
2007-07-26,4.61,4.78,4.54,4.75,4334094,30552878.000
2007-07-27,5.23,5.23,5.23,5.23,1735248,13604344.000
2007-07-30,5.53,5.53,5.17,5.20,14487738,115723256.000
2007-07-31,5.13,5.20,4.95,5.13,7926071,60441116.000
2007-08-01,5.13,5.24,4.77,4.79,6027817,45231628.000
2007-08-02,4.85,4.98,4.76,4.94,3777144,27745732.000
2007-08-03,4.99,4.99,4.80,4.94,4202651,30870992.000
2007-08-06,4.93,5.12,4.88,5.10,4940126,37080028.000
2007-08-07,5.07,5.27,5.00,5.15,5091266,39267596.000
2007-08-08,5.11,5.25,4.97,5.09,4563308,34901880.000
2007-08-09,5.11,5.47,5.11,5.43,11580519,92495816.000
2007-08-10,5.52,5.74,5.35,5.41,20656381,171853504.000
2007-08-14,5.35,5.49,5.16,5.30,5502371,43725056.000
2007-08-15,5.30,5.35,5.05,5.16,4550468,35165996.000
2007-08-16,5.13,5.22,5.02,5.19,3293416,25258336.000
2007-08-17,5.17,5.25,5.04,5.08,2742221,21040550.000
2007-08-20,5.14,5.27,5.14,5.21,3416265,26659690.000
2007-08-21,5.21,5.46,5.20,5.43,6786984,54854684.000
2007-08-22,5.44,5.87,5.43,5.71,13086819,111215744.000
2007-08-23,5.77,5.80,5.53,5.59,6413645,54153008.000
2007-08-24,5.63,5.72,5.48,5.49,5398419,45172092.000
2007-08-27,5.40,5.65,5.29,5.35,7411468,60270728.000
2007-08-28,5.35,5.52,5.35,5.47,5817212,47417316.000
2007-08-29,5.47,5.47,5.19,5.23,5004434,39772400.000
2007-08-30,5.27,5.44,5.20,5.41,4340858,34806752.000
2007-08-31,5.44,5.55,5.43,5.49,4877135,40207416.000
2007-09-03,5.50,5.67,5.50,5.57,6516466,54657152.000
2007-09-04,5.57,5.63,5.40,5.44,5407242,44452120.000
2007-09-05,5.42,5.59,5.34,5.49,3619491,29528786.000
2007-09-06,5.55,5.57,5.45,5.52,4579445,37878448.000
2007-09-07,5.47,5.49,5.30,5.31,4838536,39073624.000
2007-09-10,5.24,5.47,5.21,5.46,3110427,25019246.000
2007-09-11,5.47,5.72,5.23,5.33,11029556,92846184.000
2007-09-12,5.30,5.39,5.00,5.29,4834149,37972772.000
2007-09-13,5.30,5.39,5.18,5.36,3361276,26724402.000
2007-09-14,5.37,5.41,5.22,5.39,2877104,23045200.000
2007-09-17,5.35,5.67,5.35,5.62,8225092,68690128.000
2007-09-18,5.61,5.91,5.51,5.89,12936810,110856248.000
2007-09-19,5.89,6.09,5.61,5.64,12153331,106652832.000
2007-09-20,5.67,5.79,5.55,5.79,6342187,54103384.000
2007-09-21,5.73,6.13,5.70,6.05,11940681,106347800.000
2007-09-24,6.03,6.12,5.83,5.87,7150608,63894772.000
2007-09-25,5.83,6.04,5.59,5.63,5349482,46239948.000
2007-09-26,5.62,5.87,5.45,5.51,2689401,22674472.000
2007-09-27,5.50,5.71,5.45,5.60,3598988,29937202.000
2007-09-28,5.61,5.71,5.57,5.63,3590134,30366808.000
2007-10-08,5.66,5.71,5.48,5.49,3292578,27611836.000
2007-10-09,5.48,5.52,5.35,5.49,3344003,27182972.000
2007-10-10,5.48,5.59,5.40,5.43,2713604,22315864.000
2007-10-11,5.50,5.50,5.16,5.17,4914997,38844076.000
2007-10-12,5.21,5.23,4.65,4.89,5347660,39445508.000
2007-10-15,4.90,5.03,4.75,4.89,3538023,25721146.000
2007-10-16,4.90,4.99,4.81,4.99,2268228,16683983.000
2007-10-17,4.99,4.99,4.80,4.87,2247020,16387379.000
2007-10-18,4.87,4.87,4.71,4.73,2998593,21348928.000
2007-10-19,4.75,4.83,4.71,4.76,2014823,14394508.000
2007-10-22,4.73,4.81,4.60,4.61,1809390,12788817.000
2007-10-23,4.60,4.70,4.47,4.67,2512129,17237928.000
2007-10-24,4.66,4.67,4.43,4.45,2265331,15349061.000
2007-10-25,4.45,4.45,4.01,4.02,2959819,18486418.000
2007-10-26,4.01,4.15,4.00,4.11,1760652,10768039.000
2007-10-29,4.18,4.18,4.03,4.17,1177271,7230783.000
2007-10-30,4.15,4.29,4.09,4.27,1771991,11153269.000
2007-10-31,4.28,4.44,4.23,4.43,2461044,16026759.000
2007-11-01,4.41,4.45,4.20,4.21,1987977,12769457.000
2007-11-02,4.19,4.20,4.05,4.12,1701199,10479329.000
2007-11-05,4.08,4.24,4.07,4.23,1564253,9843666.000
2007-11-06,4.20,4.37,4.19,4.29,1801517,11581923.000
2007-11-07,4.30,4.37,4.23,4.31,1557629,10047560.000
2007-11-08,4.31,4.41,4.17,4.24,2201329,14277586.000
2007-11-09,4.23,4.26,4.07,4.20,1404135,8795058.000
2007-11-12,4.11,4.20,4.04,4.19,1493400,9213207.000
2007-11-13,4.25,4.31,4.19,4.30,2458350,15591307.000
2007-11-14,4.32,4.40,4.27,4.37,2528165,16482503.000
2007-11-15,4.37,4.47,4.27,4.30,2291408,14904995.000
2007-11-16,4.26,4.37,4.22,4.35,1022669,6591719.000
2007-11-19,4.39,4.49,4.31,4.47,2354566,15660372.000
2007-11-20,4.43,4.50,4.40,4.47,2447827,16358930.000
2007-11-21,4.53,4.53,4.35,4.36,1818923,12055584.000
2007-11-22,4.35,4.41,4.21,4.22,2155658,13937599.000
2007-11-23,4.22,4.31,4.14,4.31,1430545,9030461.000
2007-11-26,4.36,4.39,4.24,4.26,1344413,8730478.000
2007-11-27,4.30,4.45,4.21,4.43,2006328,13125143.000
2007-11-28,4.43,4.47,4.33,4.39,1415670,9368897.000
2007-11-29,4.41,4.57,4.41,4.49,3038740,20441434.000
2007-11-30,4.46,4.49,4.35,4.38,1749436,11566423.000
2007-12-03,4.39,4.49,4.34,4.45,1200552,8018066.000
2007-12-04,4.52,4.77,4.43,4.75,8371114,58558888.000
2007-12-05,4.69,4.78,4.63,4.71,4491974,31589712.000
2007-12-06,4.73,4.73,4.57,4.61,2933238,20374084.000
2007-12-07,4.57,4.69,4.57,4.67,1522442,10594959.000
2007-12-10,4.60,4.81,4.59,4.77,2738905,19438216.000
2007-12-11,4.79,4.81,4.71,4.81,2124252,15154595.000
2007-12-12,4.78,4.91,4.74,4.89,2679201,19429144.000
2007-12-13,4.87,4.95,4.71,4.73,2501450,18201920.000
2007-12-14,4.73,4.83,4.63,4.81,2381113,16928052.000
2007-12-17,4.83,4.95,4.77,4.80,2432224,17792308.000
2007-12-18,4.81,4.95,4.79,4.85,1308074,9507588.000
2007-12-19,4.85,4.94,4.85,4.91,1753293,12874655.000
2007-12-20,4.93,4.99,4.90,4.92,1687551,12516471.000
2007-12-21,4.89,5.09,4.87,5.05,3181591,23949200.000
2007-12-24,5.06,5.20,5.03,5.07,3345609,25655632.000
2007-12-25,5.11,5.25,5.11,5.19,3025323,23582888.000
2007-12-26,5.26,5.46,5.21,5.37,5068210,40904568.000
2007-12-28,5.50,5.57,5.20,5.25,5501467,43847036.000
2008-01-02,5.37,5.71,5.28,5.65,7074316,58548632.000
2008-01-03,5.73,5.86,5.57,5.62,5300274,44980784.000
2008-01-04,5.65,5.65,5.47,5.55,3695895,30640316.000
2008-01-07,5.55,5.73,5.47,5.71,4413519,37271780.000
2008-01-08,5.67,5.79,5.41,5.45,3376677,28301388.000
2008-01-09,5.47,5.67,5.42,5.65,3759078,31195394.000
2008-01-10,5.75,5.83,5.59,5.75,5607050,48162788.000
2008-01-11,5.73,5.98,5.67,5.95,7596846,66233260.000
2008-01-14,5.93,6.05,5.79,5.99,6444929,57320348.000
2008-01-15,6.00,6.18,5.92,6.06,7170184,65220768.000
2008-01-16,6.05,6.08,5.80,6.02,5215677,46555772.000
2008-01-17,6.00,6.11,5.67,5.82,5288311,46831228.000
2008-01-18,5.83,6.05,5.70,6.04,3655315,32093210.000
2008-01-21,6.03,6.15,5.75,5.79,5303938,47635136.000
2008-01-22,5.68,5.70,5.21,5.21,4438428,35656112.000
2008-01-23,5.12,5.41,5.00,5.36,4563660,36073448.000
2008-01-24,5.42,5.59,5.35,5.39,3876122,31824464.000
2008-01-25,5.39,5.59,5.39,5.49,4432978,36644712.000
2008-01-28,5.49,5.63,4.95,4.97,3158097,24718496.000
2008-01-29,5.11,5.39,5.03,5.16,2627307,20381444.000
2008-01-30,5.31,5.39,5.19,5.35,4188315,33355452.000
2008-01-31,5.43,5.45,5.18,5.23,3063865,24221630.000
2008-02-01,5.25,5.43,4.98,5.21,4820021,37812528.000
2008-02-04,5.33,5.59,5.27,5.57,7237820,58999664.000
2008-02-05,5.47,5.70,5.41,5.65,5099116,42807396.000
2008-02-13,5.57,5.65,5.46,5.57,2256649,18777984.000
2008-02-14,5.55,5.71,5.49,5.61,3168114,26675022.000
2008-02-15,5.57,5.77,5.43,5.75,5690601,48323460.000
2008-02-18,5.80,5.91,5.73,5.79,4774019,41635680.000
2008-02-19,5.82,6.03,5.73,5.93,7367665,65222116.000
2008-02-20,5.98,5.98,5.75,5.85,4366701,38262824.000
2008-02-21,5.78,5.93,5.69,5.85,3347813,29304384.000
2008-02-22,5.85,5.89,5.41,5.51,4339825,36559996.000
2008-02-25,5.51,5.58,5.27,5.29,2581255,20842216.000
2008-02-26,5.41,5.57,5.36,5.53,3538157,28992758.000
2008-02-27,5.50,5.67,5.48,5.56,3532173,29544738.000
2008-02-28,5.56,5.63,5.47,5.53,2054845,17045144.000
2008-02-29,5.55,5.78,5.52,5.73,4196453,35733920.000
2008-03-03,5.67,5.97,5.65,5.93,5852565,51662944.000
2008-03-04,5.95,6.03,5.84,5.99,5887922,52574744.000
2008-03-05,5.97,6.05,5.81,5.99,4265746,37942488.000
2008-03-06,6.07,6.59,6.00,6.51,26461572,257756800.000
2008-03-07,6.40,6.43,5.95,5.98,12761629,118019480.000
2008-03-10,5.93,6.25,5.79,5.99,8906007,80328848.000
2008-03-11,5.87,5.97,5.69,5.94,4256360,37223328.000
2008-03-12,6.03,6.13,5.79,5.80,3945017,35279560.000
2008-03-13,5.71,5.81,5.47,5.67,4172642,35082500.000
2008-03-14,5.73,5.84,5.61,5.77,2572764,22127308.000
2008-03-17,5.70,5.73,5.27,5.41,3897846,31956872.000
2008-03-18,5.33,5.53,5.03,5.37,5046261,40335624.000
2008-03-19,5.45,5.67,5.23,5.56,5524814,45793952.000
2008-03-20,5.49,5.93,5.25,5.79,7276729,61593548.000
2008-03-21,5.78,6.27,5.74,6.09,12538585,113805624.000
2008-03-24,6.23,6.47,5.94,5.96,11271920,104810208.000
2008-03-25,5.83,6.46,5.80,6.35,10496565,97283464.000
2008-03-26,6.41,6.45,6.05,6.09,6391148,59530800.000
2008-03-27,6.01,6.09,5.61,5.66,5231510,45652928.000
2008-03-28,5.51,5.87,5.35,5.81,4527458,38147988.000
2008-03-31,5.54,5.81,5.23,5.33,4932313,40316484.000
2008-04-01,5.27,5.39,5.00,5.21,4287938,33246238.000
2008-04-02,5.22,5.47,4.89,5.20,5539666,43324488.000
2008-04-03,5.13,5.39,4.95,5.25,4142870,32541848.000
2008-04-07,5.19,5.60,5.13,5.52,5448987,44276832.000
2008-04-08,5.52,5.66,5.40,5.57,5764621,47853128.000
2008-04-09,5.53,5.85,5.32,5.35,7498182,64054208.000
2008-04-10,5.60,5.89,5.47,5.89,14374313,123498440.000
2008-04-11,5.80,5.97,5.72,5.81,8761898,76773816.000
2008-04-14,5.81,5.81,5.27,5.29,6687691,55007784.000
2008-04-15,5.29,5.57,5.13,5.57,4048183,32776472.000
2008-04-16,5.60,5.73,5.40,5.57,4309101,36262412.000
2008-04-17,5.50,5.71,5.43,5.67,5343839,44847472.000
2008-04-18,5.66,5.67,5.10,5.10,5152421,41185924.000
2008-04-21,5.44,5.51,4.60,4.65,7158434,53813472.000
2008-04-22,4.47,4.63,4.30,4.57,3996903,26866994.000
2008-04-23,4.53,4.83,4.40,4.77,3727026,26235600.000
2008-04-24,5.22,5.25,5.01,5.25,7762966,60375884.000
2008-04-25,5.23,5.59,5.05,5.37,6839345,55609072.000
2008-04-28,5.33,5.83,5.21,5.79,8103831,68099504.000
2008-04-29,5.67,5.77,5.40,5.54,7287768,61240232.000
2008-04-30,5.53,5.90,5.53,5.79,8399884,72585512.000
2008-05-05,5.90,6.00,5.70,5.97,7798729,68859392.000
2008-05-06,5.94,5.99,5.79,5.87,6350827,56014380.000
2008-05-07,5.84,6.05,5.63,5.64,6901466,60865984.000
2008-05-08,5.55,5.99,5.55,5.98,7608218,66733208.000
2008-05-12,5.85,6.19,5.63,6.08,7768119,69561024.000
2008-05-13,5.87,6.17,5.80,5.97,8175498,73211304.000
2008-05-14,5.95,6.23,5.87,6.11,10839506,99277768.000
2008-05-15,6.15,6.65,6.13,6.45,17422574,166580512.000
2008-05-16,6.45,6.52,6.20,6.48,11795877,112704144.000
2008-05-19,6.48,6.64,6.27,6.49,8637757,84026224.000
2008-05-20,6.55,6.64,5.85,6.02,10342764,97516976.000
2008-05-21,5.87,6.23,5.73,6.16,8024931,71765648.000
2008-05-22,6.10,6.45,6.01,6.34,8822113,82903256.000
2008-05-23,6.30,6.39,5.93,6.12,6501246,59984720.000
2008-05-26,6.04,6.10,5.73,5.80,4591896,40447504.000
2008-05-27,5.81,6.10,5.73,6.05,6618968,58960448.000
2008-05-28,6.17,6.36,6.05,6.19,13714182,84829872.000
2008-05-29,6.09,6.37,5.90,6.21,15123575,92835552.000
2008-05-30,6.27,6.35,5.99,6.07,13682480,83894720.000
2008-06-02,6.05,6.05,5.76,5.93,8515931,50020440.000
2008-06-03,5.93,6.05,5.86,5.98,5458004,32491302.000
2008-06-04,5.96,6.00,5.66,5.74,5200853,29937420.000
2008-06-05,5.69,5.78,5.40,5.52,5066932,28266498.000
2008-06-06,5.55,5.60,5.37,5.47,3579987,19488782.000
2008-06-10,5.27,5.27,4.92,4.92,4391760,22081264.000
2008-06-11,4.71,4.87,4.64,4.74,4207438,19946712.000
2008-06-12,4.78,5.06,4.76,5.04,7892578,38876824.000
2008-06-13,5.01,5.10,4.71,4.75,5025868,24802240.000
2008-06-16,4.83,4.88,4.54,4.71,3338241,15765318.000
2008-06-17,4.74,4.82,4.33,4.41,3736152,17032528.000
2008-06-18,4.38,4.78,4.28,4.77,5137063,23440308.000
2008-06-19,4.73,4.77,4.29,4.30,5361936,24124742.000
2008-06-20,4.46,4.62,4.10,4.36,4762064,21014768.000
2008-06-23,4.40,4.58,4.21,4.46,4078125,18220064.000
2008-06-24,4.45,4.58,4.38,4.55,3310757,14947101.000
2008-06-25,4.56,4.84,4.51,4.81,6015887,28259464.000
2008-06-26,4.84,4.90,4.70,4.79,5598023,26846060.000
2008-06-27,4.61,4.65,4.31,4.31,5492725,24350436.000
2008-06-30,4.22,4.37,4.15,4.31,2585003,10989331.000
2008-07-01,4.31,4.34,4.17,4.25,1960999,8310776.000
2008-07-02,4.24,4.39,4.22,4.31,1997666,8620412.000
2008-07-03,4.30,4.65,4.20,4.53,5319334,23727720.000
2008-07-04,4.51,4.59,4.40,4.42,3528009,15828759.000
2008-07-07,4.51,4.86,4.51,4.86,6968544,33744428.000
2008-07-08,5.15,5.17,4.87,5.02,16870085,84526464.000
2008-07-09,5.02,5.14,4.93,5.08,11163739,56448376.000
2008-07-10,5.03,5.58,4.90,5.29,17924181,94610224.000
2008-07-11,5.23,5.32,5.10,5.22,8130692,42157988.000
2008-07-14,5.36,5.70,5.36,5.52,17329947,95420272.000
2008-07-15,5.56,5.79,5.50,5.75,24374866,137724192.000
2008-07-16,5.63,5.67,5.18,5.55,13734861,74897312.000
2008-07-17,5.70,5.76,5.37,5.57,13242771,73793800.000
2008-07-18,5.60,5.65,5.34,5.60,12751377,70539376.000
2008-07-21,5.72,5.85,5.60,5.79,16352022,93829984.000
2008-07-22,5.77,5.77,5.60,5.62,11517231,65122160.000
2008-07-23,5.64,5.70,5.45,5.47,8581589,47451904.000
2008-07-24,5.51,5.56,5.41,5.54,8265081,45393664.000
2008-07-25,5.47,5.47,5.36,5.39,6767992,36559440.000
2008-07-28,5.42,5.54,5.41,5.45,5057636,27637188.000
2008-07-29,5.41,5.43,5.28,5.38,4783435,25572000.000
2008-07-30,5.44,5.53,5.38,5.48,5839562,31895772.000
2008-07-31,5.50,5.52,5.13,5.15,4524806,24073436.000
2008-08-01,5.10,5.23,4.94,5.20,5035939,25652764.000
2008-08-04,5.18,5.36,5.09,5.24,5196351,27465686.000
2008-08-05,5.28,5.35,4.98,5.02,3719242,19106708.000
2008-08-06,5.04,5.14,4.90,5.00,2829993,14172562.000
2008-08-07,5.05,5.05,4.75,4.91,3660116,17935008.000
2008-08-08,4.91,4.97,4.48,4.49,2936540,13780463.000
2008-08-11,4.48,4.56,4.04,4.04,4473711,18682448.000
2008-08-12,4.00,4.17,3.91,4.16,3954629,16064191.000
2008-08-13,4.09,4.23,3.99,4.17,3127814,12834955.000
2008-08-14,4.14,4.19,4.08,4.13,1956744,8089422.000
2008-08-15,4.13,4.15,4.04,4.09,2404544,9847456.000
2008-08-18,4.10,4.13,3.68,3.72,2941584,11382110.000
2008-08-19,3.70,3.86,3.60,3.84,2600698,9780705.000
2008-08-20,3.80,4.19,3.70,4.18,5728835,23066090.000
2008-08-21,4.10,4.18,3.87,3.87,4440309,17776364.000
2008-08-22,3.83,3.84,3.60,3.72,2977113,11077669.000
2008-08-25,3.72,3.83,3.65,3.73,2280810,8533061.000
2008-08-26,3.66,3.69,3.40,3.42,2662218,9405593.000
2008-08-27,3.44,3.47,3.21,3.34,2813743,9403156.000
2008-08-28,3.30,3.38,3.27,3.31,2295453,7606473.000
2008-08-29,3.32,3.50,3.29,3.49,4440115,15157890.000
2008-09-01,3.54,3.78,3.51,3.65,10188850,37345432.000
2008-09-02,3.52,3.65,3.46,3.63,4168502,14908080.000
2008-09-03,3.68,3.68,3.48,3.57,2842995,10133889.000
2008-09-04,3.56,3.66,3.56,3.65,2777997,10028608.000
2008-09-05,3.57,3.58,3.44,3.45,2584884,9073435.000
2008-09-08,3.45,3.56,3.22,3.27,2591652,8778914.000
2008-09-09,3.28,3.32,3.20,3.29,2017731,6594717.000
2008-09-10,3.25,3.40,3.23,3.33,2101981,7018879.000
2008-09-11,3.35,3.46,3.32,3.39,4161919,14069979.000
2008-09-12,3.36,3.40,3.32,3.36,1559652,5230920.000
2008-09-16,3.40,3.40,3.22,3.26,2165059,7135742.000
2008-09-17,3.26,3.32,3.10,3.13,2058557,6599801.000
2008-09-19,3.44,3.44,3.33,3.44,4931059,16873448.000
2008-09-22,3.68,3.78,3.43,3.56,8672592,30966010.000
2008-09-23,3.40,3.46,3.20,3.20,4297289,14260359.000
2008-09-24,3.20,3.29,3.13,3.28,3459970,11093469.000
2008-09-25,3.29,3.39,3.23,3.35,4790189,15968232.000
2008-09-26,3.36,3.38,3.22,3.28,3527089,11558076.000
2008-10-06,3.28,3.28,3.15,3.18,2075950,6605113.000
2008-10-07,3.10,3.16,3.01,3.12,2886705,8925294.000
2008-10-08,3.05,3.11,2.97,3.00,2685687,8147474.000
2008-10-09,3.00,3.13,3.00,3.04,2521614,7650256.000
2008-10-10,2.97,2.97,2.74,2.77,3373793,9504163.000
2008-10-13,2.77,2.82,2.60,2.81,3211422,8740629.000
2008-10-14,2.90,2.99,2.83,2.89,6345676,18452282.000
2008-10-15,3.00,3.06,2.93,2.99,10078177,30265206.000
2008-10-16,2.81,2.88,2.72,2.73,5247488,14724510.000
2008-10-17,2.78,2.94,2.71,2.93,7206364,20686292.000
2008-10-20,3.00,3.09,2.90,3.06,9616001,29020798.000
2008-10-21,3.03,3.08,2.95,3.01,7171480,21637320.000
2008-10-22,2.95,3.03,2.91,2.91,3069660,9057283.000
2008-10-23,2.87,2.90,2.78,2.90,2812815,7994230.000
2008-10-24,2.90,2.94,2.81,2.86,2116209,6083954.000
2008-10-27,2.77,2.82,2.57,2.58,2828463,7585201.000
2008-10-28,2.53,2.67,2.49,2.63,2493279,6488645.000
2008-10-29,2.70,2.74,2.52,2.53,2756583,7239211.000
2008-10-30,2.50,2.58,2.49,2.52,2829810,7159918.000
2008-10-31,2.52,2.55,2.44,2.45,1433650,3575433.000
2008-11-03,2.41,2.45,2.37,2.39,1596874,3844551.000
2008-11-04,2.35,2.36,2.22,2.34,2829895,6477442.000
2008-11-05,2.32,2.50,2.32,2.42,5453342,13134788.000
2008-11-06,2.35,2.36,2.29,2.33,2194611,5103403.000
2008-11-07,2.31,2.40,2.26,2.36,2039138,4797759.000
2008-11-10,2.39,2.60,2.39,2.60,7433955,18711862.000
2008-11-11,2.62,2.73,2.55,2.58,8757576,23254256.000
2008-11-12,2.55,2.68,2.53,2.67,4300493,11240614.000
2008-11-13,2.72,2.94,2.70,2.94,17172552,48849336.000
2008-11-14,3.00,3.07,2.90,3.01,17208592,51291336.000
2008-11-17,2.94,3.21,2.91,3.20,15619945,47434680.000
2008-11-18,3.25,3.47,3.00,3.09,24632675,80981328.000
2008-11-19,3.07,3.30,3.00,3.27,10318336,32521108.000
2008-11-20,3.19,3.29,3.11,3.14,8062932,25631832.000
2008-11-21,3.03,3.14,2.93,3.04,7577824,22849950.000
2008-11-24,3.02,3.08,2.85,2.86,4511552,13328603.000
2008-11-25,2.90,2.95,2.74,2.80,3365263,9552359.000
2008-11-26,2.85,2.90,2.80,2.86,2589560,7388395.000
2008-11-27,3.08,3.10,2.85,2.87,5673755,16959552.000
2008-11-28,2.85,2.88,2.75,2.86,3592245,10153425.000
2008-12-01,2.86,2.98,2.80,2.93,5218704,15187980.000
2008-12-02,2.90,3.03,2.84,3.02,6869047,20304424.000
2008-12-03,3.05,3.12,3.03,3.11,7393748,22751936.000
2008-12-04,3.11,3.29,3.10,3.11,12065332,38208440.000
2008-12-05,3.11,3.19,3.05,3.15,6260101,19493600.000
2008-12-08,3.17,3.29,3.17,3.28,9954621,32155836.000
2008-12-09,3.28,3.38,3.18,3.18,9513411,31180044.000
2008-12-10,3.15,3.31,3.10,3.30,9022554,29078400.000
2008-12-11,3.28,3.32,3.11,3.13,7524726,24273876.000
2008-12-12,3.10,3.22,2.90,2.95,7100369,21491240.000
2008-12-15,2.99,3.04,2.91,3.03,4207166,12610968.000
2008-12-16,2.97,3.05,2.88,3.04,4592752,13606959.000
2008-12-17,3.06,3.10,3.00,3.05,4051054,12386166.000
2008-12-18,3.05,3.12,2.99,3.12,5028569,15410186.000
2008-12-19,3.11,3.27,3.09,3.16,8491247,27118060.000
2008-12-22,3.16,3.16,3.04,3.14,5100164,15831718.000
2008-12-23,3.16,3.16,2.86,2.87,6037284,18068500.000
2008-12-24,2.88,2.90,2.78,2.82,3247435,9211621.000
2008-12-25,2.87,2.88,2.77,2.80,2119907,5966815.000
2008-12-26,2.75,2.82,2.75,2.77,1588388,4415027.000
2008-12-29,2.77,2.77,2.63,2.73,2385589,6402730.000
2008-12-30,2.70,2.81,2.70,2.76,2476860,6791487.000
2008-12-31,2.76,2.79,2.70,2.72,1572088,4309985.000
2009-01-05,2.76,2.82,2.73,2.78,2517963,6975724.000
2009-01-06,2.79,2.89,2.76,2.87,3849423,10918755.000
2009-01-07,2.87,2.96,2.83,2.92,4586229,13290268.000
2009-01-08,2.88,2.88,2.75,2.79,3473409,9783775.000
2009-01-09,2.79,2.93,2.78,2.92,4737135,13637975.000
2009-01-12,2.92,3.04,2.87,3.00,5962759,17752828.000
2009-01-13,3.00,3.07,2.91,2.92,8597077,25728686.000
2009-01-14,2.88,2.99,2.88,2.99,3618875,10681125.000
2009-01-15,2.98,3.06,2.95,3.01,5938207,17848016.000
2009-01-16,3.01,3.07,2.99,3.03,6138795,18649752.000
2009-01-19,3.05,3.07,2.99,3.00,4214550,12701901.000
2009-01-20,2.99,3.00,2.94,2.99,2476947,7342898.000
2009-01-21,2.97,3.01,2.94,3.00,3028483,9026726.000
2009-01-22,3.00,3.01,2.94,2.99,5254983,15633284.000
2009-01-23,2.99,3.04,2.98,3.03,5773776,17359804.000
2009-02-02,3.04,3.11,3.04,3.10,8884561,27374876.000
2009-02-03,3.09,3.35,3.05,3.34,19268194,62268184.000
2009-02-04,3.30,3.47,3.25,3.40,16036009,53595804.000
2009-02-05,3.42,3.43,3.26,3.27,11803405,39151152.000
2009-02-06,3.25,3.43,3.25,3.40,14962558,50298612.000
2009-02-09,3.44,3.53,3.38,3.49,15984523,55465572.000
2009-02-10,3.50,3.71,3.42,3.69,14165138,50339120.000
2009-02-11,3.63,3.85,3.57,3.74,14562204,54511392.000
2009-02-12,3.78,4.05,3.75,3.97,16102611,62497312.000
2009-02-13,3.97,4.10,3.88,4.05,13893684,55555368.000
2009-02-16,4.09,4.35,3.97,4.12,15923210,65737208.000
2009-02-17,4.08,4.09,3.82,3.84,12455134,49169828.000
2009-02-18,3.75,3.88,3.60,3.64,8413688,31416484.000
2009-02-19,3.65,3.79,3.65,3.77,5717920,21232668.000
2009-02-20,3.78,3.98,3.70,3.96,7613472,29122954.000
2009-02-23,3.96,4.31,3.85,4.29,16510811,68384800.000
2009-02-24,4.24,4.54,4.12,4.14,15130563,65032800.000
2009-02-25,4.21,4.35,4.08,4.29,12052124,51013148.000
2009-02-26,4.32,4.39,3.86,4.13,11370345,48255384.000
2009-02-27,4.05,4.11,3.72,3.72,8496344,32448556.000
2009-03-02,3.60,4.09,3.56,4.09,10946067,43228976.000
2009-03-03,4.08,4.27,3.86,4.18,11512802,47873480.000
2009-03-04,4.15,4.49,4.13,4.41,13377950,58255088.000
2009-03-05,4.48,4.65,4.35,4.52,14550998,65481996.000
2009-03-06,4.42,4.70,4.36,4.60,12813770,58996072.000
2009-03-09,4.61,4.67,4.23,4.34,12953745,57064308.000
2009-03-10,4.25,4.45,4.24,4.44,4905735,21380986.000
2009-03-11,4.49,4.54,4.29,4.31,5283905,23298328.000
2009-03-12,4.25,4.51,4.20,4.44,6947247,30335302.000
2009-03-13,4.44,4.77,4.35,4.65,11650445,53025288.000
2009-03-16,4.60,4.99,4.54,4.85,16905140,80846560.000
2009-03-17,4.80,5.03,4.75,4.88,12002801,58772240.000
2009-03-18,4.82,5.20,4.82,4.97,12434008,62833948.000
2009-03-19,4.96,5.10,4.87,5.01,7900571,39428528.000
2009-03-20,5.01,5.25,4.90,5.20,12397718,63253880.000
2009-03-23,5.11,5.30,5.00,5.09,13096144,66956864.000
2009-03-24,5.09,5.13,4.91,5.04,9264755,46241672.000
2009-03-25,4.98,5.06,4.90,4.92,6173033,30651408.000
2009-03-26,4.92,5.00,4.77,4.96,6289166,30820588.000
2009-03-27,4.73,5.02,4.73,4.79,58333074,280000960.000
2009-03-30,4.60,4.90,4.58,4.87,51583314,243674016.000
2009-03-31,4.75,4.86,4.70,4.78,29482656,140858592.000
2009-04-01,4.82,4.85,4.70,4.80,36793692,175369392.000
2009-04-02,4.81,5.03,4.77,4.94,45326697,223128192.000
2009-04-03,4.98,5.02,4.60,4.66,37710204,179428704.000
2009-04-07,4.67,4.73,4.62,4.72,14097779,65839576.000
2009-04-08,4.72,4.72,4.40,4.42,18422763,83812160.000
2009-04-09,4.36,4.49,4.21,4.28,28300827,122281984.000
2009-04-10,4.34,4.57,4.34,4.56,29363418,130719168.000
2009-04-13,4.58,4.73,4.50,4.57,26567412,122607384.000
2009-04-14,4.59,4.62,4.48,4.56,16658200,75579896.000
2009-04-15,4.52,4.57,4.38,4.56,26610289,118540144.000
2009-04-16,4.54,4.60,4.43,4.55,40967573,184684768.000
2009-04-17,4.54,4.73,4.53,4.70,59020499,274974368.000
2009-04-20,4.61,4.72,4.57,4.72,42961201,200243488.000
2009-04-21,4.67,4.74,4.54,4.70,31656791,146892032.000
2009-04-22,4.73,4.85,4.68,4.79,79243332,378834784.000
2009-04-23,4.69,4.73,4.40,4.58,32534240,149320896.000
2009-04-24,4.58,4.65,4.45,4.53,23149737,105334240.000
2009-04-27,4.53,4.53,4.08,4.09,26075064,111065984.000
2009-04-28,4.07,4.19,4.04,4.12,13710321,56316120.000
2009-04-29,4.10,4.16,3.94,4.15,31967028,129270736.000
2009-04-30,4.16,4.17,4.07,4.14,20368670,83892536.000
2009-05-04,4.15,4.31,4.12,4.30,23491556,99112824.000
2009-05-05,4.48,4.69,4.44,4.61,62879742,287393600.000
2009-05-06,4.58,5.04,4.52,4.95,97208402,473369376.000
2009-05-07,4.90,4.98,4.73,4.77,64641943,310662368.000
2009-05-11,4.73,4.82,4.29,4.40,49648313,225105120.000
2009-05-12,4.30,4.52,4.27,4.51,22855166,99773152.000
2009-05-13,4.48,4.50,4.39,4.47,18169347,80888920.000
2009-05-14,4.40,4.60,4.25,4.45,29681812,132487856.000
2009-05-15,4.44,4.61,4.40,4.51,20735711,93748352.000
2009-05-18,4.58,4.75,4.52,4.72,30978857,144579904.000
2009-05-19,4.74,4.80,4.63,4.68,24902438,116736288.000
2009-05-20,4.68,4.71,4.54,4.56,19783534,90981800.000
2009-05-21,4.55,4.56,4.40,4.43,15308464,68294888.000
2009-05-22,4.45,4.52,4.39,4.43,10972161,48756784.000
2009-05-25,4.29,4.38,4.18,4.36,13136452,56447920.000
2009-05-26,4.31,4.44,4.31,4.35,12366839,54096600.000
2009-05-27,4.42,4.47,4.31,4.36,14363738,62868488.000
2009-06-01,4.40,4.46,4.34,4.41,16813366,73911256.000
2009-06-02,4.42,4.43,4.35,4.37,16886954,73983648.000
2009-06-03,4.37,4.42,4.34,4.40,13906134,60965396.000
2009-06-04,4.40,4.41,4.31,4.34,14066913,61211336.000
2009-06-05,4.36,4.48,4.32,4.43,24617807,108712808.000
2009-06-08,4.43,4.49,4.37,4.39,16427851,72776192.000
2009-06-09,4.40,4.41,4.28,4.37,12624676,54633976.000
2009-06-10,4.38,4.43,4.33,4.41,14051366,61638848.000
2009-06-11,4.42,4.57,4.38,4.53,32784635,147543008.000
2009-06-12,4.54,4.54,4.32,4.35,14761258,65177360.000
2009-06-15,4.36,4.40,4.31,4.38,8723857,37969396.000
2009-06-16,4.35,4.37,4.30,4.33,9785273,42371356.000
2009-06-17,4.32,4.41,4.30,4.37,11634295,50625496.000
2009-06-18,4.35,4.40,4.32,4.37,15022209,65400512.000
2009-06-19,4.35,4.38,4.32,4.37,13568531,59074020.000
2009-06-22,4.40,4.55,4.38,4.44,26152832,116809944.000
2009-06-23,4.38,4.43,4.33,4.38,12569013,54904244.000
2009-06-24,4.38,4.47,4.36,4.42,11122272,49030556.000
2009-06-25,4.41,4.44,4.36,4.39,10930993,48040000.000
2009-06-26,4.41,4.41,4.34,4.38,9716712,42473740.000
2009-06-29,4.39,4.39,4.34,4.36,10357184,45154680.000
2009-06-30,4.36,4.43,4.35,4.38,11358209,49879792.000
2009-07-01,4.38,4.42,4.34,4.42,16990449,74510416.000
2009-07-02,4.42,4.86,4.40,4.74,73018155,341627296.000
2009-07-03,4.65,4.75,4.55,4.61,36402497,168322256.000
2009-07-06,4.60,4.70,4.54,4.60,22063978,101545392.000
2009-07-07,4.60,4.77,4.57,4.67,27502673,128494856.000
2009-07-08,4.63,4.66,4.55,4.61,23696017,108620424.000
2009-07-09,4.58,4.63,4.56,4.63,17567069,80803648.000
2009-07-10,4.63,4.75,4.61,4.66,22639330,106047456.000
2009-07-13,4.65,4.82,4.65,4.76,27320942,129490928.000
2009-07-14,4.79,4.88,4.72,4.86,30007007,144252096.000
2009-07-15,4.89,4.95,4.82,4.83,28170945,137537088.000
2009-07-16,4.87,5.05,4.87,4.91,31455511,156603200.000
2009-07-17,4.91,5.01,4.86,4.95,19836245,97604104.000
2009-07-20,4.99,5.27,4.95,5.18,36262712,187403712.000
2009-07-21,5.16,5.16,4.88,4.89,25537336,128348888.000
2009-07-22,4.86,5.04,4.86,4.96,20694476,102160120.000
2009-07-23,4.91,5.15,4.91,5.05,22770472,115234360.000
2009-07-24,5.06,5.11,4.88,4.97,25404039,126642416.000
2009-07-27,4.97,5.01,4.90,4.96,17701990,87474216.000
2009-07-28,4.96,5.18,4.91,5.15,36826242,186495792.000
2009-07-29,5.11,5.16,4.65,4.78,31270856,154599360.000
2009-07-30,4.85,4.90,4.61,4.75,19357249,91316480.000
2009-07-31,4.78,4.93,4.73,4.88,15367149,74366016.000
2009-08-03,4.88,5.14,4.87,5.05,27454172,138112416.000
2009-08-04,5.07,5.20,4.97,5.10,32439843,165126528.000
2009-08-05,5.14,5.20,4.99,5.05,25461985,129267712.000
2009-08-06,5.06,5.35,5.00,5.26,46195749,239511248.000
2009-08-07,5.19,5.25,4.90,4.96,31054601,157670704.000
2009-08-10,5.05,5.08,4.75,4.94,14852132,73040648.000
2009-08-11,4.97,4.97,4.81,4.93,19721401,95997432.000
2009-08-12,4.92,5.02,4.68,4.70,19023433,92280472.000
2009-08-13,4.71,4.75,4.57,4.67,12019970,55964408.000
2009-08-14,4.69,4.70,4.42,4.43,13644155,61856296.000
2009-08-17,4.38,4.42,4.03,4.05,14758642,62348280.000
2009-08-18,4.05,4.21,4.05,4.17,11500921,47509340.000
2009-08-19,4.13,4.21,3.93,3.96,11882992,48170516.000
2009-08-20,3.99,4.13,3.94,4.09,10267221,41472180.000
2009-08-21,4.08,4.43,4.01,4.38,19548549,83499520.000
2009-08-24,4.40,4.43,4.24,4.35,22628890,97556104.000
2009-08-25,4.26,4.30,4.05,4.18,13585881,56350224.000
2009-08-26,4.14,4.31,4.11,4.25,12023144,50933704.000
2009-08-27,4.24,4.32,4.18,4.25,10358799,44190224.000
2009-08-28,4.28,4.31,4.13,4.17,8566963,35833828.000
2009-08-31,4.15,4.15,3.91,3.92,11337950,45205476.000
2009-09-01,3.91,3.98,3.86,3.91,7065382,27756944.000
2009-09-02,3.92,3.96,3.84,3.92,4895782,19162642.000
2009-09-03,3.94,4.09,3.90,4.07,10355268,41547644.000
2009-09-04,4.07,4.48,4.01,4.48,31392582,135409104.000
2009-09-07,4.48,4.74,4.38,4.47,39656510,179857024.000
2009-09-08,4.39,4.54,4.29,4.45,13798190,60735516.000
2009-09-09,4.42,4.49,4.30,4.39,10518140,46160320.000
2009-09-10,4.35,4.44,4.31,4.35,8970861,39180760.000
2009-09-11,4.33,4.58,4.31,4.45,12988720,57804592.000
2009-09-14,4.50,4.57,4.43,4.53,15171544,68512136.000
2009-09-15,4.51,4.53,4.40,4.48,13523795,60361696.000
2009-09-16,4.46,4.56,4.44,4.49,12501582,56322256.000
2009-09-17,4.52,4.59,4.48,4.55,15152785,68756040.000
2009-09-18,4.54,4.62,4.41,4.44,16124376,73121528.000
2009-09-21,4.41,4.45,4.21,4.40,11127447,48069608.000
2009-09-22,4.37,4.45,4.22,4.25,8720832,37925556.000
2009-09-23,4.25,4.32,4.13,4.18,9247724,38980896.000
2009-09-24,4.16,4.26,4.08,4.17,7858550,32710238.000
2009-09-25,4.16,4.26,4.16,4.18,4804768,20189960.000
2009-09-28,4.17,4.38,4.17,4.20,12114108,51834952.000
2009-09-29,4.22,4.25,4.05,4.20,7824373,32668172.000
2009-09-30,4.21,4.48,4.21,4.39,27696126,121557992.000
2009-10-09,4.40,4.60,4.39,4.58,26502513,118475360.000
2009-10-12,4.56,4.56,4.42,4.44,15453177,69039640.000
2009-10-13,4.44,4.50,4.41,4.47,8508128,38004672.000
2009-10-14,4.48,4.52,4.42,4.44,10899295,48790284.000
2009-10-15,4.48,4.49,4.43,4.49,7744353,34520996.000
2009-10-16,4.49,4.50,4.35,4.41,7905113,34920896.000
2009-10-19,4.41,4.54,4.39,4.52,10583572,47479436.000
2009-10-20,4.53,4.62,4.48,4.60,15656188,71393664.000
2009-10-21,4.62,4.68,4.54,4.61,16880929,77827952.000
2009-10-22,4.55,4.59,4.50,4.51,10982075,49863368.000
2009-10-23,4.51,4.59,4.51,4.55,10422459,47448280.000
2009-10-26,4.58,4.68,4.55,4.65,14023330,65024032.000
2009-10-27,4.60,4.73,4.51,4.53,14800843,68647960.000
2009-10-28,4.51,4.60,4.44,4.59,10758396,48661584.000
2009-10-29,4.55,4.55,4.39,4.42,10922634,48525920.000
2009-10-30,4.53,4.68,4.45,4.60,23925369,110037008.000
2009-11-02,4.94,4.94,4.71,4.84,49325405,239716512.000
2009-11-03,4.81,5.32,4.79,5.32,40059562,209327232.000
2009-11-04,5.39,5.50,5.09,5.33,67562884,357356160.000
2009-11-06,5.35,5.55,5.16,5.47,43197169,231228544.000
2009-11-09,5.38,5.47,5.31,5.40,26015109,139854224.000
2009-11-10,5.43,5.62,5.29,5.37,32260615,176937600.000
2009-11-11,5.39,5.39,5.23,5.28,18764553,99379080.000
2009-11-12,5.29,5.49,5.26,5.31,19446578,104228624.000
2009-11-13,5.29,5.66,5.23,5.57,34352696,187203792.000
2009-11-16,5.59,5.74,5.51,5.59,31290243,175586272.000
2009-11-17,5.60,5.68,5.50,5.60,19481751,108655848.000
2009-11-18,5.59,5.85,5.55,5.77,27645232,158763952.000
2009-11-19,5.78,6.00,5.74,5.83,26602394,156303712.000
2009-11-20,5.83,5.88,5.67,5.81,20619636,118858752.000
2009-11-23,5.71,5.89,5.69,5.82,18481091,106864104.000
2009-11-24,5.86,5.88,5.33,5.36,33410410,187664288.000
2009-11-25,5.35,5.53,5.18,5.51,26346947,141517888.000
2009-11-26,5.50,5.56,5.16,5.20,25509143,135495088.000
2009-11-27,5.14,5.20,5.00,5.13,17075941,86989536.000
2009-11-30,5.18,5.37,5.14,5.31,16314707,85610752.000
2009-12-01,5.31,5.84,5.25,5.84,55320510,315825824.000
2009-12-02,5.90,6.24,5.89,5.95,79838234,481274400.000
2009-12-03,5.85,5.89,5.70,5.85,29192041,168939376.000
2009-12-04,5.82,5.88,5.35,5.58,33083517,186307808.000
2009-12-07,5.53,5.84,5.47,5.73,18528162,105498408.000
2009-12-08,5.75,5.78,5.55,5.64,17189834,96938128.000
2009-12-09,5.50,5.70,5.48,5.56,14754708,82197944.000
2009-12-10,5.58,5.65,5.50,5.55,9611060,53479784.000
2009-12-11,5.60,5.66,5.48,5.59,10579588,59018000.000
2009-12-14,5.60,5.60,5.38,5.47,10464541,57115036.000
2009-12-15,5.47,5.54,5.38,5.41,11533628,62924016.000
2009-12-16,5.40,5.47,5.34,5.38,9654163,52092240.000
2009-12-17,5.35,5.42,5.17,5.20,12737295,67067616.000
2009-12-18,5.18,5.49,5.12,5.17,17818850,94514616.000
2009-12-21,5.18,5.27,5.06,5.24,12253468,63392544.000
2009-12-22,5.24,5.37,5.14,5.23,12231468,64237108.000
2009-12-23,5.20,5.28,5.12,5.26,8028702,41824232.000
2009-12-24,5.27,5.37,5.24,5.36,11823674,62909428.000
2009-12-25,5.40,5.50,5.33,5.40,12641540,68626056.000
2009-12-28,5.40,5.45,5.36,5.42,10246867,55386936.000
2009-12-29,5.40,5.43,5.27,5.36,9132314,48842860.000
2009-12-30,5.36,5.42,5.29,5.32,10072533,53686336.000
2009-12-31,5.32,5.41,5.29,5.39,9456031,50675224.000
2010-01-04,5.40,5.50,5.38,5.44,11978979,65182896.000
2010-01-05,5.47,5.48,5.30,5.42,10809355,58135944.000
2010-01-06,5.50,5.69,5.42,5.44,24382370,136195232.000
2010-01-07,5.40,5.61,5.40,5.49,21147983,116601168.000
2010-01-08,5.46,5.58,5.40,5.57,13048710,71658728.000
2010-01-11,5.56,5.64,5.47,5.51,14253342,79133208.000
2010-01-12,5.53,5.62,5.51,5.62,18200327,101563296.000
2010-01-13,5.54,5.57,5.36,5.39,17500152,95545448.000
2010-01-14,5.40,5.51,5.34,5.46,14844724,80683704.000
2010-01-15,5.45,5.66,5.45,5.62,23985414,134027208.000
2010-01-18,5.58,5.67,5.55,5.64,16146756,90519752.000
2010-01-19,5.67,5.90,5.60,5.84,35027676,202148464.000
2010-01-20,5.83,6.09,5.75,5.78,53572741,317935456.000
2010-01-21,5.81,5.93,5.62,5.72,22234947,127488952.000
2010-01-22,5.67,5.67,5.36,5.46,19768821,108441408.000
2010-01-25,5.40,5.49,5.30,5.32,10776553,57950420.000
2010-01-26,5.32,5.37,5.05,5.10,12392675,63799664.000
2010-01-27,5.10,5.14,4.96,5.01,10554760,53204276.000
2010-01-28,5.03,5.11,5.00,5.06,9240989,46616992.000
2010-01-29,5.04,5.13,5.00,5.04,8467182,42912772.000
2010-02-01,5.01,5.07,4.80,4.85,10857946,52970312.000
2010-02-02,4.85,5.04,4.85,4.92,9253746,45864184.000
2010-02-03,4.98,5.24,4.92,5.20,14855324,75836064.000
2010-02-04,5.17,5.29,5.10,5.18,12410639,64563800.000
2010-02-05,5.05,5.12,4.99,5.06,11088276,55956508.000
2010-02-08,5.06,5.08,5.01,5.05,4195851,21144756.000
2010-02-09,5.04,5.07,5.01,5.05,4548715,22909264.000
2010-02-10,5.05,5.10,5.03,5.07,4421325,22359996.000
2010-02-11,5.07,5.08,5.02,5.02,4109649,20734346.000
2010-02-12,5.05,5.12,5.03,5.11,4472116,22708164.000
2010-02-22,5.12,5.57,5.10,5.41,24756945,133167592.000
2010-02-23,5.38,5.95,5.26,5.95,75768448,438981536.000
2010-02-24,5.92,6.00,5.57,5.69,71410128,410618848.000
2010-02-25,5.64,5.84,5.60,5.74,36253993,208090272.000
2010-02-26,5.70,6.05,5.65,5.98,62196124,368176512.000
2010-03-01,5.98,6.14,5.91,5.95,45902130,275307680.000
2010-03-02,5.94,5.94,5.71,5.80,32798799,190158480.000
2010-03-03,5.85,5.93,5.80,5.84,25850108,151271408.000
2010-03-04,5.86,6.15,5.73,5.90,50468420,299757952.000
2010-03-05,5.95,5.99,5.67,5.73,22243046,128719296.000
2010-03-08,5.74,5.79,5.68,5.70,13600123,77942016.000
2010-03-09,5.76,5.91,5.73,5.77,18496247,107578808.000
2010-03-10,5.73,5.87,5.56,5.65,16425826,93904344.000
2010-03-11,5.63,5.80,5.58,5.73,15284032,86780400.000
2010-03-12,5.80,5.84,5.59,5.60,13499767,76685216.000
2010-03-15,5.56,5.70,5.56,5.69,14900261,83975008.000
2010-03-16,5.70,5.85,5.61,5.80,15423598,88585496.000
2010-03-17,5.87,5.94,5.80,5.89,27536309,161696512.000
2010-03-18,5.91,5.91,5.77,5.88,24192239,140871072.000
2010-03-19,5.91,5.98,5.79,5.93,24933583,146955664.000
2010-03-22,5.90,5.94,5.82,5.84,16204476,94983040.000
2010-03-23,5.81,5.84,5.66,5.67,17345582,99418912.000
2010-03-24,5.65,5.72,5.64,5.70,13101377,74432304.000
2010-03-25,5.70,5.73,5.59,5.68,13676794,77134088.000
2010-03-26,5.85,5.94,5.77,5.87,32445064,189814560.000
2010-03-29,5.90,5.90,5.75,5.83,16452206,95558208.000
2010-03-30,5.81,5.86,5.76,5.80,13727150,79536624.000
2010-03-31,5.79,5.79,5.68,5.73,14303220,81729416.000
2010-04-01,5.73,5.82,5.70,5.76,18727889,107818280.000
2010-04-02,5.76,6.34,5.68,6.11,73142420,442261376.000
2010-04-06,6.02,6.20,6.00,6.09,45611980,277755136.000
2010-04-07,6.05,6.12,6.00,6.05,20806360,125616944.000
2010-04-08,6.08,6.65,6.04,6.56,73859199,468732544.000
2010-04-09,6.48,6.62,6.40,6.54,44907009,293049728.000
2010-04-12,6.54,6.84,6.52,6.66,56383700,377365824.000
2010-04-13,6.66,6.70,6.15,6.39,40278806,257735344.000
2010-04-14,6.35,6.62,6.32,6.43,24750773,160067808.000
2010-04-15,6.40,6.58,6.31,6.48,19646047,126531704.000
2010-04-16,6.45,6.80,6.37,6.67,33796328,224791600.000
2010-04-19,6.65,6.88,6.41,6.44,41422796,276244096.000
2010-04-21,6.60,6.78,6.44,6.72,34964648,231836736.000
2010-04-22,6.72,6.84,6.50,6.69,28631083,191477104.000
2010-04-23,6.53,6.60,6.22,6.25,45641668,290804032.000
2010-04-26,6.19,6.21,5.98,6.13,23506890,143041984.000
2010-04-27,6.08,6.09,5.75,5.91,19050280,112204928.000
2010-04-28,5.81,6.04,5.76,5.92,12335471,73229392.000
2010-04-29,5.88,5.96,5.51,5.53,28216276,160254864.000
2010-04-30,5.55,5.57,5.10,5.21,16550318,86870624.000
2010-05-04,5.10,5.31,5.07,5.28,9715622,50787532.000
2010-05-05,5.21,5.40,5.19,5.39,10564788,55994956.000
2010-05-06,5.38,5.38,5.05,5.10,10710264,56136144.000
2010-05-07,5.00,5.08,4.81,4.85,14893412,73519712.000
2010-05-10,4.88,5.08,4.85,5.00,12736153,63332136.000
2010-05-11,5.09,5.15,4.86,4.88,11083722,55133772.000
2010-05-12,4.88,5.00,4.82,4.92,9433093,46506120.000
2010-05-14,5.02,5.08,4.95,5.01,10549165,52919664.000
2010-05-17,4.92,4.97,4.51,4.51,14298420,67027864.000
2010-05-18,4.51,4.57,4.06,4.40,25110223,106977168.000
2010-05-19,4.34,4.40,4.21,4.30,12383937,53367712.000
2010-05-20,4.26,4.39,4.25,4.28,10142615,43800376.000
2010-05-21,4.14,4.36,4.09,4.33,9585793,40784200.000
2010-05-24,4.35,4.55,4.35,4.54,14016549,62813152.000
2010-05-25,4.48,4.52,4.37,4.42,13294643,59008200.000
2010-05-26,4.42,4.50,4.39,4.49,8543255,37968120.000
2010-05-27,4.48,4.64,4.40,4.58,13724889,62163464.000
2010-05-28,4.60,4.72,4.56,4.59,14758857,68379616.000
2010-05-31,4.54,4.58,4.33,4.35,10301269,46175352.000
2010-06-01,4.30,4.57,4.15,4.52,10804494,46509136.000
2010-06-02,4.48,4.52,4.38,4.50,10767678,48075608.000
2010-06-03,4.50,4.54,4.36,4.37,7963236,35655756.000
2010-06-04,4.32,4.39,4.27,4.37,6205903,26894474.000
2010-06-07,4.25,4.35,4.21,4.28,4967788,21223290.000
2010-06-08,4.27,4.42,4.25,4.34,5165091,22361132.000
2010-06-09,4.44,4.73,4.40,4.53,16790922,76308344.000
2010-06-10,4.44,4.67,4.44,4.58,14447578,65706164.000
2010-06-11,4.57,4.72,4.51,4.70,17848058,82692696.000
2010-06-17,4.72,4.95,4.60,4.62,18069940,85572680.000
2010-06-18,4.58,4.69,4.35,4.41,9926071,44765252.000
2010-06-21,4.51,4.78,4.47,4.71,19963255,92738600.000
2010-06-22,4.65,4.76,4.62,4.72,15171033,71428232.000
2010-06-23,4.69,4.72,4.57,4.62,9634450,44643428.000
2010-06-24,4.60,4.65,4.53,4.61,5624537,25787208.000
2010-06-25,4.53,4.57,4.44,4.45,8374954,37646388.000
2010-06-28,4.45,4.49,4.26,4.31,7912605,34427464.000
2010-06-29,4.30,4.38,4.10,4.11,8737909,36793488.000
2010-06-30,4.12,4.15,3.88,4.09,8436287,34006072.000
2010-07-01,4.05,4.10,3.97,4.02,4487941,18077876.000
2010-07-02,4.02,4.10,3.88,4.09,5555989,22124900.000
2010-07-05,4.03,4.12,3.96,4.10,5331414,21630370.000
2010-07-06,4.15,4.20,4.11,4.19,7794394,32400624.000
2010-07-07,4.16,4.21,4.11,4.20,5686729,23653440.000
2010-07-08,4.19,4.22,4.12,4.15,4037249,16814040.000
2010-07-09,4.18,4.27,4.13,4.25,8747341,36919392.000
2010-07-12,4.24,4.34,4.21,4.30,7710763,32973382.000
2010-07-13,4.24,4.26,4.13,4.17,5518472,23094466.000
2010-07-14,4.20,4.31,4.20,4.22,6308564,26832892.000
2010-07-15,4.21,4.26,4.10,4.12,4172744,17404574.000
2010-07-16,4.10,4.16,4.00,4.12,5118139,20867678.000
2010-07-19,4.11,4.22,4.06,4.21,6055441,25271948.000
2010-07-20,4.21,4.35,4.20,4.31,10368813,44475896.000
2010-07-21,4.30,4.46,4.27,4.34,10891453,47603928.000
2010-07-22,4.31,4.41,4.26,4.39,11125316,48299548.000
2010-07-23,4.38,4.44,4.30,4.40,7091651,30991272.000
2010-07-26,4.40,4.53,4.36,4.51,13409480,59811168.000
2010-07-27,4.50,4.53,4.42,4.48,8743094,39085576.000
2010-07-28,4.46,4.62,4.44,4.55,13538127,61516352.000
2010-07-29,4.57,4.70,4.53,4.65,16288332,75551872.000
2010-07-30,4.62,4.70,4.54,4.58,11491726,52988380.000
2010-08-02,4.57,4.83,4.52,4.74,20912970,97616728.000
2010-08-03,4.71,4.79,4.60,4.61,18422129,86407344.000
2010-08-04,4.60,4.64,4.50,4.60,10351423,47385980.000
2010-08-05,4.59,4.75,4.57,4.67,18897688,88685512.000
2010-08-06,4.66,4.77,4.62,4.76,17788154,83956608.000
2010-08-09,4.74,4.82,4.71,4.76,15308100,72852544.000
2010-08-10,4.76,4.77,4.56,4.58,12997810,60460444.000
2010-08-11,4.57,4.65,4.50,4.63,8590611,39394480.000
2010-08-12,4.54,4.68,4.54,4.58,9545126,44054320.000
2010-08-13,4.57,4.73,4.57,4.70,17917525,83898544.000
2010-08-16,4.70,4.85,4.69,4.82,21213283,100876360.000
2010-08-17,4.79,4.83,4.73,4.79,14572743,69803600.000
2010-08-18,4.80,4.81,4.67,4.73,10806062,51236984.000
2010-08-19,4.72,4.77,4.65,4.73,10028945,47252856.000
2010-08-20,4.73,4.73,4.58,4.60,10991887,50975376.000
2010-08-23,4.63,4.68,4.56,4.59,8411320,38781700.000
2010-08-24,4.59,4.67,4.52,4.63,8791631,40466808.000
2010-08-25,4.60,4.63,4.46,4.47,9917709,45086320.000
2010-08-26,4.49,4.52,4.43,4.48,7915333,35435528.000
2010-08-27,4.48,4.58,4.45,4.56,7226269,32625216.000
2010-08-30,4.56,4.63,4.56,4.62,8371425,38582628.000
2010-08-31,4.60,4.61,4.52,4.55,9853036,44909932.000
2010-09-01,4.55,4.58,4.40,4.49,11124064,50188752.000
2010-09-02,4.52,4.92,4.47,4.70,35032482,163444800.000
2010-09-03,4.70,4.79,4.66,4.77,30566889,144616336.000
2010-09-06,4.85,4.85,4.71,4.74,19404138,92317232.000
2010-09-07,4.75,4.81,4.71,4.78,13542215,64598468.000
2010-09-08,4.77,4.78,4.67,4.74,11426455,53928972.000
2010-09-09,4.75,4.75,4.55,4.56,15191664,70342336.000
2010-09-10,4.55,4.61,4.45,4.58,10181406,46199520.000
2010-09-13,4.58,4.65,4.52,4.63,8613129,39770036.000
2010-09-14,4.65,4.73,4.61,4.66,11529793,53877128.000
2010-09-15,4.68,4.83,4.68,4.75,32268024,153966016.000
2010-09-16,4.75,4.85,4.66,4.79,29878396,142582256.000
2010-09-17,4.85,4.89,4.70,4.73,18086178,86517216.000
2010-09-20,4.73,4.77,4.53,4.63,14622474,68018312.000
2010-09-21,4.62,4.67,4.55,4.65,8452342,39065732.000
2010-09-27,4.69,4.94,4.68,4.93,35355738,171207392.000
2010-09-28,4.90,4.92,4.79,4.83,22828809,110507552.000
2010-09-29,4.83,4.86,4.69,4.75,16122318,77126576.000
2010-09-30,4.70,4.88,4.67,4.86,17020298,81861864.000
2010-10-08,4.96,5.09,4.86,5.01,31898496,158652704.000
2010-10-11,5.00,5.24,4.96,5.08,33471133,171109408.000
2010-10-12,5.07,5.19,5.00,5.15,21685893,110917280.000
2010-10-13,5.15,5.39,5.11,5.25,26347953,138387152.000
2010-10-14,5.26,5.28,4.98,5.00,26832188,136659136.000
2010-10-15,4.93,5.22,4.90,5.15,27213274,138089808.000
2010-10-18,5.14,5.15,4.91,5.00,21564911,108562288.000
2010-10-19,5.00,5.14,4.99,5.12,17358584,87749720.000
2010-10-20,5.02,5.23,4.98,5.18,27390371,140488752.000
2010-10-21,5.18,5.21,5.07,5.13,16132730,82902096.000
2010-10-22,5.09,5.14,5.01,5.06,15794420,79855248.000
2010-10-25,5.03,5.12,5.00,5.10,22032639,111740064.000
2010-10-26,5.10,5.15,5.04,5.14,21418138,109220168.000
2010-10-27,5.10,5.23,5.09,5.15,25204104,129847896.000
2010-10-28,5.13,5.15,5.00,5.04,14825146,74893128.000
2010-10-29,5.01,5.05,4.88,4.96,16392993,81107952.000
2010-11-01,4.94,5.02,4.88,4.99,21419724,105853880.000
2010-11-02,4.96,5.03,4.83,4.98,31226322,153107520.000
2010-11-03,4.93,4.96,4.86,4.87,12391874,60735780.000
2010-11-04,4.83,4.93,4.83,4.91,12656288,61862280.000
2010-11-05,4.93,5.08,4.92,5.03,24640616,123532800.000
2010-11-08,5.05,5.20,5.00,5.20,33188906,169643392.000
2010-11-10,5.17,5.42,5.13,5.35,48636771,256392576.000
2010-11-11,5.32,5.49,5.24,5.29,43162476,232418960.000
2010-11-12,5.26,5.31,4.80,4.89,26193866,132966200.000
2010-11-15,4.95,5.18,4.90,5.15,26282330,133663328.000
2010-11-16,5.10,5.67,5.10,5.67,105936662,592027200.000
2010-11-17,5.50,5.55,5.22,5.32,49236839,265019680.000
2010-11-18,5.35,5.46,5.05,5.32,27963036,145744240.000
2010-11-19,5.32,5.59,5.20,5.57,30043078,162906336.000
2010-11-22,5.50,5.66,5.39,5.46,28541616,156687376.000
2010-11-23,5.45,5.76,5.30,5.67,46002636,256685312.000
2010-11-24,5.60,6.08,5.58,5.85,43088416,251685584.000
2010-11-25,5.95,6.06,5.85,5.91,26754987,158878592.000
2010-11-26,5.91,5.93,5.70,5.77,18379906,106637640.000
2010-11-29,5.77,5.96,5.70,5.79,17934888,104344344.000
2010-11-30,5.73,5.77,5.30,5.45,22356217,123412576.000
2010-12-01,5.43,5.54,5.25,5.40,13011155,70142840.000
2010-12-02,5.50,5.61,5.40,5.43,13944321,76854088.000
2010-12-03,5.43,5.48,5.32,5.44,8399442,45252684.000
2010-12-06,5.41,5.51,5.25,5.32,10532334,56461024.000
2010-12-07,5.34,5.42,5.20,5.40,8204167,43728996.000
2010-12-08,5.41,5.43,5.30,5.31,7383936,39467896.000
2010-12-09,5.29,5.32,5.17,5.20,7875375,41141528.000
2010-12-10,5.15,5.30,5.15,5.24,4816918,25213142.000
2010-12-13,5.29,5.39,5.24,5.36,7328552,39215636.000
2010-12-14,5.38,5.48,5.36,5.41,7883709,42612184.000
2010-12-15,5.41,5.41,5.30,5.32,9157726,48899792.000
2010-12-16,5.31,5.39,5.20,5.29,13880602,73040720.000
2010-12-17,5.23,5.29,5.21,5.26,6800881,35739056.000
2010-12-20,5.38,5.38,5.00,5.17,11815996,61505052.000
2010-12-21,5.14,5.25,5.10,5.24,6653309,34374056.000
2010-12-22,5.24,5.24,5.12,5.15,6743716,34878760.000
2010-12-23,5.15,5.15,4.93,4.98,11135728,56109404.000
2010-12-24,4.98,5.00,4.85,4.90,6793977,33345152.000
2010-12-27,4.91,5.01,4.75,4.78,6172269,30207556.000
2010-12-28,4.78,4.85,4.66,4.71,5488479,25962364.000
2010-12-29,4.75,4.79,4.63,4.78,3729735,17595592.000
2010-12-30,4.78,4.86,4.73,4.79,5018715,24166920.000
2010-12-31,4.80,4.88,4.78,4.86,4369830,21142842.000
2011-01-04,4.90,5.15,4.86,5.08,11524680,58318660.000
2011-01-05,5.07,5.12,5.00,5.09,6019356,30572456.000
2011-01-06,5.10,5.19,5.06,5.08,6375087,32588984.000
2011-01-07,5.08,5.15,5.01,5.06,5307788,26916190.000
2011-01-10,5.05,5.23,5.03,5.14,10972418,56773520.000
2011-01-11,5.12,5.40,5.10,5.38,16925203,89663016.000
2011-01-12,5.40,5.60,5.36,5.59,24235212,133478416.000
2011-01-13,5.54,5.65,5.42,5.44,14790559,81713832.000
2011-01-14,5.41,5.53,5.38,5.45,8594163,46811688.000
2011-01-17,5.43,5.68,5.38,5.45,19006811,104971672.000
2011-01-18,5.38,5.76,5.34,5.74,20322093,113688696.000
2011-01-19,5.67,5.79,5.53,5.62,21029544,118357168.000
2011-01-20,5.45,5.64,5.23,5.60,28051727,153916800.000
2011-01-21,5.56,5.59,5.30,5.37,15445707,83494360.000
2011-01-24,5.38,5.39,5.11,5.16,9566942,50014688.000
2011-01-25,5.17,5.17,4.85,4.90,10102988,50170356.000
2011-01-26,4.87,5.02,4.86,4.98,4157841,20609980.000
2011-01-27,4.97,5.11,4.90,5.07,4282284,21528352.000
2011-01-28,5.07,5.14,5.00,5.08,4692788,23712790.000
2011-01-31,5.11,5.13,5.01,5.05,6865959,34810564.000
2011-02-01,5.05,5.11,5.01,5.07,5655884,28640926.000
2011-02-09,5.00,5.34,5.00,5.33,12410971,64725840.000
2011-02-10,5.30,5.41,5.25,5.39,11064460,59211412.000
2011-02-11,5.39,5.39,5.30,5.37,8407333,44936312.000
2011-02-14,5.35,5.50,5.34,5.45,10771464,58366180.000
2011-02-15,5.45,5.63,5.39,5.40,14014015,76897664.000
2011-02-16,5.40,5.48,5.35,5.42,9491228,51392352.000
2011-02-17,5.43,5.65,5.42,5.61,20007443,111231456.000
2011-02-18,5.61,5.75,5.52,5.61,19378532,109471720.000
2011-02-21,5.57,5.88,5.55,5.83,24433619,141790752.000
2011-02-22,5.80,5.81,5.57,5.61,22112160,125514176.000
2011-02-23,5.64,6.06,5.62,5.82,32633518,191821936.000
2011-02-24,5.82,6.40,5.82,6.31,62179422,388927104.000
2011-02-25,6.11,6.21,5.97,6.13,32538462,198200720.000
2011-02-28,6.13,6.28,6.00,6.16,15944418,98034464.000
2011-03-01,6.16,6.30,6.05,6.23,17038405,105197696.000
2011-03-02,6.17,6.35,6.12,6.26,15955989,99421800.000
2011-03-03,6.28,6.40,5.92,5.98,26727368,165687184.000
2011-03-04,5.95,6.17,5.93,6.06,13680685,82905768.000
2011-03-07,6.09,6.20,6.02,6.11,11357576,69420944.000
2011-03-08,6.12,6.27,6.07,6.16,9766040,60195104.000
2011-03-09,6.16,6.16,5.95,6.01,16936891,102265368.000
2011-03-10,5.98,6.04,5.90,5.92,10529320,62855768.000
2011-03-11,5.86,6.03,5.84,5.95,12427611,73886488.000
2011-03-14,5.94,6.04,5.82,6.03,10274283,60996648.000
2011-03-15,6.02,6.02,5.68,5.76,19834245,114781952.000
2011-03-16,5.76,5.89,5.70,5.86,9678907,56262068.000
2011-03-17,5.75,5.86,5.59,5.64,10364359,59339256.000
2011-03-21,5.71,5.78,5.39,5.50,34498589,189513440.000
2011-03-22,5.46,5.54,5.37,5.54,13899988,75881288.000
2011-03-23,5.50,5.62,5.47,5.62,16659887,92514024.000
2011-03-24,5.59,5.66,5.56,5.57,9809624,54950528.000
2011-03-25,5.59,5.77,5.58,5.73,15778993,89878128.000
2011-03-28,5.81,5.86,5.48,5.55,31693507,178402880.000
2011-03-29,5.55,5.66,5.46,5.53,16266740,90641392.000
2011-03-30,5.50,5.56,5.40,5.42,13380826,73035712.000
2011-03-31,5.45,5.55,5.38,5.49,15160329,82668032.000
2011-04-01,5.48,5.60,5.42,5.60,10454142,57895668.000
2011-04-06,5.65,5.75,5.59,5.68,25678290,145415184.000
2011-04-07,5.70,5.95,5.63,5.89,35013967,204505120.000
2011-04-08,5.87,5.93,5.80,5.90,19239223,112931744.000
2011-04-11,5.89,5.89,5.71,5.73,17989457,104075008.000
2011-04-12,5.75,5.79,5.70,5.75,11384705,65425456.000
2011-04-13,5.75,5.92,5.70,5.91,18923879,111000496.000
2011-04-14,5.92,5.98,5.81,5.83,14075958,82910032.000
2011-04-15,5.79,5.94,5.75,5.90,15460808,90390360.000
2011-04-18,5.86,6.10,5.86,6.00,21367747,128580592.000
2011-04-19,5.97,6.14,5.93,6.02,23557184,142238352.000
2011-04-20,6.02,6.35,5.99,6.23,37791114,235269760.000
2011-04-21,6.21,6.31,6.14,6.19,17214896,106712272.000
2011-04-22,6.19,6.81,6.19,6.81,97069618,653185856.000
2011-05-17,6.13,6.13,6.13,6.13,4114100,25219432.000
2011-05-18,5.71,5.80,5.52,5.72,75682879,427686976.000
2011-05-19,5.64,5.79,5.61,5.74,44311864,253023888.000
2011-05-20,5.72,5.81,5.61,5.72,28498953,162459312.000
2011-05-23,5.68,5.69,5.32,5.38,29173950,160093696.000
2011-05-24,5.37,5.43,5.14,5.30,20345539,106914912.000
2011-05-25,5.29,5.67,5.23,5.29,34315647,183998864.000
2011-05-26,5.33,5.33,5.06,5.07,27861380,144288832.000
2011-05-27,5.05,5.06,4.81,4.82,20508801,100497184.000
2011-05-30,4.76,4.87,4.75,4.78,11819417,56850096.000
2011-05-31,4.79,4.91,4.77,4.90,11842887,57483028.000
2011-06-01,4.89,4.97,4.85,4.94,12657705,62114880.000
2011-06-02,4.86,4.88,4.68,4.77,13145042,62693424.000
2011-06-03,4.76,4.86,4.75,4.85,9076657,43818808.000
2011-06-07,4.80,4.94,4.80,4.91,9925127,48495704.000
2011-06-08,4.89,5.05,4.78,5.04,15832955,77656520.000
2011-06-09,4.98,5.01,4.82,4.84,13943629,68491688.000
2011-06-10,4.83,4.90,4.80,4.90,9266427,44998704.000
2011-06-13,4.87,4.89,4.78,4.88,5855880,28332590.000
2011-06-14,4.87,4.98,4.84,4.96,10216840,50392740.000
2011-06-15,4.93,5.08,4.89,5.04,16649406,83201040.000
2011-06-16,4.98,5.00,4.86,4.96,12821568,63405960.000
2011-06-17,4.95,4.97,4.79,4.88,11920610,58372352.000
2011-06-20,4.85,4.85,4.56,4.60,12312910,57756936.000
2011-06-21,4.61,4.66,4.58,4.64,5539954,25614112.000
2011-06-22,4.66,4.68,4.59,4.64,4707558,21815684.000
2011-06-23,4.62,4.71,4.51,4.68,7391387,34221136.000
2011-06-24,4.65,4.83,4.64,4.78,10241429,48690716.000
2011-06-27,4.76,4.88,4.75,4.83,8650568,41690652.000
2011-06-28,4.83,4.96,4.82,4.89,11565975,56594880.000
2011-06-29,4.88,4.89,4.73,4.75,7977330,38338240.000
2011-06-30,4.74,4.85,4.74,4.81,5590432,26875584.000
2011-07-01,4.83,4.95,4.78,4.88,11154514,54324112.000
2011-07-04,4.91,5.04,4.89,4.99,14467558,71978696.000
2011-07-05,4.99,5.06,4.97,5.01,10807500,54116720.000
2011-07-06,5.01,5.19,4.93,5.16,19310160,97814648.000
2011-07-07,5.12,5.18,5.08,5.10,15732344,80698512.000
2011-07-08,5.09,5.12,5.00,5.03,9612166,48370928.000
2011-07-11,5.01,5.07,4.98,5.05,6389907,32206392.000
2011-07-12,5.02,5.23,4.99,5.11,21379785,109921240.000
2011-07-13,5.11,5.30,5.11,5.23,18533047,97086944.000
2011-07-14,5.30,5.34,5.18,5.25,9722931,50861984.000
2011-07-15,5.18,5.46,5.17,5.36,21263575,113029056.000
2011-07-18,5.32,5.43,5.29,5.37,11516962,61717720.000
2011-07-19,5.40,5.69,5.29,5.60,32921474,182810144.000
2011-07-20,5.57,5.69,5.52,5.65,17539439,98270184.000
2011-07-21,5.65,5.66,5.51,5.53,11615144,64520128.000
2011-07-22,5.53,5.63,5.36,5.46,12117937,66506248.000
2011-07-25,5.43,5.47,5.23,5.27,13679416,73017840.000
2011-07-26,5.26,5.40,5.26,5.39,10495422,55772028.000
2011-07-27,5.37,5.39,5.24,5.36,9197287,49025656.000
2011-07-28,5.30,5.34,5.11,5.20,11411739,59506576.000
2011-07-29,5.15,5.39,5.15,5.34,9534461,50697488.000
2011-08-01,5.34,5.46,5.28,5.40,7261830,39058308.000
2011-08-02,5.34,5.89,5.32,5.79,21468911,120636832.000
2011-08-03,5.70,5.94,5.63,5.82,22382733,129499448.000
2011-08-04,5.75,5.87,5.75,5.77,12164229,70770520.000
2011-08-05,5.59,6.03,5.49,5.56,30977868,178709488.000
2011-08-08,5.48,5.69,5.10,5.22,19234100,103006872.000
2011-08-09,5.05,5.34,4.88,5.25,13225253,68040592.000
2011-08-10,5.36,5.62,5.31,5.43,14830279,81205232.000
2011-08-11,5.30,5.97,5.25,5.97,57950429,341509408.000
2011-08-12,5.91,6.21,5.80,6.14,48990877,293357184.000
2011-08-15,6.06,6.16,5.97,6.12,29844235,181172320.000
2011-08-16,6.10,6.16,5.90,5.95,26539225,159855136.000
2011-08-17,5.90,6.48,5.90,6.22,35605807,223943968.000
2011-08-18,6.16,6.33,5.96,5.99,19557743,119875560.000
2011-08-19,5.85,5.92,5.74,5.92,17582192,102537008.000
2011-08-22,5.93,6.26,5.88,5.99,16991493,103365664.000
2011-08-23,6.04,6.22,5.92,6.20,14576518,88161736.000
2011-08-24,6.20,6.24,5.98,6.00,15443494,94250848.000
2011-08-25,5.96,6.10,5.96,6.06,14101945,85168360.000
2011-08-26,6.06,6.16,5.93,6.01,13476200,81699624.000
2011-08-29,6.01,6.16,5.94,6.09,15890617,96212808.000
2011-08-30,6.12,6.32,6.07,6.15,27280173,169613024.000
2011-08-31,6.13,6.22,6.04,6.08,16841025,103044552.000
2011-09-01,6.08,6.13,5.63,5.69,32266192,189055904.000
2011-09-02,5.61,5.69,5.39,5.68,22386187,123946544.000
2011-09-05,5.62,5.74,5.50,5.69,12339769,69661584.000
2011-09-06,5.68,5.74,5.51,5.55,7670620,43295824.000
2011-09-07,5.70,5.78,5.62,5.73,9024186,51469108.000
2011-09-08,5.75,5.77,5.60,5.62,7369056,42002752.000
2011-09-09,5.62,5.76,5.62,5.67,6288737,35790784.000
2011-09-13,5.59,5.77,5.55,5.68,6909546,39355344.000
2011-09-14,5.69,5.74,5.50,5.70,8624804,48453112.000
2011-09-15,5.71,5.74,5.63,5.66,4690110,26692828.000
2011-09-16,5.66,5.75,5.57,5.69,6965270,39400936.000
2011-09-19,5.63,5.71,5.58,5.61,5526272,31202428.000
2011-09-20,5.60,5.83,5.59,5.79,10198024,58429980.000
2011-09-21,5.76,5.96,5.75,5.92,12197363,71795920.000
2011-09-22,5.88,5.95,5.77,5.78,7050587,41263260.000
2011-09-23,5.65,5.88,5.63,5.85,6991154,40530332.000
2011-09-26,5.85,5.95,5.80,5.85,7021927,41231464.000
2011-09-27,5.90,6.07,5.82,6.01,12451853,74458512.000
2011-09-28,6.02,6.21,6.01,6.02,16186353,98859072.000
2011-09-29,5.95,6.01,5.60,5.76,12265443,71239872.000
2011-09-30,5.76,6.06,5.63,6.04,11282321,66530628.000
2011-10-10,6.06,6.15,5.92,6.02,13157734,79187792.000
2011-10-11,6.13,6.21,5.93,6.01,10270860,62077768.000
2011-10-12,6.01,6.22,5.80,6.22,22908332,140043936.000
2011-10-13,6.18,6.29,6.12,6.28,21739473,135283808.000
2011-10-14,6.26,6.27,6.06,6.16,14049537,86566800.000
2011-10-17,6.14,6.21,6.01,6.07,14058674,85603336.000
2011-10-18,6.04,6.11,5.90,5.91,9238550,55383556.000
2011-10-19,5.91,5.97,5.81,5.88,7863553,46249632.000
2011-10-20,5.87,5.87,5.56,5.71,9886091,56231968.000
2011-10-21,5.71,6.05,5.66,5.96,15571439,91752736.000
2011-10-24,5.96,6.15,5.90,6.13,16838200,102055256.000
2011-10-25,6.13,6.18,6.01,6.13,14378145,87799056.000
2011-10-26,6.13,6.38,6.08,6.16,25146507,157453152.000
2011-10-27,6.15,6.40,6.12,6.27,24054679,151504992.000
2011-10-28,6.33,6.40,6.15,6.27,18815642,117469552.000
2011-11-07,6.60,6.90,6.31,6.90,44435189,298451104.000
2011-11-08,7.10,7.45,6.75,6.91,72212177,512409216.000
2011-11-09,6.85,7.10,6.58,7.01,43909468,299316352.000
2011-11-10,6.86,7.35,6.80,7.23,44576442,317819392.000
2011-11-11,7.17,7.39,6.95,6.99,36186808,259470592.000
2011-11-14,7.04,7.18,6.90,7.13,23452203,164628864.000
2011-11-15,7.08,7.12,6.95,7.06,17400014,122314704.000
2011-11-16,7.06,7.18,6.82,6.85,21329555,148756096.000
2011-11-17,6.85,6.90,6.60,6.78,15483580,104905744.000
2011-11-18,6.76,7.19,6.68,6.85,23230482,161755744.000
2011-11-21,6.87,6.97,6.64,6.89,13843731,93995464.000
2011-11-22,6.85,7.09,6.72,7.07,14055947,97367152.000
2011-11-23,7.10,7.44,7.02,7.30,32722619,237485408.000
2011-11-24,7.20,7.34,7.09,7.19,15481465,111549824.000
2011-11-25,7.20,7.69,7.19,7.29,29975964,222972448.000
2011-11-28,7.26,7.43,7.10,7.23,17033844,123631272.000
2011-11-29,7.28,7.35,7.15,7.24,11507039,83161224.000
2011-11-30,7.26,7.29,6.73,6.74,18693151,130429432.000
2011-12-01,6.95,7.06,6.69,6.73,17812368,123080960.000
2011-12-02,6.69,6.98,6.69,6.75,10808673,73837160.000
2011-12-05,6.72,6.81,6.34,6.40,15824480,103262368.000
2011-12-07,6.52,6.66,6.40,6.48,8295980,54027080.000
2011-12-08,6.45,6.55,6.32,6.42,6197565,39807224.000
2011-12-09,6.31,6.45,6.23,6.25,8365977,52837988.000
2011-12-12,6.35,6.45,6.16,6.44,6472019,41017200.000
2011-12-14,6.30,6.51,5.88,5.97,13014773,80669112.000
2011-12-15,5.92,5.97,5.55,5.60,13070411,74663320.000
2011-12-16,5.58,5.80,5.47,5.78,10174265,57575732.000
2011-12-19,5.75,6.16,5.53,6.08,12000446,70606000.000
2011-12-20,6.10,6.40,6.10,6.32,15275302,95809184.000
2011-12-21,6.40,6.55,6.22,6.28,14138505,89890560.000
2011-12-22,6.29,6.55,6.13,6.54,13402847,85242712.000
2011-12-23,6.44,6.67,6.41,6.46,9750154,63517920.000
2011-12-27,6.36,6.36,5.81,5.81,15550437,92987464.000
2011-12-28,5.68,6.08,5.55,5.90,8196001,48500448.000
2011-12-29,5.87,6.07,5.60,5.62,8567277,49978416.000
2012-01-04,5.81,5.94,5.63,5.81,6859606,39654620.000
2012-01-05,5.72,5.90,5.47,5.55,6293495,35757256.000
2012-01-06,5.51,5.58,5.00,5.02,16019650,81955584.000
2012-01-09,5.05,5.35,4.93,5.33,8566764,44504840.000
2012-01-10,5.34,5.68,5.23,5.66,8424821,46484600.000
2012-01-11,5.61,5.74,5.44,5.66,7882911,44229716.000
2012-01-12,5.66,5.70,5.52,5.57,4841366,27119562.000
2012-01-13,5.60,5.62,5.33,5.40,5472068,29761808.000
2012-01-16,5.34,5.40,5.16,5.18,2784200,14720812.000
2012-01-17,5.28,5.50,5.22,5.49,5360392,28674616.000
2012-01-18,5.53,5.53,5.35,5.37,4067339,22111740.000
2012-01-19,5.43,5.53,5.37,5.42,3732751,20408720.000
2012-01-20,5.48,5.63,5.46,5.54,4314833,24068250.000
2012-01-30,5.54,5.76,5.54,5.66,4698210,26681020.000
2012-01-31,5.57,5.65,5.55,5.61,3010065,16821804.000
2012-02-01,5.53,5.69,5.51,5.62,2423797,13655644.000
2012-02-02,5.80,5.86,5.67,5.72,3779377,21644324.000
2012-02-03,5.78,5.78,5.66,5.76,4657946,26632480.000
2012-02-06,5.76,6.02,5.70,5.93,6983317,40997504.000
2012-02-07,5.88,5.92,5.69,5.75,6191842,35704872.000
2012-02-08,5.75,5.84,5.65,5.84,4779560,27622944.000
2012-02-09,5.85,5.90,5.78,5.80,6089802,35508332.000
2012-02-10,5.80,5.95,5.75,5.94,7763810,45583832.000
2012-02-13,5.89,6.01,5.82,5.94,5559933,32999694.000
2012-02-14,5.91,6.03,5.88,5.98,5517194,32993042.000
2012-02-15,5.98,6.01,5.88,5.99,6066617,36130344.000
2012-02-16,6.00,6.12,5.89,5.97,6977602,41902280.000
2012-02-17,5.99,6.00,5.85,5.88,4718636,27881764.000
2012-02-20,5.96,5.97,5.80,5.82,5057895,29690552.000
2012-02-21,5.82,5.95,5.77,5.90,4962194,29004312.000
2012-02-22,5.93,6.02,5.85,5.98,7245677,43018616.000
2012-02-23,5.98,6.33,5.95,6.30,17620978,108504216.000
2012-02-24,6.25,6.27,6.14,6.20,12078605,74901600.000
2012-02-27,6.21,6.46,6.17,6.25,15911016,100334960.000
2012-02-28,6.21,6.40,6.20,6.30,9711421,61287424.000
2012-02-29,6.30,6.50,6.24,6.25,8240892,52277432.000
2012-03-01,6.21,6.32,6.20,6.25,4648169,29084136.000
2012-03-02,6.28,6.50,6.23,6.46,13453150,86350928.000
2012-03-05,6.46,6.66,6.40,6.43,12367718,80902904.000
2012-03-06,6.45,6.45,6.23,6.32,6580795,41645876.000
2012-03-07,6.26,6.32,6.17,6.22,8582020,53616216.000
2012-03-08,6.25,6.38,6.23,6.26,7939952,49881352.000
2012-03-09,6.37,6.38,6.26,6.36,6940447,43810332.000
2012-03-12,6.37,6.42,6.29,6.35,5005003,31766232.000
2012-03-13,6.30,6.55,6.28,6.53,13096969,84645720.000
2012-03-14,6.59,6.69,6.21,6.27,21089620,136834304.000
2012-03-15,6.35,6.37,6.11,6.12,12093376,75002024.000
2012-03-16,6.13,6.73,6.13,6.59,16970164,109798144.000
2012-03-19,6.53,6.88,6.49,6.76,21429556,143772448.000
2012-03-20,6.74,7.03,6.58,6.85,19010123,129719928.000
2012-03-21,6.85,7.15,6.81,6.94,21996804,153817248.000
2012-03-22,6.94,7.00,6.82,6.92,8648284,59596916.000
2012-03-23,6.85,6.90,6.63,6.70,10507451,70745440.000
2012-03-26,6.68,7.22,6.66,6.81,21405484,148624336.000
2012-03-27,6.78,7.04,6.78,6.84,10370369,71567768.000
2012-03-28,6.78,6.80,6.49,6.52,12482558,82876240.000
2012-03-29,6.63,6.97,6.49,6.91,18622237,125791696.000
2012-03-30,7.00,7.06,6.57,6.66,17962289,122266192.000
2012-04-05,6.64,6.92,6.55,6.91,13444082,90531064.000
2012-04-06,6.88,7.32,6.85,7.29,35493616,254362176.000
2012-04-09,7.20,7.40,7.13,7.14,17053289,123649752.000
2012-04-10,7.14,7.40,6.94,7.38,17629649,125868192.000
2012-04-11,7.27,7.39,7.16,7.23,12058192,87557448.000
2012-04-12,7.15,7.31,7.05,7.12,19054368,136369456.000
2012-04-13,7.11,7.27,7.02,7.10,18968469,135056576.000
2012-04-16,7.10,7.26,6.90,6.99,18892846,134082760.000
2012-04-17,6.91,7.00,6.65,6.71,24909389,170170560.000
2012-04-18,6.65,6.83,6.61,6.78,18666344,125719816.000
2012-04-19,6.80,6.83,6.68,6.75,11682853,78806312.000
2012-04-20,6.71,6.79,6.64,6.67,11983109,80311840.000
2012-04-23,6.69,6.87,6.48,6.82,16871009,113149896.000
2012-04-24,6.77,6.89,6.58,6.87,16153733,109495824.000
2012-04-26,6.91,6.96,6.60,6.67,12178828,82371776.000
2012-04-27,6.63,6.73,6.53,6.64,6534416,43494452.000
2012-05-02,6.71,6.73,6.13,6.18,24082225,152420400.000
2012-05-03,6.03,6.27,6.02,6.22,8031499,49415048.000
2012-05-04,6.22,6.24,6.07,6.13,7598423,46609420.000
2012-05-07,6.07,6.19,6.07,6.14,6769505,41525300.000
2012-05-08,6.18,6.28,6.10,6.25,8061124,50121496.000
2012-05-09,6.24,6.63,6.16,6.55,19663853,127319088.000
2012-05-10,6.51,6.66,6.50,6.58,11041491,72688168.000
2012-05-11,6.60,6.62,6.45,6.47,6628380,43258428.000
2012-05-14,6.54,6.68,6.46,6.61,11977615,78952944.000
2012-05-15,6.57,6.68,6.39,6.47,8734022,56688004.000
2012-05-16,6.42,6.93,6.42,6.68,20866835,140339120.000
2012-05-17,6.68,6.88,6.58,6.80,13954302,94566096.000
2012-05-18,6.76,6.95,6.72,6.92,15622611,107280560.000
2012-05-21,6.95,6.95,6.78,6.84,8798171,60485260.000
2012-05-22,6.85,7.17,6.83,7.07,13774074,97153208.000
2012-05-23,7.05,7.12,6.97,7.00,11891407,83541880.000
2012-05-24,7.02,7.03,6.73,6.78,11961567,81692912.000
2012-05-25,6.74,7.15,6.70,7.01,20413396,142729712.000
2012-05-28,6.96,7.19,6.86,6.96,13137221,92200856.000
2012-05-29,6.94,7.15,6.90,6.98,17318365,121686808.000
2012-05-30,6.93,7.18,6.93,7.10,12850009,90889864.000
2012-05-31,7.07,7.25,7.02,7.08,10981349,78548320.000
2012-06-01,7.05,7.14,6.88,6.92,10277460,71638296.000
2012-06-04,6.81,6.97,6.78,6.82,6609841,45340596.000
2012-06-05,6.81,6.88,6.72,6.80,4230243,28711256.000
2012-06-06,6.79,6.91,6.76,6.81,5625203,38394580.000
2012-06-07,6.83,6.85,6.50,6.53,12453489,82809784.000
2012-06-08,6.60,6.60,6.05,6.11,21964642,137557120.000
2012-06-11,6.12,6.29,6.12,6.26,9684283,60055872.000
2012-06-12,6.26,6.30,6.18,6.24,4768292,29821114.000
2012-06-13,6.20,6.21,5.62,5.88,56086517,322317600.000
2012-06-14,5.71,6.02,5.45,5.98,57640375,327249696.000
2012-06-19,5.38,5.80,5.38,5.76,87566562,486049152.000
2012-06-20,5.60,5.78,5.50,5.70,56780859,319795872.000
2012-06-21,5.61,5.80,5.55,5.66,42144706,239683056.000
2012-06-25,5.58,5.72,5.47,5.66,31378314,175982912.000
2012-06-26,5.66,5.96,5.64,5.91,75585198,436092000.000
2012-06-27,5.87,5.87,5.63,5.64,41334749,236578272.000
2012-06-28,5.62,5.62,5.08,5.08,54739802,284118176.000
2012-07-02,4.95,4.96,4.76,4.80,35155557,170382256.000
2012-07-03,4.80,4.86,4.72,4.77,22976011,110088864.000
2012-07-04,4.75,4.82,4.58,4.64,23318241,109140312.000
2012-07-05,4.60,4.62,4.33,4.35,27912848,124394728.000
2012-07-06,4.36,4.39,4.13,4.30,34034253,143934480.000
2012-07-09,4.26,4.27,4.11,4.12,19302650,80832384.000
2012-07-10,4.11,4.24,4.06,4.16,17017781,71087376.000
2012-07-11,4.14,4.18,4.12,4.17,11095848,46116136.000
2012-07-12,4.16,4.25,4.03,4.24,23305307,96802864.000
2012-07-13,4.21,4.26,4.17,4.18,13798595,58037780.000
2012-07-16,4.19,4.20,3.99,3.99,14953872,60721992.000
2012-07-17,3.98,4.22,3.93,4.15,18242409,74901984.000
2012-07-18,4.15,4.31,4.10,4.29,20353382,85758352.000
2012-07-19,4.26,4.35,4.23,4.28,19637327,84372376.000
2012-07-20,4.23,4.32,4.21,4.24,13115603,55773248.000
2012-07-23,4.20,4.29,4.10,4.19,11356088,47358824.000
2012-07-24,4.14,4.21,4.12,4.16,8012783,33363724.000
2012-07-25,4.12,4.16,4.06,4.08,8630675,35497048.000
2012-07-26,4.08,4.14,4.01,4.04,10383522,42206840.000
2012-07-27,4.05,4.08,4.01,4.05,9311358,37615096.000
2012-07-30,4.00,4.00,3.65,3.65,37861705,139923600.000
2012-07-31,3.55,3.55,3.29,3.29,38046882,127663400.000
2012-08-01,3.30,3.39,3.25,3.34,23156279,77119744.000
2012-08-02,3.35,3.36,3.24,3.28,22712159,75000616.000
2012-08-03,3.30,3.36,3.26,3.35,20397812,67817712.000
2012-08-06,3.32,3.46,3.29,3.44,24337378,82392520.000
2012-08-07,3.44,3.67,3.43,3.58,35921715,127880384.000
2012-08-08,3.54,3.58,3.46,3.50,20215408,71106184.000
2012-08-09,3.50,3.59,3.46,3.55,19681481,69707528.000
2012-08-10,3.58,3.66,3.56,3.57,23676484,85356552.000
2012-08-13,3.58,3.58,3.35,3.39,18704097,64776840.000
2012-08-14,3.39,3.45,3.29,3.42,13198801,44435360.000
2012-08-15,3.40,3.40,3.33,3.34,8250847,27714990.000
2012-08-16,3.31,3.58,3.30,3.46,27049433,93647568.000
2012-08-17,3.41,3.47,3.38,3.44,13042039,44563924.000
2012-08-20,3.41,3.50,3.35,3.47,10323678,35421624.000
2012-08-21,3.51,3.54,3.45,3.47,15248145,53192276.000
2012-08-22,3.51,3.51,3.41,3.44,11676868,40490264.000
2012-08-23,3.46,3.50,3.42,3.47,10993247,38005592.000
2012-08-24,3.46,3.51,3.39,3.41,11726055,40257680.000
2012-08-27,3.40,3.40,3.23,3.24,13269627,43709592.000
2012-08-28,3.24,3.31,3.21,3.29,9439394,30940844.000
2012-08-29,3.28,3.31,3.22,3.23,8703383,28341636.000
2012-08-30,3.23,3.27,3.10,3.17,13359441,42467308.000
2012-08-31,3.18,3.23,3.14,3.20,8323019,26532156.000
2012-09-03,3.21,3.27,3.16,3.24,10041180,32373896.000
2012-09-04,3.24,3.24,3.18,3.19,9195678,29479140.000
2012-09-05,3.18,3.22,3.13,3.20,7416051,23519454.000
2012-09-06,3.21,3.23,3.18,3.23,6897432,22135206.000
2012-09-07,3.25,3.48,3.24,3.40,26996061,90659048.000
2012-09-10,3.37,3.70,3.36,3.60,34726682,122458960.000
2012-09-11,3.54,3.55,3.47,3.52,19380132,68007048.000
2012-09-12,3.53,3.58,3.48,3.56,16072332,56707160.000
2012-09-13,3.56,3.57,3.43,3.45,14594504,51162012.000
2012-09-14,3.48,3.52,3.41,3.47,13350251,46351160.000
2012-09-17,3.48,3.68,3.37,3.55,37788161,135011632.000
2012-09-18,3.48,3.48,3.37,3.39,22046144,75319344.000
2012-09-19,3.35,3.43,3.32,3.41,12724536,42930584.000
2012-09-20,3.40,3.40,3.21,3.22,12553078,41517632.000
2012-09-21,3.22,3.27,3.19,3.22,7023752,22718552.000
2012-09-24,3.19,3.23,3.13,3.20,8510396,27062280.000
2012-09-25,3.19,3.22,3.13,3.15,7004190,22278312.000
2012-09-26,3.15,3.16,3.03,3.04,9881736,30570860.000
2012-09-27,3.04,3.19,3.03,3.13,12214775,38068972.000
2012-09-28,3.12,3.21,3.10,3.20,11402711,36161416.000
2012-10-08,3.21,3.24,3.14,3.17,8252549,26189876.000
2012-10-09,3.17,3.32,3.17,3.30,19435582,63526324.000
2012-10-10,3.31,3.48,3.27,3.40,27346939,92931616.000
2012-10-11,3.37,3.52,3.33,3.38,26101929,89575256.000
2012-10-12,3.37,3.48,3.33,3.44,22310598,76187584.000
2012-10-15,3.48,3.48,3.36,3.45,16297825,55597740.000
2012-10-16,3.44,3.49,3.36,3.40,14154528,48237712.000
2012-10-17,3.40,3.40,3.29,3.36,12457558,41703384.000
2012-10-18,3.37,3.66,3.33,3.49,36660632,128950480.000
2012-10-19,3.44,3.53,3.42,3.49,20366727,70625312.000
2012-10-22,3.48,3.52,3.43,3.51,14111264,49289920.000
2012-10-23,3.53,3.64,3.50,3.52,24150539,85984640.000
2012-10-24,3.48,3.78,3.44,3.71,49005660,178105776.000
2012-10-25,3.66,3.76,3.60,3.61,30883483,112880880.000
2012-10-26,3.60,3.63,3.44,3.55,25241449,89160616.000
2012-10-29,3.51,3.66,3.46,3.59,24252261,86601888.000
2012-10-30,3.55,3.64,3.45,3.46,22033395,78245160.000
2012-10-31,3.45,3.48,3.22,3.33,21634718,72126896.000
2012-11-01,3.31,3.44,3.31,3.36,20108087,68040464.000
2012-11-02,3.35,3.48,3.35,3.43,15138308,51753504.000
2012-11-05,3.44,3.53,3.41,3.50,15387006,53633840.000
2012-11-06,3.50,3.50,3.38,3.45,11264868,38693960.000
2012-11-07,3.45,3.55,3.42,3.52,12977255,45456508.000
2012-11-08,3.48,3.49,3.36,3.37,13341327,45586040.000
2012-11-09,3.38,3.42,3.33,3.35,7106471,23948858.000
2012-11-12,3.33,3.49,3.33,3.48,12972391,44449600.000
2012-11-13,3.48,3.51,3.38,3.50,16524475,56819564.000
2012-11-14,3.56,3.85,3.55,3.85,36138806,135631632.000
2012-11-15,3.85,4.10,3.71,3.73,88298698,345230656.000
2012-11-16,3.64,3.67,3.50,3.58,36332473,129750816.000
2012-11-19,3.55,3.57,3.38,3.47,25374851,87624104.000
2012-11-20,3.49,3.71,3.42,3.63,39316596,140961696.000
2012-11-21,3.58,3.75,3.51,3.67,32802629,119207416.000
2012-11-22,3.61,3.64,3.44,3.50,22266287,78577464.000
2012-11-23,3.48,3.54,3.43,3.52,18186723,63271016.000
2012-11-26,3.51,3.51,3.43,3.43,10162163,35239504.000
2012-11-27,3.40,3.41,3.09,3.17,19768537,63743704.000
2012-11-28,3.12,3.26,3.12,3.18,11778276,37540948.000
2012-11-29,3.17,3.22,3.11,3.11,9303480,29431322.000
2012-11-30,3.11,3.19,3.09,3.16,8383588,26345868.000
2012-12-03,3.15,3.20,3.10,3.11,7973811,25146904.000
2012-12-04,3.05,3.08,2.97,3.06,16921611,51016812.000
2012-12-05,3.09,3.32,3.06,3.24,21473817,68751968.000
2012-12-06,3.23,3.33,3.23,3.26,16919498,55644324.000
2012-12-07,3.27,3.39,3.23,3.36,17903698,59444136.000
2012-12-10,3.35,3.56,3.35,3.49,22871097,79443184.000
2012-12-11,3.45,3.49,3.40,3.41,15012513,51686784.000
2012-12-12,3.41,3.53,3.38,3.44,11809805,40818616.000
2012-12-13,3.42,3.59,3.36,3.48,22547424,78709408.000
2012-12-14,3.44,3.64,3.42,3.58,27072059,96048824.000
2012-12-17,3.58,3.62,3.52,3.58,14768317,52575436.000
2012-12-18,3.59,3.67,3.54,3.55,17343235,62388992.000
2012-12-19,3.55,3.60,3.45,3.52,18231211,64204424.000
2012-12-20,3.51,3.56,3.48,3.54,10340333,36356896.000
2012-12-21,3.56,3.65,3.45,3.48,13876437,49072456.000
2012-12-24,3.49,3.52,3.46,3.48,7612489,26560348.000
2012-12-25,3.42,3.60,3.42,3.57,18334770,64720984.000
2012-12-26,3.60,3.68,3.52,3.67,24260141,87157512.000
2012-12-27,3.66,3.80,3.63,3.65,28506872,105689808.000
2012-12-28,3.63,3.74,3.62,3.72,19271422,70801560.000
2012-12-31,3.71,3.89,3.68,3.81,23037125,86487840.000
2013-01-04,3.82,3.83,3.68,3.69,18990476,70677704.000
2013-01-07,3.67,3.72,3.65,3.70,11020184,40625824.000
2013-01-08,3.71,3.72,3.62,3.69,12901756,47417704.000
2013-01-09,3.68,3.83,3.65,3.74,20933749,78330824.000
2013-01-10,3.73,3.77,3.70,3.76,19215453,71708640.000
2013-01-11,3.75,3.75,3.57,3.58,15947359,58374264.000
2013-01-14,3.56,3.67,3.53,3.65,14246697,51530624.000
2013-01-15,3.63,3.76,3.63,3.74,17148759,63614252.000
2013-01-16,3.76,3.76,3.67,3.74,15855685,58858548.000
2013-01-17,3.72,3.96,3.70,3.84,41646265,160803776.000
2013-01-18,3.86,3.88,3.76,3.86,21037087,80346512.000
2013-01-21,3.84,3.93,3.77,3.87,19031449,73365440.000
2013-01-22,3.85,3.90,3.78,3.85,18551770,71101920.000
2013-01-23,3.82,3.86,3.75,3.79,13308168,50479284.000
2013-01-24,3.77,4.00,3.71,3.93,42139609,162573936.000
2013-01-25,3.92,3.95,3.68,3.71,42984456,162120576.000
2013-01-28,3.68,3.74,3.65,3.72,16764344,61988264.000
2013-01-29,3.73,3.84,3.68,3.76,19093452,71778048.000
2013-01-30,3.73,3.76,3.67,3.74,17085449,63541400.000
2013-01-31,3.72,3.72,3.65,3.67,15091872,55552212.000
2013-02-01,3.67,3.71,3.63,3.66,11797456,43229668.000
2013-02-04,3.65,3.68,3.59,3.60,13602505,49461568.000
2013-02-05,3.60,3.69,3.60,3.68,12105001,44171280.000
2013-02-06,3.67,3.72,3.67,3.70,10535458,39005608.000
2013-02-07,3.73,3.77,3.67,3.72,15443966,57578032.000
2013-02-08,3.70,3.73,3.68,3.71,12393371,45932800.000
2013-02-18,3.73,3.77,3.69,3.74,15405238,57409616.000
2013-02-19,3.73,3.82,3.70,3.78,24277829,91456352.000
2013-02-20,3.76,3.82,3.75,3.81,16093845,61017232.000
2013-02-21,3.79,3.81,3.67,3.68,14700990,54892436.000
2013-02-22,3.70,4.05,3.68,4.05,60584353,238199280.000
2013-02-25,3.97,4.04,3.88,3.94,47906957,188945472.000
2013-02-26,3.91,3.99,3.81,3.83,30042712,117353008.000
2013-02-27,3.83,3.94,3.81,3.92,19218409,74400032.000
2013-03-19,4.31,4.31,4.31,4.31,5130078,22110636.000
2013-03-20,4.63,4.63,4.22,4.38,91264833,402602528.000
2013-03-21,4.33,4.82,4.25,4.82,37433337,174401632.000
2013-03-22,5.00,5.30,4.85,5.30,89649413,463263904.000
2013-03-25,5.30,5.65,5.20,5.42,103164663,559196608.000
2013-03-26,5.31,5.45,5.10,5.33,58485944,307894336.000
2013-03-27,5.30,5.42,5.12,5.21,49104718,257452688.000
2013-03-28,5.10,5.11,4.82,4.96,45404768,225105568.000
2013-03-29,4.98,5.16,4.88,5.05,35598970,179188640.000
2013-04-01,5.03,5.44,4.95,5.22,51184789,267231936.000
2013-04-02,5.18,5.27,4.97,5.01,36787094,187513056.000
2013-04-03,4.95,5.03,4.73,4.76,29013995,141517216.000
2013-04-08,4.60,4.76,4.57,4.75,23243705,108419424.000
2013-04-09,4.77,4.93,4.70,4.90,22537538,108437552.000
2013-04-10,4.85,4.87,4.65,4.74,20899013,99345760.000
2013-04-11,4.71,4.97,4.71,4.83,25806747,125612336.000
2013-04-12,4.80,4.86,4.66,4.71,16291612,77196800.000
2013-04-15,4.69,4.80,4.61,4.77,15226814,71679760.000
2013-04-16,4.71,4.93,4.71,4.88,23554933,114359520.000
2013-04-17,4.84,4.88,4.72,4.79,16806649,80720464.000
2013-04-18,4.80,4.97,4.74,4.97,27492145,134823680.000
2013-04-19,4.96,5.06,4.89,4.99,27525963,136897744.000
2013-04-22,4.87,4.95,4.85,4.87,16665226,81411888.000
2013-04-23,4.86,4.95,4.63,4.65,18694457,89295536.000
2013-04-24,4.69,4.75,4.55,4.70,16359498,76272224.000
2013-04-25,4.63,4.69,4.35,4.37,24582652,110828304.000
2013-04-26,4.37,4.47,4.33,4.36,12046728,52816284.000
2013-05-02,4.30,4.37,4.09,4.22,15797564,67002664.000
2013-05-03,4.25,4.34,4.24,4.33,10550147,45365836.000
2013-05-06,4.33,4.38,4.27,4.34,12274726,53203496.000
2013-05-07,4.35,4.53,4.28,4.46,18902455,83622784.000
2013-05-08,4.45,4.55,4.41,4.44,13001523,58004032.000
2013-05-09,4.41,4.41,4.26,4.29,15207244,65814488.000
2013-05-10,4.26,4.41,4.26,4.40,12662452,55086936.000
2013-05-13,4.40,4.43,4.28,4.40,10893246,47525476.000
2013-05-14,4.39,4.54,4.34,4.43,16872198,75172432.000
2013-05-15,4.41,4.48,4.33,4.42,11100886,48712744.000
2013-05-16,4.42,4.49,4.30,4.47,18893221,83161392.000
2013-05-17,4.46,4.53,4.43,4.53,17832062,80142872.000
2013-05-20,4.55,4.69,4.54,4.62,20888715,96676192.000
2013-05-21,4.60,4.67,4.54,4.62,17187112,79140368.000
2013-05-22,4.58,4.65,4.53,4.56,15432275,70583368.000
2013-05-23,4.54,4.56,4.46,4.50,10668361,48124168.000
2013-05-24,4.49,4.55,4.47,4.52,9279793,41790768.000
2013-05-27,4.53,4.62,4.52,4.62,18402683,84246064.000
2013-05-28,4.61,4.97,4.57,4.83,39550797,191080016.000
2013-05-29,4.78,4.94,4.72,4.82,21287191,102749440.000
2013-05-30,4.79,4.93,4.75,4.82,17295153,83915984.000
2013-05-31,4.82,5.05,4.82,4.90,26869786,133021616.000
2013-06-03,4.90,5.00,4.73,4.79,19482112,94421296.000
2013-06-04,4.75,4.82,4.70,4.75,11448630,54379040.000
2013-06-05,4.73,4.84,4.73,4.75,9371328,44753548.000
2013-06-06,4.74,4.77,4.46,4.50,15472311,71013248.000
2013-06-07,4.50,4.54,4.31,4.39,13581463,59728068.000
2013-06-13,4.35,4.38,4.16,4.24,7859671,33243242.000
2013-06-14,4.42,4.66,4.38,4.66,8059936,37203128.000
2013-06-17,4.87,4.93,4.63,4.65,24291162,115393560.000
2013-06-18,4.60,4.74,4.56,4.70,9821299,45695624.000
2013-06-19,4.64,4.92,4.61,4.84,23385776,112580384.000
2013-06-20,4.80,4.87,4.60,4.61,13005963,61615588.000
2013-06-21,4.49,4.54,4.38,4.43,12528451,55738640.000
2013-06-25,4.11,4.26,3.99,4.24,20361578,83475296.000
2013-06-26,4.24,4.28,4.12,4.22,9336557,39262216.000
2013-06-27,4.17,4.26,3.91,3.94,13931864,57100192.000
2013-06-28,3.91,4.01,3.82,3.90,9459012,36982888.000
2013-07-01,3.90,3.95,3.83,3.91,8275417,32295316.000
2013-07-02,3.93,4.01,3.89,4.00,6807238,26850834.000
2013-07-03,3.98,4.05,3.95,4.03,7198508,28836972.000
2013-07-04,4.03,4.12,4.00,4.09,7772547,31592608.000
2013-07-05,4.09,4.23,4.08,4.17,9392323,39185352.000
2013-07-08,4.15,4.15,3.98,4.08,8891078,36167732.000
2013-07-09,4.06,4.13,3.86,3.87,11675974,46688848.000
2013-07-10,3.93,3.97,3.71,3.95,18405333,71040512.000
2013-07-11,3.92,4.13,3.87,4.08,15095254,61106352.000
2013-07-12,4.08,4.11,4.02,4.03,12549102,50834572.000
数据来源:通达信
