600753 东方银星 日线
      日期	    开盘	    最高	    最低	    收盘	    成交量	    成交额
2007-01-11,3.83,3.99,3.81,3.87,1857569,7232362.000
2007-01-12,3.79,3.93,3.68,3.68,1398260,5258207.000
2007-01-15,3.67,3.86,3.59,3.86,1825214,6906304.000
2007-01-16,3.91,4.05,3.83,4.05,3287563,13209003.000
2007-01-17,4.25,4.25,4.09,4.25,3101829,13101294.000
2007-01-18,4.46,4.46,4.28,4.46,4150225,18494414.000
2007-01-19,4.67,4.68,4.30,4.50,5967230,27305636.000
2007-01-22,4.45,4.65,4.28,4.53,3365075,14890077.000
2007-01-23,4.53,4.70,4.42,4.54,6873641,31532738.000
2007-01-24,4.48,4.48,4.31,4.37,3227014,14093529.000
2007-01-25,4.33,4.35,4.15,4.15,2218136,9337575.000
2007-01-26,4.08,4.36,4.01,4.32,1907038,8129793.000
2007-01-29,4.31,4.44,4.19,4.39,1342131,5835919.000
2007-01-30,4.35,4.38,4.26,4.29,1309431,5638580.000
2007-01-31,4.50,4.50,4.22,4.27,1378254,6015167.000
2007-02-01,4.21,4.30,4.13,4.23,885722,3722230.000
2007-02-02,4.15,4.25,4.13,4.18,675710,2830677.000
2007-02-05,4.10,4.23,4.10,4.11,908965,3773858.000
2007-02-06,4.17,4.26,4.11,4.23,845846,3535722.000
2007-02-07,4.30,4.30,4.18,4.24,895095,3782211.000
2007-02-08,4.27,4.29,4.15,4.23,1214608,5099366.000
2007-02-09,4.19,4.37,4.18,4.34,1673665,7216805.000
2007-02-12,4.34,4.40,4.31,4.38,1352885,5899850.000
2007-02-13,4.40,4.47,4.37,4.44,1294141,5721070.000
2007-02-14,4.45,4.65,4.40,4.53,1749654,7945059.000
2007-02-15,4.53,4.76,4.53,4.76,2625017,12265768.000
2007-02-16,4.89,5.00,4.66,4.75,3224099,15861288.000
2007-02-26,4.82,4.99,4.70,4.99,1721670,8338159.000
2007-02-27,5.10,5.10,4.74,4.74,2741444,13337236.000
2007-02-28,4.56,4.85,4.50,4.81,3025978,14123388.000
2007-03-01,4.78,5.00,4.62,4.99,3300334,15967376.000
2007-03-02,5.02,5.24,4.98,5.24,3013500,15439188.000
2007-03-05,5.33,5.50,5.01,5.24,2668065,14114562.000
2007-03-06,5.25,5.45,5.10,5.15,1414411,7404942.000
2007-03-07,5.13,5.22,5.02,5.19,1599398,8163463.000
2007-03-08,5.20,5.25,5.09,5.24,1042322,5403155.000
2007-03-09,5.25,5.30,5.12,5.24,1445451,7559238.000
2007-03-12,5.24,5.50,5.13,5.50,2849593,15322106.000
2007-03-13,5.54,5.78,5.52,5.65,2228259,12688581.000
2007-03-14,5.60,5.91,5.38,5.71,2128282,12045997.000
2007-03-15,5.62,5.97,5.61,5.82,2440933,14134181.000
2007-03-16,5.79,5.88,5.53,5.53,2563652,14460908.000
2007-03-19,5.35,5.64,5.25,5.60,2008216,11071738.000
2007-03-20,5.54,5.88,5.54,5.88,1444228,8390019.000
2007-03-21,6.15,6.17,6.05,6.17,889343,5477305.000
2007-03-22,6.48,6.48,6.48,6.48,383123,2482637.000
2007-03-23,6.80,6.80,6.16,6.49,5616882,36794768.000
2007-03-26,6.50,6.50,6.18,6.37,3185428,20060044.000
2007-03-27,6.28,6.45,6.22,6.39,1868318,11850273.000
2007-03-28,6.42,6.71,6.38,6.71,4533395,30064044.000
2007-03-29,6.74,6.74,6.37,6.37,2665225,17202828.000
2007-03-30,6.12,6.31,6.05,6.06,2485061,15234616.000
2007-04-02,6.06,6.28,6.06,6.28,1482273,9144609.000
2007-04-03,6.28,6.31,6.14,6.19,1780438,11088563.000
2007-04-04,6.19,6.44,6.19,6.28,1833324,11622677.000
2007-04-05,6.29,6.45,6.25,6.40,1506540,9583659.000
2007-04-06,6.37,6.49,6.32,6.45,1810999,11632692.000
2007-04-09,6.43,6.55,6.35,6.52,2198301,14240951.000
2007-04-10,6.50,6.52,6.30,6.41,2123867,13586660.000
2007-04-11,6.39,6.44,6.25,6.41,1849144,11725183.000
2007-04-12,6.48,6.73,6.48,6.73,1315051,8768449.000
2007-04-13,6.95,7.07,6.68,6.71,4412630,30403532.000
2007-04-16,6.71,7.05,6.70,7.05,3752648,26073456.000
2007-04-17,7.10,7.34,6.92,7.26,3757891,26863740.000
2007-04-18,7.35,7.62,7.30,7.62,3503205,26379964.000
2007-04-20,8.00,8.00,7.68,8.00,2972738,23479316.000
2007-04-23,8.12,8.14,7.70,7.81,3794386,29840808.000
2007-04-24,7.73,8.20,7.43,8.00,3848029,30033792.000
2007-04-25,8.00,8.15,7.65,8.07,3172114,25307496.000
2007-04-26,8.10,8.47,8.10,8.47,3262855,27415662.000
2007-04-30,8.51,8.87,8.06,8.31,3144665,26515140.000
2007-05-08,8.33,8.50,8.17,8.30,3209382,26692956.000
2007-05-09,8.40,8.72,8.30,8.69,2956095,25301154.000
2007-05-10,8.55,8.82,8.53,8.67,2145540,18649036.000
2007-05-11,8.65,9.10,8.31,9.10,5118557,45601564.000
2007-05-14,9.19,9.56,9.18,9.56,2911661,27664658.000
2007-05-15,10.04,10.04,9.95,10.04,4072852,40881960.000
2007-05-16,10.04,10.54,9.87,9.96,5665029,58086232.000
2007-05-17,10.46,10.46,10.46,10.46,484006,5062703.000
2007-05-18,10.98,10.98,10.98,10.98,251194,2758110.000
2007-05-22,13.50,13.50,11.71,12.13,13069871,164597184.000
2007-05-23,12.08,12.74,11.60,12.46,7518647,91725568.000
2007-05-24,12.40,12.40,11.84,11.84,5261402,63024600.000
2007-05-25,11.79,12.20,11.25,12.12,4913749,55902020.000
2007-05-28,11.80,12.00,11.65,11.96,3549639,42006872.000
2007-05-29,11.95,12.08,11.41,11.96,4521214,53056144.000
2007-05-30,11.36,11.80,11.36,11.36,2059887,23522392.000
2007-05-31,10.79,10.79,10.79,10.79,230900,2491411.000
2007-06-01,10.25,10.25,10.25,10.25,646700,6628675.000
2007-06-04,9.74,9.74,9.74,9.74,104900,1021726.000
2007-06-05,9.25,9.25,9.25,9.25,75300,696525.000
2007-06-06,8.79,9.31,8.79,8.79,4218926,37472900.000
2007-06-07,8.35,8.75,8.35,8.60,4792039,40510236.000
2007-06-08,8.80,9.03,8.72,8.85,3194137,28427140.000
2007-06-11,9.02,9.09,8.52,8.59,3448714,30027662.000
2007-06-12,8.59,9.02,8.16,9.02,5837828,49528704.000
2007-06-13,9.47,9.47,9.47,9.47,967218,9159554.000
2007-06-14,9.94,9.94,9.47,9.87,7860499,77178344.000
2007-06-15,9.48,9.80,9.38,9.39,3650084,34547904.000
2007-06-18,9.12,9.64,9.12,9.45,2467927,23345454.000
2007-06-19,9.38,9.60,9.20,9.48,2282868,21398064.000
2007-06-20,9.47,9.48,9.01,9.01,1896798,17677736.000
2007-06-21,8.90,9.05,8.56,8.59,2175850,18901812.000
2007-06-22,8.60,9.02,8.16,8.34,2637234,22712572.000
2007-06-25,8.35,8.64,7.92,7.92,1480837,11917828.000
2007-06-26,7.55,7.72,7.52,7.66,1783034,13455446.000
2007-06-28,7.87,8.04,7.58,7.99,3075241,24240568.000
2007-06-29,7.70,7.95,7.59,7.59,1636410,12516623.000
2007-07-02,7.73,7.78,7.21,7.21,1089401,7940494.000
2007-07-03,7.21,7.57,7.01,7.52,2758814,20522912.000
2007-07-04,7.18,7.90,7.18,7.78,2449829,18879118.000
2007-07-05,7.70,8.09,7.50,7.54,1941839,15318347.000
2007-07-06,7.39,7.92,7.31,7.92,1729198,13357314.000
2007-07-09,7.95,8.25,7.93,8.08,1336817,10803419.000
2007-07-10,8.08,8.18,7.80,7.84,795227,6313886.000
2007-07-11,7.75,7.96,7.72,7.92,784960,6135673.000
2007-07-12,7.92,8.09,7.81,7.95,675782,5379922.000
2007-07-13,7.85,7.98,7.75,7.97,603543,4744916.000
2007-07-16,8.00,8.15,7.88,7.89,1026739,8223423.000
2007-07-17,7.85,8.07,7.70,7.96,689501,5471746.000
2007-07-18,8.00,8.36,7.95,8.36,2198429,18051800.000
2007-07-19,8.22,8.78,8.22,8.56,2106868,18227632.000
2007-07-20,8.97,8.99,8.78,8.99,2640809,23710220.000
2007-07-23,9.06,9.40,9.00,9.25,2583214,23575492.000
2007-07-24,9.30,9.30,9.05,9.07,2154244,19671488.000
2007-07-25,9.52,9.52,9.20,9.52,2883030,27388720.000
2007-07-26,9.67,9.70,9.40,9.60,1735640,16602001.000
2007-07-27,10.08,10.08,10.05,10.08,2688812,27102036.000
2007-07-30,10.58,10.58,10.19,10.58,4570301,48282040.000
2007-07-31,10.34,11.00,10.05,10.60,3699454,38925232.000
2007-08-01,10.63,10.63,10.07,10.07,2728677,27926154.000
2007-08-02,10.05,10.36,9.90,10.26,2959253,29972444.000
2007-08-03,10.47,10.77,10.45,10.77,2598194,27893580.000
2007-08-07,11.25,11.31,10.50,10.60,4045846,44413400.000
2007-08-08,10.36,10.38,10.07,10.21,2432404,24616752.000
2007-08-09,10.21,10.33,10.06,10.12,1121591,11393092.000
2007-08-10,10.12,10.28,9.61,9.61,2048367,19897440.000
2007-08-13,9.45,9.90,9.17,9.75,1541883,14604142.000
2007-08-14,9.80,10.10,9.70,10.02,1209253,11987343.000
2007-08-15,10.09,10.39,9.84,10.10,1066257,10693345.000
2007-08-16,10.06,10.61,10.00,10.45,2564127,26411242.000
2007-08-17,10.48,10.70,10.16,10.18,2504409,26219404.000
2007-08-20,10.32,10.38,10.04,10.23,1991374,20265268.000
2007-08-21,10.34,10.34,9.72,9.86,2402862,24071658.000
2007-08-22,9.70,10.05,9.69,9.93,1441701,14232391.000
2007-08-23,9.98,10.07,9.84,9.92,1680050,16690380.000
2007-08-24,9.90,10.38,9.90,10.26,2382640,24302420.000
2007-08-27,10.36,10.51,10.03,10.07,1967807,20096324.000
2007-08-28,10.00,10.22,9.83,10.05,1505938,15070096.000
2007-08-29,10.00,10.55,9.98,10.55,3307334,34366756.000
2007-08-30,10.77,11.08,10.60,11.08,3054156,33697728.000
2007-08-31,11.63,11.63,11.32,11.63,4809959,55763336.000
2007-09-03,11.71,12.12,11.30,11.66,4607375,54323056.000
2007-09-04,11.50,12.00,11.30,11.43,2522866,29335532.000
2007-09-05,11.45,11.60,10.92,11.08,2072800,23122616.000
2007-09-06,11.29,11.63,11.20,11.63,574221,6640262.000
2007-09-07,12.15,12.15,11.37,11.44,3836248,45190592.000
2007-09-10,11.44,11.48,10.87,11.38,2021034,22526842.000
2007-09-11,11.35,11.90,11.00,11.09,2507302,28760772.000
2007-09-12,11.04,11.30,10.54,10.90,2121066,22959074.000
2007-09-13,11.00,11.18,10.90,11.08,972528,10737638.000
2007-09-14,11.13,11.24,10.70,10.87,1412406,15497237.000
2007-09-17,10.90,11.18,10.88,10.94,1640434,18055248.000
2007-09-18,11.12,11.22,10.56,10.72,1502420,16239264.000
2007-09-19,11.05,11.26,10.70,11.26,1888062,20779602.000
2007-09-20,11.27,11.56,11.05,11.21,1823184,20541234.000
2007-09-21,11.41,11.77,11.41,11.77,2976168,34957688.000
2007-09-24,12.00,12.29,11.80,12.00,3777928,45627488.000
2007-09-25,11.68,11.92,11.40,11.40,1733353,20090420.000
2007-09-26,11.97,11.97,11.97,11.97,293074,3508096.000
2007-09-27,12.55,12.55,11.70,11.71,1968251,23651288.000
2007-09-28,11.45,12.00,11.40,11.78,2221367,25780156.000
2007-10-10,12.96,12.96,12.96,12.96,260973,3382210.000
2007-10-11,14.26,14.26,13.11,13.19,8201190,112114552.000
2007-10-12,12.60,12.90,11.87,12.11,4209237,50945344.000
2007-10-15,11.80,12.27,11.10,11.61,2269413,26154838.000
2007-10-16,11.45,11.60,11.07,11.57,1517586,17167078.000
2007-10-17,11.40,11.60,11.12,11.30,1271543,14420971.000
2007-10-18,11.16,11.20,10.60,10.84,1796944,19434000.000
2007-10-19,11.00,11.10,10.18,10.28,1426653,15027512.000
2007-10-22,10.28,10.30,9.30,9.53,1260930,12447628.000
2007-10-23,9.52,10.06,9.35,9.99,1682406,16166094.000
2007-10-24,9.98,10.20,9.49,9.50,974146,9547860.000
2007-10-25,9.45,9.53,8.55,8.55,1587833,13993990.000
2007-10-26,8.40,8.50,8.00,8.30,1292429,10691961.000
2007-10-29,8.51,8.54,8.03,8.33,782817,6440898.000
2007-10-30,8.40,8.74,8.34,8.73,759307,6519647.000
2007-10-31,8.88,9.60,8.75,9.60,2094451,19870348.000
2007-11-01,9.59,10.35,9.10,9.82,2945078,28384194.000
2007-11-02,9.68,10.50,9.32,9.96,1801882,18157860.000
2007-11-05,9.70,10.30,9.50,9.56,1289645,12624953.000
2007-11-06,9.35,9.72,8.60,8.63,2730110,24646176.000
2007-11-07,8.85,9.49,8.75,9.49,1376159,12805895.000
2007-11-08,9.65,10.00,9.30,9.57,3104845,30187146.000
2007-11-09,9.25,9.36,8.81,9.08,1310338,11849915.000
2007-11-12,8.70,9.07,8.55,8.74,857561,7502782.000
2007-11-13,8.81,9.61,8.81,9.21,2084911,19613776.000
2007-11-14,9.07,9.54,9.01,9.41,1221330,11337041.000
2007-11-15,9.47,9.70,9.13,9.23,935804,8803136.000
2007-11-16,9.15,9.41,9.00,9.23,732713,6703301.000
2007-11-19,9.28,9.52,9.23,9.51,984268,9270704.000
2007-11-20,9.41,9.60,9.37,9.54,973687,9240777.000
2007-11-21,9.60,9.65,9.20,9.28,815236,7645404.000
2007-11-22,9.00,9.55,8.50,8.55,1614805,14258041.000
2007-11-23,8.69,8.78,8.45,8.70,777488,6704110.000
2007-11-26,8.80,9.30,8.56,8.58,985900,8708769.000
2007-11-27,8.53,8.79,8.52,8.53,708475,6117697.000
2007-11-28,8.45,8.78,8.45,8.53,413040,3531326.000
2007-11-29,8.69,8.75,8.33,8.67,855930,7329959.000
2007-11-30,8.67,8.72,8.54,8.55,477905,4106891.000
2007-12-03,8.55,8.65,8.34,8.58,526022,4487020.000
2007-12-04,8.51,8.69,8.51,8.57,529792,4547863.000
2007-12-19,9.43,9.43,8.80,9.43,1722611,16210943.000
2007-12-20,10.00,10.32,9.55,9.76,12464584,123041216.000
2007-12-21,9.66,9.83,9.46,9.73,4175321,40179496.000
2007-12-24,9.58,9.86,9.52,9.75,4263770,41352612.000
2007-12-25,9.70,9.77,9.56,9.69,2844953,27446846.000
2007-12-26,9.69,10.34,9.69,10.20,4790589,47860188.000
2007-12-27,10.16,10.45,10.10,10.14,3645761,37409784.000
2007-12-28,10.20,10.38,10.05,10.28,2957697,30204028.000
2008-01-02,10.35,10.86,10.15,10.67,3351048,35115400.000
2008-01-03,10.60,10.76,10.40,10.70,3012229,31923200.000
2008-01-04,10.68,10.68,10.38,10.46,2506855,26326424.000
2008-01-07,10.50,10.95,10.30,10.70,3850499,40882200.000
2008-01-08,10.75,10.93,10.01,10.20,3046102,32375266.000
2008-01-09,10.20,10.68,10.16,10.59,2268022,23809104.000
2008-01-10,10.57,11.41,10.53,10.91,4798000,52948984.000
2008-01-11,10.93,11.49,10.71,11.43,4614150,51254700.000
2008-01-14,11.40,12.30,11.26,11.83,6610167,78492424.000
2008-01-15,11.71,11.99,11.31,11.60,3235953,37682216.000
2008-01-16,11.58,11.79,11.35,11.45,2568660,29806776.000
2008-01-17,11.50,11.76,10.50,10.89,2501831,27806118.000
2008-01-18,10.90,11.07,10.50,11.05,1620626,17585088.000
2008-01-21,11.05,11.12,9.95,10.03,2718972,28439924.000
2008-01-22,10.00,10.00,9.03,9.03,2094052,19486372.000
2008-01-23,8.97,9.36,8.58,9.27,2802458,25281896.000
2008-01-24,9.33,9.58,9.09,9.41,3119465,29155890.000
2008-01-25,9.39,9.76,9.10,9.56,2559133,24309072.000
2008-01-28,9.60,9.60,8.60,8.60,2981350,26088704.000
2008-01-29,8.60,8.88,8.45,8.76,1269792,11003365.000
2008-01-30,8.88,9.08,8.60,8.89,1362440,12080075.000
2008-01-31,8.88,8.95,8.49,8.53,931629,8136178.000
2008-02-01,8.56,8.68,7.68,7.84,3376765,26433708.000
2008-02-04,8.01,8.60,7.96,8.56,2226692,18419372.000
2008-02-05,8.59,8.78,8.42,8.63,1342514,11543365.000
2008-02-13,8.57,8.75,8.38,8.60,866057,7420951.000
2008-02-14,8.58,9.08,8.58,8.98,1495359,13369987.000
2008-02-15,8.89,8.93,8.70,8.90,780850,6854351.000
2008-02-18,9.00,9.17,8.92,9.08,1139815,10337263.000
2008-02-19,9.08,9.30,8.92,9.28,1729219,15732713.000
2008-02-20,9.34,9.65,9.23,9.59,4395657,41757856.000
2008-02-21,9.70,10.55,9.69,10.55,9562307,98944296.000
2008-02-22,10.90,11.00,9.80,10.26,8234176,86366128.000
2008-02-25,10.00,10.20,9.55,9.58,3157894,30976264.000
2008-02-26,9.78,9.79,9.10,9.45,2509092,23723874.000
2008-02-27,9.32,9.75,9.32,9.64,1545389,14887386.000
2008-02-28,9.75,10.18,9.66,9.80,1777856,17670812.000
2008-02-29,9.70,9.93,9.65,9.78,1260573,12372424.000
2008-03-03,9.78,10.18,9.59,10.09,2189228,21730712.000
2008-03-04,10.06,10.38,9.92,10.12,2687641,27383080.000
2008-03-05,9.97,10.28,9.91,10.13,1755978,17768626.000
2008-03-06,10.35,10.43,10.12,10.24,2311799,23761952.000
2008-03-07,10.24,10.24,9.71,9.92,1613995,16053368.000
2008-03-10,9.81,9.92,9.36,9.48,1392583,13318198.000
2008-03-11,9.30,9.54,9.01,9.53,1480627,13819668.000
2008-03-12,9.63,9.85,9.28,9.84,2314838,22124140.000
2008-03-13,10.20,10.82,10.10,10.82,14255754,153714176.000
2008-03-14,10.90,11.00,9.74,9.74,11690244,122056800.000
2008-03-17,9.35,9.36,8.77,8.77,5596334,49909160.000
2008-03-18,8.43,8.70,7.89,8.09,3771490,30771936.000
2008-03-19,8.15,8.68,8.12,8.58,3286225,27792464.000
2008-03-20,8.39,9.19,7.85,9.02,3990936,34292096.000
2008-03-21,8.99,9.28,8.72,9.13,4030264,36533624.000
2008-03-24,9.27,9.29,8.75,8.84,4778503,43142480.000
2008-03-25,8.58,9.28,8.40,9.21,3020384,26689972.000
2008-03-26,9.15,9.35,8.82,8.96,1631310,14781155.000
2008-03-27,8.80,8.94,8.35,8.45,1601130,13775516.000
2008-03-28,8.55,8.80,8.26,8.75,1285217,11086367.000
2008-03-31,8.59,8.70,8.25,8.30,1069968,9023835.000
2008-04-01,8.29,8.40,7.47,7.49,1902358,14781897.000
2008-04-02,7.60,7.69,6.87,6.91,1464429,10510202.000
2008-04-03,6.91,7.20,6.61,6.95,845963,5867968.000
2008-04-07,6.83,7.50,6.80,7.47,1223048,8925325.000
2008-04-08,7.43,7.90,7.35,7.72,1389633,10622240.000
2008-04-10,7.07,7.65,7.04,7.59,1249250,9170962.000
2008-04-11,7.60,7.70,7.48,7.54,874805,6626762.000
2008-04-14,7.40,7.40,6.79,6.79,1161750,8118998.000
2008-04-15,6.90,7.00,6.28,6.97,984709,6595907.000
2008-04-16,6.86,6.99,6.59,6.60,517226,3490425.000
2008-04-17,6.60,6.70,6.10,6.27,715823,4599791.000
2008-04-18,6.03,6.16,5.64,5.66,1007171,5845017.000
2008-04-21,6.03,6.19,5.38,5.56,942414,5480345.000
2008-04-22,5.54,5.54,5.03,5.41,867138,4572730.000
2008-04-23,5.39,5.78,5.31,5.68,896655,4997329.000
2008-04-24,6.20,6.25,6.00,6.25,2435790,15029450.000
2008-04-25,6.24,6.58,6.05,6.21,1723332,10917298.000
2008-04-28,6.15,6.25,6.01,6.15,1159642,7115004.000
2008-04-29,6.15,6.33,6.05,6.25,1134315,7075711.000
2008-04-30,6.29,6.47,6.25,6.42,1920452,12276320.000
2008-05-05,6.53,6.70,6.38,6.68,1539622,10065591.000
2008-05-06,6.60,6.90,6.52,6.75,2122033,14344132.000
2008-05-07,6.68,7.08,6.40,6.41,2091703,14182476.000
2008-05-08,6.48,6.70,6.34,6.70,1530683,10074501.000
2008-05-09,6.85,6.85,6.42,6.65,1394798,9256958.000
2008-05-13,6.58,6.68,6.36,6.61,1524105,9928469.000
2008-05-14,6.60,6.86,6.55,6.80,1881142,12696580.000
2008-05-15,6.85,7.15,6.79,6.99,3363718,23500508.000
2008-05-16,7.02,7.69,7.02,7.69,11648183,88906360.000
2008-05-19,7.45,7.58,6.95,7.27,9024689,65298352.000
2008-05-20,7.09,7.30,6.54,6.54,4334308,30194976.000
2008-05-21,6.42,6.90,6.19,6.72,3697883,24019782.000
2008-05-22,6.60,6.89,6.55,6.64,2577579,17377568.000
2008-05-23,6.70,6.76,6.30,6.49,1977777,12864622.000
2008-05-26,6.40,6.40,6.15,6.16,1472772,9224735.000
2008-05-27,6.14,6.35,6.13,6.30,1020835,6391259.000
2008-05-28,6.26,6.93,6.22,6.73,2767330,18447760.000
2008-05-29,6.58,6.72,6.30,6.31,1343286,8756039.000
2008-05-30,6.30,6.46,6.25,6.43,765303,4863102.000
2008-06-02,6.33,6.58,6.20,6.48,1088230,6979084.000
2008-06-03,6.50,6.66,6.40,6.53,921793,6005721.000
2008-06-04,6.64,6.64,6.30,6.49,781355,5040099.000
2008-06-05,6.49,6.50,6.30,6.40,696182,4448824.000
2008-06-06,6.33,6.49,6.30,6.35,467910,2984422.000
2008-06-10,5.99,6.00,5.72,5.72,1010276,5856194.000
2008-06-11,5.59,5.60,5.28,5.32,1036679,5605713.000
2008-06-12,5.33,5.44,5.10,5.29,1065796,5578686.000
2008-06-13,5.30,5.35,5.00,5.01,751599,3886430.000
2008-06-16,5.11,5.11,4.80,4.82,799184,3920917.000
2008-06-17,4.85,4.95,4.51,4.54,813827,3888079.000
2008-06-18,4.38,4.88,4.38,4.81,976227,4562456.000
2008-06-19,4.79,4.79,4.33,4.33,705899,3220514.000
2008-06-20,4.35,4.59,4.14,4.36,1038960,4561520.000
2008-06-23,4.20,4.40,4.20,4.26,517200,2218583.000
2008-06-24,4.26,4.47,4.26,4.42,661740,2907249.000
2008-06-25,4.41,4.76,4.37,4.68,1280433,5914069.000
2008-06-26,4.59,4.83,4.57,4.80,1277235,6009872.000
2008-06-30,4.35,4.57,4.34,4.49,1066134,4736530.000
2008-07-01,4.41,4.59,4.37,4.42,1031409,4607671.000
2008-07-02,4.43,4.58,4.42,4.50,680735,3067922.000
2008-07-03,4.49,4.78,4.38,4.69,1301506,6001282.000
2008-07-04,4.68,4.90,4.63,4.69,1422217,6800168.000
2008-07-07,4.72,4.99,4.63,4.98,1943108,9450102.000
2008-07-08,4.98,5.16,4.97,5.12,2455484,12442063.000
2008-07-09,5.29,5.63,5.13,5.63,5494562,30084786.000
2008-07-28,6.19,6.19,5.86,6.19,3286232,20336284.000
2008-07-29,6.22,6.29,5.75,5.78,6326478,37947568.000
2008-07-30,5.81,5.90,5.38,5.59,3864601,21704656.000
2008-07-31,5.56,5.56,5.32,5.35,2159420,11648680.000
2008-08-01,5.25,5.55,5.00,5.36,2717488,14360601.000
2008-08-04,5.28,5.64,5.20,5.41,2988217,16342498.000
2008-08-05,5.40,5.47,5.07,5.16,1546016,8053538.000
2008-08-06,5.16,5.40,5.06,5.26,1285083,6716770.000
2008-08-07,5.25,5.41,5.15,5.29,1347685,7107822.000
2008-08-08,5.30,5.30,4.76,4.76,1916576,9449383.000
2008-08-11,4.76,4.76,4.28,4.28,1536990,6776914.000
2008-08-12,4.17,4.40,4.08,4.38,1151906,4851916.000
2008-08-13,4.35,4.37,3.98,4.20,1002900,4186295.000
2008-08-14,4.20,4.30,4.12,4.24,630749,2665690.000
2008-08-15,4.30,4.31,4.13,4.16,957460,4055079.000
2008-08-18,4.20,4.20,3.74,3.74,888900,3504885.000
2008-08-19,3.70,3.84,3.60,3.82,444555,1674139.000
2008-08-20,3.71,4.19,3.70,4.16,1156494,4644658.000
2008-08-21,4.15,4.19,3.90,3.93,1059911,4289510.000
2008-08-22,3.95,4.00,3.84,3.90,669849,2619716.000
2008-08-25,3.89,4.01,3.89,3.91,355218,1404755.000
2008-08-26,3.91,3.94,3.67,3.78,672450,2548232.000
2008-08-27,3.77,3.87,3.68,3.82,409950,1552089.000
2008-08-28,3.80,3.97,3.80,3.95,498531,1943555.000
2008-08-29,3.96,4.09,3.89,4.02,620422,2489637.000
2008-09-02,3.82,4.30,3.80,4.28,1413520,5715259.000
2008-09-03,4.20,4.23,4.05,4.14,1007854,4173573.000
2008-09-04,4.13,4.21,4.06,4.15,488955,2023236.000
2008-09-05,4.06,4.06,3.80,3.80,703011,2749518.000
2008-09-08,4.00,4.00,3.62,3.72,654012,2515635.000
2008-09-09,3.75,3.90,3.65,3.84,729418,2747144.000
2008-09-10,3.80,4.19,3.72,4.00,1763161,7074653.000
2008-09-11,3.91,3.99,3.81,3.87,552691,2150571.000
2008-09-12,3.93,3.98,3.84,3.95,486192,1912302.000
2008-09-16,3.99,4.04,3.81,3.83,880490,3491268.000
2008-09-17,3.84,3.89,3.45,3.48,1277239,4585055.000
2008-09-18,3.38,3.53,3.13,3.38,1718485,5577696.000
2008-09-19,3.70,3.72,3.58,3.72,2135624,7914645.000
2008-09-22,3.92,4.05,3.72,3.95,3090046,12027969.000
2008-09-23,3.80,3.80,3.56,3.56,1133800,4125379.000
2008-09-24,3.51,3.74,3.43,3.73,955203,3432973.000
2008-09-25,3.73,4.10,3.73,3.88,4979050,19733948.000
2008-09-26,3.75,3.87,3.60,3.78,2196666,8170135.000
2008-10-06,3.61,3.68,3.54,3.56,1023943,3684681.000
2008-10-07,3.51,3.60,3.40,3.54,1111296,3895119.000
2008-10-08,3.51,3.56,3.40,3.42,614709,2136453.000
2008-10-09,3.47,3.53,3.21,3.26,892900,3012847.000
2008-10-10,3.16,3.19,2.93,3.01,1053649,3213965.000
2008-10-13,2.98,3.10,2.82,3.07,793026,2335461.000
2008-10-14,3.10,3.18,2.98,2.98,999557,3090872.000
2008-10-15,2.95,2.98,2.88,2.96,557869,1636666.000
2008-10-16,2.80,3.09,2.80,2.98,1086955,3188779.000
2008-10-17,3.28,3.28,3.10,3.28,4524934,14806196.000
2008-10-20,3.31,3.48,3.29,3.44,6797283,22899512.000
2008-10-21,3.33,3.36,3.20,3.26,4928476,16157668.000
2008-10-22,3.20,3.20,3.01,3.02,2462383,7684791.000
2008-10-23,2.99,3.11,2.90,3.09,1690316,5154694.000
2008-10-24,3.05,3.09,2.94,2.99,1325335,3972185.000
2008-10-27,2.98,2.98,2.69,2.69,1256028,3503536.000
2008-10-28,2.60,2.75,2.57,2.72,1069020,2852892.000
2008-10-29,2.74,2.78,2.61,2.62,848399,2282016.000
2008-10-30,2.62,2.69,2.61,2.65,658910,1752278.000
2008-10-31,2.65,2.68,2.53,2.54,678700,1762855.000
2008-11-03,2.54,2.61,2.51,2.55,384012,981933.000
2008-11-04,2.53,2.56,2.41,2.52,566901,1412115.000
2008-11-05,2.56,2.66,2.49,2.62,1141976,2964443.000
2008-11-06,2.55,2.59,2.50,2.58,562400,1435170.000
2008-11-07,2.56,2.68,2.52,2.65,1082066,2850596.000
2008-11-10,2.66,2.92,2.66,2.92,3792407,10903364.000
2008-11-11,2.95,3.11,2.89,2.93,4739812,14113453.000
2008-11-12,2.88,3.08,2.85,3.02,3150387,9412880.000
2008-11-13,2.98,3.20,2.93,3.13,4164147,12978717.000
2008-11-14,3.12,3.25,3.05,3.24,4050404,12797786.000
2008-11-17,3.21,3.35,3.09,3.33,4317157,13869000.000
2008-11-18,3.30,3.31,3.00,3.18,4178790,12982676.000
2008-11-19,3.11,3.36,3.05,3.33,3967698,12734316.000
2008-11-20,3.22,3.54,3.22,3.48,5717608,19640762.000
2008-11-21,3.35,3.64,3.15,3.43,4235684,14646505.000
2008-11-24,3.36,3.38,3.10,3.11,2602298,8406068.000
2008-11-25,3.16,3.23,3.01,3.08,1568311,4870551.000
2008-11-26,3.10,3.17,3.05,3.15,1301800,4078075.000
2008-11-27,3.45,3.45,3.18,3.20,3032062,10100142.000
2008-11-28,3.16,3.19,3.08,3.13,1366282,4270263.000
2008-12-01,3.17,3.29,3.09,3.28,1781140,5734244.000
2008-12-02,3.23,3.56,3.18,3.52,5359903,18318328.000
2008-12-03,3.54,3.59,3.46,3.56,4225662,14919772.000
2008-12-04,3.60,3.72,3.39,3.48,5151053,18426386.000
2008-12-05,3.46,3.79,3.45,3.77,5953577,21613016.000
2008-12-08,3.75,3.92,3.70,3.87,5225226,19987034.000
2008-12-09,3.91,3.92,3.60,3.64,3543868,13208104.000
2008-12-10,3.60,3.88,3.58,3.79,2991848,11205079.000
2008-12-11,3.70,3.89,3.65,3.68,3751862,14212579.000
2008-12-12,3.65,3.70,3.33,3.45,2325147,8130058.000
2008-12-15,3.46,3.80,3.45,3.80,4452842,16097070.000
2008-12-16,3.75,3.84,3.50,3.78,6502379,24268590.000
2008-12-17,3.74,3.90,3.67,3.79,5421373,20471676.000
2008-12-18,3.88,3.93,3.76,3.83,5940762,22840398.000
2008-12-19,3.82,3.82,3.71,3.78,3906618,14700603.000
2008-12-22,3.76,3.76,3.60,3.67,3873355,14174149.000
2008-12-23,3.70,3.75,3.42,3.43,3091023,11154507.000
2008-12-24,3.38,3.45,3.30,3.38,2180279,7333131.000
2008-12-25,3.36,3.48,3.30,3.43,2164231,7358742.000
2008-12-26,3.44,3.45,3.34,3.40,1412230,4787091.000
2008-12-29,3.40,3.40,3.21,3.34,1427633,4708575.000
2008-12-30,3.40,3.40,3.25,3.27,1293994,4303417.000
2008-12-31,3.33,3.33,3.10,3.14,1229457,3943669.000
2009-01-05,3.44,3.45,3.35,3.45,4900205,16881344.000
2009-01-06,3.58,3.80,3.55,3.80,13702638,50510424.000
2009-01-07,3.70,3.94,3.66,3.71,9394111,35398724.000
2009-01-08,3.60,3.69,3.45,3.51,4609076,16344739.000
2009-01-09,3.41,3.61,3.41,3.55,3376592,11956973.000
2009-01-12,3.54,3.62,3.48,3.59,3337551,11886815.000
2009-01-13,3.53,3.59,3.45,3.46,1903793,6686986.000
2009-01-14,3.46,3.62,3.42,3.60,2544981,9055661.000
2009-01-15,3.56,3.69,3.54,3.63,3404574,12315653.000
2009-01-16,3.65,3.77,3.61,3.66,4017202,14843767.000
2009-01-19,3.70,3.73,3.60,3.67,2276569,8322532.000
2009-01-20,3.64,3.68,3.57,3.66,1760251,6397325.000
2009-01-21,3.60,3.70,3.56,3.68,2005632,7331137.000
2009-01-22,3.68,3.91,3.68,3.84,6182253,23569946.000
2009-01-23,3.75,3.77,3.61,3.62,4662866,17156860.000
2009-02-02,3.65,3.73,3.60,3.72,2585174,9513779.000
2009-02-03,3.72,4.09,3.70,4.09,10251211,40605616.000
2009-02-04,4.09,4.13,3.95,4.07,7795160,31425872.000
2009-02-05,4.00,4.18,3.97,4.03,6287052,25705510.000
2009-02-06,4.03,4.33,4.03,4.27,6026205,25205096.000
2009-02-09,4.30,4.41,4.13,4.28,8347746,35540992.000
2009-02-10,4.22,4.38,4.09,4.34,6914637,29291280.000
2009-02-11,4.25,4.48,4.20,4.32,8183577,35497120.000
2009-02-12,4.26,4.49,4.17,4.48,6448086,27970568.000
2009-02-13,4.48,4.76,4.42,4.67,7014251,32289646.000
2009-02-16,4.71,4.73,4.49,4.67,6647055,30564232.000
2009-02-17,4.67,4.68,4.41,4.45,4473933,20309468.000
2009-02-18,4.35,4.45,4.16,4.18,3714131,15996488.000
2009-02-19,4.22,4.33,4.17,4.30,3448888,14612943.000
2009-02-20,4.29,4.41,4.25,4.40,3250431,14164344.000
2009-02-23,4.40,4.59,4.40,4.53,3995277,18015984.000
2009-02-24,4.49,4.59,4.25,4.41,5344039,23611924.000
2009-02-25,4.38,4.67,4.35,4.64,6278082,28200860.000
2009-02-26,4.59,4.68,4.18,4.18,5553131,24533852.000
2009-02-27,4.11,4.20,3.76,3.78,5298191,20461384.000
2009-03-02,3.78,4.00,3.70,3.98,3733955,14531003.000
2009-03-03,3.86,4.12,3.85,4.09,3122744,12547773.000
2009-03-04,4.08,4.42,4.01,4.34,5108339,21673724.000
2009-03-05,4.45,4.65,4.24,4.41,7230527,31980966.000
2009-03-06,4.32,4.77,4.28,4.62,10100417,46166340.000
2009-03-09,4.75,4.84,4.16,4.24,12078577,54097004.000
2009-03-10,4.11,4.51,4.11,4.46,5124647,21767428.000
2009-03-11,4.49,4.70,4.38,4.62,8102894,36916472.000
2009-03-12,4.53,4.82,4.40,4.81,11445521,52634608.000
2009-03-13,4.77,5.03,4.66,4.67,13667164,66651876.000
2009-03-16,4.65,4.94,4.49,4.89,7204818,34253888.000
2009-03-17,4.90,5.08,4.83,5.01,9220898,45775352.000
2009-03-18,5.02,5.06,4.89,4.91,8993424,44502776.000
2009-03-19,4.89,4.96,4.77,4.92,7312821,35698108.000
2009-03-20,4.92,4.92,4.70,4.73,5693751,27235232.000
2009-03-23,4.69,4.86,4.65,4.73,4636774,22157084.000
2009-03-24,4.78,4.93,4.72,4.87,5993076,28789956.000
2009-03-25,4.82,5.30,4.78,5.12,14075376,71519448.000
2009-03-26,5.18,5.63,5.18,5.61,20831846,113837928.000
2009-03-27,5.48,5.65,5.38,5.50,11584349,63773512.000
2009-03-30,5.57,6.05,5.46,6.05,17376974,103794680.000
2009-03-31,5.91,6.12,5.70,5.95,9302866,55175932.000
2009-04-01,5.96,6.00,5.75,5.88,9069540,53198004.000
2009-04-02,5.88,5.94,5.60,5.71,8811599,50451396.000
2009-04-03,5.74,5.99,5.64,5.81,7984224,46480544.000
2009-04-07,5.75,5.80,5.60,5.74,4073667,23106170.000
2009-04-08,5.64,5.74,5.42,5.44,4154816,23078564.000
2009-04-09,5.41,5.59,5.35,5.59,3187050,17460378.000
2009-04-10,5.59,5.75,5.51,5.72,4645750,26341052.000
2009-04-13,5.73,5.77,5.51,5.61,7934944,44571776.000
2009-04-14,5.63,5.83,5.56,5.82,8532986,48850452.000
2009-04-15,5.68,5.92,5.68,5.86,7886999,45843712.000
2009-04-16,5.86,5.86,5.63,5.73,5483275,31297420.000
2009-04-17,5.73,5.79,5.52,5.64,4157614,23401504.000
2009-04-20,5.65,6.00,5.64,5.87,6291993,36600144.000
2009-04-21,5.76,5.86,5.61,5.78,4367710,25013690.000
2009-04-22,5.82,5.94,5.41,5.56,5971398,34500256.000
2009-04-23,5.52,5.68,5.42,5.61,2590327,14400230.000
2009-04-24,5.62,5.68,5.41,5.54,5117606,28186308.000
2009-04-27,5.65,5.65,5.02,5.09,3822172,20098580.000
2009-04-28,4.93,5.21,4.93,5.10,2635721,13467504.000
2009-04-29,5.15,5.27,5.06,5.25,2140957,11169246.000
2009-04-30,5.29,5.38,5.18,5.28,2824966,14887372.000
2009-05-04,5.33,5.45,5.25,5.39,5233855,28040650.000
2009-05-05,5.39,5.57,5.36,5.51,4944563,27007740.000
2009-05-06,5.50,5.60,5.43,5.59,3398244,18816204.000
2009-05-07,6.15,6.15,6.15,6.15,6856423,42167000.000
2009-05-08,6.44,6.77,6.31,6.77,12288371,80959672.000
2009-05-11,7.04,7.04,6.09,6.09,19224464,123709432.000
2009-05-12,5.81,6.35,5.80,6.18,10594010,64889356.000
2009-05-13,6.05,6.16,6.02,6.11,6967309,42399704.000
2009-05-14,6.07,6.12,5.89,6.10,6465188,38861368.000
2009-05-15,6.03,6.33,6.03,6.14,6383068,39479676.000
2009-05-18,6.10,6.69,6.10,6.50,11359057,73137496.000
2009-05-19,6.50,6.90,6.50,6.57,10727136,71598208.000
2009-05-20,6.57,6.57,6.33,6.41,4699246,30309136.000
2009-05-21,6.33,6.40,6.08,6.16,4484754,27841406.000
2009-05-22,6.10,6.25,6.03,6.17,2363962,14563096.000
2009-05-25,6.12,6.70,5.98,6.58,6329626,40320992.000
2009-05-26,6.60,6.60,6.33,6.40,4311930,27908052.000
2009-05-27,6.50,6.53,6.23,6.34,2586661,16412263.000
2009-06-01,6.37,6.45,6.29,6.44,3621403,23049396.000
2009-06-02,6.45,6.80,6.36,6.63,6124353,40127848.000
2009-06-03,6.55,6.98,6.50,6.91,10328303,70517560.000
2009-06-04,6.85,6.85,6.55,6.70,6192117,41595416.000
2009-06-05,6.73,7.37,6.73,7.37,7656029,55454624.000
2009-06-08,7.55,7.60,7.10,7.52,13934208,102942584.000
2009-06-09,7.30,7.56,7.16,7.41,6592112,48503792.000
2009-06-10,7.40,7.52,7.22,7.43,6613985,48853928.000
2009-06-11,7.38,8.00,7.31,7.55,7799518,59533484.000
2009-06-12,7.61,8.23,7.61,7.89,12677250,100712120.000
2009-06-15,7.75,8.10,7.60,7.95,7041674,55276192.000
2009-06-16,7.95,7.95,7.70,7.74,3615140,28171528.000
2009-06-17,7.74,7.98,7.40,7.89,5937972,45467680.000
2009-06-18,7.85,7.85,7.65,7.70,3570835,27554736.000
2009-06-19,7.70,7.97,7.61,7.71,4226477,32831156.000
2009-06-22,7.72,7.85,7.33,7.45,4863557,36537716.000
2009-06-23,7.25,7.62,7.23,7.48,2807535,20877016.000
2009-06-24,7.48,7.55,7.34,7.46,2569918,19121192.000
2009-06-25,7.50,7.85,7.41,7.82,4662215,35586100.000
2009-06-29,7.80,8.59,7.79,8.44,10752221,88548152.000
2009-08-13,7.60,7.60,7.60,7.60,2657600,20197760.000
2009-08-14,7.02,7.30,6.84,6.84,16311114,114217280.000
2009-08-17,6.55,6.69,6.16,6.16,9480811,59492124.000
2009-08-18,6.00,6.27,5.81,6.12,7085789,42734308.000
2009-08-19,6.06,6.16,5.63,5.79,6576165,38984776.000
2009-08-20,5.86,6.37,5.80,6.37,11960745,73522848.000
2009-08-21,6.25,7.00,6.16,6.90,15399798,99610360.000
2009-08-24,6.67,6.99,6.56,6.76,10956003,73732440.000
2009-08-25,6.58,6.66,6.10,6.36,7560122,47880964.000
2009-08-26,6.35,6.65,6.22,6.50,5806261,37723968.000
2009-08-27,6.40,6.91,6.36,6.75,8661063,57684568.000
2009-08-28,6.79,6.96,6.55,6.76,7786177,52647852.000
2009-08-31,6.50,7.15,6.15,6.91,9625427,64129548.000
2009-09-01,6.67,7.34,6.55,7.31,15348359,108503840.000
2009-09-02,7.19,7.50,6.85,7.05,10624059,76202856.000
2009-09-03,6.95,7.49,6.91,7.32,10499721,76504000.000
2009-09-04,7.34,7.44,7.01,7.21,8931726,64435424.000
2009-09-07,7.22,7.55,7.11,7.54,10711565,78428384.000
2009-09-08,7.48,7.77,7.34,7.56,10775572,81710256.000
2009-09-09,7.50,7.50,7.20,7.36,6326105,46545952.000
2009-09-10,7.26,7.42,7.10,7.11,4223301,30440850.000
2009-09-11,7.03,7.29,7.01,7.20,4075444,29357366.000
2009-09-14,7.19,7.38,7.15,7.31,4164810,30307494.000
2009-09-15,7.33,7.65,7.25,7.44,7109053,53194024.000
2009-09-16,7.42,7.72,7.30,7.63,9029969,68289632.000
2009-09-17,7.60,7.84,7.58,7.69,7337110,56431640.000
2009-09-18,7.75,7.93,6.93,7.38,7036716,54204636.000
2009-09-21,7.37,7.45,7.09,7.39,4628483,33560672.000
2009-09-22,7.39,7.42,7.10,7.14,3674342,26698896.000
2009-09-23,7.11,7.19,6.68,6.69,4251590,29429392.000
2009-09-24,6.71,6.83,6.57,6.76,2459173,16470153.000
2009-09-25,6.78,6.89,6.69,6.82,1888524,12849840.000
2009-09-28,6.82,6.98,6.58,6.69,2171083,14777694.000
2009-09-29,6.68,6.73,6.25,6.34,2143252,13859978.000
2009-09-30,6.41,6.57,6.39,6.56,2198098,14260312.000
2009-10-09,6.65,6.89,6.53,6.81,2468642,16609051.000
2009-10-12,6.80,6.85,6.71,6.80,1729332,11747422.000
2009-10-13,6.72,6.98,6.72,6.96,1825174,12521735.000
2009-10-14,6.92,7.25,6.92,7.15,4413888,31278736.000
2009-10-15,7.10,7.20,7.05,7.15,2824157,20066802.000
2009-10-16,7.15,7.18,6.97,7.16,2325973,16457523.000
2009-10-19,7.16,7.45,7.11,7.30,3977612,29075224.000
2009-10-20,7.35,7.88,7.27,7.64,9373858,71367928.000
2009-10-21,7.55,7.87,7.46,7.52,6298622,48165528.000
2009-10-22,7.47,7.66,7.38,7.52,3624592,27176708.000
2009-10-23,7.60,7.77,7.48,7.55,4192053,31886284.000
2009-10-26,7.61,7.68,7.49,7.57,2877023,21763720.000
2009-10-27,7.57,8.17,7.41,7.77,9673529,75572856.000
2009-10-28,7.68,7.98,7.48,7.91,5755127,44571536.000
2009-10-29,7.76,7.88,7.62,7.66,4070064,31465684.000
2009-10-30,7.74,7.84,7.60,7.71,3893464,30097568.000
2009-11-02,7.55,8.06,7.45,7.92,5927493,46130212.000
2009-11-03,7.90,8.33,7.85,8.26,8635858,70490216.000
2009-11-04,8.35,8.38,8.10,8.28,5483152,45319380.000
2009-11-05,8.27,8.37,8.10,8.26,4500046,36944268.000
2009-11-06,8.30,8.51,8.21,8.39,4978595,41760640.000
2009-11-09,8.40,8.45,8.18,8.32,4499295,37242176.000
2009-11-10,8.32,8.53,8.20,8.37,5570761,46367300.000
2009-11-11,8.35,9.21,8.27,9.21,16661456,151000320.000
2009-11-12,9.00,10.10,8.91,9.75,18787945,180031328.000
2009-11-13,9.52,9.75,9.25,9.57,10272163,97478552.000
2009-11-16,9.50,10.49,9.37,10.09,11237268,110586016.000
2009-11-17,9.93,10.24,9.81,9.92,7369813,73773496.000
2009-11-18,9.90,10.57,9.86,10.17,7123502,72629448.000
2009-11-19,10.11,10.26,9.93,9.99,6715507,67269256.000
2009-11-20,9.98,10.28,9.69,10.03,6665131,66948912.000
2009-11-23,10.02,10.38,10.00,10.27,6359255,64843012.000
2009-11-24,10.25,10.64,9.52,9.54,8342178,84883792.000
2009-11-25,9.53,9.96,9.21,9.85,5966865,57315300.000
2009-11-26,9.90,10.04,8.95,8.98,7677441,72738192.000
2009-11-27,8.80,9.21,8.77,8.96,3662484,33066484.000
2009-11-30,9.08,9.30,8.93,9.28,4589132,41901220.000
2009-12-01,9.25,9.59,9.15,9.58,4760937,44751296.000
2009-12-02,9.85,9.85,9.34,9.61,6921025,66647172.000
2009-12-03,9.54,9.57,9.25,9.55,5164117,48595584.000
2009-12-04,9.45,9.57,8.90,9.12,4438169,41079012.000
2009-12-07,9.15,9.45,9.00,9.24,3030629,27903242.000
2009-12-08,9.20,9.45,9.18,9.38,4217651,39265608.000
2009-12-09,9.33,9.35,8.96,9.05,3499218,32179024.000
2009-12-10,9.17,9.26,9.04,9.17,2721130,24865556.000
2009-12-11,9.17,9.34,8.91,9.25,4413032,40237104.000
2009-12-14,9.10,9.20,8.75,9.01,3286399,29321768.000
2009-12-15,9.01,9.04,8.87,8.91,2047452,18325386.000
2009-12-16,8.88,9.07,8.82,8.86,2179981,19464080.000
2009-12-17,8.93,9.75,8.70,9.75,12840996,120550432.000
2009-12-18,9.60,9.60,8.78,8.82,6838627,62954100.000
2009-12-21,8.56,8.70,8.43,8.56,4256959,36324448.000
2009-12-22,8.56,8.61,7.88,7.92,4221727,34844752.000
2009-12-23,8.00,8.20,7.92,8.07,2275862,18322152.000
2009-12-24,8.08,8.32,8.02,8.30,2772239,22789686.000
2009-12-25,8.35,8.48,8.13,8.33,2342825,19622136.000
2009-12-28,8.45,8.79,8.36,8.66,3196907,27547392.000
2009-12-29,8.58,8.75,8.47,8.69,2661298,22925834.000
2009-12-30,8.68,8.69,8.38,8.55,2967119,25294504.000
2009-12-31,8.55,8.72,8.46,8.61,2348880,20220412.000
2010-01-04,8.60,8.74,8.53,8.63,2479497,21396788.000
2010-01-05,8.64,8.88,8.45,8.79,4025407,34864788.000
2010-01-06,8.78,9.07,8.71,8.83,4329980,38705352.000
2010-01-07,8.77,9.04,8.73,8.79,3587560,31803152.000
2010-01-08,8.89,9.67,8.86,9.33,10846668,101326408.000
2010-01-11,9.15,9.44,9.07,9.36,5686566,52629672.000
2010-01-12,9.28,9.45,9.11,9.42,4374102,40767360.000
2010-01-13,9.17,9.30,9.00,9.01,4404339,40300148.000
2010-01-14,9.01,9.30,9.00,9.26,3526343,32319580.000
2010-01-15,9.26,9.32,9.13,9.22,2770406,25470720.000
2010-01-18,9.21,9.65,9.10,9.56,7194859,68237832.000
2010-01-19,9.59,9.67,9.28,9.56,6224683,59120648.000
2010-01-20,9.58,9.98,9.45,9.48,9314955,90568520.000
2010-01-21,9.45,9.58,9.25,9.41,3700164,34627912.000
2010-01-22,9.35,9.63,9.20,9.42,4660983,43921128.000
2010-01-25,9.40,9.41,9.14,9.16,2295034,21145252.000
2010-01-26,9.35,9.35,8.38,8.59,3778864,32776660.000
2010-01-27,8.66,8.69,8.15,8.20,2285893,18968188.000
2010-01-28,8.16,8.36,8.08,8.30,1391885,11467588.000
2010-01-29,8.25,8.52,8.16,8.26,2315284,19264180.000
2010-02-01,8.27,8.27,7.88,8.10,2545115,20435204.000
2010-02-02,8.07,8.27,8.04,8.17,1679464,13714608.000
2010-02-03,8.20,8.29,7.75,8.26,2414757,19540716.000
2010-02-04,8.19,8.46,8.09,8.34,2080773,17370276.000
2010-02-05,8.22,8.29,8.00,8.16,2397733,19529964.000
2010-02-08,8.13,8.33,8.08,8.23,1319293,10807003.000
2010-02-09,8.11,8.50,8.11,8.23,1440649,11981382.000
2010-02-10,8.30,8.42,8.21,8.36,1280249,10675469.000
2010-02-11,8.31,8.45,8.31,8.36,1550224,13011533.000
2010-02-12,8.35,8.57,8.35,8.56,1821985,15459016.000
2010-02-22,8.56,8.70,8.43,8.60,2580310,22154848.000
2010-02-23,8.60,8.83,8.38,8.79,3079920,26558194.000
2010-02-24,8.67,9.11,8.67,9.05,3608705,32155580.000
2010-02-25,9.08,9.34,8.98,9.28,4013852,36978348.000
2010-02-26,9.28,9.45,9.15,9.21,3785760,35115908.000
2010-03-01,9.19,9.47,9.15,9.41,3471152,32547756.000
2010-03-02,9.40,9.51,9.21,9.31,2494984,23289728.000
2010-03-03,9.25,9.31,9.12,9.23,3578116,32917928.000
2010-03-04,9.20,9.47,9.03,9.09,4166058,38793976.000
2010-03-05,9.08,9.19,8.70,9.05,2441734,21973620.000
2010-03-08,9.13,9.80,9.00,9.79,5617388,53062968.000
2010-03-09,9.66,9.72,9.48,9.60,4231183,40643380.000
2010-03-10,9.56,10.28,9.47,9.89,8061861,79731624.000
2010-03-11,9.81,9.89,9.65,9.85,3259672,31863958.000
2010-03-12,9.77,9.85,9.25,9.29,3526708,33615036.000
2010-03-15,9.28,9.37,9.00,9.20,1830361,16736595.000
2010-03-16,9.17,9.33,9.10,9.30,1649337,15203629.000
2010-03-17,9.32,9.60,9.24,9.50,2358969,22320912.000
2010-03-18,9.44,9.65,9.43,9.58,2428874,23185398.000
2010-03-19,9.58,9.71,9.54,9.66,2391089,23043552.000
2010-03-22,9.63,9.94,9.55,9.85,3404916,33180028.000
2010-03-23,9.92,9.99,9.71,9.96,4493608,44489132.000
2010-03-24,10.95,10.96,10.27,10.54,18157754,192305632.000
2010-03-25,10.30,10.35,9.91,9.95,9084628,91692160.000
2010-03-26,9.90,10.12,9.75,9.98,4370475,43441160.000
2010-03-29,9.95,10.02,9.73,9.88,3873753,38276592.000
2010-03-30,9.87,10.04,9.70,9.99,2831626,28036270.000
2010-03-31,10.03,10.03,9.80,9.86,3189878,31482368.000
2010-04-01,9.87,9.96,9.78,9.91,4000442,39452360.000
2010-04-02,9.93,10.18,9.79,10.16,5007395,50067760.000
2010-04-06,10.26,10.51,10.23,10.29,6662059,68950040.000
2010-04-07,10.29,10.45,10.18,10.44,3508762,36271796.000
2010-04-08,10.38,10.43,10.03,10.07,5084380,51668604.000
2010-04-09,10.12,10.21,9.98,10.00,3642904,36696540.000
2010-04-12,10.01,10.07,9.90,10.04,3668820,36589792.000
2010-04-13,10.02,10.08,9.45,9.75,4203670,41073968.000
2010-04-14,9.71,9.78,9.56,9.73,2485995,24076652.000
2010-04-15,9.75,9.86,9.58,9.65,2586055,25139832.000
2010-04-16,9.63,9.70,9.45,9.68,1691741,16211534.000
2010-04-19,9.51,9.54,8.93,8.94,3476608,32104916.000
2010-04-20,8.94,9.04,8.65,8.98,2367207,20965408.000
2010-04-21,8.96,9.23,8.90,9.19,2123268,19347824.000
2010-04-22,9.14,9.27,9.08,9.08,1973467,18136328.000
2010-04-26,9.08,9.10,8.40,8.69,2537785,22098074.000
2010-04-27,8.67,8.67,8.32,8.43,1877473,15862002.000
2010-04-28,8.40,8.71,8.30,8.59,2119904,18185748.000
2010-04-29,8.57,8.74,8.44,8.45,1685974,14563572.000
2010-04-30,8.40,8.53,8.00,8.21,1420563,11715540.000
2010-05-04,8.14,8.18,7.95,7.98,1658590,13319248.000
2010-05-05,7.98,8.27,7.90,8.26,1719464,14029530.000
2010-05-06,8.22,8.25,8.00,8.06,1176627,9563144.000
2010-05-07,7.90,8.14,7.82,8.03,1207878,9666212.000
2010-05-10,7.88,8.06,7.69,7.94,1304790,10344820.000
2010-05-11,8.14,8.14,7.60,7.64,1554699,12184723.000
2010-05-12,7.60,7.72,7.21,7.43,1487857,11051709.000
2010-05-13,7.43,7.52,7.16,7.51,1650119,12177397.000
2010-05-14,7.39,7.58,7.39,7.50,1070867,8047192.000
2010-05-17,7.39,7.39,6.75,6.90,2183995,15369551.000
2010-05-18,6.82,7.10,6.60,7.02,1549785,10632526.000
2010-05-19,6.94,7.39,6.86,7.31,2366032,16927608.000
2010-05-20,7.15,7.29,6.88,6.99,2047962,14587420.000
2010-05-21,6.60,7.07,6.57,7.02,1405811,9670938.000
2010-05-24,7.12,7.37,7.09,7.31,2138569,15584148.000
2010-05-25,7.22,7.32,7.15,7.19,1638395,11830268.000
2010-05-26,7.19,7.27,7.10,7.25,1012859,7298453.000
2010-05-27,7.26,7.40,7.13,7.39,1520913,11086325.000
2010-05-28,7.56,7.60,7.35,7.37,2332348,17481438.000
2010-05-31,7.37,7.38,7.09,7.09,1340386,9701601.000
2010-06-01,7.02,7.05,6.78,6.92,866410,5982529.000
2010-06-02,6.90,7.15,6.85,7.14,1233490,8634867.000
2010-06-03,7.45,7.45,7.03,7.04,1343293,9712294.000
2010-06-04,6.91,7.11,6.90,7.04,892085,6223525.000
2010-06-07,6.90,7.26,6.81,7.11,1150124,8145803.000
2010-06-08,7.00,7.23,7.00,7.13,1145749,8147127.000
2010-06-09,7.13,7.38,7.11,7.36,1994616,14445065.000
2010-06-10,7.25,7.39,7.21,7.32,1226289,8961241.000
2010-06-11,7.36,7.37,7.22,7.24,1029774,7504135.000
2010-06-17,7.25,7.60,7.24,7.57,3195779,23798016.000
2010-06-18,7.53,7.73,7.22,7.28,3440642,25758704.000
2010-06-21,7.29,7.62,7.11,7.58,1961516,14627350.000
2010-06-22,7.58,7.61,7.49,7.58,1414544,10698905.000
2010-06-23,7.58,7.71,7.42,7.57,1517544,11505416.000
2010-06-24,7.81,7.81,7.48,7.53,2103824,15942729.000
2010-06-25,7.45,7.47,7.23,7.29,1123700,8262137.000
2010-06-28,7.29,7.35,7.15,7.18,732768,5319873.000
2010-06-29,7.19,7.23,6.64,6.66,1308002,8957024.000
2010-07-01,6.52,6.76,6.42,6.60,2423208,16047310.000
2010-07-02,6.60,6.66,5.94,6.60,1568158,10050052.000
2010-07-05,6.50,6.57,6.33,6.48,729400,4700560.000
2010-07-06,6.54,6.60,6.44,6.60,3078186,20076752.000
2010-07-07,6.59,6.66,6.50,6.62,1337819,8808975.000
2010-07-08,6.67,6.69,6.47,6.56,1330520,8739308.000
2010-07-09,6.59,6.88,6.52,6.74,2144669,14371992.000
2010-07-12,6.89,6.94,6.75,6.91,2075795,14240485.000
2010-07-13,6.81,6.81,6.60,6.67,1391212,9304378.000
2010-07-14,6.67,6.86,6.61,6.79,1213359,8246935.000
2010-07-15,6.75,6.85,6.54,6.57,967032,6498252.000
2010-07-16,6.50,6.64,6.41,6.61,1345428,8779403.000
2010-07-19,6.54,6.80,6.49,6.78,1730608,11583084.000
2010-07-20,6.75,6.99,6.72,6.98,2246023,15461565.000
2010-07-21,6.98,7.20,6.88,7.16,2902675,20441784.000
2010-07-22,7.05,7.24,7.01,7.19,2735298,19579806.000
2010-07-23,7.18,7.24,7.05,7.15,1670106,11893055.000
2010-07-26,7.16,7.35,6.95,7.24,1877117,13499355.000
2010-07-27,7.30,7.30,7.16,7.25,1510491,10953166.000
2010-07-28,7.19,7.45,7.15,7.44,2733178,20100248.000
2010-07-29,7.39,7.50,7.30,7.48,1690738,12537947.000
2010-07-30,7.40,7.65,7.36,7.63,3618987,27310594.000
2010-08-02,7.66,7.84,7.57,7.81,3299483,25505124.000
2010-08-03,7.81,7.85,7.64,7.65,2551124,19725732.000
2010-08-04,7.63,7.74,7.56,7.73,2602630,19924780.000
2010-08-05,7.69,7.86,7.65,7.84,2636438,20453894.000
2010-08-06,7.84,7.95,7.73,7.92,2760564,21643456.000
2010-08-09,7.94,8.13,7.88,8.08,3101005,24888030.000
2010-08-10,8.08,8.10,7.81,7.96,2508612,19903392.000
2010-08-11,8.31,8.59,8.13,8.15,11894127,98669008.000
2010-08-12,7.83,8.06,7.80,7.99,7210728,57167580.000
2010-08-13,7.90,8.00,7.75,7.89,3480308,27332792.000
2010-08-16,7.84,8.09,7.82,8.02,3979384,31644284.000
2010-08-17,8.08,8.11,7.96,8.01,2801628,22412710.000
2010-08-18,7.97,8.06,7.90,7.99,2568414,20516642.000
2010-08-19,8.00,8.05,7.83,7.97,2767692,21981714.000
2010-08-20,7.94,7.95,7.69,7.71,1945217,15183321.000
2010-08-23,7.63,7.85,7.63,7.79,2218760,17187856.000
2010-08-24,7.80,7.92,7.75,7.88,1509282,11838732.000
2010-08-25,7.81,7.95,7.58,7.78,1987147,15390076.000
2010-08-26,7.70,7.82,7.64,7.76,1337820,10348561.000
2010-08-27,7.69,7.83,7.69,7.80,1206532,9381554.000
2010-08-30,7.80,7.94,7.77,7.90,2826769,22231930.000
2010-08-31,7.86,7.93,7.78,7.89,2546157,20008522.000
2010-09-01,7.88,8.11,7.82,7.92,4447561,35572972.000
2010-09-02,7.92,8.25,7.89,8.14,6124927,49623256.000
2010-09-03,8.16,8.19,8.02,8.11,3372298,27322576.000
2010-09-06,8.10,8.38,8.08,8.28,4739617,39147140.000
2010-09-07,8.28,8.68,8.20,8.65,8527972,72539952.000
2010-09-08,8.52,8.60,8.37,8.49,4537284,38403320.000
2010-09-09,8.45,8.45,8.07,8.20,4568937,37819768.000
2010-09-10,8.20,8.24,7.93,8.16,3913958,31663296.000
2010-09-13,8.16,8.37,8.10,8.25,2758170,22794238.000
2010-09-14,8.29,8.44,8.22,8.40,3846961,32216784.000
2010-09-15,8.38,8.60,8.32,8.51,4657720,39446008.000
2010-09-16,8.52,8.54,8.15,8.32,2665483,22128436.000
2010-09-17,8.33,8.43,8.25,8.32,1828028,15202833.000
2010-09-20,8.33,8.50,8.31,8.39,4073113,34276916.000
2010-09-21,8.40,8.40,7.94,8.29,3514584,28524758.000
2010-09-27,8.25,8.48,8.10,8.42,3626430,30198674.000
2010-09-28,8.46,8.47,8.30,8.35,2346235,19703868.000
2010-09-29,8.36,8.38,8.22,8.35,1922448,15948936.000
2010-09-30,8.29,8.47,8.20,8.45,2648406,22227758.000
2010-10-08,8.44,8.72,8.33,8.54,5690905,48618156.000
2010-10-11,8.55,8.66,8.51,8.64,5602923,48229680.000
2010-10-12,8.66,8.69,8.52,8.60,3825328,32842230.000
2010-10-13,8.65,8.96,8.57,8.77,6039432,53054780.000
2010-10-14,8.70,8.86,7.95,8.01,11150634,91848216.000
2010-10-15,7.92,8.04,7.77,7.86,4198249,33067412.000
2010-10-18,7.86,7.86,7.15,7.41,8430269,61995928.000
2010-10-19,7.36,8.00,7.34,7.91,5471418,41737168.000
2010-10-20,7.72,7.97,7.61,7.87,7003903,54822072.000
2010-10-21,7.85,7.91,7.63,7.78,3335125,25877122.000
2010-10-22,7.78,7.86,7.70,7.83,3078982,23924888.000
2010-10-25,7.82,8.06,7.82,7.95,4579716,36380984.000
2010-10-26,7.96,8.33,7.85,8.22,6287946,50855864.000
2010-10-27,8.25,8.31,8.11,8.11,4556292,37455432.000
2010-10-28,8.12,8.48,8.12,8.45,5712348,47243428.000
2010-10-29,8.30,8.50,8.21,8.29,4389093,36436440.000
2010-11-01,8.28,8.28,8.01,8.20,8581148,69775856.000
2010-11-02,8.18,8.29,8.11,8.18,4799062,39282980.000
2010-11-03,8.20,8.33,8.12,8.22,4846368,39860920.000
2010-11-04,8.20,8.45,8.19,8.27,6399515,53112488.000
2010-11-05,8.32,8.33,8.15,8.27,4797135,39486688.000
2010-11-08,8.28,8.60,8.21,8.57,7998063,67604240.000
2010-11-09,8.49,8.79,8.49,8.71,7767819,67214136.000
2010-11-10,8.70,8.78,8.51,8.60,4514955,38931564.000
2010-11-11,8.56,8.73,8.00,8.35,4956532,42574324.000
2010-11-12,8.31,8.45,7.82,7.94,6162116,49972552.000
2010-11-15,7.93,8.14,7.91,8.09,2788979,22426248.000
2010-11-16,8.20,8.22,7.90,7.98,3118048,25219680.000
2010-11-17,7.82,8.15,7.80,7.89,2386766,18995840.000
2010-11-18,8.00,8.08,7.85,7.97,1738898,13817509.000
2010-11-19,7.94,8.04,7.69,7.93,3094758,24328592.000
2010-11-22,7.82,8.35,7.61,8.32,5704032,45787764.000
2010-11-23,8.23,8.66,8.04,8.57,10505623,88226240.000
2010-11-24,8.41,8.64,8.32,8.50,6472962,54796696.000
2010-11-25,8.49,8.62,8.41,8.56,4728394,40250360.000
2010-11-26,8.56,8.56,8.31,8.37,3864161,32567384.000
2010-11-29,8.40,8.85,8.31,8.68,6666470,57483376.000
2010-11-30,8.66,8.95,8.13,8.90,9719035,84210976.000
2010-12-01,8.80,8.95,8.69,8.73,5222084,46093000.000
2010-12-02,8.80,9.49,8.72,9.25,13284258,121712656.000
2010-12-03,9.13,9.45,8.95,9.27,6924552,63571512.000
2010-12-06,9.26,9.26,8.75,8.79,4857210,43477280.000
2010-12-07,8.66,8.95,8.60,8.88,3103036,27409810.000
2010-12-08,8.90,9.19,8.87,9.02,3231193,29207976.000
2010-12-09,8.99,9.38,8.86,9.17,5030787,46218592.000
2010-12-10,9.16,9.35,8.95,9.05,3449971,31481352.000
2010-12-13,9.06,9.40,9.05,9.39,4733656,43970904.000
2010-12-14,9.39,9.60,9.24,9.31,4683919,44003660.000
2010-12-15,9.36,9.39,9.14,9.18,4003757,36984312.000
2010-12-16,9.18,9.23,8.88,8.90,5030828,45357248.000
2010-12-17,8.95,9.20,8.91,9.02,3005668,27303896.000
2010-12-20,9.06,9.15,8.41,8.65,3901082,33955168.000
2010-12-21,8.65,8.85,8.58,8.84,2539367,22146778.000
2010-12-22,8.82,8.94,8.44,8.48,4174083,35911592.000
2010-12-23,8.48,8.60,8.22,8.32,3885594,32594660.000
2010-12-24,8.28,8.50,8.11,8.40,3754627,31296760.000
2010-12-27,8.42,9.24,8.34,9.24,14890494,134030488.000
2010-12-28,9.07,9.58,8.99,9.17,20157902,186893584.000
2010-12-29,9.05,9.29,8.68,9.10,10060076,89807736.000
2010-12-30,8.98,9.57,8.90,9.39,14011688,129916568.000
2010-12-31,9.35,9.57,9.23,9.39,11848191,111117208.000
2011-01-04,9.30,9.80,9.11,9.78,13020511,122882088.000
2011-01-05,9.53,9.66,9.33,9.38,8149137,77346744.000
2011-01-06,9.40,9.62,9.25,9.42,5544765,52200892.000
2011-01-07,9.33,9.56,9.12,9.14,5627075,52578932.000
2011-01-10,9.12,9.19,8.66,8.69,5769913,51395272.000
2011-01-11,8.69,8.84,8.62,8.82,3983864,34808344.000
2011-01-12,8.79,8.92,8.53,8.87,3478518,30515972.000
2011-01-13,8.87,8.87,8.65,8.73,2470571,21577320.000
2011-01-14,8.72,8.72,8.36,8.56,3119793,26624972.000
2011-01-17,8.55,8.90,8.41,8.86,6267901,54716576.000
2011-01-18,8.77,8.84,8.43,8.72,3301013,28602820.000
2011-01-19,8.65,8.94,8.53,8.91,4524492,39681888.000
2011-01-20,8.85,9.26,8.60,8.62,7109769,63877036.000
2011-01-21,8.51,8.58,8.03,8.17,7758622,64069864.000
2011-01-24,8.17,8.17,7.76,7.78,3982498,31644890.000
2011-01-25,7.65,7.95,7.50,7.63,2267051,17379652.000
2011-01-26,7.63,7.80,7.60,7.75,3004333,23124132.000
2011-01-27,7.70,7.75,7.42,7.68,3918856,29864976.000
2011-01-28,7.66,7.80,7.64,7.72,2695668,20805852.000
2011-01-31,7.70,7.92,7.68,7.85,2746694,21397318.000
2011-02-01,7.83,7.91,7.79,7.90,2027044,15947494.000
2011-02-09,7.87,8.01,7.72,7.86,2183639,17109248.000
2011-02-10,7.84,8.06,7.75,8.03,2645011,21022046.000
2011-02-11,8.00,8.16,7.97,8.14,2091130,16878214.000
2011-02-14,8.15,8.26,8.06,8.18,3423076,27912832.000
2011-02-15,8.19,8.28,8.11,8.15,3219342,26347092.000
2011-02-16,8.14,8.34,8.10,8.26,4708019,38898476.000
2011-02-17,8.22,8.36,8.10,8.19,3119337,25618660.000
2011-02-18,8.20,8.31,8.12,8.27,2998077,24697564.000
2011-02-21,8.20,8.38,8.16,8.35,3145211,26170220.000
2011-02-22,8.34,8.37,7.90,7.96,4077630,33098008.000
2011-02-23,7.94,8.09,7.91,8.04,2033888,16299597.000
2011-02-24,8.05,8.21,8.03,8.16,2950088,23985544.000
2011-02-25,8.17,8.35,8.13,8.32,3094927,25502056.000
2011-02-28,8.39,8.47,8.25,8.40,5404949,45313032.000
2011-03-01,8.41,8.48,8.35,8.43,4273656,35949804.000
2011-03-02,8.40,8.68,8.33,8.50,6881232,58790808.000
2011-03-03,8.52,8.64,8.40,8.51,4709470,40123872.000
2011-03-04,8.52,8.61,8.43,8.57,3363555,28725372.000
2011-03-07,8.58,8.75,8.53,8.68,4101290,35536872.000
2011-03-08,8.64,8.90,8.50,8.72,5368323,47020096.000
2011-03-09,8.72,8.91,8.71,8.78,3176313,27929712.000
2011-03-10,8.86,8.86,8.60,8.68,3021927,26257098.000
2011-03-11,8.65,8.82,8.62,8.63,2520751,21938684.000
2011-03-14,8.60,8.79,8.50,8.71,3397924,29426786.000
2011-03-15,8.71,8.71,8.26,8.50,4150588,35362612.000
2011-03-16,8.50,8.87,8.48,8.77,5616525,48947000.000
2011-03-17,8.66,8.90,8.50,8.71,4351663,37899276.000
2011-03-18,8.72,9.15,8.72,8.93,7683094,68808320.000
2011-03-21,8.86,9.12,8.77,8.88,3885899,34774560.000
2011-03-22,8.88,9.24,8.88,9.13,6167692,56015352.000
2011-03-23,9.10,9.19,8.94,9.15,5963520,54314688.000
2011-03-24,9.12,9.32,9.01,9.30,5585378,51229236.000
2011-03-25,9.25,9.58,9.21,9.26,7954321,74767416.000
2011-03-28,9.29,9.46,9.21,9.28,4951477,46129428.000
2011-03-29,9.26,9.35,8.91,9.01,5336298,48864600.000
2011-03-30,8.98,9.49,8.98,9.40,6324656,58641556.000
2011-03-31,9.41,9.73,9.09,9.37,8375267,78518176.000
2011-04-01,9.45,9.48,9.13,9.45,4519774,42295744.000
2011-04-06,9.40,9.60,9.19,9.57,5866780,55159952.000
2011-04-07,9.53,9.95,9.44,9.78,7588304,74240024.000
2011-04-08,9.77,9.97,9.65,9.71,5345364,52276084.000
2011-04-11,9.65,9.95,9.51,9.75,5531968,53665672.000
2011-04-12,9.69,10.22,9.68,9.85,9921101,98739256.000
2011-04-13,9.71,9.99,9.59,9.94,4496521,43953056.000
2011-04-14,9.90,10.67,9.88,10.59,11604976,120101312.000
2011-04-15,10.48,11.65,10.42,11.30,21033689,235015120.000
2011-04-18,11.01,11.59,10.91,11.30,12380677,138529488.000
2011-04-19,11.10,11.30,10.83,11.01,8974075,99004768.000
2011-04-20,11.01,11.09,10.40,10.55,10493394,111357776.000
2011-04-21,10.51,10.66,10.27,10.56,6925334,72363584.000
2011-04-22,10.49,10.75,10.37,10.73,7108715,75012304.000
2011-04-25,10.67,10.67,9.86,9.89,8631266,87492224.000
2011-04-26,9.88,9.97,9.54,9.75,3550551,34621884.000
2011-04-27,9.75,9.87,9.62,9.70,2369390,23085500.000
2011-04-28,9.70,9.79,9.02,9.03,4896769,45583420.000
2011-04-29,8.90,9.21,8.90,9.17,3177597,28912764.000
2011-05-03,9.18,9.52,9.11,9.42,2917488,27357762.000
2011-05-04,9.34,9.50,8.98,9.08,4240182,38836508.000
2011-05-05,9.03,9.42,9.03,9.28,3611128,33273752.000
2011-05-06,9.17,9.50,9.00,9.35,3787361,35463468.000
2011-05-09,9.38,9.59,9.31,9.54,3393910,32086080.000
2011-05-10,9.51,9.88,9.44,9.82,5151979,49982680.000
2011-05-11,9.83,9.83,9.56,9.79,4997471,48422232.000
2011-05-12,9.71,9.82,9.52,9.58,3963054,38314704.000
2011-05-13,9.60,9.87,9.52,9.78,3732361,36224180.000
2011-05-16,9.80,10.02,9.57,9.69,4802346,47042768.000
2011-05-17,9.67,9.77,9.27,9.38,4151613,39217344.000
2011-05-18,9.32,9.66,9.23,9.59,3754799,35657560.000
2011-05-19,9.57,9.66,9.36,9.41,2420604,23041132.000
2011-05-20,9.40,9.45,9.08,9.28,2626313,24308240.000
2011-05-23,9.21,9.27,8.49,8.53,5903497,51687920.000
2011-05-24,8.49,8.76,8.45,8.75,3084806,26528690.000
2011-05-25,8.75,8.75,8.45,8.50,2275863,19540764.000
2011-05-26,8.51,8.64,8.50,8.56,2212521,18970660.000
2011-05-27,8.50,8.54,8.04,8.18,2089593,17244268.000
2011-05-30,8.10,8.20,7.96,8.04,1756743,14194729.000
2011-05-31,8.00,8.24,7.93,8.23,2108594,17024208.000
2011-06-01,8.21,8.34,8.12,8.28,1736228,14306122.000
2011-06-02,8.20,8.26,8.05,8.21,2674234,21790146.000
2011-06-03,8.17,8.43,8.17,8.39,1992537,16646702.000
2011-06-07,8.61,9.23,8.61,9.23,8247218,75762896.000
2011-06-08,9.20,9.37,9.01,9.29,10054272,92699288.000
2011-06-09,9.19,9.68,8.91,8.92,8107509,75696392.000
2011-06-10,8.75,9.11,8.63,9.04,4518824,39962692.000
2011-06-13,8.99,9.08,8.77,8.94,3094834,27655760.000
2011-06-14,8.99,9.28,8.86,9.19,3332934,30499804.000
2011-06-15,9.12,9.25,9.00,9.01,2335454,21265866.000
2011-06-16,8.96,8.96,8.64,8.67,2957190,25901752.000
2011-06-17,8.67,8.77,8.49,8.69,1994972,17208040.000
2011-06-20,8.60,8.68,8.20,8.29,2087147,17460486.000
2011-06-21,8.25,8.43,8.04,8.31,2670159,21956400.000
2011-06-22,8.30,8.51,8.22,8.44,1959893,16402505.000
2011-06-23,8.40,8.67,8.25,8.60,2358905,20010930.000
2011-06-24,8.58,8.83,8.47,8.73,2640330,22984148.000
2011-06-27,8.65,8.95,8.65,8.94,2004364,17651148.000
2011-06-28,8.90,8.93,8.77,8.86,1693344,14980416.000
2011-06-30,8.78,8.91,8.66,8.82,2055160,18143696.000
2011-07-01,8.85,9.08,8.79,9.01,2909305,26088852.000
2011-07-04,9.29,9.39,9.10,9.23,5035762,46510040.000
2011-07-05,9.18,9.33,9.16,9.25,2695705,24888590.000
2011-07-06,9.20,9.30,9.16,9.26,3371457,31163870.000
2011-07-07,9.23,9.67,9.11,9.50,6433520,60464416.000
2011-07-08,9.50,9.58,9.28,9.32,3514759,33103464.000
2011-07-11,9.20,9.42,9.19,9.40,2035617,19015088.000
2011-07-12,9.30,9.87,9.25,9.59,6147602,59081260.000
2011-07-13,9.51,9.84,9.51,9.65,3077078,29736176.000
2011-07-14,9.58,9.79,9.52,9.63,2786069,26842068.000
2011-07-15,9.65,10.37,9.60,10.28,9295508,94602048.000
2011-07-18,10.30,10.60,10.13,10.28,6460155,66621652.000
2011-07-19,10.13,10.49,9.99,10.42,5358973,55194216.000
2011-07-20,10.40,10.67,10.22,10.31,3952332,41378444.000
2011-07-21,10.23,10.37,9.80,9.83,4642052,46630364.000
2011-07-22,9.83,9.97,9.78,9.79,2801477,27633940.000
2011-07-25,9.74,9.78,9.21,9.28,3265675,30972016.000
2011-07-26,9.25,9.38,9.22,9.37,2223458,20687256.000
2011-07-27,9.30,9.56,9.28,9.51,1565895,14802058.000
2011-07-28,9.39,9.64,9.35,9.56,1578823,14987470.000
2011-07-29,9.57,9.66,9.40,9.45,1682766,16032163.000
2011-08-01,9.45,9.61,9.34,9.49,1535832,14609897.000
2011-08-02,9.49,9.49,9.20,9.33,1402648,13059616.000
2011-08-03,9.30,9.56,9.22,9.55,2096370,19828836.000
2011-08-04,9.60,9.60,9.46,9.49,1487304,14157711.000
2011-08-05,9.14,9.21,8.99,9.00,3279316,29800208.000
2011-08-08,8.88,8.88,8.10,8.39,4515536,38109260.000
2011-08-09,8.11,8.51,7.98,8.38,2159919,17829868.000
2011-08-10,8.53,8.75,8.42,8.60,2953100,25451472.000
2011-08-11,8.49,8.90,8.41,8.74,1604019,13943697.000
2011-08-12,8.75,8.90,8.66,8.76,2226541,19523928.000
2011-08-15,8.76,9.07,8.70,9.03,2421057,21559998.000
2011-08-16,9.02,9.08,8.85,8.89,1449795,13009103.000
2011-08-17,8.83,9.37,8.83,9.04,3202104,29211524.000
2011-08-18,9.02,9.28,8.68,9.18,3091114,27933112.000
2011-08-19,8.98,9.09,8.73,8.88,1934642,17194180.000
2011-08-22,8.90,8.96,8.53,8.56,2481879,21527160.000
2011-08-23,8.68,8.79,8.54,8.78,1691223,14620836.000
2011-08-24,8.84,9.15,8.75,8.79,4076323,36395480.000
2011-08-25,8.77,9.06,8.77,8.96,1503423,13386470.000
2011-08-26,8.85,9.07,8.85,9.02,1705250,15327961.000
2011-08-29,8.96,9.25,8.95,9.13,2315915,21140468.000
2011-08-30,9.18,9.44,9.10,9.17,4728870,43820792.000
2011-08-31,9.17,9.45,9.10,9.30,4363748,40557416.000
2011-09-01,9.36,9.63,9.21,9.58,4315998,40570392.000
2011-09-02,9.50,9.64,9.26,9.28,3557576,33560464.000
2011-09-06,9.01,9.05,8.70,8.78,2374536,21081616.000
2011-09-07,8.82,9.04,8.78,9.01,1407087,12540625.000
2011-09-08,8.97,9.84,8.96,9.61,6883559,65220880.000
2011-09-09,9.51,9.68,9.40,9.64,3989032,38100784.000
2011-09-13,9.52,9.95,9.20,9.38,6329624,60856544.000
2011-09-14,9.29,9.60,9.15,9.55,3660837,34169736.000
2011-09-15,9.50,9.86,9.41,9.81,6388248,62109444.000
2011-09-16,9.81,9.85,9.54,9.60,4399048,42525440.000
2011-09-19,9.59,9.84,9.40,9.41,3778468,36383868.000
2011-09-20,9.35,9.42,9.08,9.24,3717302,34321496.000
2011-09-21,9.24,9.58,9.22,9.58,4773613,45056520.000
2011-09-22,9.48,9.56,9.10,9.11,4023093,37557464.000
2011-09-23,8.90,9.16,8.85,9.12,2754833,24863746.000
2011-09-26,9.08,9.17,8.85,8.90,2293590,20565930.000
2011-09-27,8.98,9.25,8.97,9.05,2600254,23672216.000
2011-09-28,9.17,9.20,8.75,8.86,2484139,22277680.000
2011-09-29,8.80,8.88,8.41,8.69,2823426,24517686.000
2011-09-30,8.59,8.92,8.53,8.91,1781675,15657592.000
2011-10-10,8.93,8.99,8.75,8.97,2043959,18159012.000
2011-10-11,9.13,9.38,8.91,9.33,4638766,42466192.000
2011-10-12,9.33,10.16,9.20,9.71,11433501,110028344.000
2011-10-13,9.71,10.56,9.50,10.14,16484012,165015936.000
2011-10-14,10.14,10.38,9.85,10.09,13526141,136979952.000
2011-10-17,10.09,10.48,9.92,10.07,13372065,135283104.000
2011-10-18,10.08,10.24,9.65,10.19,15756910,155744624.000
2011-10-19,10.25,10.55,10.02,10.08,21038233,216627392.000
2011-10-20,10.00,10.65,9.51,10.47,21328357,215469456.000
2011-10-21,10.71,10.78,10.16,10.18,23961661,250542032.000
2011-10-24,10.25,10.44,9.80,10.23,22092642,225647632.000
2011-10-25,10.16,10.57,10.00,10.38,23623816,243193856.000
2011-10-26,10.40,10.40,9.74,9.81,19710280,196428752.000
2011-10-27,9.80,9.94,9.40,9.45,11295522,108465672.000
2011-10-28,9.50,9.68,9.30,9.65,7117898,68048640.000
2011-10-31,9.55,9.83,9.51,9.73,5825997,56609136.000
2011-11-01,9.61,9.63,9.37,9.46,5801421,55235512.000
2011-11-02,9.28,9.45,9.06,9.44,5969607,55035048.000
2011-11-03,9.43,9.75,9.37,9.65,8122577,77709472.000
2011-11-04,9.64,9.70,9.49,9.52,4608532,44139112.000
2011-11-07,9.33,9.50,9.21,9.27,3901126,36499312.000
2011-11-08,9.22,9.30,9.05,9.06,3717302,34051468.000
2011-11-09,9.07,9.48,9.07,9.48,4947156,46045704.000
2011-11-10,9.38,9.55,9.24,9.26,3621551,34044464.000
2011-11-11,9.36,9.43,9.17,9.25,2468815,22912456.000
2011-11-14,9.39,9.53,9.26,9.46,3142896,29557440.000
2011-11-15,9.40,9.53,9.33,9.48,2945798,27761136.000
2011-11-16,9.49,9.58,9.08,9.16,3772338,34750188.000
2011-11-17,9.18,9.19,8.91,8.97,2790727,25184376.000
2011-11-18,8.91,9.04,8.85,8.96,1802096,16163303.000
2011-11-21,9.00,9.07,8.91,9.02,1057333,9509260.000
2011-11-22,9.02,9.02,8.73,8.91,1869480,16638618.000
2011-11-23,8.84,9.02,8.66,8.69,1698313,14934531.000
2011-11-24,8.66,8.76,8.41,8.69,2544855,21836880.000
2011-11-25,8.65,8.73,8.48,8.48,1343220,11553242.000
2011-11-28,8.49,8.56,8.25,8.32,1894944,15800269.000
2011-11-29,8.41,8.72,8.36,8.68,2833443,24235138.000
2011-11-30,8.65,8.71,7.81,7.84,4344996,34887728.000
2011-12-01,8.05,8.22,7.93,7.97,3339461,26936904.000
2011-12-02,7.95,7.95,7.67,7.69,1665132,12906913.000
2011-12-05,7.72,7.72,7.46,7.46,1368047,10306777.000
2011-12-06,7.50,7.50,7.16,7.18,2739333,19983236.000
2011-12-07,7.23,7.38,7.06,7.19,2395893,17192276.000
2011-12-08,7.18,7.24,6.92,7.15,2184991,15531753.000
2011-12-09,7.13,7.37,7.08,7.27,1935036,14033192.000
2011-12-12,7.21,7.34,6.88,6.95,2178124,15454154.000
2011-12-13,6.93,6.93,6.31,6.38,3617362,23444728.000
2011-12-14,6.38,6.43,6.11,6.28,2367047,14944437.000
2011-12-15,6.25,6.33,6.02,6.18,2309287,14296517.000
2011-12-16,6.18,6.37,6.11,6.36,1560005,9753992.000
2011-12-19,6.30,6.33,6.04,6.23,1363327,8381979.000
2011-12-20,6.20,6.45,6.20,6.27,1680068,10640548.000
2011-12-21,6.35,6.38,5.95,5.97,1179739,7354602.000
2011-12-22,5.94,5.94,5.40,5.76,3331937,18769750.000
2011-12-23,5.70,5.90,5.60,5.78,2139730,12373942.000
2011-12-26,5.72,5.82,5.66,5.73,941748,5402134.000
2011-12-27,5.72,5.80,5.43,5.69,927971,5217703.000
2011-12-28,5.56,5.61,5.27,5.44,1670117,9010865.000
2011-12-29,5.42,5.48,5.37,5.39,876765,4759573.000
2011-12-30,5.41,5.57,5.41,5.50,1524930,8361847.000
2012-01-04,5.50,5.63,5.37,5.38,1611152,8908923.000
2012-01-05,5.39,5.42,5.00,5.05,1448650,7538928.000
2012-01-06,5.04,5.10,4.82,5.05,1886821,9346077.000
2012-01-09,5.05,5.40,4.96,5.37,2102749,10991656.000
2012-01-10,5.37,5.65,5.28,5.56,3509533,19385580.000
2012-01-11,5.56,5.67,5.48,5.60,2596859,14484432.000
2012-01-12,5.58,5.76,5.52,5.66,2351740,13301306.000
2012-01-13,5.68,5.70,5.20,5.24,2588738,14012906.000
2012-01-16,5.22,5.31,5.05,5.08,1865117,9663103.000
2012-01-17,5.11,5.46,5.07,5.44,2102816,11122256.000
2012-01-18,5.41,5.51,5.20,5.24,1974374,10610600.000
2012-01-19,5.26,5.37,5.20,5.34,1561680,8247131.000
2012-01-20,5.39,5.53,5.34,5.46,1898252,10352585.000
2012-01-30,5.48,5.69,5.45,5.52,2935426,16344776.000
2012-01-31,5.56,5.64,5.48,5.59,1330103,7415152.000
2012-02-01,5.59,6.15,5.55,6.14,11055838,66091460.000
2012-02-02,6.01,6.15,5.93,6.13,8673621,52538480.000
2012-02-03,6.04,6.17,5.98,6.10,5897584,35938292.000
2012-02-06,6.09,6.22,6.04,6.12,4294500,26371004.000
2012-02-07,6.15,6.15,5.80,5.90,4043460,23860564.000
2012-02-08,5.89,6.05,5.83,6.02,3122377,18575202.000
2012-02-09,5.98,6.37,5.98,6.24,7355354,45723032.000
2012-02-10,6.19,6.50,6.14,6.38,7673831,48392272.000
2012-02-13,6.28,6.46,6.17,6.31,4292199,27108884.000
2012-02-14,6.35,6.35,6.20,6.27,2615054,16393478.000
2012-02-15,6.28,6.48,6.20,6.38,4232186,26886352.000
2012-02-16,6.37,6.60,6.34,6.53,4862356,31519978.000
2012-02-17,6.51,6.60,6.35,6.45,2821277,18154596.000
2012-02-20,6.53,6.56,6.38,6.44,2673453,17252352.000
2012-02-21,6.44,6.49,6.24,6.45,2876497,18267580.000
2012-02-22,6.43,6.58,6.40,6.54,3482542,22639990.000
2012-02-23,6.54,6.56,6.38,6.42,6324151,40710992.000
2012-02-24,6.40,6.70,6.32,6.56,7639511,49902388.000
2012-02-27,6.57,6.71,6.50,6.50,6586394,43509656.000
2012-02-28,6.42,6.48,6.18,6.31,5996897,37889476.000
2012-02-29,6.21,6.34,6.16,6.18,2609117,16283142.000
2012-03-01,6.15,6.31,6.10,6.24,3044224,18966418.000
2012-03-02,6.29,6.42,6.22,6.38,5376235,34071968.000
2012-03-05,6.39,6.47,6.32,6.40,3991496,25520356.000
2012-03-06,6.35,6.38,6.21,6.30,3749306,23563228.000
2012-03-07,6.24,6.46,6.20,6.41,5064315,32266952.000
2012-03-08,6.45,6.58,6.42,6.47,4528509,29408946.000
2012-03-09,6.46,6.67,6.44,6.61,5386775,35344556.000
2012-03-12,6.57,6.77,6.55,6.69,5371297,35694328.000
2012-03-13,6.67,7.13,6.66,6.97,10292443,71094416.000
2012-03-14,6.95,7.03,6.30,6.50,9103094,61067072.000
2012-03-15,6.41,6.55,6.19,6.38,4637910,29545324.000
2012-03-16,6.31,6.45,6.25,6.44,3956180,25201628.000
2012-03-19,6.40,6.47,6.28,6.46,3316562,21172628.000
2012-03-20,6.42,6.66,6.32,6.50,4355276,28296508.000
2012-03-21,6.52,6.59,6.32,6.51,2303234,14903421.000
2012-03-22,6.50,6.82,6.45,6.71,5415139,36134220.000
2012-03-23,6.69,6.70,6.50,6.62,2735674,18091134.000
2012-03-26,6.60,6.87,6.50,6.85,5378686,36232012.000
2012-03-27,6.83,6.87,6.61,6.66,3909336,26347076.000
2012-03-28,6.63,6.63,6.00,6.01,5153105,32092732.000
2012-03-29,5.99,6.06,5.69,5.81,2238298,13172231.000
2012-03-30,5.83,5.91,5.67,5.80,1531267,8861834.000
2012-04-05,5.83,5.97,5.77,5.96,1169404,6905195.000
2012-04-06,5.97,6.16,5.94,6.14,2133678,12918420.000
2012-04-09,6.10,6.26,5.90,6.10,1724528,10581450.000
2012-04-10,6.05,6.16,5.83,6.13,1857619,11145086.000
2012-04-11,6.08,6.33,6.00,6.22,2858760,17757180.000
2012-04-12,6.22,6.59,6.19,6.44,3682854,23438600.000
2012-04-13,6.45,6.60,6.38,6.49,3513170,22836270.000
2012-04-16,6.40,6.80,6.39,6.68,4338583,28810572.000
2012-04-17,6.67,6.79,6.48,6.51,3188219,20958810.000
2012-04-18,6.50,6.69,6.47,6.68,2549272,16836416.000
2012-04-19,6.64,6.83,6.60,6.64,2986827,20063398.000
2012-04-20,6.60,6.81,6.60,6.77,3347278,22534708.000
2012-04-23,6.70,6.78,6.60,6.65,2969561,19829520.000
2012-04-24,6.60,6.69,6.00,6.40,4764244,30096622.000
2012-04-25,6.48,6.75,6.31,6.70,3856649,25536512.000
2012-04-26,6.66,6.98,6.66,6.71,4743948,32301648.000
2012-04-27,6.71,6.71,6.40,6.54,3441330,22464644.000
2012-05-02,6.25,6.50,6.11,6.27,6623186,41453968.000
2012-05-03,6.15,6.28,6.07,6.23,2918204,18004360.000
2012-05-04,6.15,6.26,6.12,6.23,2075345,12902618.000
2012-05-07,6.21,6.35,6.15,6.34,2685077,16816528.000
2012-05-08,6.33,6.45,6.31,6.36,2429272,15504654.000
2012-05-09,6.35,6.40,6.19,6.23,1528557,9579608.000
2012-05-10,6.19,6.31,6.18,6.20,1041881,6490157.000
2012-05-11,6.21,6.44,6.18,6.34,3023546,19203460.000
2012-05-14,6.40,6.66,6.33,6.55,4295992,28105396.000
2012-05-15,6.50,6.64,6.30,6.45,3941681,25429496.000
2012-05-16,6.45,6.77,6.33,6.63,6248616,41175336.000
2012-05-17,6.58,6.95,6.48,6.89,7580858,51256760.000
2012-05-18,6.80,7.45,6.77,6.90,12808801,90757696.000
2012-05-21,6.77,6.88,6.54,6.74,5198013,34946904.000
2012-05-22,6.76,7.26,6.66,7.20,6997834,49182040.000
2012-05-23,7.15,7.44,7.01,7.32,8006472,58030984.000
2012-05-24,7.35,7.47,7.06,7.07,7349139,53299704.000
2012-05-25,7.17,7.39,7.01,7.29,6087701,44054284.000
2012-05-28,7.28,7.36,7.02,7.35,5379354,38761576.000
2012-05-29,7.34,7.69,7.20,7.44,6904844,51820876.000
2012-05-30,7.39,7.47,7.23,7.38,4041932,29646020.000
2012-05-31,7.46,7.46,7.15,7.27,4033010,29241946.000
2012-06-01,7.22,7.29,7.07,7.20,3790811,27100992.000
2012-06-04,7.17,7.29,7.03,7.20,4814807,34609284.000
2012-06-05,7.20,7.27,7.04,7.23,3831984,27395364.000
2012-06-06,7.26,7.57,7.19,7.30,6153041,45529748.000
2012-06-07,7.37,7.38,7.09,7.17,3616785,25982180.000
2012-06-08,7.28,7.30,6.73,6.83,4569269,32153384.000
2012-06-11,6.79,6.94,6.68,6.85,2158150,14645439.000
2012-06-12,6.80,6.88,6.69,6.79,1812413,12310298.000
2012-06-13,6.84,6.88,6.75,6.87,2306153,15749720.000
2012-06-14,6.86,6.99,6.76,6.89,1871513,12929336.000
2012-06-15,6.82,6.97,6.82,6.92,1187945,8208686.000
2012-06-18,6.92,7.09,6.86,7.07,1917807,13407201.000
2012-06-19,7.07,7.33,7.05,7.10,3584760,25802148.000
2012-06-20,7.10,7.15,6.95,7.01,2013469,14111808.000
2012-06-21,7.03,7.09,6.73,7.04,2604362,18122466.000
2012-06-25,7.04,7.37,6.98,7.29,6433827,46586572.000
2012-06-26,7.31,7.49,7.00,7.49,8632014,62665016.000
2012-06-27,7.60,7.62,7.32,7.57,7321023,54767472.000
2012-06-28,7.62,7.65,7.18,7.19,4403046,32890904.000
2012-07-02,7.10,7.43,6.91,7.39,5093117,36407904.000
2012-07-03,7.30,7.50,7.16,7.43,3894972,28491300.000
2012-07-04,7.35,7.44,7.28,7.30,2625002,19325748.000
2012-07-05,7.23,7.26,7.06,7.20,3664123,26265896.000
2012-07-06,7.25,7.42,7.18,7.34,6627642,48362828.000
2012-07-09,7.29,7.52,7.16,7.23,5906704,43556544.000
2012-07-10,7.30,7.33,6.95,7.18,2779000,19897144.000
2012-07-11,7.11,7.24,7.02,7.13,1531105,10902525.000
2012-07-12,7.11,7.19,7.02,7.09,3578776,25406964.000
2012-07-13,7.02,7.14,6.75,6.78,2633238,18463644.000
2012-07-16,6.78,6.80,6.15,6.45,4948844,31796374.000
2012-07-17,6.46,6.66,6.45,6.57,2174769,14279933.000
2012-07-18,6.50,6.62,6.28,6.59,2940179,18992316.000
2012-07-19,6.59,6.86,6.48,6.78,2488072,16648558.000
2012-07-20,6.80,6.87,6.70,6.80,1056289,7164597.000
2012-07-23,6.68,6.78,6.65,6.70,879201,5882268.000
2012-07-24,6.65,6.78,6.58,6.74,1279188,8548048.000
2012-07-25,6.56,6.71,6.38,6.41,2790653,18050880.000
2012-07-26,6.40,6.59,6.25,6.32,1396754,8899002.000
2012-07-27,6.31,6.37,6.20,6.23,1411555,8827908.000
2012-07-30,6.01,6.33,5.61,5.61,3538519,20439948.000
2012-07-31,5.55,5.74,5.43,5.54,1433068,7970849.000
2012-08-01,5.58,5.71,5.55,5.64,1841300,10342237.000
2012-08-02,5.61,5.70,5.37,5.43,1770838,9804389.000
2012-08-03,5.53,5.63,5.43,5.60,1119572,6214189.000
2012-08-06,5.58,5.67,5.49,5.66,1753125,9813063.000
2012-08-07,5.67,5.79,5.63,5.77,1476545,8455883.000
2012-08-08,5.79,5.79,5.66,5.70,1591316,9072152.000
2012-08-09,5.71,5.81,5.60,5.81,3054392,17469764.000
2012-08-10,5.83,5.90,5.70,5.88,1763081,10209786.000
2012-08-13,5.89,5.89,5.73,5.74,1119249,6508411.000
2012-08-14,5.73,5.77,5.64,5.76,1109705,6333602.000
2012-08-15,5.72,5.75,5.56,5.60,1264526,7120270.000
2012-08-16,5.56,5.67,5.54,5.64,1081789,6053545.000
2012-08-17,5.56,5.76,5.56,5.67,1271418,7179199.000
2012-08-20,5.63,6.09,5.56,5.90,3422838,20013238.000
2012-08-21,5.90,6.00,5.81,5.94,1949745,11518479.000
2012-08-22,5.90,6.05,5.85,5.95,1372090,8152130.000
2012-08-23,5.95,6.20,5.92,6.06,2040309,12434293.000
2012-08-24,6.06,6.11,5.85,5.91,1538998,9141668.000
2012-08-27,5.81,6.50,5.81,6.50,6265691,39499588.000
2012-08-28,6.44,6.54,6.27,6.44,3544288,22797948.000
2012-08-29,6.38,6.68,6.35,6.42,2660042,17300480.000
2012-08-30,6.40,6.50,6.20,6.26,1689479,10689064.000
2012-08-31,6.22,6.46,6.16,6.45,1619481,10284756.000
2012-09-03,6.40,6.45,6.25,6.35,1590523,10080349.000
2012-09-04,6.34,6.39,6.26,6.34,1177344,7441231.000
2012-09-05,6.28,6.59,6.15,6.52,2911561,18681576.000
2012-09-06,6.48,6.55,6.39,6.51,1274499,8256864.000
2012-09-07,6.51,6.73,6.45,6.67,2180422,14428594.000
2012-09-10,6.59,6.69,6.49,6.57,1478104,9750395.000
2012-09-11,6.59,6.67,6.50,6.65,1263000,8326313.000
2012-09-12,6.60,6.70,6.33,6.45,2487902,16123569.000
2012-09-13,6.50,6.58,6.35,6.46,1482582,9626868.000
2012-09-14,6.47,6.49,6.37,6.39,706097,4539154.000
2012-09-17,6.40,6.41,6.11,6.12,1429564,8906669.000
2012-09-18,6.13,6.19,6.06,6.13,987966,6067977.000
2012-09-19,6.12,6.18,5.90,6.08,1573452,9531923.000
2012-09-20,6.06,6.06,5.61,5.63,2286179,13267646.000
2012-09-21,5.61,5.71,5.60,5.65,1034088,5850410.000
2012-09-24,5.66,5.72,5.55,5.71,754960,4252667.000
2012-09-25,5.71,5.75,5.62,5.68,1290073,7319293.000
2012-09-26,5.67,5.80,5.62,5.70,1533806,8803536.000
2012-09-27,5.70,5.85,5.67,5.76,1417496,8216763.000
2012-09-28,5.77,5.95,5.74,5.90,1039144,6068661.000
2012-10-08,5.87,6.18,5.80,6.04,1289971,7724492.000
2012-10-09,6.04,6.28,6.02,6.20,3033334,18721728.000
2012-10-10,6.15,6.25,6.10,6.19,1593550,9831064.000
2012-10-11,6.15,6.18,6.06,6.13,1530185,9366457.000
2012-10-12,6.13,6.17,6.07,6.11,872813,5333170.000
2012-10-15,6.09,6.15,6.00,6.05,961503,5836033.000
2012-10-16,6.01,6.15,6.00,6.09,730763,4448268.000
2012-10-17,6.00,6.14,6.00,6.09,831272,5056240.000
2012-10-18,6.11,6.32,6.11,6.27,1711309,10677990.000
2012-10-19,6.28,6.35,6.17,6.21,1064179,6678787.000
2012-10-22,6.22,6.34,6.16,6.27,680428,4260929.000
2012-10-23,6.27,6.45,6.18,6.21,1105482,6961292.000
2012-10-24,6.22,6.26,6.13,6.25,1118982,6924132.000
2012-10-25,6.25,6.30,6.17,6.17,1008800,6286939.000
2012-10-26,6.18,6.20,5.89,5.99,847639,5106330.000
2012-10-29,6.00,6.02,5.90,6.01,353800,2112995.000
2012-10-30,5.95,6.11,5.95,6.06,630301,3801887.000
2012-10-31,6.14,6.45,6.07,6.31,1959349,12375464.000
2012-11-01,6.30,6.49,6.20,6.30,3278794,20873832.000
2012-11-02,6.30,6.51,6.23,6.49,2628502,16818596.000
2012-11-05,6.41,6.47,6.32,6.38,1458601,9302697.000
2012-11-06,6.39,6.39,6.22,6.31,717369,4501738.000
2012-11-07,6.26,6.40,6.22,6.29,1089209,6874189.000
2012-11-08,6.15,6.34,6.14,6.14,936378,5817365.000
2012-11-09,6.15,6.31,6.11,6.30,1525986,9461470.000
2012-11-12,6.29,6.46,6.23,6.40,1398209,8933036.000
2012-11-13,6.37,6.50,6.32,6.48,1535585,9819821.000
2012-11-14,6.47,6.60,6.38,6.51,2114322,13722798.000
2012-11-15,6.31,6.54,6.22,6.28,1995916,12722840.000
2012-11-16,6.29,6.32,6.14,6.23,1340720,8350738.000
2012-11-19,6.23,6.33,6.15,6.33,1289238,8023986.000
2012-11-20,6.33,6.42,6.28,6.37,1112176,7082761.000
2012-11-21,6.31,6.41,6.22,6.40,849837,5392584.000
2012-11-22,6.37,6.45,6.21,6.23,900628,5677495.000
2012-11-23,6.21,6.33,6.17,6.28,768566,4815235.000
2012-11-26,6.24,6.33,6.20,6.27,494789,3096497.000
2012-11-27,6.21,6.26,5.91,6.01,1188920,7170533.000
2012-11-28,6.00,6.08,5.81,5.92,918775,5447207.000
2012-11-29,5.92,5.97,5.81,5.90,834469,4922955.000
2012-11-30,5.93,6.01,5.87,5.98,764642,4564364.000
2012-12-03,5.84,6.00,5.77,5.83,809529,4750672.000
2012-12-04,5.83,6.03,5.67,6.00,1595611,9448535.000
2012-12-05,6.00,6.16,5.89,6.09,1766075,10749857.000
2012-12-06,6.09,6.14,6.02,6.05,1064171,6471067.000
2012-12-07,6.04,6.15,6.03,6.14,1124597,6857730.000
2012-12-10,6.08,6.25,6.06,6.20,1210908,7483974.000
2012-12-11,6.23,6.34,6.17,6.27,1400445,8785107.000
2012-12-12,6.25,6.34,6.05,6.24,856829,5302569.000
2012-12-13,6.20,6.34,6.16,6.29,1454801,9147225.000
2012-12-14,6.22,6.49,6.20,6.47,3069631,19652390.000
2012-12-17,6.44,6.79,6.35,6.56,2893062,19132778.000
2012-12-18,6.50,6.73,6.42,6.44,1232976,8065604.000
2012-12-19,6.44,6.50,6.30,6.35,1675400,10695091.000
2012-12-20,6.48,6.68,6.33,6.45,2733686,17757020.000
2012-12-21,6.40,6.44,6.22,6.27,2036557,12922609.000
2012-12-24,6.25,6.46,6.22,6.39,2341024,14878875.000
2012-12-25,6.39,6.58,6.37,6.55,3839644,24931276.000
2012-12-26,6.47,6.55,6.40,6.51,2780824,18080138.000
2012-12-27,6.49,6.56,6.38,6.39,2618204,16926186.000
2012-12-28,6.38,6.52,6.35,6.50,1888264,12192103.000
2012-12-31,6.50,6.60,6.42,6.53,2921827,18966966.000
2013-01-04,6.55,6.55,6.34,6.39,2804854,18011892.000
2013-01-07,6.38,6.46,6.33,6.45,2493809,15945007.000
2013-01-08,6.41,6.64,6.41,6.57,3328879,21816108.000
2013-01-09,6.55,6.60,6.49,6.57,2191649,14341408.000
2013-01-10,6.55,6.77,6.55,6.63,2805118,18722524.000
2013-01-11,6.63,6.69,6.42,6.44,2266305,14810200.000
2013-01-14,6.42,6.60,6.36,6.59,2035115,13200323.000
2013-01-15,6.60,6.75,6.51,6.72,3019358,20100074.000
2013-01-16,6.71,6.93,6.65,6.76,3245796,22049416.000
2013-01-17,6.84,7.10,6.73,7.00,4371503,30293562.000
2013-01-18,6.91,7.04,6.88,6.98,2273626,15807042.000
2013-01-21,7.00,7.00,6.82,6.91,1989423,13722517.000
2013-01-22,6.88,7.00,6.81,6.93,2128553,14733327.000
2013-01-23,6.89,6.95,6.67,6.80,2084367,14177684.000
2013-01-24,6.78,6.88,6.50,6.54,2314087,15461562.000
2013-01-25,6.56,6.69,6.47,6.62,1427005,9416603.000
2013-01-28,6.68,6.72,6.55,6.70,1813237,12089726.000
2013-01-29,6.70,6.89,6.66,6.81,2119371,14410077.000
2013-01-30,6.93,6.93,6.73,6.88,1457738,9932446.000
2013-01-31,6.85,7.27,6.76,7.19,5358776,37915184.000
2013-02-01,7.20,7.22,7.05,7.16,2206617,15786765.000
2013-02-04,7.16,7.23,6.88,7.05,2496463,17505862.000
2013-02-05,7.04,7.08,6.92,7.06,1667190,11706319.000
2013-02-06,7.06,7.30,7.02,7.29,2995604,21525252.000
2013-02-07,7.29,7.69,7.12,7.51,4102917,30633532.000
2013-02-08,7.48,7.58,7.31,7.48,1937953,14448637.000
2013-02-18,7.47,7.60,7.35,7.49,1815064,13488730.000
2013-02-19,7.50,7.50,7.25,7.30,1567800,11465459.000
2013-02-20,7.30,7.40,7.25,7.33,1782247,13040127.000
2013-02-21,7.32,7.33,7.11,7.17,1834250,13155143.000
2013-02-22,7.17,7.24,7.13,7.19,1269920,9123760.000
2013-02-25,7.22,7.28,7.15,7.23,1490936,10753744.000
2013-02-26,7.20,7.31,6.97,7.00,1811101,12930970.000
2013-02-27,7.01,7.07,6.84,6.97,2289053,15908969.000
2013-02-28,6.97,7.11,6.92,7.07,1314009,9255769.000
2013-03-01,7.03,7.17,6.97,7.12,2042002,14431887.000
2013-03-04,7.08,7.08,6.76,6.77,2294334,15781683.000
2013-03-05,6.85,6.94,6.72,6.87,1531102,10455049.000
2013-03-06,6.87,7.08,6.83,7.07,1973442,13789960.000
2013-03-07,7.07,7.25,6.98,7.18,3498311,24854186.000
2013-03-08,7.18,7.23,7.06,7.13,1744147,12428956.000
2013-03-11,7.14,7.16,7.00,7.15,1242911,8791428.000
2013-03-12,7.09,7.14,6.90,6.93,1544065,10822965.000
2013-03-13,6.95,7.62,6.91,7.32,6846399,50760368.000
2013-03-14,7.22,7.39,7.16,7.26,2572183,18665054.000
2013-03-15,7.26,7.33,7.07,7.18,1972075,14131587.000
2013-03-18,7.14,7.22,7.02,7.08,1478713,10552398.000
2013-03-19,7.05,7.45,6.95,7.39,3896001,28032472.000
2013-03-20,7.32,7.50,7.28,7.48,2634055,19489912.000
2013-03-21,7.40,7.65,7.40,7.64,3837571,28896756.000
2013-03-22,7.67,7.93,7.53,7.89,5162157,39536560.000
2013-03-25,7.83,8.12,7.71,7.83,4110683,32512602.000
2013-03-26,7.76,7.84,7.47,7.62,4028659,30563522.000
2013-03-27,7.62,7.72,7.51,7.69,1578667,12050173.000
2013-03-28,7.69,7.69,7.48,7.54,1404037,10599397.000
2013-03-29,7.50,7.57,7.32,7.36,1303672,9689735.000
2013-04-01,7.36,7.68,7.34,7.58,1371621,10329164.000
2013-04-02,7.59,7.78,7.47,7.77,1981668,15131663.000
2013-04-03,7.73,7.74,7.56,7.68,1658373,12692858.000
2013-04-08,7.50,7.65,7.38,7.65,1429021,10748485.000
2013-04-09,7.65,8.02,7.51,7.98,2721454,21374288.000
2013-04-10,7.97,8.06,7.85,8.00,1968923,15698438.000
2013-04-11,7.97,8.05,7.49,7.51,3998850,30810456.000
2013-04-12,7.53,7.60,7.31,7.44,1858108,13902194.000
2013-04-15,7.40,7.45,7.18,7.39,2075406,15124924.000
2013-04-16,7.33,7.42,7.23,7.40,2497951,18350332.000
2013-04-17,7.44,7.50,7.26,7.37,2904239,21411446.000
2013-04-18,7.36,7.36,7.20,7.20,2661800,19393416.000
2013-04-19,7.16,7.42,7.15,7.40,2252771,16445875.000
2013-04-22,7.36,7.45,7.30,7.43,1490498,11010416.000
2013-04-23,7.43,7.47,7.28,7.33,1646187,12092797.000
2013-04-24,7.32,7.58,7.31,7.56,2107264,15693832.000
2013-04-25,7.49,7.69,7.32,7.38,2185361,16491957.000
2013-04-26,7.35,7.50,7.25,7.28,1111304,8199116.000
2013-05-02,7.28,7.29,7.02,7.09,2005792,14246545.000
2013-05-03,7.07,7.20,7.07,7.15,1184199,8474201.000
2013-05-06,7.10,7.32,7.10,7.24,1481013,10694838.000
2013-05-07,7.28,7.55,7.15,7.45,2841358,20984224.000
2013-05-08,7.39,7.60,7.39,7.59,2662505,19919088.000
2013-05-09,7.52,7.65,7.40,7.56,2333411,17503460.000
2013-05-10,7.52,7.77,7.45,7.75,2142932,16316782.000
2013-05-13,7.62,7.80,7.62,7.77,2121607,16354087.000
2013-05-14,7.75,7.99,7.58,7.85,3299636,25705504.000
2013-05-15,7.81,8.08,7.80,8.00,1978162,15683603.000
2013-05-16,8.02,8.47,7.93,8.13,5455105,44528008.000
2013-05-17,8.08,8.19,7.93,8.13,3027618,24347364.000
2013-05-20,8.08,8.29,7.97,8.13,4169223,33860504.000
2013-05-21,8.13,8.18,7.98,8.17,2394764,19286154.000
2013-05-22,8.12,8.30,8.06,8.20,4559151,37296272.000
2013-05-23,8.14,8.45,8.14,8.34,4468590,37201136.000
2013-05-24,8.35,8.40,8.14,8.39,3566589,29509984.000
2013-05-27,8.35,8.85,8.26,8.75,4653720,40004876.000
2013-05-28,8.69,8.94,8.52,8.89,4985211,43744668.000
2013-05-29,8.79,9.78,8.75,9.53,10051862,94129296.000
2013-05-30,9.43,10.40,9.35,10.32,10818589,108547392.000
2013-05-31,10.00,10.21,9.42,9.64,13085810,128331208.000
2013-06-03,9.46,9.57,9.03,9.29,7354043,68099200.000
2013-06-04,9.22,9.27,8.77,8.91,8888474,79656672.000
2013-06-05,8.88,9.01,8.78,8.93,4220419,37568248.000
2013-06-06,8.88,9.38,8.82,9.23,8459472,77656904.000
2013-06-07,9.46,10.08,9.41,9.59,9147786,88842576.000
2013-06-13,9.50,9.99,8.63,8.82,6217273,57638188.000
2013-06-14,8.80,9.10,8.52,9.10,4163659,37069092.000
2013-06-17,9.00,9.93,8.88,9.67,7953356,75260584.000
2013-06-18,9.60,9.78,9.38,9.59,4489956,42747972.000
2013-06-19,9.43,10.55,9.42,10.53,8943059,89710136.000
2013-06-20,10.39,10.74,9.99,10.20,9792845,101570688.000
2013-06-21,10.11,10.65,9.89,10.42,7680631,79230584.000
2013-06-24,10.27,10.32,9.38,9.80,5929763,58450992.000
2013-06-25,9.80,10.21,8.84,10.15,7482839,74127856.000
2013-06-26,10.10,10.61,9.65,10.42,7276819,74377752.000
2013-06-27,10.50,10.70,9.80,9.83,6062386,62565528.000
2013-06-28,9.69,10.25,9.34,9.88,6338891,62719272.000
2013-07-01,9.65,10.20,9.50,9.96,4011545,39981380.000
2013-07-02,9.98,10.02,9.72,9.91,3140967,30973070.000
2013-07-03,9.88,9.88,9.55,9.70,4566947,44180952.000
2013-07-04,9.54,10.21,9.53,10.20,5411072,53753404.000
2013-07-05,10.20,10.48,10.10,10.32,5489804,56474856.000
2013-07-08,10.21,11.30,10.07,11.18,9867607,106002904.000
2013-07-09,10.97,11.29,10.86,11.14,6077325,67448064.000
2013-07-10,11.12,11.34,11.00,11.15,4632598,51356784.000
2013-07-11,11.10,11.25,10.92,11.06,4236110,47072752.000
2013-07-12,11.16,12.17,11.16,11.78,8221726,97370992.000
数据来源:通达信
