601857 中国石油 日线
      日期	    开盘	    最高	    最低	    收盘	    成交量	    成交额
2007-11-05,46.95,46.97,40.05,42.31,1547499487,69991383040.000
2007-11-06,39.75,40.75,38.15,38.34,342977820,14000246784.000
2007-11-07,38.05,39.08,36.63,38.78,216618870,8575266816.000
2007-11-08,37.55,38.10,36.35,36.54,140050961,5447045120.000
2007-11-09,36.20,36.74,35.01,36.53,143226603,5379485184.000
2007-11-12,35.34,36.10,34.35,34.80,106270767,3907920384.000
2007-11-13,35.40,36.29,34.85,35.38,110540452,4127364864.000
2007-11-14,36.08,37.90,35.35,37.23,117135044,4484086272.000
2007-11-15,36.65,36.85,36.15,36.26,78225681,2978170880.000
2007-11-16,35.80,37.40,35.38,37.17,100419881,3874135296.000
2007-11-19,37.09,37.09,36.02,36.42,72918432,2775461632.000
2007-11-20,35.95,36.32,35.21,35.79,74227607,2769457664.000
2007-11-21,35.85,36.21,35.05,35.17,73896670,2745084160.000
2007-11-22,34.35,34.72,33.35,33.46,93696895,3343453952.000
2007-11-23,33.24,33.46,32.10,32.94,72126327,2469174272.000
2007-11-26,33.35,33.53,32.05,32.11,79180154,2718385152.000
2007-11-27,31.84,31.84,30.87,30.90,89219330,2934412288.000
2007-11-28,31.01,31.34,30.25,30.50,84353584,2726746624.000
2007-11-29,31.12,31.55,30.44,31.40,92477754,3021465600.000
2007-11-30,31.10,31.10,29.85,29.87,102415694,3268354560.000
2007-12-03,29.33,29.33,28.65,28.79,82453500,2514561792.000
2007-12-04,28.95,29.42,28.85,28.94,52118221,1601821952.000
2007-12-05,28.95,30.15,28.69,29.79,77030428,2403098112.000
2007-12-06,29.85,29.90,29.25,29.47,41854873,1303454080.000
2007-12-07,29.45,29.85,29.01,29.66,52003939,1615924352.000
2007-12-10,29.26,30.05,28.93,29.77,73573163,2302580992.000
2007-12-11,29.81,30.51,29.81,30.28,66667187,2120014208.000
2007-12-12,30.05,30.05,29.35,29.49,56570544,1767339904.000
2007-12-13,29.44,29.44,28.85,28.88,58102331,1787330944.000
2007-12-14,28.63,28.97,28.33,28.90,57449743,1734039808.000
2007-12-17,28.90,28.90,28.33,28.34,59891683,1799340160.000
2007-12-18,28.34,28.34,27.50,27.59,50223398,1484021376.000
2007-12-19,27.55,28.24,27.52,27.94,41305758,1220795776.000
2007-12-20,28.13,28.90,27.68,28.85,52217165,1573257728.000
2007-12-21,28.65,29.07,28.53,28.89,43126837,1312162176.000
2007-12-24,28.91,31.13,28.51,30.31,142801387,4504947712.000
2007-12-25,30.14,30.23,29.45,29.60,62721524,1973908992.000
2007-12-26,29.60,30.15,29.39,29.89,48529362,1521849984.000
2007-12-27,29.95,30.20,29.51,29.74,70075744,2205397760.000
2007-12-28,29.78,29.94,29.24,29.31,68640118,2138829952.000
2008-01-02,29.25,29.25,28.74,28.93,55001588,1681279232.000
2008-01-03,29.03,29.45,28.76,29.43,64202340,1971659776.000
2008-01-04,29.65,30.16,29.65,29.66,69320175,2183641088.000
2008-01-07,29.68,29.77,29.35,29.44,63000145,1959017728.000
2008-01-08,29.50,29.98,29.16,29.33,70492765,2209157376.000
2008-01-09,29.15,29.29,28.92,29.17,53207238,1633336576.000
2008-01-10,29.17,29.34,28.75,28.91,72386672,2212773120.000
2008-01-11,28.95,29.33,28.75,29.11,49970793,1531412608.000
2008-01-14,29.25,29.34,28.77,28.96,54435982,1664982912.000
2008-01-15,28.96,28.96,28.51,28.61,74192302,2247516160.000
2008-01-16,28.35,28.50,27.98,28.01,75188637,2242601216.000
2008-01-17,27.86,28.23,27.05,27.39,71397307,2083810048.000
2008-01-18,27.25,27.55,27.15,27.44,41030703,1187937920.000
2008-01-21,27.45,27.55,25.70,25.83,61190739,1724137216.000
2008-01-22,25.54,25.54,23.95,24.53,96345055,2526967808.000
2008-01-23,24.50,25.18,24.25,24.75,54986347,1447850112.000
2008-01-24,24.90,25.14,24.15,24.36,49719178,1297738112.000
2008-01-25,24.37,24.78,23.81,24.49,43557555,1129353600.000
2008-01-28,24.33,24.33,22.35,22.37,53055470,1313755392.000
2008-01-29,22.37,22.88,22.15,22.55,31381803,757326656.000
2008-01-30,22.85,23.43,22.47,22.80,35004399,859719744.000
2008-01-31,22.82,24.22,22.65,23.62,57915585,1471974528.000
2008-02-01,23.64,23.64,22.36,22.77,38882441,952941824.000
2008-02-04,23.06,24.80,23.06,24.74,71450545,1834884736.000
2008-02-05,23.35,23.78,22.83,23.06,315762895,7851314688.000
2008-02-13,22.35,22.60,21.84,22.27,115436107,2760811776.000
2008-02-14,22.53,22.63,22.19,22.51,58507941,1406765440.000
2008-02-15,22.45,22.45,21.81,22.22,63967371,1511134080.000
2008-02-18,22.43,22.61,22.11,22.40,64813106,1553729664.000
2008-02-19,22.53,23.14,22.25,23.09,85659284,2081004672.000
2008-02-20,23.35,23.43,22.43,22.46,84320551,2069120000.000
2008-02-21,22.35,22.64,21.96,22.37,44977312,1076035072.000
2008-02-22,22.15,22.20,21.35,21.48,69928190,1636450176.000
2008-02-25,21.48,21.60,20.24,20.26,70867995,1577786112.000
2008-02-26,20.84,21.03,20.15,20.75,54404257,1204844288.000
2008-02-27,20.74,21.19,20.55,20.93,37200628,840506304.000
2008-02-28,20.96,20.98,20.43,20.59,30797655,685160832.000
2008-02-29,20.53,21.11,20.45,20.92,32589134,733900544.000
2008-03-03,20.78,21.65,20.35,21.38,52868425,1206510336.000
2008-03-04,21.45,21.79,20.67,20.78,47825195,1096135936.000
2008-03-05,20.63,20.83,20.30,20.54,35446760,785039168.000
2008-03-06,20.63,21.63,20.35,21.15,55299657,1261598464.000
2008-03-07,20.89,21.29,20.58,20.99,27962000,628897792.000
2008-03-10,20.75,20.76,20.23,20.35,44590438,984099904.000
2008-03-11,20.33,20.74,20.20,20.61,27941884,617974976.000
2008-03-12,21.15,21.35,20.35,20.41,40596595,910240128.000
2008-03-13,20.33,20.51,19.69,20.00,51173682,1107534080.000
2008-03-14,20.03,21.05,19.96,20.68,68888865,1529186560.000
2008-03-17,20.67,21.48,20.00,20.96,93093391,2104578304.000
2008-03-18,20.83,21.49,20.35,20.83,126806396,2882533888.000
2008-03-19,21.45,21.50,20.36,20.93,91274519,2048768896.000
2008-03-20,18.90,20.54,18.70,20.25,102927976,2205533440.000
2008-03-21,19.93,19.95,19.20,19.38,99172483,2094024832.000
2008-03-24,19.35,19.35,18.15,18.18,124089400,2499276032.000
2008-03-25,17.70,17.70,17.09,17.36,87628586,1663528320.000
2008-03-26,17.37,17.54,16.85,16.88,61324992,1154532096.000
2008-03-27,16.35,16.36,15.29,15.34,118422283,2051539200.000
2008-03-28,15.14,16.29,15.05,16.22,86356351,1508290944.000
2008-03-31,15.60,16.08,15.33,15.57,65326509,1130783232.000
2008-04-01,15.55,15.70,15.08,15.18,52397667,885820352.000
2008-04-02,15.35,15.85,15.05,15.51,50428940,862518080.000
2008-04-03,15.51,16.03,15.17,15.90,48833176,848089536.000
2008-04-07,15.88,16.85,15.60,16.70,73961115,1340669824.000
2008-04-08,16.71,16.87,16.38,16.55,52546067,959670080.000
2008-04-09,16.55,16.55,15.65,15.67,51092634,904762112.000
2008-04-10,15.46,15.76,15.33,15.70,30213982,518869088.000
2008-04-11,15.70,15.91,15.50,15.84,30645279,532292032.000
2008-04-14,15.55,15.64,15.22,15.26,36951401,628162752.000
2008-04-15,15.26,15.41,15.15,15.41,27476267,464488480.000
2008-04-16,15.51,15.63,15.33,15.34,17856566,305309632.000
2008-04-17,15.29,15.75,15.07,15.22,25323396,429858048.000
2008-04-18,15.23,15.25,14.35,14.37,53498098,872400832.000
2008-04-21,15.07,15.35,14.35,14.41,44680186,732020800.000
2008-04-22,14.42,14.43,13.70,14.36,36725220,572396160.000
2008-04-23,14.31,14.99,13.96,14.87,49553289,805764416.000
2008-04-24,16.14,16.52,15.36,16.50,150576452,2683505664.000
2008-04-25,16.43,16.49,15.92,15.94,98517754,1758889728.000
2008-04-28,15.83,15.83,15.15,15.19,58880318,1002872832.000
2008-04-29,15.10,15.61,14.94,15.41,39752031,679463936.000
2008-04-30,15.45,16.62,15.45,16.42,132775743,2385060096.000
2008-05-05,16.62,16.68,16.23,16.52,72112788,1304517248.000
2008-05-06,16.48,17.32,16.25,16.70,104590014,1933509376.000
2008-05-07,16.75,17.20,16.25,16.29,76069619,1398445696.000
2008-05-08,16.10,16.35,15.76,16.34,44666713,790254976.000
2008-05-09,16.35,16.73,16.02,16.26,42167385,758047616.000
2008-05-12,16.04,16.45,15.90,16.21,31257092,556355904.000
2008-05-13,15.68,16.03,15.40,15.74,49764271,862781120.000
2008-05-14,15.64,16.13,15.56,16.00,36379775,638968064.000
2008-05-16,16.03,16.28,15.65,15.96,28805516,509213856.000
2008-05-19,15.93,15.93,15.65,15.69,19655603,341927456.000
2008-05-20,15.63,15.69,14.99,15.10,43757811,743890880.000
2008-05-21,15.06,16.61,14.88,16.21,84310981,1463612032.000
2008-05-22,15.74,16.40,15.60,15.82,62111853,1096799488.000
2008-05-23,15.82,16.52,15.75,16.01,71651971,1281218176.000
2008-05-26,15.84,15.97,15.45,15.51,33486349,579865024.000
2008-05-27,15.56,15.70,15.33,15.61,26255979,449812000.000
2008-05-28,15.66,16.35,15.42,15.98,44927360,787730496.000
2008-05-29,16.01,16.70,15.84,16.23,95338587,1709044096.000
2008-05-30,16.49,16.81,16.32,16.43,69140412,1249494400.000
2008-06-02,16.37,16.71,16.11,16.41,43969249,790331072.000
2008-06-03,16.42,16.48,16.09,16.22,31058190,549936256.000
2008-06-04,16.16,16.21,15.75,15.89,27962402,486674368.000
2008-06-05,15.85,16.16,15.72,16.00,24461096,428053344.000
2008-06-06,16.06,16.11,15.61,15.68,31884292,549298624.000
2008-06-10,15.16,15.39,14.31,14.64,59311693,974000000.000
2008-06-11,14.66,14.84,14.29,14.41,43910177,701635392.000
2008-06-12,14.44,14.56,13.51,13.88,51424806,793144000.000
2008-06-13,13.89,13.97,13.46,13.50,38220377,580741376.000
2008-06-16,13.61,14.01,13.50,13.89,36890965,563718272.000
2008-06-17,13.91,13.99,13.51,13.75,27629706,421037056.000
2008-06-18,13.66,14.65,13.61,14.60,52781246,824257920.000
2008-06-19,14.49,14.49,13.61,13.68,36702706,569670976.000
2008-06-20,15.00,15.00,14.00,14.37,103434298,1648070784.000
2008-06-23,14.11,14.21,13.77,13.87,34474839,532129056.000
2008-06-24,13.85,13.97,13.55,13.83,24990224,381552736.000
2008-06-25,13.81,14.32,13.74,14.27,31161163,486365408.000
2008-06-26,14.27,14.28,13.85,14.05,29623658,460176160.000
2008-06-27,13.61,13.76,13.41,13.51,44501997,669402048.000
2008-06-30,13.51,13.59,13.31,13.45,19823666,295871488.000
2008-07-01,13.49,13.57,12.91,12.98,26076343,384055552.000
2008-07-02,13.01,13.26,12.96,13.12,16657424,243118384.000
2008-07-03,12.91,13.51,12.55,13.22,35028084,507681856.000
2008-07-04,13.06,13.19,12.79,12.89,18677306,270163648.000
2008-07-07,12.90,13.45,12.90,13.33,28354431,417392320.000
2008-07-08,13.39,13.69,13.21,13.65,36270311,543824960.000
2008-07-09,13.73,14.21,13.72,14.14,50728421,787005056.000
2008-07-10,13.91,14.26,13.83,13.85,31009993,481781920.000
2008-07-11,13.74,13.91,13.51,13.66,19763866,299902720.000
2008-07-14,13.61,13.77,13.49,13.65,13262341,200109696.000
2008-07-15,13.68,13.71,13.21,13.33,20365870,303907360.000
2008-07-16,13.31,13.44,12.97,13.35,25164354,370802272.000
2008-07-17,13.51,13.71,13.21,13.23,16765272,251243216.000
2008-07-18,13.42,13.76,13.24,13.53,26319955,394573696.000
2008-07-21,13.58,13.91,13.46,13.89,39053104,594732864.000
2008-07-22,13.81,13.81,13.55,13.70,20396840,309534272.000
2008-07-23,13.96,13.96,13.67,13.72,17915179,273901184.000
2008-07-24,13.86,13.96,13.69,13.91,31133107,477231104.000
2008-07-25,13.79,13.81,13.49,13.58,22810785,344682944.000
2008-07-28,13.66,13.98,13.64,13.94,30736077,471903040.000
2008-07-29,13.76,13.81,13.63,13.73,14651107,222711552.000
2008-07-30,13.86,13.93,13.70,13.71,16253356,248514592.000
2008-08-01,13.31,13.73,13.21,13.54,19893902,296964160.000
2008-08-04,13.46,13.58,13.37,13.38,11042556,165226128.000
2008-08-05,13.42,13.51,13.16,13.19,13692510,202868080.000
2008-08-06,13.27,13.56,13.21,13.38,17783900,265199760.000
2008-08-07,13.38,13.56,13.28,13.46,13901703,207112560.000
2008-08-08,13.47,13.56,13.01,13.12,24657768,366199776.000
2008-08-11,13.11,13.17,12.19,12.31,21669056,305411360.000
2008-08-12,12.31,12.46,12.16,12.37,13065167,180942000.000
2008-08-13,12.37,12.37,11.69,12.26,14731367,199302816.000
2008-08-14,12.19,12.19,11.90,12.11,11654324,157841136.000
2008-08-15,12.11,12.55,12.01,12.38,12008823,165732032.000
2008-08-18,12.31,12.37,11.81,11.82,12795003,172355744.000
2008-08-19,11.82,12.01,11.72,11.91,10213138,136282880.000
2008-08-20,11.92,12.76,11.75,12.74,28850313,402637312.000
2008-08-21,12.51,12.59,12.20,12.21,14562259,201878592.000
2008-08-22,12.12,12.13,11.87,12.00,9517597,128334936.000
2008-08-25,12.01,12.35,11.93,12.12,9581316,130732824.000
2008-08-26,12.01,12.11,11.76,11.88,12109854,161860448.000
2008-08-27,11.87,11.98,11.49,11.57,15025687,197632416.000
2008-08-28,11.57,11.79,11.34,11.48,12867847,167568960.000
2008-08-29,11.53,11.71,11.43,11.62,13042438,170475904.000
2008-09-01,11.61,11.61,11.21,11.23,13451422,172228416.000
2008-09-02,11.26,11.31,10.96,11.02,11668116,146901424.000
2008-09-03,11.01,11.20,10.78,11.01,16455937,205429344.000
2008-09-04,11.04,11.07,10.91,10.97,6527400,81433296.000
2008-09-05,10.76,10.76,10.43,10.45,20593424,247759408.000
2008-09-08,10.51,10.57,9.84,9.87,22045333,256366384.000
2008-09-09,9.86,9.95,9.49,9.68,15951844,178157888.000
2008-09-10,9.61,9.79,9.38,9.59,20482979,226806384.000
2008-09-11,9.59,9.59,9.11,9.22,17112292,185072576.000
2008-09-12,9.20,9.31,9.12,9.22,14750602,157853664.000
2008-09-16,9.21,9.21,8.70,8.79,25554173,264051568.000
2008-09-17,8.82,9.14,8.81,8.90,27383129,286462848.000
2008-09-18,8.67,9.05,8.26,8.68,43860231,445707328.000
2008-09-19,9.60,9.68,9.20,9.68,28341841,310832128.000
2008-09-22,10.72,10.78,10.37,10.78,170195064,2057460096.000
2008-09-23,11.36,11.58,11.01,11.25,156654272,1986716032.000
2008-09-24,10.74,11.37,10.62,11.23,58346969,714888704.000
2008-09-25,11.21,11.88,11.14,11.65,137330523,1767190656.000
2008-09-26,11.54,11.66,11.35,11.48,48791368,627044288.000
2008-10-06,11.42,11.42,10.77,10.83,39587729,490483456.000
2008-10-07,10.54,10.86,10.17,10.81,35780005,423910592.000
2008-10-08,10.49,10.79,10.30,10.77,48763267,579595840.000
2008-10-09,10.82,10.94,10.52,10.78,34389828,416861024.000
2008-10-10,10.44,10.85,10.33,10.80,53107157,637122112.000
2008-10-13,10.63,10.77,10.20,10.74,42113743,499638496.000
2008-10-14,10.94,11.04,10.50,10.54,36226250,439393312.000
2008-10-15,10.43,10.64,10.12,10.61,52352581,614825472.000
2008-10-16,10.14,10.59,10.05,10.54,83010975,978280064.000
2008-10-17,10.52,10.79,10.44,10.77,50708487,610640000.000
2008-10-20,10.64,10.64,10.24,10.54,38352460,451233952.000
2008-10-22,10.32,10.33,9.85,9.86,33770470,387144288.000
2008-10-23,9.54,9.54,9.21,9.30,27410484,293260064.000
2008-10-24,9.39,9.53,9.24,9.27,20037297,215185824.000
2008-10-27,9.13,9.16,8.55,8.59,26743173,270982048.000
2008-10-28,8.44,8.96,8.35,8.80,25897503,260609168.000
2008-10-29,8.89,9.11,8.75,8.91,24544907,252690432.000
2008-10-30,9.00,9.45,8.91,9.26,33746411,357348896.000
2008-10-31,9.26,9.40,9.02,9.04,17209053,181439472.000
2008-11-03,9.01,9.13,8.79,8.93,15253231,157674640.000
2008-11-04,8.89,9.06,8.86,8.99,11053623,114230144.000
2008-11-05,9.02,9.34,9.02,9.27,21840955,231573376.000
2008-11-06,9.12,9.12,8.84,8.97,12347540,127454696.000
2008-11-07,8.84,9.27,8.75,9.15,16077175,168381264.000
2008-11-10,9.30,9.93,9.30,9.86,32271738,356176704.000
2008-11-11,9.94,9.94,9.62,9.63,23278793,258839136.000
2008-11-12,9.54,9.69,9.45,9.60,11869850,129625416.000
2008-11-13,9.54,9.93,9.37,9.91,33954223,376100576.000
2008-11-14,9.94,10.22,9.82,10.16,41613092,473205440.000
2008-11-17,10.16,10.26,9.99,10.25,33008408,379800416.000
2008-11-18,10.25,10.68,9.67,9.72,53767006,622082496.000
2008-11-19,9.64,10.63,9.64,10.55,64308767,748339968.000
2008-11-20,10.36,10.64,10.14,10.24,52459202,614482944.000
2008-11-21,10.12,10.38,9.85,10.18,31893690,366365888.000
2008-11-24,10.19,10.29,9.85,9.89,18128264,206126304.000
2008-11-25,10.05,10.14,9.70,9.79,13233361,148751504.000
2008-11-26,9.94,10.02,9.76,9.85,12360323,139044352.000
2008-11-27,10.42,10.60,10.00,10.02,29122088,338519712.000
2008-11-28,9.94,10.01,9.76,9.78,15468116,173772976.000
2008-12-01,9.77,9.90,9.69,9.82,14364066,159945152.000
2008-12-02,9.72,9.83,9.64,9.76,16077544,178068544.000
2008-12-03,9.78,10.04,9.76,10.04,35380377,398822464.000
2008-12-04,10.18,10.50,10.06,10.25,61451241,716161792.000
2008-12-05,10.15,10.26,10.00,10.21,35046354,403053888.000
2008-12-08,10.52,10.65,10.32,10.49,47561471,561209344.000
2008-12-09,10.58,10.59,10.24,10.25,43389584,510873280.000
2008-12-10,10.14,10.27,9.92,10.23,44231261,507112288.000
2008-12-11,10.23,10.36,10.02,10.06,32957229,381080544.000
2008-12-12,10.00,10.09,9.71,9.79,33156418,373524224.000
2008-12-15,9.81,9.91,9.64,9.75,23917904,265772992.000
2008-12-16,9.69,9.77,9.39,9.74,23212885,252699040.000
2008-12-17,9.79,9.81,9.64,9.64,23813395,263619456.000
2008-12-18,9.72,9.77,9.54,9.75,21212239,233697616.000
2008-12-19,9.70,9.83,9.51,9.72,39259696,433445248.000
2008-12-22,9.72,9.73,9.41,9.56,27839921,303049376.000
2008-12-23,9.56,9.59,9.04,9.09,31005357,329248384.000
2008-12-24,8.97,9.02,8.80,8.86,25731557,263612736.000
2008-12-25,8.86,8.94,8.70,8.78,18740350,190338864.000
2008-12-26,8.78,8.87,8.74,8.83,14918918,151513216.000
2008-12-29,8.82,8.86,8.65,8.81,16169654,163208656.000
2008-12-30,8.86,8.91,8.74,8.81,18338947,186825680.000
2008-12-31,8.82,8.85,8.64,8.81,15870795,160374464.000
2009-01-05,8.91,9.04,8.87,9.02,25245833,260499968.000
2009-01-06,9.02,9.26,8.95,9.23,28899698,303208864.000
2009-01-07,9.26,9.29,9.02,9.13,26362367,277114176.000
2009-01-08,8.93,9.00,8.72,8.81,19925081,203177056.000
2009-01-09,8.79,8.88,8.76,8.85,15017913,152989472.000
2009-01-12,8.77,8.85,8.63,8.72,25949666,261697696.000
2009-01-13,8.71,8.72,8.63,8.66,19808197,198508832.000
2009-01-14,8.67,8.89,8.65,8.88,20320235,205564064.000
2009-01-15,8.83,8.91,8.68,8.77,29166576,295556992.000
2009-01-16,8.80,9.08,8.79,8.96,43613011,450154912.000
2009-01-19,8.99,9.34,8.99,9.21,55792399,589376960.000
2009-01-20,9.15,9.23,8.99,9.17,22453987,234961376.000
2009-01-21,9.07,9.19,9.02,9.14,20318429,212389728.000
2009-01-22,9.18,9.22,9.06,9.14,21450042,224895520.000
2009-01-23,9.12,9.13,8.98,9.01,27069024,281067904.000
2009-02-02,9.07,9.09,8.87,8.99,20267054,209385600.000
2009-02-03,8.99,9.22,8.92,9.21,39878066,416629696.000
2009-02-04,9.24,9.47,9.22,9.39,52673589,563243968.000
2009-02-05,9.41,9.58,9.26,9.33,58047735,626664320.000
2009-02-06,9.33,9.84,9.32,9.83,83361319,918147712.000
2009-02-09,9.99,10.14,9.87,9.96,98818644,1122957952.000
2009-02-10,9.99,10.53,9.84,10.51,116030152,1338101248.000
2009-02-11,10.34,10.64,10.14,10.25,110614936,1303281408.000
2009-02-12,10.26,10.39,9.95,10.11,67099155,773801472.000
2009-02-13,10.04,10.39,10.02,10.38,74840957,868786240.000
2009-02-16,10.43,10.82,10.43,10.80,110528917,1329209984.000
2009-02-17,10.82,11.09,10.45,10.46,90668161,1096934400.000
2009-02-18,10.29,10.32,9.86,9.88,74623572,853972800.000
2009-02-19,9.90,10.06,9.74,9.98,49886537,562304576.000
2009-02-20,10.12,10.18,9.84,10.02,53670262,608037632.000
2009-02-23,9.97,10.14,9.70,10.07,69901155,787940096.000
2009-02-24,9.93,9.98,9.55,9.60,73067424,812813056.000
2009-02-25,9.67,9.74,9.38,9.60,44392265,484726816.000
2009-02-26,9.60,9.90,9.33,9.43,63903050,705141312.000
2009-02-27,9.41,9.54,9.19,9.43,52525992,564556032.000
2009-03-02,9.33,9.45,9.23,9.36,29279432,312840800.000
2009-03-03,9.21,9.30,9.13,9.20,25779655,272143840.000
2009-03-04,9.24,9.70,9.22,9.66,52545987,570305920.000
2009-03-05,9.75,9.82,9.51,9.68,66494488,734166144.000
2009-03-06,9.53,9.61,9.41,9.47,34916413,379536160.000
2009-03-09,9.54,9.64,9.22,9.23,35961920,386785824.000
2009-03-10,9.20,9.44,9.13,9.43,28790330,307439200.000
2009-03-11,9.60,9.61,9.31,9.33,25117684,271458304.000
2009-03-12,9.28,9.29,9.14,9.26,29839316,314773024.000
2009-03-13,9.33,9.37,9.22,9.25,23006248,245113216.000
2009-03-16,9.25,9.35,9.24,9.30,19038200,202873904.000
2009-03-17,9.32,9.58,9.32,9.54,38999521,421806880.000
2009-03-18,9.59,9.77,9.54,9.55,53681775,591502528.000
2009-03-19,9.56,9.73,9.54,9.68,43747113,481662496.000
2009-03-20,9.76,10.33,9.75,10.21,161776054,1860187392.000
2009-03-23,10.27,10.32,10.14,10.30,82812063,960774912.000
2009-03-24,10.49,10.71,10.36,10.41,101879549,1212684288.000
2009-03-25,10.52,10.67,10.20,10.21,80906725,957231680.000
2009-03-26,10.14,10.32,9.95,10.31,58511453,673804992.000
2009-03-27,10.41,10.54,10.31,10.37,74775702,881258816.000
2009-03-30,10.36,10.36,10.07,10.13,44776483,517128640.000
2009-03-31,9.95,10.11,9.82,10.05,40661707,459935648.000
2009-04-01,10.07,10.26,10.04,10.19,43346341,499472960.000
2009-04-02,10.22,10.36,10.18,10.21,53187215,618262784.000
2009-04-03,10.37,10.49,10.17,10.22,70467718,823845312.000
2009-04-07,10.23,10.37,10.19,10.30,35276708,410563808.000
2009-04-08,10.29,10.29,9.84,9.86,50164945,571900992.000
2009-04-09,9.86,9.95,9.78,9.93,31716975,356203008.000
2009-04-10,10.02,10.20,9.95,10.12,43866123,500702752.000
2009-04-13,10.22,10.63,10.15,10.58,117229448,1391713024.000
2009-04-14,10.58,10.59,10.38,10.53,65582656,777538304.000
2009-04-15,10.45,10.64,10.38,10.53,57717496,683949632.000
2009-04-16,10.62,10.66,10.34,10.45,55088408,652066112.000
2009-04-17,10.39,10.50,10.24,10.31,47601530,557549312.000
2009-04-20,10.31,10.59,10.28,10.57,57599215,683126208.000
2009-04-21,10.42,10.59,10.34,10.47,54038772,639040960.000
2009-04-22,10.55,10.82,10.33,10.35,113682131,1358899712.000
2009-04-23,10.24,10.31,10.10,10.23,49590204,572983360.000
2009-04-24,10.34,10.38,10.17,10.22,33145897,385338848.000
2009-04-27,10.22,10.49,10.18,10.36,56299413,657459392.000
2009-04-28,10.18,10.22,9.99,10.10,42207157,483800160.000
2009-04-29,10.07,10.30,10.03,10.24,39506750,455057792.000
2009-04-30,10.29,10.31,10.13,10.21,34146425,395176704.000
2009-05-04,10.26,10.59,10.25,10.58,69798494,827306880.000
2009-05-05,10.69,10.80,10.56,10.59,78354642,942188800.000
2009-05-06,10.59,10.62,10.49,10.59,54137314,644959616.000
2009-05-07,10.75,10.82,10.63,10.72,89621125,1083218432.000
2009-05-08,10.72,11.09,10.65,11.05,113767328,1399259904.000
2009-05-11,11.29,11.63,11.14,11.17,157505068,2005691776.000
2009-05-13,11.44,12.04,11.33,11.93,146621155,1909032320.000
2009-05-14,11.74,11.85,11.55,11.75,106557745,1394090368.000
2009-05-15,11.80,11.88,11.65,11.81,52831889,693347264.000
2009-05-18,11.70,11.70,11.38,11.61,60438675,778573568.000
2009-05-19,11.85,11.98,11.69,11.79,56304288,741899392.000
2009-05-20,11.82,11.99,11.67,11.71,43243573,569462144.000
2009-05-21,11.69,12.10,11.65,11.81,83276253,1103582464.000
2009-05-22,11.68,11.85,11.34,11.50,68508442,884430272.000
2009-05-25,11.44,11.89,11.19,11.74,76931128,997824704.000
2009-05-26,11.82,11.84,11.63,11.73,39373226,515778656.000
2009-05-27,11.84,12.32,11.77,12.30,118500526,1601187584.000
2009-06-01,12.65,13.14,12.65,12.96,136828476,1931281408.000
2009-06-02,13.09,13.34,12.85,13.02,98264738,1404200832.000
2009-06-03,12.97,13.24,12.89,13.18,69144598,984865600.000
2009-06-04,12.92,13.14,12.81,12.94,81958411,1160721024.000
2009-06-05,13.18,13.23,12.89,12.93,53362304,759941952.000
2009-06-08,12.94,13.04,12.75,12.86,56458164,794755072.000
2009-06-09,12.87,13.05,12.69,12.96,44169934,620924928.000
2009-06-10,13.09,13.17,12.94,13.07,52760542,751927168.000
2009-06-11,13.08,13.09,12.93,12.94,39044645,554504448.000
2009-06-12,12.97,13.12,12.59,12.68,64616700,910113152.000
2009-06-15,12.68,12.73,12.48,12.71,45589200,629303040.000
2009-06-16,12.59,12.83,12.48,12.57,48063551,663349888.000
2009-06-17,12.54,12.70,12.28,12.67,78267040,1068625984.000
2009-06-18,12.64,12.89,12.59,12.83,68033220,951372608.000
2009-06-19,12.86,12.94,12.71,12.91,48123243,675701760.000
2009-06-22,12.95,13.14,12.89,13.03,66796947,949887552.000
2009-06-23,12.79,12.85,12.54,12.67,76015377,1057977152.000
2009-06-24,12.65,12.89,12.64,12.85,50222463,702200320.000
2009-06-25,12.89,13.04,12.79,12.83,43396265,612571584.000
2009-06-26,12.88,12.94,12.68,12.78,38565494,539874432.000
2009-06-29,12.77,13.30,12.65,13.23,101552228,1437656576.000
2009-06-30,13.39,13.64,13.21,13.27,108637159,1589717760.000
2009-07-01,13.33,13.41,13.14,13.37,80411590,1166183040.000
2009-07-02,13.39,13.89,13.37,13.85,126389190,1881228928.000
2009-07-03,13.75,13.91,13.59,13.88,89137266,1334263808.000
2009-07-06,13.84,14.14,13.69,13.95,90705707,1374035840.000
2009-07-07,13.89,13.89,13.54,13.61,86252519,1281648896.000
2009-07-08,13.44,13.59,13.17,13.38,75750041,1100864896.000
2009-07-09,13.34,13.53,13.15,13.45,79663698,1162242816.000
2009-07-10,13.45,13.49,13.26,13.35,54477619,793729600.000
2009-07-13,13.29,13.36,13.19,13.22,50588908,732141760.000
2009-07-14,13.22,13.45,13.22,13.31,69085588,1005584256.000
2009-07-15,13.37,13.67,13.37,13.64,90907597,1337182080.000
2009-07-16,13.74,13.80,13.50,13.53,75252964,1116890368.000
2009-07-17,13.50,13.57,13.27,13.38,66762833,973138432.000
2009-07-20,13.48,13.79,13.35,13.78,107470943,1589477760.000
2009-07-21,13.78,13.82,13.45,13.46,88278269,1312814720.000
2009-07-22,13.46,14.45,13.44,14.24,193145175,2947451648.000
2009-07-23,14.20,14.37,14.00,14.14,101225583,1554469376.000
2009-07-24,14.24,15.34,14.16,14.97,212770188,3401027840.000
2009-07-27,14.96,15.31,14.81,15.17,116218316,1895750016.000
2009-07-28,15.17,15.18,14.80,14.98,88723781,1433737216.000
2009-07-29,14.80,15.16,13.77,14.01,140803417,2211525376.000
2009-07-30,13.95,14.18,13.68,14.08,88775242,1345080576.000
2009-07-31,14.29,14.60,14.19,14.52,82009027,1277860352.000
2009-08-03,14.64,14.95,14.52,14.77,67465500,1074892928.000
2009-08-04,14.90,15.13,14.59,14.80,71661494,1150725120.000
2009-08-05,14.74,14.77,14.29,14.45,62856553,990314944.000
2009-08-06,14.43,14.46,13.99,14.20,52739280,810537024.000
2009-08-07,14.22,14.29,13.73,13.79,69502492,1055729728.000
2009-08-10,13.89,13.96,13.45,13.63,59293417,884909568.000
2009-08-11,13.69,13.75,13.48,13.68,42002796,624660096.000
2009-08-12,13.66,13.66,12.79,12.93,68773308,993914688.000
2009-08-13,12.92,13.07,12.71,13.03,52484475,740936128.000
2009-08-14,13.05,13.06,12.59,12.73,49135052,686628800.000
2009-08-17,12.49,12.49,11.82,11.88,78272151,1040011520.000
2009-08-18,11.81,12.13,11.80,12.09,46886440,617346496.000
2009-08-19,12.14,12.35,11.71,11.78,54402700,720992704.000
2009-08-20,11.99,12.74,11.98,12.67,81609357,1107255040.000
2009-08-21,12.59,12.82,12.44,12.76,58313876,808138560.000
2009-08-24,12.97,13.11,12.75,12.99,55040613,778770752.000
2009-08-25,12.99,13.09,12.36,13.01,62000187,867146496.000
2009-08-26,12.79,13.29,12.70,13.18,52952382,756374784.000
2009-08-27,13.00,13.08,12.73,12.79,41202677,580238464.000
2009-08-28,12.68,12.79,12.38,12.51,44522612,610472512.000
2009-08-31,12.29,12.29,11.50,11.59,56019903,730637696.000
2009-09-01,11.59,11.86,11.37,11.65,30353234,390329312.000
2009-09-02,11.85,12.01,11.59,11.77,37088790,483614080.000
2009-09-03,11.76,12.25,11.71,12.18,45911444,609161344.000
2009-09-04,12.14,12.23,11.97,12.17,44004200,585545472.000
2009-09-07,12.18,12.32,12.10,12.15,36268844,486994496.000
2009-09-08,12.07,12.22,11.89,12.20,27965428,371233856.000
2009-09-09,12.34,12.46,12.14,12.27,35912284,484996992.000
2009-09-10,12.24,12.31,12.11,12.19,21608822,289773792.000
2009-09-11,12.19,12.49,12.14,12.43,43590047,590837504.000
2009-09-14,12.37,12.58,12.27,12.50,37606453,513246944.000
2009-09-15,12.51,12.56,12.32,12.50,34295932,468375328.000
2009-09-16,12.55,12.55,12.25,12.42,35208162,478427072.000
2009-09-17,12.56,12.75,12.49,12.68,37848293,518900672.000
2009-09-18,12.68,12.78,12.27,12.33,36840694,503087840.000
2009-09-21,12.34,12.35,11.91,12.20,29638507,390611456.000
2009-09-22,12.17,12.31,11.87,11.91,35715156,469110944.000
2009-09-23,11.93,12.08,11.60,11.69,36793845,475140128.000
2009-09-24,11.57,12.00,11.53,11.82,28315012,362433440.000
2009-09-25,11.80,11.91,11.68,11.77,17258124,221771488.000
2009-09-28,11.79,11.87,11.52,11.54,19024007,242640160.000
2009-09-29,11.55,11.63,11.42,11.49,18429567,231934208.000
2009-09-30,11.58,11.69,11.49,11.62,16981090,215344144.000
2009-10-09,11.83,12.12,11.81,12.09,34019141,444385568.000
2009-10-12,12.10,12.12,11.89,11.90,17125659,223949360.000
2009-10-13,11.90,12.07,11.88,12.04,19427647,254472048.000
2009-10-14,12.10,12.57,12.07,12.23,53850075,725119680.000
2009-10-15,12.42,12.50,12.27,12.37,29527861,397568000.000
2009-10-16,12.54,12.67,12.20,12.38,41047131,556043584.000
2009-10-19,12.42,12.57,12.31,12.52,31619575,429151904.000
2009-10-20,12.64,12.74,12.60,12.72,41050206,565340096.000
2009-10-21,12.73,12.76,12.60,12.61,35698903,491140768.000
2009-10-22,12.69,12.75,12.46,12.50,31287598,426998368.000
2009-10-23,12.52,12.77,12.52,12.75,51170124,705360576.000
2009-10-26,12.76,12.76,12.56,12.64,22402332,307363712.000
2009-10-27,12.57,12.57,12.21,12.29,41526512,557966592.000
2009-10-28,12.28,12.35,12.06,12.31,34868705,463440864.000
2009-10-29,12.02,12.26,11.94,12.06,30076088,396444544.000
2009-10-30,12.22,12.42,12.10,12.23,34127479,455452896.000
2009-11-02,12.02,12.36,11.93,12.35,37636610,498874496.000
2009-11-03,12.41,12.48,12.32,12.46,40502347,545988928.000
2009-11-04,12.47,12.52,12.38,12.51,32446283,439423744.000
2009-11-05,12.57,12.70,12.52,12.69,37735314,516469344.000
2009-11-06,12.76,12.76,12.62,12.68,37612700,517744096.000
2009-11-09,12.54,12.63,12.47,12.59,35279707,480870848.000
2009-11-10,12.80,12.86,12.55,12.56,62522082,859851456.000
2009-11-11,12.57,12.60,12.43,12.48,26331559,357195776.000
2009-11-12,12.49,12.58,12.40,12.43,31802660,431755040.000
2009-11-13,12.40,12.47,12.27,12.45,45492311,612161152.000
2009-11-16,12.49,12.72,12.47,12.71,70163123,962021120.000
2009-11-17,12.77,12.88,12.72,12.76,66291009,920327296.000
2009-11-18,12.77,13.10,12.68,12.93,77474279,1085860864.000
2009-11-19,13.02,13.21,12.94,13.08,72271581,1024051968.000
2009-11-20,13.04,13.04,12.90,12.95,48165423,676439552.000
2009-11-23,12.97,13.09,12.93,13.02,44696313,629936128.000
2009-11-24,13.07,13.11,12.55,12.60,73440582,1026163008.000
2009-11-25,12.53,12.75,12.47,12.72,49452093,676253696.000
2009-11-26,12.72,12.81,12.27,12.31,64793507,882572288.000
2009-11-27,12.23,12.39,12.10,12.15,44147944,586664320.000
2009-11-30,12.17,12.40,12.17,12.39,44633952,597335296.000
2009-12-01,12.36,12.47,12.25,12.42,37069609,497597440.000
2009-12-02,12.46,12.56,12.43,12.49,37734159,511992672.000
2009-12-03,12.48,12.50,12.33,12.44,32057742,432047104.000
2009-12-04,12.44,13.02,12.35,12.89,102147330,1407559424.000
2009-12-07,12.82,12.88,12.72,12.83,52476277,728167488.000
2009-12-08,12.82,12.90,12.51,12.70,48932678,673780288.000
2009-12-09,12.55,12.75,12.48,12.55,37480403,512756064.000
2009-12-10,12.59,12.67,12.42,12.51,30223787,411405728.000
2009-12-11,12.49,12.59,12.38,12.42,33490096,453871392.000
2009-12-14,12.48,13.25,12.20,12.91,108837527,1505089920.000
2009-12-15,12.74,12.85,12.62,12.68,49826173,687119232.000
2009-12-16,12.68,12.82,12.57,12.58,33976511,467747456.000
2009-12-17,12.59,12.67,12.35,12.37,36948295,500315232.000
2009-12-18,12.33,12.48,12.11,12.20,38966938,520346816.000
2009-12-21,12.20,12.30,12.14,12.27,25568519,339690176.000
2009-12-22,12.28,12.33,11.93,11.98,34759054,458007936.000
2009-12-23,12.00,12.12,11.94,12.06,20897364,274185088.000
2009-12-24,12.09,12.24,12.07,12.23,35738254,473446528.000
2009-12-25,12.22,12.26,12.09,12.14,35527576,469587776.000
2009-12-28,12.17,12.46,12.16,12.32,34888693,467312032.000
2009-12-29,12.32,12.48,12.22,12.47,39465479,530954240.000
2009-12-30,12.45,12.81,12.41,12.73,90293655,1244284032.000
2009-12-31,12.77,12.90,12.67,12.74,37928219,524634816.000
2010-01-04,12.77,12.81,12.53,12.55,33717736,462902720.000
2010-01-05,12.61,12.88,12.52,12.81,56788935,784796672.000
2010-01-06,12.79,12.85,12.59,12.62,39484800,545765824.000
2010-01-07,12.65,12.74,12.44,12.53,61702789,846678272.000
2010-01-08,12.42,12.42,12.25,12.37,38862703,521325536.000
2010-01-11,12.92,13.04,12.56,12.64,53040219,734350016.000
2010-01-12,12.57,13.34,12.53,13.20,132550764,1870947456.000
2010-01-13,13.02,13.14,12.66,12.75,110239053,1541020928.000
2010-01-14,12.76,12.90,12.59,12.80,57759243,798134016.000
2010-01-15,12.82,12.92,12.60,12.70,45357929,626618048.000
2010-01-18,12.62,12.66,12.53,12.64,41736268,570695744.000
2010-01-19,12.67,13.02,12.66,12.77,58392062,813310784.000
2010-01-20,12.80,12.86,12.58,12.59,58250697,802812672.000
2010-01-21,12.55,12.71,12.42,12.43,52730792,716800448.000
2010-01-22,12.23,12.54,12.19,12.45,47826556,640871168.000
2010-01-25,12.32,12.45,12.26,12.31,20194553,270972896.000
2010-01-26,12.31,12.36,12.02,12.07,27775617,367256416.000
2010-01-27,12.09,12.16,12.00,12.06,22758134,299912960.000
2010-01-28,12.09,12.12,11.99,12.04,22578031,296520064.000
2010-01-29,12.02,12.09,11.95,12.00,24237964,317430368.000
2010-02-01,11.95,11.96,11.62,11.75,29315296,375815232.000
2010-02-02,11.82,11.95,11.72,11.74,23155660,299371392.000
2010-02-03,11.79,11.99,11.62,11.96,24394349,315171520.000
2010-02-04,11.91,11.97,11.81,11.83,21357242,276495872.000
2010-02-05,11.66,11.72,11.52,11.63,27075536,343514976.000
2010-02-08,11.65,11.82,11.59,11.62,15417603,196575824.000
2010-02-09,11.62,11.71,11.59,11.68,11670445,148598432.000
2010-02-10,11.73,11.78,11.67,11.76,12043129,154139760.000
2010-02-11,11.77,11.85,11.74,11.79,12394212,159433568.000
2010-02-12,11.83,11.94,11.73,11.93,20743376,268520000.000
2010-02-22,11.97,11.98,11.81,11.84,14906616,193506464.000
2010-02-23,11.84,11.88,11.63,11.76,15115171,193430432.000
2010-02-24,11.70,11.89,11.62,11.88,17947980,229933344.000
2010-02-25,11.87,12.03,11.83,11.97,28302103,369010528.000
2010-02-26,11.94,11.97,11.87,11.92,17916428,233019920.000
2010-03-01,11.91,12.01,11.88,11.98,19944764,259796224.000
2010-03-02,11.98,12.00,11.82,11.87,19354856,251159312.000
2010-03-03,11.87,11.95,11.81,11.91,20830010,269285568.000
2010-03-04,11.91,11.92,11.67,11.70,23544208,303586816.000
2010-03-05,11.72,11.77,11.62,11.72,15714326,200832976.000
2010-03-08,11.66,11.80,11.66,11.77,12327399,158208928.000
2010-03-09,11.77,11.86,11.66,11.80,16570142,212978496.000
2010-03-10,11.79,11.91,11.72,11.77,12640180,162865264.000
2010-03-11,11.79,11.94,11.73,11.86,23099646,298799648.000
2010-03-12,11.87,11.88,11.72,11.74,13703660,176374304.000
2010-03-15,11.72,11.74,11.53,11.58,17544636,222244416.000
2010-03-16,11.57,11.63,11.51,11.58,12077469,152735360.000
2010-03-17,11.61,11.74,11.57,11.74,16737838,213255808.000
2010-03-18,11.75,11.78,11.68,11.72,14375778,184173152.000
2010-03-19,11.71,11.78,11.65,11.78,13951449,178675504.000
2010-03-22,11.76,11.83,11.73,11.77,15485822,199073792.000
2010-03-23,11.78,11.87,11.72,11.73,14266243,183573072.000
2010-03-24,11.75,11.83,11.65,11.69,15103125,193661600.000
2010-03-25,11.70,11.70,11.55,11.57,14995753,190168864.000
2010-03-26,11.57,11.72,11.50,11.69,19479652,247054704.000
2010-03-29,11.73,11.97,11.68,11.85,37388522,483921664.000
2010-03-30,11.87,11.92,11.80,11.84,14437673,186624912.000
2010-03-31,11.84,11.87,11.74,11.76,12810791,164859648.000
2010-04-01,11.77,11.85,11.77,11.83,18365085,236731120.000
2010-04-02,11.92,11.94,11.82,11.90,22143189,286904384.000
2010-04-06,11.98,11.99,11.86,11.90,19886313,258645024.000
2010-04-07,11.88,11.91,11.80,11.83,14500713,187542912.000
2010-04-08,11.81,11.84,11.65,11.68,21840657,279453504.000
2010-04-09,11.67,11.76,11.65,11.73,14294613,182949280.000
2010-04-12,11.77,11.80,11.65,11.68,21040084,268869984.000
2010-04-13,11.69,11.98,11.69,11.97,55608222,720807744.000
2010-04-14,12.00,12.00,11.82,11.89,31523978,408692544.000
2010-04-15,11.89,12.17,11.82,12.15,62154766,817248384.000
2010-04-16,12.15,12.15,11.92,11.96,30341311,397130336.000
2010-04-19,11.88,11.88,11.37,11.41,41264456,523756896.000
2010-04-20,11.45,11.54,11.26,11.34,25224783,314145152.000
2010-04-21,11.36,11.49,11.29,11.48,26702316,332411200.000
2010-04-22,11.44,11.44,11.25,11.26,30897955,382660512.000
2010-04-23,11.27,11.32,11.09,11.17,26241918,322724352.000
2010-04-26,11.20,11.25,11.10,11.12,18986950,232115552.000
2010-04-27,11.10,11.11,10.74,10.84,26716254,319972384.000
2010-04-28,10.84,10.97,10.74,10.91,20422881,243918720.000
2010-04-29,10.95,11.05,10.87,10.87,16801731,201958720.000
2010-04-30,10.88,11.04,10.78,11.02,21449390,257621024.000
2010-05-04,10.89,11.00,10.84,10.89,15629580,187570064.000
2010-05-05,10.76,10.87,10.58,10.84,27139209,319782080.000
2010-05-06,10.76,10.76,10.14,10.23,27845350,322168000.000
2010-05-07,10.02,10.07,9.90,9.96,30422808,336767616.000
2010-05-10,9.98,10.05,9.84,10.00,21059619,232842208.000
2010-05-11,10.18,10.18,9.87,9.90,28101686,312696032.000
2010-05-12,9.82,10.07,9.74,10.03,17319463,190691824.000
2010-05-13,10.01,10.18,9.96,10.14,20254142,226443424.000
2010-05-14,10.08,10.14,9.98,10.07,12668331,141077632.000
2010-05-17,10.00,10.00,9.63,9.65,20301107,221106432.000
2010-05-18,9.65,9.87,9.62,9.81,22342304,240973936.000
2010-05-19,9.78,9.89,9.64,9.79,16503154,178969264.000
2010-05-21,9.52,9.79,9.37,9.76,24770917,264266272.000
2010-05-24,9.76,10.10,9.76,10.02,24702119,272856896.000
2010-05-25,9.95,9.96,9.76,9.77,14095316,153895632.000
2010-05-26,9.76,9.83,9.70,9.73,9676295,104887976.000
2010-05-27,9.75,9.88,9.63,9.84,13237561,143461936.000
2010-05-28,9.95,10.03,9.85,9.88,15842989,174754608.000
2010-05-31,9.97,10.04,9.72,9.77,19102394,210520640.000
2010-06-01,9.82,9.97,9.67,9.78,21963651,239619200.000
2010-06-02,9.73,9.73,9.52,9.69,20726150,221619856.000
2010-06-03,9.69,9.83,9.66,9.67,11894361,127104800.000
2010-06-04,9.67,9.72,9.57,9.66,10395144,110176696.000
2010-06-07,9.51,9.54,9.40,9.43,17573250,182539712.000
2010-06-08,9.43,9.51,9.39,9.43,10762173,111796056.000
2010-06-09,9.45,9.70,9.41,9.65,16741208,175988480.000
2010-06-10,9.60,9.72,9.57,9.68,14644268,155207744.000
2010-06-11,9.73,9.91,9.70,9.74,14062386,150878800.000
2010-06-17,9.90,9.92,9.73,9.73,15387681,165146928.000
2010-06-18,9.73,9.89,9.63,9.63,14751704,157849632.000
2010-06-21,9.64,9.89,9.57,9.84,15658023,167847872.000
2010-06-22,9.82,9.88,9.75,9.81,11181095,120419768.000
2010-06-23,9.80,9.87,9.72,9.82,13624108,146632560.000
2010-06-24,9.82,9.91,9.77,9.81,10074788,108741160.000
2010-06-25,9.78,9.89,9.72,9.76,10328767,110945200.000
2010-06-28,9.75,9.80,9.66,9.72,9154784,97767360.000
2010-06-29,9.72,9.79,9.33,9.34,21603166,226802304.000
2010-06-30,9.31,9.43,9.26,9.30,13823694,142242480.000
2010-07-01,9.32,9.39,9.22,9.24,10389746,106432112.000
2010-07-02,9.23,9.40,9.20,9.38,17284705,177367088.000
2010-07-05,9.32,9.51,9.31,9.39,18327064,189779152.000
2010-07-06,9.39,9.55,9.34,9.48,16130672,167642592.000
2010-07-07,9.48,9.52,9.37,9.46,8317106,86368184.000
2010-07-08,9.50,9.52,9.38,9.43,8873859,92225744.000
2010-07-09,9.44,9.64,9.35,9.58,23563288,246867008.000
2010-07-12,9.57,9.62,9.44,9.57,23579636,247083792.000
2010-07-13,9.50,9.56,9.39,9.41,23840911,248032880.000
2010-07-14,9.44,9.54,9.39,9.46,18674842,194537024.000
2010-07-15,9.46,9.50,9.31,9.33,14201340,146954128.000
2010-07-16,9.32,9.33,9.15,9.26,19829423,201747712.000
2010-07-19,9.05,9.38,9.00,9.33,26086847,264283936.000
2010-07-20,9.30,9.49,9.27,9.49,32183545,333086176.000
2010-07-21,9.45,9.61,9.41,9.49,30754136,321252608.000
2010-07-22,9.45,9.61,9.42,9.54,20022505,209774928.000
2010-07-23,9.57,9.61,9.48,9.60,28535464,299608832.000
2010-07-26,9.60,9.65,9.48,9.61,23576775,248273632.000
2010-07-27,9.58,9.61,9.52,9.53,12562172,131994784.000
2010-07-28,9.53,9.73,9.50,9.71,34428307,364219520.000
2010-07-29,9.71,9.90,9.67,9.80,42770532,459412352.000
2010-07-30,9.78,9.81,9.65,9.76,20443053,218149728.000
2010-08-02,9.76,9.82,9.70,9.81,25863597,277259136.000
2010-08-03,9.87,9.91,9.67,9.67,23115040,248385712.000
2010-08-04,9.65,9.75,9.58,9.73,21719394,230787104.000
2010-08-05,9.72,9.73,9.58,9.60,15806129,167393424.000
2010-08-06,9.60,9.74,9.56,9.72,18830371,199937664.000
2010-08-09,9.70,9.75,9.64,9.74,19349155,205913808.000
2010-08-10,9.73,9.74,9.45,9.46,24199912,254865168.000
2010-08-11,9.43,9.50,9.39,9.44,15053256,156462400.000
2010-08-12,9.39,9.40,9.28,9.31,23430248,241124400.000
2010-08-13,9.32,9.39,9.28,9.37,17743164,182502512.000
2010-08-16,9.36,9.53,9.32,9.51,22110713,229700928.000
2010-08-17,9.51,9.54,9.43,9.48,20549779,214415072.000
2010-08-18,9.49,9.53,9.43,9.44,15559298,162089872.000
2010-08-19,9.45,9.71,9.43,9.63,42578352,449135072.000
2010-08-20,9.60,9.61,9.45,9.47,23594247,247049712.000
2010-08-23,9.45,9.51,9.35,9.40,16374851,169903616.000
2010-08-24,9.40,9.50,9.33,9.42,15338196,158932160.000
2010-08-25,9.35,9.41,9.27,9.28,18173970,186814944.000
2010-08-26,9.31,9.34,9.25,9.29,12898094,132026408.000
2010-08-27,9.30,9.40,9.24,9.36,19588599,200645232.000
2010-08-30,9.38,9.46,9.29,9.40,21784857,225520640.000
2010-08-31,9.40,9.40,9.29,9.33,16597187,170630464.000
2010-09-01,9.33,9.40,9.26,9.28,18141326,186425616.000
2010-09-02,9.36,9.39,9.31,9.36,18379468,189270160.000
2010-09-03,9.36,9.39,9.26,9.29,14792777,151695072.000
2010-09-06,9.35,9.45,9.31,9.44,27928145,288822688.000
2010-09-07,9.44,9.46,9.36,9.40,17111170,177159488.000
2010-09-08,9.39,9.39,9.29,9.34,19105156,196363664.000
2010-09-09,9.34,9.34,9.23,9.24,24067653,245823600.000
2010-09-10,9.26,9.28,9.17,9.23,17065514,173641984.000
2010-09-13,9.26,9.33,9.25,9.32,17114507,175326560.000
2010-09-14,9.33,9.35,9.25,9.30,16496448,169193184.000
2010-09-15,9.31,9.32,9.23,9.25,15203941,155301984.000
2010-09-16,9.31,9.31,9.19,9.21,22692139,227354528.000
2010-09-17,9.23,9.25,9.19,9.19,13194488,131878416.000
2010-09-20,9.20,9.23,9.14,9.19,14582162,145546176.000
2010-09-21,9.18,9.22,9.17,9.20,8937550,89200264.000
2010-09-27,9.20,9.22,9.16,9.20,14912476,148864352.000
2010-09-28,9.21,9.21,9.14,9.15,13100187,130433352.000
2010-09-29,9.15,9.39,9.15,9.26,21751850,219023328.000
2010-09-30,9.27,9.47,9.24,9.39,26961636,274855040.000
2010-10-08,9.47,9.77,9.47,9.68,40556190,423906624.000
2010-10-11,9.72,10.03,9.72,9.99,67049278,719633280.000
2010-10-12,10.00,10.37,9.87,10.36,72053454,786898496.000
2010-10-13,10.35,10.46,10.19,10.23,45527675,504242304.000
2010-10-14,10.37,10.58,10.28,10.55,72316640,815002176.000
2010-10-15,10.46,10.85,10.36,10.76,76923595,874759104.000
2010-10-18,10.73,10.98,10.59,10.61,78555702,907563840.000
2010-10-19,10.61,10.66,10.41,10.65,58100229,657360576.000
2010-10-20,10.41,10.66,10.32,10.47,53081689,599043264.000
2010-10-21,10.52,10.73,10.44,10.47,38449647,436680160.000
2010-10-22,10.43,10.47,10.29,10.33,33825142,377304512.000
2010-10-25,10.33,10.67,10.31,10.66,47635122,536706592.000
2010-10-26,10.95,11.16,10.69,10.77,88607753,1040454592.000
2010-10-27,10.74,10.74,10.49,10.53,40213962,458680544.000
2010-10-28,10.53,10.65,10.45,10.50,20246323,229223376.000
2010-10-29,10.50,10.56,10.33,10.40,26004106,291140256.000
2010-11-01,10.43,10.62,10.43,10.60,33349899,378388608.000
2010-11-02,10.63,10.82,10.49,10.61,48142468,550435200.000
2010-11-03,10.61,10.81,10.51,10.68,46838018,536324768.000
2010-11-04,10.69,11.11,10.69,11.10,80287356,946161920.000
2010-11-05,11.36,11.46,11.11,11.20,74393046,894107136.000
2010-11-08,11.27,11.54,11.27,11.35,73024935,891090368.000
2010-11-09,11.38,11.38,10.90,11.03,56817432,676184384.000
2010-11-10,10.94,11.23,10.86,11.04,54119648,644295872.000
2010-11-11,11.08,12.22,11.01,11.95,142109802,1773872384.000
2010-11-12,11.72,12.52,11.62,11.75,205475155,2652521472.000
2010-11-15,11.75,12.06,11.31,11.59,109501870,1365333632.000
2010-11-16,11.49,11.52,10.72,10.78,81816993,978267008.000
2010-11-17,10.41,10.83,10.23,10.56,66210815,746761024.000
2010-11-18,10.55,10.77,10.52,10.60,39517884,451670656.000
2010-11-19,10.67,10.68,10.11,10.49,48545979,542705856.000
2010-11-22,10.36,10.54,10.26,10.39,35895317,402146912.000
2010-11-23,10.32,10.37,9.96,10.07,38140967,416301440.000
2010-11-24,10.01,10.27,9.97,10.16,25958887,284092960.000
2010-11-25,10.29,10.42,10.16,10.39,45426046,504312608.000
2010-11-26,10.35,10.39,10.14,10.19,35288637,389141472.000
2010-11-29,10.15,10.22,10.04,10.18,23754298,259233328.000
2010-11-30,10.20,10.49,9.96,10.28,57739286,637157888.000
2010-12-01,10.19,10.34,10.02,10.18,23971777,263284240.000
2010-12-02,10.33,10.48,10.24,10.31,37347533,416941664.000
2010-12-03,10.34,10.57,10.25,10.45,38915205,438022976.000
2010-12-06,10.54,10.99,10.53,10.98,70690233,819027520.000
2010-12-07,10.85,11.06,10.68,10.99,38781584,451739168.000
2010-12-08,10.89,10.94,10.75,10.77,27043457,313632160.000
2010-12-09,10.75,10.86,10.48,10.59,31602792,361510496.000
2010-12-10,10.52,10.78,10.45,10.66,23872925,273286336.000
2010-12-13,10.73,11.26,10.62,11.16,57103191,672096448.000
2010-12-14,11.14,11.15,10.94,11.03,33037270,390411104.000
2010-12-15,11.00,11.09,10.89,10.92,24578468,288624896.000
2010-12-16,10.91,11.05,10.86,10.90,25078045,294068576.000
2010-12-17,10.88,10.91,10.69,10.77,26240020,303065216.000
2010-12-20,10.76,10.84,10.36,10.52,34781805,394164960.000
2010-12-21,10.59,10.79,10.54,10.73,23467552,269009568.000
2010-12-22,10.87,10.98,10.58,10.65,37733624,437566624.000
2010-12-23,10.65,10.74,10.59,10.61,19696703,225716000.000
2010-12-24,10.59,10.72,10.52,10.63,20979867,239783728.000
2010-12-27,10.62,10.81,10.33,10.37,30387872,346382176.000
2010-12-28,10.33,10.40,10.12,10.28,28065282,310618496.000
2010-12-29,10.29,10.40,10.25,10.28,15824221,175646352.000
2010-12-30,10.29,10.38,10.15,10.36,19798755,218921104.000
2010-12-31,10.27,10.44,10.26,10.43,24855567,276862528.000
2011-01-04,10.45,10.65,10.37,10.60,32089336,362728128.000
2011-01-05,10.45,10.52,10.39,10.45,20908682,234787264.000
2011-01-06,10.45,10.51,10.31,10.35,15470066,172780576.000
2011-01-07,10.33,10.56,10.28,10.39,23750164,266230752.000
2011-01-10,10.39,10.46,10.31,10.32,18992955,211746640.000
2011-01-11,10.32,10.51,10.23,10.44,26846030,299076160.000
2011-01-12,10.49,10.52,10.38,10.45,20399428,229360848.000
2011-01-13,10.50,10.70,10.41,10.60,38490921,437325888.000
2011-01-14,10.54,10.67,10.39,10.63,33906656,384222176.000
2011-01-17,10.61,10.73,10.44,10.61,51463437,586535232.000
2011-01-18,10.51,10.66,10.39,10.45,22380272,252101136.000
2011-01-19,10.45,10.62,10.41,10.58,24959246,282591488.000
2011-01-20,10.57,10.57,10.20,10.23,30185121,336315456.000
2011-01-21,10.18,10.48,10.13,10.33,23196464,258062384.000
2011-01-24,10.33,10.65,10.31,10.49,31926129,360882496.000
2011-01-25,10.45,10.58,10.36,10.40,17355106,195433952.000
2011-01-26,10.41,10.49,10.33,10.43,10876985,121657792.000
2011-01-27,10.38,10.63,10.34,10.57,28711300,323818368.000
2011-01-28,10.51,10.56,10.43,10.49,15234839,171756400.000
2011-01-31,10.54,10.66,10.49,10.63,27665342,314901824.000
2011-02-01,10.70,10.96,10.65,10.89,47771827,556522880.000
2011-02-09,10.74,10.87,10.63,10.67,28191077,325260256.000
2011-02-10,10.65,10.75,10.60,10.74,20841739,238609472.000
2011-02-11,10.72,10.73,10.61,10.66,31472518,360280672.000
2011-02-14,10.65,10.97,10.63,10.89,57092784,661404160.000
2011-02-15,10.86,11.11,10.81,10.92,60993423,715641856.000
2011-02-16,10.89,10.94,10.78,10.91,30573641,356428480.000
2011-02-17,10.94,11.05,10.82,10.90,34459639,403907424.000
2011-02-18,10.93,10.95,10.73,10.79,27261122,316316224.000
2011-02-21,10.83,10.96,10.72,10.92,57834354,672049408.000
2011-02-22,11.07,11.18,10.69,10.80,90792594,1064646336.000
2011-02-23,10.79,10.80,10.61,10.66,47703645,547595904.000
2011-02-24,10.73,10.92,10.67,10.74,45969733,530829536.000
2011-02-25,10.71,10.73,10.54,10.62,33122230,378144544.000
2011-02-28,10.62,10.66,10.52,10.62,38633954,439405568.000
2011-03-01,10.62,10.68,10.57,10.66,33791094,385830688.000
2011-03-02,10.64,10.77,10.61,10.70,40110982,461182464.000
2011-03-03,10.77,10.96,10.68,10.86,73427633,852101312.000
2011-03-04,10.84,11.03,10.78,11.00,79603735,931699200.000
2011-03-07,11.02,11.45,11.01,11.31,123394043,1489355264.000
2011-03-08,11.26,11.37,11.15,11.29,52297155,629849856.000
2011-03-09,11.28,11.32,11.19,11.21,31441599,378348608.000
2011-03-10,11.21,11.28,11.05,11.13,46718966,556307456.000
2011-03-11,11.03,11.19,10.99,11.05,29967230,355245696.000
2011-03-14,10.99,11.01,10.86,10.90,37885291,444410880.000
2011-03-15,10.83,10.89,10.61,10.75,43637471,502403680.000
2011-03-16,10.71,10.82,10.67,10.76,26604173,306984128.000
2011-03-17,10.71,11.01,10.66,10.85,44138531,513170144.000
2011-03-18,10.97,11.06,10.72,10.78,32384758,380006048.000
2011-03-21,10.94,11.07,10.89,10.96,31611880,372038272.000
2011-03-22,11.04,11.05,10.89,10.97,23192997,272687680.000
2011-03-23,11.01,11.02,10.93,11.00,21581848,254103440.000
2011-03-24,10.99,11.36,10.98,11.14,74479316,893158976.000
2011-03-25,11.12,11.23,11.11,11.15,32846169,393184608.000
2011-03-28,11.16,11.33,11.13,11.20,44526565,535628928.000
2011-03-29,11.16,11.32,10.94,11.08,39306922,467155936.000
2011-03-30,11.04,11.21,11.00,11.15,42187270,501743808.000
2011-03-31,11.14,11.16,10.95,11.11,29105698,344752128.000
2011-04-01,11.17,11.24,11.05,11.21,34092711,407479680.000
2011-04-06,11.23,11.38,11.18,11.36,59458336,717727872.000
2011-04-07,11.38,11.40,11.26,11.32,49607045,601654656.000
2011-04-08,11.31,11.43,11.28,11.38,34986289,425234976.000
2011-04-11,11.41,11.62,11.37,11.39,55088717,677448448.000
2011-04-12,11.32,11.41,11.09,11.26,45220871,545788480.000
2011-04-13,11.16,11.24,11.08,11.23,39599844,472653696.000
2011-04-14,11.23,11.31,11.14,11.23,34691988,416707264.000
2011-04-15,11.21,11.31,11.15,11.23,20173205,242104592.000
2011-04-18,11.21,11.44,11.19,11.32,47624904,578129664.000
2011-04-19,11.26,11.27,11.07,11.07,28149882,336483456.000
2011-04-20,11.15,11.19,11.04,11.11,18346855,218404752.000
2011-04-21,11.19,11.23,11.10,11.16,20995225,251130384.000
2011-04-22,11.16,11.20,11.08,11.10,23127738,275777152.000
2011-04-25,11.04,11.12,10.98,10.99,20231095,239181264.000
2011-04-26,11.01,11.07,10.87,10.93,17356346,204288128.000
2011-04-27,10.95,11.01,10.86,10.89,17131532,200877728.000
2011-04-28,10.97,11.03,10.87,10.89,22522871,264491360.000
2011-04-29,10.92,10.98,10.86,10.92,23888162,279396512.000
2011-05-03,10.92,10.95,10.82,10.93,21903020,255537584.000
2011-05-04,10.88,10.89,10.66,10.67,26409305,305029536.000
2011-05-05,10.63,10.71,10.56,10.61,23701447,270428320.000
2011-05-06,10.40,10.46,10.29,10.36,31229726,348572736.000
2011-05-09,10.36,10.43,10.31,10.36,21941763,244771136.000
2011-05-10,10.40,10.42,10.36,10.41,12356768,138177568.000
2011-05-11,10.41,10.44,10.37,10.39,13109375,146736672.000
2011-05-12,10.31,10.33,10.23,10.24,20390227,225747184.000
2011-05-13,10.29,10.36,10.21,10.34,14827414,164264432.000
2011-05-16,10.31,10.35,10.24,10.26,10385895,115106464.000
2011-05-17,10.26,10.30,10.19,10.23,16110189,177743712.000
2011-05-19,10.28,10.32,10.23,10.25,14378682,159183776.000
2011-05-20,10.25,10.33,10.24,10.29,11974315,132600784.000
2011-05-23,10.29,10.31,10.01,10.08,21170651,231668960.000
2011-05-24,10.07,10.11,9.83,9.87,27118772,290307296.000
2011-05-25,9.90,10.06,9.82,10.05,43664784,469442816.000
2011-05-26,10.02,10.25,10.01,10.09,19312364,211039504.000
2011-05-27,10.19,10.33,10.13,10.18,27821521,306926176.000
2011-05-30,10.19,10.28,10.09,10.19,17225214,188961968.000
2011-05-31,10.19,10.26,10.16,10.22,16932499,186287328.000
2011-06-01,10.28,10.28,10.13,10.25,22151066,239557184.000
2011-06-02,10.17,10.23,10.05,10.09,13733571,147188672.000
2011-06-03,10.10,10.13,10.03,10.10,12894542,137857104.000
2011-06-07,10.10,10.24,10.03,10.22,31606677,340094432.000
2011-06-08,10.17,10.28,10.07,10.23,15988555,172817088.000
2011-06-09,10.21,10.29,10.08,10.20,17022495,183329024.000
2011-06-10,10.17,10.26,10.14,10.22,15800226,170747488.000
2011-06-13,10.19,10.23,9.99,10.21,24211111,258322512.000
2011-06-14,10.13,10.27,10.10,10.26,22294198,241326640.000
2011-06-15,10.22,10.34,10.20,10.31,28114195,306176000.000
2011-06-16,10.21,10.30,10.07,10.11,13074994,141201328.000
2011-06-17,10.14,10.22,10.09,10.16,13239581,142864480.000
2011-06-20,10.14,10.16,10.04,10.05,10376513,110863808.000
2011-06-21,10.12,10.12,10.00,10.06,13882627,147992112.000
2011-06-22,10.06,10.10,10.00,10.08,12786989,136383024.000
2011-06-23,10.06,10.14,10.00,10.13,18249952,194604640.000
2011-06-24,10.07,10.26,10.04,10.21,41411101,446071264.000
2011-06-27,10.20,10.25,10.17,10.21,36735423,397561760.000
2011-06-28,10.21,10.21,10.09,10.15,20167179,216886032.000
2011-06-29,10.18,10.28,10.13,10.17,22660954,245287424.000
2011-06-30,10.22,10.34,10.18,10.28,21243685,231169104.000
2011-07-01,10.29,10.30,10.21,10.22,13743454,149306512.000
2011-07-04,10.27,10.37,10.24,10.34,33745770,368063392.000
2011-07-05,10.34,10.36,10.28,10.32,22485210,245784064.000
2011-07-06,10.32,10.47,10.15,10.45,60904379,664132864.000
2011-07-07,10.39,10.41,10.27,10.33,30412995,332516224.000
2011-07-08,10.32,10.35,10.24,10.27,16440870,179161408.000
2011-07-11,10.24,10.28,10.21,10.27,10413797,113202872.000
2011-07-12,10.24,10.24,10.09,10.11,17724819,190805760.000
2011-07-13,10.10,10.17,10.10,10.15,13814315,148557904.000
2011-07-14,10.16,10.20,10.12,10.18,16378671,176365280.000
2011-07-15,10.17,10.17,10.10,10.15,16998382,182662416.000
2011-07-18,10.14,10.17,10.06,10.08,28420261,304192352.000
2011-07-19,10.04,10.18,10.04,10.07,24919713,267076320.000
2011-07-20,10.11,10.15,10.06,10.09,17868775,191455760.000
2011-07-21,10.13,10.13,9.99,10.00,17556318,186849088.000
2011-07-22,10.00,10.05,9.97,9.97,18169212,192909312.000
2011-07-25,9.98,9.99,9.69,9.75,29874695,311564128.000
2011-07-26,9.74,10.01,9.71,9.99,25939329,270695008.000
2011-07-27,9.87,10.18,9.84,10.12,43835509,467830304.000
2011-07-28,10.04,10.19,9.89,10.18,29004463,309494016.000
2011-07-29,10.10,10.20,9.99,10.07,16447935,176003952.000
2011-08-01,10.06,10.11,10.01,10.04,7845317,83665152.000
2011-08-02,9.99,10.02,9.80,9.84,14137204,148123472.000
2011-08-03,9.82,9.93,9.77,9.84,16883798,176338000.000
2011-08-04,9.84,9.88,9.81,9.84,5905215,61716988.000
2011-08-05,9.67,9.73,9.53,9.57,24707088,252584608.000
2011-08-08,9.51,9.62,9.24,9.25,31701761,316488896.000
2011-08-09,9.18,9.24,9.09,9.15,32897966,320882656.000
2011-08-10,9.23,9.39,9.20,9.24,21043748,207946880.000
2011-08-11,9.17,9.36,9.14,9.31,14358864,141764208.000
2011-08-12,9.34,9.43,9.31,9.36,12530326,124979952.000
2011-08-15,9.38,9.44,9.31,9.43,11265250,112627240.000
2011-08-16,9.44,9.45,9.35,9.36,10650513,106529720.000
2011-08-17,9.35,9.41,9.32,9.35,7305970,72767096.000
2011-08-18,9.37,9.38,9.25,9.26,9964981,98821240.000
2011-08-19,9.19,9.25,9.15,9.20,12593827,123361800.000
2011-08-22,9.22,9.27,9.14,9.16,9086921,89095040.000
2011-08-23,9.19,9.28,9.16,9.28,7814499,76771584.000
2011-08-24,9.29,9.32,9.21,9.23,8784925,86852696.000
2011-08-25,9.25,9.53,9.24,9.49,20947625,210045200.000
2011-08-26,9.42,9.46,9.37,9.43,16602612,166180384.000
2011-08-29,9.37,9.38,9.30,9.33,10194789,101373144.000
2011-08-30,9.39,9.44,9.30,9.31,11763658,117546288.000
2011-08-31,9.30,9.34,9.24,9.27,11838817,116990464.000
2011-09-01,9.27,9.32,9.22,9.24,9492098,93690720.000
2011-09-02,9.24,9.27,9.11,9.16,11948982,116898456.000
2011-09-05,9.13,9.15,8.97,8.99,17225076,166185680.000
2011-09-06,9.00,9.23,8.94,9.09,13646525,132455576.000
2011-09-07,9.13,9.19,9.05,9.18,10578069,102997816.000
2011-09-08,9.23,9.25,9.14,9.17,9499783,93152368.000
2011-09-09,9.22,9.26,9.17,9.20,10209821,100391488.000
2011-09-13,9.15,9.16,9.09,9.12,10625455,103436744.000
2011-09-14,9.17,9.24,9.08,9.19,11526037,112496544.000
2011-09-15,9.25,9.30,9.18,9.26,12552524,121582792.000
2011-09-16,9.30,9.33,9.21,9.24,7953875,77257296.000
2011-09-19,9.23,9.23,9.12,9.12,6700550,64301480.000
2011-09-20,9.13,9.32,9.11,9.18,10532433,101684256.000
2011-09-21,9.20,9.35,9.13,9.32,14065152,137002064.000
2011-09-22,9.26,9.31,9.14,9.15,12586180,121802528.000
2011-09-23,9.08,9.20,9.00,9.12,13366931,127347464.000
2011-09-26,9.05,9.23,9.01,9.18,15224160,145632960.000
2011-09-27,9.21,9.29,9.12,9.25,11687469,112890024.000
2011-09-28,9.26,9.34,9.17,9.31,18663110,181387088.000
2011-09-29,9.25,9.40,9.22,9.36,19964764,194812992.000
2011-09-30,9.33,9.45,9.29,9.42,19072583,187564608.000
2011-10-10,9.41,9.41,9.30,9.31,8893891,87251352.000
2011-10-11,9.40,9.45,9.05,9.36,21196929,206528944.000
2011-10-12,9.25,9.54,9.15,9.53,27283511,268965024.000
2011-10-13,9.46,9.55,9.35,9.54,25365190,251406160.000
2011-10-14,9.49,9.50,9.37,9.44,9383896,92737336.000
2011-10-17,9.43,9.48,9.35,9.47,18705314,184392176.000
2011-10-18,9.41,9.41,9.27,9.28,10353956,101286560.000
2011-10-19,9.31,9.33,9.27,9.29,7587255,73997496.000
2011-10-21,9.23,9.27,9.10,9.20,13275484,128099392.000
2011-10-24,9.20,9.41,9.18,9.38,17523132,170992432.000
2011-10-25,9.35,9.44,9.32,9.41,14330580,141018448.000
2011-10-26,9.38,9.47,9.36,9.43,20670042,204263808.000
2011-10-27,9.43,9.53,9.42,9.44,15214176,150792464.000
2011-10-28,9.51,9.58,9.46,9.53,21270408,212021200.000
2011-10-31,9.53,9.53,9.40,9.43,11935264,118253160.000
2011-11-01,9.40,9.57,9.39,9.44,15669126,155594160.000
2011-11-02,9.36,9.53,9.34,9.51,14745741,145502944.000
2011-11-03,9.51,9.58,9.47,9.51,23091271,230291168.000
2011-11-04,9.57,9.68,9.55,9.66,27469955,276808480.000
2011-11-07,9.63,9.70,9.58,9.59,16386195,165240416.000
2011-11-08,9.61,9.83,9.58,9.68,35537574,361288256.000
2011-11-09,9.74,9.83,9.65,9.74,18157738,184788304.000
2011-11-10,9.66,9.78,9.60,9.61,16986960,171768576.000
2011-11-11,9.65,9.71,9.60,9.64,10278294,103845912.000
2011-11-14,9.70,9.81,9.66,9.73,10846208,110452240.000
2011-11-15,9.71,9.75,9.64,9.67,7343298,74334848.000
2011-11-16,9.66,9.69,9.43,9.47,16129761,161259264.000
2011-11-17,9.47,9.50,9.44,9.46,9407263,93277448.000
2011-11-18,9.41,9.48,9.34,9.36,9209728,90571640.000
2011-11-21,9.35,9.36,9.31,9.34,5870620,57434320.000
2011-11-22,9.33,9.36,9.23,9.32,6729718,65583052.000
2011-11-23,9.33,9.35,9.24,9.25,6153853,59818168.000
2011-11-24,9.21,9.30,9.17,9.23,6529716,63183200.000
2011-11-25,9.23,9.25,9.18,9.20,5577108,53844700.000
2011-11-28,9.21,9.35,9.20,9.27,8184406,79557152.000
2011-11-29,9.29,9.33,9.26,9.32,5866769,57148716.000
2011-11-30,9.29,9.31,8.94,9.01,20812956,198362240.000
2011-12-01,9.15,9.30,9.10,9.14,17419122,168010064.000
2011-12-02,9.12,9.21,9.07,9.17,7827900,75066272.000
2011-12-05,9.22,9.22,9.10,9.21,9500132,91315952.000
2011-12-06,9.18,9.26,9.14,9.25,7888153,76212240.000
2011-12-07,9.25,9.28,9.19,9.25,5475983,53036696.000
2011-12-08,9.24,9.29,9.16,9.23,5691912,55057968.000
2011-12-09,9.21,9.28,9.19,9.21,4907542,47571276.000
2011-12-12,9.21,9.22,9.05,9.10,7120936,68226496.000
2011-12-13,9.08,9.23,9.03,9.11,16616356,158961696.000
2011-12-14,9.08,9.23,9.07,9.19,14333615,137774624.000
2011-12-15,9.12,9.15,9.05,9.06,12447301,118710728.000
2011-12-16,9.06,9.21,9.03,9.18,12387148,118171136.000
2011-12-19,9.12,9.21,8.90,9.18,17721911,168112864.000
2011-12-20,9.10,9.25,9.09,9.23,14562233,140409856.000
2011-12-21,9.24,9.34,9.20,9.25,14970127,145495728.000
2011-12-22,9.21,9.36,9.19,9.30,18909968,184216720.000
2011-12-23,9.31,9.44,9.26,9.38,16530386,162533472.000
2011-12-26,9.31,9.37,9.23,9.26,8735029,84971288.000
2011-12-27,9.26,9.32,9.14,9.23,13877905,134068488.000
2011-12-28,9.19,9.33,9.15,9.32,13547150,131515728.000
2011-12-29,9.30,9.38,9.28,9.34,10822041,105979456.000
2011-12-30,9.34,9.41,9.24,9.29,15472873,151216496.000
2012-01-04,9.34,9.43,9.25,9.30,20781634,203706448.000
2012-01-05,9.27,9.46,9.25,9.35,15967141,156442000.000
2012-01-06,9.44,9.59,9.43,9.51,36455558,363305920.000
2012-01-09,9.52,9.63,9.40,9.58,21475791,214327600.000
2012-01-10,9.56,9.70,9.53,9.67,26763389,269910400.000
2012-01-11,9.65,9.76,9.56,9.59,23298191,235452736.000
2012-01-12,9.57,9.62,9.53,9.61,14945462,149802016.000
2012-01-13,9.61,9.83,9.55,9.75,23940968,242048560.000
2012-01-16,9.72,9.80,9.61,9.64,17911831,181443584.000
2012-01-17,9.65,9.90,9.56,9.87,33948049,346394304.000
2012-01-18,9.85,9.88,9.65,9.77,18285375,186637408.000
2012-01-19,9.76,9.85,9.71,9.81,16446097,168529472.000
2012-01-20,9.82,9.86,9.77,9.81,12898812,132363864.000
2012-01-30,9.85,9.86,9.67,9.68,16964985,172951968.000
2012-01-31,9.68,9.77,9.68,9.76,9633375,98115512.000
2012-02-01,9.74,9.86,9.72,9.73,10115231,103676440.000
2012-02-02,9.75,9.80,9.69,9.76,13392725,136480336.000
2012-02-03,9.76,9.81,9.70,9.77,11315394,115491200.000
2012-02-06,9.79,9.81,9.73,9.78,18529545,189322544.000
2012-02-07,9.74,9.78,9.59,9.64,12469781,126137448.000
2012-02-08,9.69,9.89,9.63,9.81,22234017,227311520.000
2012-02-09,9.79,9.87,9.74,9.84,18069967,185559632.000
2012-02-10,9.80,9.86,9.76,9.86,16578196,170128416.000
2012-02-13,9.77,9.87,9.76,9.81,9637024,98925328.000
2012-02-14,9.80,9.87,9.77,9.79,7100573,72855992.000
2012-02-15,9.77,9.84,9.72,9.80,12069078,123670864.000
2012-02-16,9.81,9.84,9.69,9.72,17644653,180269904.000
2012-02-17,9.75,9.79,9.70,9.73,10011723,101987336.000
2012-02-20,9.79,9.89,9.78,9.84,22613082,232694800.000
2012-02-21,9.85,9.87,9.74,9.81,13935027,142696704.000
2012-02-22,9.81,9.83,9.75,9.82,12462165,127565688.000
2012-02-23,9.82,9.93,9.78,9.86,21429506,220837408.000
2012-02-24,9.90,10.00,9.85,9.98,28099121,291547680.000
2012-02-27,10.03,10.29,9.94,10.10,69050046,726859136.000
2012-02-28,10.08,10.24,10.01,10.15,30061847,317534656.000
2012-02-29,10.11,10.16,10.05,10.07,16572373,174798032.000
2012-03-01,10.01,10.09,9.97,9.99,13798610,144518144.000
2012-03-02,10.02,10.19,10.00,10.14,24576622,259610672.000
2012-03-05,10.10,10.16,10.00,10.02,20420665,215039808.000
2012-03-06,10.00,10.06,9.84,9.87,17210554,178693552.000
2012-03-07,9.84,10.00,9.81,9.83,11585454,119617568.000
2012-03-08,9.86,9.92,9.83,9.88,11769491,121417032.000
2012-03-09,9.89,9.91,9.80,9.88,12334446,127174112.000
2012-03-12,9.85,9.89,9.81,9.83,18520263,190561344.000
2012-03-13,9.80,9.94,9.80,9.92,15836724,163765712.000
2012-03-14,9.94,9.99,9.72,9.73,26629210,274361440.000
2012-03-15,9.73,9.85,9.71,9.78,18326903,187695616.000
2012-03-16,9.77,9.86,9.76,9.85,11279497,115668360.000
2012-03-19,9.87,9.88,9.77,9.81,10674425,109487056.000
2012-03-20,9.87,9.88,9.76,9.76,16598330,170315472.000
2012-03-21,9.75,9.80,9.58,9.65,18985361,192359072.000
2012-03-22,9.64,9.65,9.57,9.60,11302201,113685696.000
2012-03-23,9.60,9.62,9.53,9.59,13012561,130402832.000
2012-03-26,9.59,9.64,9.57,9.60,6431226,64624088.000
2012-03-27,9.61,9.63,9.55,9.58,7840950,78742328.000
2012-03-28,9.57,9.60,9.40,9.42,13060872,129956784.000
2012-03-29,9.42,9.45,9.22,9.26,16807589,164002544.000
2012-03-30,9.29,9.30,9.18,9.24,12614723,121995056.000
2012-04-05,9.25,9.28,9.16,9.27,16620814,160785968.000
2012-04-06,9.27,9.28,9.21,9.26,8704167,84357680.000
2012-04-09,9.25,9.26,9.15,9.17,10933947,105256744.000
2012-04-10,9.15,9.22,9.10,9.21,9843003,94617752.000
2012-04-11,9.18,9.25,9.12,9.25,13284548,128127648.000
2012-04-12,9.26,9.42,9.20,9.40,19196160,187105968.000
2012-04-13,9.40,9.40,9.32,9.36,12539020,123013344.000
2012-04-16,9.33,9.36,9.30,9.34,10041891,98173016.000
2012-04-17,9.34,9.39,9.30,9.34,8793356,86108480.000
2012-04-18,9.35,9.50,9.30,9.44,13465457,132604576.000
2012-04-19,9.41,9.46,9.38,9.42,10822106,106677232.000
2012-04-20,9.40,9.52,9.39,9.50,13541136,134219664.000
2012-04-23,9.49,9.50,9.40,9.40,10450453,103393984.000
2012-04-24,9.45,9.55,9.34,9.41,16680620,164890864.000
2012-04-25,9.38,9.50,9.35,9.47,15911121,157339904.000
2012-04-26,9.45,9.49,9.43,9.46,9593083,94991224.000
2012-04-27,9.45,9.51,9.44,9.48,12413525,123328136.000
2012-05-02,9.56,9.72,9.55,9.69,30474754,307265280.000
2012-05-03,9.68,9.70,9.61,9.66,13226726,133713304.000
2012-05-04,9.65,9.71,9.60,9.63,14542542,146746128.000
2012-05-07,9.60,9.62,9.45,9.53,25222007,251026912.000
2012-05-08,9.53,9.53,9.44,9.48,16737417,166081792.000
2012-05-09,9.45,9.46,9.25,9.28,29083395,284310080.000
2012-05-10,9.30,9.31,9.18,9.21,34839203,337398848.000
2012-05-11,9.22,9.23,9.17,9.21,23095371,222719456.000
2012-05-14,9.24,9.26,9.19,9.20,19680494,190403072.000
2012-05-15,9.18,9.18,9.08,9.15,28884561,276474272.000
2012-05-16,9.13,9.13,9.05,9.07,25384494,242092976.000
2012-05-17,9.08,9.21,9.06,9.16,32440737,310360576.000
2012-05-18,9.12,9.12,9.03,9.06,21076381,200607824.000
2012-05-21,9.06,9.10,9.03,9.07,13367933,127229416.000
2012-05-22,9.10,9.13,9.08,9.11,14882225,142320016.000
2012-05-24,9.07,9.10,9.04,9.06,14202104,135112704.000
2012-05-25,9.07,9.07,9.01,9.03,12536496,118906160.000
2012-05-28,9.01,9.15,8.98,9.11,15248091,144778416.000
2012-05-29,9.10,9.16,9.08,9.13,23109062,221204784.000
2012-05-30,9.13,9.13,9.04,9.10,20905310,199064848.000
2012-05-31,9.05,9.05,8.98,9.00,21280279,201153632.000
2012-06-01,9.00,9.05,8.98,9.01,14627907,138373392.000
2012-06-04,8.95,8.95,8.84,8.85,27032996,252352480.000
2012-06-05,8.88,8.91,8.86,8.88,12355000,115327744.000
2012-06-06,8.89,8.92,8.85,8.88,15355010,143358080.000
2012-06-07,9.00,9.00,8.85,8.85,10462706,96148192.000
2012-06-08,8.88,8.90,8.76,8.83,14886786,135682112.000
2012-06-11,8.83,8.99,8.81,8.93,13946179,128452464.000
2012-06-12,8.90,8.96,8.80,8.89,12320199,112632672.000
2012-06-13,8.89,8.92,8.82,8.91,9609221,87972896.000
2012-06-14,8.91,8.94,8.87,8.90,9080651,83317008.000
2012-06-15,8.91,8.97,8.90,8.93,14483914,133589880.000
2012-06-18,8.95,9.02,8.92,8.96,12268135,113544376.000
2012-06-19,8.96,8.96,8.89,8.91,6239867,57368844.000
2012-06-20,8.92,8.99,8.90,8.98,13393507,123782192.000
2012-06-21,8.94,8.95,8.83,8.84,11662165,106789024.000
2012-06-25,8.82,8.89,8.79,8.80,8862791,80832848.000
2012-06-26,8.79,8.79,8.73,8.76,8687178,78530264.000
2012-06-27,8.76,8.85,8.72,8.75,12032629,109060184.000
2012-06-28,8.76,8.78,8.70,8.70,9789922,88178688.000
2012-06-29,8.70,8.78,8.67,8.77,12612790,113644328.000
2012-07-02,8.83,8.83,8.75,8.78,11491632,104187936.000
2012-07-03,8.78,8.87,8.76,8.84,10478156,95545440.000
2012-07-04,8.87,8.89,8.77,8.79,7884118,71751256.000
2012-07-05,8.83,8.86,8.73,8.81,12630266,114625000.000
2012-07-06,8.83,8.84,8.73,8.83,9827491,89105176.000
2012-07-09,8.79,8.81,8.52,8.58,17979019,160713440.000
2012-07-10,8.56,8.80,8.53,8.68,17642458,157466448.000
2012-07-11,8.63,8.74,8.59,8.69,12650558,112992432.000
2012-07-12,8.70,8.75,8.47,8.65,23698263,210913904.000
2012-07-13,8.65,8.69,8.59,8.67,9677225,86390232.000
2012-07-16,8.67,8.70,8.60,8.63,13049397,116491056.000
2012-07-17,8.62,8.67,8.61,8.64,5920895,52848164.000
2012-07-18,8.62,8.67,8.61,8.65,7877585,70297592.000
2012-07-19,8.65,8.74,8.64,8.72,15236164,136996960.000
2012-07-20,8.72,8.73,8.66,8.70,9511075,85328160.000
2012-07-23,8.67,8.67,8.58,8.60,6929722,61642924.000
2012-07-24,8.58,8.63,8.56,8.58,6909164,61274068.000
2012-07-25,8.57,8.60,8.54,8.59,5753274,50904588.000
2012-07-26,8.58,8.61,8.53,8.54,6609089,58474056.000
2012-07-27,8.57,8.62,8.55,8.61,8793825,77933072.000
2012-07-30,8.61,8.62,8.54,8.57,7585776,67302936.000
2012-07-31,8.58,8.68,8.57,8.58,12135906,107982560.000
2012-08-01,8.60,8.65,8.59,8.63,7058005,62844640.000
2012-08-02,8.62,8.64,8.59,8.63,5930471,52760432.000
2012-08-03,8.62,8.75,8.60,8.74,12010936,107721736.000
2012-08-06,8.72,8.77,8.72,8.74,10825698,97771192.000
2012-08-07,8.74,8.76,8.71,8.73,9881843,89051784.000
2012-08-08,8.75,8.76,8.70,8.74,11922303,107412592.000
2012-08-09,8.75,8.76,8.70,8.75,6573422,59278768.000
2012-08-10,8.77,8.77,8.72,8.72,6130612,55294248.000
2012-08-13,8.70,8.72,8.66,8.70,9187256,82459008.000
2012-08-14,8.71,8.74,8.68,8.70,6871340,61794648.000
2012-08-15,8.70,8.71,8.62,8.63,6164066,55075960.000
2012-08-16,8.61,8.66,8.60,8.63,3906329,34827272.000
2012-08-17,8.63,8.72,8.63,8.68,10583312,94884536.000
2012-08-20,8.65,8.68,8.59,8.63,5315854,47309948.000
2012-08-21,8.62,8.67,8.59,8.65,8637289,76949496.000
2012-08-22,8.65,8.65,8.59,8.64,6412589,57022840.000
2012-08-23,8.62,8.65,8.56,8.60,11698670,103988376.000
2012-08-24,8.60,8.60,8.55,8.57,8989743,79586160.000
2012-08-27,8.54,8.56,8.49,8.49,9852385,86657672.000
2012-08-28,8.47,8.80,8.44,8.67,26220503,233733424.000
2012-08-29,8.62,8.68,8.51,8.53,13626163,121105688.000
2012-08-30,8.50,8.60,8.50,8.59,7388964,65306920.000
2012-08-31,8.55,8.63,8.52,8.53,7943930,70267184.000
2012-09-03,8.56,8.57,8.51,8.53,12966301,114356680.000
2012-09-04,8.53,8.57,8.48,8.50,9497865,83578808.000
2012-09-05,8.48,8.53,8.46,8.49,5879331,51531760.000
2012-09-06,8.49,8.52,8.47,8.50,7910344,69370968.000
2012-09-07,8.52,8.75,8.52,8.72,26929232,240745600.000
2012-09-10,8.73,8.74,8.65,8.71,13537179,121479696.000
2012-09-11,8.72,8.72,8.60,8.63,11708803,104430304.000
2012-09-12,8.66,8.68,8.60,8.65,8733703,77861192.000
2012-09-13,8.64,8.66,8.60,8.61,7244932,64515612.000
2012-09-14,8.65,8.70,8.62,8.67,12004187,107413144.000
2012-09-17,8.67,8.69,8.61,8.61,10719294,95752312.000
2012-09-18,8.62,8.75,8.57,8.65,12552501,110286328.000
2012-09-19,8.67,8.69,8.60,8.65,9390635,82390768.000
2012-09-20,8.61,8.63,8.49,8.50,12414761,107841664.000
2012-09-21,8.50,8.59,8.49,8.54,10974795,95180168.000
2012-09-24,8.50,8.56,8.47,8.49,9303101,80244080.000
2012-09-25,8.50,8.55,8.48,8.53,7155590,61901180.000
2012-09-26,8.55,8.56,8.34,8.39,10629779,91028112.000
2012-09-27,8.39,8.83,8.37,8.59,17219284,149903808.000
2012-09-28,8.56,8.67,8.52,8.65,11878868,103716584.000
2012-10-08,8.65,8.70,8.57,8.59,7262901,63511892.000
2012-10-09,8.63,8.75,8.61,8.70,16497803,145763712.000
2012-10-10,8.70,8.74,8.68,8.72,7809952,69065048.000
2012-10-11,8.71,8.73,8.67,8.69,7384329,65188816.000
2012-10-12,8.72,8.82,8.68,8.72,10018658,88842992.000
2012-10-15,8.72,8.74,8.68,8.73,6214819,54951332.000
2012-10-16,8.73,8.76,8.68,8.74,9220587,81784680.000
2012-10-17,8.75,8.87,8.74,8.84,17547449,157066320.000
2012-10-18,8.85,8.93,8.83,8.86,21704012,195784048.000
2012-10-19,8.84,8.90,8.80,8.81,17046593,152852384.000
2012-10-22,8.78,8.82,8.64,8.72,32047482,282710528.000
2012-10-23,8.71,8.73,8.67,8.71,11281205,99616032.000
2012-10-24,8.69,8.73,8.67,8.71,8018018,70825704.000
2012-10-25,8.70,8.74,8.68,8.69,9694506,85765312.000
2012-10-26,8.68,8.70,8.57,8.60,14583083,127921400.000
2012-10-29,8.61,8.64,8.57,8.58,5193112,45302312.000
2012-10-30,8.59,8.66,8.56,8.61,10132922,88530048.000
2012-10-31,8.58,8.60,8.50,8.55,9813241,85109888.000
2012-11-01,8.55,8.66,8.54,8.61,14274486,124717448.000
2012-11-02,8.62,8.66,8.58,8.65,12132447,106205576.000
2012-11-05,8.63,8.67,8.60,8.66,13183382,115607856.000
2012-11-06,8.67,8.67,8.56,8.65,10545472,92351240.000
2012-11-07,8.64,8.72,8.62,8.69,9452662,83074816.000
2012-11-08,8.65,8.71,8.57,8.59,11307299,99177832.000
2012-11-09,8.56,8.61,8.55,8.56,7260336,63220448.000
2012-11-12,8.56,8.63,8.54,8.62,6946852,60511496.000
2012-11-13,8.61,8.61,8.48,8.50,9068735,78443888.000
2012-11-14,8.51,8.57,8.50,8.53,10422996,90343976.000
2012-11-15,8.50,8.59,8.47,8.48,11368207,98529760.000
2012-11-16,8.47,8.51,8.36,8.44,12517279,107023144.000
2012-11-19,8.44,8.46,8.39,8.43,6089717,52109532.000
2012-11-20,8.44,8.47,8.40,8.41,3581627,30647524.000
2012-11-21,8.41,8.49,8.37,8.46,9566784,81978704.000
2012-11-22,8.44,8.46,8.36,8.38,8671324,73986976.000
2012-11-23,8.40,8.43,8.38,8.39,5599117,47800276.000
2012-11-26,8.38,8.41,8.38,8.38,6744399,57486872.000
2012-11-27,8.38,8.48,8.37,8.43,12589249,107592744.000
2012-11-28,8.41,8.45,8.35,8.39,14106831,120279720.000
2012-11-29,8.39,8.41,8.35,8.37,6651276,56621648.000
2012-11-30,8.36,8.38,8.31,8.34,10969777,92986400.000
2012-12-03,8.34,8.38,8.32,8.34,7762842,65898528.000
2012-12-04,8.36,8.56,8.33,8.45,13257481,113068896.000
2012-12-05,8.45,8.58,8.40,8.56,37194375,321378656.000
2012-12-06,8.55,8.56,8.50,8.54,19016985,164668944.000
2012-12-07,8.53,8.62,8.50,8.58,20562755,178566656.000
2012-12-10,8.59,8.62,8.55,8.60,18963966,165334368.000
2012-12-11,8.58,8.58,8.52,8.56,12359104,107320360.000
2012-12-12,8.55,8.61,8.54,8.60,11370474,99057664.000
2012-12-13,8.58,8.59,8.53,8.55,7720971,67063528.000
2012-12-14,8.56,8.78,8.55,8.77,33930156,299737344.000
2012-12-17,8.77,8.83,8.73,8.78,30169332,268917728.000
2012-12-18,8.77,8.81,8.69,8.78,23577568,209380352.000
2012-12-19,8.77,8.82,8.74,8.77,20119454,179319904.000
2012-12-20,8.75,8.83,8.74,8.77,15559434,138867136.000
2012-12-21,8.78,8.82,8.66,8.69,19913290,176368768.000
2012-12-24,8.69,8.73,8.66,8.67,15698647,138388208.000
2012-12-25,8.67,8.88,8.62,8.84,36542105,324743968.000
2012-12-26,8.84,8.86,8.79,8.83,19207178,171918176.000
2012-12-27,8.84,8.90,8.78,8.79,19012986,170201952.000
2012-12-28,8.81,8.85,8.76,8.84,22170215,198085120.000
2012-12-31,8.85,8.94,8.80,8.91,38199598,343704064.000
2013-01-04,8.91,8.95,8.86,8.92,28263007,255609264.000
2013-01-07,8.91,8.98,8.89,8.92,31092581,282120896.000
2013-01-08,8.92,9.01,8.86,8.89,26267837,237897840.000
2013-01-09,8.88,8.92,8.85,8.89,18547363,167112976.000
2013-01-10,8.89,8.91,8.83,8.87,24606582,221510400.000
2013-01-11,8.87,8.89,8.76,8.78,20338531,181988768.000
2013-01-14,8.77,8.91,8.73,8.90,28312396,254068800.000
2013-01-15,8.91,8.93,8.87,8.90,25468601,229931296.000
2013-01-16,8.91,8.91,8.78,8.84,33066404,296503232.000
2013-01-17,8.85,8.85,8.77,8.78,16353525,146053296.000
2013-01-18,8.82,8.90,8.79,8.87,19568114,175514672.000
2013-01-21,8.90,9.03,8.89,8.98,47783723,434977920.000
2013-01-22,8.98,8.98,8.85,8.88,41163828,371457632.000
2013-01-23,8.88,8.93,8.85,8.91,23857447,215226912.000
2013-01-24,8.90,9.01,8.88,8.91,43279283,392616768.000
2013-01-25,8.90,8.92,8.85,8.87,18392909,165765968.000
2013-01-28,8.88,8.97,8.86,8.94,32832561,296966400.000
2013-01-29,8.93,8.95,8.89,8.94,30865273,279014784.000
2013-01-30,8.94,9.23,8.91,9.22,98016015,903929920.000
2013-01-31,9.22,9.23,9.07,9.13,55937691,518104384.000
2013-02-01,9.11,9.26,9.03,9.16,48462847,448728320.000
2013-02-04,9.17,9.37,9.13,9.23,60838604,570900544.000
2013-02-05,9.17,9.25,9.11,9.19,41364492,384699552.000
2013-02-06,9.18,9.23,9.11,9.14,33957409,315192768.000
2013-02-07,9.14,9.16,9.09,9.13,30185696,279389440.000
2013-02-08,9.13,9.21,9.12,9.20,37965924,353327552.000
2013-02-18,9.23,9.33,9.17,9.27,45684344,429022592.000
2013-02-19,9.26,9.30,9.12,9.15,31849240,297507680.000
2013-02-20,9.15,9.22,9.11,9.17,21681703,201474192.000
2013-02-21,9.14,9.14,8.91,8.92,35747741,326515424.000
2013-02-22,8.92,8.96,8.82,8.85,28898742,259937904.000
2013-02-25,8.90,8.95,8.86,8.88,18877334,170377856.000
2013-02-26,8.85,8.87,8.74,8.76,24652660,220601856.000
2013-02-27,8.76,8.86,8.75,8.83,20732116,184955824.000
2013-02-28,8.84,8.97,8.79,8.92,24470160,220634048.000
2013-03-01,8.92,8.93,8.85,8.88,16535536,148976000.000
2013-03-04,8.88,8.88,8.69,8.71,33854939,301248320.000
2013-03-05,8.71,8.80,8.63,8.73,25435666,224993824.000
2013-03-06,8.74,8.79,8.72,8.79,18108714,160903264.000
2013-03-07,8.79,8.80,8.67,8.72,28593980,253027024.000
2013-03-08,8.72,8.79,8.72,8.75,16599617,147573504.000
2013-03-11,8.73,8.78,8.70,8.75,9658165,85611888.000
2013-03-12,8.76,8.88,8.74,8.83,27136760,242431440.000
2013-03-13,8.82,8.85,8.71,8.73,21707811,193585632.000
2013-03-14,8.68,8.76,8.67,8.74,14502087,128138400.000
2013-03-15,8.72,8.82,8.70,8.79,22184472,197533392.000
2013-03-18,8.77,8.81,8.71,8.71,18208796,161733744.000
2013-03-19,8.76,8.77,8.69,8.76,13397726,118717600.000
2013-03-20,8.74,8.83,8.70,8.82,24525076,218411536.000
2013-03-21,8.82,8.82,8.78,8.80,17661437,157639488.000
2013-03-22,8.77,8.81,8.73,8.76,21185694,188506256.000
2013-03-25,8.79,8.85,8.78,8.80,24986915,223422816.000
2013-03-26,8.77,8.78,8.66,8.70,18549608,163804912.000
2013-03-27,8.71,8.75,8.67,8.69,12888643,113899608.000
2013-03-28,8.67,8.71,8.53,8.58,27915204,243540576.000
2013-03-29,8.58,8.61,8.53,8.56,11498207,99977016.000
2013-04-01,8.53,8.57,8.52,8.56,10172484,88195352.000
2013-04-02,8.56,8.64,8.54,8.60,10940725,95455600.000
2013-04-03,8.61,8.64,8.57,8.59,9345109,81621520.000
2013-04-08,8.54,8.54,8.43,8.48,16355555,140689504.000
2013-04-09,8.50,8.52,8.47,8.48,9881312,85153504.000
2013-04-10,8.49,8.64,8.46,8.52,15823657,137289024.000
2013-04-11,8.57,8.58,8.48,8.50,8373118,72369520.000
2013-04-12,8.49,8.61,8.46,8.50,14521545,125679792.000
2013-04-15,8.47,8.53,8.36,8.39,17823448,152400368.000
2013-04-16,8.38,8.42,8.32,8.40,12520401,106410424.000
2013-04-17,8.41,8.42,8.37,8.39,8652742,73712400.000
2013-04-18,8.37,8.45,8.33,8.35,17626052,149694656.000
2013-04-19,8.38,8.44,8.37,8.43,22611114,193332352.000
2013-04-22,8.41,8.45,8.39,8.44,13237322,113280360.000
2013-04-23,8.43,8.44,8.33,8.34,14391974,122063928.000
2013-04-24,8.36,8.40,8.32,8.38,12959515,109973072.000
2013-04-25,8.37,8.42,8.33,8.39,13210382,112405864.000
2013-04-26,8.39,8.42,8.34,8.35,14074849,119721176.000
2013-05-02,8.33,8.35,8.25,8.30,17618490,148375984.000
2013-05-03,8.31,8.42,8.30,8.37,15150219,128896816.000
2013-05-06,8.39,8.43,8.38,8.41,11503017,98263504.000
2013-05-07,8.41,8.43,8.37,8.40,13282508,113127632.000
2013-05-08,8.42,8.46,8.40,8.43,13722302,117435856.000
2013-05-09,8.45,8.45,8.38,8.40,8864866,75762096.000
2013-05-10,8.40,8.44,8.37,8.42,12217965,104323848.000
2013-05-13,8.40,8.42,8.35,8.37,11004410,93593112.000
2013-05-14,8.37,8.39,8.28,8.31,12593585,106429112.000
2013-05-15,8.31,8.34,8.29,8.32,7394761,62413372.000
2013-05-16,8.31,8.42,8.28,8.38,16334544,138741312.000
2013-05-17,8.37,8.48,8.36,8.46,24250008,207896544.000
2013-05-20,8.46,8.53,8.42,8.50,22194626,191076560.000
2013-05-21,8.49,8.50,8.45,8.47,12259838,105456744.000
2013-05-22,8.48,8.49,8.44,8.45,10376186,89176992.000
2013-05-23,8.44,8.46,8.37,8.38,13670822,116828520.000
2013-05-24,8.41,8.45,8.38,8.41,11061539,94530912.000
2013-05-27,8.42,8.46,8.39,8.42,11077379,94717608.000
2013-05-28,8.44,8.47,8.40,8.47,23197641,198572304.000
2013-05-29,8.47,8.49,8.45,8.45,20447549,175831920.000
2013-05-30,8.45,8.46,8.39,8.41,15125525,129400144.000
2013-05-31,8.42,8.45,8.39,8.39,10124959,86559232.000
2013-06-03,8.37,8.42,8.36,8.40,11196137,95427424.000
2013-06-04,8.40,8.42,8.35,8.37,15748588,133960776.000
2013-06-05,8.37,8.38,8.35,8.38,7287613,61944192.000
2013-06-06,8.42,8.42,8.36,8.37,9589137,80327104.000
2013-06-07,8.37,8.38,8.26,8.28,14924306,124120552.000
2013-06-13,8.28,8.29,8.03,8.11,25365959,205775232.000
2013-06-14,8.13,8.15,8.05,8.13,19709786,159425744.000
2013-06-17,8.13,8.24,8.01,8.13,22186669,179708288.000
2013-06-18,8.15,8.15,8.05,8.12,13589955,110054272.000
2013-06-19,8.09,8.13,8.03,8.12,11764150,95006256.000
2013-06-20,8.09,8.14,8.00,8.01,17095255,137574784.000
2013-06-21,7.98,8.00,7.84,7.88,22439859,177267376.000
2013-06-24,7.88,7.91,7.53,7.53,29315543,226804208.000
2013-06-25,7.53,7.57,7.08,7.39,43906534,322452704.000
2013-06-26,7.37,7.40,7.25,7.31,23174892,169203744.000
2013-06-27,7.32,7.39,7.30,7.36,21566708,158461760.000
2013-06-28,7.24,7.64,7.22,7.61,38864388,287598080.000
2013-07-01,7.48,7.74,7.44,7.69,34083194,260469072.000
2013-07-02,7.71,7.86,7.59,7.85,30883700,239378112.000
2013-07-03,7.81,8.05,7.80,8.02,39021968,308428928.000
2013-07-04,7.98,8.04,7.88,8.04,27540507,219428640.000
2013-07-05,7.97,8.07,7.95,8.06,20351652,162978912.000
2013-07-08,8.00,8.09,7.93,8.07,35566971,284831904.000
2013-07-09,8.03,8.13,7.99,8.10,25979706,209713344.000
2013-07-10,8.05,8.13,8.02,8.09,24733297,199716704.000
2013-07-11,8.08,8.21,8.03,8.14,44089131,358070560.000
2013-07-12,8.13,8.15,8.03,8.12,25917018,210041504.000
数据来源:通达信
