600512 腾达建设 日线
      日期	    开盘	    最高	    最低	    收盘	    成交量	    成交额
2007-01-11,1.79,1.95,1.77,1.86,17247969,70228096.000
2007-01-12,1.86,2.00,1.79,1.79,22124818,92007120.000
2007-01-15,1.78,1.90,1.75,1.90,10939615,44031564.000
2007-01-16,1.90,1.93,1.84,1.90,9708221,39914356.000
2007-01-17,1.92,2.00,1.85,1.91,14704450,62169752.000
2007-01-18,1.90,1.94,1.82,1.92,8293532,34004036.000
2007-01-19,1.92,1.99,1.91,1.98,13465783,57323184.000
2007-01-22,2.01,2.12,1.98,2.11,14550473,64769696.000
2007-01-23,2.11,2.23,2.07,2.21,17503324,81945480.000
2007-01-24,2.22,2.25,2.18,2.21,11296566,53942952.000
2007-01-25,2.18,2.20,2.01,2.01,11128724,50902412.000
2007-01-26,1.99,2.03,1.87,2.02,10335186,44042004.000
2007-01-29,2.04,2.11,1.99,2.08,9412057,41696572.000
2007-01-30,2.09,2.29,2.00,2.24,21411003,100551024.000
2007-01-31,2.25,2.36,2.17,2.20,20092137,98737712.000
2007-02-01,2.18,2.27,2.14,2.23,10130160,48493244.000
2007-02-02,2.23,2.27,2.06,2.07,8269089,38990736.000
2007-02-05,2.10,2.11,2.02,2.07,5637806,25335896.000
2007-02-06,2.07,2.20,2.07,2.20,4654933,21538432.000
2007-02-07,2.23,2.25,2.16,2.23,7867439,37633640.000
2007-02-08,2.24,2.36,2.19,2.33,15434507,75321032.000
2007-02-09,2.34,2.37,2.22,2.25,14044076,69169432.000
2007-02-12,2.25,2.33,2.25,2.28,12409985,60913048.000
2007-02-13,2.28,2.30,2.22,2.26,8202424,39931856.000
2007-02-14,2.27,2.38,2.26,2.34,13806862,68576800.000
2007-02-15,2.35,2.39,2.30,2.37,13930069,70277824.000
2007-02-16,2.37,2.52,2.35,2.42,14221023,74731896.000
2007-02-26,2.45,2.63,2.39,2.59,13875116,74816776.000
2007-02-27,2.61,2.66,2.32,2.32,17758558,94276776.000
2007-02-28,2.27,2.46,2.25,2.44,11678615,59169436.000
2007-03-01,2.42,2.42,2.29,2.31,10374652,52274984.000
2007-03-02,2.30,2.39,2.29,2.35,9942645,50181500.000
2007-03-05,2.35,2.40,2.28,2.38,9129735,46047356.000
2007-03-06,2.35,2.41,2.32,2.39,6751418,34423312.000
2007-03-07,2.39,2.46,2.37,2.45,9206260,48015612.000
2007-03-08,2.47,2.50,2.41,2.49,10105998,53246040.000
2007-03-09,2.49,2.52,2.42,2.50,12515462,66098332.000
2007-03-12,2.54,2.77,2.54,2.72,33245676,188393824.000
2007-03-13,2.72,2.89,2.65,2.82,26467990,156630800.000
2007-03-14,2.79,2.86,2.67,2.78,18729416,110601400.000
2007-03-15,2.80,2.92,2.80,2.84,14435296,87340384.000
2007-03-16,2.85,2.87,2.67,2.70,14585361,85575208.000
2007-03-19,2.62,2.79,2.58,2.75,8512590,49552172.000
2007-03-20,2.77,2.88,2.77,2.87,10469193,63358016.000
2007-03-21,2.88,2.92,2.80,2.88,8733868,52994872.000
2007-03-22,2.88,3.00,2.84,2.88,14894948,92030808.000
2007-03-23,2.94,3.13,2.90,3.08,21918839,139694944.000
2007-03-26,3.10,3.17,3.05,3.14,14099903,92653408.000
2007-03-27,3.13,3.20,3.07,3.14,10711148,70906848.000
2007-03-28,3.12,3.18,2.87,3.03,14248538,91750360.000
2007-03-29,3.06,3.09,2.90,2.90,10927172,68668696.000
2007-03-30,2.87,2.97,2.85,2.92,5337973,33038400.000
2007-04-02,2.95,3.07,2.92,3.02,7292669,46248112.000
2007-04-03,3.08,3.08,2.82,3.01,8022372,51076464.000
2007-04-04,3.03,3.14,3.01,3.11,14038166,92089936.000
2007-04-05,3.12,3.19,3.07,3.16,12565032,83398944.000
2007-04-06,3.12,3.22,3.08,3.22,12086186,81236776.000
2007-04-09,3.23,3.35,3.23,3.27,15354375,106532408.000
2007-04-10,3.27,3.31,3.12,3.22,12078921,81752048.000
2007-04-11,3.25,3.37,3.20,3.36,17676741,122103816.000
2007-04-12,3.41,3.58,3.38,3.52,22114320,161855888.000
2007-04-13,3.50,3.52,3.40,3.42,14246174,103759824.000
2007-04-16,3.40,3.50,3.39,3.48,11800376,85635520.000
2007-04-17,3.48,3.72,3.44,3.71,21428698,160761696.000
2007-04-18,3.71,3.92,3.62,3.84,17949659,141964064.000
2007-04-19,3.87,3.99,3.51,3.76,24936399,200867872.000
2007-04-20,3.85,4.15,3.85,4.15,21158516,178631568.000
2007-04-23,4.28,4.59,4.28,4.59,17554189,165886048.000
2007-04-27,4.64,5.06,4.64,4.72,24538291,249303872.000
2007-04-30,4.62,4.96,4.56,4.64,13951504,135377328.000
2007-05-08,4.75,4.88,4.63,4.71,16077383,158565856.000
2007-05-09,4.72,4.77,4.32,4.59,14126933,134590000.000
2007-05-10,4.61,4.80,4.60,4.67,11299656,110026240.000
2007-05-11,4.67,4.67,4.47,4.58,9315974,88460328.000
2007-05-14,4.52,4.85,4.45,4.82,14809834,145677472.000
2007-05-15,4.82,5.04,4.82,4.91,16349680,166995088.000
2007-05-16,4.93,5.11,4.77,4.97,17207641,175699008.000
2007-05-17,5.05,5.07,4.89,5.01,12898710,133097632.000
2007-05-21,4.74,4.95,4.74,4.95,11471919,113928080.000
2007-05-22,4.95,5.08,4.86,4.92,14517333,146730800.000
2007-05-23,4.97,5.19,4.88,5.18,19049718,195411472.000
2007-05-24,5.22,5.70,5.07,5.70,27796697,301386368.000
2007-05-25,5.86,6.05,5.64,5.79,25364257,300144544.000
2007-05-28,5.79,5.97,5.68,5.86,17286451,202980912.000
2007-05-29,5.86,5.91,5.74,5.86,11309448,133168328.000
2007-05-30,5.26,5.70,5.26,5.26,14180834,155827376.000
2007-05-31,4.87,5.09,4.72,4.85,15574279,151795440.000
2007-06-01,4.82,4.92,4.36,4.36,12585001,118555224.000
2007-06-04,4.24,4.35,3.91,3.91,9139570,74007800.000
2007-06-05,3.53,3.76,3.51,3.65,17683639,128713168.000
2007-06-06,3.67,3.89,3.45,3.82,22622017,172425424.000
2007-06-07,3.84,3.97,3.74,3.95,16972799,134081088.000
2007-06-08,3.92,4.13,3.88,3.99,13820611,113095040.000
2007-06-11,4.00,4.06,3.86,3.89,12825269,103193760.000
2007-06-12,3.91,3.96,3.50,3.83,15245237,116148816.000
2007-06-13,3.83,4.22,3.83,4.22,22523674,188289024.000
2007-06-14,4.26,4.39,4.12,4.13,20731690,179794224.000
2007-06-15,4.07,4.18,3.97,4.03,8872525,73487224.000
2007-06-18,4.14,4.18,4.07,4.09,9456811,79196856.000
2007-06-19,4.09,4.28,4.07,4.26,12686131,108115936.000
2007-06-20,4.28,4.34,4.03,4.05,11559575,99417168.000
2007-06-21,4.04,4.11,3.84,3.93,8887132,71537656.000
2007-06-22,3.92,3.98,3.53,3.55,10114888,75876960.000
2007-06-25,3.57,3.62,3.18,3.18,9097357,62119692.000
2007-06-26,3.06,3.25,2.93,3.24,7634398,48198836.000
2007-06-27,3.27,3.34,3.17,3.29,7201052,48364000.000
2007-06-28,3.30,3.48,3.12,3.12,9116945,62451880.000
2007-06-29,3.11,3.24,2.91,3.14,8542465,54118384.000
2007-07-02,3.39,3.46,3.37,3.46,7299175,51405784.000
2007-07-03,3.80,3.80,3.56,3.68,22541862,169585504.000
2007-07-04,3.59,3.65,3.47,3.54,7973047,57662540.000
2007-07-05,3.42,3.52,3.18,3.18,6094070,41409036.000
2007-07-06,3.18,3.44,3.01,3.43,9028042,60557140.000
2007-07-09,3.44,3.63,3.43,3.56,9539136,68768816.000
2007-07-10,3.55,3.55,3.33,3.45,7454490,52091296.000
2007-07-11,3.46,3.60,3.42,3.50,8734989,62528656.000
2007-07-12,3.48,3.51,3.41,3.46,3701605,26134282.000
2007-07-13,3.48,3.48,3.36,3.39,2600400,18031890.000
2007-07-16,3.35,3.41,3.18,3.18,3263862,21909176.000
2007-07-17,3.18,3.30,3.16,3.26,2432954,16242050.000
2007-07-18,3.25,3.30,3.22,3.25,2415338,16131438.000
2007-07-19,3.25,3.27,3.17,3.23,1754597,11612447.000
2007-07-20,3.23,3.51,3.22,3.41,5107099,35294876.000
2007-07-23,3.43,3.62,3.43,3.60,8405947,61037348.000
2007-07-24,3.61,3.78,3.57,3.60,10806317,81653488.000
2007-07-25,3.62,3.75,3.58,3.70,7561913,56765308.000
2007-07-26,3.73,3.84,3.70,3.84,9454839,73028392.000
2007-07-27,3.82,3.90,3.76,3.86,9015086,70631784.000
2007-07-30,3.92,3.97,3.83,3.91,9204749,73671352.000
2007-07-31,3.92,4.26,3.89,4.22,16048994,133611400.000
2007-08-01,4.36,4.38,3.90,3.91,20580201,174481872.000
2007-08-02,3.89,4.11,3.85,4.05,8035293,65612964.000
2007-08-03,4.09,4.09,3.93,4.00,7089487,57886280.000
2007-08-06,3.99,4.30,3.93,4.28,14446601,121038504.000
2007-08-07,4.32,4.32,4.11,4.15,13286025,113855408.000
2007-08-08,4.12,4.12,3.92,4.02,6093512,50043828.000
2007-08-09,3.99,4.04,3.95,3.99,6930129,56364792.000
2007-08-10,3.97,3.98,3.77,3.86,5919062,46784384.000
2007-08-13,3.82,3.89,3.75,3.85,4250375,33188100.000
2007-08-14,3.85,4.01,3.85,3.97,4369567,35289564.000
2007-08-15,3.97,3.99,3.78,3.87,4271933,33778268.000
2007-08-16,3.85,3.97,3.78,3.93,3973791,31459460.000
2007-08-17,3.93,4.05,3.88,3.88,4696168,38012960.000
2007-08-20,3.95,4.17,3.95,4.07,5670212,46953864.000
2007-08-21,4.07,4.14,3.98,4.12,9655671,80142728.000
2007-08-22,4.11,4.35,4.07,4.28,19307489,167034240.000
2007-08-23,4.26,4.26,4.12,4.19,7986929,68130840.000
2007-08-24,4.19,4.26,4.09,4.13,6386377,54232692.000
2007-08-27,4.22,4.22,4.01,4.04,6764969,56230824.000
2007-08-28,4.09,4.22,4.05,4.11,7222905,60692248.000
2007-08-29,4.10,4.34,4.00,4.27,13160877,111802208.000
2007-08-30,4.38,4.70,4.38,4.53,28463532,264095232.000
2007-08-31,4.45,4.57,4.42,4.47,11895383,108498728.000
2007-09-03,4.49,4.60,4.45,4.54,10555519,97358904.000
2007-09-04,4.55,4.56,4.37,4.38,9608719,86789856.000
2007-09-05,4.39,4.45,4.24,4.32,7472897,65841032.000
2007-09-06,4.38,4.47,4.33,4.39,7215297,64567256.000
2007-09-07,4.43,4.66,4.42,4.45,18352656,170125296.000
2007-09-10,4.49,4.80,4.47,4.72,16923680,159657520.000
2007-09-11,4.75,4.80,4.24,4.27,12577201,116617088.000
2007-09-12,4.27,4.40,4.07,4.36,9057097,78156272.000
2007-09-13,4.35,4.56,4.30,4.55,8665741,78120784.000
2007-09-14,4.68,4.76,4.55,4.64,20523663,195008128.000
2007-09-17,4.65,4.73,4.56,4.66,12795642,121155776.000
2007-09-18,4.71,4.74,4.40,4.59,9645748,89899592.000
2007-09-19,4.64,4.80,4.55,4.72,13699431,130995240.000
2007-09-20,4.74,4.88,4.63,4.86,15289140,148570224.000
2007-09-21,4.82,4.86,4.52,4.72,8649820,82568056.000
2007-09-24,4.78,4.82,4.54,4.67,6658308,62845216.000
2007-09-25,4.67,4.67,4.47,4.51,5825119,53814336.000
2007-09-26,4.55,4.64,4.45,4.51,4120795,38077136.000
2007-09-27,4.55,4.59,4.49,4.52,3213615,29658404.000
2007-09-28,4.52,4.63,4.52,4.57,4390650,40898564.000
2007-10-08,4.67,4.87,4.57,4.82,13872744,134511760.000
2007-10-09,4.80,4.84,4.67,4.78,8662075,83752944.000
2007-10-10,4.82,4.82,4.57,4.58,7166565,68098384.000
2007-10-11,4.58,4.64,4.42,4.45,5095440,46862864.000
2007-10-12,4.38,4.47,4.01,4.22,7284893,62303252.000
2007-10-15,4.24,4.37,4.18,4.22,3951796,34206680.000
2007-10-17,4.35,4.37,4.19,4.26,3613178,31295088.000
2007-10-18,4.22,4.30,4.07,4.22,3986677,33687704.000
2007-10-19,4.20,4.38,4.07,4.38,6233202,55049876.000
2007-10-22,4.44,4.78,4.38,4.64,20261378,191963424.000
2007-10-23,4.71,4.72,4.24,4.37,7293960,66229496.000
2007-10-24,4.36,4.51,4.19,4.20,4198290,36967716.000
2007-10-25,4.15,4.15,3.77,3.77,6482833,51291692.000
2007-10-26,3.71,3.77,3.44,3.67,3647699,27101452.000
2007-10-29,3.67,3.77,3.58,3.72,2211807,16488476.000
2007-10-30,3.72,3.79,3.63,3.78,2254595,17042522.000
2007-10-31,3.82,3.91,3.75,3.89,3483472,27388600.000
2007-11-01,3.90,3.90,3.67,3.67,2769431,21228956.000
2007-11-02,3.65,3.74,3.60,3.61,2604115,19379108.000
2007-11-05,3.62,3.72,3.55,3.68,1959060,14654131.000
2007-11-06,3.67,3.76,3.65,3.74,1778459,13475319.000
2007-11-07,3.71,3.80,3.63,3.78,1810438,13680560.000
2007-11-08,3.92,3.92,3.65,3.71,2560726,19615888.000
2007-11-09,3.67,3.82,3.57,3.79,2263326,16967616.000
2007-11-12,3.72,3.91,3.69,3.90,4424120,34622200.000
2007-11-13,3.97,4.09,3.90,3.96,10644568,87311488.000
2007-11-14,4.00,4.01,3.86,4.01,3854003,31032662.000
2007-11-15,4.09,4.22,3.99,4.01,6656750,55775320.000
2007-11-16,3.92,3.97,3.88,3.97,2136891,17105798.000
2007-11-19,3.97,4.07,3.88,4.04,2808696,22789782.000
2007-11-20,3.95,4.07,3.95,4.00,2333609,19145888.000
2007-11-21,4.03,4.06,3.90,3.93,2042238,16505224.000
2007-11-22,3.90,3.90,3.65,3.69,1693460,13125037.000
2007-11-23,3.60,4.07,3.60,4.06,7972202,65199876.000
2007-11-26,4.09,4.17,3.99,4.01,3498946,28990512.000
2007-11-27,3.99,4.14,3.97,4.09,3574385,29728386.000
2007-11-28,4.14,4.14,4.02,4.05,1818392,15081199.000
2007-11-29,4.02,4.09,3.95,4.08,2365321,19522152.000
2007-11-30,4.08,4.08,3.95,3.95,1619233,13186069.000
2007-12-03,3.87,3.97,3.86,3.91,1415617,11286480.000
2007-12-04,3.92,3.96,3.89,3.91,1207969,9650892.000
2007-12-05,3.93,3.95,3.89,3.95,1905738,15265442.000
2007-12-06,3.95,4.01,3.95,3.99,1275338,10355830.000
2007-12-07,3.97,4.17,3.97,4.12,4851509,40498256.000
2007-12-10,4.22,4.49,4.22,4.24,12126611,106317880.000
2007-12-11,4.20,4.34,4.17,4.32,5901121,51040204.000
2007-12-12,4.27,4.36,4.22,4.28,3494056,30690238.000
2007-12-13,4.26,4.37,4.18,4.18,4133686,36269788.000
2007-12-14,4.14,4.24,4.07,4.23,2364709,20081580.000
2007-12-17,4.22,4.36,4.21,4.25,3039698,26528870.000
2007-12-18,4.23,4.26,4.13,4.13,1778783,15199731.000
2007-12-19,4.18,4.28,4.15,4.24,1848266,15901801.000
2007-12-20,4.27,4.34,4.19,4.34,4687867,41032732.000
2007-12-21,4.32,4.39,4.30,4.36,3146476,27860092.000
2007-12-24,4.41,4.45,4.33,4.36,5517929,49379840.000
2007-12-25,4.37,4.41,4.32,4.38,3581261,31856150.000
2007-12-26,4.39,4.53,4.38,4.53,5730201,51994028.000
2007-12-27,4.57,4.65,4.56,4.59,7482590,69936016.000
2007-12-28,4.64,4.66,4.55,4.57,4378198,40978988.000
2008-01-02,4.61,4.86,4.55,4.82,9335449,90183016.000
2008-01-03,4.87,5.15,4.83,5.10,13992210,142579920.000
2008-01-04,5.12,5.15,4.95,5.03,6640573,67790864.000
2008-01-07,5.07,5.32,5.07,5.26,8729480,92818056.000
2008-01-08,5.28,5.34,4.93,5.06,7860019,81841808.000
2008-01-09,5.01,5.27,4.97,5.26,7286828,76110032.000
2008-01-10,5.28,5.55,5.11,5.14,12525821,133253344.000
2008-01-11,5.15,5.20,5.01,5.03,11400491,117136720.000
2008-01-18,4.91,5.09,4.91,5.05,8881633,90392512.000
2008-01-21,5.05,5.07,4.71,4.72,5740080,57155712.000
2008-01-22,4.72,4.72,4.24,4.28,6132767,55222336.000
2008-01-23,4.34,4.71,4.34,4.71,6921434,64251284.000
2008-01-24,4.75,5.01,4.70,4.86,8825163,87852608.000
2008-01-25,4.66,4.82,4.66,4.71,13509866,130723648.000
2008-01-28,4.67,4.78,4.34,4.40,4711586,43425044.000
2008-01-29,4.42,4.59,4.35,4.51,2369289,21569124.000
2008-01-30,4.56,4.64,4.42,4.51,3196738,29563880.000
2008-01-31,4.49,4.61,4.35,4.37,2463201,22344982.000
2008-02-01,4.38,4.46,3.93,4.05,4071709,34073232.000
2008-02-04,4.22,4.41,4.17,4.39,3644779,32153816.000
2008-02-05,4.36,4.50,4.32,4.44,3284212,29499308.000
2008-02-13,4.41,4.48,4.31,4.47,2914438,26070000.000
2008-02-14,4.56,4.62,4.43,4.61,7856769,72775704.000
2008-02-15,4.61,4.61,4.43,4.58,5736983,52641204.000
2008-02-18,4.59,4.72,4.53,4.67,7825123,73923720.000
2008-02-19,4.74,4.86,4.70,4.82,14206940,138174496.000
2008-02-20,4.77,4.80,4.61,4.63,6710232,64050388.000
2008-02-21,4.59,4.70,4.52,4.56,6363223,59584908.000
2008-02-22,4.57,4.65,4.37,4.47,5529052,50619376.000
2008-02-25,4.47,4.52,4.37,4.38,3659451,32983284.000
2008-02-26,4.48,4.51,4.30,4.43,3161900,28219762.000
2008-02-27,4.49,4.54,4.41,4.53,4085536,37439964.000
2008-02-28,4.51,4.57,4.47,4.51,2354075,21668652.000
2008-02-29,4.51,4.70,4.49,4.66,7720747,72383456.000
2008-03-03,4.61,4.80,4.57,4.80,10662312,102384816.000
2008-03-04,4.82,4.84,4.66,4.68,14238004,137294480.000
2008-03-05,4.69,4.78,4.57,4.74,8122438,77607112.000
2008-03-06,4.77,4.95,4.76,4.82,16883566,167091536.000
2008-03-07,4.82,4.84,4.64,4.70,6080006,58626216.000
2008-03-10,4.61,4.72,4.47,4.52,4370175,40835872.000
2008-03-11,4.47,4.59,4.39,4.59,3244504,29646316.000
2008-03-12,4.63,4.68,4.45,4.47,3031688,28080228.000
2008-03-13,4.39,4.51,4.20,4.30,3782756,33579460.000
2008-03-14,4.22,4.36,4.22,4.26,2314911,20187376.000
2008-03-17,4.27,4.27,3.87,3.89,3998796,33085864.000
2008-03-18,3.93,3.99,3.49,3.58,4402180,33127692.000
2008-03-19,3.60,3.80,3.60,3.72,3398980,25661426.000
2008-03-20,3.67,3.89,3.41,3.80,4726629,35662972.000
2008-03-21,3.79,3.89,3.73,3.85,3479481,27228944.000
2008-03-25,3.64,3.87,3.62,3.87,3314996,25347462.000
2008-03-26,3.88,3.91,3.76,3.80,2259424,17728564.000
2008-03-27,3.77,3.77,3.58,3.59,2402379,17899556.000
2008-03-28,3.57,3.72,3.52,3.71,2492132,18527192.000
2008-03-31,3.62,3.69,3.48,3.50,2310839,16834760.000
2008-04-01,3.51,3.57,3.14,3.14,3727285,25252666.000
2008-04-02,3.21,3.26,2.95,2.97,3174567,20024068.000
2008-04-03,3.00,3.15,2.95,3.10,2439723,15221391.000
2008-04-07,3.02,3.38,3.01,3.38,2909515,19285364.000
2008-04-08,3.37,3.51,3.30,3.39,4885590,34101792.000
2008-04-09,3.37,3.50,3.27,3.31,4622507,32322580.000
2008-04-10,3.26,3.42,3.21,3.42,4843236,32802178.000
2008-04-11,3.41,3.46,3.38,3.43,3497254,24488548.000
2008-04-14,3.37,3.37,3.12,3.13,2298656,15203064.000
2008-04-15,2.96,3.15,2.91,3.15,4078253,25031300.000
2008-04-16,3.12,3.12,2.94,3.01,2961021,18318088.000
2008-04-17,3.00,3.06,2.88,2.90,2167502,13139092.000
2008-04-18,2.88,2.89,2.62,2.63,2927605,16555539.000
2008-04-21,2.86,2.88,2.62,2.63,3044758,17178216.000
2008-04-22,2.62,2.62,2.44,2.60,1948085,10235102.000
2008-04-23,2.56,2.75,2.53,2.71,2278963,12539507.000
2008-04-24,2.99,2.99,2.89,2.99,7875750,47983748.000
2008-04-25,2.98,3.13,2.93,3.02,6429570,40109564.000
2008-04-28,2.99,3.00,2.92,2.92,3462437,21043916.000
2008-04-29,2.92,2.99,2.92,2.97,2724476,16583663.000
2008-04-30,3.00,3.14,2.97,3.11,4550810,28770832.000
2008-05-05,3.13,3.26,3.11,3.23,4506264,29518472.000
2008-05-06,3.19,3.23,3.12,3.14,5685157,36916400.000
2008-05-07,3.12,3.17,3.03,3.08,5226041,33116410.000
2008-05-08,3.07,3.30,3.04,3.29,7811700,51163432.000
2008-05-09,3.35,3.36,3.15,3.24,10366199,69709008.000
2008-05-13,3.15,3.34,3.11,3.29,6717884,44998536.000
2008-05-14,3.30,3.41,3.28,3.35,7083675,48599096.000
2008-05-15,3.38,3.43,3.32,3.33,5793716,40113616.000
2008-05-16,3.30,3.33,3.18,3.22,4228536,28178854.000
2008-05-19,3.20,3.36,3.20,3.28,3470772,23400900.000
2008-05-20,3.29,3.61,3.27,3.61,37808631,275092320.000
2008-05-21,3.51,3.97,3.43,3.97,45823644,353073984.000
2008-05-23,4.38,4.38,3.57,3.57,28477256,212484176.000
2008-05-26,3.47,3.64,3.28,3.35,15797130,110505808.000
2008-05-27,3.36,3.39,3.17,3.21,10560156,70828944.000
2008-05-28,3.23,3.36,3.22,3.28,7780986,52453524.000
2008-05-29,3.28,3.40,3.22,3.26,9158966,62386016.000
2008-05-30,3.28,3.31,3.13,3.21,7538755,49350928.000
2008-06-02,3.19,3.31,3.17,3.27,5977359,39678516.000
2008-06-03,3.22,3.29,3.09,3.15,6952223,45100172.000
2008-06-04,3.16,3.18,2.96,3.02,6327238,39480016.000
2008-06-05,3.01,3.06,2.97,3.01,2807278,17408704.000
2008-06-06,3.02,3.05,2.99,3.01,2420496,14973411.000
2008-06-10,3.07,3.31,3.02,3.15,19459489,125689288.000
2008-06-11,3.10,3.10,2.83,2.93,10389001,62432064.000
2008-06-12,2.89,2.91,2.71,2.78,6334372,36390748.000
2008-06-13,2.85,2.90,2.68,2.69,4097054,23632896.000
2008-06-16,2.67,2.77,2.60,2.65,3075208,16944492.000
2008-06-17,2.65,2.70,2.44,2.45,3789143,20017304.000
2008-06-18,2.42,2.63,2.38,2.61,5524989,28934164.000
2008-06-19,2.56,2.64,2.38,2.38,4960924,25655154.000
2008-06-20,2.45,2.55,2.30,2.43,3937044,19909396.000
2008-06-23,2.42,2.49,2.38,2.43,2257736,11353841.000
2008-06-24,2.43,2.54,2.43,2.52,2581829,13315226.000
2008-06-25,2.52,2.66,2.50,2.63,3630623,19488256.000
2008-06-26,2.64,2.67,2.58,2.63,3982028,21545454.000
2008-06-27,2.57,2.57,2.38,2.42,4023292,20556660.000
2008-06-30,2.42,2.47,2.37,2.44,2115333,10578763.000
2008-07-01,2.46,2.47,2.37,2.43,1388954,6830587.000
2008-07-02,2.41,2.48,2.38,2.42,1385849,6892579.000
2008-07-03,2.40,2.58,2.38,2.53,2793745,14187597.000
2008-07-04,2.53,2.55,2.47,2.48,2344285,11919017.000
2008-07-07,2.49,2.63,2.48,2.62,4746211,24903108.000
2008-07-08,2.64,2.65,2.57,2.63,3865949,20531816.000
2008-07-09,2.64,2.72,2.62,2.71,5231549,28511108.000
2008-07-10,2.66,2.75,2.63,2.66,5091465,27931636.000
2008-07-11,2.64,2.68,2.56,2.61,3337778,17577688.000
2008-07-14,2.58,2.64,2.58,2.63,3090867,16408250.000
2008-07-15,2.66,2.70,2.57,2.59,3390748,18121568.000
2008-07-16,2.57,2.59,2.40,2.46,2943466,14869389.000
2008-07-17,2.50,2.52,2.40,2.42,2296295,11508714.000
2008-07-18,2.46,2.54,2.41,2.54,2259270,11380752.000
2008-07-21,2.51,2.68,2.51,2.66,4495653,23916280.000
2008-07-22,2.65,2.73,2.61,2.72,5838861,31825012.000
2008-07-23,2.77,2.86,2.66,2.68,8711996,48839744.000
2008-07-24,2.67,2.76,2.64,2.74,4988498,27577728.000
2008-07-25,2.70,2.74,2.67,2.70,2588399,14210855.000
2008-07-28,2.71,2.75,2.70,2.72,2493518,13814328.000
2008-07-29,2.71,2.72,2.63,2.71,2573138,13928136.000
2008-07-30,2.75,2.83,2.71,2.80,8474486,47946368.000
2008-07-31,2.82,2.86,2.75,2.80,8156134,46445340.000
2008-08-01,2.80,2.84,2.61,2.70,10470017,57521908.000
2008-08-04,2.67,2.70,2.61,2.63,3275060,17585768.000
2008-08-05,2.59,2.76,2.59,2.63,2966876,16026332.000
2008-08-06,2.65,2.67,2.58,2.64,2342834,12474288.000
2008-08-07,2.62,2.65,2.58,2.64,2196946,11672459.000
2008-08-08,2.64,2.69,2.44,2.46,3709546,19446712.000
2008-08-11,2.47,2.49,2.21,2.22,3368640,15956701.000
2008-08-12,2.22,2.27,2.17,2.23,1719654,7772899.000
2008-08-13,2.24,2.24,2.10,2.20,2502708,11119353.000
2008-08-14,2.18,2.23,2.17,2.21,996750,4471108.000
2008-08-15,2.21,2.24,2.16,2.21,1098146,4937969.000
2008-08-18,2.23,2.24,1.98,1.98,1534779,6511593.000
2008-08-19,1.96,2.03,1.96,2.02,1441509,5865252.000
2008-08-20,2.00,2.19,1.91,2.18,4463361,19044828.000
2008-08-21,2.11,2.17,2.04,2.05,2719132,11617982.000
2008-08-22,2.05,2.05,1.96,2.01,1922151,7837664.000
2008-08-25,2.01,2.15,1.98,2.10,3885166,16558262.000
2008-08-26,2.08,2.14,1.97,2.05,4976474,21055116.000
2008-08-27,2.04,2.14,2.00,2.12,4997805,21320374.000
2008-08-28,2.14,2.14,2.07,2.08,2420437,10345966.000
2008-08-29,2.05,2.15,2.03,2.13,3903413,16739044.000
2008-09-01,2.09,2.12,1.99,2.04,2794867,11659500.000
2008-09-02,2.01,2.08,1.99,2.06,1495599,6219075.000
2008-09-03,2.05,2.08,2.00,2.06,2091307,8682136.000
2008-09-04,2.05,2.13,2.05,2.11,2306677,9819412.000
2008-09-05,2.06,2.18,2.02,2.10,9090624,39442912.000
2008-09-08,2.10,2.12,1.95,1.96,4203074,17401812.000
2008-09-09,1.99,2.00,1.95,2.00,2228479,9000753.000
2008-09-11,2.01,2.04,1.96,1.96,1873164,7608107.000
2008-09-12,1.99,2.00,1.96,1.97,1178951,4748850.000
2008-09-16,1.97,1.99,1.86,1.87,2079885,8203757.000
2008-09-17,1.88,1.90,1.84,1.89,1791297,6829574.000
2008-09-18,1.85,1.89,1.73,1.88,2996388,11182683.000
2008-09-19,2.06,2.07,1.98,2.07,5579904,23323712.000
2008-09-22,2.19,2.28,2.07,2.13,8150884,36037944.000
2008-09-23,2.06,2.06,1.95,1.95,3493521,14239227.000
2008-09-24,1.93,1.99,1.89,1.98,2075841,8265384.000
2008-09-25,1.98,2.04,1.96,2.02,4476124,18397038.000
2008-09-26,2.02,2.03,1.96,2.00,4001782,16334101.000
2008-10-06,1.97,1.99,1.91,1.97,2897476,11545338.000
2008-10-07,1.93,2.04,1.91,2.03,4021446,16354601.000
2008-10-08,2.01,2.06,1.97,2.00,7115011,29322072.000
2008-10-09,2.04,2.04,1.90,1.91,3129904,12579349.000
2008-10-10,1.86,1.86,1.76,1.80,2673425,9878275.000
2008-10-13,1.80,1.84,1.72,1.83,2345697,8549620.000
2008-10-14,1.88,1.89,1.77,1.77,3017547,11383393.000
2008-10-15,1.77,1.82,1.76,1.78,1227321,4481802.000
2008-10-16,1.71,1.75,1.68,1.70,1909749,6709927.000
2008-10-17,1.68,1.76,1.68,1.70,1267389,4431579.000
2008-10-20,1.66,1.75,1.66,1.74,1299958,4573852.000
2008-10-21,1.74,1.75,1.71,1.72,1349350,4787401.000
2008-10-22,1.71,1.72,1.66,1.67,1052513,3639364.000
2008-10-23,1.66,1.68,1.62,1.67,1339489,4525758.000
2008-10-24,1.67,1.69,1.63,1.65,1229994,4189879.000
2008-10-27,1.63,1.75,1.58,1.59,3987415,13534767.000
2008-10-28,1.51,1.62,1.51,1.60,2982669,9509383.000
2008-10-29,1.61,1.63,1.51,1.52,1777243,5759918.000
2008-10-30,1.52,1.57,1.52,1.54,1444600,4585751.000
2008-10-31,1.54,1.56,1.51,1.52,1216124,3826338.000
2008-11-03,1.52,1.53,1.49,1.50,897592,2779032.000
2008-11-04,1.50,1.50,1.45,1.47,1208178,3657221.000
2008-11-05,1.49,1.57,1.48,1.55,3868986,12230928.000
2008-11-06,1.53,1.68,1.51,1.64,8961341,29657596.000
2008-11-07,1.59,1.66,1.58,1.64,4111243,13659809.000
2008-11-10,1.70,1.81,1.68,1.81,9206665,33142072.000
2008-11-11,1.83,1.91,1.78,1.81,10814269,40868016.000
2008-11-12,1.78,1.89,1.76,1.88,6603050,24504844.000
2008-11-13,1.90,2.00,1.90,1.96,13328732,53260160.000
2008-11-14,1.96,2.01,1.91,2.00,13175003,52835624.000
2008-11-17,2.00,2.21,1.96,2.16,15606067,66070144.000
2008-11-18,2.13,2.20,1.95,1.96,20049134,84636152.000
2008-11-19,1.96,2.13,1.96,2.10,16134842,67650680.000
2008-11-20,2.05,2.10,1.96,2.04,10334471,42976668.000
2008-11-21,1.96,2.08,1.91,2.01,9215651,37508168.000
2008-11-24,2.02,2.04,1.85,1.86,6092981,24070108.000
2008-11-25,1.91,1.93,1.81,1.87,4613738,17611896.000
2008-11-26,1.88,1.96,1.86,1.92,5337729,20990202.000
2008-11-27,2.10,2.11,1.92,1.94,13981503,57846372.000
2008-11-28,1.91,2.02,1.89,2.01,8807933,35574952.000
2008-12-01,2.08,2.14,2.02,2.14,17455409,74088184.000
2008-12-02,2.08,2.13,2.03,2.09,13129608,55728088.000
2008-12-03,2.11,2.17,2.07,2.14,14392133,62140524.000
2008-12-04,2.17,2.20,2.09,2.13,15817004,69069976.000
2008-12-05,2.15,2.18,2.08,2.18,11691683,50744068.000
2008-12-08,2.20,2.24,2.17,2.21,16928712,76047040.000
2008-12-09,2.21,2.21,2.10,2.10,11098804,48519064.000
2008-12-10,2.09,2.16,2.07,2.14,8153015,35107208.000
2008-12-11,2.14,2.15,2.04,2.05,7552430,32252764.000
2008-12-12,2.02,2.06,1.92,1.96,7979757,32407672.000
2008-12-15,1.99,2.02,1.95,1.99,4879980,19772910.000
2008-12-16,1.98,2.05,1.96,2.05,5263843,21675120.000
2008-12-17,2.05,2.08,2.04,2.05,5610448,23490772.000
2008-12-18,2.06,2.07,2.02,2.07,4078598,17012046.000
2008-12-19,2.07,2.10,2.06,2.07,5678656,24074604.000
2008-12-22,2.05,2.09,2.03,2.06,3491567,14638922.000
2008-12-23,2.07,2.09,1.92,1.92,6338400,25732900.000
2008-12-24,1.92,1.93,1.83,1.86,4004648,15485288.000
2008-12-25,1.84,1.88,1.76,1.81,4280151,15907600.000
2008-12-26,1.81,1.85,1.79,1.82,3016902,11254994.000
2008-12-29,1.81,1.86,1.76,1.83,2333279,8609967.000
2008-12-30,1.84,1.85,1.78,1.80,2014683,7451568.000
2008-12-31,1.81,1.83,1.77,1.80,2355682,8687619.000
2009-01-05,1.83,1.88,1.83,1.88,3538581,13493500.000
2009-01-06,1.86,1.97,1.86,1.96,6431239,25302574.000
2009-01-07,1.96,2.12,1.93,2.06,16432678,68723840.000
2009-01-08,2.03,2.14,2.01,2.05,23232681,98848808.000
2009-01-09,2.02,2.08,2.01,2.06,8773668,36620208.000
2009-01-12,2.08,2.10,2.06,2.07,7735690,32857260.000
2009-01-13,2.06,2.06,1.97,1.98,5438916,22166412.000
2009-01-14,1.98,2.06,1.98,2.06,5026681,20741192.000
2009-01-15,2.05,2.12,2.02,2.07,8853235,37363632.000
2009-01-16,2.09,2.13,2.07,2.07,8955128,38255840.000
2009-01-19,2.09,2.10,2.05,2.10,6008609,25380762.000
2009-01-20,2.12,2.14,2.08,2.11,8163556,35060816.000
2009-01-21,2.07,2.11,2.05,2.07,6014553,25435094.000
2009-01-22,2.08,2.10,2.06,2.09,4238222,17981764.000
2009-01-23,2.09,2.09,2.07,2.08,5139720,21754248.000
2009-02-02,2.09,2.13,2.06,2.13,8950058,38416060.000
2009-02-03,2.13,2.18,2.10,2.17,11967212,52514280.000
2009-02-04,2.18,2.24,2.14,2.21,14267443,63570780.000
2009-02-05,2.22,2.26,2.15,2.17,14752941,66498368.000
2009-02-06,2.18,2.33,2.18,2.30,17714527,81815200.000
2009-02-09,2.37,2.44,2.37,2.42,30336966,147978096.000
2009-02-10,2.40,2.43,2.35,2.42,14471058,70241272.000
2009-02-11,2.39,2.48,2.36,2.40,17318706,85006976.000
2009-02-12,2.41,2.43,2.31,2.41,11090755,53706064.000
2009-02-13,2.41,2.50,2.40,2.48,16914106,84740496.000
2009-02-16,2.47,2.56,2.45,2.53,13539553,68860768.000
2009-02-17,2.53,2.62,2.46,2.47,20531269,106313504.000
2009-02-18,2.39,2.44,2.29,2.29,12887687,62115180.000
2009-02-19,2.29,2.36,2.28,2.34,7450735,35025240.000
2009-02-20,2.34,2.40,2.29,2.39,7607505,36396592.000
2009-02-23,2.38,2.47,2.36,2.46,9209384,45481720.000
2009-02-24,2.44,2.48,2.30,2.31,11799850,57138056.000
2009-02-25,2.33,2.38,2.24,2.36,8965008,42144128.000
2009-02-26,2.34,2.41,2.12,2.18,8036881,37571628.000
2009-02-27,2.13,2.17,2.04,2.05,7207083,30869848.000
2009-03-02,2.04,2.12,2.04,2.10,3685523,15653543.000
2009-03-03,2.06,2.13,2.04,2.11,4449483,18922324.000
2009-03-04,2.11,2.23,2.11,2.22,6777790,30162812.000
2009-03-05,2.25,2.27,2.18,2.25,8422814,38225736.000
2009-03-06,2.21,2.35,2.18,2.34,12349753,57713692.000
2009-03-09,2.38,2.44,2.30,2.33,21500517,104587296.000
2009-03-10,2.24,2.38,2.21,2.37,8886537,41108476.000
2009-03-11,2.42,2.43,2.29,2.29,7488606,35822788.000
2009-03-12,2.27,2.32,2.21,2.31,5240763,24261942.000
2009-03-13,2.32,2.34,2.24,2.24,4735185,21992500.000
2009-03-17,2.29,2.38,2.26,2.35,6115441,28945756.000
2009-03-18,2.38,2.40,2.35,2.36,8324291,40207124.000
2009-03-19,2.36,2.43,2.35,2.41,8414513,41073164.000
2009-03-20,2.40,2.43,2.35,2.40,9744562,47466556.000
2009-03-23,2.41,2.46,2.40,2.43,9614139,47567876.000
2009-03-24,2.46,2.47,2.39,2.41,8144635,40133740.000
2009-03-25,2.40,2.49,2.37,2.40,11538852,57089064.000
2009-03-26,2.42,2.48,2.40,2.47,13117351,65323632.000
2009-03-27,2.48,2.49,2.42,2.44,9881805,49197684.000
2009-03-30,2.43,2.48,2.42,2.44,6408859,31917742.000
2009-03-31,2.34,2.44,2.34,2.42,7139908,34749928.000
2009-04-01,2.42,2.47,2.38,2.46,20626838,101580120.000
2009-04-02,2.47,2.48,2.41,2.42,13207115,65630984.000
2009-04-03,2.44,2.46,2.39,2.42,12118218,59807980.000
2009-04-07,2.42,2.45,2.38,2.43,6570701,32231510.000
2009-04-08,2.42,2.48,2.37,2.37,15867045,78695984.000
2009-04-09,2.35,2.38,2.29,2.38,10309257,48886900.000
2009-04-10,2.38,2.46,2.35,2.45,12259484,59982248.000
2009-04-13,2.47,2.52,2.45,2.48,16939280,85428992.000
2009-04-14,2.48,2.51,2.46,2.49,11120063,56146888.000
2009-04-15,2.49,2.58,2.46,2.54,19020002,97665280.000
2009-04-16,2.54,2.63,2.48,2.61,20225118,105123688.000
2009-04-17,2.61,2.66,2.53,2.53,20444642,107899680.000
2009-04-20,2.51,2.60,2.48,2.59,10954919,56843812.000
2009-04-21,2.55,2.63,2.52,2.62,12364812,64362648.000
2009-04-22,2.62,2.71,2.46,2.49,19493872,103624024.000
2009-04-23,2.46,2.49,2.39,2.46,8260212,41089600.000
2009-04-24,2.46,2.48,2.41,2.42,6524470,32578068.000
2009-04-28,2.30,2.36,2.27,2.36,7896207,37356884.000
2009-04-29,2.36,2.44,2.33,2.42,6276651,30613908.000
2009-04-30,2.42,2.58,2.41,2.55,15755297,80147296.000
2009-05-04,2.61,2.68,2.57,2.63,23255076,124035288.000
2009-05-05,2.64,2.64,2.54,2.63,14417581,76643912.000
2009-05-06,2.63,2.68,2.62,2.64,13011354,69981288.000
2009-05-07,2.65,2.68,2.54,2.61,12668466,66998432.000
2009-05-08,2.59,2.75,2.56,2.68,24039656,130512928.000
2009-05-11,2.67,2.69,2.55,2.56,13190250,70266680.000
2009-05-12,2.55,2.64,2.52,2.63,7302421,38517216.000
2009-05-13,2.64,2.77,2.63,2.70,21104630,116259480.000
2009-05-14,2.66,2.68,2.61,2.64,10483508,56235360.000
2009-05-15,2.65,2.71,2.63,2.70,10764723,58489352.000
2009-05-18,2.69,2.79,2.64,2.78,16736893,93037776.000
2009-05-19,2.77,2.86,2.75,2.77,20091422,114364952.000
2009-05-20,2.76,2.84,2.71,2.74,12078696,68300712.000
2009-05-21,2.71,2.84,2.69,2.83,19002755,106612600.000
2009-05-22,2.81,2.85,2.72,2.74,12052573,68002624.000
2009-05-25,2.67,2.69,2.56,2.66,11653326,62288400.000
2009-05-26,2.66,2.70,2.64,2.65,9221429,50045200.000
2009-05-27,2.66,2.68,2.59,2.63,7968918,42570228.000
2009-06-01,2.64,2.70,2.64,2.67,7458498,40548184.000
2009-06-02,2.72,2.74,2.67,2.69,8331920,45746556.000
2009-06-03,2.70,2.76,2.70,2.72,9291502,51499256.000
2009-06-04,2.71,2.75,2.65,2.69,10449083,57187728.000
2009-06-05,2.69,2.78,2.66,2.75,11812426,65049096.000
2009-06-08,2.76,2.80,2.71,2.75,12128675,68012480.000
2009-06-09,2.75,2.80,2.61,2.79,14618407,80570480.000
2009-06-10,3.05,3.07,2.96,3.07,35449878,218485696.000
2009-06-11,3.11,3.11,2.92,2.93,42797596,260457344.000
2009-06-12,2.92,2.92,2.79,2.87,19777079,114219840.000
2009-06-15,2.84,2.89,2.82,2.88,8536424,49480852.000
2009-06-16,2.84,2.86,2.80,2.81,8325926,47692940.000
2009-06-17,2.80,2.87,2.79,2.85,7179203,41239124.000
2009-06-18,2.86,2.87,2.82,2.84,8319111,47916096.000
2009-06-19,2.85,2.94,2.82,2.89,13853516,81044344.000
2009-06-22,2.89,2.92,2.82,2.83,8657080,50300220.000
2009-06-23,2.81,2.86,2.78,2.82,5979164,34183000.000
2009-06-25,2.85,2.87,2.82,2.83,7032955,40478708.000
2009-06-26,2.86,2.86,2.79,2.83,6022293,34416540.000
2009-06-29,2.86,2.90,2.83,2.88,8687230,50614840.000
2009-06-30,2.88,2.89,2.81,2.82,5711755,32893442.000
2009-07-01,2.82,2.88,2.80,2.88,8880039,51511336.000
2009-07-02,2.88,2.89,2.82,2.87,7365165,42622092.000
2009-07-03,2.84,2.93,2.83,2.92,13301156,77992776.000
2009-07-06,2.98,3.04,2.92,2.92,16485236,98890008.000
2009-07-07,2.93,3.02,2.93,2.98,16365516,98585616.000
2009-07-08,2.96,2.97,2.91,2.95,9335375,55675992.000
2009-07-09,2.94,2.98,2.92,2.98,9898063,59321680.000
2009-07-10,2.98,3.00,2.96,2.97,10290634,62191244.000
2009-07-13,2.99,3.03,2.97,3.00,11710944,71356800.000
2009-07-14,3.02,3.04,2.98,3.03,10877911,66547200.000
2009-07-15,3.02,3.05,3.00,3.05,11096344,68141984.000
2009-07-16,3.06,3.20,3.00,3.19,22051961,137648272.000
2009-07-17,3.13,3.17,3.09,3.12,18114893,114764944.000
2009-07-20,3.11,3.15,3.10,3.13,11012817,69713176.000
2009-07-21,3.12,3.13,2.98,2.99,14694118,91139328.000
2009-07-22,3.00,3.04,3.00,3.02,7928410,48517976.000
2009-07-23,3.02,3.08,3.02,3.06,6745655,41660144.000
2009-07-24,3.06,3.09,2.98,3.01,9899430,60847780.000
2009-07-27,3.01,3.23,3.01,3.19,29300300,187101120.000
2009-07-28,3.19,3.26,3.13,3.25,29200541,188928384.000
2009-07-29,3.23,3.23,2.92,2.98,18507295,115609456.000
2009-07-30,3.01,3.04,2.89,3.00,9555364,57463096.000
2009-07-31,3.01,3.11,3.01,3.09,10651945,66310852.000
2009-08-03,3.10,3.14,3.06,3.13,11330535,71120896.000
2009-08-04,3.13,3.14,3.06,3.13,11262079,70608968.000
2009-08-05,3.12,3.20,3.10,3.16,13472215,85990472.000
2009-08-06,3.14,3.14,3.04,3.08,8793713,54903860.000
2009-08-07,3.11,3.11,2.96,2.98,9832564,60407916.000
2009-08-10,3.00,3.04,2.95,3.00,6686463,40595712.000
2009-08-11,3.02,3.07,2.99,3.06,5946613,36573308.000
2009-08-12,3.05,3.05,2.88,2.90,6562100,39365848.000
2009-08-13,2.91,2.93,2.86,2.90,4180332,24577060.000
2009-08-14,2.91,2.92,2.74,2.74,6537178,37308108.000
2009-08-17,2.71,2.72,2.51,2.53,7330227,39022848.000
2009-08-18,2.51,2.60,2.50,2.57,4582138,23713554.000
2009-08-19,2.59,2.59,2.40,2.45,5667522,28802352.000
2009-08-20,2.47,2.55,2.46,2.54,6045253,30730432.000
2009-08-21,2.54,2.70,2.50,2.70,12215055,65273336.000
2009-08-24,2.69,2.78,2.66,2.77,15871678,88511440.000
2009-08-25,2.71,2.75,2.57,2.65,8773757,47123376.000
2009-08-26,2.64,2.77,2.62,2.72,6903762,38015180.000
2009-08-27,2.80,2.85,2.72,2.77,10753959,60952792.000
2009-08-28,2.75,2.75,2.63,2.66,7601483,41172672.000
2009-08-31,2.63,2.63,2.46,2.48,6360960,32496436.000
2009-09-01,2.46,2.56,2.46,2.49,4379937,22295836.000
2009-09-02,2.47,2.51,2.46,2.50,3385519,17141686.000
2009-09-03,2.52,2.76,2.49,2.73,14200004,76810480.000
2009-09-04,2.70,2.87,2.67,2.86,22510464,128041960.000
2009-09-07,2.86,2.93,2.81,2.84,26878338,156479296.000
2009-09-08,2.85,2.95,2.77,2.88,20527718,119654640.000
2009-09-09,2.86,2.87,2.77,2.81,9743137,55491740.000
2009-09-10,2.81,2.83,2.72,2.73,6528512,36586824.000
2009-09-11,2.72,2.80,2.71,2.78,5379448,30312536.000
2009-09-15,2.85,2.88,2.80,2.83,10059630,57930012.000
2009-09-16,2.81,2.86,2.77,2.85,7061505,40303236.000
2009-09-17,2.84,2.95,2.83,2.91,12874995,75531392.000
2009-09-18,2.91,2.93,2.76,2.79,10138759,58841572.000
2009-09-21,2.78,2.81,2.67,2.81,6760490,37737756.000
2009-09-22,2.81,2.84,2.74,2.76,5734944,32454680.000
2009-09-23,2.75,2.79,2.68,2.70,5687439,31724890.000
2009-09-24,2.66,2.71,2.58,2.66,5122858,27569832.000
2009-09-25,2.66,2.71,2.63,2.66,3378736,18279716.000
2009-09-28,2.66,2.73,2.62,2.63,3719210,20190524.000
2009-09-29,2.63,2.64,2.52,2.56,3195030,16754604.000
2009-09-30,2.61,2.77,2.59,2.76,13341994,73936136.000
2009-10-09,2.76,2.86,2.76,2.86,22927462,130053680.000
2009-10-12,2.81,2.84,2.75,2.76,11167797,63204268.000
2009-10-13,2.76,2.80,2.74,2.80,5235565,29475180.000
2009-10-14,2.80,2.85,2.76,2.80,9244785,52793116.000
2009-10-15,2.80,2.85,2.76,2.77,5353375,30371492.000
2009-10-16,2.77,2.80,2.68,2.75,5394987,30011972.000
2009-10-19,2.74,2.89,2.72,2.88,11114968,63749168.000
2009-10-20,2.88,2.96,2.85,2.92,20240996,119757376.000
2009-10-21,2.91,2.94,2.86,2.90,10142051,59460056.000
2009-10-22,2.91,2.96,2.88,2.94,9991051,59277096.000
2009-10-23,2.93,2.97,2.91,2.93,10115207,60397112.000
2009-10-26,2.93,2.94,2.87,2.91,6334454,37221100.000
2009-10-27,2.89,2.89,2.79,2.79,6748402,39017936.000
2009-10-28,2.78,2.81,2.72,2.81,5383541,30245156.000
2009-10-29,2.75,2.81,2.72,2.74,3900489,21832882.000
2009-10-30,2.78,2.84,2.77,2.79,4768944,27168396.000
2009-11-02,2.76,2.88,2.72,2.88,6442734,37009272.000
2009-11-03,2.87,2.94,2.87,2.94,12517311,74133784.000
2009-11-04,2.94,3.02,2.91,3.00,17461883,105210632.000
2009-11-05,2.98,3.04,2.95,3.01,16048810,97357656.000
2009-11-06,3.01,3.10,2.98,3.01,27551353,169669904.000
2009-11-09,3.00,3.09,2.98,3.07,19895760,122448760.000
2009-11-10,3.07,3.10,3.03,3.04,17864974,111019360.000
2009-11-11,3.02,3.04,2.97,3.01,9817469,59708208.000
2009-11-12,3.01,3.07,2.99,3.02,9421925,58048612.000
2009-11-13,3.02,3.06,2.98,3.05,10469014,64166920.000
2009-11-16,3.10,3.13,3.06,3.12,17357192,108745160.000
2009-11-17,3.12,3.14,3.08,3.12,12310548,77606328.000
2009-11-18,3.12,3.16,3.09,3.15,13142130,83120640.000
2009-11-19,3.15,3.25,3.13,3.23,19677767,127432112.000
2009-11-20,3.21,3.27,3.18,3.21,14722057,96267320.000
2009-11-23,3.21,3.29,3.21,3.28,15586481,102679920.000
2009-11-24,3.30,3.30,3.05,3.05,20279209,131151456.000
2009-11-25,3.05,3.20,3.04,3.19,13633217,86303808.000
2009-11-26,3.19,3.27,3.05,3.06,18068208,115682120.000
2009-11-27,3.00,3.10,2.96,2.98,11581316,70883360.000
2009-11-30,3.01,3.10,3.00,3.10,9348553,57997692.000
2009-12-01,3.10,3.19,3.06,3.18,11155501,70874808.000
2009-12-02,3.20,3.25,3.17,3.22,15533549,101182696.000
2009-12-03,3.22,3.55,3.22,3.55,66490634,467404800.000
2009-12-04,3.46,3.57,3.31,3.43,43677034,304710848.000
2009-12-07,3.43,3.55,3.36,3.52,27975202,196225456.000
2009-12-08,3.55,3.65,3.48,3.53,31129551,225117968.000
2009-12-09,3.49,3.49,3.36,3.39,14249863,98621936.000
2009-12-10,3.40,3.46,3.37,3.39,10513799,72397448.000
2009-12-11,3.42,3.48,3.37,3.40,9275033,64231356.000
2009-12-14,3.39,3.43,3.28,3.43,14358437,97868688.000
2009-12-15,3.45,3.49,3.39,3.41,11695090,81418752.000
2009-12-16,3.38,3.45,3.36,3.40,9241507,63680000.000
2009-12-17,3.40,3.42,3.23,3.24,10146079,67892704.000
2009-12-18,3.23,3.25,3.12,3.13,7339030,47228668.000
2009-12-21,3.13,3.18,3.12,3.17,4026889,25687884.000
2009-12-22,3.17,3.18,3.02,3.04,7419461,46465540.000
2009-12-23,3.05,3.09,3.02,3.08,4728899,29283356.000
2009-12-24,3.08,3.17,3.06,3.16,6201613,39357896.000
2009-12-25,3.15,3.25,3.12,3.20,7255822,46737728.000
2009-12-29,3.23,3.34,3.23,3.28,10109250,66986664.000
2009-12-30,3.26,3.28,3.20,3.24,6461173,42321688.000
2009-12-31,3.24,3.28,3.23,3.28,5770901,38092400.000
2010-01-04,3.28,3.31,3.25,3.26,5501635,36493672.000
2010-01-05,3.25,3.28,3.20,3.25,6671171,43698952.000
2010-01-06,3.25,3.33,3.25,3.25,8717030,58084864.000
2010-01-07,3.22,3.30,3.17,3.20,9484664,61868768.000
2010-01-08,3.20,3.27,3.18,3.27,6922122,45112352.000
2010-01-11,3.28,3.43,3.24,3.41,20427274,138566128.000
2010-01-12,3.38,3.43,3.36,3.41,17697643,122018336.000
2010-01-13,3.32,3.39,3.31,3.32,11890303,80522968.000
2010-01-15,3.40,3.48,3.38,3.43,17760639,123239224.000
2010-01-18,3.38,3.51,3.36,3.50,12868913,89351328.000
2010-01-19,3.49,3.50,3.42,3.46,9047187,63329920.000
2010-01-20,3.45,3.49,3.36,3.38,11051850,76530544.000
2010-01-21,3.38,3.41,3.36,3.39,5926518,40578156.000
2010-01-22,3.38,3.49,3.33,3.43,15024988,104365072.000
2010-01-25,3.41,3.48,3.37,3.43,8773563,60997112.000
2010-01-26,3.43,3.47,3.21,3.22,11590531,78925800.000
2010-01-27,3.20,3.25,3.10,3.20,6436531,41522512.000
2010-01-28,3.18,3.27,3.11,3.23,3494900,22797012.000
2010-01-29,3.24,3.27,3.20,3.21,3081298,20180340.000
2010-02-01,3.19,3.29,3.17,3.27,5639616,36901696.000
2010-02-02,3.32,3.36,3.25,3.25,4592500,30704288.000
2010-02-03,3.22,3.34,3.18,3.33,5279762,34919376.000
2010-02-04,3.31,3.42,3.27,3.41,8606808,58750732.000
2010-02-05,3.34,3.58,3.34,3.50,19518162,137130720.000
2010-02-08,3.49,3.52,3.41,3.44,6296673,44025264.000
2010-02-09,3.43,3.53,3.42,3.49,6830334,48124176.000
2010-02-10,3.51,3.52,3.44,3.50,5677916,40027420.000
2010-02-11,3.48,3.58,3.44,3.52,8659451,61386984.000
2010-02-12,3.51,3.53,3.46,3.51,5547146,39184988.000
2010-02-22,3.49,3.67,3.48,3.60,15050452,109440128.000
2010-02-23,3.58,3.85,3.57,3.80,23875629,180164128.000
2010-02-24,3.76,3.86,3.72,3.84,15009379,115609808.000
2010-02-25,3.81,3.88,3.81,3.85,12342673,95826544.000
2010-02-26,3.81,3.88,3.74,3.75,16003241,122669432.000
2010-03-01,3.75,3.92,3.72,3.91,14815534,114282744.000
2010-03-02,3.91,3.95,3.76,3.83,11769124,91545136.000
2010-03-03,3.84,3.89,3.79,3.86,8839543,68562096.000
2010-03-04,3.86,3.88,3.68,3.72,10844750,82928880.000
2010-03-05,3.72,3.77,3.66,3.70,6235840,46817848.000
2010-03-08,3.71,3.87,3.71,3.81,6457634,49646540.000
2010-03-09,3.84,3.89,3.77,3.82,5622362,43609436.000
2010-03-10,3.83,3.91,3.79,3.84,7211805,56273248.000
2010-03-11,3.85,4.04,3.81,3.98,18565683,148140096.000
2010-03-12,3.96,3.99,3.77,3.77,10382392,81366128.000
2010-03-15,3.74,3.82,3.70,3.79,6502699,49328936.000
2010-03-16,3.76,3.88,3.75,3.86,5260009,40735128.000
2010-03-17,3.88,3.94,3.84,3.93,6320134,49979300.000
2010-03-18,3.92,4.00,3.87,3.90,5850552,46299988.000
2010-03-19,3.93,4.06,3.89,4.03,12372428,100223024.000
2010-03-22,4.05,4.09,3.97,4.05,8259583,67179656.000
2010-03-23,4.05,4.05,3.97,3.99,5853141,47214484.000
2010-03-24,3.99,4.07,3.97,4.07,6885475,55988024.000
2010-03-25,4.05,4.27,4.03,4.12,15694577,132189448.000
2010-03-26,4.09,4.30,4.09,4.24,11331442,96768160.000
2010-03-29,4.24,4.45,4.17,4.45,15670389,136762544.000
2010-03-30,4.46,4.75,4.45,4.55,29754141,276900736.000
2010-03-31,5.01,5.01,4.70,5.01,131620493,1286112000.000
2010-04-01,4.89,5.08,4.88,5.01,68657294,690246208.000
2010-04-02,5.03,5.43,4.97,5.22,64627333,676484736.000
2010-04-06,5.26,5.36,5.22,5.28,36093993,384942464.000
2010-04-07,5.25,5.49,5.25,5.44,36859143,400139744.000
2010-04-08,5.41,5.59,5.36,5.46,31514347,348320864.000
2010-04-09,5.47,5.54,5.41,5.47,23727198,261373808.000
2010-04-12,5.47,5.58,5.34,5.44,31762768,348053696.000
2010-04-13,5.40,5.42,5.16,5.30,33107122,353074112.000
2010-04-14,5.31,5.39,5.24,5.34,17508179,187517168.000
2010-04-15,5.32,5.33,5.16,5.20,14078106,148708336.000
2010-04-16,5.16,5.40,5.16,5.31,18439971,196751168.000
2010-04-19,5.26,5.38,5.11,5.14,15907863,168325568.000
2010-04-20,5.15,5.28,5.12,5.22,13018918,136286128.000
2010-04-21,5.24,5.34,5.08,5.30,25809527,271237536.000
2010-04-22,5.26,5.26,5.14,5.16,17731937,185344816.000
2010-04-26,5.20,5.20,5.08,5.13,13848610,143164240.000
2010-04-27,5.12,5.16,4.73,4.83,16641790,165050928.000
2010-04-28,4.78,4.95,4.76,4.88,9939379,97792024.000
2010-04-29,4.89,4.94,4.68,4.70,9958383,97075304.000
2010-04-30,4.71,4.74,4.42,4.55,11227236,103081776.000
2010-05-04,4.45,4.68,4.42,4.61,7416911,68596968.000
2010-05-05,4.57,4.80,4.53,4.78,15344096,145831600.000
2010-05-06,4.74,4.76,4.46,4.49,10460685,97631824.000
2010-05-07,4.38,4.55,4.37,4.49,8519228,76684736.000
2010-05-10,4.47,4.53,4.22,4.40,8320116,73842184.000
2010-05-11,4.50,4.53,4.24,4.26,9635645,85052768.000
2010-05-12,4.24,4.32,4.13,4.22,7981537,68052824.000
2010-05-13,4.24,4.36,4.15,4.34,9610612,83017800.000
2010-05-14,4.28,4.38,4.26,4.37,8728161,76233824.000
2010-05-17,4.29,4.35,4.05,4.07,9266897,78815640.000
2010-05-18,4.07,4.30,4.05,4.22,10699247,89751456.000
2010-05-19,4.17,4.30,4.09,4.28,10984930,93700632.000
2010-05-20,4.22,4.28,4.09,4.13,9153624,77488784.000
2010-05-21,4.00,4.19,3.95,4.18,11034071,90543104.000
2010-05-24,4.18,4.43,4.16,4.36,14444964,126444480.000
2010-05-25,4.30,4.35,4.19,4.24,9969988,85980792.000
2010-05-26,4.24,4.38,4.22,4.38,9531793,82920728.000
2010-05-27,4.32,4.43,4.27,4.41,10804951,95057272.000
2010-05-28,4.45,4.51,4.38,4.42,10699329,95557776.000
2010-05-31,4.39,4.40,4.16,4.18,9480857,82599560.000
2010-06-01,4.13,4.24,4.03,4.21,9492409,79284616.000
2010-06-02,4.30,4.39,4.24,4.36,18847285,164632112.000
2010-06-03,4.39,4.40,4.28,4.29,9604551,84049224.000
2010-06-04,4.26,4.28,4.18,4.26,7169403,61379928.000
2010-06-07,4.18,4.34,4.14,4.32,10190017,88221952.000
2010-06-08,4.30,4.49,4.29,4.45,23295078,207630768.000
2010-06-09,4.66,4.74,4.44,4.54,21436618,98257304.000
2010-06-10,4.43,4.47,4.34,4.38,32258277,143120752.000
2010-06-11,4.36,4.41,4.24,4.35,24603219,107186944.000
2010-06-17,4.39,4.42,4.26,4.28,15317035,66939688.000
2010-06-18,4.29,4.32,4.12,4.15,12991449,55389992.000
2010-06-21,4.17,4.26,4.09,4.24,12971326,54817608.000
2010-06-22,4.24,4.28,4.19,4.25,12938474,55277080.000
2010-06-23,4.23,4.25,4.09,4.18,11805128,49669248.000
2010-06-24,4.18,4.18,4.12,4.14,7753149,32451832.000
2010-06-25,4.11,4.11,3.98,4.02,12017009,49031232.000
2010-06-28,4.02,4.04,3.92,3.93,8321605,33405680.000
2010-06-29,3.92,3.96,3.53,3.54,17764825,66605928.000
2010-06-30,3.53,3.54,3.39,3.43,11176934,39081548.000
2010-07-01,3.42,3.78,3.42,3.78,51287414,194268752.000
2010-07-02,3.68,3.78,3.54,3.75,38202800,141741776.000
2010-07-06,3.69,3.83,3.63,3.81,27383783,103640176.000
2010-07-07,3.77,3.81,3.69,3.77,17188884,65076296.000
2010-07-08,3.77,3.79,3.65,3.67,13502255,50619288.000
2010-07-09,3.67,3.81,3.66,3.77,17116560,65054308.000
2010-07-12,3.79,3.90,3.74,3.84,16913491,65570312.000
2010-07-13,3.78,3.81,3.72,3.75,10800162,41033732.000
2010-07-14,3.75,3.90,3.73,3.84,17632802,68288000.000
2010-07-15,3.80,3.85,3.68,3.69,9199689,35017112.000
2010-07-16,3.66,3.73,3.62,3.70,11194566,41631912.000
2010-07-19,3.65,3.77,3.63,3.75,9778404,36744492.000
2010-07-20,3.76,4.00,3.73,3.98,30626847,119551896.000
2010-07-21,3.94,3.99,3.90,3.93,21857774,87039336.000
2010-07-22,3.93,4.09,3.90,4.03,26753004,108524800.000
2010-07-23,4.01,4.03,3.92,3.97,16113691,64579240.000
2010-07-26,3.97,4.01,3.94,3.99,10598111,42636204.000
2010-07-27,4.00,4.09,3.94,4.02,15792972,64342100.000
2010-07-28,4.01,4.15,3.97,4.12,25379737,104433672.000
2010-07-29,4.11,4.25,4.08,4.24,29849263,124974584.000
2010-07-30,4.21,4.23,4.12,4.19,21545061,90941408.000
2010-08-02,4.26,4.61,4.26,4.61,45792014,209473088.000
2010-08-03,4.72,5.08,4.71,4.99,130080207,651203584.000
2010-08-04,5.14,5.21,4.92,5.09,121513656,619885376.000
2010-08-05,5.13,5.36,5.05,5.15,95943628,503127936.000
2010-08-06,5.06,5.07,4.84,5.03,69165044,345928384.000
2010-08-09,4.97,5.06,4.89,5.00,46784005,234426176.000
2010-08-10,4.98,5.14,4.92,4.96,57943899,293803648.000
2010-08-11,4.92,4.95,4.82,4.90,30192106,148562176.000
2010-08-12,4.83,4.88,4.69,4.70,29559162,142597184.000
2010-08-13,4.71,4.98,4.67,4.96,40536897,198131488.000
2010-08-16,4.96,5.07,4.91,5.01,38343726,193362688.000
2010-08-17,5.01,5.04,4.89,4.97,27763085,138537024.000
2010-08-18,4.94,5.03,4.91,4.96,21469259,107461176.000
2010-08-19,4.96,5.00,4.86,4.91,21845482,108148224.000
2010-08-20,4.89,4.89,4.76,4.81,21201923,102870176.000
2010-08-23,4.76,4.87,4.71,4.82,19364692,93251536.000
2010-08-24,4.78,4.85,4.71,4.81,17021216,82396800.000
2010-08-25,4.76,4.80,4.62,4.64,18149707,86014416.000
2010-08-26,4.63,4.71,4.59,4.65,11362348,53084096.000
2010-08-27,4.64,4.64,4.54,4.59,11107134,51378388.000
2010-08-30,4.61,4.68,4.60,4.65,13652869,63987016.000
2010-08-31,4.64,4.86,4.62,4.81,24198894,116946128.000
2010-09-01,4.84,4.85,4.61,4.69,17030992,81157072.000
2010-09-02,4.71,4.81,4.63,4.75,16795829,79872248.000
2010-09-03,4.73,4.74,4.62,4.65,18221461,85709392.000
2010-09-06,4.66,4.70,4.57,4.65,16301041,76181184.000
2010-09-07,4.66,4.70,4.60,4.69,13032444,61090092.000
2010-09-08,4.66,5.11,4.60,5.00,53446878,262529568.000
2010-09-09,4.94,5.03,4.80,4.83,38839362,191891456.000
2010-09-10,4.79,4.94,4.79,4.87,22082078,108249832.000
2010-09-13,4.86,4.93,4.80,4.87,18858828,92510432.000
2010-09-14,4.97,5.11,4.88,4.92,35402019,177971232.000
2010-09-15,4.86,4.87,4.75,4.77,21323671,103286024.000
2010-09-16,4.76,4.78,4.54,4.59,19147772,89385552.000
2010-09-17,4.57,4.67,4.56,4.58,9138206,42436032.000
2010-09-20,4.58,4.63,4.46,4.48,9321102,42614904.000
2010-09-21,4.47,4.54,4.47,4.53,5269879,23935992.000
2010-09-27,4.55,4.62,4.51,4.59,8778417,40464936.000
2010-09-28,4.58,4.58,4.42,4.46,10153136,46086864.000
2010-09-29,4.44,4.54,4.40,4.44,8037863,36168048.000
2010-09-30,4.42,4.54,4.41,4.50,7392074,33480562.000
2010-10-08,4.54,4.60,4.51,4.58,11946838,55098328.000
2010-10-11,4.57,4.65,4.55,4.63,14802538,68894696.000
2010-10-12,4.62,4.65,4.58,4.60,13693037,63565520.000
2010-10-13,4.60,4.84,4.60,4.79,29771006,142811360.000
2010-10-14,4.81,4.81,4.59,4.60,21110455,99378848.000
2010-10-18,4.66,4.78,4.56,4.70,20150181,94891808.000
2010-10-19,4.72,4.75,4.61,4.75,16778151,79401056.000
2010-10-20,4.66,4.68,4.59,4.62,17286219,80750096.000
2010-10-21,4.60,4.76,4.56,4.72,23461400,109826048.000
2010-10-22,4.71,4.71,4.62,4.65,13573242,63783952.000
2010-10-25,4.66,4.77,4.66,4.73,22094809,105459736.000
2010-10-26,4.73,4.95,4.70,4.86,44294810,215652016.000
2010-10-27,4.83,4.95,4.78,4.79,28248011,138251264.000
2010-10-28,4.76,4.79,4.66,4.72,19183578,91291976.000
2010-10-29,4.69,4.75,4.66,4.70,11456225,54296712.000
2010-11-01,4.71,4.72,4.66,4.71,20206894,95544600.000
2010-11-02,4.71,4.71,4.60,4.64,23637170,110608768.000
2010-11-03,4.61,4.70,4.58,4.62,15539552,72649840.000
2010-11-04,4.61,4.68,4.58,4.64,14797424,68954296.000
2010-11-05,4.65,4.86,4.63,4.81,41746365,201109952.000
2010-11-08,4.81,4.94,4.81,4.91,38405242,188970144.000
2010-11-09,4.91,4.99,4.83,4.87,35498844,175620720.000
2010-11-10,4.90,4.95,4.78,4.90,26879581,131652496.000
2010-11-11,4.90,5.16,4.86,4.95,70935214,359553664.000
2010-11-12,4.94,5.45,4.90,5.15,137755184,721625088.000
2010-11-15,5.16,5.67,4.93,5.67,144830215,786494272.000
2010-11-16,5.69,6.11,5.54,5.95,174093616,1029011584.000
2010-11-17,5.75,5.88,5.35,5.35,61987913,344941216.000
2010-11-18,5.19,5.89,4.96,5.75,93923129,505619072.000
2010-11-19,5.55,6.14,5.49,5.96,123063831,725313344.000
2010-11-22,5.86,6.21,5.80,5.83,92123700,554888320.000
2010-11-23,5.76,5.82,5.52,5.61,50653673,287603168.000
2010-11-24,5.60,5.83,5.52,5.76,55459570,317614848.000
2010-11-25,5.76,5.79,5.58,5.63,48407348,276895776.000
2010-11-26,5.62,5.63,5.39,5.43,43226774,238800320.000
2010-11-29,5.40,5.71,5.29,5.61,49760216,276347616.000
2010-11-30,5.51,5.60,5.17,5.32,35796411,194299040.000
2010-12-01,5.33,5.46,5.21,5.34,19584177,105728208.000
2010-12-02,5.42,5.57,5.30,5.49,35140296,193252208.000
2010-12-03,5.45,5.55,5.33,5.36,20077315,109475936.000
2010-12-06,5.34,5.41,5.20,5.22,19623172,104030128.000
2010-12-07,5.21,5.28,5.08,5.26,15384123,80457704.000
2010-12-08,5.26,5.30,5.13,5.14,13538269,71032952.000
2010-12-09,5.16,5.30,5.08,5.10,17424683,91460056.000
2010-12-10,5.08,5.20,5.02,5.15,12560063,64684352.000
2010-12-13,5.21,5.29,5.15,5.28,17664729,93121952.000
2010-12-14,5.30,5.30,5.21,5.24,18417373,97153720.000
2010-12-15,5.25,5.27,5.11,5.14,22019880,114579744.000
2010-12-16,5.17,5.38,5.13,5.28,31518025,168286304.000
2010-12-17,5.23,5.28,5.18,5.23,13940577,73198144.000
2010-12-20,5.26,5.29,5.01,5.09,19072187,98243144.000
2010-12-21,5.13,5.26,5.06,5.18,16122121,83923424.000
2010-12-22,5.16,5.23,5.08,5.10,12139227,62818304.000
2010-12-23,5.09,5.13,5.01,5.02,11133643,56860584.000
2010-12-24,5.04,5.06,4.87,4.89,13494630,67150160.000
2010-12-27,4.91,4.96,4.66,4.69,14079191,68522744.000
2010-12-28,4.69,4.71,4.46,4.51,13643679,62587476.000
2010-12-29,4.53,4.59,4.45,4.56,8289102,37872452.000
2010-12-30,4.57,4.58,4.46,4.48,9262852,42013288.000
2010-12-31,4.48,4.58,4.48,4.58,9378611,43015536.000
2011-01-04,4.62,4.76,4.56,4.71,15837168,74880344.000
2011-01-05,4.71,4.72,4.61,4.63,11343093,53295848.000
2011-01-06,4.62,4.67,4.59,4.65,7224896,33760860.000
2011-01-07,4.65,4.76,4.62,4.70,11321938,53646660.000
2011-01-11,4.58,4.59,4.49,4.55,9308332,42536680.000
2011-01-12,4.58,4.60,4.51,4.60,6094626,27999572.000
2011-01-13,4.63,4.63,4.53,4.54,6028416,27843168.000
2011-01-14,4.59,4.74,4.56,4.63,13376245,62805436.000
2011-01-17,4.56,4.60,4.35,4.36,10865804,48819516.000
2011-01-18,4.34,4.54,4.32,4.49,8156956,36458856.000
2011-01-19,4.49,4.53,4.43,4.53,5922622,26850944.000
2011-01-20,4.52,4.52,4.35,4.35,7638934,34003248.000
2011-01-21,4.33,4.44,4.32,4.39,6134651,27188450.000
2011-01-24,4.39,4.44,4.34,4.41,5669752,25069512.000
2011-01-25,4.39,4.42,4.34,4.35,3725701,16391831.000
2011-01-26,4.36,4.41,4.35,4.38,3448360,15229034.000
2011-01-27,4.36,4.44,4.26,4.40,7316754,32176030.000
2011-01-28,4.38,4.49,4.36,4.45,5785957,25925552.000
2011-01-31,4.48,4.50,4.42,4.49,6854514,30922248.000
2011-02-01,4.49,4.51,4.41,4.46,5713845,25671096.000
2011-02-09,4.46,4.58,4.40,4.53,10690125,48490676.000
2011-02-10,4.52,4.69,4.50,4.66,11639453,54218016.000
2011-02-11,4.62,4.73,4.62,4.67,11545767,54424816.000
2011-02-14,4.69,4.82,4.64,4.74,14290847,67992816.000
2011-02-15,4.75,4.78,4.68,4.68,12728537,60656316.000
2011-02-16,4.66,4.73,4.63,4.70,10960496,51671340.000
2011-02-17,4.71,4.79,4.64,4.77,17939414,85546296.000
2011-02-18,4.77,4.91,4.74,4.78,20279348,98571008.000
2011-02-21,4.73,4.85,4.73,4.83,12795643,61906716.000
2011-02-22,4.86,4.87,4.63,4.66,16351592,78389440.000
2011-02-23,4.64,4.72,4.62,4.68,9453569,44482680.000
2011-02-24,4.67,4.73,4.63,4.72,8314973,39375440.000
2011-02-25,4.72,4.91,4.71,4.90,21459821,104239656.000
2011-02-28,4.91,5.15,4.86,5.07,34667199,176462304.000
2011-03-01,5.07,5.07,4.97,5.03,20105152,101519584.000
2011-03-02,5.02,5.13,4.97,5.12,22689979,116192208.000
2011-03-03,5.16,5.20,4.96,4.97,20457633,104208752.000
2011-03-04,4.98,5.04,4.88,4.97,15293079,76304320.000
2011-03-07,4.97,5.09,4.93,5.06,20885097,105463368.000
2011-03-08,5.09,5.13,5.01,5.09,14230488,72636400.000
2011-03-09,5.09,5.10,5.00,5.03,14467923,73358096.000
2011-03-10,5.07,5.07,4.99,4.99,12448729,63005000.000
2011-03-11,4.96,4.99,4.84,4.86,16365501,81135504.000
2011-03-14,4.84,4.88,4.76,4.87,13133493,63891880.000
2011-03-15,4.91,4.91,4.71,4.82,12870721,62182700.000
2011-03-16,4.81,4.86,4.75,4.84,13793496,66813240.000
2011-03-17,4.79,4.83,4.69,4.72,14273139,68576288.000
2011-03-18,4.75,4.78,4.73,4.77,6006614,28805234.000
2011-03-21,4.76,4.83,4.75,4.77,7829795,37777976.000
2011-03-22,4.77,4.80,4.69,4.75,6066635,28969392.000
2011-03-23,4.72,4.93,4.72,4.85,13229839,64561792.000
2011-03-24,4.84,4.90,4.76,4.82,12689478,61812924.000
2011-03-25,4.82,4.88,4.79,4.86,10314513,50333076.000
2011-03-28,4.86,4.92,4.81,4.83,12714993,62346912.000
2011-03-29,4.83,5.04,4.78,4.96,29784243,148035232.000
2011-03-30,4.97,4.98,4.87,4.87,13469457,66620468.000
2011-03-31,4.90,4.92,4.74,4.75,10171378,49454504.000
2011-04-01,4.78,4.81,4.74,4.80,5866091,28223100.000
2011-04-06,4.76,4.90,4.75,4.82,9796225,47753828.000
2011-04-07,4.79,4.88,4.74,4.87,19046776,92074880.000
2011-04-08,4.84,4.87,4.81,4.84,9921931,48466744.000
2011-04-11,4.85,4.88,4.76,4.78,11016958,53494376.000
2011-04-12,4.79,4.88,4.75,4.88,19081909,93099768.000
2011-04-13,4.92,5.08,4.90,5.03,39934051,201625440.000
2011-04-14,5.00,5.02,4.94,4.96,18208200,91221320.000
2011-04-15,4.96,5.06,4.95,5.04,19640421,99382472.000
2011-04-18,5.05,5.13,4.99,5.05,19799013,100585520.000
2011-04-19,5.02,5.02,4.89,4.93,16934007,84379472.000
2011-04-20,4.93,5.00,4.92,4.95,10702953,53427436.000
2011-04-21,4.98,5.00,4.93,4.94,12600988,62966120.000
2011-04-22,4.96,4.99,4.90,4.98,13901975,69099448.000
2011-04-25,4.98,5.24,4.93,5.11,58268633,299519552.000
2011-04-26,5.06,5.12,4.94,4.98,23018839,116074144.000
2011-04-27,4.97,5.09,4.81,4.86,20267926,101068440.000
2011-04-28,4.88,4.90,4.39,4.50,30141785,139969760.000
2011-04-29,4.48,4.67,4.45,4.60,13153581,60380804.000
2011-05-03,4.57,4.64,4.48,4.61,10729783,49435224.000
2011-05-04,4.59,4.59,4.45,4.46,11561024,52475944.000
2011-05-05,4.47,4.52,4.40,4.47,7312847,32978912.000
2011-05-06,4.45,4.49,4.42,4.47,6980305,31391976.000
2011-05-10,4.51,4.54,4.46,4.54,6007289,27342604.000
2011-05-11,4.54,4.54,4.46,4.50,7137990,32389500.000
2011-05-12,4.47,4.57,4.46,4.50,9222334,42016480.000
2011-05-13,4.52,4.60,4.48,4.59,9252102,42343240.000
2011-05-16,4.58,4.68,4.56,4.58,8449236,39386500.000
2011-05-17,4.57,4.62,4.52,4.59,6077394,28045980.000
2011-05-18,4.58,4.63,4.56,4.60,5795104,26886610.000
2011-05-19,4.62,4.62,4.44,4.49,8209247,37578500.000
2011-05-20,4.50,4.50,4.44,4.46,6777619,30503508.000
2011-05-23,4.46,4.46,4.28,4.31,8796794,38657228.000
2011-05-24,4.29,4.30,4.13,4.25,6970641,29701040.000
2011-05-25,4.25,4.29,4.15,4.18,4702466,20009848.000
2011-05-26,4.19,4.26,4.18,4.19,4380752,18644140.000
2011-05-27,4.21,4.21,4.05,4.06,6569426,27343676.000
2011-05-30,4.08,4.09,3.91,3.96,6450900,25942320.000
2011-05-31,3.97,4.06,3.94,4.05,5197851,21067848.000
2011-06-01,4.05,4.10,4.02,4.07,4199522,17250480.000
2011-06-02,4.03,4.06,3.96,4.01,5319350,21579896.000
2011-06-03,4.01,4.42,4.01,4.28,21577341,92993360.000
2011-06-07,4.39,4.47,4.32,4.33,13800200,61056916.000
2011-06-08,4.33,4.36,4.23,4.35,6560852,28456592.000
2011-06-09,4.38,4.61,4.33,4.47,27104964,123805256.000
2011-06-10,4.51,4.61,4.40,4.58,18857330,86170232.000
2011-06-13,4.56,4.62,4.46,4.49,12860411,58656888.000
2011-06-14,4.49,4.62,4.48,4.49,9962390,45600916.000
2011-06-15,4.50,4.56,4.44,4.51,8941766,40556740.000
2011-06-16,4.48,4.61,4.36,4.38,12118524,55306344.000
2011-06-17,4.36,4.41,4.22,4.31,8858965,38716740.000
2011-06-20,4.58,4.74,4.43,4.44,27114348,125295400.000
2011-06-21,4.18,4.37,4.16,4.30,14068985,60469552.000
2011-06-22,4.29,4.31,4.22,4.24,5593938,23961360.000
2011-06-23,4.24,4.63,4.21,4.61,17963569,80149232.000
2011-06-24,4.62,4.75,4.50,4.60,31655882,147107728.000
2011-06-27,4.56,4.66,4.52,4.61,19131616,88250784.000
2011-06-28,4.60,5.07,4.56,5.07,61936605,303292896.000
2011-06-29,5.09,5.20,4.94,4.96,73674711,373922496.000
2011-06-30,4.90,5.00,4.87,4.89,34344653,169957072.000
2011-07-01,4.93,5.05,4.90,4.92,26924107,134271520.000
2011-07-04,4.90,5.02,4.86,4.96,24402657,121237768.000
2011-07-05,4.99,5.08,4.93,4.96,25181169,126262600.000
2011-07-06,5.00,5.12,4.98,5.02,32390199,164413072.000
2011-07-07,4.98,5.05,4.90,4.93,21066243,104746576.000
2011-07-08,4.91,4.93,4.78,4.78,20516430,99483328.000
2011-07-11,4.79,5.00,4.77,4.94,17949611,88570184.000
2011-07-12,4.89,4.92,4.83,4.84,10940155,53483648.000
2011-07-13,4.83,4.97,4.82,4.96,10886377,53843840.000
2011-07-14,4.95,5.02,4.90,4.97,14435414,71814352.000
2011-07-15,4.95,5.01,4.91,4.95,14692973,73165952.000
2011-07-18,4.99,4.99,4.78,4.85,19651362,96203832.000
2011-07-19,4.85,4.98,4.73,4.95,25291025,123755488.000
2011-07-20,4.96,5.13,4.91,5.04,39445318,199350256.000
2011-07-21,5.06,5.11,4.89,4.91,25771006,129637136.000
2011-07-22,4.94,4.96,4.81,4.87,16347641,79938632.000
2011-07-25,4.85,4.85,4.54,4.64,21726577,102193840.000
2011-07-26,4.66,4.78,4.49,4.76,16458533,76462400.000
2011-07-27,4.77,4.88,4.68,4.80,16613021,80128256.000
2011-07-28,4.74,4.82,4.68,4.77,12082506,57486744.000
2011-07-29,4.76,4.80,4.62,4.62,10150771,47918288.000
2011-08-01,4.68,4.78,4.62,4.68,10343174,48457188.000
2011-08-02,4.65,4.65,4.46,4.59,12435837,56598372.000
2011-08-03,4.53,4.65,4.49,4.55,7315607,33669272.000
2011-08-04,4.55,4.62,4.54,4.57,5400211,24813420.000
2011-08-05,4.39,4.67,4.39,4.66,11378778,51918188.000
2011-08-08,4.62,4.75,4.36,4.46,18802373,85985680.000
2011-08-09,4.21,4.47,4.19,4.44,12227775,53530392.000
2011-08-10,4.48,4.54,4.42,4.45,7065826,31835228.000
2011-08-11,4.38,4.53,4.29,4.51,9424766,42393756.000
2011-08-12,4.53,4.65,4.48,4.56,13159400,60560740.000
2011-08-15,4.55,4.71,4.54,4.62,9458055,44010200.000
2011-08-16,4.62,4.64,4.47,4.49,8827093,40263500.000
2011-08-17,4.56,4.56,4.43,4.46,7467210,33619704.000
2011-08-18,4.46,4.50,4.39,4.42,6147561,27412916.000
2011-08-19,4.31,4.52,4.31,4.47,5267388,23289756.000
2011-08-22,4.45,4.51,4.40,4.49,5626539,25147300.000
2011-08-23,4.56,4.63,4.47,4.52,11928634,54260596.000
2011-08-24,4.52,4.57,4.43,4.45,7127035,32185340.000
2011-08-25,4.47,4.52,4.43,4.51,7737417,34814856.000
2011-08-26,4.50,4.54,4.47,4.50,5323676,24042808.000
2011-08-29,4.50,4.50,4.38,4.41,6438997,28606356.000
2011-08-30,4.43,4.47,4.38,4.40,5026652,22374284.000
2011-08-31,4.40,4.42,4.31,4.35,4899835,21429420.000
2011-09-01,4.36,4.39,4.31,4.33,4465065,19520408.000
2011-09-02,4.34,4.54,4.31,4.39,14942787,66758044.000
2011-09-05,4.42,4.46,4.33,4.34,9280436,41022904.000
2011-09-06,4.28,4.31,4.03,4.16,7893981,33048964.000
2011-09-07,4.17,4.22,4.08,4.22,6218747,26078196.000
2011-09-08,4.23,4.23,4.14,4.14,3891800,16362760.000
2011-09-09,4.15,4.18,4.13,4.14,2076068,8656509.000
2011-09-13,4.11,4.12,4.05,4.10,3076069,12621059.000
2011-09-14,4.10,4.16,4.03,4.15,5318255,21882324.000
2011-09-15,4.14,4.16,4.12,4.14,2731566,11376273.000
2011-09-16,4.14,4.22,4.14,4.21,4176433,17502788.000
2011-09-19,4.23,4.47,4.17,4.22,9847897,42498224.000
2011-09-20,4.19,4.41,4.15,4.21,7102102,30396290.000
2011-09-21,4.18,4.31,4.16,4.29,7994097,34067780.000
2011-09-22,4.23,4.25,4.12,4.13,4844150,20405540.000
2011-09-23,4.03,4.13,3.99,4.04,6853603,27924096.000
2011-09-26,4.04,4.08,3.88,3.93,6035693,24083166.000
2011-09-27,3.96,4.00,3.89,3.95,4473799,17710860.000
2011-09-28,3.94,3.98,3.88,3.89,4798798,18946820.000
2011-09-29,3.89,3.91,3.73,3.75,4670382,17857434.000
2011-09-30,3.79,3.79,3.63,3.77,3113327,11686929.000
2011-10-10,3.77,3.85,3.73,3.77,4039700,15394314.000
2011-10-11,3.84,3.86,3.74,3.77,2095838,8015862.000
2011-10-12,3.75,3.87,3.73,3.86,4729275,18233950.000
2011-10-13,3.86,3.93,3.83,3.88,4605375,17954468.000
2011-10-14,3.92,3.96,3.86,3.92,4983764,19589828.000
2011-10-17,3.91,3.93,3.83,3.88,3187097,12444530.000
2011-10-18,3.86,3.87,3.73,3.76,2915496,11100310.000
2011-10-19,3.76,3.78,3.68,3.71,2459731,9214302.000
2011-10-20,3.72,3.72,3.55,3.58,3917089,14212299.000
2011-10-21,3.58,3.61,3.50,3.53,2851045,10176473.000
2011-10-24,3.55,3.60,3.49,3.60,2601984,9296206.000
2011-10-25,3.58,3.67,3.55,3.65,4127734,15060712.000
2011-10-26,3.61,3.69,3.61,3.65,4542246,16753143.000
2011-10-27,3.65,3.77,3.64,3.68,6018099,22379904.000
2011-10-28,3.72,3.75,3.68,3.74,7347554,27456798.000
2011-10-31,3.74,3.76,3.68,3.71,4607810,17174800.000
2011-11-01,3.68,3.73,3.66,3.69,3408759,12644011.000
2011-11-02,3.63,3.83,3.60,3.80,8597362,32020748.000
2011-11-03,3.79,3.93,3.75,3.80,12134883,46981044.000
2011-11-04,3.80,3.85,3.71,3.82,4991632,19034136.000
2011-11-07,3.81,3.83,3.77,3.77,3076357,11717838.000
2011-11-09,3.77,3.78,3.66,3.74,7421086,27678308.000
2011-11-10,3.68,3.70,3.62,3.65,4558411,16779704.000
2011-11-11,3.64,3.73,3.64,3.69,4050053,15014208.000
2011-11-14,3.69,3.77,3.69,3.75,4947797,18595346.000
2011-11-15,3.75,3.77,3.71,3.76,4607174,17356616.000
2011-11-16,3.77,3.77,3.65,3.66,4397600,16355326.000
2011-11-17,3.64,3.68,3.64,3.65,3617835,13301515.000
2011-11-18,3.63,3.65,3.54,3.54,4775611,17176444.000
2011-11-21,3.55,3.57,3.52,3.57,2124999,7558540.000
2011-11-22,3.54,3.59,3.53,3.56,2919360,10437576.000
2011-11-23,3.58,3.58,3.53,3.53,1668023,5944509.000
2011-11-24,3.60,3.71,3.56,3.63,10168281,37242564.000
2011-11-25,3.59,3.60,3.50,3.52,5201047,18577972.000
2011-11-28,3.52,3.53,3.38,3.45,4006149,13975850.000
2011-11-29,3.48,3.50,3.44,3.49,2436494,8509578.000
2011-11-30,3.49,3.49,3.30,3.34,4621507,15744605.000
2011-12-01,3.39,3.52,3.38,3.42,4680231,16183162.000
2011-12-02,3.41,3.49,3.36,3.37,4247390,14692749.000
2011-12-05,3.33,3.37,3.27,3.27,2503000,8315201.000
2011-12-06,3.26,3.28,3.18,3.24,2759632,8986346.000
2011-12-07,3.25,3.26,3.19,3.21,2035682,6599007.000
2011-12-08,3.21,3.24,3.14,3.20,2747947,8819373.000
2011-12-09,3.19,3.21,3.15,3.17,1991205,6347452.000
2011-12-12,3.16,3.18,3.11,3.13,1440950,4555287.000
2011-12-13,3.13,3.13,2.99,2.99,3385104,10347478.000
2011-12-14,2.99,3.02,2.94,2.95,2395100,7195541.000
2011-12-15,2.96,2.96,2.83,2.85,2870582,8329734.000
2011-12-16,2.85,2.94,2.84,2.94,2841756,8241533.000
2011-12-19,2.93,2.99,2.88,2.98,3949927,11685392.000
2011-12-20,2.98,3.05,2.97,2.98,3125667,9435961.000
2011-12-21,2.99,3.07,2.93,2.93,5403340,16445067.000
2011-12-22,2.93,2.93,2.83,2.88,2705059,7835766.000
2011-12-23,2.87,3.17,2.87,3.01,4857057,14689280.000
2011-12-26,2.98,3.02,2.97,2.99,2359500,7127667.000
2011-12-27,3.01,3.01,2.90,2.91,2080879,6153011.000
2011-12-28,2.87,2.92,2.83,2.90,1913686,5539147.000
2011-12-29,2.89,2.93,2.87,2.89,1391028,4070012.000
2011-12-30,2.90,2.95,2.90,2.92,1923999,5653974.000
2012-01-04,2.96,2.96,2.84,2.86,1802705,5271099.000
2012-01-05,2.88,2.89,2.77,2.78,2187576,6224602.000
2012-01-06,2.78,2.79,2.71,2.77,2068615,5716287.000
2012-01-09,2.80,2.90,2.78,2.90,3276404,9402187.000
2012-01-10,2.92,3.02,2.89,3.02,5673835,16975504.000
2012-01-11,2.99,3.01,2.95,2.99,3680169,11035257.000
2012-01-12,2.98,3.07,2.97,3.00,4385707,13340615.000
2012-01-13,2.99,3.01,2.87,2.93,3200612,9444733.000
2012-01-16,2.92,2.92,2.81,2.86,2540700,7321538.000
2012-01-17,2.88,2.99,2.79,2.98,3577577,10567468.000
2012-01-18,2.99,3.01,2.93,2.95,3011513,9004248.000
2012-01-19,2.95,2.99,2.93,2.97,2533830,7552980.000
2012-01-20,2.99,3.01,2.97,3.00,2621041,7890780.000
2012-01-30,3.00,3.02,2.97,2.97,2002600,6043071.000
2012-01-31,2.97,3.01,2.95,3.01,1609059,4824336.000
2012-02-01,2.98,3.01,2.95,2.96,2013903,6050257.000
2012-02-02,2.98,3.06,2.94,3.05,3684554,11145794.000
2012-02-03,3.09,3.09,3.01,3.05,4261221,13043612.000
2012-02-06,3.04,3.06,3.02,3.05,3483168,10671778.000
2012-02-07,3.05,3.05,2.98,2.99,2739623,8276654.000
2012-02-08,2.97,3.05,2.97,3.04,3498716,10647744.000
2012-02-09,3.05,3.11,3.03,3.08,6556940,20342076.000
2012-02-10,3.08,3.14,3.06,3.11,6757478,21130432.000
2012-02-13,3.08,3.12,3.05,3.10,4372162,13624791.000
2012-02-14,3.09,3.18,3.07,3.14,6026368,18985528.000
2012-02-15,3.14,3.26,3.11,3.25,11004849,35423220.000
2012-02-16,3.24,3.29,3.19,3.21,10428574,34037996.000
2012-02-17,3.22,3.25,3.16,3.19,5027688,16180975.000
2012-02-20,3.23,3.26,3.19,3.19,4169120,13497634.000
2012-02-21,3.19,3.21,3.14,3.21,3274782,10469039.000
2012-02-22,3.21,3.29,3.21,3.26,6637182,21724256.000
2012-02-23,3.24,3.29,3.22,3.27,4495598,14711393.000
2012-02-24,3.27,3.41,3.26,3.35,11403003,38281932.000
2012-02-27,3.36,3.41,3.34,3.34,9023795,30618232.000
2012-02-28,3.33,3.35,3.26,3.29,6319361,20997758.000
2012-02-29,3.29,3.29,3.22,3.24,3925550,12839078.000
2012-03-01,3.23,3.27,3.20,3.24,2886996,9423396.000
2012-03-02,3.23,3.31,3.23,3.30,4274927,14117344.000
2012-03-05,3.30,3.33,3.27,3.27,4555027,15108340.000
2012-03-06,3.27,3.27,3.18,3.20,5205902,16826838.000
2012-03-07,3.15,3.23,3.14,3.18,5344621,17204656.000
2012-03-08,3.19,3.25,3.19,3.22,4988800,16165852.000
2012-03-09,3.23,3.37,3.22,3.35,9907276,32699830.000
2012-03-12,3.33,3.37,3.28,3.31,8467120,28140480.000
2012-03-13,3.31,3.33,3.28,3.33,4061337,13510346.000
2012-03-14,3.35,3.36,3.14,3.19,9762080,32196644.000
2012-03-15,3.17,3.20,3.07,3.11,5704315,17897612.000
2012-03-16,3.15,3.22,3.08,3.21,7394538,23446072.000
2012-03-19,3.20,3.21,3.14,3.20,4194309,13393102.000
2012-03-20,3.18,3.26,3.15,3.20,6945085,22401254.000
2012-03-21,3.20,3.23,3.14,3.20,3796899,12153752.000
2012-03-22,3.18,3.24,3.17,3.22,3846055,12394109.000
2012-03-23,3.20,3.21,3.10,3.12,4206293,13295216.000
2012-03-26,3.12,3.13,3.08,3.10,2363800,7383511.000
2012-03-27,3.12,3.13,3.08,3.09,1590699,4974653.000
2012-03-28,3.09,3.09,2.94,2.95,4020232,12109943.000
2012-03-29,2.96,2.97,2.83,2.87,3599899,10480611.000
2012-03-30,2.86,2.90,2.85,2.88,2120019,6126992.000
2012-04-05,2.87,2.95,2.86,2.94,2755384,8090241.000
2012-04-06,2.94,3.04,2.92,3.01,5116956,15379681.000
2012-04-09,3.00,3.12,2.98,3.04,4276359,13154212.000
2012-04-10,3.04,3.07,2.97,3.06,3305046,10042808.000
2012-04-11,3.04,3.37,3.02,3.37,40736432,135362800.000
2012-04-12,3.48,3.48,3.32,3.37,42278219,144202912.000
2012-04-13,3.35,3.37,3.27,3.28,23303986,77665176.000
2012-04-16,3.31,3.37,3.30,3.32,18177102,61005000.000
2012-04-17,3.29,3.30,3.19,3.20,12164276,39587344.000
2012-04-18,3.19,3.32,3.18,3.28,10500404,34452660.000
2012-04-19,3.28,3.30,3.24,3.28,6429671,21142588.000
2012-04-20,3.27,3.38,3.25,3.32,14624572,49000584.000
2012-04-23,3.31,3.34,3.23,3.26,7803754,25740160.000
2012-04-24,3.26,3.36,3.18,3.35,15449420,51187276.000
2012-04-25,3.34,3.46,3.32,3.42,27526332,94675792.000
2012-04-27,3.38,3.38,3.25,3.26,11915343,39531732.000
2012-05-02,3.30,3.33,3.26,3.29,7254319,24050666.000
2012-05-03,3.29,3.29,3.23,3.26,5482977,17970184.000
2012-05-04,3.27,3.32,3.22,3.30,5866060,19307396.000
2012-05-07,3.28,3.29,3.21,3.26,6397518,20870406.000
2012-05-08,3.25,3.26,3.22,3.23,5517028,17955424.000
2012-05-09,3.22,3.25,3.20,3.21,4094048,13298838.000
2012-05-10,3.20,3.24,3.18,3.21,4146208,13386258.000
2012-05-11,3.21,3.21,3.09,3.10,7570923,23957010.000
2012-05-14,3.12,3.15,3.09,3.10,3529850,11104939.000
2012-05-15,3.08,3.11,3.06,3.11,3882409,12050989.000
2012-05-16,3.10,3.17,3.09,3.10,3230100,10155079.000
2012-05-17,3.11,3.19,3.07,3.17,5362578,16917056.000
2012-05-18,3.15,3.20,3.12,3.13,4859511,15445693.000
2012-05-21,3.13,3.20,3.13,3.16,4027048,12834633.000
2012-05-22,3.18,3.19,3.15,3.18,3246272,10332290.000
2012-05-23,3.18,3.18,3.10,3.13,3287550,10389806.000
2012-05-24,3.13,3.16,3.08,3.09,3529137,11061666.000
2012-05-25,3.09,3.13,3.06,3.07,2946814,9159577.000
2012-05-28,3.07,3.22,3.03,3.21,10133135,32114220.000
2012-05-29,3.36,3.53,3.36,3.50,68636938,241773744.000
2012-05-30,3.34,3.43,3.31,3.38,38005786,128646728.000
2012-05-31,3.37,3.40,3.31,3.34,14686549,49361284.000
2012-06-01,3.31,3.36,3.25,3.29,13756930,45456388.000
2012-06-04,3.24,3.25,3.14,3.14,11180200,36116280.000
2012-06-05,3.13,3.18,3.12,3.14,6929360,21935468.000
2012-06-06,3.14,3.16,3.09,3.12,5747763,18053094.000
2012-06-07,3.15,3.16,3.08,3.10,4549938,14278724.000
2012-06-08,3.14,3.14,3.07,3.08,5127675,15997065.000
2012-06-11,3.10,3.14,3.07,3.13,3944968,12320339.000
2012-06-12,3.12,3.15,3.09,3.12,4705857,14802575.000
2012-06-13,3.14,3.20,3.11,3.19,6231413,19835444.000
2012-06-14,3.18,3.21,3.14,3.14,4922786,15706788.000
2012-06-15,3.14,3.18,3.10,3.14,4117918,13003882.000
2012-06-18,3.16,3.21,3.11,3.16,4575462,14598640.000
2012-06-19,3.15,3.17,3.13,3.15,3544754,11235373.000
2012-06-20,3.15,3.17,3.11,3.12,3834130,12093269.000
2012-06-21,3.11,3.12,3.06,3.07,4518856,13987570.000
2012-06-25,3.06,3.09,3.00,3.01,3701800,11370821.000
2012-06-26,3.02,3.05,2.97,3.04,4567564,13862870.000
2012-06-27,3.06,3.07,2.99,2.99,3533812,10758491.000
2012-06-28,3.01,3.02,2.98,2.99,2966590,8947961.000
2012-06-29,2.98,3.05,2.97,3.03,3643004,11040198.000
2012-07-02,3.04,3.05,3.02,3.04,2471035,7550117.000
2012-07-03,3.03,3.06,3.00,3.03,2773394,8473093.000
2012-07-04,3.03,3.04,2.98,2.98,2529977,7643467.000
2012-07-05,2.99,2.99,2.93,2.93,2901000,8624325.000
2012-07-06,2.97,2.99,2.93,2.97,3220336,9593366.000
2012-07-09,2.97,2.97,2.86,2.87,2595800,7662574.000
2012-07-10,2.87,2.93,2.85,2.90,2543088,7389941.000
2012-07-11,2.90,2.95,2.89,2.93,2696410,7920814.000
2012-07-12,2.93,2.97,2.89,2.95,2620795,7736135.000
2012-07-13,2.95,3.02,2.93,2.95,2384958,7142596.000
2012-07-16,2.95,2.97,2.85,2.85,2852999,8346940.000
2012-07-17,2.85,2.93,2.84,2.90,2297512,6677798.000
2012-07-18,2.90,2.93,2.87,2.91,2275849,6632697.000
2012-07-19,2.91,2.99,2.91,2.96,4426823,13186881.000
2012-07-20,2.97,3.06,2.94,3.01,5061205,15304389.000
2012-07-23,2.97,3.01,2.96,2.98,2849897,8557401.000
2012-07-24,3.01,3.01,2.96,3.00,2674259,8044599.000
2012-07-25,2.99,2.99,2.94,2.95,2420849,7208732.000
2012-07-26,2.95,2.95,2.90,2.91,2010830,5925522.000
2012-07-27,2.93,2.94,2.88,2.89,1339286,3912667.000
2012-07-30,2.88,2.91,2.83,2.85,2539347,7321386.000
2012-07-31,2.83,2.87,2.76,2.81,3130746,8802451.000
2012-08-01,2.81,2.86,2.79,2.86,2035587,5821996.000
2012-08-02,2.86,2.89,2.82,2.83,1495668,4284885.000
2012-08-03,2.84,2.89,2.83,2.88,1655666,4783093.000
2012-08-06,2.86,2.97,2.86,2.94,3723490,10891115.000
2012-08-07,2.93,3.04,2.91,2.98,5113158,15344275.000
2012-08-08,3.01,3.02,2.93,2.94,3593503,10704731.000
2012-08-09,2.94,2.99,2.90,2.96,3370036,10010795.000
2012-08-10,2.95,2.98,2.91,2.94,2287497,6777745.000
2012-08-13,2.93,2.94,2.84,2.85,2384900,6934700.000
2012-08-14,2.83,2.88,2.83,2.88,2847607,8178458.000
2012-08-15,2.87,2.87,2.84,2.85,1397000,4013651.000
2012-08-16,2.83,2.93,2.83,2.90,2817189,8176556.000
2012-08-17,2.90,2.90,2.85,2.88,1332653,3856049.000
2012-08-20,2.86,2.93,2.84,2.90,1734848,5027468.000
2012-08-21,2.89,2.95,2.89,2.94,4419270,13012231.000
2012-08-22,2.96,2.96,2.87,2.89,3179800,9305328.000
2012-08-23,2.88,2.91,2.86,2.91,1998192,5814135.000
2012-08-24,2.90,2.91,2.86,2.87,1418446,4108551.000
2012-08-27,2.86,2.87,2.79,2.80,1697050,4830077.000
2012-08-28,2.78,2.85,2.78,2.80,2220399,6291858.000
2012-08-29,2.81,2.82,2.79,2.80,1143599,3235018.000
2012-08-30,2.80,2.81,2.76,2.78,1557661,4369098.000
2012-08-31,2.78,2.78,2.75,2.78,1124839,3139770.000
2012-09-03,2.78,2.83,2.76,2.81,1804892,5085760.000
2012-09-04,2.81,2.82,2.75,2.77,1590975,4458528.000
2012-09-05,2.77,2.81,2.75,2.79,1476521,4144288.000
2012-09-06,2.83,2.86,2.79,2.82,2432609,6915256.000
2012-09-07,2.86,3.07,2.86,2.96,14636117,43570772.000
2012-09-10,2.97,3.12,2.96,3.06,20545838,63099292.000
2012-09-11,3.02,3.02,2.96,2.99,7748769,23271944.000
2012-09-12,2.99,3.02,2.95,3.00,5762070,17294044.000
2012-09-13,2.99,2.99,2.93,2.93,4447307,13267253.000
2012-09-14,2.96,2.98,2.92,2.94,3213351,9521222.000
2012-09-17,2.94,2.94,2.85,2.86,3223300,9387385.000
2012-09-18,2.90,3.01,2.89,2.92,9192240,27336892.000
2012-09-19,2.91,2.92,2.87,2.91,4289172,12469887.000
2012-09-20,2.89,2.90,2.81,2.81,4255833,12183518.000
2012-09-21,2.79,2.84,2.79,2.81,1555600,4407593.000
2012-09-24,2.80,2.85,2.79,2.83,2571099,7303402.000
2012-09-25,2.83,2.96,2.80,2.85,5052064,14721505.000
2012-09-26,2.82,2.84,2.77,2.78,3247926,9150400.000
2012-09-27,2.78,2.86,2.78,2.84,3149824,8957416.000
2012-09-28,2.82,2.87,2.82,2.86,3403986,9771569.000
2012-10-08,2.85,2.88,2.83,2.86,1766910,5078331.000
2012-10-09,2.86,2.92,2.85,2.91,3885440,11347444.000
2012-10-10,2.92,2.98,2.89,2.95,4993505,14778931.000
2012-10-11,2.92,3.04,2.91,2.91,5263909,15720521.000
2012-10-12,2.91,2.93,2.86,2.90,5414308,15778362.000
2012-10-15,2.89,2.90,2.85,2.86,2283002,6594362.000
2012-10-16,2.87,2.92,2.86,2.88,3145787,9177464.000
2012-10-17,2.91,2.91,2.82,2.88,3256894,9389178.000
2012-10-18,2.86,2.95,2.86,2.94,6085384,17975048.000
2012-10-19,2.94,2.96,2.92,2.92,3472000,10245639.000
2012-10-22,2.90,2.95,2.90,2.94,2672341,7888802.000
2012-10-23,2.95,2.98,2.93,2.94,5367181,15971257.000
2012-10-24,2.92,3.03,2.92,2.99,10106041,30398730.000
2012-10-25,2.98,3.02,2.96,2.99,10020721,30211618.000
2012-10-26,2.99,3.01,2.88,2.88,6720274,19755204.000
2012-10-29,2.88,2.91,2.87,2.88,2786381,8110863.000
2012-10-30,2.89,2.92,2.87,2.87,3282409,9554353.000
2012-10-31,2.88,2.88,2.84,2.87,5467029,15740298.000
2012-11-01,2.87,2.94,2.86,2.93,7167567,20983424.000
2012-11-02,2.93,2.96,2.90,2.95,5907635,17461592.000
2012-11-05,2.95,2.97,2.92,2.94,3772343,11175642.000
2012-11-06,2.94,2.96,2.87,2.92,4487308,13153147.000
2012-11-07,2.92,2.93,2.89,2.91,1912031,5597965.000
2012-11-08,2.89,2.89,2.84,2.84,4001520,11546121.000
2012-11-09,2.84,2.87,2.84,2.84,2501551,7179666.000
2012-11-12,2.86,2.89,2.85,2.88,2337812,6766559.000
2012-11-13,2.88,2.89,2.83,2.83,2006780,5763228.000
2012-11-14,2.82,2.85,2.81,2.84,2237085,6375390.000
2012-11-15,2.83,2.86,2.79,2.80,2145561,6093497.000
2012-11-16,2.80,2.80,2.75,2.77,2940970,8200894.000
2012-11-19,2.78,2.79,2.74,2.77,2074630,5774251.000
2012-11-20,2.78,2.79,2.76,2.77,1303700,3647439.000
2012-11-21,2.78,2.82,2.76,2.81,2004455,5634098.000
2012-11-22,2.80,2.80,2.76,2.77,1833010,5139475.000
2012-11-23,2.77,2.81,2.77,2.79,1467965,4130232.000
2012-11-26,2.78,2.80,2.76,2.76,1187132,3325960.000
2012-11-27,2.77,2.78,2.64,2.65,2716248,7397273.000
2012-11-28,2.64,2.66,2.57,2.59,3316885,8690512.000
2012-11-29,2.60,2.62,2.51,2.53,2319398,6023228.000
2012-11-30,2.53,2.61,2.53,2.58,2620028,6799524.000
2012-12-03,2.58,2.60,2.54,2.54,2160171,5592988.000
2012-12-04,2.58,2.60,2.55,2.59,2570036,6668277.000
2012-12-05,2.80,2.85,2.78,2.85,15909870,45599936.000
2012-12-06,3.14,3.14,3.05,3.14,70389318,221467136.000
2012-12-07,3.18,3.27,3.07,3.25,94473258,303959744.000
2012-12-10,3.20,3.28,3.14,3.25,63753360,206013376.000
2012-12-11,3.19,3.35,3.13,3.13,56102559,182649696.000
2012-12-12,3.08,3.20,3.05,3.16,33526964,104950880.000
2012-12-13,3.08,3.15,3.06,3.07,24098349,74920944.000
2012-12-14,3.03,3.23,3.02,3.16,43873076,139552512.000
2012-12-17,3.20,3.29,3.08,3.17,34968929,112208768.000
2012-12-18,3.13,3.22,3.09,3.11,23663456,75053616.000
2012-12-19,3.10,3.15,3.07,3.13,13987085,43834240.000
2012-12-20,3.08,3.13,3.00,3.11,23768488,73484016.000
2012-12-21,3.09,3.13,3.02,3.04,18680357,57558136.000
2012-12-24,3.02,3.07,3.02,3.04,9443000,28961828.000
2012-12-25,3.04,3.14,3.01,3.11,21083794,65856168.000
2012-12-26,3.13,3.14,3.07,3.11,17710756,55212640.000
2012-12-27,3.10,3.22,3.09,3.11,24488399,77785240.000
2012-12-28,3.09,3.17,3.08,3.15,16886477,53137452.000
2012-12-31,3.16,3.21,3.11,3.14,16213968,51379640.000
2013-01-04,3.23,3.25,3.12,3.15,18343976,58476008.000
2013-01-07,3.12,3.12,3.06,3.11,15340851,47652688.000
2013-01-08,3.11,3.18,3.09,3.17,18443099,58062776.000
2013-01-09,3.18,3.18,3.10,3.11,12040793,37963476.000
2013-01-10,3.09,3.14,3.09,3.12,7796810,24430234.000
2013-01-11,3.13,3.13,3.01,3.02,10844207,33455370.000
2013-01-14,3.00,3.10,3.00,3.09,11262340,34800084.000
2013-01-15,3.13,3.16,3.11,3.13,17652042,55658600.000
2013-01-16,3.13,3.14,3.06,3.10,10736707,33414756.000
2013-01-17,3.10,3.23,3.06,3.15,26053404,82838560.000
2013-01-18,3.14,3.21,3.13,3.19,18701076,59816352.000
2013-01-21,3.20,3.25,3.17,3.23,21218275,68529040.000
2013-01-22,3.21,3.22,3.11,3.11,15182013,48322952.000
2013-01-23,3.11,3.15,3.09,3.12,8373227,26263516.000
2013-01-24,3.11,3.17,3.09,3.10,11403342,35882236.000
2013-01-25,3.09,3.14,3.07,3.09,6425997,20057628.000
2013-01-28,3.09,3.15,3.07,3.15,8926615,28083370.000
2013-01-29,3.16,3.21,3.13,3.17,13428284,42726832.000
2013-01-30,3.18,3.23,3.16,3.22,16238442,52299640.000
2013-01-31,3.24,3.25,3.15,3.18,9754529,31245944.000
2013-02-01,3.17,3.20,3.14,3.19,9582366,30643396.000
2013-02-04,3.20,3.20,3.13,3.14,8673819,27517100.000
2013-02-05,3.13,3.22,3.12,3.21,11588771,37103668.000
2013-02-06,3.19,3.23,3.16,3.20,5898264,18908028.000
2013-02-07,3.19,3.35,3.16,3.29,24004984,78958992.000
2013-02-08,3.28,3.34,3.25,3.32,13932405,46274352.000
2013-02-18,3.33,3.43,3.32,3.33,15109704,51157008.000
2013-02-19,3.31,3.35,3.23,3.25,9790894,32275848.000
2013-02-20,3.24,3.27,3.21,3.26,7012094,22844248.000
2013-02-21,3.25,3.26,3.14,3.15,8519100,27325788.000
2013-02-22,3.14,3.18,3.14,3.17,4651992,14797407.000
2013-02-25,3.17,3.18,3.14,3.18,3784280,12050321.000
2013-02-26,3.16,3.17,3.09,3.11,6387031,20145696.000
2013-02-27,3.12,3.16,3.09,3.13,4605463,14488600.000
2013-02-28,3.13,3.20,3.10,3.19,7192201,22814136.000
2013-03-01,3.19,3.19,3.13,3.16,5405296,17157384.000
2013-03-04,3.15,3.15,3.01,3.03,9841807,30257472.000
2013-03-05,3.03,3.07,3.01,3.06,5406450,16527763.000
2013-03-06,3.07,3.10,3.04,3.09,5217094,16156967.000
2013-03-07,3.26,3.40,3.17,3.18,24891759,81681416.000
2013-03-08,3.13,3.17,3.02,3.09,12139893,37839240.000
2013-03-11,3.07,3.10,3.05,3.08,3664781,11369815.000
2013-03-12,3.08,3.11,3.01,3.02,6788992,20815108.000
2013-03-13,3.02,3.04,2.97,2.99,6156418,18591152.000
2013-03-14,2.99,3.01,2.96,3.00,4590189,13808367.000
2013-03-15,3.00,3.02,2.96,2.99,4326791,13034548.000
2013-03-18,2.99,2.99,2.95,2.96,3499227,10455089.000
2013-03-19,2.97,2.98,2.88,2.98,4333976,12844977.000
2013-03-20,2.98,3.02,2.96,3.01,5199548,15690300.000
2013-03-21,3.01,3.04,3.00,3.04,8219504,24952072.000
2013-03-22,3.03,3.07,3.00,3.07,7902318,24195460.000
2013-03-25,3.07,3.08,3.02,3.04,4956980,15171199.000
2013-03-26,3.03,3.03,2.97,3.01,4226458,12745659.000
2013-03-27,3.01,3.02,2.96,2.97,5113882,15379280.000
2013-03-28,2.96,2.96,2.88,2.89,5718287,16799920.000
2013-03-29,2.89,3.00,2.89,2.94,5975675,17672256.000
2013-04-01,2.93,2.94,2.88,2.91,5065351,14842347.000
2013-04-02,2.91,2.93,2.88,2.89,3213662,9385691.000
2013-04-03,2.90,2.90,2.84,2.85,4390052,12649757.000
2013-04-08,2.82,2.82,2.78,2.80,5539879,15594551.000
2013-04-09,2.80,2.83,2.79,2.82,4260915,12070311.000
2013-04-10,2.82,2.84,2.81,2.83,2576990,7322236.000
2013-04-11,2.83,2.86,2.81,2.83,3561831,10160070.000
2013-04-12,2.83,2.85,2.82,2.84,2515340,7177780.000
2013-04-15,2.83,2.84,2.79,2.79,2342400,6603874.000
2013-04-16,2.78,2.85,2.76,2.84,3056840,8621995.000
2013-04-17,2.82,2.86,2.82,2.85,2653107,7592485.000
2013-04-18,2.84,2.87,2.81,2.84,2355860,6761626.000
2013-04-19,2.84,2.88,2.83,2.88,4995411,14415022.000
2013-04-22,2.87,2.91,2.86,2.89,5865131,17021084.000
2013-04-23,2.87,2.89,2.77,2.79,5024418,14314194.000
2013-04-24,2.85,2.92,2.84,2.89,9352786,27141916.000
2013-04-25,2.87,2.89,2.83,2.83,5973605,17246018.000
2013-04-26,2.83,2.87,2.83,2.85,3963986,11376020.000
2013-05-02,2.84,2.90,2.84,2.89,4002018,11627771.000
2013-05-03,2.89,2.95,2.88,2.93,5688339,16775911.000
2013-05-06,2.96,2.99,2.92,2.98,9774381,29087054.000
2013-05-07,2.98,2.99,2.94,2.96,6734077,20070332.000
2013-05-08,2.96,2.99,2.94,2.96,5529091,16493875.000
2013-05-09,2.94,3.03,2.94,2.97,8502962,25561244.000
2013-05-10,2.97,2.98,2.95,2.97,5586722,16675134.000
2013-05-13,2.98,2.98,2.95,2.97,3576794,10659109.000
2013-05-14,2.96,2.96,2.90,2.92,4016574,11826632.000
2013-05-15,2.90,2.93,2.90,2.93,3073342,9017291.000
2013-05-16,2.98,3.04,2.98,3.00,12811575,38800072.000
2013-05-17,3.00,3.02,2.97,3.02,8947552,27031264.000
2013-05-20,3.03,3.04,3.00,3.03,9893549,30109054.000
2013-05-21,3.02,3.04,3.00,3.03,7198421,21856816.000
2013-05-22,3.03,3.08,3.01,3.03,9001434,27582000.000
2013-05-23,3.03,3.04,3.00,3.02,5066100,15392704.000
2013-05-24,3.00,3.03,3.00,3.03,5779142,17548884.000
2013-05-27,3.03,3.05,3.01,3.05,6317410,19281616.000
2013-05-28,3.04,3.08,3.03,3.08,8421191,25912872.000
2013-05-29,3.07,3.09,3.06,3.06,6812657,21062178.000
2013-05-30,3.12,3.24,3.12,3.13,27869239,88607712.000
2013-05-31,3.10,3.14,3.08,3.09,11187119,34975364.000
2013-06-03,3.10,3.13,3.06,3.08,8268968,25675300.000
2013-06-04,3.07,3.08,3.00,3.01,6696415,20419144.000
2013-06-05,3.01,3.04,3.00,3.01,3393933,10312589.000
2013-06-06,3.00,3.02,2.99,3.00,4855379,14679785.000
2013-06-07,3.02,3.02,2.94,2.96,5050598,15124012.000
2013-06-13,2.94,2.94,2.83,2.86,4307927,12419549.000
2013-06-14,2.89,2.90,2.86,2.88,2925901,8474939.000
2013-06-17,2.90,2.91,2.84,2.86,2259219,6467064.000
2013-06-18,2.87,2.96,2.85,2.93,4147457,12059909.000
2013-06-19,2.93,3.04,2.86,3.03,7302526,21616140.000
2013-06-21,2.97,3.13,2.96,3.09,18962443,58160348.000
2013-06-24,3.08,3.08,2.78,2.82,13635870,40114284.000
2013-06-25,2.82,2.89,2.55,2.84,10593315,29412512.000
2013-06-26,2.82,2.86,2.75,2.82,5554434,15574255.000
2013-06-27,2.83,2.87,2.76,2.78,5920590,16704597.000
2013-06-28,2.78,2.84,2.71,2.80,4215794,11767091.000
2013-07-01,2.79,2.81,2.74,2.81,5001329,13910201.000
2013-07-02,2.80,2.83,2.79,2.83,3568539,10009750.000
2013-07-03,2.82,2.82,2.78,2.81,2952862,8253496.000
2013-07-04,2.80,2.84,2.78,2.82,5012872,14132622.000
2013-07-05,2.82,2.85,2.81,2.82,2904500,8210544.000
2013-07-08,2.81,2.81,2.72,2.74,3683925,10190842.000
2013-07-09,2.74,2.76,2.70,2.74,1955767,5340123.000
2013-07-10,2.74,2.80,2.72,2.80,2504414,6945776.000
2013-07-11,2.82,2.89,2.78,2.87,6864135,19591112.000
2013-07-12,2.87,2.88,2.80,2.81,5076610,14443923.000
数据来源:通达信
