002007 华兰生物 日线
      日期	    开盘	    最高	    最低	    收盘	    成交量	    成交额
01/11/2007	5.36	5.85	5.36	5.63	1745174	41348256.000
01/12/2007	5.61	5.88	5.31	5.39	1269894	30560866.000
01/15/2007	5.32	5.59	5.27	5.58	1381514	32239644.000
01/16/2007	5.59	6.22	5.59	6.22	3315928	83795240.000
01/17/2007	6.22	6.93	5.98	6.47	2590462	70143904.000
01/18/2007	6.44	7.00	6.28	6.87	2305787	64559716.000
01/19/2007	7.10	7.61	7.02	7.45	2815315	86302296.000
01/22/2007	7.56	8.24	7.50	7.94	1918402	62244868.000
01/23/2007	7.99	7.99	7.15	7.18	2332612	70438256.000
01/24/2007	7.06	7.42	6.74	7.36	2188923	63057344.000
01/25/2007	7.15	7.15	6.54	6.85	1231428	35099212.000
01/26/2007	6.72	7.15	6.55	7.02	1120541	31624040.000
01/29/2007	7.02	7.18	6.89	7.09	1182218	34447480.000
01/30/2007	7.10	7.15	6.93	7.02	746880	21732210.000
01/31/2007	7.02	7.27	6.72	7.18	1424891	41535572.000
02/01/2007	6.85	7.26	6.85	7.25	814098	23841176.000
02/02/2007	7.15	7.42	6.98	7.29	2294238	68829904.000
02/05/2007	7.26	7.36	7.10	7.13	674690	19964206.000
02/06/2007	7.11	7.15	6.88	7.03	1435503	41559892.000
02/07/2007	7.02	7.15	6.84	6.88	1890090	54272044.000
02/08/2007	6.76	7.02	6.36	6.88	2508448	68852872.000
02/09/2007	6.72	6.99	6.61	6.98	662463	18796632.000
02/12/2007	6.98	7.61	6.89	7.56	1088827	32426356.000
02/13/2007	7.51	7.59	7.29	7.52	609230	18673464.000
02/14/2007	7.55	8.09	7.44	8.03	748241	23693408.000
02/15/2007	7.99	8.22	7.85	8.06	775094	25600174.000
02/16/2007	8.10	8.10	7.97	8.08	659623	21674610.000
02/26/2007	8.10	8.10	7.83	7.86	219244	7060837.000
02/27/2007	7.83	7.83	6.99	6.99	729894	21520482.000
02/28/2007	7.18	7.55	6.93	7.48	1168051	34183976.000
03/01/2007	7.45	7.45	6.96	7.28	743875	22045106.000
03/02/2007	7.38	7.39	7.16	7.20	251995	7526171.000
03/05/2007	7.20	7.34	6.70	7.18	676802	19630910.000
03/06/2007	7.02	7.18	6.85	7.14	140661	4078510.750
03/07/2007	7.12	7.23	6.96	7.22	391265	11516160.000
03/08/2007	7.45	7.45	7.21	7.37	408434	12344595.000
03/09/2007	7.29	7.77	7.29	7.69	845564	26241368.000
03/12/2007	7.82	8.14	7.69	7.85	695467	22564388.000
03/13/2007	7.86	8.13	7.86	8.05	853188	28114344.000
03/14/2007	8.10	8.50	7.69	8.45	849240	28649552.000
03/15/2007	8.43	9.05	8.26	8.91	1068516	37733684.000
03/16/2007	9.46	9.89	8.91	9.09	2840805	108548728.000
03/19/2007	8.65	9.38	8.65	8.79	1061367	38457520.000
03/20/2007	8.91	9.05	8.54	8.73	1292826	46028664.000
03/21/2007	8.70	8.81	8.59	8.75	516858	18324936.000
03/22/2007	8.78	8.91	8.65	8.83	775608	27476316.000
03/23/2007	8.78	8.90	8.64	8.88	748293	26599906.000
03/26/2007	8.83	9.02	8.64	9.02	603621	21465288.000
03/27/2007	9.02	9.02	8.70	9.02	733982	26197656.000
03/28/2007	8.92	8.92	8.67	8.91	1030684	36885228.000
03/29/2007	8.91	8.92	8.55	8.64	643288	22656272.000
03/30/2007	8.56	8.78	8.24	8.62	1569592	54053388.000
04/02/2007	8.62	8.75	8.39	8.59	551627	19124402.000
04/03/2007	8.59	8.64	8.46	8.64	521600	18081888.000
04/04/2007	8.64	8.80	8.52	8.68	555014	19574760.000
04/05/2007	8.78	8.78	8.54	8.78	557005	19543624.000
04/06/2007	8.76	8.79	8.64	8.78	1107092	39227764.000
04/09/2007	8.77	9.37	8.77	9.05	1473443	53917940.000
04/10/2007	9.15	9.86	8.91	9.67	1639921	61942844.000
04/11/2007	9.46	9.99	9.46	9.86	962242	37510432.000
04/13/2007	10.14	10.27	9.38	9.97	1844360	72665840.000
04/16/2007	9.59	9.85	9.51	9.77	951788	36976064.000
04/17/2007	9.67	9.83	9.10	9.43	1036975	39129320.000
04/18/2007	9.32	9.34	9.10	9.28	2218474	82282592.000
04/19/2007	9.27	9.62	8.92	9.05	1265250	47731340.000
04/20/2007	9.07	9.32	8.98	9.16	1346350	49562672.000
04/23/2007	9.24	9.61	9.17	9.59	2337862	87989888.000
04/24/2007	9.70	9.72	9.44	9.49	1186174	45426224.000
04/25/2007	9.36	9.59	9.20	9.32	1076779	40584948.000
04/26/2007	9.32	9.40	9.19	9.20	619802	23044924.000
04/27/2007	9.19	9.19	8.62	8.93	912770	32951776.000
04/30/2007	8.94	9.21	8.86	9.17	542319	19837630.000
05/08/2007	9.28	9.42	9.00	9.03	1134143	41472132.000
05/09/2007	9.02	9.03	8.77	8.81	1255823	44821564.000
05/10/2007	8.81	8.89	8.51	8.59	1635152	57595440.000
05/11/2007	8.59	9.07	8.37	8.91	1779212	61962500.000
05/14/2007	8.79	9.27	8.64	9.13	1312627	47645932.000
05/15/2007	9.16	9.19	8.92	9.05	1086176	39565360.000
05/16/2007	9.00	9.05	8.67	8.95	1633647	58626924.000
05/17/2007	8.97	9.23	8.80	9.21	823021	29973286.000
05/18/2007	9.19	9.38	9.05	9.31	918124	34234908.000
05/21/2007	9.23	9.40	9.05	9.28	636070	23593458.000
05/22/2007	9.27	9.40	9.08	9.14	1342738	49848884.000
05/23/2007	9.16	9.54	8.94	9.54	1748443	65228436.000
05/24/2007	9.57	10.04	9.57	9.79	1660860	65327900.000
05/25/2007	9.77	9.97	9.60	9.66	1020792	40044356.000
05/28/2007	9.61	10.33	9.46	9.92	1096913	43801688.000
05/29/2007	9.92	10.19	9.78	10.06	691985	27664778.000
05/30/2007	9.59	9.99	8.97	9.38	1152781	43619140.000
05/31/2007	9.29	10.14	9.27	9.96	1517088	58811368.000
06/01/2007	9.96	10.73	9.67	9.78	1301820	53298732.000
06/04/2007	10.00	10.01	8.78	8.89	1583199	60235236.000
06/05/2007	8.16	9.32	8.16	8.98	986221	35271524.000
06/06/2007	9.00	9.89	8.91	9.81	566309	21867136.000
06/07/2007	10.22	10.76	10.13	10.43	644449	26794396.000
06/08/2007	10.68	10.68	10.27	10.46	646485	27095816.000
06/11/2007	10.49	10.78	10.00	10.64	1523735	63659664.000
06/12/2007	10.76	11.67	10.51	11.67	1637616	59775684.000
06/13/2007	11.84	12.84	11.53	12.77	1959983	78264728.000
06/14/2007	12.50	12.98	12.13	12.69	1085910	45467352.000
06/15/2007	12.37	13.15	12.17	12.93	758185	31708884.000
06/18/2007	13.00	13.47	12.98	13.31	769503	33252558.000
06/19/2007	13.80	13.92	13.02	13.14	708772	31274802.000
06/20/2007	13.14	13.14	12.33	12.44	989164	41057932.000
06/21/2007	12.45	12.45	11.94	12.23	979831	39363420.000
06/22/2007	12.16	12.50	11.79	11.84	886321	35061616.000
06/25/2007	11.97	12.01	11.52	11.85	527481	20540872.000
06/26/2007	11.88	12.15	11.13	11.60	391052	15124803.000
06/27/2007	11.91	12.48	11.62	12.30	751962	29884872.000
06/28/2007	12.49	12.85	12.18	12.66	734691	30277276.000
06/29/2007	12.93	13.31	12.17	12.69	1110626	46665168.000
07/02/2007	12.43	12.82	12.06	12.09	410103	16370650.000
07/03/2007	12.17	12.17	11.48	11.68	591902	22798660.000
07/04/2007	11.88	11.88	11.15	11.18	454085	17001456.000
07/05/2007	10.94	11.45	10.93	11.00	493904	18251812.000
07/06/2007	10.93	11.39	10.87	11.02	757494	27675368.000
07/09/2007	11.19	11.48	11.01	11.31	489949	18225420.000
07/10/2007	11.41	11.58	10.93	11.06	346588	12868166.000
07/11/2007	10.99	11.19	10.83	11.00	392962	14251113.000
07/12/2007	11.00	12.17	10.84	12.12	1137227	42357900.000
07/13/2007	12.07	12.07	11.55	11.82	612589	23762480.000
07/16/2007	12.01	12.43	11.59	12.17	844227	33420648.000
07/17/2007	12.17	12.18	11.62	11.91	424476	16675138.000
07/18/2007	11.69	12.02	11.69	11.80	382046	14913831.000
07/19/2007	11.84	12.33	11.81	12.15	633490	25280162.000
07/20/2007	12.15	12.50	12.03	12.33	381512	15458871.000
07/23/2007	12.50	12.66	12.25	12.57	874408	35638240.000
07/24/2007	12.58	12.63	12.14	12.16	647173	26134152.000
07/25/2007	12.17	12.33	11.52	11.86	1139019	44318548.000
07/26/2007	11.84	12.10	11.65	12.07	1032827	40419188.000
07/27/2007	12.07	12.14	11.78	11.90	923957	36186368.000
07/30/2007	11.90	12.73	11.88	12.58	693379	28389532.000
07/31/2007	12.59	13.41	12.59	13.28	1206005	52154824.000
08/01/2007	13.26	13.31	12.30	12.50	803111	34060512.000
08/02/2007	12.47	13.31	12.47	13.31	973187	41511232.000
08/06/2007	14.32	14.73	13.60	14.73	1682833	77184176.000
08/07/2007	15.09	15.59	14.45	14.56	1119167	55313140.000
08/08/2007	14.45	14.45	13.80	13.98	450225	20634108.000
08/09/2007	14.03	14.29	13.85	13.97	327480	15032683.000
08/10/2007	13.93	14.61	13.80	14.51	328862	15155817.000
08/13/2007	14.38	14.48	13.31	13.93	995372	45219220.000
08/14/2007	13.93	14.06	13.69	13.82	399098	17965960.000
08/15/2007	13.75	14.06	13.48	13.65	179547	8016150.500
08/16/2007	13.49	13.90	13.39	13.63	610880	26957012.000
08/17/2007	13.50	13.78	13.36	13.47	584413	25760288.000
08/20/2007	13.78	14.32	13.78	14.17	330824	15206788.000
08/21/2007	14.27	14.61	13.48	14.32	219350	10182210.000
08/22/2007	13.90	14.94	13.90	14.92	384231	18084114.000
08/23/2007	14.79	15.26	14.12	15.09	727380	34703816.000
08/27/2007	15.35	15.35	14.46	14.73	1638166	78615280.000
08/28/2007	14.47	14.84	14.29	14.46	424948	19975572.000
08/29/2007	14.47	14.89	14.45	14.48	655153	31035074.000
08/30/2007	14.08	14.77	14.03	14.58	124180	5858865.500
08/31/2007	14.77	14.77	14.13	14.38	396689	18489590.000
09/03/2007	14.19	14.77	14.19	14.72	441794	20949238.000
09/04/2007	14.71	15.30	14.61	15.10	356900	17314460.000
09/05/2007	15.11	15.25	14.61	14.68	272590	13164481.000
09/06/2007	14.82	14.82	14.49	14.58	316061	14992550.000
09/07/2007	14.71	14.71	14.29	14.46	436469	20520504.000
09/10/2007	14.68	14.68	14.13	14.60	218618	10315255.000
09/11/2007	14.45	15.03	14.45	14.77	527890	25559374.000
09/12/2007	14.51	15.39	14.51	15.21	298428	14530985.000
09/13/2007	15.16	16.40	15.10	16.14	591552	30671714.000
09/14/2007	16.37	16.37	15.65	16.08	356000	18461398.000
09/17/2007	16.14	17.38	15.82	17.05	1213560	65494328.000
09/18/2007	17.07	17.15	16.45	16.56	177374	9488748.000
09/19/2007	17.01	17.04	16.14	16.56	203403	10835208.000
09/20/2007	16.56	16.60	15.75	16.56	275470	14256312.000
09/21/2007	16.40	18.03	15.83	17.60	484453	26930310.000
09/24/2007	17.61	17.77	17.12	17.44	141230	7969144.000
09/25/2007	17.61	17.61	16.60	16.89	219615	11887277.000
09/26/2007	16.89	17.05	16.40	16.89	217897	11701989.000
09/27/2007	17.24	17.37	15.59	17.05	872327	46428376.000
09/28/2007	16.72	17.05	16.42	16.87	416671	22456504.000
10/08/2007	17.05	17.96	16.92	17.70	627174	35117936.000
10/09/2007	17.70	18.53	17.26	17.99	617144	36204136.000
10/10/2007	18.29	18.80	17.50	17.83	408805	23594152.000
10/11/2007	17.61	18.15	17.59	17.83	114301	6543950.000
10/12/2007	17.83	18.15	17.22	17.38	315492	17806236.000
10/15/2007	17.83	18.12	17.30	17.38	237202	13376643.000
10/16/2007	17.83	17.83	17.06	17.33	137036	7644323.000
10/17/2007	17.61	17.61	16.75	16.84	317586	17347484.000
10/18/2007	17.18	17.18	16.50	16.73	406603	21914694.000
10/19/2007	16.73	17.98	16.40	17.60	402115	22339424.000
10/22/2007	17.60	17.67	16.52	16.73	210008	11611344.000
10/23/2007	16.79	17.34	16.79	17.12	188215	10373345.000
10/24/2007	17.31	18.29	17.18	17.57	347535	16628044.000
10/25/2007	17.44	17.44	16.35	16.41	252039	11275238.000
10/26/2007	16.25	16.64	16.01	16.41	218891	9612360.000
10/29/2007	16.50	16.50	15.50	15.93	331612	14022216.000
10/30/2007	15.97	16.28	15.23	15.43	187792	7795665.000
10/31/2007	15.46	16.19	15.46	16.19	325559	13843951.000
11/01/2007	16.48	16.48	15.69	15.86	148937	6406607.000
11/02/2007	15.86	16.12	15.16	15.44	269741	11313321.000
11/05/2007	15.03	15.93	15.03	15.65	596564	25082802.000
11/06/2007	15.23	15.94	15.23	15.94	124840	5316319.500
11/07/2007	15.94	16.40	15.82	16.01	66940	2892391.500
11/08/2007	16.01	16.28	15.66	15.70	70652	3030187.000
11/12/2007	15.70	16.01	14.87	15.90	187891	7797944.500
11/13/2007	15.78	16.21	15.27	15.27	269727	11242424.000
11/14/2007	15.27	15.73	15.27	15.73	92637	3846215.500
11/15/2007	15.69	15.70	15.28	15.43	75700	3136017.500
11/16/2007	15.23	15.50	14.65	15.41	173619	7098386.000
11/19/2007	15.38	15.62	14.98	15.00	113060	4602518.500
11/20/2007	15.18	15.54	14.53	15.15	141819	5732475.000
11/21/2007	14.88	15.61	14.88	15.35	246602	10133876.000
11/22/2007	15.33	15.82	15.10	15.54	224879	9333119.000
11/23/2007	15.35	15.54	15.23	15.25	97746	4044309.000
11/26/2007	15.25	15.73	15.25	15.31	250811	10479220.000
11/27/2007	15.23	15.61	14.45	14.45	265721	10547341.000
11/28/2007	14.49	14.71	13.86	14.25	236309	8978506.000
11/29/2007	13.90	14.33	13.82	14.29	215872	8170980.000
11/30/2007	14.29	14.45	13.86	14.26	506535	19302468.000
12/03/2007	13.87	14.33	13.87	14.10	156853	5971872.000
12/04/2007	14.25	14.60	14.18	14.50	214945	8333401.500
12/05/2007	14.64	15.35	14.46	15.28	168716	6789047.500
12/06/2007	15.42	15.70	15.04	15.31	137960	5709565.500
12/07/2007	15.61	15.62	15.04	15.15	60350	2460532.250
12/10/2007	15.07	15.59	15.07	15.58	95680	3988416.750
12/11/2007	15.62	16.52	15.58	16.27	475085	20636702.000
12/12/2007	16.03	16.86	16.03	16.86	313680	14019751.000
12/13/2007	16.51	17.37	16.51	16.60	270399	12310101.000
12/14/2007	16.48	17.37	16.02	17.22	173469	7856970.000
12/17/2007	17.18	17.83	16.92	17.81	298333	14055996.000
12/18/2007	17.81	18.27	17.20	17.30	136748	6511041.000
12/19/2007	17.18	17.77	17.18	17.57	147623	6917969.000
12/20/2007	17.22	17.77	17.22	17.53	98277	4615410.000
12/21/2007	17.73	17.88	17.50	17.58	92300	4347673.500
12/24/2007	17.69	18.01	17.61	18.01	216593	10327511.000
12/25/2007	18.07	19.08	17.81	18.69	235886	11712393.000
12/26/2007	19.14	19.52	18.70	19.29	296164	15082459.000
12/27/2007	19.29	19.99	19.09	19.73	1057342	55572712.000
12/28/2007	19.74	20.07	18.75	20.03	541988	28585228.000
01/02/2008	20.11	20.30	19.60	19.92	267402	14062925.000
01/03/2008	19.92	20.62	19.72	19.84	272806	14640992.000
01/04/2008	19.84	19.92	18.75	19.61	161809	8325009.000
01/07/2008	19.33	20.11	18.95	19.92	400172	20995514.000
01/08/2008	19.92	20.30	19.26	19.96	460865	24281788.000
01/09/2008	19.76	20.30	19.53	19.99	330174	17498494.000
01/10/2008	20.00	20.17	19.68	19.84	175007	9286231.000
01/11/2008	19.84	20.06	19.08	19.25	288367	14907217.000
01/14/2008	19.21	19.32	18.94	19.16	107971	5490594.500
01/15/2008	19.33	19.45	19.14	19.36	177146	9130832.000
01/16/2008	19.17	20.11	19.17	19.76	214606	11224587.000
01/17/2008	19.19	19.91	18.94	19.57	700073	36428176.000
01/18/2008	19.57	19.90	19.34	19.87	274845	14415045.000
01/21/2008	19.90	19.90	18.75	18.80	258012	13446927.000
01/22/2008	18.75	19.13	17.57	18.16	821278	40192980.000
01/23/2008	18.00	18.98	18.00	18.83	273148	13499490.000
01/24/2008	18.91	20.74	18.86	20.54	617641	33231082.000
01/25/2008	20.54	21.08	19.96	20.69	370638	20398186.000
01/28/2008	20.31	21.08	19.72	19.74	429201	23323818.000
01/29/2008	20.43	20.50	18.28	19.02	652194	33162946.000
01/30/2008	18.98	19.51	18.43	19.14	273270	14014528.000
01/31/2008	18.75	19.25	18.47	18.77	219504	11168996.000
02/01/2008	18.58	19.13	16.83	18.35	228009	11198931.000
02/04/2008	18.75	19.54	18.36	19.34	338393	17217144.000
02/05/2008	19.18	19.47	18.68	18.75	229032	11526247.000
02/13/2008	19.04	19.25	18.69	18.88	178356	9061858.000
02/14/2008	19.14	19.45	18.89	19.29	157941	8070553.500
02/15/2008	19.33	19.53	19.28	19.45	208665	10773579.000
02/18/2008	19.53	19.85	19.28	19.52	148076	7694119.000
02/19/2008	19.64	20.16	19.28	20.10	343312	18055668.000
02/20/2008	20.27	20.78	19.92	19.93	127406	6838764.500
02/21/2008	20.03	20.30	19.80	20.07	138722	7410438.000
02/22/2008	19.80	20.62	19.39	20.36	309749	16565377.000
02/25/2008	20.35	20.66	19.92	19.92	106554	5738155.500
02/26/2008	20.07	20.08	18.55	19.13	191435	9783588.000
02/27/2008	19.09	19.35	18.56	19.10	81528	4186654.250
02/28/2008	19.10	19.84	18.94	19.33	202260	10570936.000
02/29/2008	19.52	19.52	19.10	19.25	63276	3241578.000
03/03/2008	19.53	19.92	19.14	19.82	296842	15451003.000
03/04/2008	20.00	20.30	19.53	19.92	398562	21194292.000
03/05/2008	19.84	20.19	19.13	19.92	406744	21343176.000
03/06/2008	20.05	20.23	19.33	19.84	157450	8326311.000
03/07/2008	20.03	20.23	19.53	19.61	142533	7566109.500
03/10/2008	19.53	19.64	18.78	19.10	446580	22806882.000
03/11/2008	19.09	19.10	18.55	19.09	469840	23548432.000
03/12/2008	19.36	19.42	18.73	18.73	354008	17832578.000
03/13/2008	18.75	18.75	17.64	18.28	484370	23607070.000
03/14/2008	18.35	18.35	17.82	18.27	339974	16404572.000
03/17/2008	18.23	18.28	17.18	17.67	186863	8815720.000
03/18/2008	17.67	17.67	15.83	16.40	379265	16928292.000
03/19/2008	16.62	16.78	15.50	16.68	816478	35075684.000
03/20/2008	16.39	16.43	15.23	16.19	597283	25153858.000
03/21/2008	16.19	16.63	15.70	16.41	240413	10483195.000
03/24/2008	16.77	16.77	15.62	15.62	84703	3664814.000
03/25/2008	15.61	15.99	15.03	15.79	301243	12599034.000
03/27/2008	15.62	15.96	15.07	15.82	200296	8349701.000
03/28/2008	15.82	16.40	15.24	15.93	109578	4642781.000
03/31/2008	15.86	16.01	15.43	15.62	449325	18877150.000
04/01/2008	15.86	15.93	14.88	14.88	367360	15174483.000
04/02/2008	15.23	15.23	14.12	14.16	819507	32271092.000
04/03/2008	14.25	14.83	14.19	14.45	201274	7820637.000
04/07/2008	14.45	15.89	14.45	15.57	181654	7530751.000
04/08/2008	15.96	16.01	15.19	15.61	583535	24167072.000
04/09/2008	15.24	15.43	15.18	15.18	303542	12444791.000
04/10/2008	15.23	15.58	15.03	15.19	400351	16383151.000
04/11/2008	15.19	15.62	15.04	15.62	309901	12730487.000
04/14/2008	15.60	16.40	15.23	16.01	243918	10531485.000
04/15/2008	16.01	16.76	15.93	16.60	198064	8744273.000
04/16/2008	16.60	16.73	16.05	16.59	50567	2217550.000
04/17/2008	16.55	16.56	15.43	15.43	556684	23814706.000
04/18/2008	15.23	15.96	15.23	15.62	260893	10892351.000
04/21/2008	16.01	17.25	15.43	15.49	316983	13964399.000
04/22/2008	15.62	15.80	14.49	14.84	740203	29843768.000
04/23/2008	14.84	15.14	14.31	14.45	1438542	56561088.000
04/24/2008	15.46	15.86	14.64	15.43	1925524	78402160.000
04/25/2008	15.38	16.05	13.80	14.65	3203730	122855016.000
04/28/2008	14.21	14.28	13.86	14.06	757728	28722600.000
04/29/2008	13.88	14.45	13.88	14.16	622336	24016194.000
04/30/2008	14.35	14.84	14.07	14.84	916951	35952168.000
05/05/2008	15.03	15.38	14.60	15.38	723124	29329762.000
05/06/2008	15.43	15.82	15.23	15.51	562169	23395370.000
05/07/2008	15.51	15.70	14.84	14.84	362937	14947210.000
05/08/2008	14.09	14.86	14.09	14.64	302946	11925053.000
05/09/2008	14.82	15.02	14.69	14.96	423736	16979188.000
05/12/2008	14.88	15.61	14.88	15.40	406938	16800886.000
05/13/2008	15.82	17.02	15.82	17.02	2125404	95364104.000
05/14/2008	17.28	18.35	16.60	16.94	1370691	63110108.000
05/15/2008	16.95	16.95	15.93	15.94	889631	39264008.000
05/16/2008	15.95	16.28	15.82	16.09	284306	12178120.000
05/19/2008	16.01	16.83	15.58	15.58	528755	22884416.000
05/20/2008	15.62	15.96	14.64	14.84	714518	29726436.000
05/21/2008	14.64	16.33	14.09	16.32	867465	35670344.000
05/22/2008	16.20	16.20	15.70	15.75	208005	8859904.000
05/23/2008	15.75	16.14	15.35	16.07	243312	10358835.000
05/26/2008	16.01	16.13	15.63	15.73	299107	12753318.000
05/27/2008	15.62	16.05	15.62	16.02	330999	14104102.000
05/28/2008	16.01	16.21	15.65	16.14	78459	3384856.000
05/29/2008	16.27	16.28	16.04	16.17	126360	5491201.000
05/30/2008	16.09	16.17	15.62	15.94	211140	8980046.000
06/02/2008	15.82	16.28	15.39	16.02	152272	6540583.500
06/03/2008	16.38	16.38	15.62	15.95	110543	4683638.500
06/05/2008	16.01	16.01	15.82	15.82	37900	1617424.625
06/06/2008	15.65	15.95	15.65	15.82	44224	1876565.250
06/10/2008	15.63	15.63	14.84	14.84	190065	7850260.500
06/11/2008	14.84	15.05	14.47	15.03	140459	5578785.000
06/12/2008	15.15	15.23	14.86	15.03	158287	6426246.000
06/13/2008	14.91	15.29	14.91	15.07	112284	4573588.500
06/16/2008	15.03	15.43	14.65	15.43	157514	6458274.500
06/17/2008	15.27	15.68	15.23	15.62	300140	12565595.000
06/18/2008	15.29	16.09	15.29	15.97	603918	25313854.000
06/19/2008	16.24	16.24	15.41	15.62	558568	23401870.000
06/20/2008	15.46	15.86	14.64	15.40	582981	24098102.000
06/23/2008	14.84	15.23	14.68	14.86	109735	4395440.000
06/24/2008	14.68	15.27	14.68	15.23	335580	13671460.000
06/25/2008	14.83	15.54	14.77	15.44	179447	7398135.500
06/26/2008	15.44	15.85	15.07	15.71	124341	5232661.500
06/27/2008	15.73	15.73	15.03	15.28	188669	7753852.000
06/30/2008	14.90	15.46	14.90	15.37	82764	3409487.500
07/01/2008	15.08	15.43	15.07	15.14	52272	2144962.500
07/02/2008	15.25	15.39	14.96	15.15	187152	7625808.000
07/03/2008	14.92	15.81	14.84	15.72	340786	14256290.000
07/04/2008	15.72	15.93	15.38	15.76	331013	13965748.000
07/07/2008	15.91	16.01	15.53	15.96	183300	7857149.000
07/08/2008	15.83	15.97	15.62	15.75	70224	2975808.750
07/09/2008	15.89	16.25	15.54	15.82	199885	8470438.000
07/10/2008	15.89	16.21	15.62	16.01	215768	9291849.000
07/11/2008	16.09	16.09	15.07	15.42	217085	8989290.000
07/14/2008	14.91	15.23	14.82	15.03	427421	17274498.000
07/15/2008	15.15	15.43	13.98	14.02	1328064	52334868.000
07/16/2008	14.05	14.83	13.90	14.64	2627123	100349928.000
07/17/2008	14.29	15.20	14.29	14.97	1546991	61920260.000
07/18/2008	15.00	15.15	14.51	14.80	506514	20007500.000
07/21/2008	14.83	15.03	14.49	14.92	428755	17163622.000
07/22/2008	15.03	15.15	14.84	15.00	237829	9639372.000
07/23/2008	15.00	15.14	14.85	15.03	239228	9672434.000
07/24/2008	14.95	15.09	14.87	14.93	273683	11011178.000
07/25/2008	14.87	15.04	14.83	14.94	119461	4795656.000
07/28/2008	14.86	15.07	14.76	15.05	106140	4260946.000
07/29/2008	14.78	15.02	14.78	14.88	188911	7583075.000
07/30/2008	14.84	15.13	14.78	15.09	119392	4843718.500
07/31/2008	15.15	15.15	14.88	15.03	91569	3706014.500
08/01/2008	15.03	15.11	14.78	14.86	132574	5344681.500
08/04/2008	14.92	14.92	14.45	14.88	38657	1538936.375
08/05/2008	14.88	14.95	14.65	14.81	38855	1552149.375
08/06/2008	14.91	14.99	14.81	14.91	28960	1159210.250
08/07/2008	14.90	15.10	14.64	15.03	310283	12441234.000
08/08/2008	14.68	15.07	14.58	14.58	154415	6146793.500
08/11/2008	14.25	14.70	14.14	14.28	204264	7869719.000
08/12/2008	14.18	14.60	14.18	14.60	148688	5738992.500
08/13/2008	14.26	14.86	14.14	14.84	128576	5062779.000
08/14/2008	14.80	15.03	14.49	14.92	94009	3759962.000
08/15/2008	14.84	14.88	14.68	14.87	41276	1650422.000
08/18/2008	14.84	14.91	14.25	14.69	118841	4682381.500
08/19/2008	14.27	14.41	14.18	14.37	78150	3015881.000
08/20/2008	14.21	14.96	14.10	14.88	339828	13584603.000
08/21/2008	14.84	14.84	14.19	14.45	143621	5582049.000
08/22/2008	14.21	14.40	14.21	14.26	64494	2485614.000
08/25/2008	14.63	14.63	14.06	14.24	52451	2007326.500
08/26/2008	14.07	14.29	12.89	13.69	605799	22095514.000
08/27/2008	13.78	13.85	13.32	13.69	310822	11487159.000
08/28/2008	13.59	13.67	13.08	13.27	219766	7865012.000
08/29/2008	13.08	13.46	13.08	13.28	76673	2747884.250
09/01/2008	13.09	13.51	12.93	13.47	78329	2820380.750
09/02/2008	13.18	13.50	12.96	13.17	157283	5628203.000
09/03/2008	13.30	13.32	12.73	12.83	87820	3083961.500
09/04/2008	12.98	12.98	12.50	12.62	34800	1202558.875
09/05/2008	12.50	12.89	11.97	12.24	194600	6501257.000
09/08/2008	12.11	12.44	12.10	12.10	130684	4324219.000
09/09/2008	11.98	12.03	11.71	11.73	235164	7650225.000
09/10/2008	11.85	12.10	11.60	11.88	70427	2290274.750
09/11/2008	12.10	12.25	11.99	12.10	107844	3566397.500
09/12/2008	12.29	12.59	12.28	12.47	81494	2757596.000
09/16/2008	12.36	13.08	12.19	12.75	352523	12307124.000
09/17/2008	12.50	13.27	12.50	13.00	170466	6046712.500
09/18/2008	12.79	13.20	12.10	12.70	114152	3924820.250
09/19/2008	12.89	14.05	12.89	14.05	9546678	361851712.000
09/23/2008	12.57	13.24	12.56	12.56	4545297	156044096.000
09/24/2008	11.23	12.60	11.23	12.39	2284339	75228624.000
09/25/2008	12.39	12.60	11.77	12.58	1108344	37510388.000
09/26/2008	12.38	12.55	12.23	12.38	586098	19898686.000
10/06/2008	12.10	12.29	11.93	12.03	409161	13475284.000
10/07/2008	11.36	12.14	11.36	12.10	207939	6775672.000
10/08/2008	11.36	12.87	11.36	12.46	609159	20352670.000
10/09/2008	12.61	12.69	12.34	12.50	279936	9549590.000
10/10/2008	11.79	12.50	11.17	11.21	1453898	45371336.000
10/13/2008	10.89	11.25	10.54	10.93	1318279	38893340.000
10/14/2008	11.09	11.52	10.93	10.94	228661	6973332.000
10/15/2008	10.93	11.32	10.93	11.18	110837	3399366.250
10/16/2008	10.93	11.48	10.93	11.33	196126	6017054.000
10/17/2008	11.32	11.75	11.32	11.49	86149	2725726.000
10/20/2008	11.33	11.71	11.32	11.41	110966	3464651.000
10/21/2008	11.36	11.69	11.32	11.32	81966	2555238.500
10/22/2008	11.21	11.48	11.21	11.32	111500	3457173.000
10/23/2008	10.98	11.36	10.55	11.13	426082	13171990.000
10/24/2008	10.99	11.28	10.99	11.13	39511	1204823.125
10/27/2008	10.78	11.26	10.74	10.99	152011	4604932.000
10/28/2008	10.67	11.25	10.67	10.98	90893	2767192.750
10/29/2008	11.05	11.32	10.78	11.13	101376	3078660.000
10/30/2008	10.88	11.33	10.88	11.25	176381	5457187.500
10/31/2008	11.42	11.42	11.06	11.29	82376	2551465.750
11/03/2008	11.52	11.52	11.17	11.25	139142	4322938.500
11/04/2008	11.25	11.36	11.01	11.13	47080	1454775.625
11/05/2008	10.98	11.48	10.94	11.17	73242	2265562.750
11/06/2008	11.17	11.50	10.94	11.23	43956	1350233.875
11/07/2008	10.99	11.44	10.99	11.40	122939	3816161.500
11/10/2008	11.28	12.10	11.28	11.73	143645	4617799.500
11/11/2008	11.48	12.06	11.48	11.53	53372	1709099.375
11/12/2008	11.39	11.71	11.39	11.47	182383	5722632.500
11/13/2008	11.64	11.83	11.40	11.82	169944	5397059.500
11/14/2008	11.82	12.10	11.53	12.00	151753	4921219.000
11/17/2008	12.02	12.49	11.84	12.42	172783	5769753.000
11/18/2008	12.15	12.64	11.75	12.07	153590	5158641.000
11/19/2008	12.07	12.37	11.91	12.33	143884	4739148.000
11/20/2008	12.32	12.69	12.11	12.42	156744	5310024.000
11/21/2008	12.18	12.69	11.73	12.14	121994	4054098.250
11/24/2008	12.02	12.41	11.75	12.30	131403	4334606.000
11/25/2008	12.07	12.34	12.02	12.04	101216	3363727.250
11/26/2008	11.91	12.26	11.91	12.24	91286	3021824.000
11/27/2008	12.50	13.53	12.31	12.42	207694	7328760.000
11/28/2008	12.19	13.00	12.03	12.69	179073	6103006.000
12/01/2008	12.44	12.93	12.42	12.75	106932	3667678.250
12/02/2008	12.77	13.28	12.57	13.24	293263	10435622.000
12/03/2008	13.24	13.66	13.24	13.41	188458	6878158.500
12/04/2008	13.58	14.06	13.43	13.47	131491	4867151.500
12/05/2008	13.46	13.73	13.31	13.58	90586	3316931.250
12/08/2008	13.74	14.13	13.36	14.00	308260	11665832.000
12/09/2008	13.78	14.18	13.78	13.89	246515	9306089.000
12/10/2008	14.00	14.25	13.87	14.24	222963	8452388.000
12/11/2008	14.24	14.40	14.01	14.02	117822	4489033.000
12/12/2008	14.02	14.12	12.89	13.02	111924	4127485.750
12/15/2008	13.08	13.47	13.08	13.30	101098	3636380.000
12/16/2008	13.28	13.47	13.03	13.31	132697	4740987.000
12/17/2008	13.35	13.67	13.35	13.53	171601	6309543.500
12/18/2008	13.49	13.82	13.41	13.82	115613	4243915.000
12/19/2008	13.73	14.25	13.55	14.06	312422	11864442.000
12/22/2008	13.89	14.35	13.87	14.33	95400	3626049.750
12/23/2008	14.07	14.39	13.88	13.98	121086	4609487.500
12/24/2008	13.89	13.94	13.62	13.67	59709	2227134.000
12/25/2008	13.55	13.84	13.33	13.51	123749	4530080.000
12/26/2008	13.37	13.60	13.34	13.60	392995	14331648.000
12/29/2008	13.46	13.95	13.32	13.95	236066	8712059.000
12/30/2008	13.77	14.10	13.77	14.06	300053	11386329.000
12/31/2008	13.93	14.25	13.93	14.25	510484	19465092.000
01/05/2009	14.25	14.44	14.07	14.18	114884	4431345.000
01/06/2009	14.25	14.37	14.06	14.23	140574	5402243.500
01/07/2009	14.14	14.39	14.08	14.35	91184	3503960.250
01/08/2009	14.10	14.64	14.06	14.64	399753	15443696.000
01/09/2009	14.62	14.94	14.61	14.83	172271	6883809.000
01/12/2009	14.83	14.91	14.25	14.25	123516	4872770.000
01/13/2009	14.33	14.90	14.21	14.90	554277	22026006.000
01/14/2009	14.81	15.03	14.55	14.88	166576	6657391.000
01/15/2009	14.81	14.89	14.55	14.60	298760	11869539.000
01/16/2009	14.60	14.81	14.18	14.21	557073	21478652.000
01/19/2009	14.21	14.37	13.97	14.05	1242834	47244236.000
01/20/2009	14.19	14.92	13.87	14.91	854289	32965896.000
01/21/2009	14.68	14.84	14.45	14.68	410436	16252053.000
01/22/2009	14.68	14.95	14.31	14.41	177508	6933173.500
01/23/2009	14.44	14.53	14.34	14.45	221816	8651355.000
02/02/2009	14.46	14.64	14.05	14.37	300598	11545673.000
02/03/2009	14.27	14.45	14.17	14.37	163250	6315779.000
02/04/2009	14.41	14.56	14.35	14.52	240828	9409414.000
02/05/2009	14.52	14.57	14.23	14.44	316073	12274498.000
02/06/2009	14.33	14.45	14.10	14.45	1390926	53464028.000
02/09/2009	14.48	14.63	14.17	14.55	1720582	66654584.000
02/10/2009	14.55	15.23	14.45	15.22	2475579	100292072.000
02/11/2009	15.23	15.54	15.08	15.16	1269221	52133276.000
02/12/2009	15.15	15.62	15.10	15.58	1225584	50436820.000
02/13/2009	15.50	15.80	15.25	15.67	805631	33551616.000
02/16/2009	15.46	15.93	15.03	15.27	1641524	67867304.000
02/17/2009	15.23	15.62	15.03	15.17	1719875	70842688.000
02/18/2009	15.26	15.61	15.07	15.47	787543	32595110.000
02/19/2009	15.47	15.86	15.28	15.79	786181	32955902.000
02/20/2009	15.77	16.40	15.46	16.35	839430	36136524.000
02/23/2009	16.32	16.71	15.89	16.60	504036	22269416.000
02/24/2009	16.39	16.68	15.82	16.11	769775	33631664.000
02/25/2009	16.21	16.28	15.62	16.08	455556	19553440.000
02/26/2009	15.89	16.19	15.35	15.75	305757	13035080.000
02/27/2009	15.62	15.82	15.11	15.79	547529	22806644.000
03/02/2009	15.68	15.87	15.24	15.84	359284	15036596.000
03/03/2009	15.58	16.32	15.36	16.20	1272613	54760436.000
03/04/2009	16.21	17.16	16.21	17.16	615811	27749268.000
03/05/2009	17.32	17.37	16.28	16.71	773700	34674240.000
03/06/2009	16.87	17.32	16.25	16.32	651426	29334134.000
03/09/2009	16.42	16.60	15.46	15.61	529058	22591812.000
03/10/2009	15.69	15.87	15.45	15.70	541321	22818508.000
03/11/2009	15.84	16.16	15.74	15.78	504882	21553250.000
03/12/2009	15.77	15.83	15.27	15.50	579503	24066228.000
03/13/2009	15.50	15.62	15.11	15.27	1521208	62406824.000
03/16/2009	15.27	15.27	14.91	15.17	931777	37931564.000
03/17/2009	15.12	15.58	15.12	15.54	678262	28144284.000
03/18/2009	15.78	15.82	15.54	15.57	885503	37263336.000
03/19/2009	15.66	15.76	15.25	15.61	1250980	51799460.000
03/20/2009	15.60	15.68	15.17	15.23	1210886	49835256.000
03/23/2009	15.46	16.14	15.32	15.62	3196716	133848304.000
03/24/2009	15.82	15.97	15.56	15.77	1743696	73797504.000
03/25/2009	15.80	15.82	15.23	15.23	964463	40113528.000
03/26/2009	15.23	15.32	14.84	15.03	1030804	41775104.000
03/27/2009	15.19	15.19	14.84	14.96	1685342	67989736.000
03/30/2009	15.00	15.21	15.00	15.11	1746712	71164416.000
03/31/2009	15.05	15.29	14.93	15.19	923839	37592564.000
04/01/2009	15.20	15.37	15.12	15.37	1377458	56510652.000
04/02/2009	15.53	15.60	15.29	15.33	1880976	78093072.000
04/03/2009	15.43	15.49	14.91	15.03	2777392	112918832.000
04/07/2009	15.23	15.48	15.05	15.11	1598760	65613756.000
04/09/2009	14.84	14.91	14.50	14.69	3009869	119097736.000
04/10/2009	14.72	14.91	14.66	14.88	2329093	92488672.000
04/13/2009	14.87	14.95	14.73	14.82	2471752	98757648.000
04/14/2009	14.88	15.23	14.83	15.19	2466557	99813352.000
04/15/2009	15.22	15.81	15.22	15.58	3402063	141657680.000
04/16/2009	15.58	15.86	15.35	15.61	2365596	99273856.000
04/17/2009	15.65	15.79	15.32	15.36	1756317	73214832.000
04/20/2009	15.33	15.44	15.19	15.33	1722399	70959544.000
04/21/2009	15.33	15.35	15.15	15.29	1677252	68866360.000
04/22/2009	15.33	15.39	14.60	14.72	2064408	83749672.000
04/23/2009	14.68	14.91	14.60	14.87	833184	33136166.000
04/24/2009	14.87	14.95	14.81	14.84	1143880	45809252.000
04/27/2009	15.43	15.82	15.43	15.62	4194983	175850960.000
04/28/2009	15.93	16.97	15.82	16.94	6540422	285157408.000
04/29/2009	16.94	16.97	15.62	16.09	5156143	223455744.000
04/30/2009	16.07	16.65	15.51	16.21	3140970	134836992.000
05/04/2009	16.40	16.57	15.85	16.21	2885602	124625440.000
05/05/2009	16.32	16.37	15.89	16.06	2457309	105846344.000
05/06/2009	16.02	16.02	15.43	15.67	3278699	85577368.000
05/07/2009	15.71	15.71	15.29	15.34	3092075	80056112.000
05/08/2009	15.45	15.82	15.35	15.50	3139503	81475016.000
05/11/2009	15.73	16.49	15.35	15.78	6619237	176093472.000
05/12/2009	15.90	15.90	15.24	15.47	2641486	68376696.000
05/13/2009	15.51	15.77	15.42	15.50	2696688	70508584.000
05/14/2009	15.78	16.17	15.67	16.04	4481543	119187456.000
05/15/2009	16.05	17.40	16.05	16.98	9949110	280881120.000
05/18/2009	17.29	18.64	16.54	16.58	10331575	298225952.000
05/19/2009	16.51	16.82	16.20	16.24	5476751	149917168.000
05/20/2009	16.25	16.41	15.70	15.72	4767659	126145624.000
05/21/2009	15.67	15.84	15.41	15.48	2857455	74470320.000
05/22/2009	15.35	15.70	15.31	15.59	2055680	53324272.000
05/25/2009	15.24	15.65	15.23	15.54	2986775	77375296.000
05/26/2009	15.67	16.34	15.44	15.95	3649231	96562304.000
05/27/2009	15.97	16.16	15.52	15.54	3682968	96710664.000
06/01/2009	15.60	15.83	15.37	15.47	2986604	77566552.000
06/02/2009	15.48	15.79	15.48	15.64	2173932	56799752.000
06/03/2009	15.63	15.89	15.60	15.81	3050714	80503864.000
06/04/2009	17.45	17.45	16.48	17.04	20923518	596839360.000
06/05/2009	18.07	18.82	18.07	18.82	20240107	627024576.000
06/08/2009	20.04	20.52	19.05	19.08	21855369	713139648.000
06/09/2009	19.08	19.08	17.48	17.90	9541048	285971296.000
06/10/2009	17.97	18.54	17.24	18.11	9977292	294476000.000
06/11/2009	17.79	18.23	17.35	17.79	6719247	198801568.000
06/12/2009	18.54	19.53	18.54	19.20	15345503	483346496.000
06/15/2009	19.98	20.42	19.29	19.89	15373905	506589440.000
06/16/2009	19.29	20.40	18.99	19.55	12614486	412570016.000
06/17/2009	19.31	21.26	19.11	20.29	17599561	592897344.000
06/18/2009	20.48	22.39	20.48	22.39	23093652	831604352.000
06/19/2009	23.04	24.67	21.48	22.20	30065366	1166987392.000
06/22/2009	21.17	24.29	19.92	23.35	31263453	1143274624.000
06/24/2009	23.17	24.53	22.12	22.55	19765225	754139584.000
06/25/2009	22.29	22.29	21.17	21.57	12555921	449600000.000
06/26/2009	21.62	22.10	21.62	21.67	6742100	243020000.000
06/29/2009	21.48	21.48	20.40	20.47	11079776	379405504.000
06/30/2009	20.36	22.40	20.03	22.25	18024507	648492736.000
07/01/2009	22.23	23.17	21.41	22.23	14087984	515505376.000
07/02/2009	22.72	22.73	21.87	22.02	11621562	424286400.000
07/03/2009	22.02	22.54	21.48	21.59	9658727	348024704.000
07/06/2009	21.74	21.74	20.85	21.14	8463210	295182368.000
07/07/2009	21.18	21.92	20.89	21.29	8392356	296892864.000
07/08/2009	20.99	21.39	20.78	20.87	6756719	234171200.000
07/09/2009	20.92	21.23	20.67	21.02	6939125	239738416.000
07/10/2009	20.92	20.92	20.67	20.76	4916597	168755744.000
07/13/2009	20.77	22.22	20.67	21.77	14275107	503758464.000
07/14/2009	21.95	22.01	21.30	21.51	9285675	331948768.000
07/15/2009	21.51	21.78	21.00	21.05	10706319	376622080.000
07/16/2009	21.29	21.59	20.97	21.04	7601813	266615472.000
07/17/2009	21.17	21.46	20.90	21.03	6440123	224182752.000
07/20/2009	21.04	21.23	20.81	21.12	6233432	216527904.000
07/21/2009	21.04	21.04	20.32	20.35	9285033	317400608.000
07/22/2009	20.42	22.42	20.42	21.34	9877951	350571648.000
07/23/2009	21.48	21.72	20.80	20.90	7350980	256115536.000
07/24/2009	21.00	21.04	20.42	20.50	5528628	189057088.000
07/27/2009	20.59	20.79	20.37	20.73	8118185	275943168.000
07/28/2009	20.76	20.84	20.36	20.52	5640587	191890544.000
07/29/2009	20.76	21.61	19.31	20.90	17672989	619171968.000
07/30/2009	20.90	20.90	19.64	20.12	8835785	294772576.000
07/31/2009	20.09	20.42	19.67	20.40	7544451	250837552.000
08/03/2009	20.85	21.09	20.42	20.62	5730912	196354912.000
08/04/2009	20.59	20.78	20.10	20.35	5667142	190564624.000
08/05/2009	20.29	20.50	20.03	20.16	6276094	209929680.000
08/06/2009	20.16	20.27	19.60	19.82	6701307	220399168.000
08/07/2009	19.89	20.13	19.74	19.79	4625954	152876976.000
08/10/2009	20.12	20.32	19.92	20.07	4554497	151686400.000
08/11/2009	20.27	20.29	19.99	20.09	2466297	82222360.000
08/12/2009	20.16	21.04	19.92	20.41	9108841	309071616.000
08/13/2009	20.66	21.58	20.51	21.37	16414748	576402880.000
08/14/2009	21.29	21.29	19.95	19.95	8246404	280145824.000
08/17/2009	19.54	19.54	17.89	17.89	6984215	215392192.000
08/18/2009	17.40	18.12	16.88	17.76	5048075	146474672.000
08/19/2009	18.04	18.65	17.17	17.41	6316531	189875280.000
08/20/2009	17.39	18.04	17.09	18.04	4648112	135702160.000
08/21/2009	19.04	19.04	18.40	18.87	5857481	182128368.000
08/24/2009	19.07	20.82	19.07	20.82	10612217	357153216.000
08/25/2009	21.54	22.10	21.04	21.27	15633862	556660992.000
08/26/2009	21.58	22.54	21.58	22.07	12214003	447591168.000
08/27/2009	22.29	24.35	22.15	24.35	23094796	914011840.000
08/28/2009	25.01	25.10	23.05	24.29	18431045	732198848.000
08/31/2009	24.92	25.92	24.60	25.27	15393694	640380672.000
09/01/2009	25.39	25.89	24.08	25.48	14630346	604555072.000
09/02/2009	25.42	25.85	22.95	23.04	14546811	576869504.000
09/03/2009	23.54	24.90	23.48	24.88	14265890	566013376.000
09/07/2009	27.44	27.44	27.44	27.44	1398812	62988504.000
09/08/2009	30.25	30.25	30.25	30.25	5756108	285100032.000
09/09/2009	30.35	32.28	29.29	31.53	32922614	1667322624.000
09/10/2009	30.54	31.92	30.29	30.56	15801530	806652224.000
09/11/2009	30.60	33.68	30.60	33.68	24179220	1273438080.000
09/14/2009	33.98	37.11	32.74	35.23	30085919	1715688192.000
09/15/2009	34.61	36.76	34.29	34.89	21887322	1267007872.000
09/16/2009	34.30	35.19	32.73	33.40	19814950	1091939840.000
09/17/2009	33.22	33.94	32.45	33.34	15295821	827297088.000
09/18/2009	33.48	34.79	32.73	33.89	18532294	1028474368.000
09/21/2009	33.76	34.48	31.80	32.70	13034651	704978176.000
09/22/2009	32.79	33.67	31.92	32.61	12413009	667163456.000
09/23/2009	32.73	32.97	30.54	30.56	14424131	737832960.000
09/24/2009	31.06	31.48	29.98	30.80	11093247	559329344.000
09/25/2009	30.98	31.09	30.29	30.73	6924818	347983904.000
09/28/2009	30.92	33.57	30.92	32.11	13187915	697609600.000
09/29/2009	31.78	31.78	28.98	29.73	10894838	538697984.000
09/30/2009	30.24	32.11	29.95	31.79	12031332	610346240.000
10/09/2009	32.28	34.28	31.47	33.28	17718611	952780800.000
10/12/2009	33.29	33.29	31.67	31.92	11091252	582717568.000
10/13/2009	31.54	32.29	30.72	31.86	8207154	421236192.000
10/14/2009	32.22	32.27	31.48	31.56	9451648	491526464.000
10/15/2009	31.79	31.89	30.64	30.69	8086427	410178592.000
10/16/2009	30.60	31.16	30.54	31.01	5358854	270278592.000
10/19/2009	31.49	32.11	31.10	31.28	9531241	491552864.000
10/20/2009	31.45	31.72	30.67	31.46	9912075	505283264.000
10/21/2009	31.23	31.32	30.67	30.72	7058544	356618752.000
10/22/2009	30.67	31.42	30.55	30.79	5149859	261025552.000
10/23/2009	31.20	31.79	31.01	31.29	9190171	471867744.000
10/26/2009	32.66	34.49	32.65	34.49	26959443	1489052544.000
10/27/2009	35.23	37.42	34.74	35.36	31914960	1865148928.000
10/28/2009	35.89	36.66	34.00	34.70	16759096	957477120.000
10/29/2009	35.97	37.42	35.42	36.48	27541402	1642638464.000
10/30/2009	37.17	39.29	35.16	38.04	28980716	1750506752.000
11/02/2009	38.01	41.91	36.81	41.91	30031973	1981003648.000
11/03/2009	43.14	43.14	40.26	40.59	26863736	1804462976.000
11/04/2009	39.89	42.41	37.84	40.23	26696885	1713349632.000
11/05/2009	38.86	39.64	38.55	38.67	12859552	816483776.000
11/06/2009	38.99	39.28	37.91	38.14	15328359	956733248.000
11/09/2009	37.91	37.95	36.49	37.54	15558996	943528064.000
11/10/2009	37.54	39.61	37.43	38.29	18333248	1159828992.000
11/11/2009	38.04	38.04	37.02	37.23	9432203	575024960.000
11/12/2009	37.27	37.71	37.12	37.39	7138525	435238560.000
11/13/2009	37.40	38.32	37.40	38.04	8592114	530599744.000
11/16/2009	38.01	38.01	37.26	37.81	12144896	745348864.000
11/17/2009	37.79	38.90	37.32	38.36	12809578	796904000.000
11/18/2009	38.62	38.62	37.67	37.93	8275122	512409792.000
11/19/2009	38.12	38.57	37.71	38.00	8211682	509896000.000
11/20/2009	37.92	38.36	37.42	37.62	8583896	529491680.000
11/23/2009	37.61	38.14	37.11	37.86	10427004	637776320.000
11/24/2009	38.04	38.04	35.67	35.76	11238138	675828544.000
11/25/2009	35.24	36.07	34.29	35.69	12436033	711930880.000
11/26/2009	35.70	37.24	35.69	36.42	13971400	832634560.000
11/27/2009	37.41	38.36	36.94	37.92	17015556	1051726016.000
11/30/2009	37.96	38.42	36.99	38.17	13362807	822349248.000
12/01/2009	38.32	39.42	37.92	38.09	12905911	811629440.000
12/02/2009	37.84	37.97	37.22	37.41	9480862	579020352.000
12/03/2009	37.29	37.32	36.47	36.74	8530616	510996256.000
12/04/2009	36.92	36.92	34.73	35.86	9668087	565280768.000
12/07/2009	35.87	36.05	35.41	35.87	5152846	300601312.000
12/08/2009	35.79	36.22	35.26	35.49	4993757	290024864.000
12/09/2009	35.47	36.87	35.19	35.89	7178504	424290784.000
12/10/2009	35.89	36.20	35.32	35.45	3935316	227962160.000
12/11/2009	35.45	35.76	35.29	35.48	2967418	171862256.000
12/14/2009	35.52	35.66	34.37	34.67	4229585	239871584.000
12/15/2009	34.64	35.16	34.20	34.74	5006540	282847392.000
12/16/2009	34.62	34.92	34.33	34.39	3600323	203620048.000
12/17/2009	34.27	34.42	32.11	32.26	7612514	411420288.000
12/18/2009	31.79	33.17	31.74	32.92	8656129	460036896.000
12/21/2009	32.73	32.95	32.29	32.77	3345534	178165888.000
12/22/2009	32.79	33.80	32.77	32.82	5262712	286682272.000
12/23/2009	33.04	33.21	32.42	32.80	2359361	126582776.000
12/24/2009	32.91	33.67	32.54	33.56	4175325	226883328.000
12/25/2009	33.39	33.96	33.12	33.54	4050503	221850544.000
12/28/2009	33.60	33.98	33.47	33.71	3258272	179445200.000
12/29/2009	33.73	33.82	33.29	33.41	3327369	181779200.000
12/30/2009	33.26	35.92	32.55	35.42	10056614	561263872.000
12/31/2009	34.54	34.91	33.72	33.93	6757847	378017472.000
01/04/2010	34.29	35.88	34.22	35.11	9489273	546328320.000
01/05/2010	34.96	35.61	34.64	35.41	4971496	284574624.000
01/06/2010	35.61	36.36	35.55	35.58	4858798	284794368.000
01/07/2010	35.57	35.94	34.04	34.14	3971880	226216400.000
01/08/2010	33.81	34.29	33.36	33.95	2359032	130342176.000
01/11/2010	33.98	34.61	33.74	34.19	2757370	153908528.000
01/12/2010	34.17	35.22	33.80	34.99	3974300	223394448.000
01/13/2010	34.11	35.95	33.91	35.26	7248203	419209792.000
01/14/2010	35.75	36.78	35.75	36.73	8686695	515988064.000
01/15/2010	38.09	38.35	36.41	37.17	8303934	506230976.000
01/18/2010	37.17	38.17	36.55	37.74	7293419	447710880.000
01/19/2010	37.78	38.26	37.45	37.68	5428228	335461984.000
01/20/2010	37.69	37.93	35.94	35.98	5372916	321530560.000
01/21/2010	35.55	36.41	35.55	35.75	3220629	189566768.000
01/22/2010	35.54	35.54	33.76	34.11	5459930	306714976.000
01/25/2010	33.67	33.97	32.86	33.81	3722617	203041536.000
01/26/2010	34.04	34.04	33.05	33.36	4102114	225932400.000
01/27/2010	33.36	33.67	33.04	33.36	3300625	180063552.000
01/28/2010	33.29	34.47	33.29	34.29	3457496	191934672.000
02/01/2010	34.29	35.51	34.17	35.09	4088446	234098080.000
02/02/2010	35.12	35.89	35.12	35.78	3347748	194549168.000
02/03/2010	36.00	36.11	34.17	35.91	3538401	202566048.000
02/04/2010	35.61	36.17	35.04	35.67	2453895	142992800.000
02/05/2010	34.79	34.94	34.42	34.62	3240326	183257136.000
02/08/2010	34.29	34.62	33.67	34.05	1778249	99078592.000
02/09/2010	33.99	34.21	33.61	33.81	1112807	61439388.000
02/10/2010	33.98	34.27	33.71	34.23	1218070	67594600.000
02/11/2010	34.23	34.42	34.04	34.39	1198956	67114328.000
02/12/2010	34.39	35.04	34.36	34.92	1191097	67608688.000
02/22/2010	34.36	35.52	34.36	35.25	1168438	67000712.000
02/23/2010	35.65	37.40	35.10	37.17	5614080	334246080.000
02/24/2010	37.14	38.14	36.54	37.92	5166152	318324064.000
02/25/2010	37.47	40.54	37.47	39.92	9375049	601083456.000
02/26/2010	39.89	40.54	39.36	39.82	4883302	317403872.000
03/01/2010	39.80	40.23	38.98	39.86	3741260	242110576.000
03/02/2010	39.79	40.29	39.27	39.92	3145226	204308768.000
03/03/2010	39.92	41.29	39.82	40.92	3703627	245649536.000
03/04/2010	41.01	42.11	39.92	39.92	3869140	257990368.000
03/05/2010	39.92	40.92	39.90	40.54	3164402	208698768.000
03/08/2010	40.85	42.11	40.71	41.74	3536159	239623120.000
03/09/2010	41.82	42.02	40.79	41.31	2867738	192331712.000
03/10/2010	41.29	41.29	38.79	39.01	6090298	394443168.000
03/11/2010	38.70	40.07	38.34	39.86	3511984	223993136.000
03/12/2010	39.61	40.54	38.98	39.72	2382110	155000544.000
03/15/2010	39.86	39.90	37.66	38.64	2245773	141077616.000
03/16/2010	38.36	38.61	37.74	38.54	1670110	104343680.000
03/17/2010	38.54	39.45	38.11	39.28	1650347	104382392.000
03/18/2010	39.11	39.11	38.43	38.86	1758669	110819264.000
03/19/2010	38.47	38.91	38.36	38.65	1165076	73240024.000
03/22/2010	38.61	39.61	38.36	39.56	1517035	96497592.000
03/23/2010	39.74	39.74	39.31	39.37	1301039	83636664.000
03/24/2010	39.17	39.56	38.67	39.19	1841258	117056160.000
03/25/2010	39.13	39.47	38.79	39.01	1136760	72460568.000
03/26/2010	38.92	39.16	38.42	38.70	1227968	77530256.000
03/29/2010	38.80	39.61	38.71	39.20	2270102	144707648.000
03/30/2010	39.01	39.04	38.32	38.67	2718223	170983440.000
03/31/2010	38.58	38.67	37.96	38.54	2308357	143648112.000
04/02/2010	38.87	39.09	38.34	38.36	2033725	128086592.000
04/06/2010	38.36	38.68	37.95	37.97	1540503	95880272.000
04/07/2010	38.04	38.95	37.67	38.70	2180803	136321408.000
04/08/2010	38.67	41.28	38.36	40.87	4576762	300916800.000
04/09/2010	40.79	41.30	40.42	40.96	2752723	183374880.000
04/12/2010	41.11	42.59	40.96	42.38	3774736	257889680.000
04/13/2010	41.79	44.00	41.79	42.31	5204663	363704640.000
04/14/2010	42.42	43.80	41.92	43.57	2710919	190381856.000
04/15/2010	43.36	43.74	41.56	42.23	2954978	203259072.000
04/16/2010	42.22	43.04	41.23	42.75	1705524	117298936.000
04/19/2010	42.79	43.97	42.11	42.77	3354052	236260416.000
04/20/2010	42.69	46.35	42.34	46.17	5388555	393316096.000
04/21/2010	46.17	46.67	45.24	45.60	3840517	285972960.000
04/22/2010	45.61	47.28	45.10	45.42	3026354	226769344.000
04/23/2010	45.30	46.69	44.54	44.61	2912731	215932896.000
04/26/2010	44.90	47.85	44.90	47.14	3539134	267883552.000
04/27/2010	46.76	47.40	45.23	46.86	2811599	210944240.000
04/28/2010	45.77	48.94	45.77	47.87	3004869	234787104.000
04/29/2010	48.16	48.64	45.25	45.54	3565024	270380224.000
04/30/2010	45.16	45.17	42.98	44.31	2835026	203347792.000
05/04/2010	43.06	45.81	42.99	45.54	2085315	152806704.000
05/05/2010	44.99	46.41	44.99	46.20	2666836	198971984.000
05/06/2010	46.09	46.11	44.17	44.17	2400969	176613792.000
05/07/2010	42.98	44.65	42.66	43.19	2092149	148911888.000
05/10/2010	42.91	44.15	39.62	41.86	2995517	202234144.000
05/11/2010	42.92	43.04	40.40	40.62	1682996	113071224.000
05/12/2010	39.95	40.92	39.42	40.42	2074067	136500432.000
05/13/2010	40.16	42.22	40.16	41.74	1836541	123840720.000
05/14/2010	41.86	44.41	41.48	43.86	2178513	153671584.000
05/17/2010	43.32	44.92	41.86	42.23	2122979	149798832.000
05/18/2010	42.23	42.99	41.03	42.27	2341757	159399488.000
05/19/2010	41.80	43.23	41.45	42.85	1752524	120508024.000
05/20/2010	43.04	44.82	42.92	43.20	2998075	214131600.000
05/21/2010	42.10	43.85	41.79	43.34	2893023	201731104.000
05/24/2010	43.74	45.48	43.74	45.05	2588539	188852192.000
05/25/2010	45.06	46.09	44.49	44.86	2357221	173334608.000
05/26/2010	45.16	45.21	43.36	43.64	2480387	177053504.000
05/27/2010	43.96	44.32	42.48	44.16	3820040	168044976.000
05/28/2010	44.46	48.26	44.18	47.28	7459301	352603744.000
05/31/2010	47.36	49.93	47.05	47.50	8632046	423892512.000
06/01/2010	46.48	48.36	45.97	48.13	5257151	250825584.000
06/02/2010	47.96	47.96	45.89	47.20	3744200	177832416.000
06/03/2010	47.86	49.98	47.86	48.68	7041927	350205056.000
06/04/2010	48.64	50.98	48.26	50.88	8019147	407271040.000
06/07/2010	50.38	51.84	49.68	51.24	7611920	392694752.000
06/08/2010	51.25	51.61	49.99	51.55	4142999	212006608.000
06/09/2010	51.56	51.79	50.89	51.10	4542461	235146640.000
06/10/2010	50.96	51.66	49.73	49.98	6301237	320407968.000
06/11/2010	49.98	50.11	48.98	49.28	5164381	257672384.000
06/17/2010	49.83	49.98	45.60	45.84	9732946	461458336.000
06/18/2010	45.36	46.21	43.16	44.23	11418567	511319872.000
06/21/2010	43.60	45.48	42.28	44.78	6620212	293552160.000
06/22/2010	44.84	44.98	44.18	44.56	4109872	184797824.000
06/23/2010	45.08	48.53	44.97	47.77	10861014	519072896.000
06/24/2010	48.08	49.14	47.03	47.18	6654887	321021344.000
06/25/2010	46.61	47.99	45.28	45.63	5056497	237087040.000
06/28/2010	45.65	47.00	45.28	45.72	3493197	162253904.000
06/29/2010	45.78	46.36	43.10	44.04	5503151	244658016.000
06/30/2010	43.28	45.02	42.95	44.56	4375246	195504848.000
07/01/2010	44.50	44.88	42.98	42.99	3662787	161691760.000
07/02/2010	42.96	42.98	39.47	40.51	6040323	250002608.000
07/05/2010	39.48	41.67	39.18	41.28	3577844	147861552.000
07/06/2010	40.93	42.28	40.56	42.07	3116830	131759792.000
07/07/2010	42.07	42.77	41.77	42.70	3262103	139426720.000
07/08/2010	42.71	44.34	42.53	43.47	3905871	171084336.000
07/09/2010	43.92	44.28	42.73	43.93	3715356	164272224.000
07/12/2010	44.04	44.06	42.98	43.55	3089879	136359360.000
07/13/2010	43.08	43.17	41.78	42.39	2875895	123723576.000
07/14/2010	41.98	43.48	41.89	42.52	2080191	90274808.000
07/15/2010	42.54	43.94	42.52	43.07	3172638	139305568.000
07/16/2010	42.93	43.08	42.18	42.63	2100820	90600296.000
07/19/2010	42.25	43.26	41.75	42.88	4691224	200967696.000
07/20/2010	43.03	44.18	42.38	43.97	6504537	285959904.000
07/21/2010	44.01	44.36	43.52	43.66	4150525	184261984.000
07/22/2010	43.67	44.31	43.59	43.87	4868627	216140960.000
07/23/2010	43.88	45.44	43.66	45.00	6542100	296014400.000
07/26/2010	45.44	45.45	44.28	45.03	4372767	198089408.000
07/27/2010	45.09	46.95	44.63	46.51	7276473	339224992.000
07/28/2010	46.44	48.98	46.10	48.21	8088444	391833792.000
07/29/2010	48.47	49.08	47.48	47.77	5463775	265761920.000
07/30/2010	47.48	48.03	46.83	48.00	3707825	177602240.000
08/02/2010	47.96	48.98	47.73	48.22	3906713	191420752.000
08/03/2010	48.23	48.48	46.68	46.70	5393406	258728528.000
08/04/2010	46.48	47.28	46.34	47.26	3469650	164213360.000
08/05/2010	47.29	48.93	47.26	48.16	5263368	256406736.000
08/06/2010	48.18	49.22	47.89	49.16	5733851	282417024.000
08/09/2010	49.53	49.97	48.88	49.23	4112245	205176528.000
08/10/2010	49.48	51.76	49.48	50.06	9931237	507955232.000
08/11/2010	49.48	50.73	48.66	49.68	7096898	356403552.000
08/12/2010	49.48	50.00	48.00	48.28	7663698	377148032.000
08/13/2010	48.53	49.06	47.68	48.63	4608172	225254256.000
08/16/2010	48.68	52.28	48.68	51.14	10927672	565501696.000
08/17/2010	51.18	51.63	50.09	50.59	6235776	318651008.000
08/18/2010	50.96	51.78	50.23	50.57	4756459	244974432.000
08/19/2010	50.64	51.18	49.83	49.96	5003717	253977232.000
08/20/2010	49.84	49.84	47.79	47.83	5659822	277831520.000
08/23/2010	47.72	48.47	47.48	47.92	2666405	129261416.000
08/24/2010	47.91	48.83	47.19	48.45	3222469	157131392.000
08/25/2010	48.18	49.12	47.73	48.35	4109228	202676208.000
08/26/2010	48.36	48.94	48.19	48.49	2179573	106858560.000
08/27/2010	48.77	49.44	48.23	49.44	3667878	180897680.000
08/30/2010	49.93	50.87	49.93	50.22	4438658	226063424.000
08/31/2010	50.28	51.23	50.22	50.87	6201519	319043360.000
09/01/2010	50.97	51.26	48.95	49.13	5870665	296103968.000
09/02/2010	49.48	49.98	48.68	49.16	4542105	225772016.000
09/03/2010	49.28	49.60	48.10	48.18	6451504	316446592.000
09/06/2010	48.08	48.81	47.48	47.73	5933046	287344544.000
09/07/2010	47.74	48.63	47.74	48.54	3604313	175827488.000
09/08/2010	48.48	48.48	47.58	48.23	4379580	212218720.000
09/09/2010	48.47	50.68	48.47	49.39	7545941	379254656.000
09/10/2010	50.98	53.98	50.98	53.97	18031830	962132800.000
09/13/2010	53.99	54.36	52.18	52.83	10101865	541741376.000
09/14/2010	53.00	53.18	51.48	52.03	7462029	393456800.000
09/15/2010	51.98	52.87	51.06	51.11	5329584	279768128.000
09/16/2010	50.97	51.46	48.83	49.47	5892688	298188576.000
09/17/2010	49.29	50.48	49.29	50.06	3526502	178287520.000
09/20/2010	50.03	50.05	48.09	48.47	4156750	204445152.000
09/21/2010	48.97	48.98	48.14	48.78	2277146	111774024.000
09/27/2010	49.07	50.33	48.98	50.33	3695410	186104528.000
09/28/2010	50.31	50.66	49.28	49.60	3751873	189688896.000
09/29/2010	49.46	49.90	48.36	49.89	4675326	231056016.000
09/30/2010	49.46	50.63	48.99	50.48	4091428	207543520.000
10/08/2010	50.98	51.47	50.08	51.19	5607660	288055104.000
10/11/2010	50.98	51.98	49.27	51.88	12582304	639385856.000
10/12/2010	50.83	51.96	50.58	50.69	6956032	358898048.000
10/13/2010	50.68	50.69	49.36	49.96	7327974	367803552.000
10/14/2010	50.53	50.98	48.78	48.88	8989181	449262816.000
10/15/2010	48.88	49.77	48.18	48.53	10965286	540836800.000
10/18/2010	48.48	48.48	45.88	47.64	11639989	549493952.000
10/19/2010	47.73	49.98	47.72	49.50	8776361	436401408.000
10/20/2010	48.48	50.93	48.28	49.70	8579965	433129376.000
10/21/2010	49.65	50.98	49.46	50.53	7855392	399918688.000
10/22/2010	50.77	50.94	49.86	50.28	7706446	391937312.000
10/25/2010	50.48	51.06	50.17	50.77	8694102	444379616.000
10/26/2010	50.98	53.23	49.49	52.25	18941994	982288064.000
10/27/2010	53.36	55.48	51.18	51.51	17445958	946137856.000
10/28/2010	51.48	52.13	50.63	50.66	7466508	385822208.000
10/29/2010	50.76	51.18	50.00	51.00	6588786	336620704.000
11/01/2010	51.80	53.86	51.28	53.37	11529105	611033728.000
11/02/2010	53.48	53.58	52.28	52.49	8803882	470036480.000
11/03/2010	52.48	53.42	51.83	51.86	7260243	387007904.000
11/04/2010	51.78	52.96	51.78	52.49	5531055	292654048.000
11/05/2010	53.16	53.16	51.98	52.84	6840028	364050496.000
11/08/2010	52.91	54.29	52.90	53.22	9026785	488215808.000
11/09/2010	53.46	55.78	53.46	55.56	14850275	822127808.000
11/10/2010	55.59	58.99	54.68	55.38	15222207	878480064.000
11/11/2010	55.16	57.74	54.28	55.73	11759539	661479872.000
11/12/2010	55.62	56.68	51.99	52.38	11457889	628195712.000
11/15/2010	52.39	54.36	52.39	54.24	7586270	410227584.000
11/16/2010	54.58	55.78	51.75	51.90	9823704	533679008.000
11/17/2010	51.91	52.68	48.36	50.48	10276690	522545664.000
11/18/2010	50.49	51.38	49.83	50.93	4832712	247614640.000
11/19/2010	51.49	52.06	49.83	51.67	6274256	323530016.000
11/22/2010	50.81	53.27	50.81	52.83	8128618	431678240.000
11/23/2010	53.18	53.18	51.74	52.14	6443770	341353952.000
11/24/2010	51.53	54.47	51.50	54.28	7539287	407087488.000
11/25/2010	54.36	54.93	53.25	53.98	5828739	317963232.000
11/26/2010	53.83	55.03	53.48	54.05	5489482	301659712.000
11/29/2010	54.05	54.98	53.42	54.54	5648354	310652064.000
11/30/2010	54.18	54.48	51.46	53.08	7140342	379791648.000
12/01/2010	52.48	52.48	51.16	51.63	4568466	238734768.000
12/02/2010	52.26	52.47	50.89	51.00	4848888	252013616.000
12/03/2010	51.03	51.44	49.98	50.44	3429142	174968272.000
12/06/2010	50.58	50.93	49.37	49.99	3441224	173378032.000
12/07/2010	49.66	50.46	49.38	50.36	3031531	153473232.000
12/08/2010	50.46	51.06	49.80	50.00	4072752	207357968.000
12/09/2010	49.51	49.88	48.48	48.63	3986380	197235008.000
12/10/2010	48.38	48.97	47.48	48.78	4575311	223165280.000
12/13/2010	49.40	50.27	49.40	49.96	4838977	242924608.000
12/14/2010	49.88	51.27	49.48	50.40	7470546	379946816.000
12/15/2010	50.81	51.03	49.78	49.94	4477061	227691952.000
12/16/2010	49.88	50.58	49.56	49.73	3544481	179431456.000
12/17/2010	49.98	49.98	49.34	49.73	2874230	143995792.000
12/20/2010	49.52	50.14	47.51	48.33	5441868	268185440.000
12/21/2010	48.47	48.67	47.48	47.76	8070741	390382976.000
12/22/2010	47.97	48.43	47.28	47.40	6036071	291825792.000
12/23/2010	47.51	47.82	46.49	46.61	5511136	262785568.000
12/24/2010	46.68	47.57	46.16	46.69	4915958	232347088.000
12/27/2010	46.79	47.45	45.54	45.95	4226004	199329472.000
12/28/2010	45.58	46.16	44.48	45.11	3788075	173489904.000
12/29/2010	45.11	46.08	45.04	46.05	2875417	132841760.000
12/30/2010	45.77	47.72	45.69	47.49	6772953	324098912.000
12/31/2010	47.60	47.98	46.68	47.87	5630045	269758592.000
01/04/2011	47.99	48.17	46.90	47.61	5020866	240624720.000
01/05/2011	47.46	47.46	45.97	46.18	7521342	354956832.000
01/06/2011	46.03	46.35	44.78	45.07	6246183	286530400.000
01/07/2011	45.48	46.30	45.27	45.43	4698704	217555008.000
01/10/2011	45.28	45.87	44.36	44.58	3546109	161611664.000
01/11/2011	44.53	44.88	43.93	44.16	2973576	133297560.000
01/12/2011	44.28	44.48	43.51	44.26	2998299	133532800.000
01/13/2011	44.39	44.98	43.99	44.94	2893784	130794200.000
01/14/2011	45.17	47.27	44.94	46.15	8589476	401604768.000
01/17/2011	45.48	45.77	43.92	43.96	4260234	191754880.000
01/18/2011	43.68	45.23	42.36	44.89	4096505	184095856.000
01/19/2011	45.06	45.23	44.33	45.05	2697655	122279376.000
01/20/2011	45.08	45.11	43.49	43.52	2329698	104197368.000
01/21/2011	43.53	44.02	42.00	42.47	5579731	241558496.000
01/24/2011	42.36	42.68	40.56	41.25	5136789	214491568.000
01/25/2011	41.35	41.68	40.64	40.98	2234973	93029112.000
01/26/2011	41.28	41.58	40.78	40.98	2833903	117969344.000
01/27/2011	40.98	41.63	40.79	41.52	5066759	211912640.000
01/28/2011	40.98	42.43	40.48	42.12	5254139	222302544.000
01/31/2011	41.78	42.36	41.48	41.68	4934894	208412896.000
02/01/2011	41.73	41.92	41.48	41.74	2301005	97140264.000
02/09/2011	41.78	43.34	41.78	42.82	6541311	283818240.000
02/10/2011	42.89	46.36	42.89	45.47	10314131	468939136.000
02/11/2011	45.50	46.36	44.93	45.53	7304149	335883488.000
02/14/2011	45.83	47.18	45.50	45.86	8355214	391237760.000
02/15/2011	45.88	46.46	45.32	45.48	5795609	267365744.000
02/16/2011	45.42	45.42	44.73	45.13	5044136	229586960.000
02/17/2011	45.42	45.48	44.73	45.18	4668854	212949456.000
02/18/2011	45.20	46.12	44.86	45.56	5718616	263944624.000
02/21/2011	45.18	45.53	44.50	45.24	4087429	185906576.000
02/22/2011	45.24	45.97	44.14	44.19	5427411	247371424.000
02/23/2011	44.20	45.06	44.20	44.48	3582737	162017312.000
02/24/2011	44.53	44.93	43.88	44.40	3272775	146875632.000
02/25/2011	44.63	44.75	44.10	44.30	2909232	130642776.000
02/28/2011	44.50	44.97	44.30	44.87	3324985	150294784.000
03/01/2011	44.98	45.87	44.96	45.38	6317948	290664768.000
03/02/2011	45.98	46.06	45.18	45.65	4673923	215845232.000
03/03/2011	45.63	45.78	44.18	44.18	5423531	246355744.000
03/04/2011	44.18	44.46	42.78	43.85	4768114	209704128.000
03/07/2011	43.80	44.08	42.86	43.69	6355544	278377120.000
03/08/2011	43.48	44.16	43.04	44.05	3916536	173042608.000
03/09/2011	44.06	44.27	43.33	43.58	3442714	151828240.000
03/10/2011	43.44	43.84	43.18	43.42	3029647	133223568.000
03/11/2011	43.30	43.82	43.08	43.08	4057131	178420816.000
03/14/2011	42.88	43.97	42.86	43.70	6718466	296010848.000
03/15/2011	43.71	43.73	41.44	42.48	5579064	239485952.000
03/16/2011	42.50	42.79	42.18	42.49	4435972	190621872.000
03/17/2011	42.28	43.28	41.64	41.96	6042574	258924144.000
03/18/2011	42.08	42.37	41.58	41.68	3622303	153545584.000
03/21/2011	41.98	42.13	41.38	41.50	2650347	111613128.000
03/22/2011	41.58	41.88	41.33	41.76	2731734	115093440.000
03/23/2011	41.85	42.16	41.54	42.04	2470133	104740952.000
03/24/2011	41.99	42.95	41.96	42.62	4983819	214399424.000
03/25/2011	42.61	42.68	42.13	42.51	4028180	172702208.000
03/28/2011	42.68	42.87	41.78	41.85	3557637	152014864.000
03/29/2011	41.85	41.85	40.63	40.68	6040289	250488416.000
03/30/2011	40.66	41.02	40.46	40.63	4570902	188324080.000
03/31/2011	40.62	40.77	39.66	39.98	3914498	159042080.000
04/01/2011	40.06	40.23	39.50	39.61	4020532	161415440.000
04/06/2011	39.61	39.97	39.18	39.83	4918470	197317552.000
04/07/2011	39.84	39.84	39.16	39.29	4056985	161581728.000
04/08/2011	39.39	39.71	39.27	39.67	8775406	350177408.000
04/11/2011	39.80	40.41	39.68	40.19	7492943	303341920.000
04/12/2011	40.29	40.44	39.19	39.41	5822379	234834512.000
04/13/2011	39.36	40.98	38.83	40.48	8737173	352982976.000
04/14/2011	40.37	40.65	40.03	40.17	4584449	187085344.000
04/15/2011	39.87	39.87	38.83	39.21	6955879	276279616.000
04/18/2011	39.18	39.37	38.58	38.90	4145669	163300672.000
04/19/2011	38.77	38.77	37.88	38.01	4813397	186134256.000
04/20/2011	38.01	38.77	38.00	38.67	4053847	157974848.000
04/21/2011	38.64	39.24	38.30	38.67	3921076	154370256.000
04/22/2011	38.63	38.63	37.79	37.83	4241764	163915776.000
04/25/2011	37.88	37.98	36.36	36.37	5185617	193458464.000
04/26/2011	36.31	36.33	35.47	35.76	3604131	130994232.000
04/27/2011	35.96	36.17	34.79	34.92	3625857	130328960.000
04/29/2011	34.24	35.32	33.60	35.08	4554927	159442112.000
05/03/2011	35.08	35.65	34.57	35.42	2855673	102108104.000
05/04/2011	35.34	35.34	33.88	33.96	2680562	94679168.000
05/05/2011	33.98	34.63	33.98	34.29	2100589	73372368.000
05/06/2011	34.28	36.10	33.91	35.90	5786504	209064848.000
05/09/2011	35.78	37.08	35.77	36.30	3892076	144269568.000
05/10/2011	36.43	36.59	35.90	36.32	1926482	70603424.000
05/11/2011	36.32	36.84	35.86	36.44	2282585	84170168.000
05/12/2011	36.36	36.73	35.89	35.93	2461813	90643888.000
05/13/2011	35.88	36.18	35.76	35.92	3331198	121341256.000
05/16/2011	35.95	36.20	35.31	35.36	2010941	72784448.000
05/17/2011	35.18	35.26	34.24	34.50	2151290	75833296.000
05/18/2011	34.38	34.93	34.26	34.75	989439	34846912.000
05/19/2011	34.78	35.14	34.38	34.44	2150541	75782304.000
05/20/2011	34.38	34.78	34.31	34.48	1577565	55120824.000
05/23/2011	34.57	35.12	34.18	34.18	2527580	88817200.000
05/24/2011	34.07	34.98	33.98	34.73	2439451	85802648.000
05/25/2011	34.73	34.97	34.29	34.39	1781678	62662348.000
05/26/2011	34.31	35.27	34.29	34.59	1790880	63151468.000
05/27/2011	34.43	34.97	33.48	33.56	3148519	108343360.000
05/30/2011	33.68	33.78	32.12	32.15	2847436	95394600.000
05/31/2011	32.22	32.73	31.98	32.43	2914517	95638944.000
06/01/2011	32.44	33.93	32.43	33.12	3195406	107751568.000
06/02/2011	32.98	32.98	32.06	32.38	2941006	96821480.000
06/03/2011	32.35	33.35	32.27	33.06	3087476	103583600.000
06/07/2011	32.98	34.08	32.93	33.62	2357033	80652736.000
06/08/2011	33.64	33.98	33.19	33.89	1874106	63911876.000
06/09/2011	33.88	34.10	33.46	33.48	1623628	55674052.000
06/10/2011	33.48	33.78	32.89	33.48	1390680	46992048.000
06/13/2011	33.09	33.23	32.68	32.99	811254	27171898.000
06/14/2011	32.98	33.68	32.98	33.37	1377848	46757424.000
06/15/2011	33.48	33.62	33.02	33.09	850192	28745030.000
06/16/2011	33.15	33.15	32.38	32.41	1250257	41096124.000
06/17/2011	32.33	33.42	32.33	32.34	1452776	48057976.000
06/20/2011	32.23	32.72	31.80	31.96	1329798	43162492.000
06/21/2011	31.98	32.25	31.48	31.69	1394802	44626532.000
06/22/2011	31.74	31.97	31.41	31.74	1808395	57671188.000
06/23/2011	31.73	32.27	31.59	32.13	1945229	62611824.000
06/24/2011	32.41	33.89	32.29	33.78	4859236	162407856.000
06/27/2011	34.15	34.15	33.38	33.87	3415940	116066648.000
06/28/2011	33.87	34.35	33.76	33.91	2362784	80919096.000
06/29/2011	33.91	33.97	33.19	33.52	2705964	91170512.000
06/30/2011	33.50	34.01	33.33	33.72	2541590	86433760.000
07/01/2011	33.93	34.09	33.58	33.96	3117837	106484624.000
07/04/2011	34.22	34.96	33.96	34.76	3853505	133921448.000
07/05/2011	34.79	34.99	34.31	34.88	3022259	105461640.000
07/06/2011	34.85	34.88	34.40	34.83	1812833	63261284.000
07/07/2011	34.83	35.70	34.66	35.12	3793503	134458848.000
07/08/2011	35.18	35.91	35.14	35.82	4019254	143959088.000
07/11/2011	35.68	36.77	35.41	36.44	3958820	144322752.000
07/12/2011	36.23	36.36	35.54	35.54	3579218	129207368.000
07/14/2011	33.79	34.28	31.96	32.68	31512989	1043083008.000
07/15/2011	31.77	33.78	31.58	33.33	45033541	1479451008.000
07/25/2011	29.98	29.98	29.98	29.98	1919600	57971920.000
07/26/2011	27.08	28.08	26.96	26.96	38329597	1049290752.000
07/27/2011	26.66	27.49	26.28	27.06	25506333	693884224.000
07/28/2011	26.76	27.69	26.58	27.31	15360152	422392544.000
07/29/2011	27.11	27.47	26.66	26.84	8255831	224781984.000
08/01/2011	26.53	27.22	24.85	26.96	15395650	406568128.000
08/02/2011	26.63	27.28	26.31	26.85	9967910	269461280.000
08/03/2011	26.78	27.08	26.18	26.35	8170566	218974112.000
08/04/2011	26.40	26.57	25.79	26.11	7755372	204365504.000
08/05/2011	25.08	25.48	24.78	24.94	13899319	351351232.000
08/08/2011	24.61	24.76	22.58	22.83	14318588	342229408.000
08/09/2011	21.89	23.56	21.80	23.34	15129504	348049312.000
08/10/2011	23.63	24.08	23.23	23.27	8461768	201973856.000
08/11/2011	22.59	25.62	22.58	25.62	20591209	510787040.000
08/12/2011	26.05	26.88	25.88	26.10	20617680	547721792.000
08/15/2011	26.33	26.54	25.39	25.91	15867006	413017312.000
08/16/2011	25.53	25.78	25.30	25.46	9725810	250444240.000
08/17/2011	25.62	25.66	25.28	25.48	5790170	148883424.000
08/18/2011	25.42	25.48	24.26	24.32	7413547	185563424.000
08/19/2011	23.58	25.47	23.49	24.98	13861988	348550048.000
08/22/2011	25.33	26.18	25.08	25.58	12133890	314339104.000
08/23/2011	25.98	26.54	25.68	26.11	13164533	347028512.000
08/24/2011	26.08	26.64	25.82	25.84	9556666	252657408.000
08/25/2011	25.83	26.43	25.83	26.29	8386335	221145952.000
08/26/2011	26.31	26.31	25.99	26.13	5285396	139266800.000
08/29/2011	25.91	27.61	25.63	26.97	12972926	348124128.000
08/30/2011	26.88	27.13	26.13	26.18	8953376	241616944.000
08/31/2011	25.98	26.30	25.85	26.08	4601519	120942504.000
09/01/2011	26.03	26.29	25.63	25.63	3963259	104056576.000
09/02/2011	25.58	25.98	24.69	24.85	5255418	133188096.000
09/05/2011	24.57	25.20	24.13	24.82	4368886	108224944.000
09/06/2011	24.53	24.89	24.28	24.45	3591673	89074672.000
09/07/2011	24.48	25.45	24.48	25.41	3923913	99105640.000
09/08/2011	25.47	26.11	25.10	25.91	5496952	142319760.000
09/09/2011	25.74	26.23	25.63	25.77	4594247	119910480.000
09/13/2011	25.30	25.45	24.78	25.24	2630362	66657484.000
09/14/2011	25.36	25.78	24.70	25.68	3255035	82996440.000
09/15/2011	25.78	26.03	25.20	25.30	3483601	90462240.000
09/16/2011	25.51	25.55	25.08	25.28	3222475	82245664.000
09/19/2011	25.13	25.46	24.68	24.78	3281835	83310984.000
09/20/2011	24.69	25.03	24.33	24.81	2520187	63029992.000
09/21/2011	24.97	25.64	24.63	25.49	3647864	92901544.000
09/22/2011	25.36	25.36	24.33	24.35	2875297	72136536.000
09/23/2011	23.98	24.48	23.77	23.95	3672110	89084392.000
09/26/2011	23.98	24.18	23.69	23.76	2223567	53677620.000
09/27/2011	23.96	24.08	23.44	23.68	2681635	64134764.000
09/28/2011	23.78	23.88	22.76	22.93	3281345	76920664.000
09/29/2011	22.77	22.77	21.88	21.97	3914602	87993864.000
09/30/2011	21.98	22.23	21.84	21.92	1723281	38264548.000
10/10/2011	22.06	22.43	21.97	22.28	2212215	49665912.000
10/11/2011	22.73	23.08	21.94	22.18	2646882	59843964.000
10/12/2011	22.18	23.30	22.00	23.18	3628195	83525440.000
10/13/2011	23.08	23.98	22.99	23.68	4198117	100384384.000
10/14/2011	23.66	23.79	23.21	23.48	2857892	67578648.000
10/17/2011	23.70	23.93	23.23	23.28	3041047	72206496.000
10/18/2011	23.23	23.28	22.58	22.65	2900753	66917052.000
10/19/2011	22.67	23.08	22.58	22.79	1249411	28708956.000
10/20/2011	22.67	22.67	21.98	22.09	1714119	38510532.000
10/21/2011	22.18	22.31	21.89	21.93	1619249	36109856.000
10/24/2011	22.16	22.16	19.99	21.79	5920324	127408632.000
10/25/2011	21.78	22.56	21.49	22.20	3988961	88797792.000
10/26/2011	22.13	22.88	21.98	22.53	5449483	123681640.000
10/27/2011	23.18	24.48	23.01	23.25	11793793	280842240.000
10/28/2011	23.43	23.98	23.08	23.75	8412527	199868560.000
10/31/2011	23.75	24.12	23.35	23.68	5123875	122573096.000
11/01/2011	23.68	24.24	23.48	23.98	5854207	141510304.000
11/02/2011	23.60	25.61	23.48	25.46	11745320	291074496.000
11/03/2011	25.48	27.23	25.38	25.85	13594130	359436352.000
11/04/2011	26.03	26.54	25.49	25.76	5813327	151663856.000
11/07/2011	25.61	26.03	25.31	25.44	4263487	110712760.000
11/08/2011	25.55	25.68	25.03	25.26	4770035	121830344.000
11/09/2011	25.43	25.62	24.89	25.58	3960557	101144592.000
11/10/2011	25.29	26.66	25.28	26.26	12950535	342635712.000
11/11/2011	26.29	26.93	25.89	26.73	7610871	203293104.000
11/14/2011	26.89	27.60	26.59	27.08	9816484	267430336.000
11/15/2011	27.11	27.13	26.56	26.96	5131822	139017408.000
11/16/2011	27.03	27.77	25.93	25.99	7610949	203952960.000
11/17/2011	26.03	27.26	26.03	26.85	11505776	310691008.000
11/18/2011	26.72	27.38	26.41	27.13	12363390	336651232.000
11/21/2011	27.07	27.88	26.99	27.28	10936635	301298016.000
11/22/2011	27.06	27.26	26.09	26.32	7179607	191971520.000
11/23/2011	26.48	26.88	25.92	25.98	4136383	109640928.000
11/24/2011	25.89	26.72	25.79	26.53	4931096	130826224.000
11/25/2011	26.52	26.66	25.69	25.73	4322200	113769760.000
11/28/2011	25.67	25.87	25.06	25.42	4533279	116222104.000
11/29/2011	25.88	26.47	25.80	26.32	5723723	151533824.000
11/30/2011	26.22	26.68	25.16	25.70	5645080	148195440.000
12/01/2011	26.53	27.28	26.13	26.69	10828113	292600032.000
12/02/2011	26.52	26.69	25.58	25.86	4896498	128532528.000
12/05/2011	25.67	25.86	23.88	24.07	5087269	127551568.000
12/06/2011	24.03	24.78	23.09	24.67	6242145	150237088.000
12/07/2011	24.76	25.58	24.24	25.33	4542586	114484280.000
12/08/2011	24.98	25.68	24.71	24.99	3156150	79980400.000
12/09/2011	24.95	25.18	24.38	24.78	3061980	76312184.000
12/12/2011	24.68	25.06	23.64	23.80	2439644	59952864.000
12/13/2011	23.60	23.96	22.90	23.18	4693328	111252064.000
12/14/2011	23.17	23.81	22.98	23.53	5187524	123203672.000
12/15/2011	23.53	23.88	23.09	23.28	2976028	70703656.000
12/16/2011	23.29	24.00	23.28	23.98	2726826	65252212.000
12/19/2011	23.75	24.68	23.58	24.48	3076514	74548328.000
12/20/2011	24.61	25.27	24.31	24.82	3301027	82632680.000
12/21/2011	25.28	25.28	24.48	24.50	4079321	102484328.000
12/22/2011	24.57	24.89	24.28	24.44	3411322	84584664.000
12/23/2011	24.31	24.78	24.11	24.66	3079024	75960760.000
12/26/2011	24.88	25.74	24.79	25.60	6430553	164983920.000
12/27/2011	25.44	25.97	24.81	24.84	4597731	117828984.000
12/28/2011	24.76	24.98	24.07	24.91	2647591	65716264.000
12/30/2011	24.80	25.28	24.69	24.79	3803830	95829160.000
01/04/2012	24.93	25.53	23.58	23.69	3350378	83113376.000
01/05/2012	23.73	23.94	22.28	23.48	5833013	135228464.000
01/06/2012	23.28	23.63	22.98	23.28	3947465	93261336.000
01/09/2012	23.28	23.71	22.04	23.38	5441187	126538464.000
01/10/2012	23.18	24.36	22.98	24.20	6104166	146998768.000
01/11/2012	24.28	24.58	23.68	23.79	5316754	128796952.000
01/12/2012	23.55	24.03	23.33	23.58	3998717	95824208.000
01/13/2012	23.48	23.79	22.38	22.53	4841416	112323528.000
01/16/2012	22.23	22.23	21.34	21.53	6095797	133732464.000
01/17/2012	21.38	22.57	21.38	22.28	3709791	82726648.000
01/18/2012	22.31	22.51	21.46	21.58	4189004	92569496.000
01/19/2012	21.53	21.98	21.35	21.78	3163747	69388328.000
01/20/2012	21.96	22.50	21.79	22.28	3178502	71373584.000
01/30/2012	22.31	23.09	22.29	22.59	4867881	111962168.000
01/31/2012	22.40	22.90	22.33	22.90	2465647	56460320.000
02/01/2012	22.89	23.47	22.68	22.90	3848553	89619832.000
02/02/2012	22.78	23.09	22.54	22.90	2638169	60752248.000
02/03/2012	22.92	24.07	22.79	23.83	5788570	137753248.000
02/06/2012	24.08	24.53	23.83	24.06	5562593	135550688.000
02/07/2012	23.98	23.99	23.28	23.39	3813567	90581840.000
02/08/2012	23.48	23.88	23.23	23.76	5400439	128416648.000
02/09/2012	23.68	24.16	23.46	24.09	5950680	143705104.000
02/10/2012	23.99	24.17	23.59	23.78	4601964	110536880.000
02/13/2012	23.47	24.97	23.29	24.51	10258135	252016704.000
02/14/2012	24.93	25.23	24.39	24.73	11164933	279645024.000
02/15/2012	24.68	25.50	24.68	25.43	7485466	189740400.000
02/16/2012	25.43	25.53	24.89	25.02	6179658	156631744.000
02/17/2012	24.98	25.42	24.85	25.32	4402143	111783496.000
02/20/2012	25.56	25.66	24.70	24.71	5113797	130108160.000
02/21/2012	24.69	25.38	24.66	25.36	4707275	118782384.000
02/22/2012	25.26	25.96	25.09	25.76	6480059	167697312.000
02/23/2012	25.76	26.08	25.39	25.65	4830992	124956072.000
02/24/2012	25.58	26.14	25.36	25.92	5596447	145078688.000
02/27/2012	26.06	26.08	25.57	25.68	8545161	222070320.000
02/28/2012	25.43	25.43	24.68	24.77	8686251	218687632.000
02/29/2012	24.72	24.88	24.37	24.41	6481702	160674272.000
03/01/2012	24.03	24.67	23.92	24.45	6057602	148757584.000
03/02/2012	24.47	24.86	24.47	24.78	5554319	138408448.000
03/05/2012	24.80	24.93	24.35	24.51	5346941	132743000.000
03/06/2012	24.42	24.64	24.28	24.58	4060279	100165760.000
03/07/2012	24.38	25.25	24.28	25.08	7606492	191509904.000
03/08/2012	25.20	25.20	24.80	25.05	4389725	110794224.000
03/09/2012	25.13	25.27	24.94	25.18	6409110	162435184.000
03/12/2012	25.39	27.11	25.18	26.88	15815515	416614336.000
03/13/2012	26.88	26.88	26.26	26.51	10143390	271457824.000
03/14/2012	26.66	27.24	25.23	25.48	12820278	342082016.000
03/15/2012	25.54	26.14	24.93	25.81	7947155	205413760.000
03/16/2012	26.01	27.04	25.80	26.76	8962430	239946048.000
03/19/2012	26.78	26.88	26.33	26.52	5134452	137315120.000
03/20/2012	26.39	26.67	25.29	25.30	8142837	211204608.000
03/21/2012	25.36	25.43	24.56	24.80	7508145	188106944.000
03/22/2012	24.81	25.18	24.70	24.84	3218928	80983680.000
03/23/2012	24.88	25.02	24.08	24.18	4346659	107301440.000
03/26/2012	24.16	24.43	23.85	24.17	3149795	76850240.000
03/27/2012	24.28	24.42	23.78	23.78	2780588	67512936.000
03/28/2012	23.78	23.97	22.74	22.83	4498492	105307824.000
03/29/2012	22.74	23.30	22.51	23.13	4395122	101502136.000
03/30/2012	22.99	23.28	22.38	22.66	3557580	81458920.000
04/05/2012	22.66	23.26	22.56	23.21	3686744	85317192.000
04/06/2012	23.23	23.31	22.72	23.00	3367423	78362760.000
04/09/2012	22.78	23.17	22.49	22.90	3213351	74084600.000
04/10/2012	22.83	23.06	22.18	22.90	3107302	70777376.000
04/11/2012	22.74	23.45	22.60	23.44	4525140	106177464.000
04/12/2012	23.46	23.93	23.26	23.88	3736757	89267416.000
04/13/2012	23.88	23.97	23.55	23.83	2707301	64896708.000
04/16/2012	23.74	24.11	23.59	23.81	2078806	50065584.000
04/17/2012	23.78	24.28	23.66	23.70	3686176	89252968.000
04/18/2012	23.79	24.28	23.49	24.12	3182899	77194016.000
04/19/2012	24.07	24.50	23.79	24.42	5038879	122988424.000
04/20/2012	24.43	24.43	24.07	24.18	4499349	109920600.000
04/23/2012	24.04	24.04	23.01	23.17	5552683	131301160.000
04/24/2012	23.08	23.38	22.28	22.68	5597598	128182992.000
04/25/2012	22.62	22.91	22.58	22.87	2899274	66613384.000
04/26/2012	22.90	23.08	22.66	22.74	2143518	49471248.000
04/27/2012	22.76	22.93	22.68	22.73	1924731	44256068.000
05/02/2012	23.08	23.18	22.69	22.97	6313927	145910688.000
05/03/2012	22.97	23.65	22.93	23.55	7110027	168349248.000
05/04/2012	23.56	23.68	23.25	23.58	3704102	87777016.000
05/07/2012	23.51	24.20	23.44	23.94	8069004	194552608.000
05/08/2012	23.94	24.11	23.60	23.78	4534588	108892384.000
05/09/2012	23.61	23.61	23.29	23.34	3800566	89849704.000
05/10/2012	23.50	23.87	23.33	23.38	3400034	80793848.000
05/11/2012	23.40	23.98	23.33	23.78	4953468	118230400.000
05/14/2012	24.03	24.36	23.64	24.08	11069066	268798816.000
05/15/2012	24.09	25.13	24.09	24.67	12810781	318481120.000
05/16/2012	24.71	25.00	24.38	24.46	7820105	194587792.000
05/17/2012	24.34	24.57	23.98	24.03	5263318	128964432.000
05/21/2012	23.78	23.87	23.31	23.52	4738502	112743744.000
05/22/2012	23.60	23.88	23.58	23.75	3276750	78454528.000
05/23/2012	23.71	23.81	22.90	23.23	4123080	96890072.000
05/24/2012	23.12	23.27	22.71	22.93	4598946	106428344.000
05/25/2012	22.96	23.08	22.49	22.63	3002213	68900120.000
05/28/2012	22.55	23.31	22.53	23.28	3951402	91564336.000
05/29/2012	23.41	23.68	23.04	23.48	6004416	141358032.000
05/30/2012	23.53	24.66	23.49	23.81	10208729	248261104.000
05/31/2012	23.68	24.12	23.39	23.83	5835174	140451056.000
06/01/2012	23.67	23.97	23.46	23.50	4720331	112588976.000
06/04/2012	23.27	23.73	23.05	23.12	5174409	122029784.000
06/05/2012	23.28	23.92	23.09	23.61	6032300	144001632.000
06/06/2012	23.67	23.95	23.38	23.50	3264816	77948288.000
06/07/2012	23.74	23.88	23.08	23.13	3638661	86010432.000
06/08/2012	23.21	23.43	23.02	23.06	2604432	60971720.000
06/11/2012	23.17	23.54	22.88	23.28	2742236	64246316.000
06/12/2012	23.28	23.73	23.17	23.67	3372124	79944032.000
06/13/2012	23.66	24.66	23.59	24.48	9947473	243625408.000
06/14/2012	24.36	24.66	24.08	24.08	6939221	170709696.000
06/15/2012	24.11	24.87	24.11	24.38	5987138	148190000.000
06/18/2012	24.47	24.71	24.01	24.23	3950040	96836496.000
06/19/2012	24.28	25.25	24.21	24.83	9479379	237978096.000
06/20/2012	24.98	24.98	24.11	24.30	4698010	115698504.000
06/21/2012	24.19	24.28	23.68	23.85	3326666	80108520.000
06/25/2012	23.83	24.23	23.61	23.65	3663313	88600080.000
06/26/2012	23.64	23.84	23.30	23.56	3443001	81968592.000
06/27/2012	23.42	23.87	23.42	23.66	3224676	77192704.000
06/28/2012	23.69	24.14	23.60	23.88	5074861	122407632.000
06/29/2012	23.93	24.37	23.48	24.36	5180832	125230056.000
07/02/2012	24.36	25.15	24.20	24.92	10762095	270566336.000
07/03/2012	24.92	25.43	24.60	24.74	8673360	218647040.000
07/04/2012	24.64	24.86	24.31	24.48	3495837	86396488.000
07/05/2012	24.38	24.46	24.11	24.33	3468559	85045936.000
07/06/2012	24.46	25.15	24.36	25.08	9525806	238860192.000
07/09/2012	25.08	25.93	24.88	25.50	12513494	322424448.000
07/10/2012	25.36	25.37	24.80	24.88	6107062	154243552.000
07/11/2012	24.86	25.49	24.49	25.49	5117827	128850336.000
07/12/2012	25.38	26.14	25.33	25.66	8545309	222767088.000
07/13/2012	25.68	25.98	25.05	25.35	6007669	153125136.000
07/16/2012	25.38	25.63	24.85	24.92	5977467	151419648.000
07/17/2012	24.85	25.60	24.62	25.60	4636890	117122424.000
07/18/2012	25.57	25.84	24.87	25.25	4587408	117018664.000
07/19/2012	25.24	25.78	24.95	25.37	4452004	114106552.000
07/20/2012	25.26	25.68	25.08	25.46	3445737	87959680.000
07/23/2012	25.34	26.06	25.17	25.83	6681037	173198960.000
07/24/2012	25.61	26.05	25.59	25.68	3979105	103002936.000
07/25/2012	25.75	26.14	25.61	25.86	4722364	123016432.000
07/26/2012	26.00	26.00	25.26	25.35	5489808	141106000.000
07/27/2012	24.93	25.19	24.27	24.39	8932255	221611040.000
07/30/2012	24.30	24.63	24.19	24.47	2295360	56346056.000
07/31/2012	24.58	24.58	23.85	24.26	3082468	74972832.000
08/01/2012	24.20	24.58	24.04	24.40	2445647	59930928.000
08/02/2012	24.40	24.77	24.28	24.65	3090454	76229224.000
08/03/2012	24.66	24.85	24.53	24.80	1826778	45363380.000
08/06/2012	24.80	25.13	24.64	24.93	3222182	80710736.000
08/07/2012	24.99	25.60	24.80	25.45	4566291	115549640.000
08/08/2012	25.48	25.65	25.12	25.29	2350575	59629756.000
08/09/2012	25.30	25.83	25.20	25.74	3996384	102795528.000
08/10/2012	25.73	26.80	25.58	26.80	10143087	267442048.000
08/13/2012	26.90	27.19	26.44	26.66	6878850	184690848.000
08/14/2012	26.66	27.38	26.10	26.61	11219753	301197376.000
08/15/2012	26.62	26.90	26.16	26.66	3915261	104474576.000
08/16/2012	26.44	26.80	25.74	26.01	4081659	107564632.000
08/17/2012	25.95	26.03	25.46	25.73	3582226	92572024.000
08/20/2012	25.55	25.80	25.10	25.40	4309488	109688456.000
08/21/2012	25.35	26.09	25.25	25.93	4637019	120250352.000
08/22/2012	26.30	26.60	25.88	26.17	6440050	169036976.000
08/23/2012	26.13	26.13	24.93	25.40	12176389	311041344.000
08/24/2012	25.20	25.43	25.03	25.12	3216066	81366488.000
08/27/2012	25.11	25.55	24.75	25.27	3848566	97677976.000
08/28/2012	24.95	25.70	24.95	25.40	2468997	63056656.000
08/29/2012	25.32	25.76	25.20	25.31	2600000	66611288.000
08/30/2012	25.21	25.75	24.38	24.71	4200398	105545048.000
08/31/2012	24.58	24.94	24.55	24.74	2194563	54617660.000
09/03/2012	24.70	25.71	24.60	25.47	3426593	87071280.000
09/04/2012	25.40	25.70	25.30	25.48	2032195	51952948.000
09/05/2012	25.49	25.70	25.38	25.47	1696047	43502368.000
09/06/2012	25.47	26.19	25.47	26.06	6616342	172782208.000
09/07/2012	26.11	26.87	25.79	26.18	11380139	299408256.000
09/10/2012	26.15	26.18	25.80	25.94	5090996	132557216.000
09/11/2012	25.94	26.45	25.70	26.19	6045938	158940880.000
09/12/2012	26.37	26.49	25.91	26.15	3630528	95188312.000
09/13/2012	26.13	26.28	25.80	25.80	3143805	81972816.000
09/14/2012	25.84	26.00	25.65	25.74	2361898	61234456.000
09/17/2012	25.77	25.97	25.44	25.48	2770261	71513376.000
09/18/2012	25.60	26.22	25.48	25.97	5759992	150259680.000
09/19/2012	25.97	26.50	25.97	26.36	6800343	179466720.000
09/20/2012	26.28	26.50	25.48	25.48	3888072	101302248.000
09/21/2012	25.46	25.48	24.83	25.04	4510359	113362232.000
09/24/2012	25.02	25.40	24.68	25.22	2610854	65648768.000
09/25/2012	25.22	25.50	25.03	25.04	1855125	47017632.000
09/26/2012	24.97	25.28	24.57	24.76	2451544	61176600.000
09/27/2012	24.97	25.78	24.91	25.42	3228946	82268344.000
09/28/2012	25.36	25.87	25.27	25.86	3598081	92719024.000
10/08/2012	26.07	26.07	25.56	25.68	1876674	48408508.000
10/09/2012	25.67	26.06	25.67	25.88	4673255	121415824.000
10/10/2012	25.88	25.88	25.00	25.31	6233224	158478176.000
10/11/2012	25.20	25.53	25.07	25.21	3081537	78365520.000
10/12/2012	25.21	25.50	24.85	25.11	3611745	90978944.000
10/15/2012	25.15	25.37	24.87	25.21	2362630	59569544.000
10/16/2012	25.20	25.48	25.06	25.28	3345799	85145848.000
10/17/2012	25.35	25.43	25.18	25.23	1859341	47231220.000
10/18/2012	25.24	25.54	25.24	25.47	3120078	79603944.000
10/19/2012	25.47	25.58	24.88	24.98	3064310	77561368.000
10/22/2012	24.90	25.05	24.65	24.80	4813109	119794376.000
10/23/2012	24.79	24.80	24.40	24.44	6563057	161977888.000
10/24/2012	24.34	24.34	23.75	23.93	6164260	148266224.000
10/25/2012	23.99	24.28	23.75	23.86	4957811	119579152.000
10/26/2012	23.81	23.99	23.12	23.39	3702146	87375336.000
10/29/2012	23.25	23.60	23.15	23.55	2591933	61006180.000
10/30/2012	23.62	23.79	23.36	23.39	1873415	44322672.000
10/31/2012	23.30	23.68	22.89	23.17	3620470	84399112.000
11/01/2012	23.17	23.56	23.13	23.48	2834359	66518200.000
11/02/2012	23.46	23.76	23.46	23.66	2034697	48343996.000
11/05/2012	23.65	23.86	23.50	23.54	1372291	32571798.000
11/06/2012	23.55	23.70	22.96	23.20	2203076	51539280.000
11/07/2012	23.20	23.25	22.92	23.10	2453315	56966240.000
11/08/2012	22.95	22.95	22.21	22.35	3736726	84787856.000
11/09/2012	22.43	22.82	22.18	22.35	2563681	57918996.000
11/12/2012	22.30	22.48	21.58	21.73	4504612	99036360.000
11/13/2012	21.74	21.78	21.29	21.55	3542977	76399760.000
11/14/2012	21.62	22.14	21.45	22.13	3167326	69560216.000
11/15/2012	22.04	22.24	21.77	21.77	1921142	42393648.000
11/16/2012	21.62	21.74	21.43	21.57	1372958	29745808.000
11/19/2012	21.61	22.16	21.61	22.10	3302499	72882624.000
11/20/2012	22.09	22.75	22.09	22.35	5231921	117815560.000
11/21/2012	22.40	22.72	22.13	22.55	2990825	67429568.000
11/22/2012	22.41	22.55	22.15	22.39	1594361	35797428.000
11/23/2012	22.49	22.58	22.16	22.18	1185307	26512392.000
11/26/2012	22.18	22.19	21.31	21.37	3223170	69846520.000
11/27/2012	21.39	21.46	21.21	21.24	2290659	49153640.000
11/28/2012	21.22	21.22	19.90	20.18	4362075	89381872.000
11/29/2012	20.18	20.35	19.06	19.17	4827828	94785728.000
11/30/2012	19.21	19.33	18.88	19.30	3452422	66550508.000
12/03/2012	19.32	19.40	18.20	18.27	3218528	60762224.000
12/04/2012	18.27	18.48	17.88	18.29	4093923	75135024.000
12/05/2012	18.18	19.00	18.18	18.90	8386678	157850320.000
12/06/2012	18.93	18.99	18.56	18.57	3190738	60100644.000
12/07/2012	18.62	19.13	18.42	19.06	4641948	87847728.000
12/10/2012	18.98	19.48	18.83	19.45	4845390	93766544.000
12/11/2012	19.39	19.40	19.10	19.14	4126523	79709688.000
12/12/2012	19.09	19.30	18.75	18.95	3549088	67801456.000
12/13/2012	18.90	19.15	18.78	19.00	2885654	55048788.000
12/14/2012	18.98	19.89	18.91	19.86	8066966	158014176.000
12/17/2012	19.75	19.85	19.30	19.53	9236421	181023392.000
12/18/2012	19.50	19.83	19.43	19.50	6102336	120472560.000
12/19/2012	19.60	19.85	19.51	19.66	4093293	81118552.000
12/20/2012	19.67	19.67	19.11	19.35	4796292	93333024.000
12/21/2012	19.34	19.73	19.21	19.54	4560950	89254944.000
12/24/2012	19.59	20.10	19.58	19.98	6242904	125071392.000
12/25/2012	19.96	20.64	19.90	20.50	7109210	145545792.000
12/26/2012	20.51	20.52	20.24	20.52	4411777	90387440.000
12/27/2012	20.63	21.05	20.40	20.45	7544303	157020000.000
12/28/2012	20.75	21.08	20.60	20.84	5125734	107215400.000
12/31/2012	21.04	21.19	20.71	20.94	5337866	111961280.000
01/04/2013	21.22	21.22	20.34	20.45	4636098	96160984.000
01/07/2013	21.55	22.51	21.55	22.51	19659749	436228288.000
01/08/2013	23.08	24.16	22.77	23.20	25800701	607640128.000
01/09/2013	23.20	23.27	22.23	22.57	15122424	344393920.000
01/10/2013	22.45	23.05	22.30	22.94	9523527	216946096.000
01/11/2013	23.15	23.24	22.23	22.49	8982658	205989744.000
01/14/2013	23.45	24.75	23.45	24.75	20308616	493715904.000
01/15/2013	24.89	26.10	24.18	24.76	27253976	688488896.000
01/16/2013	24.59	24.59	23.91	24.35	11605104	282284384.000
01/17/2013	24.35	24.40	23.48	23.72	8272057	198201312.000
01/18/2013	23.85	24.53	23.65	24.19	6407967	155205472.000
01/21/2013	24.18	24.20	23.60	23.85	5565783	133135608.000
01/22/2013	23.86	23.96	22.70	22.83	7685151	178806352.000
01/23/2013	22.81	23.05	22.55	23.00	5183648	118781360.000
01/24/2013	23.05	23.46	22.67	22.81	6786269	156973792.000
01/25/2013	22.81	24.07	22.61	23.79	11175167	264372240.000
01/28/2013	23.82	24.54	23.82	24.27	9509253	231672016.000
01/29/2013	24.40	24.40	24.02	24.21	6145842	149150640.000
01/30/2013	24.25	24.80	23.90	24.40	9259827	227175312.000
01/31/2013	24.44	24.58	23.75	23.88	5440409	131123232.000
02/01/2013	23.83	24.52	23.76	24.01	4631807	112424408.000
02/04/2013	24.01	24.18	23.16	23.36	5113733	121086736.000
02/05/2013	23.22	23.56	23.07	23.38	4270540	100143904.000
02/06/2013	23.39	24.09	23.16	23.50	6233404	148436048.000
02/07/2013	23.70	24.07	23.70	24.01	5707357	137119136.000
02/08/2013	24.08	24.55	24.08	24.38	7113382	174197184.000
02/18/2013	24.63	25.25	24.63	25.10	11811415	295712992.000
02/19/2013	24.99	25.30	24.50	24.50	7177977	179470080.000
02/20/2013	24.48	26.09	24.47	26.04	12631256	325309056.000
02/21/2013	26.02	26.02	25.35	25.83	8751622	226002592.000
02/22/2013	25.80	26.41	25.27	25.28	7049009	182718416.000
02/25/2013	25.11	25.45	24.80	25.30	3789955	95664368.000
02/26/2013	25.28	25.71	24.81	24.88	5112838	129822048.000
02/27/2013	24.95	25.22	23.88	24.05	6116185	149695568.000
02/28/2013	24.16	24.55	23.70	24.50	6715788	162769792.000
03/01/2013	24.51	25.08	24.50	24.92	4989752	124426088.000
03/04/2013	24.90	25.90	24.46	25.17	8732221	221740272.000
03/05/2013	25.23	26.10	25.23	26.05	10196555	263577104.000
03/06/2013	26.62	26.78	26.06	26.35	9164812	243036832.000
03/07/2013	26.13	26.29	25.16	25.37	9162210	235972752.000
03/08/2013	25.44	25.65	24.86	25.19	4156062	105619848.000
03/11/2013	24.97	25.91	24.91	25.68	4207061	108208272.000
03/12/2013	25.68	25.85	23.68	24.40	6477788	159536272.000
03/13/2013	24.40	24.75	24.15	24.59	4898528	120401720.000
03/14/2013	24.59	24.80	24.05	24.34	4316446	105461752.000
03/15/2013	24.34	24.63	24.06	24.20	6987348	170737696.000
03/18/2013	24.21	24.45	23.34	23.45	6124937	145760592.000
03/19/2013	23.47	23.75	23.01	23.65	3328678	78288264.000
03/20/2013	23.70	24.17	23.60	24.10	5320784	127614208.000
03/21/2013	24.02	24.55	24.02	24.53	5671968	138117392.000
03/22/2013	24.49	24.50	24.09	24.40	2899619	70843584.000
03/25/2013	24.40	24.62	24.05	24.42	4780857	116382168.000
03/26/2013	24.30	24.30	23.41	23.95	5005084	119702992.000
03/27/2013	23.95	24.29	23.82	24.22	3670090	88857296.000
03/28/2013	24.18	24.77	23.60	24.59	6252550	153434048.000
03/29/2013	24.43	25.25	24.25	24.34	4882926	121362904.000
04/01/2013	25.90	26.14	24.41	25.10	15418286	391781248.000
04/02/2013	25.12	25.46	24.27	24.46	10194620	252620256.000
04/03/2013	25.70	26.92	25.61	26.05	29275001	766411008.000
04/08/2013	26.78	26.91	25.50	25.75	22922910	603969280.000
04/09/2013	25.69	25.69	24.30	24.42	13000687	321231712.000
04/10/2013	24.25	24.30	23.35	23.99	11627322	277714688.000
04/11/2013	23.95	24.15	23.40	23.85	11375317	270915360.000
04/12/2013	23.72	23.80	23.25	23.25	7200625	169627968.000
04/15/2013	23.81	24.05	23.41	23.49	7604455	181610784.000
04/16/2013	23.01	23.24	22.52	23.05	5204628	119479728.000
04/17/2013	23.18	23.70	23.05	23.55	4285575	100636456.000
04/18/2013	23.50	23.82	23.21	23.50	4672368	110458888.000
04/19/2013	23.50	23.75	23.43	23.71	6728757	159482000.000
04/22/2013	24.33	24.45	23.95	24.04	6865504	166571040.000
04/23/2013	24.22	24.25	23.17	23.28	4930073	116116536.000
04/24/2013	23.50	23.59	22.91	23.22	4830359	112590704.000
04/25/2013	23.66	24.14	23.51	23.65	8625717	206614000.000
04/26/2013	23.55	24.14	23.54	23.75	5224977	125464624.000
05/02/2013	23.67	24.29	23.45	24.15	4383516	105443488.000
05/03/2013	24.29	25.08	24.29	24.77	7220564	179154768.000
05/06/2013	25.20	25.41	24.78	24.95	6203895	156234400.000
05/07/2013	24.88	24.92	24.44	24.70	4883883	121046784.000
05/08/2013	24.89	24.97	24.50	24.88	3668782	91142840.000
05/09/2013	24.88	24.95	24.30	24.30	4377494	107810688.000
05/10/2013	24.40	24.94	24.25	24.79	5292197	130777776.000
05/13/2013	24.88	25.15	24.50	25.14	5352676	133591296.000
05/14/2013	25.09	25.09	24.50	24.80	3663668	91259280.000
05/15/2013	24.80	25.29	24.71	25.25	3856174	97205968.000
05/16/2013	25.28	25.35	24.87	25.04	6779208	170699440.000
05/17/2013	25.12	25.28	24.90	25.10	5656146	142429248.000
05/20/2013	25.12	25.15	24.36	24.71	7602558	187833888.000
05/21/2013	24.50	24.69	24.38	24.63	6623011	162966512.000
05/22/2013	24.59	24.75	24.24	24.43	5428277	133754680.000
05/29/2013	25.20	25.40	24.67	24.82	15891986	397879936.000
05/30/2013	24.80	25.06	24.55	24.90	8841936	220573552.000
05/31/2013	24.85	26.13	24.85	25.78	14349456	369324928.000
06/03/2013	25.93	26.45	25.50	25.90	9585184	249453328.000
06/04/2013	25.71	25.85	24.85	25.33	5937241	150613888.000
06/05/2013	25.25	25.55	25.05	25.20	4243119	107603040.000
06/06/2013	25.03	26.20	24.92	25.70	10025618	259139792.000
06/07/2013	25.71	26.05	25.32	25.58	7939983	204062400.000
06/13/2013	25.30	25.30	23.10	24.40	7105385	172776688.000
06/14/2013	24.20	24.71	24.15	24.35	4073858	100219072.000
06/17/2013	24.40	24.57	23.70	24.16	6629741	159437680.000
06/18/2013	24.19	24.75	23.81	24.70	4683261	115091080.000
06/19/2013	24.41	25.52	23.80	25.25	6426061	159556336.000
06/20/2013	25.02	25.48	24.22	24.48	4657557	116864136.000
06/21/2013	24.19	25.10	23.87	24.46	4003435	98700592.000
06/24/2013	24.70	24.70	22.30	22.90	6696518	156807952.000
06/25/2013	22.78	23.27	20.81	23.01	7127957	158895376.000
06/26/2013	23.12	23.54	22.70	23.40	4497689	104209760.000
06/27/2013	23.40	23.97	22.80	22.89	3995237	93878112.000
06/28/2013	22.48	23.18	22.31	22.58	4040796	91538144.000
07/01/2013	22.30	22.83	21.85	22.75	5185882	115866392.000
07/02/2013	22.74	23.48	22.65	23.32	4300500	99049216.000
07/03/2013	23.29	23.94	23.11	23.70	5461328	129277936.000
07/04/2013	23.60	23.87	23.25	23.70	3400560	80015152.000
07/05/2013	23.75	23.78	23.35	23.52	3126740	73549664.000
07/08/2013	23.35	23.35	22.65	23.00	3036928	70027000.000
07/09/2013	23.00	23.16	22.73	22.81	2770875	63578672.000
07/10/2013	22.81	23.44	22.80	23.39	2194932	50830808.000
07/11/2013	23.50	24.20	23.44	23.99	4711818	112721064.000
07/12/2013	23.90	24.17	23.69	23.88	4075576	97671888.000
数据来源:通达信
